
Last position-specific scoring matrix computed, weighted observed percentages rounded down, information per position, and relative weight of gapless real matches to pseudocounts
            A   R   N   D   C   Q   E   G   H   I   L   K   M   F   P   S   T   W   Y   V   A   R   N   D   C   Q   E   G   H   I   L   K   M   F   P   S   T   W   Y   V
    1 M    -1  -2  -3  -3  -1  -1  -2  -3  -2   2   2  -2   5   0  -3  -2  -1  -2  -1   2    0   0   0   0   0   0   0   0   0   0   0   0  66   0   0   0   0   0   0  34  0.34 0.02
    2 G     2  -3  -1  -2  -2  -2  -2   5  -2  -3  -3  -2  -3  -3  -2   0  -2  -3  -3  -3   26   0   0   0   0   0   0  74   0   0   0   0   0   0   0   0   0   0   0   0  0.86 0.07
    3 A     3  -2  -1  -2  -1  -1  -1   1  -2  -2   0  -1  -1  -2  -2   2   0  -3  -2  -1   52   0   0   0   0   0   0   8   0   0  14   0   0   0   0  27   0   0   0   0  0.33 0.08
    4 G     0  -2   1  -2  -3   1  -2   5  -2  -4  -4  -2  -3  -4  -3   0   0  -3  -3  -3    6   0   6   0   0   9   0  66   0   0   0   0   0   0   0   6   6   0   0   0  0.77 0.12
    5 V     2  -3  -2  -3  -2  -2  -3   0  -3   2   2  -2   0  -1  -3   0   0  -3  -2   1   22   0   0   0   0   0   0   6   0  19  34   0   0   0   0   9   5   0   0   5  0.22 0.09
    6 L    -2  -3  -3  -4  -2  -3  -3   0  -3   2   3  -3   3   3  -4  -1  -2  -2  -1   2    0   0   0   0   0   0   0   9   0   9  31   0  15  16   0   4   0   0   0  16  0.34 0.12
    7 A     1  -2   0  -2   1  -1   0  -1   0  -1   1   0  -1  -2  -2   1   0   3  -2   0   15   0   6   0   3   0   9   3   3   0  20   6   0   0   0  16   6   5   0   9  0.11 0.09
    8 L    -1  -3  -3  -4  -3  -3  -3  -4  -4   1   5  -3   2  -1  -1   1   0  -3  -3  -1    2   0   0   0   0   0   0   0   0   6  65   0   5   0   2  14   6   0   0   0  0.60 0.24
    9 G     1  -2   3   2  -3   1   0   3  -2  -4  -4  -2  -3  -4  -3   0   0  -4  -3  -2   10   0  20  10   0   9   5  31   0   0   0   0   0   0   0   5   7   0   0   3  0.45 0.17
   10 A     1  -2  -1  -1  -2  -1   0  -1   0   0   1  -2  -1  -1  -2   2   1  -3  -2   1   16   0   3   2   0   0   7   2   3   5  15   0   0   2   0  22   8   0   0  15  0.13 0.11
   11 S     0  -2   1   0  -3  -2  -1   0  -2  -3  -2  -2   0  -3  -3   4   3  -4  -1  -1    4   0   7   4   0   0   2   8   0   0   4   0   2   0   0  42  21   0   3   3  0.42 0.22
   12 E     0   0   0  -1  -3   1   2  -2   2   0  -1  -1   1  -2  -1   2   0  -3   1  -1    3   5   2   2   0   6  15   0   7   6   6   0   4   0   2  26   3   0   6   4  0.16 0.12
   13 P    -1  -2  -2   1  -3  -1   0   1  -3  -2   0  -1  -2  -3   5   1   0  -4  -1  -2    3   0   0   8   0   2   4  11   0   0  13   2   0   0  35  10   5   0   2   2  0.53 0.17
   14 C    -1  -1  -1  -1   2  -1   0   0  -2   1   1  -2   2   0   0   0   0  -3  -2   1    2   2   2   2   5   2  10   8   0   9  16   0   9   4   4   7   4   0   0  13  0.06 0.06
   15 N    -2  -1   4   3  -4   0   1  -1   0  -3  -4  -1  -3  -1   2   0   1  -4  -1  -2    0   2  31  18   0   2   8   4   2   0   0   2   0   3  11   6   9   0   2   2  0.46 0.19
   16 L    -1  -3  -3  -2  -2  -2  -2   1  -3   1   3  -3   2   1  -1  -1   0  -3   0   1    2   0   0   2   0   2   2  12   0   6  37   0   6   4   3   4   5   0   3  12  0.23 0.14
   17 S     1  -1   2   1  -3   0  -1  -2   2  -2  -3  -2  -3  -4   1   3   3  -4  -3  -2   10   3  10   7   0   4   1   0   5   2   1   0   0   0   7  23  25   0   0   1  0.38 0.21
   18 S     0  -2   0   0  -3   1   1  -2   1  -1  -1  -1  -2  -2   1   3   3  -4  -1  -1    6   0   4   6   0   6   7   0   4   3   5   1   0   1   6  25  22   0   1   4  0.26 0.18
   19 T     2  -2   0   1  -1  -2   0  -2  -1   0   0  -2  -1  -3  -1   2   1  -4  -3   1   21   0   3   8   1   0   6   1   1   3   9   0   1   0   3  21   8   0   0  12  0.19 0.15
   20 A     2  -2  -1   1  -2   0   1   0   1  -2  -1  -1  -2  -2   2   2   0  -1  -2   0   18   1   1   7   0   3  10   6   4   0   4   0   0   1   9  20   6   1   1   8  0.18 0.13
   21 P     0   0  -1  -1  -3  -2   0   1   1  -3  -2  -2  -2  -3   5   0   1  -4  -2  -2    6   5   2   3   0   0   6  10   4   1   4   0   1   1  35   8   9   0   1   2  0.56 0.22
   22 L    -1  -2  -2  -3   0  -2  -3   0  -1   0   3  -3   0   1   1   0   0   4   1   0    3   1   2   0   2   1   1   7   2   4  34   0   2   5   7   6   6   8   4   6  0.22 0.14
   23 P     0   0   0  -2  -4  -3  -2   0  -2  -4   0  -2  -3  -3   7   0  -1  -5  -3  -4    7   5   6   2   0   0   1   6   1   0  10   1   0   1  50   5   4   0   1   0  0.99 0.34
   24 D    -1  -1   2   4  -3   0   1   0   2  -3  -3  -2  -1  -2   2   1  -1   2  -3  -2    5   2   8  24   0   4   9   8   6   0   2   0   2   1   9  10   4   3   0   4  0.30 0.17
   25 G     1  -1   0  -1  -2  -2  -2   4  -2  -3  -1  -2  -2  -3  -3   2  -1  -4  -2  -2   11   4   5   3   1   1   1  41   1   0   6   1   1   1   0  15   4   0   2   3  0.49 0.25
   26 A     0  -3   3   1  -2  -2  -1   0  -2  -2  -1  -2   0  -2   0   2   2  -2  -2  -1    9   0  20   6   1   0   3   7   1   1   5   1   4   1   4  16  15   1   1   5  0.23 0.18
   27 A     1  -1   1   0   0  -1  -1   0  -1   0   0  -1  -1  -1   0   2   1  -3  -1   0   13   2   6   6   2   1   1   7   1   7   9   1   0   3   5  19   9   0   1   6  0.09 0.10
   28 T     0  -2   3  -1  -2  -2  -1  -3   2  -2  -1  -2  -2  -2  -3   3   4   0  -2  -1    5   2  15   2   0   0   3   1   6   1   5   1   1   2   0  23  27   1   1   4  0.43 0.28
   29 A     2   0   1   0  -3   0   0   0   1  -1  -2  -1   0  -3   0   2   0  -4  -1  -1   21   6   8   4   0   4   4   5   3   4   3   1   3   0   4  21   4   0   2   3  0.18 0.16
   30 A     2  -1   0   0  -2  -1   0   1  -1  -3  -2  -1   1  -1  -1   2   0   4  -1  -2   18   3   3   6   1   2   6  10   1   1   2   1   4   3   2  23   5   6   2   2  0.22 0.18
   31 R     0  -1   3   1  -1  -1   0   1   0  -2  -2  -2  -3  -1  -2   1   3  -2  -2  -2    6   4  16   8   1   1   5  10   2   2   4   1   0   3   2  10  24   0   1   2  0.24 0.19
   32 L     0  -2  -1  -1  -1  -1  -1  -1  -1   0   2  -2   1   1  -1   1   0   4   0   0    9   1   2   3   1   3   4   4   1   2  24   1   5   5   3  10   6   6   3   6  0.10 0.11
   33 L     0  -1   1  -1  -2   0   0   0  -1   0   2  -2   0   1  -1   0   1  -3   0  -1    6   2   8   3   0   4   5   6   2   6  27   1   2   7   3   5   8   0   2   2  0.07 0.10
   34 V     0  -1   1   0  -2   0   0   0  -1   0   0  -1   0  -1   1   0   1   0   0   1    9   3   7   5   0   4   5   5   0   5  12   1   2   2   6   8  11   1   3  11  0.04 0.06
   35 P    -2  -3   4   0  -2  -1   0  -2  -3  -3  -1  -2  -2  -3   4   1   2  -2  -3  -2    2   0  24   5   1   2   6   2   0   1   6   1   1   1  21   8  16   1   0   2  0.53 0.30
   36 A     1   0   1   0   1  -1  -1   1   1  -2  -1  -1   0  -2  -2   2   1   3  -2  -1   16   4   7   6   3   2   2  10   3   2   5   1   3   1   0  17  10   5   1   3  0.15 0.14
   37 S     0  -2   2  -2  -4   0  -1  -1  -1  -4  -3  -2  -3  -3   2   4   3   0  -1  -2    6   1   9   2   0   4   4   3   1   0   2   1   0   1   9  35  17   1   2   1  0.49 0.31
   38 P     0  -3   2   0  -2  -2  -1   0  -1  -2  -1  -1  -2  -2   4   1   2  -2  -3  -2    7   0  12   6   1   1   2   7   2   1   6   2   1   2  22  11  15   1   0   2  0.37 0.22
   39 P     1  -2   3   0   3  -2   0  -1  -2  -2  -2  -2  -2  -1   3   2   0  -4  -3  -2   12   1  15   4   8   0   7   4   1   1   4   0   0   2  13  19   4   0   1   3  0.31 0.22
   40 A     2  -3   1  -1  -2  -1  -1   0  -1  -1  -1  -2  -1  -1   1   2   1  -3   1   0   20   0   6   3   0   1   2   5   1   3   4   0   1   3   8  20   8   0   5   8  0.19 0.18
   41 S     0  -3   2   0  -1   1   0   0  -2  -3  -1  -2  -2  -3   0   3   2  -4  -3  -1    5   0  10   4   1   5   4   6   0   0   5   1   1   1   4  30  16   0   1   4  0.32 0.25
   42 L     0  -1   0   0  -1  -1  -1  -1   0   0   1  -1   0   0   0   0   1   1  -1   1    6   2   5   5   1   3   3   3   3   6  19   2   1   5   3   6  11   2   1  13  0.04 0.06
   43 L     0  -1   0  -1   1   0  -1  -1  -1   0   1  -1   1  -1  -1   0   2   0  -1   0    9   2   6   4   4   4   4   3   1   3  16   1   5   2   2   6  17   2   2   8  0.07 0.10
   44 P     0  -3   3   0  -1  -2  -1   1  -2  -3  -3  -2  -3  -2   5   0   1  -2   0  -3    9   1  15   6   1   1   4  10   0   1   2   1   0   2  27   8   7   1   3   1  0.49 0.26
   45 P     0  -2   2   1  -3  -1   0   1  -2  -1  -3  -2  -2  -2   4   1   0  -3   0  -1    7   2  13   8   0   1   6   9   1   3   2   1   1   2  22  11   4   0   3   4  0.33 0.20
   46 T     0  -1   2   0   1  -1   0   0  -2  -1  -2  -1  -2   0   0   2   2   0  -2  -1    5   2  11   6   4   2   7   7   0   3   4   1   1   4   4  15  16   2   1   4  0.13 0.14
   47 S     1  -1   1   0   0   0   0   0   0  -1  -1  -1   0  -1   0   2   1   0   0  -1   10   2   8   5   2   3   5   5   2   3   4   1   3   2   5  23  10   1   3   4  0.12 0.13
   48 E     0   0   1   2   1   0   2   0  -1  -2  -2  -1  -2  -2   1   1   1  -1  -2  -1    9   4   8  11   3   3  14   5   1   1   4   0   1   2   6  10  11   1   1   3  0.15 0.13
   49 G     0  -1   1   1  -1  -1   0   2   1  -2  -2  -1  -1  -1   0   1   1   0   1  -1    6   3   7  11   2   1   6  14   5   2   3   1   2   2   4  13   9   2   5   3  0.12 0.11
   50 S     1  -1  -1   0  -2   0   0   0  -2  -2  -1  -1  -1  -3   2   2   2  -1  -1  -1    9   3   2   6   0   3   7   7   1   2   6   1   1   1  11  20  12   1   2   5  0.17 0.15
   51 E     0  -1   0   1  -2   0   2   0   1  -1  -1  -1  -2  -1   2   1   0  -2  -1  -1    5   3   3   9   0   3  15   6   5   4   5   1   0   2  12  12   7   1   2   5  0.15 0.12
   52 P     0  -1  -1   0  -1   0   0  -1  -2  -2  -1  -1  -1  -2   5   0   0   1  -2  -1    8   4   2   5   1   3   7   4   1   2   7   2   1   1  33   6   5   2   1   4  0.46 0.24
   53 L    -1   0  -3  -2  -2  -1  -2  -2  -1   0   2  -1   0   2  -2  -1  -1   1   4   1    5   7   1   2   0   2   2   2   1   4  20   3   2   8   2   5   3   2  20  10  0.23 0.18
   54 S    -1  -1   1   1  -1  -1   0   0   2  -3  -2  -1  -2  -3   1   4   1  -2  -3  -2    3   3   5   8   1   1   6   5   5   1   5   2   1   1   8  34   8   0   0   2  0.32 0.25
   55 P    -1  -1  -2  -2  -3   0  -2  -3  -1   0   2  -1   0  -1   4  -1   0   0   0   1    3   4   1   2   0   5   2   1   1   4  20   2   2   2  24   5   6   1   3  11  0.31 0.20
   56 Q     1   0  -1  -1  -3   1   1  -1  -1  -1   0  -1  -1  -1   2   0   0   3  -1   0   13   5   3   3   0   8   8   5   1   3   9   1   1   2  10   6   7   5   1   9  0.11 0.11
   57 W     0   1  -2  -2  -3   1   0  -1   1   0   0  -1  -1   1  -1  -1   0   6   0   1    6   7   0   1   0   7   8   4   4   4   8   3   1   6   2   5   5  13   3  14  0.21 0.17
   58 T     1   1   0  -1  -2   0  -1  -2  -1   0   0   0   0  -2  -1   1   2  -2  -2   1   11   9   4   2   1   4   3   2   1   6   9   6   2   1   2   8  15   1   0  12  0.09 0.11
   59 A     1  -4  -4  -4   0  -3  -4  -3  -3   4   1  -3   0  -2  -3  -2  -1   1  -2   4   14   0   1   0   1   1   0   1   1  28  12   1   1   1   1   3   3   2   1  27  0.52 0.30
   60 G     1  -3  -4  -4  -1  -3  -3  -1  -4   2   2  -3   0   1   0  -1   0   1  -1   2   15   1   0   0   1   0   0   5   0  14  25   0   1   6   4   3   7   2   1  14  0.28 0.21
   61 M    -1  -3  -4  -4  -1  -1  -3  -3  -3   3   3  -1   2   0  -3  -1   1   0   0   2    5   1   0   0   1   2   1   1   0  20  27   5   4   3   1   3   9   1   3  13  0.33 0.22
   62 G     3  -4  -3  -4   1  -3  -3   3  -4   0  -1  -3  -2  -2  -3   1   1  -3   1  -1   25   0   0   0   3   0   1  26   0   5   7   0   1   1   0  13   7   0   6   4  0.41 0.29
   63 L     1  -4  -4  -5   1  -4  -4  -2  -4   3   2  -4   1   2  -3  -1   1  -2  -1   3   10   0   0   0   3   0   0   3   0  17  21   0   2   8   1   4   8   0   1  21  0.38 0.25
   64 L     0  -5  -5  -5   0  -4  -5  -4  -5   3   2  -4   1   3  -2  -2  -1  -4  -2   3    9   0   0   0   2   0   0   1   0  15  23   0   2  16   2   2   3   0   0  23  0.54 0.30
   65 M    -2  -5  -5  -6  -1  -4  -2  -4  -3   1   5  -4   4   1  -4  -4  -2  -4   1   0    3   0   0   0   1   0   3   1   0   7  54   0  12   6   1   1   2   0   4   5  0.83 0.42
   66 V     1  -4  -3  -4   3  -3  -4   2  -4   2   0  -3  -1   0  -3   2   1  -2  -2   1   11   0   0   0   6   0   0  17   0  11   8   0   1   3   0  20   8   1   1  13  0.31 0.25
   67 L     0  -4  -4  -5   1  -4  -5  -3  -5   3   3  -4   1   2  -3  -1   0  -3  -3   2   10   0   0   0   2   0   0   1   0  17  31   0   2  10   1   5   5   0   0  14  0.49 0.29
   68 I    -2  -5  -6  -6  -2  -5  -5  -4  -5   5   3  -5   3   2  -5  -4  -2  -5  -3   3    4   0   0   0   1   0   0   1   0  39  23   0   6   7   0   1   2   0   0  16  0.91 0.42
   69 V     1  -5  -3  -4   1  -5  -5  -5  -5   6  -1  -5   3  -1  -2   0   0  -5  -4   1   10   0   1   1   3   0   0   0   0  49   2   0   7   2   2   7   6   0   0   8  0.83 0.43
   70 L     0  -5  -5  -6   0  -5  -5  -4  -5   3   4  -5   1   2  -5  -3  -1  -3  -3   3    7   0   0   0   1   0   0   1   0  16  38   0   2   8   0   2   3   0   0  22  0.71 0.36
   71 L     2  -4  -4  -5   1  -4  -4  -1  -4   2   2  -4   3   2  -3  -1   0   0  -3   3   17   0   0   0   3   0   0   5   0   9  20   0   7   8   0   5   4   1   0  19  0.36 0.26
   72 I     2  -5  -4  -5  -3  -5  -5  -2  -6   1  -4  -5  -3  -6  -5   1   7  -6  -5  -1   18   0   0   0   0   0   0   3   0   8   0   0   0   0   0   7  60   0   0   3  1.32 0.66
   73 V    -2  -6  -6  -6  -2  -5  -6  -5  -6   5   1  -6   0   0  -6  -5  -1  -6  -4   5    3   0   0   0   1   0   0   1   0  33  13   0   2   4   0   0   3   0   0  40  1.10 0.50
   74 A     1  -5  -5  -5   2  -5  -5  -1  -5   2   2  -5  -1   4  -5  -3  -1  -4  -2   3   12   0   0   0   4   0   0   6   0  12  20   0   1  21   0   1   3   0   0  19  0.56 0.33
   75 G    -2  -7  -5  -5  -7  -6  -6   7  -6  -7  -8  -6  -4  -6  -7  -2  -6  -1  -7  -7    2   0   0   0   0   0   0  93   0   0   0   0   1   0   0   2   0   1   0   0  2.48 0.90
   76 N    -7  -6   9  -4  -8  -4  -5  -6  -5  -9  -9  -5  -7  -8  -7  -4  -3  -9  -7  -8    0   0  98   0   0   0   0   0   0   0   0   0   0   0   0   0   1   0   0   0  3.27 1.17
   77 V     1  -4  -4  -5   0  -4  -4  -1  -5   3   2  -4   1   0  -4   1   1  -3  -3   3   11   0   0   0   2   0   0   4   0  15  23   0   3   3   0  11   8   0   0  18  0.40 0.28
   78 L    -4  -6  -7  -8  -2  -6  -7  -8  -7  -1   6  -6   2   2  -7  -6  -4  -5  -4   0    1   0   0   0   1   0   0   0   0   2  77   0   5   8   0   0   0   0   0   5  1.61 0.68
   79 V    -5  -7  -8  -8  -5  -7  -7  -7  -8   1  -2  -7  -3  -5  -7  -6  -3  -8  -6   8    0   0   0   0   0   0   0   0   0   6   2   0   0   0   0   0   1   0   0  91  2.37 0.92
   80 I    -4  -7  -6  -7   7  -6  -7  -7  -7   6   1  -6   2   0  -7  -5  -4  -6  -5   2    0   0   0   0  19   0   0   0   0  48  13   0   4   3   0   0   0   0   0  12  1.47 0.62
   81 V     2  -4  -5  -6  -1  -4  -5  -5  -2   3   3  -5   1  -1  -5  -3  -1  -1  -1   3   15   0   0   0   1   0   0   0   1  19  31   0   4   2   0   1   4   1   2  18  0.62 0.35
   82 A     6  -5  -5  -5   0  -5  -5  -4  -5  -3  -3  -5  -5  -3  -5   3   0  -6  -5   0   61   0   0   0   2   0   0   0   0   1   2   0   0   1   0  22   5   0   0   6  1.24 0.65
   83 I    -4  -6  -7  -7  -4  -6  -7  -7  -7   5  -1  -4  -2   3  -4  -6  -4  -6  -2   6    0   0   0   0   0   0   0   0   0  29   3   1   0  11   1   0   0   0   1  52  1.46 0.64
   84 A     1  -1  -3  -4   4  -3  -4  -2  -2   2   1  -2   1   2  -4   0  -1   1   2   1   15   3   0   0   9   1   0   3   1  11  16   1   3   9   0   6   3   2   9   9  0.28 0.22
   85 K    -2   4  -2  -4   1  -2  -3  -4   2  -1   2   1   0  -1  -4  -1   3  -3  -1   0    3  22   1   0   3   1   0   0   5   4  18   9   2   2   0   3  18   0   2   6  0.36 0.29
   86 T    -3  -3   2   2  -2  -1   3  -4   3  -3  -4  -3  -3   3  -3   0   1  -3   2   0    1   1  10  12   1   2  20   0   7   1   0   0   0  14   0   7  10   0   6   8  0.45 0.33
   87 P    -4   7  -3  -5  -7   0  -2  -4   2  -7  -6   4  -5  -7   0  -1  -2  -7  -5  -6    1  52   1   0   0   3   1   1   4   0   0  23   0   0   5   5   2   0   0   0  1.39 0.65
   88 R    -1   4   1  -3  -3   2  -2  -3   3  -3  -5   3  -3  -4  -1   1  -1  -5   0  -3    6  21   7   1   0   9   1   1   8   2   0  20   0   0   3  12   4   0   3   1  0.52 0.34
   89 L    -6  -6  -7  -8  -6  -5  -7  -7  -7  -1   7  -7   2  -1  -6  -7  -5  -6  -5  -2    0   0   0   0   0   0   0   0   0   2  89   0   5   2   0   0   0   0   0   1  1.98 0.80
   90 Q    -5   7  -4  -6  -6   4  -4  -5   5  -7  -6   1  -5  -7  -6  -5  -5  -3  -5  -7    0  59   0   0   0  19   0   0  13   0   1   6   0   0   0   0   0   0   0   0  1.91 0.81
   91 T    -1   1   2  -4  -2   0  -4  -3   0  -2  -5   0  -3  -4  -4   2   5  -6  -4  -1    3   8  11   0   1   3   0   2   2   3   0   6   0   0   0  18  39   0   0   3  0.73 0.47
   92 L    -1   0  -3  -5  -4  -2  -4  -5  -4   2  -1  -2   0  -2   4  -2   1  -5  -2   4    6   5   1   0   0   2   0   0   0  13   5   2   2   1  23   1   8   0   1  29  0.62 0.38
   93 T     0  -3   0  -5  -1   1  -4  -2  -3  -4  -5  -4  -4  -2  -1   2   6  -6  -4  -4    7   1   4   0   1   7   0   3   0   1   0   0   0   2   3  17  53   0   0   0  1.11 0.62
   94 N    -6  -5   9  -3  -5  -5  -5  -3   1  -8  -7  -4  -4  -5  -7  -2  -3  -8  -3  -4    0   0  86   1   0   0   0   1   3   0   0   0   0   0   0   3   1   0   1   1  2.59 1.02
   95 L    -2  -3  -3  -7   2  -5  -6  -5  -1   0   1  -5   1   3  -5  -2  -3   3   7  -1    3   1   1   0   5   0   0   1   1   6  12   0   4  11   0   3   1   3  44   5  1.17 0.56
   96 F    -6  -7  -7  -8  -4  -7  -7  -8  -6  -3   3  -7  -2   8  -5  -7  -6  -4   3  -4    0   0   0   0   0   0   0   0   0   1  29   0   0  60   1   0   0   0   8   1  2.04 0.79
   97 I    -4  -6  -7  -7  -4  -6  -7  -7  -7   7   2  -6  -2  -1  -6  -6  -2  -6  -3   3    0   0   0   0   0   0   0   0   0  54  20   0   0   2   0   0   2   0   1  20  1.44 0.62
   98 M     1  -4  -5  -6  -1  -4  -5  -2  -5   1   1  -5   3   1  -3  -3  -1  -1  -4   5   13   0   0   0   1   0   0   3   0   5  15   0   7   5   1   1   4   1   0  42  0.67 0.40
   99 S    -3  -5   4  -4  -4  -5  -5  -4  -5  -7  -7  -5  -6  -7  -5   7  -2  -7  -6  -6    1   0  17   0   0   0   0   1   0   0   0   0   0   0   0  78   1   0   0   0  1.98 0.92
  100 L    -6  -6  -7  -8  -6  -5  -7  -8  -7  -3   7  -7   1  -4  -7  -7  -5  -6  -5  -4    0   0   0   0   0   0   0   0   0   0  95   0   2   0   0   0   0   0   0   0  2.19 0.88
  101 A     7  -6  -6  -6  -3  -6  -6  -4  -6  -6  -6  -5  -6  -2  -6  -1  -4  -7  -6  -5   92   0   0   0   0   0   0   1   0   0   0   0   0   2   0   3   0   0   0   0  2.21 0.96
  102 S     0  -5  -5  -6   2  -5  -5  -5  -6   3   1  -5   2   1  -5  -2   1  -4  -3   5    8   0   0   0   5   0   0   0   0  16  10   0   4   5   0   3   7   0   0  39  0.76 0.42
  103 A     6  -5  -5  -5  -2  -5  -5  -3  -6  -4  -6  -5  -5  -5  -5   3   2  -1  -6  -2   63   0   0   0   1   0   0   1   0   1   0   0   0   0   0  21  11   1   0   2  1.39 0.71
  104 D    -7  -7  -4   9  -9  -5  -4  -6  -6  -8  -9  -6  -8  -9  -4  -5  -6  -9  -8  -8    0   0   0  98   0   0   0   0   0   0   0   0   0   0   1   0   0   0   0   0  3.13 1.16
  105 L    -4  -6  -7  -7   2  -5  -6  -6  -6   2   5  -6   3   4  -7  -5  -3   0  -3  -1    1   0   0   0   4   0   0   0   0   9  57   0   6  17   0   0   1   1   0   3  1.20 0.56
  106 V    -2  -6  -6  -7   1  -5  -6  -4  -6   1   5  -6   3   2  -6  -2  -1  -3  -4   0    3   0   0   0   3   0   0   1   0   5  62   0   8   7   0   3   3   0   0   5  1.07 0.53
  107 M    -4  -4  -3  -7  -2  -6  -6  -7  -7   1   1  -6   2  -3  -6  -4  -1  -6  -4   6    0   1   1   0   1   0   0   0   0   7  13   0   5   1   0   1   4   0   0  67  1.41 0.63
  108 G     4  -6  -4  -5  -3  -5  -5   6  -6  -5  -6  -5  -6  -6  -5   1  -2  -6  -6  -4   35   0   0   0   1   0   0  52   0   0   0   0   0   0   0  10   2   0   0   1  1.43 0.64
  109 L     0  -5  -5  -5   3  -4  -5  -3  -5   2   4  -4   1   0  -5   0   1  -2  -3   2    7   0   0   0   6   0   0   2   0  11  36   0   2   3   0   6   9   0   0  17  0.55 0.33
  110 L    -1  -5  -6  -6   1  -5  -5  -4  -5   2   4  -5   0   3  -5  -4   0  -3  -3   3    4   0   0   0   3   0   0   2   0   8  45   0   1  12   0   1   6   0   0  17  0.76 0.40
  111 V     0  -6  -5  -3   2  -6  -6  -1  -6   1  -2  -6  -3  -3  -4  -1  -3  -6  -4   6    8   0   0   1   4   0   0   5   0   6   2   0   0   1   1   5   0   0   0  67  1.25 0.60
  112 V    -4  -6  -7  -8  -4  -4  -7  -8  -7   1   2  -6  10  -4  -7  -5  -3  -6  -6   1    1   0   0   0   0   1   0   0   0   6  16   0  66   0   0   0   1   0   0   7  2.33 0.92
  113 P    -5  -7  -4  -6  -5  -6  -6  -6  -7  -5  -5  -6  -6  -6   9  -2   0  -9  -8  -6    0   0   1   0   0   0   0   0   0   1   1   0   0   0  87   3   5   0   0   0  2.84 1.07
  114 F    -4  -6  -6  -7  -3  -6  -4  -4  -4   0   2  -6   1   7   1  -5  -4   2   1  -1    1   0   0   0   0   0   1   2   0   6  21   0   3  49   7   0   1   2   3   4  1.27 0.56
  115 G     3  -2   1  -2  -3  -1  -3   1  -2  -3  -4  -1  -1  -2  -4   4   0   2   1  -2   22   2   6   2   0   2   1   9   1   1   0   3   2   2   0  33   4   3   4   3  0.48 0.36
  116 A     3  -3  -5  -5  -3  -2  -4  -3  -5   3   2  -4   3  -2  -5  -2  -1  -4  -4   2   30   1   0   0   0   1   0   1   0  16  22   0   8   1   0   2   4   0   0  13  0.60 0.37
  117 T     1  -3  -4  -3  -2  -3  -3  -3  -2   2   1  -3   1   0  -2   0   1  -3   2   3   12   0   0   1   0   1   1   1   1  12  15   0   3   2   2   7  11   0   7  22  0.30 0.23
  118 I    -2   1   2  -1  -3   1  -1  -3   1  -1  -1  -1   0   0  -3   0  -1   1   5   0    3   8  13   3   0   7   3   1   3   3   6   2   2   4   1   7   4   2  22   8  0.30 0.25
  119 V    -1  -3  -1   1  -2   1   4  -3  -1   0   1  -2   0  -2  -4   1   1  -2  -3   0    4   0   2   6   1   6  32   1   1   6  13   0   2   1   0  11   8   1   1   6  0.36 0.30
  120 V    -2  -5  -4  -6  -3  -5  -5  -5  -4   4   3  -4   1   0  -5  -3  -1   1  -1   4    3   0   1   0   0   0   0   0   0  22  30   1   3   3   0   2   4   2   2  29  0.76 0.38
  121 W    -1  -1   1  -2  -1  -1  -1  -1   1  -1   1  -1   2   0  -2   1   2  -1   2  -1    4   3   6   1   1   2   4   5   3   1  15   2   8   4   1  10  17   0   7   4  0.11 0.15
  122 G    -2  -2   2   0  -4   0  -1   6   0  -5  -3  -1  -4  -3  -3  -1  -2  -3  -3  -4    1   2  10   6   0   5   4  53   3   0   2   3   0   1   1   4   2   0   1   1  0.87 0.43
  123 R    -2   2  -1  -1   3   0   1  -2   2  -2  -2   1  -1  -1  -3  -1   1   0   4   0    2  13   2   3   8   4   9   2   5   1   2   8   2   1   1   4   8   1  17   8  0.26 0.22
  124 W    -7  -7  -6  -8  -7  -6  -4  -7  -7  -7  -4  -4  -6  -2  -3  -5  -4  13  -2  -6    0   0   0   0   0   0   1   0   0   0   1   1   0   2   2   1   1  88   1   1  4.23 1.23
  125 E    -2  -1  -1  -2  -1  -1  -1  -2   0   1   0  -1   0   2   4  -1   0   0   2   1    2   4   3   2   1   2   4   2   2  11   8   3   3   8  21   2   5   1   7  10  0.24 0.17
  126 Y    -4  -4  -4  -5  -5  -3  -5  -5   1  -1   3  -4  -1   7  -4  -5  -4   1   3  -3    1   1   1   1   0   1   0   0   3   2  28   1   1  50   1   0   1   2   7   1  1.30 0.54
  127 G    -3  -3   0  -2  -3  -4  -4   7  -2  -6  -6  -4  -6  -6  -1   1  -4  -3  -4  -4    1   2   4   2   1   0   0  74   1   0   0   0   0   0   3   8   1   0   0   1  1.52 0.60
  128 S    -1   2   0   1  -3   1   1  -2   0  -2  -1   1  -1  -1   2   0   1   0  -1  -2    4  13   4   7   0   7   9   2   2   2   6   8   1   3  10   9   8   1   2   2  0.15 0.11
  129 F     0  -1  -1   0  -2  -1   0  -1   1   1   0  -2   0   2  -1  -1   1   1  -1   1    9   2   1   5   0   1   9   3   4  10  11   1   1  10   2   4   9   2   1  14  0.07 0.10
  130 F    -1  -4  -5  -5  -2  -4  -5  -4  -2   0   3  -4   4   4  -4  -4  -2   7   0   1    4   0   0   0   1   0   0   1   1   4  27   0  11  22   0   1   3  15   2   9  0.80 0.37
  131 C    -5  -7  -7  -7  12  -4  -8  -7  -7  -6  -6  -7  -6  -6  -7  -5  -5  -6  -3  -5    0   0   0   0  97   1   0   0   0   0   0   0   0   0   0   0   0   0   1   0  4.06 1.11
  132 E    -1   0   2   4  -4   1   1  -2  -1  -2  -1   2  -3  -2  -1   0  -1  -2  -2  -2    4   4   9  32   0   5   6   1   1   1   7  13   0   1   2   4   4   1   2   2  0.38 0.23
  133 L     0  -4  -4  -5  -2  -3  -4  -4  -4   4   2  -4   3   3  -4  -3  -1  -3  -1   3    7   0   0   0   0   1   0   1   0  26  20   0   7  14   0   1   3   0   1  18  0.56 0.29
  134 W    -4  -3  -4  -7  -6  -4  -6  -6   4  -2  -3  -6  -2   2  -7  -4  -2  11   3  -2    1   1   1   0   0   0   0   0  10   3   2   0   1   7   0   1   2  59   8   2  2.51 0.80
  135 T     0  -2   0  -3  -1  -2  -3  -1   1   2   2  -2   1  -1  -1  -1   2  -3  -1   1    6   2   4   0   1   1   0   4   4  18  19   1   3   1   2   4  17   0   1  10  0.18 0.16
  136 S     2  -3  -2  -3   4  -2  -3  -1  -3  -1  -2  -3  -1   1  -3   3   1  -1   1   0   19   0   1   0   9   1   0   3   0   2   3   0   1   6   0  31  10   1   4   7  0.38 0.28
  137 V     0  -3  -3  -4   3  -3  -4  -3  -4   1   3  -3   3   3  -3   0   0   0  -2   1    7   0   1   0   6   0   0   1   0   6  33   0   8  14   1   6   6   1   0  10  0.38 0.23
  138 D    -3  -4   0   8  -6  -1  -1  -3  -2  -5  -3  -4  -5  -4  -4  -2  -3  -6  -1  -4    1   0   4  79   0   3   1   1   1   0   3   0   0   1   0   1   1   0   3   1  1.77 0.63
  139 V    -2  -3  -3  -5  -3  -3  -4  -4  -2   3   0  -4   0   0  -3  -2  -1   1   2   5    1   1   1   0   0   0   0   1   1  13   7   0   2   3   1   2   3   2   9  52  0.72 0.36
  140 L    -1  -3  -3  -4   1  -3  -4  -3  -3   1   3  -3   4   1  -4  -1   1   1   0   1    5   0   1   0   3   0   0   2   0   5  37   0  13   6   0   3   8   2   2  10  0.41 0.24
  141 C     0  -4  -3  -4   7  -4  -4  -3  -4  -1   3  -4   2   3  -4   0  -2  -2  -1  -1    8   0   1   1  28   0   0   1   0   1  27   0   6  14   0   7   1   0   1   2  0.78 0.36
  142 V    -2  -5  -4  -4   9  -4  -3  -2  -5  -2  -3  -4  -3  -3  -3   3   1  -5  -4   0    2   0   0   0  51   0   2   2   0   2   1   0   0   1   1  22   8   0   0   7  1.53 0.56
  143 T    -1  -4  -2  -4  -3  -2  -3  -3  -2  -2  -3  -3  -1  -1  -1   1   6  -5  -3  -2    4   0   1   0   0   2   1   1   1   2   2   1   2   3   3   9  65   0   1   1  1.05 0.50
  144 A     5  -4  -4  -4   0  -3  -3  -2  -4  -1  -3  -3  -3  -4  -3   1   0  -5  -4   1   63   0   0   0   2   0   1   2   0   3   2   0   0   0   0  10   6   0   0  10  0.88 0.44
  145 S    -2  -4  -3  -4  -1  -3  -4  -4  -4  -5  -6  -4  -5  -6  -4   7  -1  -6  -5  -5    1   0   0   0   1   0   0   0   0   0   0   0   0   0   0  93   2   0   0   0  1.96 0.78
  146 I    -3  -5  -5  -5  -4  -5  -5  -6  -5   7  -1  -4   2  -3  -5  -4  -1  -5  -4   2    1   0   0   0   0   0   0   0   0  72   3   1   5   0   0   1   4   0   0  12  1.47 0.55
  147 E    -2  -4  -2  -5  -1  -3  -3  -4  -3   1   4  -4   3   3  -4  -3  -2   4   0   0    3   0   2   0   1   1   2   1   0   5  43   0  10  16   0   1   1   6   3   5  0.62 0.31
  148 T    -3  -3   6  -2  -1  -3  -3  -3   7  -4  -3  -3  -4  -5  -4   1   3  -5  -3  -4    1   0  37   1   1   0   0   1  28   1   2   0   0   0   0  10  17   0   0   0  1.20 0.52
  149 L    -3  -5  -6  -6  -4  -5  -5  -6  -5   1   6  -5   2  -2  -4  -5  -4  -4  -4   0    1   0   0   0   0   0   0   0   0   6  81   0   3   1   1   0   0   0   0   6  1.36 0.53
  150 C    -1  -5  -4  -5   9  -4  -5  -2  -5  -2   0  -4  -1   0  -4  -1   1  -4  -4   2    5   0   0   0  48   0   0   3   0   1   9   0   1   4   0   5   8   0   0  13  1.30 0.48
  151 V     4  -3  -3  -4   3  -3  -3  -2  -4   1   1  -3   1   1  -3  -1  -1  -4  -3   2   38   0   1   0   7   0   0   2   0   5  13   0   4   6   0   2   3   0   0  17  0.43 0.27
  152 I    -3  -5  -5  -5  -4  -5  -5  -6  -5   7   0  -5   1  -3  -5  -5  -3  -5  -4   2    2   0   0   0   0   0   0   0   0  79   4   0   2   0   0   0   1   0   0   8  1.64 0.58
  153 A     4  -3  -2  -3   0  -3  -3  -2  -4  -4  -4  -3  -4  -5  -3   6   0  -5  -4  -3   30   0   1   0   2   0   0   2   0   0   1   0   0   0   0  57   4   0   0   0  1.09 0.51
  154 L    -2  -3  -4  -4  -2  -3  -4  -4  -3   3   3  -4   1   1  -4  -3  -2   0   0   3    1   1   0   0   0   1   0   1   1  19  34   0   3   5   0   0   2   1   3  27  0.60 0.28
  155 D    -4  -4   0   8  -5  -2   1  -3  -2  -5  -5  -3  -5  -5  -4  -3  -4  -6  -3  -5    1   0   3  80   0   1   7   1   1   0   1   0   0   0   0   1   0   0   1   1  1.90 0.63
  156 R    -5   8  -2  -5  -6  -2  -3  -5  -2  -6  -5  -1  -5  -6  -5  -4  -4  -6  -5  -6    0  93   1   0   0   0   0   0   1   0   0   1   0   0   0   0   0   0   0   0  2.42 0.80
  157 Y    -4  -4  -5  -6  -1  -5  -5  -6   1  -4  -3  -5  -4   3  -6  -5  -5   1   9  -3    1   1   0   0   1   0   0   0   2   0   2   0   0   8   0   0   0   1  79   1  2.39 0.77
  158 L    -3  -1  -4  -5   1  -3  -4  -5   0   2   2  -2   1   1  -4  -3  -2   8   2   0    1   3   1   0   4   1   0   0   2  13  21   3   3   6   0   2   2  24   8   7  0.78 0.33
  159 A     5  -3  -3  -4   0  -2  -3   0   0  -3  -2  -2  -3  -3  -3   2  -1  -4  -1  -1   59   0   0   0   2   1   0   7   2   1   3   2   0   1   0  13   2   0   2   4  0.75 0.40
  160 I    -2  -5  -5  -5  -3  -5  -5  -4  -5   6   0  -5   0  -3  -5  -4  -2  -5  -4   4    2   0   0   0   0   0   0   1   0  54   6   0   1   0   0   1   2   0   0  32  1.22 0.48
  161 T    -1   0  -1  -3   4  -1  -2  -3  -1  -1  -1  -1   0  -3  -3   1   5  -4  -3   0    4   5   2   0   9   2   1   0   2   3   4   4   3   1   0  12  41   0   0   7  0.52 0.32
  162 S    -2   3   1   3  -3   1  -1  -3   3  -3  -3   1   0  -1  -3   0  -1   2   1  -3    2  18   8  18   1   7   1   1   8   1   1  10   2   2   0   9   2   3   7   1  0.35 0.23
  163 P     0  -5  -4  -3  -1  -3  -4  -4  -3  -3  -5  -4  -5  -6   8  -3  -4  -6  -5  -3    8   0   1   1   1   1   0   1   1   2   1   0   0   0  79   1   0   0   0   1  2.22 0.70
  164 F    -3  -4  -3  -3  -3  -4  -4  -5  -3   2   4  -4   2   3  -4  -3  -2  -3  -1   1    1   0   2   2   0   0   0   0   1  10  51   0   5  15   0   1   2   0   1   7  0.72 0.33
  165 R    -1   3   0   0  -2   2   0  -2   3  -2  -2   2  -1  -2  -3   1   1   1   0  -2    5  16   4   3   0   9   6   2   9   1   3  12   2   1   0  10   9   2   4   3  0.21 0.16
  166 Y    -4  -2  -3  -5  -2  -3  -3  -4   3  -2  -3  -4  -3   0  -5  -3  -2   0   9  -3    1   2   1   0   1   1   1   1   5   2   1   0   1   2   0   2   2   1  74   1  1.98 0.69
  167 Q     1   2   0  -1  -2   0  -1   0   2  -2  -2   1  -2  -3   3   1   0  -4  -1  -1   10  15   5   2   1   4   3   6   5   2   3   7   1   1  15  11   5   0   2   4  0.24 0.19
  168 S     0   3   0  -2  -2   1  -1  -2   1  -1  -1   0   1  -3  -1   2   1  -2  -2   0    8  17   4   1   1   8   3   2   4   2   7   6   5   0   2  15  10   0   1   6  0.17 0.18
  169 L    -3   4   0  -3  -3   0  -2  -3   2   1   0   3   0   0  -3  -1  -1   2   0  -2    1  22   3   1   0   4   1   1   5   9   8  22   2   3   1   4   3   3   4   2  0.37 0.27
  170 L    -3   5  -1  -4  -1   1  -4  -5  -1   0  -1  -1   6  -1  -5  -2  -2   0  -3   2    1  28   3   1   1   5   0   1   1   5   5   3  25   3   0   2   1   1   0  13  0.77 0.45
  171 T    -4   1   1  -3  -4  -4  -4  -2  -3  -4  -5  -1  -5  -6  -3   2   7  -6  -5  -4    0   7   6   1   0   0   1   2   1   1   1   3   0   0   1  16  60   0   0   0  1.29 0.67
  172 R     0   2   0  -2  -2  -1  -1  -1   1  -2  -2   2  -1  -3   3   0   1  -3  -3  -2    6  14   5   1   1   2   2   4   3   3   4  16   1   1  16   7  10   0   0   3  0.30 0.23
  173 A    -2   5  -1  -4   0   0  -2  -1  -2  -4  -2   4  -2  -1  -1   0   0   0  -3  -3    3  35   2   0   2   3   1   4   0   0   3  25   1   3   3   6   5   1   0   1  0.68 0.41
  174 R    -3   7  -3  -4  -2  -1  -4  -4   0  -3  -2   2   0  -3  -3  -2   0  -3  -5   0    1  54   1   1   1   2   0   1   2   1   4  10   2   1   1   2   7   0   0   7  1.06 0.55
  175 A     4  -3  -4  -5   1  -3  -4  -3  -5   2  -1  -4   2  -4  -4   0   0  -5  -4   3   35   2   0   0   2   1   0   1   0  12   4   0   6   0   0   6   5   0   0  24  0.62 0.40
  176 R     1   0  -2  -3   2  -2  -3   0  -3   1   1   0   1   1  -2  -1   0   1   0   1   14   5   2   0   5   0   0   8   0  10  15   5   5   6   1   3   5   2   3   8  0.11 0.13
  177 V     0  -2  -3  -4   1  -3  -4  -1  -4   3   2  -2   1   2  -4  -2  -1  -1   0   2    9   1   1   0   3   1   0   4   0  19  20   3   3   8   0   2   4   1   3  18  0.30 0.21
  178 L    -1  -4  -4  -6   0  -3  -5  -3  -3   2   2  -1   7   0  -5  -1   0  -5   0   1    6   0   0   0   2   1   0   2   0  13  16   5  33   3   0   4   4   0   3   8  0.74 0.46
  179 V    -4  -6  -5  -7   0  -6  -7  -7  -7   7   2  -3   2  -4  -6  -4  -3  -6  -5   2    1   0   1   0   2   0   0   0   0  58  17   1   5   0   0   1   1   0   0  12  1.41 0.65
  180 C     3  -4  -3  -4   3  -4  -4   1  -4   2   1  -4   1   0  -4   0   0  -4  -3   2   27   0   1   0   6   0   0  10   0  11  13   0   3   5   0   6   5   0   0  14  0.38 0.30
  181 T     1  -4  -2  -4   2  -3  -4   0  -3   2   2  -3   1   1  -3   0   1   0  -1   2   13   0   2   0   4   0   0   8   0  14  18   0   3   5   0   7   7   2   1  14  0.24 0.22
  182 V     1  -5  -4  -6   4  -5  -5  -4  -6   3  -1  -5  -1  -3  -4  -1   0  -6  -4   5   13   0   0   0   8   0   0   1   0  15   4   0   1   1   1   5   6   0   0  46  0.88 0.50
  183 W    -5  -8  -9  -9  -8  -7  -8  -5  -8  -3  -7  -8  -7  -5  -9  -4  -7  13  -2  -3    1   0   0   0   0   0   0   1   0   2   0   0   0   0   0   2   0  91   1   2  4.62 1.55
  184 A    -1  -3  -4  -5   0  -4  -4  -1  -5   3   2  -4   1   0  -4  -1   0   3  -1   3    6   2   0   0   2   0   0   5   0  20  22   0   3   3   0   4   7   4   1  21  0.44 0.30
  185 I     0  -5  -4  -5   2  -2  -5  -3  -3   3   2  -4   0   1  -5  -2  -2   2   1   3    6   0   0   0   4   1   0   2   1  21  24   0   1   7   0   4   2   3   5  19  0.49 0.32
  186 S     3  -4  -3  -4  -1  -2  -3  -1  -5  -5  -5  -3  -3  -2   2   6   0  -6  -5  -3   20   0   1   0   1   1   1   3   0   0   0   1   1   2  10  53   5   0   0   1  1.02 0.63
  187 A     3  -4  -4  -5   0  -4  -4  -1  -4   2   1  -4   1   3  -1   0  -1  -4  -2   1   31   0   0   0   2   0   0   4   0  10  14   0   3  14   3   5   4   0   1  10  0.41 0.32
  188 L     1  -4  -4  -5   2  -4  -4  -2  -2   2   3  -4   1   2  -4   0  -1  -2  -3   2   12   0   0   0   5   0   0   3   1  11  30   0   3   8   0   7   2   0   0  16  0.44 0.31
  189 V    -2  -6  -4  -6  -1  -5  -6  -6  -6   6   1  -4   1   1  -6  -3  -2   0   0   3    2   0   1   0   1   0   0   0   0  50  11   1   3   6   0   1   2   1   3  17  1.06 0.52
  190 S     1  -5  -3  -4   3  -4  -3   0  -3   0  -2  -4  -1  -3  -4   5   0   3  -1  -3   11   0   0   0   5   0   1   6   0   5   4   0   1   1   0  52   5   4   2   1  0.85 0.56
  191 F    -1  -5  -5  -5   2  -4  -3  -3  -3   2   1  -5   0   6  -4   0  -1   2   1   0    4   0   0   0   4   0   2   2   1  14  14   0   1  32   1   7   4   3   4   7  0.59 0.36
  192 L     0  -5  -5  -5   1  -4  -5  -1  -5   0   1  -4  -2  -3   6  -1  -1  -6  -3   1    7   0   0   0   3   0   0   5   0   6  16   0   1   1  41   5   4   0   1   9  0.88 0.49
  193 P     0  -3  -7  -7   1  -1  -6  -4  -7   0  -1  -4  -1  -3   7  -1  -2   1  -3  -2    8   2   0   0   3   3   0   1   0   6   5   1   1   1  54   5   3   2   1   4  1.35 0.81
  194 I    -2  -4  -3  -6  -2  -3  -5  -4  -1   5   3  -5   0   1   0  -3  -2   1  -4   2    4   1   1   0   1   1   0   1   2  33  25   0   2   5   5   2   2   2   0  11  0.77 0.45
  195 L    -1  -2  -1  -4  -1   0  -2  -3   0   2   1  -2   2   4  -1  -2  -1  -1   1   1    5   2   3   1   1   4   2   2   2  12  13   2   6  16   3   3   4   1   5  12  0.26 0.19
  196 M    -2  -4  -2  -4  -1  -2  -3   1  -1   1   2  -3   4   2  -2   0  -1   4  -1   0    2   0   2   0   1   2   2  12   1   8  22   2   9   9   2   9   4   6   2   6  0.34 0.27
  197 H    -2  -1   0  -2  -1  -1  -1   4   1  -2  -1  -1   0   1  -2  -1  -2   6   0  -3    4   3   5   3   1   3   4  28   4   2   7   4   2   6   2   4   2  10   3   2  0.38 0.28
  198 W    -2  -2   1  -3  -2  -1  -3   1  -2  -1   0  -1  -1   1  -4  -1  -3  10  -1  -3    3   3   7   2   1   3   2  12   1   3   8   5   2   5   1   4   2  32   2   2  1.08 0.59
  199 W    -3  -1   3   0  -5   0  -1  -2   5  -2  -1   0   0   0  -1  -1  -2   7   2  -3    3   3  12   5   0   3   3   3  12   3   5   6   2   4   3   4   2  16   8   2  0.61 0.38
  200 R    -1   3   1  -1  -4   1   0  -2   1  -2  -2   2  -2  -2   0   0   1   1   2  -1    3  14   6   4   0   6   7   2   3   3   5  12   1   2   4   6  10   2   6   4  0.18 0.18
  201 A     1  -1   0   1  -3  -1   0  -1   0   0  -1   0   0  -1   2   1   1  -1  -1   0   11   3   5   8   0   2   5   5   3   7   5   5   2   3  10   9   9   1   2   5  0.08 0.10
  202 E    -1  -1   0   2  -3   0   1   1   0  -2  -2   0  -2  -1   1   0   0   0   0   0    4   2   4  14   0   4  11  13   2   2   3   4   1   2   8   6   6   2   4   7  0.16 0.16
  203 G     0   0   1   1  -3   0   1   2   1   0  -2  -1  -2  -1   2   0  -1  -1  -2  -1    8   4   8   7   0   4   8  15   3   6   4   4   1   3   9   7   4   1   1   3  0.12 0.11
  204 D    -1   0   0   3  -3   0   3  -1   2  -2  -2  -1  -2  -1   1   0  -1  -1  -1  -1    4   4   5  15   1   4  17   5   5   2   5   4   1   3   7   6   4   1   2   6  0.20 0.18
  205 E    -1   0   0   1  -3   1   2  -1   2  -1  -1   0   0  -2   0   0  -1   0   0  -1    5   6   5   9   0   5  17   5   5   3   6   4   2   2   5   8   4   1   3   5  0.11 0.12
  206 A     1   0   0   0  -2   0   1   0   0  -1   0   0   0   0   0   0   0   0   1   0   11   3   5   5   0   5   8   9   2   3   9   4   2   3   4   7   5   1   5   6  0.03 0.03
  207 R    -1   2   1   0  -2   1   0  -1  -1   0  -1   0   0  -1   0   0   0  -1   2   0    5  12   9   5   1   6   4   4   1   5   7   5   2   2   5   6   5   1   7   7  0.07 0.08
  208 R    -1   2   1   0   0   1   1  -1   1  -1  -1   1   0  -1   0   0   0  -1   0  -1    6  12   6   4   2   6   9   3   3   4   6   9   2   3   5   6   5   1   3   6  0.07 0.07
  209 C     0  -1   0   0   4   0  -1  -1   0   1   0  -1   0  -1  -1   0   1  -2  -1   1    9   3   5   5  10   4   4   5   2   7   9   3   2   2   3   8   8   1   2   9  0.07 0.07
  210 Y    -1   0  -1  -1  -1   0   0  -1   1   1   0  -1   0   1   1   0   0   1   2   0    4   4   2   4   1   3   6   4   3   8   9   4   2   6   7   6   5   2   9   8  0.05 0.05
  211 N     0   0   2   1   1   1   1  -1   1  -1  -2   0  -1  -1   1   0   0  -1  -1  -1    6   4  12   9   3   5   9   4   3   3   3   6   2   3   6   8   7   1   2   5  0.11 0.10
  212 D    -2  -1   2   4   3  -1   1   0   2  -1  -3  -1  -3  -3   0   0  -1   1  -2  -1    3   3   9  22   6   3  10   6   5   4   3   3   0   1   5   6   3   2   1   4  0.32 0.22
  213 P    -2  -1   0   1  -3   0   2  -1   1  -2  -3   0  -2  -3   5   0   0   1   0  -1    3   3   4   6   1   4  11   5   3   2   3   5   1   1  25   8   5   2   3   5  0.37 0.27
  214 K    -2   0   0   1   3   1   1   1   1  -3  -3   0  -1  -1   1   0   1   2   0  -3    2   6   5   9   7   5   8  12   3   1   3   5   2   2   7   5   9   3   3   2  0.17 0.16
  215 C    -1  -1   0  -1   3   2   1  -2  -1   0  -1   0   0  -1  -2   0   1   1   0   1    4   3   4   3   7  11   8   3   1   5   5   5   2   2   2   7  11   2   4   9  0.13 0.15
  216 C    -3  -8  -4  -8  11  -5  -6  -3  -4  -3  -5  -7  -4  -7  -3  -6  -3  -2  -7  -3    2   0   1   0  79   1   1   2   0   2   1   0   1   0   2   1   2   1   0   2  3.56 1.49
  217 D    -1   0  -1   2  -4   2   2  -1   0   0   0   0   0  -1  -1   0   0  -4  -1   0    5   6   3  10   0   9  13   4   2   7   9   4   2   2   3   6   4   0   2   9  0.10 0.13
  218 F    -3  -6  -4  -7  -6  -5  -4  -7  -2   2   3  -4  -1   6  -3  -3  -4   1   3   2    2   0   1   0   0   1   1   0   1   9  23   1   1  29   2   2   1   2   9  13  0.97 0.54
  219 V    -1  -2   2  -1   0  -1  -1  -2   0   1  -2  -2  -1   0  -1   3   2  -5   0   0    5   2  11   3   2   2   4   3   2   7   4   2   2   3   3  21  14   0   3   7  0.24 0.25
  220 T    -2  -2   0   1  -4   3   1  -3  -1  -1   0   0   0   0  -1   0   1   0   0   2    3   2   5   9   0  14   8   1   1   2   9   4   2   4   3   7   7   1   3  14  0.17 0.20
  221 N    -5  -3   6   4  -8  -1   1  -4   2  -6  -6  -3  -7  -4  -3   1  -1  -8  -5  -6    1   1  39  20   0   3   9   1   5   1   1   1   0   1   2   9   4   0   1   1  1.21 0.74
  222 R    -1   2  -2  -4  -5   1  -2  -3  -2   1   0   2   0   0   3  -1   0   2  -1   1    4  10   2   0   0   5   2   2   1   7   8  15   2   4  13   3   5   3   2   9  0.24 0.23
  223 A     0  -2  -1  -1  -4  -3  -2   2  -2   1  -1  -3  -1   0   1   0   1   3   1   0    9   2   3   4   0   1   3  18   1  10   4   1   1   3   8   6   9   5   5   8  0.21 0.21
  224 Y    -5  -6  -9  -7  -9  -8  -6  -7  -3  -4  -5  -8  -7   5  -9  -5  -6   3   9  -6    1   1   0   0   0   0   1   0   1   1   1   0   0  18   0   1   1   3  70   1  2.92 1.34
  225 A     3  -2  -3  -5  -3   2  -3  -1   0   1   0  -2   1  -4  -5  -1   2  -6  -3   3   22   2   1   0   0   9   1   5   2   7   9   2   3   1   0   5  11   0   1  19  0.38 0.34
  226 I    -2  -7  -6  -8  -3  -5  -7  -6  -4   6   3  -7  -1   0  -5  -4  -1  -3  -5   4    3   0   0   0   1   0   0   1   0  35  25   0   1   4   1   1   4   0   0  22  1.15 0.61
  227 A    -1  -6  -6  -7   1  -6  -5  -2  -2   2   0  -6  -1   4  -5   0   0  -2   5   2    4   0   0   0   3   0   1   3   1  12   7   0   1  18   1   8   5   0  21  14  0.80 0.50
  228 S     2  -5  -2  -1   1  -4  -4  -2  -4  -2  -2  -5  -1  -3  -6   6   0  -7  -3  -1   17   1   1   4   2   0   1   3   0   3   4   0   2   2   0  50   5   0   1   4  0.97 0.67
  229 S     2  -6  -2  -4   0  -4  -6  -3  -6  -4  -4  -5  -4   0  -5   5   3  -2  -3  -2   17   0   2   1   2   1   0   2   0   1   2   0   1   5   0  44  17   1   1   4  1.03 0.71
  230 V    -1  -6  -6  -7   4  -6  -6  -4  -6   3   3  -6   3   3  -6   0   1  -6  -5   2    6   0   0   0   7   0   0   1   0  13  23   0   7  11   0   8   8   0   0  14  0.69 0.44
  231 V     0  -6  -6  -6   1  -6  -6   3  -7   3   1  -6   0   1  -4  -1  -1  -6  -5   3    6   0   0   0   3   0   0  25   0  18  12   0   2   5   1   4   3   0   0  20  0.70 0.45
  232 S     2  -6   0  -3   2  -6  -3  -2  -5  -3  -4  -6  -5  -5  -5   6   1  -2  -3  -3   18   0   4   2   4   0   2   3   0   2   2   0   0   1   1  50   9   1   1   2  1.07 0.73
  233 F    -9  -9  -9 -10  -9  -9  -9 -10  -2  -2  -4  -9  -2   9 -10  -9  -9  -6   2  -7    0   0   0   0   0   0   0   0   1   3   2   0   1  87   0   0   0   0   6   0  3.37 1.41
  234 Y    -5  -8  -8  -9  -2  -8  -8  -5  -1  -1  -2  -4  -2   6  -8  -8  -6   5   8  -1    1   0   0   0   1   0   0   1   1   4   4   1   1  25   0   0   0   7  48   5  2.07 0.96
  235 V     0  -7  -6  -7  -3  -7  -7  -2  -7   6   3  -7  -1  -1  -7  -4  -2  -7  -4   2    7   0   0   0   0   0   0   4   0  40  26   0   1   3   0   1   3   0   0  14  1.15 0.59
  236 P    -8  -9  -9  -9 -10  -8  -8  -9  -9 -10 -10  -8  -9  -4   9  -5  -5 -10 -10  -9    0   0   0   0   0   0   0   0   0   0   0   0   0   1  96   1   1   0   0   0  3.62 1.61
  237 L     0  -6  -6  -7   5  -6  -7  -1  -4   0   4  -6   4   1  -5  -1  -1  -6  -5   0    8   0   0   0  12   0   0   5   0   4  41   0   8   6   1   5   5   0   0   6  0.85 0.50
  238 C     1  -6  -6  -6   2  -6  -6  -3  -6   3   3  -6  -1   2  -3  -1   1  -6  -4   2   11   0   0   0   4   0   0   2   0  18  26   0   1   8   1   5  10   0   0  14  0.61 0.39
  239 I    -2  -5  -7  -7  -4  -7  -7  -6  -7   5   1  -7   1  -1  -7  -2  -3  -7  -6   5    4   1   0   0   0   0   0   1   0  34  12   0   3   3   0   3   2   0   0  37  1.28 0.63
  240 M    -6  -4  -8  -9  -7  -7  -8  -8  -8   3  -1  -4  10  -5  -8  -5  -2  -8  -7   0    0   1   0   0   0   0   0   0   0  15   6   1  66   0   0   1   3   0   0   5  2.67 1.17
  241 A    -1  -3  -5  -6   3  -6  -6  -4  -6   4   3  -5   1   0  -6  -1  -1  -6  -4   3    5   1   0   0   6   0   0   1   0  21  30   1   3   3   0   5   4   0   0  18  0.73 0.42
  242 F     0  -3  -6  -6   1  -5  -6  -1  -5   3   0  -6  -3   5  -5  -2  -1  -1   3   3    7   2   0   0   3   0   0   5   0  14   9   0   0  26   1   3   4   1   8  18  0.70 0.41
  243 V     0  -6  -3  -6   3  -5  -6  -6  -6   2   3  -5   4   1  -6  -2   2  -5  -4   3    6   0   1   0   5   0   0   0   0   8  24   0   8   7   0   3  12   0   0  23  0.69 0.42
  244 Y    -8  -3   0  -7  -2  -7  -8  -8  -3  -7  -6  -7  -7  -2  -8  -6  -6  -1  10  -7    0   2   4   0   1   0   0   0   0   0   1   0   0   1   0   1   0   1  86   0  3.35 1.38
  245 L     0  -4  -5  -5   4  -3  -5   1  -1   1   0  -2  -1   2  -5  -1   0   6   3   1    9   1   0   0   8   1   0   9   1   9   8   2   2   8   0   4   5  11  11   9  0.47 0.32
  246 R    -3   6  -2  -6  -1   1  -3  -4   2  -5  -2   4  -2  -2  -6  -2  -4  -4  -6  -5    2  43   2   0   1   7   1   1   4   1   5  24   1   2   0   4   1   0   0   1  1.20 0.66
  247 V    -6  -3  -8  -8  -3  -8  -8  -9  -6   8  -2  -8   0  -6  -8  -5  -1  -8  -7   2    0   2   0   0   1   0   0   0   0  73   4   0   2   0   0   1   4   0   0  13  2.15 0.92
  248 F    -6  -5  -7  -8  -2  -7  -4  -7  -2  -3   0  -7  -1   6  -8  -4  -4   2   8  -2    1   1   0   0   1   0   2   0   1   2   7   0   1  34   0   2   1   2  41   3  1.89 0.86
  249 R    -3   5  -2  -5   1   2  -3  -4   1   0   0   2   0  -1  -5  -2  -1  -1  -2   1    2  27   2   0   3  11   0   1   3   6  10  14   2   3   0   2   3   1   1   9  0.50 0.36
  250 E     3  -4  -3  -4  -5  -4   1  -4  -4   3  -1  -2  -2  -1  -5  -2   1  -6  -2   3   22   1   2   0   0   0  11   1   0  18   5   2   1   2   0   2   9   0   1  23  0.54 0.38
  251 A     0   0  -2  -2   3  -2  -2   0   2   0   0  -1   2   1   1   0   0  -2  -1   0    8   8   0   0   7   0   0   8   7   8   8   0   7   7   8   8   8   0   0   8  0.08 0.12
  252 Q    -1   4   1  -1   1   2  -1  -2   1  -1  -2   1   0  -1  -4   0  -1   3   0  -1    4  23   7   3   3  11   3   3   3   3   3   7   3   3   0   6   3   4   3   4  0.28 0.23
  253 K    -1   4   1  -1   0   1   0  -2   0   0  -2   2   0  -1  -2   0   0   1   0  -2    4  21   6   2   2   5   7   3   2   5   3  12   2   2   2   7   6   2   4   2  0.23 0.21
  254 Q    -3   4  -2  -2  -6   5  -2  -3   5  -2  -3   0   0  -2  -6  -1  -1   0  -2  -3    3  22   2   2   0  28   2   2  12   3   3   4   2   2   0   4   3   1   2   2  0.85 0.54
  255 V     1   0  -1  -1  -1   0   1  -2   0   1  -1   0   1  -1  -1   0   1  -4  -1   1   15   5   2   3   1   3   8   3   3   9   5   4   4   2   2   6  11   0   2  10  0.08 0.12
  256 K    -2   5   0  -2   0   1  -1  -3   0  -2  -3   4  -1  -3  -3  -2  -1  -6  -2  -3    3  29   4   2   2   7   4   2   3   2   2  27   2   1   1   2   3   0   1   2  0.73 0.48
  257 K     0   3   0  -2   1   2  -1  -2  -1  -3  -2   2   0  -2   0   1  -1   1  -2  -3    8  16   4   2   3   9   4   3   2   2   5  12   3   2   5  12   4   2   1   1  0.23 0.23
  258 I    -2   1  -1  -2   1  -1   0  -1   1   3   1  -1   2  -1  -2  -1  -1   1  -2   0    2   7   3   3   3   3   6   4   4  21  14   4   5   2   2   5   4   2   1   6  0.17 0.16
  259 D     0   2   1   0  -4   1   0  -1   2  -1  -2   1   0  -2   1   1   0  -4   0  -1    8  12   6   5   0   5   7   3   5   3   3  10   3   2   7  10   4   0   3   4  0.14 0.15
  260 S     1   3   0  -1  -1   1  -1  -1   0  -2  -2   2   0  -2  -1   3   0   0  -4  -3    9  15   3   3   1   5   3   4   3   3   3  10   2   2   3  22   4   1   0   2  0.28 0.27
  261 C     0   0   0   0   2   0   0  -1   1   0  -1   0   1   0   0   0   0  -2   1   0    5   5   5   5   5   5   5   5   5   5   5   5   5   5   5   5   5   0   5   5  0.03 0.05
  262 E    -1   1   0  -1   1   1   1  -1   2  -1  -1   0   1   0   0   0   0   2   0  -1    5   7   5   4   3   6   8   5   5   3   5   6   3   4   5   8   6   3   3   5  0.06 0.07
  263 R    -1   0   0   0   2   0   0  -1   2   0  -1   0   2   1   0  -1   0   4   1  -1    5   5   5   5   5   5   5   5   5   5   5   5   5   5   5   5   5   5   5   5  0.09 0.08
  264 R    -1   2   1  -1   2   1  -1  -1   2  -1  -2   1   1  -1   0   0  -1  -5   0  -1    6  11   7   4   4   5   4   5   5   4   4   8   4   3   5   8   5   0   3   4  0.12 0.11
  265 F    -1   0   0   0   2   0   0  -1   2   0  -1   0   2   1   0  -1   0   4   1  -1    5   5   5   5   5   5   5   5   5   5   5   5   5   5   5   5   5   5   5   5  0.09 0.08
  266 L    -1   0   0   0   2   0   0  -1   2   0  -1   0   2   1   0  -1   0   4   1  -1    5   5   5   5   5   5   5   5   5   5   5   5   5   5   5   5   5   5   5   5  0.09 0.08
  267 G     0   0   0   0   1   0  -1  -1   2  -1  -1   0   1   0   1   0   0   2   0  -1    7   6   5   5   4   4   5   6   5   4   7   5   5   3   7   8   6   3   4   4  0.04 0.05
  268 G     0   0   1   0   0   0   0   0   2  -1  -1   1   0   0   0   1   0   1  -1  -1    7   4   8   4   2   5   5   7   5   3   6   7   2   4   5  10   6   2   2   5  0.05 0.06
  269 P     0   0   0   0   2   0   0  -1   1   0  -1   0   1   0   0   0   0  -2   1   0    5   5   5   5   5   5   5   5   5   5   5   5   5   5   5   5   5   0   5   5  -0.00 0.06
  270 G    -1   0   0   0   2   0  -1  -1   2   0  -1   0   2   0   0  -1   0   3   1  -1    5   5   5   5   5   5   5   5   5   5   5   5   5   5   5   5   5   5   5   5  0.03 0.09
  271 R    -1   0   0   0   2   0  -1  -1   2   0  -1   0   2   0   0  -1   0   3   1  -1    5   5   5   5   5   5   5   5   5   5   5   5   5   5   5   5   5   5   5   5  0.03 0.09
  272 P    -1   0   0   0   2   0  -1  -1   2   0  -1   0   2   0   0  -1   0   3   1  -1    5   5   5   5   5   5   5   5   5   5   5   5   5   5   5   5   5   5   5   5  0.03 0.09
  273 P     0   0   0   0   2   0   0  -1   2  -1  -1   0   0  -1   0   0   0   3   0  -1    6   5   5   5   4   5   5   6   5   4   7   5   3   3   5   8   6   4   3   4  0.02 0.06
  274 S    -1   1   1  -1   1   1  -1  -1   2  -1  -1   0   0  -1   1   0   0   1   0  -1    5   7   6   3   3   5   4   5   5   4   6   6   3   3   6   7   6   2   3   5  0.01 0.06
  275 P     0   0   0   0   2   0   0  -1   1   0  -1   0   1   0   0   0   0  -2   1   0    5   5   5   5   5   5   5   5   5   5   5   5   5   5   5   5   5   0   5   5  -0.00 0.06
  276 V     0   0   0   0   1   1   0  -1   0   0  -1   0   0  -1   0   1   1   0  -1   0    8   5   4   5   3   5   5   5   3   5   6   5   2   2   5  10   8   1   2   7  -0.00 0.04
  277 P    -1   1   0   0   0   0   0   0   2  -1  -1   0   0  -1   0   1   1   0  -1  -2    6   7   5   4   2   4   6   6   6   4   5   5   3   3   6   9   7   1   2   3  0.02 0.07
  278 S    -1   1   1   0   1   0   0  -1   2   0  -1   0   1  -1   0   0   0   2   0  -1    5   7   6   4   3   4   5   5   5   5   5   5   4   3   5   8   5   3   3   4  0.02 0.06
  279 P     0   1   1   0   2   0  -1  -1   2  -1  -1   0   1  -1   0   0   0  -4   0  -1    6   7   6   5   4   5   4   5   6   4   5   6   3   3   5   8   6   0   3   5  0.01 0.07
  280 T     0   1   1  -1   1   0   0   0   2  -1  -1   0   0  -1   0   1   0  -5  -1  -1    7   7   7   4   3   4   5   6   6   3   6   5   2   2   5  11   6   0   2   4  0.03 0.10
  281 P    -1   0   0   0   2   0  -1  -1   2   0  -1   0   2   0   0  -1   0   3   1  -1    5   5   5   5   5   5   5   5   5   5   5   5   5   5   5   5   5   5   5   5  0.03 0.09
  282 G    -1   0   0   0   2   0  -1  -1   2   0  -1   0   2   0   0  -1   0   3   1  -1    5   5   5   5   5   5   5   5   5   5   5   5   5   5   5   5   5   5   5   5  0.03 0.09
  283 S    -1   0   0   0   2   0  -1  -1   2   0  -1   0   2   0   0  -1   0   3   1  -1    5   5   5   5   5   5   5   5   5   5   5   5   5   5   5   5   5   5   5   5  0.03 0.09
  284 P    -1   0   0   0   2   0  -1  -1   2   0  -1   0   2   0   0  -1   0   3   1  -1    5   5   5   5   5   5   5   5   5   5   5   5   5   5   5   5   5   5   5   5  0.03 0.09
  285 R    -1   0   0   0   2   0  -1  -1   2   0  -1   0   2   0   0  -1   0   3   1  -1    5   5   5   5   5   5   5   5   5   5   5   5   5   5   5   5   5   5   5   5  0.03 0.09
  286 A    -1   0   0   0   2   0  -1  -1   2   0  -1   0   2   0   0  -1   0   3   1  -1    5   5   5   5   5   5   5   5   5   5   5   5   5   5   5   5   5   5   5   5  0.03 0.09
  287 A    -1   0   0   0   2   0   0  -1   2   0  -1   0   2   1   0  -1   0   4   1  -1    5   5   5   5   5   5   5   5   5   5   5   5   5   5   5   5   5   5   5   5  0.09 0.08
  288 T    -1   0   0   0   2   0   0  -1   2   0  -1   0   2   1   0  -1   0   4   1  -1    5   5   5   5   5   5   5   5   5   5   5   5   5   5   5   5   5   5   5   5  0.09 0.08
  289 D    -1   0   0   0   2   0   0  -1   2   0  -1   0   2   1   0  -1   0   4   1  -1    5   5   5   5   5   5   5   5   5   5   5   5   5   5   5   5   5   5   5   5  0.09 0.08
  290 P    -1   0   0   0   2   0   0  -1   2   0  -1   0   2   1   0  -1   0   4   1  -1    5   5   5   5   5   5   5   5   5   5   5   5   5   5   5   5   5   5   5   5  0.09 0.08
  291 L     0   0   1  -1   1   0  -1   0   1  -1   0   0   1  -1   1   0   0   2   0   0    7   5   6   4   3   4   4   6   4   4   7   6   3   3   6   8   6   3   3   5  0.01 0.04
  292 A    -1   0   0   0   2   0   0  -1   2   0  -1   0   2   1   0  -1   0   4   1  -1    5   5   5   5   5   5   5   5   5   5   5   5   5   5   5   5   5   5   5   5  0.09 0.08
  293 N    -1   0   0   0   2   0   0  -1   2   0  -1   0   2   1   0  -1   0   4   1  -1    5   5   5   5   5   5   5   5   5   5   5   5   5   5   5   5   5   5   5   5  0.09 0.08
  294 G    -1   0   0   0   2   0   0  -1   2   0  -1   0   2   1   0  -1   0   4   1  -1    5   5   5   5   5   5   5   5   5   5   5   5   5   5   5   5   5   5   5   5  0.09 0.08
  295 R     0   0   0   0   2   0   0  -1   1   0  -1   0   1   0   0   0   0  -2   1   0    5   5   5   5   5   5   5   5   5   5   5   5   5   5   5   5   5   0   5   5  0.03 0.05
  296 T    -1   0   0   0   2   0  -1  -1   2   0  -1   0   2   0   0  -1   0   3   1  -1    5   5   5   5   5   5   5   5   5   5   5   5   5   5   5   5   5   5   5   5  0.03 0.09
  297 S    -1   0   0   0   2   0   0  -1   2   0  -1   0   2   1   0  -1   0   4   1  -1    5   5   5   5   5   5   5   5   5   5   5   5   5   5   5   5   5   5   5   5  0.09 0.08
  298 K    -1   0   0   0   2   0   0  -1   2   0  -1   0   2   1   0  -1   0   4   1  -1    5   5   5   5   5   5   5   5   5   5   5   5   5   5   5   5   5   5   5   5  0.09 0.08
  299 R    -1   0   0   0   2   0   0  -1   2   0  -1   0   2   1   0  -1   0   4   1  -1    5   5   5   5   5   5   5   5   5   5   5   5   5   5   5   5   5   5   5   5  0.09 0.08
  300 R    -1   0   0   0   2   0   0  -1   2   0  -1   0   2   1   0  -1   0   4   1  -1    5   5   5   5   5   5   5   5   5   5   5   5   5   5   5   5   5   5   5   5  0.09 0.08
  301 P    -1   3   0  -1   1   0  -1  -1   2  -2  -2   2   1  -1   0   0  -1   1  -1  -1    5  14   4   3   3   5   4   6   4   3   5  13   3   3   5   7   5   2   3   5  0.14 0.13
  302 S    -1   0   0   0   2   0   0  -1   2   0  -1   0   2   1   0  -1   0   4   1  -1    5   5   5   5   5   5   5   5   5   5   5   5   5   5   5   5   5   5   5   5  0.09 0.08
  303 R    -1   0   0   0   2   0  -1  -1   2   0  -1   0   2   0   0  -1   0   3   1  -1    5   5   5   5   5   5   5   5   5   5   5   5   5   5   5   5   5   5   5   5  0.03 0.09
  304 L     0   1   0  -2  -1   0  -2  -2   0   2   1   1   1   0  -1   1  -1   1  -2   0    6   6   4   3   1   4   2   3   3  12  13   8   4   4   3  11   3   2   1   5  0.10 0.09
  305 V     0   2  -1  -2   0   1  -1  -2   1  -1  -1   1   1   0  -2   2   0   1   0  -1    8  11   3   2   2   6   4   4   3   4   7   7   3   4   2  14   5   2   3   4  0.10 0.12
  306 A     0   0   0  -1   1   1  -1  -1   1   0   1   0   2   1  -1   0  -1   2   0   0    7   6   5   3   3   6   4   4   3   5  13   5   5   7   3   7   4   3   3   5  0.05 0.05
  307 L    -1   0   0   0   2   0   0  -1   2   0  -1   0   2   1   0  -1   0   4   1  -1    5   5   5   5   5   5   5   5   5   5   5   5   5   5   5   5   5   5   5   5  0.09 0.08
  308 R     0   0   0   0   2   0   0  -1   1   0  -1   0   1   0   0   0   0  -2   1   0    5   5   5   5   5   5   5   5   5   5   5   5   5   5   5   5   5   0   5   5  0.03 0.05
  309 E     0   0   1   0   2   1   0   0   2  -2  -1   0   1  -2   1   0   0  -3   1  -2    6   6   6   6   6   6   6   6   6   0   6   6   6   0   6   6   6   0   6   0  0.05 0.14
  310 Q    -1   2   0   0   0   1   0  -1   4  -1  -1   1   0  -1  -1   1   0  -3  -1  -1    4  12   4   5   2   6   4   5  12   3   5   7   2   2   3  11   5   0   2   5  0.14 0.17
  311 K    -2   3  -1  -2   2   0   0  -4   1   0  -2   4   1  -4  -1  -1  -1   2  -3  -2    3  14   2   2   5   3   4   0   4   5   3  31   4   0   3   5   4   3   0   3  0.41 0.36
  312 A     4  -1  -1  -1  -3  -1   0  -1  -3   0  -1   0   0  -1   0   0   0  -4   0   0   36   3   2   3   0   3   5   4   0   5   4   4   2   3   4   7   4   0   3   5  0.24 0.28
  313 L     0   0   0  -2   2   0   0  -1  -2   0  -1   0   1   1   0   0   0   3   1   0    6   6   5   0   5   5   6   6   0   6   6   6   5   5   6   6   6   5   5   6  0.06 0.11
  314 K    -2   3  -1  -3   2   0  -1  -2   0  -1  -1   4   1   0  -1  -1   0  -4  -3  -1    2  16   3   0   5   4   4   3   2   3   5  27   4   4   2   4   6   0   0   4  0.30 0.30
  315 T     0   0   0   0  -2   0  -1   0   2   0   0   0   1   1   1   0   0  -2   1   0    6   6   6   6   0   6   0   6   6   6   6   6   6   6   6   6   6   0   6   6  0.04 0.08
  316 L    -2  -1  -4  -4   1   0  -1  -2   0   2   4  -3   1   0  -1  -3   0  -3   0   0    3   4   0   0   3   4   5   4   2  10  40   0   3   4   4   0   6   0   3   5  0.32 0.28
  317 G     1  -1  -2   0   1   0  -1   3   1  -2  -1  -1   0   0  -1   0  -1   1  -2  -1   14   2   0   4   3   5   4  24   4   2   7   3   3   5   3   8   2   2   0   3  0.17 0.18
  318 I     0   0  -2   0   2  -2  -2   0   2   0   0   0   1   1   1   0   0   4   1   0    6   6   0   6   6   0   0   6   6   6   6   6   6   6   6   6   6   6   6   6  0.08 0.13
  319 I    -1  -3   0  -1  -3   0  -2  -2  -3   4   0  -3   1   0   0  -1  -1  -4  -2   3    3   0   5   3   0   4   3   3   0  29   7   0   3   4   5   3   3   0   0  23  0.29 0.25
  320 M    -1   0  -3  -3  -2   0  -3  -1  -3   2   1  -2   4   1  -3   0   0  -3   1   2    5   5   0   0   0   4   1   4   0   9  12   0  17   6   0   6   6   0   5  19  0.24 0.22
  321 G     0  -1  -2  -3   2   0  -1   4   0   0  -1  -1   0  -1  -1   0  -1  -3  -3  -1    9   4   0   0   6   4   3  34   3   5   8   2   2   3   3   7   2   0   0   4  0.25 0.20
  322 V     2  -3  -1  -3   3  -2  -2   1  -3   1   0  -3   1  -1  -3   1   1  -3  -3   2   23   0   2   0   7   0   2  10   0   6   7   0   5   3   0   9   8   0   0  16  0.22 0.22
  323 F    -1  -5  -5  -5  -4  -5  -5  -5  -4   0   0  -5   2   8  -5  -4  -4  -2   2  -3    5   0   0   0   0   0   0   0   0   5   6   0   5  68   0   0   0   0   6   0  1.65 0.63
  324 T    -1   0  -1  -3   0  -2  -2  -1  -3   3   1  -2   1   1  -3   0   0   1   0   2    4   5   3   0   2   0   1   6   0  20  16   0   5   7   0   7   5   2   2  13  0.14 0.14
  325 L     0  -3   1  -3   0  -3  -3  -2   0   3   2  -3   0   1  -1   0  -1  -3  -2   2    6   0   9   0   2   0   0   2   2  23  19   0   1   6   3   6   2   0   0  15  0.22 0.19
  326 C    -1  -3  -1  -5  10  -4  -5  -1  -4  -3  -2  -4   0  -2  -4   0   0  -1  -1  -2    4   1   4   0  58   0   0   5   0   0   4   0   2   1   0   6   7   1   2   2  1.58 0.61
  327 W    -1   0   1  -2   3  -2  -2   0  -2  -1   0  -2   2   1  -3   0   0   4   2   0    1   8   8   0   8   0   0   8   0   0   8   0   8   8   0   8   8   8   8   8  0.15 0.15
  328 L    -1  -3  -3  -4   0  -2  -3  -2  -3   1   3  -3   2   1   0  -1   2   0   0   1    6   0   0   0   2   2   0   3   0   5  38   0   5   6   4   2  13   1   2   8  0.31 0.23
  329 P    -3  -1  -4  -4  -5  -4  -4  -2  -4  -4  -3  -3  -4  -1   8  -3  -4  -5  -4  -1    1   4   0   1   0   0   1   3   0   1   3   1   0   3  74   1   1   0   0   4  1.96 0.68
  330 F    -1   0  -3  -5  -4  -4  -1  -5   0  -1  -1  -4  -3   7  -5  -2  -4   2   4  -2    5   5   1   0   0   0   4   0   2   2   6   0   0  52   0   4   0   2  13   2  1.07 0.48
  331 F    -3  -3   1  -4  -1  -2  -3  -3   0  -1  -1  -4   0   7  -5   0   0   1   1  -2    1   1   8   0   1   1   1   1   2   2   4   0   2  53   0   7   6   1   3   2  0.94 0.45
  332 L    -1  -3   0  -3   0  -1  -3  -3  -3   3   2  -3   0   1  -3   0   1  -3  -2   2    4   0   4   0   2   2   0   2   0  22  21   0   1   6   0   7  10   0   0  17  0.29 0.22
  333 A     0  -2   0  -1   0  -1  -2  -2  -2   1   2  -2   1   0  -3   0   1   4   0   1    6   1   6   2   2   3   1   3   1   9  20   1   5   3   0   6  11   6   2  11  0.12 0.13
  334 N    -1  -3   4  -3  -2  -2  -2  -3   1  -1  -1  -2   0   2  -1   1   0   2   5  -2    5   0  21   0   1   1   2   1   3   4   4   2   3   7   3  11   6   2  21   2  0.41 0.32
  335 V    -2  -1  -1  -3   2  -3  -4  -4  -4   3   3  -3   2   0   0  -2   0   0  -3   2    2   4   4   2   5   0   0   0   0  17  27   0   5   3   5   2   6   2   0  17  0.33 0.24
  336 V    -1  -2  -1  -4   2  -3  -4  -4   1   4   2  -4   1  -1  -4  -2   1   0  -1   2    4   1   4   0   4   0   0   1   4  29  18   0   3   2   0   1   8   2   2  15  0.41 0.28
  337 K     0   1   0   1   0   0   0  -1   2  -1  -1   1   0  -1  -2   1   1  -1   0   0    4   6   5   7   2   2   6   4   6   3   5   7   2   2   1  15  11   1   3   7  0.07 0.10
  338 A     3  -2  -2  -3  -2  -3  -3   0  -3  -3  -2  -3  -1  -3   4   2   1  -5  -2  -1   30   2   2   1   1   1   1   8   0   1   3   1   1   1  17  17   8   0   1   5  0.50 0.37
  339 F    -2  -5  -4  -4   1  -4  -5  -5   0   2   2  -4   1   6  -4  -2  -3   2   1   2    4   0   1   1   3   1   0   0   2   9  17   1   2  33   1   4   1   2   4  13  0.70 0.39
  340 H    -3  -2   1  -4  10  -3  -3  -4  -1  -1  -1  -3   0  -1  -2  -2  -1   1  -1  -2    2   2   6   1  49   2   2   1   2   4   6   2   2   3   2   4   4   2   2   3  1.55 0.72
  341 R    -1   1   1   1  -1   0   0   2   0  -4  -3   1  -3  -4   4   1  -1  -3  -3  -4    6   6   6   7   1   3   5  17   2   1   2   8   1   1  18  10   4   0   1   1  0.34 0.26
  342 D    -2  -3   1   2   6  -1   1  -1   0  -2  -3  -2  -1   0  -2   2   1  -1   1  -3    3   1   6  11  19   2   8   4   2   3   1   3   1   4   2  13   8   1   4   2  0.43 0.30
  343 L    -1  -2   0  -2   8  -1  -2  -4   1   0  -1  -2  -2  -1   0   0   0   2   1  -1    6   2   4   2  31   3   3   1   3   5   7   3   1   2   5   6   5   3   4   4  0.73 0.41
  344 V    -2  -3  -3  -3   4  -3  -5  -5  -3   5   0  -3   0   0  -1  -3   0   0  -2   3    4   1   2   1   7   1   1   1   1  28   8   2   2   4   3   2   6   1   1  23  0.63 0.35
  345 P    -3  -5   1   0  -7  -4  -3  -4   2  -4  -3  -2  -3  -4   7   1  -3  -3  -3  -4    2   1   6   5   0   1   2   2   4   1   3   2   1   1  53  12   2   0   1   1  1.39 0.73
  346 D    -1   0  -1   3  -3  -1   2  -1   0  -3  -2   0  -2  -1   4   0  -1  -3  -1  -2    5   5   3  15   0   3  11   5   2   2   4   6   1   3  18   7   4   0   3   4  0.29 0.23
  347 R     0  -1  -1  -1  -3  -1   0  -2   1   1   0  -1  -1   0  -1  -1   2   4   1   1    7   4   3   3   0   2   6   3   4  10  11   4   1   3   3   5  12   6   4   9  0.12 0.12
  348 L     1  -6  -5  -7  -2  -5  -5  -4  -6   2   4  -5   1   0  -4  -4  -1   3  -3   4   10   0   1   0   1   1   1   1   0   9  31   1   4   4   1   1   3   4   1  27  0.81 0.44
  349 F    -3  -2  -2  -1  -4  -3  -2  -4   1   0  -1  -3   2   6  -5  -1  -3   4   4   1    2   3   2   4   0   1   3   2   3   4   5   2   5  32   0   5   2   5  11   9  0.79 0.42
  350 V     0  -1   1   2  -3   0   0  -2  -1  -2  -2   1  -1  -1  -2   2   1  -3  -2  -1    9   4   6  11   1   3   7   3   2   2   5  10   2   3   2  17  10   0   1   3  0.18 0.18
  351 F     1  -6  -7  -7  -2  -7  -7  -5  -7   4   1  -7  -1   5  -5  -3   1  -2  -1   3   11   0   0   0   1   0   0   1   0  22  11   0   1  18   1   2   7   1   2  22  0.89 0.47
  352 F     0  -7  -7  -7   2  -6  -7  -4  -6   2   2  -7  -1   6  -7  -1   1  -2  -4   2    9   0   0   0   4   0   0   2   0   9  20   0   1  29   0   4   8   1   0  13  0.89 0.48
  353 N    -4  -6   1  -6  -2  -4  -5  -5   0   0   3  -3  -2   4  -6  -1   4  -5   1   0    1   0   7   0   1   1   1   1   3   5  22   1   1  18   0   4  23   0   4   7  0.70 0.42
  354 W    -6  -9 -10 -10  -3  -9  -9  -7  -9  -2  -2  -9  -3  -1 -10  -6  -6  13  -4  -4    1   0   0   0   1   0   0   1   0   3   4   0   1   2   0   1   1  83   1   2  4.35 1.65
  355 L    -5  -7  -8  -8  -1  -7  -5  -8  -8   2   6  -7   2   0  -8  -6  -4  -2  -6  -1    1   0   0   0   1   0   1   0   0  10  72   0   4   3   0   1   1   1   0   4  1.70 0.77
  356 G     0  -7  -4  -7   0  -5  -7   7  -4  -5  -3  -7  -3  -8  -2  -2  -2  -8  -8  -3    7   0   1   0   2   1   0  72   0   1   3   0   1   0   2   4   3   0   0   2  1.78 0.82
  357 Y    -6  -7  -4  -8  -8  -7  -8  -8   1  -7  -4  -7  -1   1  -8  -7  -5   6  10  -5    1   0   1   0   0   0   0   0   3   0   1   0   2   5   0   0   1   8  76   1  3.03 1.21
  358 A     1  -5  -5  -6   6  -5  -5  -4  -5   3   2  -5   1   3  -4   0  -1  -3  -1   2   11   0   0   0  15   0   0   1   0  13  17   0   3  14   1   7   4   0   2  11  0.64 0.37
  359 N    -6  -6   9  -4  -4  -4  -6  -5  -5  -8  -6  -6  -7  -8  -7  -1  -6  -8  -7  -8    1   0  90   1   0   1   0   1   0   0   1   0   0   0   0   4   0   0   0   0  3.08 1.24
  360 S    -2  -4  -5  -6  -1  -6  -6  -6  -6  -7  -7  -6  -7  -7  -3   8  -4  -8  -7  -7    3   1   0   0   1   0   0   0   0   0   0   0   0   0   1  92   0   0   0   0  2.55 1.14
  361 A     4  -4  -5  -4   4  -4  -5   0  -5  -3   0  -4   2   1  -4   1   3  -5  -4  -2   34   1   0   1   8   0   0   6   0   1  10   0   6   5   1   8  16   0   0   3  0.64 0.42
  362 F    -2  -6  -6  -6   2  -5  -6  -5  -6   4   4  -6   4   1  -6  -5  -2  -5  -4   2    4   0   0   0   4   0   0   1   0  19  40   0   9   6   0   1   2   0   0  13  0.95 0.46
  363 N    -6  -6   9  -4  -7  -5  -3  -6  -5  -4  -7  -5  -2  -7  -7  -5  -5  -8  -7  -7    0   0  92   0   0   0   2   0   0   1   0   0   1   0   0   0   0   0   0   0  3.08 1.14
  364 P    -6  -7  -7  -6   1  -6  -6  -7  -7  -7  -7  -6  -7  -8   9  -4  -6  -8  -7  -4    0   0   0   0   3   0   0   0   0   0   0   0   0   0  91   1   0   0   0   1  3.19 1.18
  365 I    -2  -5  -6  -6  -1  -5  -6  -5  -5   5   2  -5   1   4  -4  -5  -4  -1  -1   2    3   0   0   0   1   0   0   1   0  36  19   0   3  17   1   0   0   1   2  14  0.98 0.44
  366 I    -5  -6  -6  -7   0  -6  -6  -7  -6   7   2  -6  -2  -3  -6  -6  -4  -6  -5   1    0   0   0   0   2   0   0   0   0  67  18   0   1   1   0   0   1   0   0   8  1.80 0.69
  367 Y    -6  -6  -6  -7  -7  -6  -6  -7  -4  -6  -4  -6  -6  -1  -7  -3  -6  -3  10  -6    0   0   0   0   0   0   0   0   0   0   1   0   0   1   0   2   0   0  90   0  3.35 1.14
  368 C     4  -4  -2  -4   5  -4  -4  -1  -5  -1  -3  -4  -3  -1  -1   0   3  -3  -4  -2   40   0   2   0  11   0   0   4   0   4   1   0   0   3   3   7  21   0   0   3  0.78 0.44
  369 R    -5  -1  -4  -6  -4  -4  -5  -6   1  -3   1  -5   2   7  -6  -1  -2   2   2  -3    0   4   1   0   0   1   0   0   3   1  13   0   5  52   0   5   3   3   7   2  1.32 0.56
  370 S    -4  -2   8  -2  -4  -4  -4  -4   2  -5  -7  -4  -1  -4  -6   3  -3  -4  -1  -5    1   2  62   1   0   0   0   1   5   1   0   0   1   1   0  19   1   0   3   1  1.73 0.76
  371 P    -1   5  -2  -2  -6   0  -1  -3   2  -4  -3   3  -2  -6   3  -1  -2  -6  -4  -3    4  33   1   2   0   3   2   2   5   1   2  21   1   0  14   4   2   0   0   1  0.76 0.43
  372 D    -3  -1  -1   6  -5   0   3  -3  -1  -5  -6  -1  -6  -7  -4  -1  -1   2  -6  -4    1   4   2  47   0   3  21   2   1   1   1   4   0   0   1   5   4   3   0   1  1.10 0.54
  373 F    -8  -8  -8  -9  -8  -9  -9  -9  -4  -3  -3  -8  -1   9  -9  -8  -7  -4   1  -6    0   0   0   0   0   0   0   0   0   1   2   0   2  92   0   0   0   0   3   0  3.23 1.10
  374 R    -5   8  -3  -6  -8   0  -5  -6  -4  -8  -7   2  -6  -8  -7  -5  -6  -8  -5  -8    1  82   1   0   0   4   0   0   0   0   0  10   0   0   0   1   0   0   0   0  2.48 0.96
  375 K    -1   5   0  -1  -4   1   0  -2   1  -2  -2   3  -2  -1  -3   0   0  -5  -2  -3    5  29   4   2   0   6   7   3   3   2   3  17   1   3   0   6   4   0   1   1  0.45 0.30
  376 A     6  -6  -4  -6  -1  -5  -2  -2  -6  -5  -5  -4  -5  -5   0  -1   0  -7  -6  -1   75   0   0   0   1   0   3   2   0   0   0   0   0   0   6   3   5   0   0   4  1.49 0.71
  377 F    -5  -8  -8  -8  -2  -8  -8  -8  -6  -1   0  -8  -2   9  -8  -7  -7  -4   2  -3    1   0   0   0   1   0   0   0   0   3   7   0   1  81   0   0   0   0   5   1  2.65 0.93
  378 Q    -2   4  -3  -4  -2   2  -3  -3  -1  -1  -1   5  -1  -3  -5  -2  -2   3  -2  -1    4  20   1   0   1   7   0   2   1   4   5  39   1   1   0   3   2   4   1   4  0.74 0.43
  379 R    -1   4   2  -1  -3   0   0  -3   0  -2  -2   4   0  -5  -4   0  -3  -6  -3  -3    4  24   9   2   1   4   5   2   2   2   3  29   3   0   0   6   1   0   1   2  0.61 0.37
  380 L    -2  -6  -6  -7  -5  -4  -6  -6  -5   5   4  -6   2   0  -6  -4   0  -5  -1   1    3   0   0   0   0   1   0   0   0  38  35   0   5   4   0   1   5   0   2   6  1.05 0.48
  381 L    -5  -6  -6  -7  -5  -6  -7  -7  -6   2   6  -6   1   3  -6  -5  -2  -2  -3   0    0   0   0   0   0   0   0   0   0  10  65   0   3  11   0   0   3   1   0   5  1.33 0.58
  382 C    -2   2  -4  -4   8  -1  -3   0   0  -3  -1   0  -1  -1  -2   1   1  -3  -3  -3    3  11   0   0  34   3   1   6   2   1   6   6   2   3   2   9   8   0   1   1  0.82 0.41
  383 C    -3   1  -4  -5  10  -3  -5   0  -3  -3  -2  -2  -3  -1  -1  -1  -3  -1   0  -3    1   7   1   1  56   1   1   7   1   1   4   3   1   3   3   4   2   1   3   2  1.72 0.64
  384 A    -1   3   0  -1   2   2  -1   0   2  -2  -1   2  -1  -1   0   0  -2   1   0  -2    3  17   4   2   6   8   1   7   5   2   5  15   2   2   5   6   1   2   3   3  0.20 0.17
  385 R    -2   3  -2  -3   6  -1  -2  -4   0  -2  -1   1  -2   2  -1  -2  -2   3   2  -1    2  21   2   1  17   2   1   1   2   2   6  10   1   8   3   3   1   5   7   5  0.47 0.28
  386 R    -2   5  -1  -2   3   0  -1  -2   0  -1   0   2  -1  -1   0  -1  -1  -2  -2  -2    2  31   3   1   8   4   3   3   2   4   8  12   1   3   5   4   3   0   1   2  0.36 0.25
  387 A     0   2   1  -1   3   0  -1   0   0  -2  -1   1  -1  -2   0   1   0   0  -1  -2   10  16   6   2   7   4   1   8   2   2   5   8   1   1   5  10   7   1   1   2  0.14 0.13
  388 A     0   1   0  -1   2   0   0   1   0   0  -1   0  -1  -1   1   0   0   1   0  -1    8   9   5   2   5   3   4  10   2   8   6   5   1   3   7   9   6   3   3   2  0.05 0.06
  389 R    -2   4   2  -1  -1   0  -1   0   1  -3  -3   1  -1  -2  -1   1   1  -1  -2  -2    2  26  12   3   1   3   3   6   3   1   2  10   2   2   3   9   7   1   1   2  0.32 0.23
  390 R     0   5   0  -2  -3   1  -1  -3   0  -4  -2   3  -2  -3  -1   0  -2   1  -1  -3    7  33   4   2   0   5   3   1   2   0   5  18   1   1   3   7   2   2   3   1  0.53 0.32
  391 R    -2   6   0  -3  -4   0  -2  -2   0  -3  -3   2  -2  -3  -2  -1  -1  -1   0  -2    3  46   4   1   0   4   1   3   2   2   3  12   1   1   2   5   4   1   3   2  0.75 0.40
  392 H     0   2   1   0   1   0  -1  -1   4  -2   0   0  -2   0  -1   0   0  -1   1  -2    6  15   6   4   4   4   3   3  14   2  10   3   1   4   3   8   4   1   4   3  0.15 0.14
  393 T     0   0   1   0   1   0   0   1   0  -2  -2  -1   0  -1   1   2   2   0   0  -1    6   7   6   4   4   3   4  10   2   1   4   1   3   3   6  15  14   1   3   3  0.11 0.12
  394 A     1   0  -1   0   1  -1  -1   0   0  -2   0  -1  -1  -2   0   3   1  -1   0  -1   12   5   1   5   3   2   4   6   2   2  11   3   1   1   4  24   7   1   3   2  0.12 0.14
  395 H     0   2   1   1  -1   1   0   1   2  -1  -1   0  -2  -1  -1   1  -1  -1   1  -1    6  12   5   9   2   7   4  10   5   3   5   2   0   2   3  13   2   1   5   3  0.10 0.10
  396 G     0   0   0  -2  -2   0  -1   3   0  -1   0  -1  -1   0  -2   1   1  -2  -1   0    4   5   4   1   1   5   4  23   2   3   9   3   1   4   1  13   8   0   2   6  0.14 0.12
  397 G    -1   0   1   0  -1   0  -1   2   1  -2  -1  -1  -1  -1   0   2   0  -2   0   0    3   4   9   4   1   3   3  14   4   1   6   3   1   2   4  18   7   0   4   6  0.10 0.11
  398 R    -1   3   0  -2  -4   2  -1  -2   1  -3  -1   1  -1  -1   0   1   1  -3   0  -1    5  22   3   2   0  10   2   2   3   1   7   8   1   2   5  13   7   0   3   3  0.24 0.19
  399 P    -1   2   1  -1  -2  -1   0  -1   0  -2  -3  -1   2  -1   3   1   0  -3  -1  -1    5  15   6   2   1   2   5   5   2   2   1   2   8   3  14  13   5   0   2   5  0.23 0.19
  400 R    -1   6  -2  -2  -4   1  -2  -1   2  -4  -4   1  -4  -3  -2   0   0  -5  -4  -4    5  46   1   2   0   7   2   4   4   1   1   8   0   1   2   7   7   0   0   1  0.82 0.42
  401 A     1   0   1  -2   1   2  -1   0  -1  -2  -1   0  -2  -1   1   2   1  -4   0  -1   11   4   9   1   3  10   3   6   1   1   6   4   1   2   8  15   9   0   4   3  0.15 0.15
  402 S    -1   1   0   1  -2   1  -1   0  -1  -3  -3  -2  -3  -5  -1   4   2  -5  -3  -1    3   9   4   7   1   6   2   8   1   1   2   1   0   0   3  35  12   0   1   4  0.44 0.32
  403 G     0   3   1  -2   0  -1  -2   2   0  -3  -2   0  -2  -2  -2   2  -1   0  -1  -2    6  20   6   2   2   2   1  17   2   1   5   4   1   1   1  21   3   2   2   2  0.29 0.23
  404 C     1   1  -1  -2   4   0  -1   0  -2  -1  -1  -2   0   1  -2   2   1  -3   1  -2    9   7   2   1  12   4   4   7   1   4   4   0   3   7   1  17  10   0   6   2  0.21 0.19
  405 L     0   1  -1  -1  -1   1  -1  -1  -1   0   1  -1   0   0   2   1   1  -3  -1   0    5  10   2   2   1   7   3   6   1   4  13   1   2   5   9  11   9   0   2   9  0.07 0.10
  406 A     1   2  -1  -1   0   1   0   0   1  -2  -2  -1   1  -2   0   3   1  -4  -3  -1    9  10   2   2   2   5   5   8   3   1   3   2   4   1   5  25   7   0   0   4  0.21 0.20
  407 R     0   4  -1  -2  -4   0   0  -2   2  -1  -2   0   0  -1   1   1   0  -4   2  -1    8  23   2   2   0   4   4   3   5   3   2   5   2   2   6  12   4   0   8   4  0.23 0.19
  408 S     0   0   3  -1  -2   1  -2  -2   0  -4  -2  -1   0  -2  -1   4   1  -4   2  -3    7   6  13   3   1   8   1   2   2   0   3   2   2   2   4  31   8   0   6   1  0.39 0.30
  409 G     0   1   1   0  -4   1  -2   3  -3  -1   0  -2   2  -4  -1   2  -1  -4  -2  -1    7   7   8   4   0   6   1  20   0   4  10   1   5   0   2  17   2   0   1   3  0.21 0.19
  410 P    -1   2  -1  -1  -1   2   0  -1   1  -3  -3  -1  -1  -2   4   1   2  -4  -1  -1    4  11   2   2   1   8   6   4   3   1   1   3   2   2  19   9  15   0   2   5  0.32 0.23
  411 P     0   2  -2  -2  -2  -2  -3  -4   2  -2  -2  -1  -1  -5   5   1   1  -5  -4   1    6  14   1   2   1   1   1   0   5   1   5   2   2   0  28  10  10   0   0  11  0.55 0.32
  412 P    -1  -2   0   0  -2  -1   0  -1   1   0  -2  -2  -2  -3   5   1  -1  -5  -3  -2    5   2   3   6   1   2   7   4   4   8   4   2   1   1  30  12   4   0   1   3  0.46 0.26
  413 S     0   1   0  -1  -3   2   0   0   0  -1  -1  -1  -3  -4  -1   3   2  -4  -3  -1    7   7   4   2   0   9   4   6   2   3   6   1   0   0   3  27  14   0   1   3  0.26 0.22
  414 P     0   2  -2  -1  -2   1  -2  -2  -1  -3  -3  -1  -2  -3   6   1   0  -5  -3  -2    6  10   2   3   1   7   2   2   1   2   2   3   1   1  37  11   5   0   1   2  0.70 0.34
  415 G     1   2   0  -2  -1  -2  -3   2   1  -3  -3  -1  -1  -4  -1   2   3  -4  -1  -2   10  12   4   1   2   0   0  17   4   1   2   2   2   0   3  15  21   0   2   1  0.33 0.24
  416 A     2  -1   2  -1  -3   1  -1  -1   2   0  -2  -1   0   0  -1   2   1  -4  -2  -2   21   3  10   2   0   6   1   4   5   5   3   2   3   6   3  16   7   0   0   2  0.17 0.17
  417 A     1   0   0   0  -1  -1  -2   0  -2  -1  -2  -2  -2   0   0   4   0  -4  -1  -1   13   5   3   4   1   3   1   6   1   5   3   1   1   4   5  34   4   0   2   5  0.24 0.21
  418 S     0   0   1  -1  -3  -1  -2  -2  -1   1  -1  -2  -2  -4   1   3   1  -5  -4  -1    8   6   8   2   0   2   2   2   1  12   5   0   1   0   7  32   9   0   0   3  0.31 0.24
  419 D    -1   0   2   2   3   1   0   1   2  -2  -2  -1  -2  -1   0   0   0  -4  -2  -1    4   4  14  12   7   6   6  10   6   1   3   2   0   3   5   5   5   0   1   5  0.17 0.13
  420 E    -1   1   0   3  -1   0   2  -1   0  -1  -1  -1  -1  -3  -1   0   1  -4  -2   0    2  11   3  18   2   2  15   5   2   4   8   2   1   0   2   5   9   0   1   8  0.16 0.13
  421 D     2  -1   4   4  -4  -3  -2  -1  -3  -4  -3  -3  -4  -3  -2   3  -1  -5  -4  -4   16   4  18  25   0   0   0   4   0   0   2   0   0   1   2  25   3   0   0   0  0.64 0.34
  422 E    -1  -1   2   3  -4   0   1   1  -2  -4  -3  -1  -3  -2   0   2  -1  -4  -1  -1    3   3  10  21   0   4   7  11   0   0   3   2   0   1   5  22   1   0   2   5  0.33 0.21
  423 D    -1   0   2   4  -4  -2   0  -2   0  -3  -2   0  -3  -4   2   0   0  -5  -4  -1    4   5  12  31   0   0   5   2   2   0   5   5   0   0   8   7   5   0   0   5  0.42 0.23
  424 A     0  -1   1   1   2   0  -1  -2  -1   0  -1  -1  -2  -2   1   2   0   0  -1   1    5   2   7  10   6   3   3   1   1   6   5   1   0   1   8  19   6   1   2  13  0.14 0.13
  425 V    -1   1  -2  -3   3   0  -2  -2   1   1   1   1  -1  -1   1  -2   0  -3   1   1    2   8   1   0   8   4   0   4   4   8  17   9   0   2   8   1   5   0   5  14  0.13 0.13
  426 G     0  -2   0   0  -1   2  -1   2  -3  -3  -2  -1  -1  -1   0   3   1  -4  -3  -2    6   0   3   6   1  10   3  18   0   0   5   3   1   3   5  25   9   0   0   1  0.26 0.19
  427 A     0   0   1  -2  -3   0   0   1   0  -2  -2   1  -1  -3   1   2   1  -4  -2  -1    6   6   5   0   0   3   5  11   3   2   2   9   2   0   8  23   8   0   1   5  0.19 0.14
  428 A     1  -1   0   1  -3   0   2  -2   0  -3  -3  -2  -3  -4   0   3   3  -5  -3  -2   13   3   4   8   0   2  15   2   2   0   1   0   0   0   4  25  18   0   0   3  0.38 0.24
  429 P     0  -2  -3  -2  -4  -3  -3  -2   0  -2  -1   0  -4  -5   6   2  -3   0  -4  -3    5   2   0   2   0   0   0   3   2   2   6   5   0   0  48  20   0   2   0   2  1.03 0.39
  430 P    -1   1  -1   1  -4   1   2  -3  -2  -2  -2  -1   0  -4   4   0   1  -4  -3  -1    4  11   2   9   0   5  18   0   0   2   3   0   4   0  22   8   8   0   0   4  0.41 0.20
  431 A     1   0   2  -2   2   0   0  -2  -1  -1  -1   0  -2  -3   0   1   2  -4  -2   1    9   5  12   0   5   2   5   0   2   0   5   7   0   0   4  14  13   0   0  14  0.14 0.13
  432 R    -1   5   1  -1  -4   1   1  -3  -2  -3  -3   2  -3  -4   1   1   1  -4  -3  -2    2  35   6   2   0   5   9   0   0   0   0  11   0   0   6  10  10   0   0   3  0.48 0.20
  433 L    -1  -1  -2  -1  -2   0   0   0  -2   1   2  -1   2  -1   0  -1  -1  -3  -2   0    3   4   0   3   0   6   5   7   0  11  32   3   9   0   4   6   3   0   0   3  0.13 0.10
  434 L     0  -1  -2   0  -2  -1   0  -1  -2   0   1   0   3  -2   2   0   0  -3  -2   1    6   3   0   7   0   0   6   5   0   0  18   8  16   0   9   6   4   0   0  13  0.13 0.11
  435 E     0   1   1   1  -3   0   2   0  -2  -2  -1   1  -2  -3   3   1  -1  -4  -3  -2    6  10   7   7   0   0  17   8   0   3   6  10   0   0  13  12   0   0   0   0  0.25 0.11
  436 P     0   0  -2   0  -3   0  -1  -1  -2  -2  -1  -1   1  -3   5   2   1  -4  -3  -1    6   4   0   4   0   5   3   3   0   0   6   0   6   0  29  19   9   0   0   4  0.44 0.16
  437 W    -2   0   4  -1   1   0   1  -2  -1  -1  -1   0  -2  -2  -3   0  -1   6   1  -1    0   3  25   0   3   5  12   0   0   4   8   7   0   0   0   9   0  14   4   4  0.35 0.16
  438 A     2  -1  -1  -2   1  -1   0   2  -2  -3   0  -1  -2  -3  -2   3   0  -4  -3  -2   18   3   0   0   4   0   5  19   0   0  10   3   0   0   0  35   3   0   0   0  0.32 0.16
  439 G     0  -2   4   1  -3  -1   0   2  -2  -3  -3  -2  -3   0   0   3   0  -4  -2  -2    8   0  25   5   0   0   4  15   0   0   0   0   0   6   4  28   4   0   0   4  0.35 0.16
  440 C    -1  -3  -2   0   7   0   0  -3  -2  -1  -1  -2   0   0  -3  -1   1  -2   2   1    3   0   0   7  29   6   5   0   0   0   3   0   4   4   0   4   8   0  11  16  0.42 0.18
  441 N    -1   0   5   2  -3   1  -1   0  -1  -3  -4   0  -3  -4   1   2  -1  -4  -3  -2    0   5  37  10   0   6   0   5   0   0   0   5   0   0   8  21   0   0   0   4  0.48 0.18
  442 G     0   0   0   0  -3  -2  -2   4  -2  -3   0   1  -2  -3  -3  -1   0  -3  -3  -2    8   6   4   4   0   0   0  46   0   0  14  12   0   0   0   0   5   0   0   0  0.43 0.15
  443 G     1   1   2  -1  -3  -1   0   4  -2  -3  -3  -1  -3  -3  -2   1  -1  -3  -3  -3   14   9  10   0   0   0   5  45   0   0   1   0   0   0   0  11   0   0   0   1  0.52 0.15
  444 A     1   1  -1  -2  -2  -1   0   2  -1  -1   0  -1   0  -1   0   0   1  -2   1   0   13  13   0   0   0   0   6  16   0   0   9   0   4   0   4   5  12   0   6   9  0.09 0.06
  445 A     2   0   0  -2  -2   1  -1   1  -2  -1  -2   0  -1  -3   0   2   0  -3  -2   0   25   4   4   0   0  10   0   8   0   4   0   4   0   0   5  19   5   0   0  10  0.18 0.09
  446 T    -1   1   1   0   1  -1   0  -1  -2  -1   0  -1  -1  -1  -2   1   3  -3  -2  -1    1  12   9   4   4   0   5   5   0   0  15   0   0   4   0  12  26   0   0   0  0.15 0.10
  447 A     1   0   2   1  -2  -1  -1   1  -2   0  -2   0  -1  -3   0   1  -1  -3  -2   0   18   4  12   8   0   0   0  12   0  11   0   4   0   0   4  17   0   0   0   7  0.14 0.08
  448 D    -1  -2   4   2  -3  -1  -1   2  -2  -3  -3   0  -3  -1   1   1   0  -4  -3  -1    0   0  30  12   0   0   0  17   0   0   0   4   0   4   8  12   6   0   0   6  0.37 0.14
  449 S     1   0  -1   0   2  -1   1   1  -2  -3  -2   0  -2  -3  -2   3   1  -3  -3  -2   11   5   0   4   5   0   8  12   0   0   5   4   0   0   0  35  10   0   0   0  0.25 0.11
  450 D     0   2   3   5  -4  -1   0   1  -2  -4  -4  -1  -3  -4   0  -1  -2  -5  -3  -3   11  13  18  40   0   0   4  10   0   0   0   0   0   0   5   0   0   0   0   0  0.56 0.16
  451 W    -1   1   2   1  -3  -1  -1   0   2  -3  -3  -1  -3  -3   1   3   1   1  -2  -3    0  10  11   6   0   0   0   7   7   0   0   0   0   0   5  43  10   2   0   0  0.38 0.15
  452 S     0   1   2  -1  -2   1  -1   0  -2  -3  -3  -1  -2  -4   1   4   1  -4  -3  -3    5   9  12   0   0   5   0   5   0   0   0   0   0   0   6  53   5   0   0   0  0.48 0.18
  453 L    -2  -2  -2  -3  -2  -2  -3  -3   3   0   3  -2   0   2   0  -1   0  -1   3   1    0   0   0   0   0   0   0   0  11   0  40   0   0   7   6   5   7   0  12  13  0.26 0.11
  454 D     1  -1   2   1  -2   0   1  -2   3  -1  -2   0   0   0  -2   0   2  -3  -1   0   12   0  14  10   0   0  12   0  10   0   0   7   4   6   0   0  17   0   0   9  0.16 0.08
  455 E     1  -1   0  -1  -3   2   3   2  -1  -2  -1  -1  -2  -3   1   0   0  -3  -3  -1   14   0   5   0   0  12  29  17   0   0   5   0   0   0   6   0   8   0   0   6  0.24 0.09
  456 P     0   3   1  -2  -3  -1  -1  -2   1  -1  -1   1  -1  -3   3   1   0  -3  -2  -2    6  22   8   0   0   0   0   0   6   7   7   6   0   0  18  16   4   0   0   0  0.28 0.08
  457 G    -1  -2   1   0   4  -1  -2   2   4  -1  -2  -2  -2  -3  -3   1   0  -3  -2   0    0   0   7   7  15   0   0  23  18   6   0   0   0   0   0  11   6   0   0   7  0.30 0.10
  458 R    -1   3  -1   1  -3  -1  -1  -2   3  -2  -2   0  -2  -3   1   2   1  -4  -2   0    0  23   0   8   0   0   0   0  12   0   0   4   0   0   7  23   8   0   0  14  0.25 0.10
  459 A     1   2  -2  -2  -3   0  -1  -2  -2  -2   0   1  -1  -3   4   0  -1  -3  -3  -2   15  20   0   0   0   3   0   0   0   0  16  11   0   0  26   9   0   0   0   0  0.42 0.10
  460 G     1  -2  -1  -2   2  -2  -2   3  -2   0  -2  -2  -2   1  -2   2   1  -3  -2  -1    7   0   0   0   7   0   0  31   0   9   0   0   0   8   0  25  13   0   0   0  0.30 0.10
  461 F    -1   0  -1  -2   3  -1  -2  -2   3  -2   0  -1  -1   3   1   2   2  -2   0  -2    0   6   0   0   7   0   0   0  12   0   9   0   0  18   7  26  16   0   0   0  0.21 0.10
  462 A     1   0   2   0  -2   0   1   1  -1  -1  -2   0  -1  -3  -2   2   1  -3  -2  -1   18   6  18   0   0   0  11   7   0   7   1   0   0   0   0  21   9   0   0   0  0.19 0.05
  463 S     0  -2   0  -1  -2  -1   1  -1  -2  -3  -3  -1  -2  -3  -2   5   2  -4  -3  -2    0   0   0   0   0   0  10   0   0   0   0   0   0   0   0  82   7   0   0   0  0.71 0.18
  464 E    -1   1   0   2  -3   1   4  -2   3  -3  -3   0  -2  -3   2   1   0  -3  -2  -3    0   9   0  12   0   0  41   0  11   0   0   0   0   0   9   9   9   0   0   0  0.44 0.07
  465 S     0  -1   0  -1  -2   2   0  -1  -1  -3  -3  -1  -2  -3   2   4   2  -3  -2  -2    0   0   0   0   0  14   0   0   0   0   0   0   0   0  10  67  10   0   0   0  0.52 0.10
  466 K    -1   3   0  -1  -4   3   1  -2  -1  -3  -3   4  -1  -4  -2  -1  -1  -3  -2  -3    0  18   0   0   0  27   0   0   0   0   0  55   0   0   0   0   0   0   0   0  0.56 0.05
  467 V    -1  -2  -3  -3  -1  -1  -2  -3  -3   2   1  -2   4  -1  -3  -2   0  -2  -1   3    0   0   0   0   0   0   0   0   0   0   0   0  43   0   0   0   0   0   0  57  0.29 0.01

                      K         Lambda
Standard Ungapped    0.1375     0.3242
Standard Gapped      0.0411     0.2670
PSI Ungapped         0.1344     0.3178
PSI Gapped           0.0411     0.2670
