
Last position-specific scoring matrix computed, weighted observed percentages rounded down, information per position, and relative weight of gapless real matches to pseudocounts
            A   R   N   D   C   Q   E   G   H   I   L   K   M   F   P   S   T   W   Y   V   A   R   N   D   C   Q   E   G   H   I   L   K   M   F   P   S   T   W   Y   V
    1 M    -6  -7  -8  -9  -7  -6  -7  -8  -7  -3  -1  -7  11  -5  -8  -7  -6  -7  -6  -4    0   0   0   0   0   0   0   0   0   1   3   0  96   0   0   0   0   0   0   0  3.79 1.39
    2 E     2  -2   0   2  -2   1   1   0  -1  -2  -2   0  -1   0  -1   0   0  -4  -2  -2   21   1   3  15   0   5  10   7   2   2   4   7   2   6   2   4   7   0   1   1  0.16 0.18
    3 F    -3  -2  -3  -4   1  -3  -5  -5   0  -1   2  -4   2   4  -2  -1  -2   9   0  -3    2   3   1   1   3   1   0   0   3   3  20   1   4  16   2   5   2  29   3   1  1.13 0.57
    4 G     0   0  -2  -3  -1  -2  -3   1  -1   1   1  -2   0  -1  -1   1   2   4  -2   0    7   5   1   1   1   1   1  10   1   8  16   1   2   2   3  15  16   7   0   5  0.20 0.23
    5 L    -2  -4  -5  -4   0  -3  -3  -4  -3   1   4  -4   2   0   3  -2   0   6  -2   1    2   1   0   1   2   1   1   1   0   6  36   1   4   3  13   3   6  11   1   8  0.61 0.41
    6 S     0   0  -1  -3   2  -1  -1  -1  -1   1   2  -2  -1   1   0   1   0  -3  -2   0    5   5   2   0   5   3   4   4   1  11  20   1   1   6   5  14   4   0   1   7  0.10 0.16
    7 W    -2  -4  -6  -7   1  -5  -6  -6  -5   1   4  -5  -2   4  -4  -3  -2   7   0   1    3   1   0   0   3   0   0   0   0   8  37   0   0  15   1   2   3  16   3   8  0.95 0.52
    8 V    -2  -5  -4  -6   0  -4  -6  -4  -6   2   5  -5  -1   1  -6  -2  -1  -3  -1   2    4   0   1   0   2   1   0   1   0  12  49   0   0   5   0   3   3   0   2  15  0.80 0.48
    9 F    -2  -5  -5  -5   0  -3  -4  -3  -2   2   3  -5   1   5  -1  -1   1   1   0   0    3   0   0   0   2   1   1   2   1   9  28   0   3  25   3   6   8   2   2   5  0.56 0.38
   10 L    -2  -6  -4  -6   1  -4  -5  -5  -6   1   5  -6   0   3  -3  -2  -2  -2  -2   0    4   0   1   0   3   1   0   1   0   6  59   0   1  10   1   4   3   1   1   6  0.93 0.54
   11 V     0  -4  -4  -4   3  -4  -3  -3  -4   0   4  -4   2   1  -3  -1  -1   1  -3   2    7   1   0   1   7   0   1   2   0   5  37   1   4   6   1   4   4   2   0  16  0.49 0.35
   12 A     3  -4  -3  -4   2  -3  -4  -3  -2  -1   1  -3  -1   0  -1   3   1  -5  -3  -1   27   0   1   0   5   0   0   1   1   4  13   1   1   5   3  22   9   0   1   5  0.41 0.37
   13 I     2  -4  -3  -5   3  -1  -4  -3   3   1   2  -3  -1   2  -3  -2  -1   5   1   1   16   0   1   0   7   3   0   2   7   7  18   1   1   9   1   2   3   7   5  12  0.36 0.29
   14 L     0  -5  -5  -4   5  -3  -4  -1  -5   1   2  -4  -1   3   2  -1  -2   5  -1   0    6   0   0   1  14   1   1   4   0   6  20   0   1  12  10   5   2   7   2   8  0.49 0.35
   15 K     1   0  -2  -3   0  -1  -2  -2  -1  -3  -2   0  -3  -1   2   3   4  -1  -3  -2    9   4   1   1   2   2   1   3   1   1   4   6   0   3   9  20  28   1   0   2  0.42 0.39
   16 G    -2  -3  -4  -3   5  -4  -2   6  -3  -6  -6  -5  -6  -3  -6  -1  -4   2  -2  -4    3   2   1   2   9   1   3  67   1   0   1   0   0   1   0   5   1   2   2   1  1.52 0.77
   17 V     1  -5  -3  -4   2  -3  -3  -1  -5   0  -1  -4  -2  -3  -3   3   0  -2  -2   4   13   0   1   0   4   1   1   5   0   4   6   0   0   1   1  22   4   1   1  35  0.58 0.45
   18 Q    -2   1   0   0   3   2  -1  -3   3  -2   2  -1  -1  -2  -4   0  -2   5  -1  -1    2  10   4   5   6  11   3   2   6   1  21   3   1   1   0   8   1   8   2   4  0.29 0.28
   19 C     3  -5  -4  -4   6  -4  -4   2  -3  -5  -4  -5  -4  -4  -3   4  -2  -4  -5  -3   24   0   0   1  14   1   1  14   0   0   2   0   0   1   1  36   1   0   0   2  0.98 0.63
   20 E    -1  -3  -3   1  -6   7   3  -3  -2  -6  -5  -2  -5  -7  -3  -1  -4  -3  -5  -4    6   1   1   8   0  53  16   2   1   0   1   2   0   0   1   3   1   0   0   1  1.37 0.81
   21 V    -1  -3  -2  -2  -4  -1  -3  -4  -3   3  -1  -3   0  -2   2   0   0   0  -1   4    5   1   2   2   0   3   2   1   1  15   4   1   2   1  10   6   6   1   3  33  0.45 0.34
   22 Q    -1  -1  -3  -3  -4   5   0  -4  -2  -2  -2   1  -1  -5  -4  -2   2  -3  -4   3    4   3   1   1   0  29   7   1   1   2   3   8   1   0   1   3  11   0   0  25  0.63 0.47
   23 L    -5  -5  -7  -7  -5  -4  -5  -7  -7  -1   6  -6   3  -2  -5  -5  -3  -3  -4   2    0   1   0   0   0   1   1   0   0   3  70   0   7   1   0   1   2   0   1  13  1.49 0.76
   24 V    -3  -2  -2  -2  -5   2   0  -5  -1  -1  -1  -2   0  -5  -4  -2   6  -3  -5   3    1   2   1   2   0   9   6   1   1   3   5   2   2   0   1   2  43   0   0  17  0.78 0.57
   25 E    -2  -4  -5  -4  -8   8   4  -5  -5  -6  -5  -3  -6  -8  -5  -3  -4  -7  -5  -6    3   0   0   1   0  64  24   1   0   0   1   1   0   0   1   2   1   0   0   0  2.07 1.09
   26 S    -2  -5  -5  -3  -2  -2  -1  -5  -3  -6  -4  -2  -4  -4   5   5   0   0  -6  -4    2   0   0   1   1   1   4   0   1   0   2   2   0   1  29  47   6   1   0   1  1.24 0.78
   27 G     0  -2  -3  -1  -6  -2   1   4  -3  -6  -5  -3  -6  -5   5   0  -2  -6  -6  -5    7   2   1   3   0   2   8  35   0   0   1   1   0   0  28   6   2   0   0   1  0.95 0.58
   28 G     1  -3  -3  -2  -5  -3  -2   2  -3  -4  -4  -4  -5  -3   4   5  -2  -3  -4  -2    9   1   0   2   0   1   2  16   1   1   2   0   0   1  19  40   1   0   1   3  0.87 0.60
   29 G    -1  -3  -3   0  -4   0   1   2  -3   0   0  -1   1  -3  -4   0  -1  -5  -3   3    5   1   0   5   0   4  10  16   0   5   9   4   4   1   0   8   3   0   1  24  0.24 0.26
   30 L    -2  -3  -3  -4  -2  -3  -3  -5  -3   1   3  -4   0  -3  -4   3   2  -6  -5   3    2   1   1   1   1   1   2   0   1   7  24   0   2   1   1  27  10   0   0  20  0.59 0.46
   31 I     1   1  -4  -5  -5   0  -2   0  -3  -1  -2   2  -1  -2  -5  -1   0  -6  -5   4   11   7   0   0   0   5   2   7   0   2   2  15   1   1   0   5   5   0   0  36  0.52 0.42
   32 Q     1   1   0  -3  -5   2  -1  -4  -1  -4  -3   4  -3  -3   0   3   1  -6  -2  -2   10   8   4   1   0  10   3   0   1   1   2  23   0   1   4  22   8   0   1   3  0.47 0.41
   33 P    -2  -2  -7  -5  -7  -3   0  -6  -5  -3   1  -3  -4  -5   8  -4  -3  -8  -4  -1    3   2   0   1   0   1   6   0   0   1  13   2   0   0  61   1   2   0   1   5  1.67 0.90
   34 G    -4  -2  -4  -3  -8  -4  -3   7  -7  -8  -7  -5  -5  -8  -7   1  -4  -3  -5  -4    1   3   1   2   0   1   2  76   0   0   1   0   0   0   0   9   1   0   1   1  1.90 0.94
   35 G     0  -2  -2   1  -6   4   4   3  -1  -5  -6   0  -5  -7  -5  -1  -1  -7  -6  -5    9   2   2   8   0  19  24  18   1   1   1   6   0   0   0   4   3   0   0   1  0.70 0.51
   36 S    -3   1  -2  -5  -4  -4  -4  -5  -6  -3  -5  -2   0  -5  -2   5   5  -7  -4  -3    1   7   2   0   0   0   1   1   0   1   1   3   2   1   2  42  34   0   1   1  1.22 0.79
   37 L     2  -5  -5  -7  -5  -4  -6  -5   2   0   3  -6  -1  -2  -4  -4  -3  -6  -2   5   17   1   1   0   0   1   0   1   5   4  29   0   1   2   1   1   1   0   1  37  0.92 0.57
   38 R    -4   4  -3  -5  -4   0  -3  -4   0  -3  -3   3  -2  -4  -3   2   5  -2  -6  -4    0  23   1   0   0   4   1   1   2   2   3  15   1   1   1  13  30   1   0   1  0.86 0.61
   39 L    -7  -8  -9  -9  -7  -5  -8  -6  -8   5   5  -8   2  -1  -5  -8  -5  -7  -1   0    0   0   0   0   0   1   0   1   0  29  55   0   4   2   1   0   1   0   2   5  1.59 0.79
   40 S    -3  -3   1  -2  -3  -1  -2  -5  -2  -2  -3  -3  -6  -4  -3   5   5  -3  -7  -4    2   1   6   3   1   3   3   1   1   2   3   2   0   1   2  34  37   0   0   1  1.05 0.74
   41 C    -8  -4 -10 -10  12 -10 -10  -4 -10  -9  -9 -10  -9  -9 -10  -4  -8  -9  -1  -8    0   1   0   0  92   0   0   2   0   0   0   0   0   0   0   2   0   0   2   0  4.53 1.81
   42 A     1   2  -2  -4  -4   1  -2  -3   0  -3  -5   3  -3  -5  -5   1   5  -1  -4  -3   10   9   1   1   0   5   3   2   2   1   1  18   1   0   1   9  31   1   0   2  0.68 0.55
   43 A     2  -2  -3  -3  -1  -3  -4   2  -4   0   1  -3   1  -1  -4  -1   0  -1   1   3   19   2   1   1   1   1   0  14   0   4  14   1   3   2   1   4   5   1   5  19  0.31 0.29
   44 S    -3  -3  -1  -2  -6  -2  -4  -4  -2  -5  -7  -3  -3  -2  -3   7   0  -2  -1  -5    1   2   3   2   0   2   1   1   1   1   0   1   1   2   1  72   5   1   2   1  1.65 1.02
   45 G    -3  -3  -1  -1  -6   1  -3   6  -2  -4  -5  -3  -6  -6  -4   1   0  -6  -3  -4    1   2   3   4   0   6   1  55   1   1   1   2   0   0   1  11   6   0   1   1  1.15 0.70
   46 F    -1  -2   0   2  -3  -3  -3   0  -2  -1  -2  -2  -2   5  -2   1  -1   0   4  -1    4   2   5  10   1   1   2   8   1   3   4   2   1  23   2  10   4   1  13   4  0.42 0.34
   47 T    -2  -2   3   2  -2  -3  -2  -3  -3  -1  -3  -2  -5  -4  -1   4   3  -6  -4  -1    3   2  14  10   1   1   3   2   1   4   3   2   0   1   3  27  18   0   1   5  0.53 0.47
   48 V    -3  -4  -3  -2  -5  -3  -6  -4  -1   3   1  -4   0   6  -6  -1  -2   0  -1   3    3   1   1   2   0   1   0   2   2  15  12   1   2  27   0   5   2   1   2  17  0.73 0.45
   49 S    -2  -3   1   0  -1   0  -3   3  -1  -4  -5  -3  -6  -4  -3   4   2  -6  -2  -4    3   2   6   5   2   4   2  22   2   1   1   2   0   1   1  32  13   0   1   1  0.67 0.52
   50 S    -3  -1   3   2   0  -3  -2   0  -1  -3  -5  -2  -2  -3  -3   5   1  -1  -2  -4    2   3  11  10   2   1   2   8   2   2   1   2   1   1   1  37   8   1   1   2  0.64 0.52
   51 N    -3  -3   2  -2   0  -2  -3  -2   2  -3  -3  -2  -2   0  -2   0  -2   0   8  -2    3   2   8   3   2   2   2   4   4   2   3   3   1   4   3   8   3   1  38   4  1.01 0.60
   52 Y    -1   0   0   1   2  -1  -2   0   1  -2  -3  -2  -5  -1  -2   0  -1   6   5  -2    6   5   5   7   4   2   2   9   4   2   2   2   0   2   2   6   4  11  22   3  0.54 0.41
   53 M    -1  -2  -1  -2   1  -1  -7  -2  -7   2  -1  -2   6   0  -1  -2  -1   5   0   2    5   3   3   3   3   3   0   4   0   9   7   3  19   4   4   3   4   6   3  12  0.53 0.33
   54 S    -1   0   0   0   2   0   0  -1   2   0  -1   0   2   1   0  -1   0   4   1  -1    5   5   5   5   5   5   5   5   5   5   5   5   5   5   5   5   5   5   5   5  0.09 0.08
   55 W    -4  -4  -4   0   2  -4  -4  -1  -4   0  -1  -4  -3   1  -5   0  -4  10   2  -4    1   1   0   6   5   0   1   5   0   5   7   1   0   6   1   8   1  42   6   1  1.44 0.56
   56 V    -1  -3  -2  -1   1   1  -2  -1   1   2  -1  -2   1   2   0  -1   0   3   2   2    3   0   0   3   3   9   0   5   4  13   4   0   3   9   4   3   8   5   6  15  0.14 0.16
   57 R    -4   5  -4  -4   1   5  -2  -3   1  -3  -3   0  -1  -5  -1  -1  -4   4  -2  -2    0  36   0   0   3  24   1   2   3   1   2   3   1   0   3   4   0   7   1   3  0.88 0.59
   58 Q    -3  -1  -1  -2  -8   7  -1  -2   2  -2  -3   2  -8  -8  -2  -2  -2   3   0  -8    3   3   3   3   0  40   4   4   4   3   3   9   0   0   3   3   4   3   3   0  1.01 0.69
   59 A     1   1  -1  -2   1  -1  -2   0   1  -2  -3   0   0  -1   2   0  -1   2   0   0   13   7   3   3   2   3   3   7   3   3   3   6   3   3  11   8   4   2   3   6  0.11 0.13
   60 P    -2  -2  -3  -2  -5   0  -1  -3   2  -3  -2  -3  -5  -3   7   0  -2  -6  -5  -3    4   2   1   2   0   4   4   2   4   1   5   1   0   1  56   8   2   0   0   2  1.30 0.72
   61 G    -1  -1   0   0  -5  -1  -1   6   0  -5  -5  -1  -4  -1  -2   0  -1  -4  -1  -2    3   4   4   5   0   2   4  54   2   0   0   3   0   3   2   5   3   0   3   3  0.77 0.48
   62 K     0   1   1   0  -3   2   0   1   1  -3  -2   2   0  -3  -1   1   0  -3   0  -2    6   7   7   3   0   9   5  10   4   0   4  14   3   0   3   8   7   0   3   3  0.13 0.18
   63 G     1   0   0  -1  -3   0  -1   2   0  -1  -2   0   0  -1   3   0   0  -3  -3  -1   15   5   3   3   0   5   4  16   3   3   3   4   3   3  13   6   5   0   0   4  0.15 0.17
   64 L    -4  -1  -2  -4  -5  -2  -4  -2  -5  -1   3  -2   1  -1   6  -2  -1  -5  -4  -2    0   3   2   0   0   2   0   3   0   4  27   3   3   3  39   3   4   0   0   3  0.84 0.55
   65 E    -2   2  -1  -1   1   1   4  -3   0  -2  -2   2   0  -4  -2  -2   0   0  -3  -1    2  11   2   2   4   6  31   2   2   3   3  15   2   0   2   2   5   2   0   4  0.42 0.36
   66 W    -3  -2  -5  -3  -1  -2  -2  -3   0  -4   1  -4  -1   2  -2  -2  -1  10   4  -3    2   3   0   1   1   2   3   2   3   0  13   0   1   8   2   3   4  34  11   2  1.17 0.63
   67 V    -2  -4  -4  -5   0  -2  -3  -5  -4   3   3  -3   3   0  -2  -3  -1   2  -1   3    2   0   0   0   2   2   1   0   0  14  34   1   7   3   2   1   3   2   2  20  0.53 0.36
   68 S     1  -2  -2  -2   0  -2  -2   2  -1   2   1  -3   1  -1  -1  -1   0  -3  -1   0   11   2   2   2   2   2   2  17   2  17  18   0   3   3   3   5   5   0   2   4  0.15 0.19
   69 V    -1   0  -2  -2  -1  -1  -2  -2   2   2  -1  -2   0   0  -4   0   0   2   5   0    4   6   1   3   1   3   2   3   5  15   5   2   2   2   0   6   5   3  24   5  0.33 0.31
   70 I    -1  -1   1   0  -1  -1  -1  -1   2   3  -1  -1   0   0  -2   0   0   2   3   0    5   3   7   4   1   3   3   4   5  19   4   4   2   3   1   7   4   3  11   6  0.12 0.15
   71 Y    -1  -1   1   0   0  -1  -2  -1   1  -2  -2  -1  -2   0   0   2   0   4   5  -1    4   3   6   6   2   2   2   5   3   3   4   3   1   4   4  14   6   5  19   4  0.28 0.24
   72 S     0   0   1   1  -1  -2  -1  -1   1   0  -3  -1  -2  -2   0   3   1   1   2  -1    6   4   7   7   1   1   3   5   4   5   2   4   1   2   4  23   8   2   6   3  0.19 0.20
   73 C     0   0   0   0   2   0   0  -1   2   0  -1   0  -2   0   0   0   0   3   1  -1    5   5   5   5   5   5   5   5   5   5   5   5   0   5   5   5   5   5   5   5  0.06 0.08
   74 G    -1   0   0   0   0   0   0   2   1  -2  -1  -1  -1  -1  -1   2   0   3   0  -2    4   6   3   5   2   3   5  16   4   2   6   4   2   2   3  18   5   3   4   2  0.15 0.18
   75 S    -1  -1   2   2  -4  -1  -1   0   2  -2  -3  -1  -4  -1  -1   3   1  -5   2  -1    5   3   9  11   0   3   3   7   4   3   2   3   0   3   3  21   9   0   6   4  0.26 0.27
   76 T    -2  -2   1  -3  -4   0  -2  -2  -1   0  -3   3  -2  -2   0   1   4  -1  -2  -1    3   2   6   2   0   4   2   2   2   7   2  15   1   2   5  10  29   1   1   4  0.42 0.37
   77 Y    -2   1   2  -1  -1   0  -1  -1   3  -1  -1  -1  -1   0  -2   0   0   2   4  -1    3   7  10   4   1   4   4   6   8   4   5   4   2   3   2   6   6   3  13   5  0.16 0.18
   78 Y    -3   2  -2  -1  -1   1  -2  -6   1  -2  -1  -1  -1  -1  -3  -1  -2   1   7  -3    2  13   2   4   2   7   3   0   3   3   6   4   2   2   2   4   3   2  37   2  0.89 0.57
   79 A     2  -2   1  -2   0   0  -1   2  -4  -2  -2   0  -1  -2   2   1  -1  -5  -1  -2   20   2   7   2   2   4   4  16   0   2   4   5   2   2  10  12   4   0   2   3  0.25 0.25
   80 D    -1  -1  -1   3   0   1   0  -1   0  -6  -4  -1  -5  -6   4   3  -1  -6  -2  -3    4   3   3  16   2   7   5   4   2   0   2   4   0   0  17  23   4   0   2   2  0.53 0.44
   81 S     0  -2  -2  -1  -1   0  -1   4  -4  -4  -4  -1  -2  -1  -1   4  -2   1  -3  -4    7   3   2   3   1   4   3  29   0   1   1   4   1   3   3  29   2   2   1   1  0.57 0.46
   82 V    -2  -3  -1   0  -4  -2  -2  -3  -5   2   1  -2  -1   3  -3  -2   0  -4  -1   4    3   1   3   5   0   1   2   2   0  11  12   3   1  13   1   2   5   0   1  30  0.42 0.34
   83 K    -3  -1  -1  -2  -6   4   0  -4  -1  -6  -4   5  -2  -4   4  -1  -1  -1  -6  -4    2   3   3   2   0  15   7   1   1   0   1  30   1   1  23   5   3   1   0   1  0.85 0.61
   84 G    -1  -3   2   2  -1  -2   0   5  -5  -6  -4  -2  -5  -6  -2   2  -2  -6  -6  -4    5   2  10  12   1   2   5  37   0   0   2   2   0   0   2  17   2   0   0   1  0.73 0.50
   85 R    -6   7  -5  -4  -1  -1  -4  -3   1  -7  -5   3  -6  -7  -4  -4  -5  -2  -3  -7    0  65   0   1   2   3   0   2   3   0   1  17   0   0   1   1   0   1   1   0  1.82 0.90
   86 F    -1  -6  -4  -7  -2  -6  -7  -2  -6   0   0  -6  -2   8  -7  -3  -3  -4  -1   1    6   0   1   0   1   0   0   3   0   6   8   0   1  61   0   2   2   0   1   8  1.61 0.77
   87 T    -2  -2  -3  -4  -2  -1   0  -3  -1  -2  -3  -1  -2  -3  -4   4   5  -6  -2  -1    1   2   1   0   1   3   6   2   2   3   2   3   1   1   1  32  33   0   2   5  0.74 0.55
   88 I     1  -5  -4  -5  -1  -3  -5   3  -3   5  -1  -5   1   1  -2  -1  -2  -5  -3   0   10   0   0   0   1   1   0  25   1  32   5   0   3   5   2   5   2   0   1   6  0.61 0.42
   89 S    -2  -2  -2  -2   0  -1  -1  -3  -1  -4  -5  -3  -2  -3  -5   6   3  -6  -3  -4    2   2   1   3   2   2   3   1   1   1   1   1   1   1   0  57  18   0   1   1  1.13 0.74
   90 R     0   5  -2  -2  -2  -1  -1  -1  -2  -1  -1   4   0  -3  -2  -2  -1  -3  -4   0    7  29   1   2   1   1   4   4   1   4   5  24   2   1   2   2   4   0   0   6  0.51 0.37
   91 D    -3  -2   2   7  -5  -1   0  -3  -2  -3  -4  -3  -5  -5  -2  -2  -3  -5  -2  -3    2   2   8  61   0   3   5   2   1   2   2   1   0   1   2   3   1   0   2   2  1.34 0.64
   92 N     0  -2   4   0  -1  -2  -2   1  -3  -2  -2   0  -2  -2  -1   1   3  -5  -4  -1    7   2  20   5   1   1   2   9   0   2   3   6   1   2   3  10  22   0   0   4  0.36 0.31
   93 S     1  -3   0  -2  -5  -4  -2   0  -3  -4  -4  -3  -5  -4  -2   6   0  -2  -2  -3   11   1   4   2   0   0   2   6   0   1   2   1   0   1   2  59   5   1   1   2  1.03 0.71
   94 K     0   1   2  -1  -5   1  -1   2  -2  -3  -4   4  -3  -4  -4   2   0  -5  -5  -3    7   6   9   3   0   6   3  13   1   2   1  26   0   1   0  15   6   0   0   2  0.43 0.37
   95 N    -2  -3   6  -1  -5  -1  -3  -3  -1  -4  -4   0  -4  -6  -5   4   0  -6  -3  -5    3   1  38   2   0   3   1   2   1   1   2   7   0   0   0  30   5   0   1   1  1.02 0.65
   96 T     0  -2  -2   0  -4   3   0  -4  -1  -2  -2  -1   1  -3  -4   1   5  -3  -2  -1    6   2   2   6   0  13   5   0   1   3   4   4   4   1   1  10  34   0   1   4  0.50 0.42
   97 L     2  -2  -4  -4   2  -2  -4   0  -2  -1   1  -4  -1   3  -4   0  -1   0   1   3   17   2   0   0   4   1   0   8   1   3  14   0   1  14   0   6   3   1   4  19  0.31 0.29
   98 Y    -2  -3  -1  -3  -5  -3  -5  -6   1  -1  -2  -5  -3   1  -2   2   4  -1   6  -2    3   1   3   2   0   1   0   0   3   4   3   0   0   5   2  17  22   1  30   3  0.86 0.61
   99 L    -6  -5  -8  -8  -6  -7  -8  -9  -3  -2   7  -7   2  -3  -5  -7  -6  -2  -6  -3    0   1   0   0   0   0   0   0   1   1  90   0   4   1   1   0   0   1   0   1  2.14 1.03
  100 Q    -4   0  -1  -3  -6   5   1  -5   1  -2  -2   0  -3  -4  -3   0   4  -6  -4  -3    1   4   3   1   0  31   7   0   3   2   5   5   1   1   1   6  27   0   0   2  0.77 0.58
  101 M    -4  -6  -6  -7  -5  -4  -6  -1  -6   6   2  -6   6  -2  -5  -5  -4   0  -5   0    1   0   0   0   0   1   0   5   0  43  20   0  20   1   1   1   1   1   0   6  1.31 0.68
  102 N    -2   0   4  -1  -3   0  -3  -3   1  -4  -4   0  -5  -6  -3   4   2  -6  -4  -4    2   6  21   3   0   4   1   2   3   1   2   4   0   0   1  36  12   0   0   1  0.76 0.56
  103 S    -2   0   4   0  -4  -1  -2   3  -1  -6  -5  -1  -5  -2  -3   4  -2  -6  -5  -5    3   4  18   4   0   3   3  19   1   0   1   4   0   2   1  35   2   0   0   0  0.71 0.52
  104 L     0  -5  -7  -7  -5  -5  -6  -7  -6   0   5  -6   2  -2  -3  -3  -3  -6  -5   3    7   0   0   0   0   0   0   0   0   4  60   0   4   1   1   2   1   0   0  19  1.17 0.65
  105 R    -3   3  -2  -3  -3   6   1  -5  -2  -3  -4   3  -4  -5  -5  -1   3  -6  -4  -3    2  14   1   1   1  32   8   0   1   1   1  16   0   0   0   3  17   0   0   2  0.87 0.60
  106 A     3  -3  -3  -2  -4  -2  -1  -4  -2  -3  -1  -1  -2  -3   4   1   2  -6  -3   0   27   1   1   2   0   2   3   0   1   1   5   3   1   1  24   8  12   0   1   7  0.57 0.44
  107 E    -1  -2  -1   0  -7   0   7  -1  -2  -7  -6  -1  -4  -7  -5   0  -2  -7  -6  -4    5   2   2   4   0   3  64   4   1   0   1   4   0   0   0   6   2   0   0   2  1.32 0.77
  108 D    -5  -7  -2   9  -9  -6  -3  -7  -3  -8  -9  -5  -8  -9  -7  -6  -6  -9  -4  -8    1   0   1  94   0   0   1   0   1   0   0   0   0   0   0   0   0   0   1   0  2.98 1.27
  109 T     0  -4  -3  -1  -5  -4   3  -4  -3  -3  -4  -3  -1  -3  -4   3   5  -6  -4  -3    7   0   1   2   0   0  20   1   0   1   1   1   2   1   0  23  38   0   0   1  0.93 0.64
  110 A     7  -4  -6  -5  -5  -6  -6   2  -6  -6  -6  -5  -6  -7  -6  -1  -2  -7  -7  -4   81   1   0   1   0   0   0  12   0   0   0   0   0   0   0   3   2   0   0   1  1.88 0.95
  111 V    -3  -1  -3   3  -3  -3  -2  -5   0   0  -1  -4   3  -3  -5  -2   3  -4  -2   4    1   3   1  16   0   1   2   0   2   5   4   0   8   1   0   2  20   0   1  33  0.65 0.47
  112 Y    -7  -7  -4  -8  -1  -4  -8  -8  -1  -7  -7  -7  -7  -2  -8  -7  -7  -3  10  -7    0   0   1   0   2   1   0   0   1   0   0   0   0   1   0   0   0   0  94   0  3.64 1.43
  113 Y    -5  -7  -6  -6  -3  -7  -7  -8   2  -5  -3  -7  -4   3  -8  -6  -7  -3  10  -6    1   0   0   0   1   0   0   0   4   1   3   0   0  10   0   1   0   0  80   0  2.92 1.20
  114 C    -6 -10  -9 -10  12  -9 -10  -6  -9  -7  -7  -9  -8  -8  -9  -7  -7  -1  -4  -7    0   0   0   0  98   0   0   1   0   0   0   0   0   0   0   0   0   1   1   0  4.59 1.55
  115 A     7  -6  -6  -6  -5  -4  -3  -3  -6  -5  -5  -5   1  -6  -4  -2   0  -7  -6  -2   85   0   0   0   0   1   1   1   0   0   0   0   3   0   0   1   4   0   0   3  1.79 0.85
  116 R    -5   8  -4  -5  -7   1  -4  -6  -4  -7  -6   2  -5  -7  -6  -4  -5  -7  -5  -6    0  84   0   0   0   4   0   0   0   0   0  12   0   0   0   0   0   0   0   0  2.26 0.83

                      K         Lambda
Standard Ungapped    0.1334     0.3199
Standard Gapped      0.0470     0.2670
PSI Ungapped         0.1536     0.3176
PSI Gapped           0.0470     0.2670
