
Last position-specific scoring matrix computed, weighted observed percentages rounded down, information per position, and relative weight of gapless real matches to pseudocounts
            A   R   N   D   C   Q   E   G   H   I   L   K   M   F   P   S   T   W   Y   V   A   R   N   D   C   Q   E   G   H   I   L   K   M   F   P   S   T   W   Y   V
    1 M    -1  -1  -2  -3  -2  -1  -2  -3  -2   1   2  -1   6   0  -3  -2  -1  -2  -1   1    0   0   0   0   0   0   0   0   0   0   0   0 100   0   0   0   0   0   0   0  0.44 0.03
    2 E    -1  -1  -1   1  -3   1   5  -2  -1  -3  -3   0  -2  -3  -1   0   1  -3  -2  -2    0   0   0   0   0   0  85   0   0   0   0   0   0   0   0   0  15   0   0   0  0.76 0.09
    3 A     3  -2  -1   1  -2  -1  -1   3  -2  -3  -3  -1  -2  -3   2   0  -1  -3  -3  -2   51   0   0   9   0   0   0  31   0   0   0   0   0   0   9   0   0   0   0   0  0.49 0.10
    4 G     2  -2  -1  -2  -2  -1  -2   4  -2  -3  -3  -1  -2  -3   1   2  -1  -3  -3  -2   25   0   0   0   0   0   0  41   0   0   0   0   0   0   8  26   0   0   0   0  0.55 0.11
    5 A     1   2   1  -1  -2   1   2  -1  -1  -2  -2   0   1  -3  -2   1   1  -3  -2  -1   21  16   9   0   0   8  16   0   0   0   0   0   8   0   0  13   9   0   0   0  0.22 0.07
    6 G    -1  -3  -2  -2  -3  -2  -2   4  -3  -4  -4  -2  -3  -4   6   0  -2  -4  -4  -4    0   0   0   0   0   0   0  44   0   0   0   0   0   0  49   7   0   0   0   0  1.28 0.22
    7 G     1  -2   0  -2  -3   0  -2   3  -2  -3  -3  -1  -3  -4   5   0   1  -4  -3  -3   11   0   6   0   0   5   0  32   0   0   0   0   0   0  31   6   9   0   0   0  0.69 0.16
    8 A     2   0  -1  -2  -2  -1  -2   2  -2  -3  -3  -1  -2  -3   3   1   2  -3  -3  -2   25   5   0   0   0   0   0  21   0   0   0   0   0   0  18  12  20   0   0   0  0.45 0.15
    9 G     1   2   1  -2  -2  -1  -1   2  -2  -3  -2  -1  -2  -3   3   2  -1  -3  -3  -2   10  15   8   0   0   0   0  22   0   0   5   0   0   0  18  22   0   0   0   0  0.39 0.14
   10 S     1  -2  -2  -2  -3   0   1   0  -2  -3  -3  -1  -3  -4   6   1  -1  -4  -3  -3   15   0   0   0   0   3  10   7   0   0   0   0   0   0  49  16   0   0   0   0  0.98 0.22
   11 D    -1  -2   2   4  -3  -1   2  -1  -2  -3  -3  -1  -3  -4   3   1  -1  -4  -3  -1    5   0  11  34   0   0  15   4   0   0   0   0   0   0  15  10   0   0   0   7  0.50 0.16
   12 T     2  -2  -2  -3  -2  -2  -2  -2   1  -1   0  -1   2  -2   4  -1   1  -3  -2   0   24   0   0   0   0   0   0   0   5   0   7   4  11   0  29   0  10   0   0  10  0.47 0.18
   13 K     0   1   0  -1  -3   1   0   2  -2  -3  -2   2  -2  -3   4   0   0  -3  -3  -3    4   8   3   0   0   6   5  18   0   0   5  16   0   0  27   4   4   0   0   0  0.46 0.13
   14 G     1  -3  -2  -2  -3  -2  -1   5  -3  -4  -2  -2  -3  -4   3  -1  -2  -4  -4  -3   15   0   0   0   0   0   5  61   0   0   4   0   0   0  15   0   0   0   0   0  0.88 0.25
   15 G    -1   0   1   0  -3   1  -2   4  -2  -3  -3  -1  -3  -4   4   0   1  -4  -3  -2    0   4   6   4   0   8   0  37   0   0   0   0   0   0  23   5  10   0   0   4  0.57 0.19
   16 G     1  -2  -1   2  -2   1   0   3   1  -3  -1  -1  -2  -3   0   1  -1   2  -2  -2   19   0   0  13   0   9   4  25   6   0   8   0   0   0   4   9   0   4   0   0  0.26 0.13
   17 S     0  -2   0   0   1  -1   0   1  -2  -3  -3  -1  -3  -4   4   2   1  -4  -3  -3    4   0   5   5   4   2   6  12   0   0   0   0   0   0  28  25  10   0   0   0  0.55 0.19
   18 P    -2  -3  -3  -3   1   0  -3   1  -4  -4  -4  -3  -4  -5   7  -1  -3  -5  -4  -4    0   0   0   0   4   5   0  13   0   0   0   0   0   0  76   2   0   0   0   0  1.89 0.43
   19 A     3  -2  -1   0   1   1   0   0  -2  -1  -1  -1  -1  -3  -2   2   1  -3  -2   0   34   0   0   4   4   9   4   5   0   0   5   0   0   0   0  16  11   0   0   8  0.22 0.14
   20 T     2   0  -1  -2  -2  -1  -2   1  -2  -2  -2  -1   0  -2   3   2   0  -3   1  -1   19   8   0   0   0   0   0  11   0   0   0   0   4   0  17  23   6   0   6   4  0.30 0.15
   21 P     0   1  -2   0  -4   0  -2  -1  -3  -4  -4  -2  -3  -5   7   0  -2  -5  -4  -4    5  10   0   6   0   6   0   4   0   0   0   0   0   0  61   8   0   0   0   0  1.33 0.34
   22 E     1   0  -1   1  -3   1   4   0  -1  -3  -3  -1  -2  -3  -2   0   0  -3   0  -1   12   4   0   8   0   4  43   7   0   0   0   0   0   0   0   5   7   0   5   4  0.39 0.20
   23 D    -1  -2   1   4  -3   0   0   2   2  -4  -4  -1   0  -3  -1   2  -1   2  -3  -3    0   0   4  33   0   4   4  17   6   0   0   0   3   0   3  23   0   4   0   0  0.48 0.22
   24 P    -3   0   0  -3  -4  -3  -3  -2  -3  -4  -1  -2  -4  -5   7  -1  -3  -5  -4  -4    0   7   5   0   0   0   0   3   0   0   6   0   0   0  75   4   0   0   0   0  1.79 0.47
   25 R     1   2  -1   0  -2   0   0   1   1  -2  -1   0   0  -2   2   1   0  -3  -2  -2   19  17   0   4   0   3   4  11   5   0   6   4   3   0   9   9   5   0   0   0  0.17 0.10
   26 S     1  -2  -1  -2  -2  -2  -2   2   1   1  -1  -2  -1   0   3   2   0  -3  -2   0    9   0   0   0   0   0   0  17   5  10   4   0   0   5  16  23   4   0   0   4  0.24 0.14
   27 P     0  -3   0  -2   1   0  -1   0  -2  -1  -2  -2  -3  -3   6   0  -1  -3   0  -2    5   0   4   0   4   4   3   9   0   4   2   0   0   0  49   8   4   0   4   0  0.88 0.26
   28 A     1  -2  -1  -1   1   0   1  -1   2  -2  -2  -1   1  -2   2   1   0   2  -2  -1   16   0   0   0   5   4  13   4   8   0   1   0   5   0  10  16   7   3   0   6  0.20 0.13
   29 K    -1   1   0   0  -3   2   1   2  -1  -3  -3   0  -2  -3   3   0  -1  -3   0  -2    0   7   4   3   0  16  11  23   0   0   0   2   0   0  15   9   0   0   5   4  0.34 0.16
   30 P     0  -2  -2   0  -3   0   0   2  -2  -3  -3  -1  -3  -4   5   0   1  -3  -3  -3    9   0   0   4   0   4   7  18   0   0   1   3   0   0  38   4   9   0   0   1  0.72 0.23
   31 A     1  -2  -2  -2  -2   1   0   3  -2  -2  -1  -1  -2  -3   3   0   1  -3  -3  -1   17   0   0   0   0   8   6  29   0   0   7   0   0   0  15   3   9   0   0   4  0.37 0.18
   32 A     2  -2  -2   1  -2  -2  -1   3  -2  -2  -2  -2   0  -3   3   0   0  -3  -3   1   22   0   0   8   0   0   3  23   0   0   0   0   3   0  15   6   4   0   0  14  0.33 0.17
   33 P     0  -2   0  -2  -4   3  -2  -3   1  -4  -2  -2  -3  -4   6   0  -2  -4  -3  -3    8   0   4   0   0  17   0   0   5   0   3   0   0   0  55   7   0   0   0   0  1.22 0.38
   34 E     0  -2   0   0  -3   2   3  -1  -2  -3  -2  -1  -2  -3   3   1   2  -3  -3  -2    8   0   5   4   0   9  29   3   0   0   4   0   0   0  14   7  16   0   0   0  0.40 0.21
   35 D     1   0   0   2  -3   0   0   2   0  -2  -1  -1  -2  -3   3   0  -1  -4  -3  -1   17   7   4  17   0   3   3  16   3   0   7   0   0   0  17   3   0   0   0   3  0.29 0.16
   36 P     1  -3  -3  -3  -3   0  -1  -3  -3  -2  -1  -2  -2  -3   6  -1  -1  -4   0   0   14   0   0   0   0   5   3   0   0   0   7   0   0   0  52   3   2   0   5  10  1.02 0.34
   37 Q     0   2   1  -1  -3   2   1   1  -2  -3  -3   0  -2  -3   2   0   1   2  -2  -1    6  19   6   0   0  11  10  10   0   0   0   0   0   0  13   7   9   3   0   5  0.30 0.17
   38 M     1   0   0   0  -2  -2  -2   3  -2  -1  -2  -1  -1  -1   3   1  -1  -3  -2  -2   13   7   5   5   0   0   0  25   0   5   4   0   1   4  15  15   0   0   0   0  0.29 0.16
   39 P    -2  -1  -2  -2  -4   1  -1   1  -3  -3  -4  -2  -3  -4   6   0   0  -4  -4  -1    0   3   0   0   0   8   3  11   0   0   0   0   0   0  56   7   5   0   0   5  1.17 0.36
   40 A     2  -1   0   0   0  -1   1   0  -2  -2  -3  -1  -2  -3   4   1   2  -3  -3  -1   19   4   5   3   2   0  11   6   0   0   0   0   0   0  21   8  16   0   0   5  0.35 0.17
   41 Q     0   1   0   0  -3   3   0   2   3  -3  -3   0  -2  -3   1   0  -1   2  -2  -3    9  11   3   3   0  20   3  16   9   0   0   5   0   0   6   8   3   3   0   0  0.29 0.16
   42 P     0  -3  -2   0  -4  -2   1   0   1  -2  -4  -2  -3  -4   6   0  -2  -4  -3  -3    6   0   0   4   0   0   9   9   5   3   0   0   0   0  53   9   0   0   0   0  1.08 0.34
   43 A     2  -2   0  -1  -2   1   1   2  -2  -2  -1  -1  -2  -3   1   2  -1  -3  -3  -1   17   0   4   0   0   7  10  17   0   0   8   0   0   0   6  26   0   0   0   3  0.26 0.18
   44 L     0  -2   0  -1  -2   1   0   0   0  -2   1  -1  -1  -1   3   1   0  -2   1  -2   10   0   3   3   0   7   5   6   2   0  21   3   0   1  15  12   3   0   8   0  0.16 0.13
   45 P     1  -4  -4  -3  -4  -1  -3   0  -4  -4  -4  -3  -4  -5   7  -2  -3  -5  -5  -2   14   0   0   0   0   3   0   6   0   0   0   0   0   0  75   0   0   0   0   2  1.91 0.54
   46 Q     0   1   0   1   1   3   0   1  -2  -3  -3  -1   1  -3   0  -1   2  -3  -3  -2    6   7   4   8   3  25   5  15   0   0   0   0   4   0   3   0  16   0   0   2  0.29 0.21
   47 L    -2  -2  -1  -2  -3   1  -2   1   3   0   2  -2  -1  -1   0  -1   1  -2   1   0    0   0   3   0   0  11   0  15  10   4  24   0   0   0   6   3  10   0   8   6  0.17 0.18
   48 P    -2  -3   0  -3  -4   2  -2  -1  -3  -4  -4  -2  -4  -4   7   1  -2  -5  -1  -2    0   0   4   0   0  10   0   5   0   0   0   0   0   0  64  12   0   0   3   3  1.51 0.48
   49 R     1   3   0  -1  -3   1   1   0  -2  -3  -3   0  -2  -4   1   1   0  -4  -3  -3   12  25   4   0   0   7  12   8   0   0   1   3   0   0   7  13   7   0   0   0  0.33 0.19
   50 R     1   3   0  -2  -3   2  -1   0   1  -3  -3   0   0  -3   2   2  -1  -3  -3  -3   13  23   3   0   0  15   0   8   3   0   0   0   3   0  10  21   0   0   0   0  0.39 0.24
   51 P    -2  -3  -3  -3  -4   2  -1   0   1   0  -4  -2  -3  -1   6  -1  -3  -4  -3  -2    0   0   0   0   0  12   3   8   4   6   0   0   0   4  57   3   0   0   0   3  1.25 0.43
   52 R    -1   1  -1  -2  -3   3   1   0   2  -2  -3  -1   0  -3   2   0   0   1   0  -1    3  10   0   0   0  21   9   8   8   3   0   0   3   0  13   8   5   3   4   3  0.28 0.19
   53 T     0   0  -2  -2  -3   1   0  -1   0  -2   1  -2  -1  -1   5  -1   1  -3  -2   0    6   7   0   0   0   7   4   5   3   0  16   0   0   3  30   0  12   0   0   7  0.43 0.22
   54 L     1  -1   0  -3  -3   0  -2   1  -3  -2   1  -2  -2  -2   5   0  -2  -3   0  -1   14   3   4   0   0   4   0  11   0   0  20   0   0   0  31   5   0   0   4   3  0.48 0.24
   55 D     0  -1   1   3  -4   1   1  -1  -2  -4  -4  -2  -3  -1   5   0  -2  -4  -3  -4    7   3   7  21   0   6   9   3   0   0   0   0   0   3  35   8   0   0   0   0  0.76 0.31
   56 E     1  -2   1   0  -3   2   3   0  -2  -4  -3  -1  -3  -4   3   1  -2   1  -3  -3   12   0   6   4   0  11  30   7   0   0   2   0   0   0  15  10   0   3   0   0  0.47 0.26
   57 D    -1  -2   1   2  -3   1   0   1   1  -2  -2  -1  -2  -3   3   1   0  -4  -3   0    2   0   5  14   0   9   6  14   3   0   2   0   0   0  18  12   6   0   0   8  0.32 0.19
   58 G     0  -1   0   0  -3  -1   0   3   0  -1  -3  -2  -2  -1   2   1   0  -3  -3  -2    7   3   3   4   0   2   5  34   2   4   0   0   0   4  13   9   7   0   0   3  0.35 0.19
   59 A     2  -1  -2  -2  -3   1   0   2  -2  -1   0   0   0   0   2  -1  -1   1  -2  -2   23   1   0   0   0  10   4  16   0   2   8   6   2   6  14   1   3   3   0   0  0.23 0.17
   60 P     1  -4  -1  -3   0   0  -1  -4  -4  -4  -3  -3  -4  -5   7  -1   1  -5  -4  -4   12   0   2   0   2   3   2   0   0   0   2   0   0   0  64   4   9   0   0   0  1.52 0.52
   61 S     0   0  -1   1  -3   1  -1   0  -2  -3  -3  -1  -3  -4   4   2   2   1  -3  -1    6   6   0   9   0   6   3   6   0   0   0   0   0   0  23  22  14   3   0   3  0.46 0.26
   62 E     1  -2  -1   0  -3   1   2  -1   1  -3  -3  -1  -3  -4   4   1   0   1  -3  -2   17   0   3   3   0   9  19   3   3   0   0   0   0   0  24  10   5   3   0   2  0.49 0.26
   63 D     1   0   0   2  -3   0   1  -2  -2  -3  -3  -1  -3  -3   4   0   1  -4   0  -2   14   5   3  15   0   5   8   1   0   0   0   0   0   0  28   7   8   0   3   2  0.51 0.25
   64 G     0  -1   0  -1  -3   1   1   3  -2  -3  -2  -1  -2  -1   1   1   0  -3   0  -2    4   2   2   0   0  10  14  28   0   0   3   0   0   3   7  13   8   0   3   2  0.29 0.19
   65 A     3  -1  -3   0  -3  -1  -2   2  -3  -3  -3  -2  -3  -4   5  -1  -1  -4  -4  -2   28   2   0   6   0   3   0  16   0   0   2   0   0   0  34   2   3   0   0   2  0.76 0.34
   66 A     2  -2  -2  -1  -2   0   0   1  -2  -2  -1  -2  -2  -1   2   1   1   0   0  -1   28   0   0   3   0   3   7  12   0   0   7   0   0   3  13   9   8   2   3   2  0.24 0.18
   67 G     1  -2   1   0   3  -1  -1   3   0  -3  -3  -2  -3  -3   2   1   0  -3   0  -3   14   0  10   4   8   2   1  27   2   0   0   0   0   0  11   9   5   0   3   0  0.36 0.20
   68 G     0  -2   0   1  -3   1  -1   2   0  -3  -2  -1   1  -3   3   1   1  -3  -3  -2    8   0   3   7   0   8   3  19   3   0   3   0   5   0  19  13   8   0   0   0  0.34 0.19
   69 S     1  -1  -2  -2  -3   0   0   2   1  -3  -3  -2   0  -3   3   1   2   3  -2  -2   13   2   0   0   0   6   5  17   4   0   0   0   3   0  15  13  17   5   0   0  0.38 0.24
   70 E    -1  -2  -2  -1   0   3   1   0  -2  -2  -1  -1  -2  -2   3   1   0  -3   2  -2    3   0   0   1   3  17  12   7   0   2   6   2   0   0  18  12   7   0  10   0  0.32 0.23
   71 P     0  -1   1  -3  -4   0  -1  -3  -3  -4  -2  -2  -3  -5   6   0   0  -5  -4  -3    8   4   7   0   0   3   3   0   0   0   5   0   0   0  57   5   7   0   0   0  1.24 0.46
   72 A     3  -1  -1  -1  -3   0  -1   1  -1  -2  -2  -2   1  -3   3   0   0  -4  -3  -1   36   3   3   2   0   3   3  11   1   2   2   0   5   0  18   5   4   0   0   2  0.39 0.25
   73 P     1  -3  -1  -2   0   1   1   1  -3  -4  -3  -2  -1  -4   5   0   0  -4  -4  -3   11   0   3   0   2   8   9  12   0   0   1   0   2   0  40   7   5   0   0   0  0.78 0.35
   74 E     1  -3  -2  -2   0   0   0   1  -3  -4  -4  -2  -3  -1   5   1   1  -4  -1  -3   14   0   0   1   2   4   6  13   0   0   0   0   0   2  34  13   8   0   3   0  0.64 0.31
   75 D     0   0   1   2  -3   1   0  -1   1  -3  -2  -1  -2  -3   3   1   1  -3   1  -2    7   4   8  14   0   8   4   5   3   0   5   0   0   0  17  10  11   0   6   0  0.28 0.18
   76 A     0  -1  -2  -1  -3   2   0   1  -1  -1  -1  -1  -2  -1   3   0   0  -3   1  -1    9   3   0   2   0  13   4  15   1   3   6   0   0   2  20   5   6   0   6   3  0.26 0.17
   77 P     1  -2  -3  -1  -4   0   0  -3  -3  -4  -4  -2   1  -5   6   0   0  -5  -4  -1   12   1   0   3   0   4   6   0   0   0   0   0   5   0  56   5   4   0   0   3  1.24 0.47
   78 A     3   1  -2  -3  -3  -2  -2   2   0  -3  -3   0  -3  -4   4   1   0  -4  -1  -3   28   9   0   0   0   0   0  14   3   0   2   4   0   0  21  12   5   0   2   0  0.48 0.28
   79 Q     0   1   1   1  -3   3   0   0   1  -3  -1   0  -2  -1   2   1   0  -3   0  -3    5   7  10   9   0  21   1   5   3   0   6   2   0   3  11  10   3   0   5   0  0.24 0.20
   80 A     1  -3  -2   0  -3   1  -1   1  -3  -1  -2  -2  -2  -4   5   1   0  -4  -3  -1   14   0   0   5   0   7   2  12   0   3   3   0   0   0  32  10   7   0   0   5  0.55 0.28
   81 A     1  -3  -3  -3  -3   1   0   0   0  -3  -2  -2   0  -4   6   0   1  -4  -4  -2   13   0   0   0   0   7   5   7   3   0   3   0   3   0  42   5  10   0   0   2  0.81 0.37
   82 G     1  -1  -2  -1  -3  -1  -1   4  -3  -1  -2  -1  -2  -3   1   0  -1   1  -1   0   10   3   0   2   0   2   3  41   0   3   4   3   0   0   6   7   3   2   2   8  0.37 0.22
   83 E    -2   0  -2   0   0   0   2  -1  -2  -3  -1  -2  -2   1   4  -1   0  -3   1  -1    0   7   0   4   3   4  20   4   0   0   7   0   0   8  26   2   7   0   4   3  0.42 0.26
   84 A     2   0  -2  -3  -3  -1  -1   2  -2  -3  -3  -2  -1  -3   4   1  -2  -3   1  -1   20   6   0   0   0   2   3  18   0   0   0   0   2   0  25  13   0   0   7   4  0.49 0.28
   85 G     0   1  -1  -1  -2   0  -1   2  -2  -2  -1   0   0   0   2   0  -1   1   0   0    3   8   3   2   0   4   3  22   0   0   3   4   5   5  11   9   0   2   2  11  0.15 0.12
   86 P     0  -2  -2   0   1   2   1  -1  -2  -3  -1  -1  -2  -3   5  -1  -1  -3  -1  -1   10   0   0   4   4  12   8   5   0   0   7   2   0   0  35   3   2   0   3   4  0.56 0.27
   87 V    -1  -1   0  -2   0   1   0   1   0  -1  -2   0  -2  -3   3   1   2   1  -1  -1    3   3   3   0   2   6   4  10   2   5   1   5   0   0  20   9  18   3   2   4  0.27 0.18
   88 S     0  -2  -1  -1  -3   2   0   1   2  -2  -1  -1  -2  -3   4   1   0  -3   0  -1    6   0   0   2   0  11   5  11   7   0   5   0   0   0  21  17   4   0   5   5  0.33 0.21
   89 K    -1  -1  -2  -1  -4   2  -1  -2  -3  -3  -1   1  -2  -4   5  -2   1  -4  -1  -2    3   2   0   3   0  11   3   3   0   0   7  11   0   0  39   0  13   0   2   3  0.73 0.35
   90 A     1  -1   1   1  -3  -1   1  -1  -2  -3  -2  -1  -2  -3   4   0   1  -4  -3  -1   16   2   6   9   0   0  11   2   0   0   4   3   0   0  26   7   9   0   0   4  0.43 0.23
   91 A     2  -2   0   0  -2   1  -1   1   2  -2  -1  -1  -2  -1   3   0   0  -3  -1  -2   20   0   6   4   0   8   2   9   6   0   7   3   0   2  17   7   7   0   2   0  0.25 0.18
   92 A     2  -3  -2  -3  -3   1  -2   2   0  -2  -2  -2  -2  -1   5   0   0  -4  -3  -1   17   0   0   0   0   9   0  19   2   2   4   0   0   3  30   4   5   0   0   4  0.55 0.29
   93 G     0  -2  -1  -1   0   1  -1   3   0  -3  -2  -1   0  -2   1   0   1  -3   1  -2    7   0   0   2   2  10   2  31   3   0   3   4   3   0   7   7  11   0   7   2  0.28 0.21
   94 G    -1  -2   0   0  -3  -1  -1   4   0  -3  -2   0  -1  -3   1   0   1  -3   0  -2    2   0   4   6   0   2   2  42   2   0   5   5   2   0   9   4  11   0   4   2  0.44 0.26
   95 A     1  -1  -1   1  -3  -2  -2  -1  -3   0  -2  -2  -2  -1   4   1   0  -3   0   0   12   2   2  10   0   0   0   5   0   5   2   0   0   2  28  10   7   0   4  10  0.40 0.24
   96 P     2  -1  -2  -1  -3   1  -1   0  -1  -3  -2  -2  -3  -3   5   0   1  -4   0  -2   23   3   0   3   0   8   1   7   1   0   2   0   0   0  32   6   8   0   5   1  0.59 0.32
   97 H     1  -2   3  -2  -4   1  -1  -1   3  -4  -3  -2  -3  -4   4   1  -1  -4  -3  -2   11   0  19   0   0   9   3   5   8   0   2   0   0   0  28  11   2   0   0   2  0.63 0.35
   98 I     1  -1  -1  -1   0   1   0   1   0   1  -1  -2  -2  -3   4   0   0  -4  -3  -1   14   3   3   2   2  10   4  10   2  14   4   0   0   0  21   5   4   0   0   2  0.27 0.19
   99 G     1  -1  -2  -1   0   0  -1   4   0  -4  -4  -1  -3  -1   2   0  -1  -3   0  -3   10   3   0   2   2   4   4  42   3   0   0   2   0   2  11   6   2   0   4   0  0.51 0.27
  100 F    -2  -3  -2  -1  -3   0  -1   1   1  -1  -2  -2  -1   3   3  -1   0  -1   4  -2    0   0   0   3   0   4   3  12   3   3   1   0   2  19  16   4   6   0  21   2  0.45 0.28
  101 V     1  -2  -2   0  -3  -2   1  -3   0  -2  -1  -2   1  -3   4   0   1  -3   0   1   12   2   0   5   0   0  12   0   3   0   3   0   4   0  25   6   8   0   4  17  0.39 0.25
  102 G     0  -1  -1   0  -3   1   1   3  -2  -3  -4  -2  -3  -3   2   2  -1   2  -1  -2    7   2   2   4   0   6  10  29   0   0   0   0   0   0  10  19   2   3   2   4  0.39 0.26
  103 E     0   0   1   2  -3   2   2  -1  -2  -2  -3  -1   1  -3   2   0   0  -3  -1  -1   11   4   7  15   0  10  16   4   0   0   0   0   6   0  11   4   4   0   2   4  0.27 0.20
  104 P     0   0  -1  -1  -4  -2  -3  -2  -4  -4  -4  -1  -4  -5   7   0  -1  -5  -4  -4    7   4   2   3   0   2   0   2   0   0   0   2   0   0  67   6   3   0   0   0  1.62 0.58
  105 P     1  -3  -3  -3  -4   2  -1  -2   0  -2  -2  -2   0  -4   6  -1   1  -5  -4  -3   11   0   0   0   0  10   2   2   2   2   4   0   2   0  52   2   8   0   0   0  1.13 0.49
  106 P    -1  -3   0  -2  -4   0  -3   2  -3  -4  -3  -3  -3  -4   6   0  -1  -4   0  -2    3   0   4   2   0   4   0  18   0   0   3   0   0   0  48   5   4   0   5   4  1.02 0.44
  107 Y     1  -1  -1  -3  -3   0  -3   0  -2  -3  -2  -2  -3   1   4   0   0  -2   5  -2   11   2   3   0   0   4   0   6   0   0   2   0   0   4  25   7   5   0  28   2  0.63 0.37
  108 A     2  -2  -1  -1  -3   1  -1  -1   0  -3  -2   0   1  -2   2   2   0   0   2  -2   21   0   2   2   0   8   2   2   2   0   2   4   5   0  13  18   6   1  11   2  0.27 0.24
  109 P    -3  -3  -2  -1  -5   3  -3  -1  -4  -3  -5  -3  -4  -5   7  -1   0  -5  -5  -4    0   0   1   3   0  16   0   6   0   2   0   0   0   0  60   3   7   0   0   0  1.55 0.63
  110 P     2  -3  -3  -3  -4   1  -2  -2  -3  -4  -2  -3  -3  -4   6   0  -1  -5  -4  -2   17   0   0   0   0   7   2   2   0   0   4   0   0   0  54   6   3   0   0   2  1.22 0.52
  111 D    -1  -1   1   4  -3   2   1  -1   0  -3  -2  -2  -3  -3   3   0  -1  -4  -1   0    4   2   5  31   0  12   7   4   2   0   3   0   0   0  14   4   2   0   3   7  0.43 0.27
  112 P    -1  -3  -3  -3  -4  -1  -1   2   0  -3  -3  -3  -3  -4   6  -1   0  -4  -2  -3    4   0   0   0   0   3   3  17   3   2   2   0   0   0  52   4   5   0   2   1  1.15 0.48
  113 K    -1   0  -2  -1  -3   1   1   2   0  -3  -2   3   0   0   1  -1  -2  -3   1  -3    5   2   0   2   0   6   8  18   3   0   2  27   3   5   8   3   0   0   7   0  0.29 0.23
  114 A     2  -2  -2   2  -3   0  -1   1  -2  -1  -2  -1   2  -2   1   0   0  -3   1   0   21   0   0  14   0   5   2  12   0   3   0   2   7   0   7   4   7   0   8   6  0.19 0.21
  115 A     1  -1  -2  -1  -2   0  -1   0  -3  -1  -1  -1  -2  -3   4   1  -1  -3  -3   1   17   4   0   2   0   5   4   8   0   3   4   2   0   0  22  10   2   0   0  17  0.31 0.22
  116 P    -1  -2  -3  -3  -4  -1  -1   0   5  -4  -4  -3  -3  -3   5   0  -1  -3   3  -2    4   2   0   0   0   3   2   8  16   0   1   0   0   0  39   6   3   0  11   2  0.94 0.45
  117 L    -1  -2   1  -2  -3   1   0  -1  -2  -2   2  -2   2  -3   4   0   0  -3  -1  -2    3   0   8   0   0   7   7   3   0   0  22   0   7   0  24   7   7   0   2   2  0.38 0.27
  118 L     0  -2   0  -1  -3   2   0   1   0  -1   1  -1   1  -2   2   0  -1   0  -1  -1    6   0   4   3   0  13   4  13   3   2  16   0   4   0  13   9   2   1   1   5  0.16 0.17
  119 Y    -1  -3  -3  -2  -1   0  -3  -1   0  -3  -2  -2  -1   1   2  -2  -1  -1   6  -1    6   1   1   3   2   6   1   6   2   1   3   2   2   4  12   1   4   0  42   4  0.71 0.39
  120 P     0  -3  -1  -3  -4   1  -1   1  -3  -4  -4  -3  -4  -4   7  -2  -1  -4  -1  -4    6   0   2   0   0   6   4  10   0   0   1   1   0   0  59   2   4   0   3   1  1.37 0.56
  121 P     1  -3  -3   1   0   0  -1   1  -3  -3  -3  -3  -3  -4   6  -1  -2  -4   0  -1   11   0   0   9   2   4   2  11   0   0   2   0   0   0  44   3   2   0   3   4  0.88 0.42
  122 F     0  -2  -2  -1  -3   2  -1   0  -1  -1   0  -2  -1   3   0   1  -1  -2   2   1    9   0   0   2   0  12   2   6   1   0   7   0   0  18   5  15   2   0   8  11  0.18 0.21
  123 P     0  -3  -1  -2  -4   2  -2   0  -3  -4  -2  -2  -3  -4   6  -1  -2  -4   1  -2    8   0   2   2   0  11   0   7   0   0   5   2   0   0  50   3   2   0   5   2  1.06 0.48
  124 Q    -2  -2  -1  -1  -4   5  -1   2   1  -4  -3  -1  -1  -2   1   0   0  -3  -1  -3    2   0   2   2   0  40   2  17   3   0   2   2   2   2   8   7   7   0   2   1  0.60 0.41
  125 V     1  -1   0  -2  -2  -1  -1   2   0  -1   0  -2   1  -1   2   0   0  -2   2   0   11   2   5   0   0   3   2  16   2   0  10   0   4   2  12   4   6   0  10  10  0.15 0.15
  126 P    -1  -3  -3  -3  -4  -1  -1   0  -3  -4  -4  -2  -4  -2   7  -2  -3  -4   3  -4    3   0   0   1   0   3   4   7   0   0   1   2   0   2  61   2   1   0  11   1  1.51 0.60
  127 V     0   0   0   0  -2   0   0  -1  -2   1   0  -1  -1  -2   3   0   0  -2   0   1    8   5   4   4   0   3   8   3   0  11   8   3   0   0  15   4   5   0   4  13  0.13 0.11
  128 V     0  -1  -1  -2  -2   1  -1   1  -2   0   0  -1   0   0   2   0   0   0   0   0    5   2   3   1   0   9   1  14   0   6  12   1   2   5  11   7   7   1   5   8  0.10 0.11
  129 L    -1  -2   0  -1  -3   2  -1   1  -1  -3  -1  -2  -2   1   2   0   0  -2   4  -3    4   0   5   3   0  11   2  13   0   0   6   1   0   5  14   7   6   0  22   0  0.34 0.27
  130 Q    -1  -1  -3  -1  -4   5   1  -1  -2  -2  -4  -2  -1  -4   3  -2   0  -4   1  -1    5   2   0   2   0  42   6   5   0   2   0   0   1   0  17   1   4   0   5   6  0.72 0.48
  131 P    -2  -3  -3  -3  -4   1  -2   0  -1  -4  -3  -1  -4  -2   7  -1  -3  -4  -1  -2    3   0   0   0   0   8   2   8   2   0   2   3   0   2  60   4   0   0   3   2  1.40 0.60
  132 A     2  -3  -2  -2   1   2  -2   2  -1  -2  -2  -2  -2   0   3  -1   0   0   0  -1   20   0   0   1   3  11   0  21   1   2   3   0   0   4  15   3   4   1   4   6  0.31 0.26
  133 P    -1  -4  -2  -1  -5  -2  -2  -1  -4  -4  -3  -3   0  -2   7  -1  -1  -5   0  -3    3   0   2   3   0   2   2   4   0   0   2   0   2   2  65   3   3   0   4   1  1.53 0.64
  134 S     0  -3  -2  -2  -1   1  -1   3   0  -3  -1  -2  -1  -2   3   1   0  -3   0  -1    9   0   0   0   2   7   3  27   2   0   6   0   1   2  17  10   7   0   3   4  0.36 0.27
  135 A     0  -2   0   0  -4   3  -1   2   1  -1  -3  -2  -1  -2   4  -1  -2   1   2  -2    6   0   3   7   0  16   2  17   4   4   0   0   1   2  23   2   1   2   8   2  0.46 0.31
  136 L     0  -1   1  -1  -3   2  -1   2   0  -1  -1  -2  -1  -1   3  -1  -1   0   1  -1    5   2   7   3   0  16   2  17   2   3   6   0   1   2  14   3   2   1   7   5  0.21 0.19
  137 F     2  -2   0  -2  -3   1  -1  -1   0  -1  -2  -2  -2   0   4   0   1  -3   2  -1   18   1   5   0   0   8   1   4   2   3   2   0   0   4  21   7   8   0  11   3  0.34 0.26
  138 P    -1  -3  -3  -3  -4  -1  -3   1  -1  -3   0  -3  -1  -3   6   0  -1  -4   0   0    5   0   0   0   0   3   0  12   1   0   9   0   1   0  44   8   4   0   4   7  0.85 0.43
  139 P     0  -1   1  -1   0   3  -1  -1  -1  -2  -3  -2  -3  -1   4  -1   0  -3   2  -3    9   3   6   2   2  19   2   4   1   3   2   0   0   3  27   3   5   0   9   0  0.49 0.33
  140 P     1  -1  -2  -3   0   1  -1   1  -1  -4  -3  -2  -3  -4   6   0  -1  -4  -1  -3   12   3   1   0   2   7   4  11   1   0   2   0   0   0  42   7   3   0   3   0  0.82 0.42
  141 A     0  -2  -1   1   1   2  -1   2   0  -3  -2  -2  -2  -1   4   0  -1  -3   1  -1    6   0   2   8   4  14   2  15   2   0   5   0   0   2  21   4   4   0   7   4  0.33 0.25
  142 Q    -1  -1   0   0  -3   2  -1   2  -2  -2  -3  -2  -2  -2   3  -1  -1   2   2  -2    5   2   5   6   0  15   3  17   0   2   2   1   0   0  17   4   4   3  12   2  0.34 0.26
  143 L     1  -2   0  -2  -2   0  -1   2   1  -1   0  -2   0  -2   3   0   1  -3  -1   0   16   0   3   0   0   6   2  16   4   3  10   0   2   0  14   3   9   0   2   7  0.19 0.17
  144 Y    -1  -3  -2  -3  -1   2  -2   1   2  -1  -1  -2   0  -2   4   0  -1  -2   4  -2    5   0   0   0   2  11   0  11   5   4   6   0   3   0  21   8   4   0  17   2  0.40 0.30
  145 P     0  -2  -2  -1  -5   1  -3   0   0  -4  -4  -3  -1  -4   6  -1  -3  -4   2  -2    7   1   2   4   0   7   0   9   3   0   0   0   2   0  50   4   0   0   8   3  1.11 0.54
  146 A     2  -3  -1  -1  -3   1  -2   1  -3  -3  -1  -2  -3  -2   4   0   0  -4   1  -3   18   0   2   4   0   7   1  14   0   0   7   0   0   2  27   8   4   0   6   0  0.49 0.34
  147 A     1  -2   0  -1  -3   3   0   2  -2  -3  -2  -2  -2  -2   3   1   0  -3   1  -2   11   0   3   2   0  16   4  15   0   0   4   0   0   1  16  11   7   0   7   3  0.31 0.27
  148 P     0  -2  -1  -1   0   2  -2   2  -3  -4  -4  -2  -1  -1   6  -1   0  -4   0  -3    7   2   3   2   2  10   0  15   0   0   1   0   1   3  42   3   5   0   4   0  0.83 0.43
  149 T     1  -1  -1   0  -3   2  -1   1  -2  -2  -2  -1  -2  -2   2   0   1  -3   1   0   13   3   2   5   0  12   2  14   0   2   3   0   0   0  13   4  13   0   6   7  0.21 0.20
  150 P    -1  -2  -1  -3  -4   3  -1   2  -3  -3  -1  -1  -1  -1   5  -2  -1  -3   0  -1    5   0   3   0   0  15   3  15   0   0   6   3   2   2  33   0   3   0   4   5  0.59 0.35
  151 P     0  -3  -2  -2   0  -1  -2   1  -3  -1  -2  -3  -1  -3   6  -2   0   0   3  -1    6   0   2   2   2   3   2  11   0   3   4   0   2   0  42   1   5   1  11   3  0.79 0.42
  152 A     0  -3  -1  -3  -3   0  -2   2   0  -3  -1  -2  -1  -1   4   0   1   0   1  -1    7   0   1   0   0   6   0  15   2   0   5   0   2   2  26   9  10   1   7   6  0.41 0.28
  153 L     1  -1   0  -3  -3  -1  -1  -2  -2  -1   0  -2   1   1   4  -1  -1  -2   2   0   15   3   5   0   0   2   4   2   0   3   7   0   4   6  26   3   4   0  10   6  0.38 0.26
  154 F     0  -2  -1  -2   0   2  -2   0   0  -2  -1  -2  -2   1   3  -1   0  -2   4  -1    8   2   3   2   3  15   0   6   1   0   5   0   0   8  16   3   5   0  18   5  0.33 0.28
  155 S     1  -1  -2  -1  -3   4  -1   1  -2  -2  -2  -2  -2  -2   3   1   1  -3  -1  -1   10   3   0   3   0  24   2  12   0   2   3   0   0   2  13  10   8   0   2   5  0.31 0.28
  156 P     1   0  -1  -1  -3   1  -2   3  -3  -2  -3  -1  -3  -4   4   0   1  -4  -3  -2   11   7   1   3   0   9   0  22   0   2   2   3   0   0  22   6   9   0   0   2  0.46 0.30
  157 P     0  -1   0  -2  -3   2  -1   1  -2  -1  -2   0  -2  -3   4   1   0   1   0  -1   10   2   3   0   0  14   2  11   0   4   3   4   0   0  22  10   5   2   4   4  0.34 0.26
  158 A     0   0  -1   0  -2   1  -1   1   0  -1  -1   0  -1   0   2   0   1  -2   1   0    6   5   2   5   0   6   3  13   2   3   5   4   1   4  12   6   9   0   6   7  0.11 0.11
  159 G     0  -3   1  -2  -3   1  -1   2  -1  -3  -2  -2   0  -1   3   0   0  -3   1  -1    7   0   7   0   0   7   3  21   1   0   2   0   4   2  19   8   6   0   7   6  0.34 0.26
  160 A     1  -1  -1  -2  -3   2  -1   2   0  -2  -2  -2  -1   0   3   0   0   2  -1   0   14   3   3   0   0  14   2  16   3   0   2   0   1   4  14   4   5   4   2   9  0.26 0.24
  161 A     0  -3  -3  -1  -4   2  -2   2  -3  -4  -4  -3  -3  -1   5   0   1  -3   2  -1    9   0   0   2   0  10   0  14   0   0   0   0   0   2  30   8   9   0   9   4  0.62 0.40
  162 F     1   0  -2  -3  -3   2   0   0  -1  -2  -1  -2   0   2   3  -1  -1  -2   2   0   13   4   1   0   0  14   4   6   1   0   5   0   3  10  16   2   2   0  10   7  0.26 0.25
  163 P     1  -2  -3  -1  -4   0  -1  -1  -3  -3  -3  -3  -3  -4   6   0   0  -4   0   0   12   2   0   3   0   4   4   4   0   0   2   0   0   0  45   7   5   0   4   6  0.89 0.45
  164 F    -1  -1  -2  -3  -3   2   0   0  -2  -2  -1  -2   0   3   3  -1   0  -2   4  -1    5   2   0   0   0  10   6   9   0   0   3   0   3  14  15   3   6   0  16   5  0.33 0.27
  165 P     0  -1  -1  -1  -3   2  -2   0  -3  -1  -3  -1   1  -4   5  -1   1  -4  -2  -2    8   3   3   2   0   9   0   9   0   5   1   2   6   0  32   4  12   0   1   2  0.54 0.34
  166 V     0  -1  -1   0   0   2  -1   0  -1   0  -2  -1  -2  -3   4   0   0  -3   0   0    8   3   2   5   2  14   2   8   1   9   3   3   0   0  21   6   4   0   4   7  0.25 0.21
  167 Y     0  -3   1  -1  -1   1  -1  -1   1  -1  -3  -2   0   0   1  -1   0   0   5   0    7   0   7   3   1   8   2   5   3   3   0   0   2   3   8   4   7   1  28   7  0.36 0.31
  168 N     0   0   2   0  -1   2  -1   1   0  -2  -2  -1  -2  -3   2   0   0  -3  -1   0   10   4  14   6   1  14   0  12   2   0   4   0   0   0   9   5   6   0   2   8  0.19 0.21
  169 G     1  -2   1   0  -3   2  -1   1  -2  -2  -3  -1  -1  -2   3   1   1  -3   0   0   10   0   7   4   0  11   2  12   0   2   0   1   2   1  15  14   7   0   3   7  0.25 0.22
  170 P     0  -3  -3  -1  -4   2  -2  -1   1  -2  -4  -3  -3  -4   6   0   0  -4   0  -1    6   0   0   3   0  11   0   4   4   2   0   0   0   0  45   7   7   0   3   5  0.92 0.48
  171 M     0  -2   0  -2  -3   2  -2   0   0   0   0  -1   2   0   2  -1   0   1   1   1    5   0   4   0   0  12   0   7   2   4   8   4   9   3  13   4   5   2   5  13  0.15 0.19
  172 A     2  -1  -1  -2  -3   0  -1   0   1   0  -1  -2   0  -2   4   0  -1  -3   2   0   18   2   3   0   0   4   2   7   3   4   4   0   2   0  21   9   3   0   9   8  0.29 0.24
  173 G    -1  -1  -2  -1  -3   0  -2   4  -3  -1  -2  -2   1  -3   1   0   1   1   0  -1    3   4   0   2   0   6   1  36   0   3   3   0   5   0   9   7   9   2   3   6  0.37 0.27
  174 V     1  -1   0   0  -2   2   0   1  -2  -2  -1  -1   0  -3   2   0   0  -3  -1   1   14   2   5   4   0  11   6  12   0   0   3   1   2   0  12   6   6   0   3  13  0.17 0.17
  175 P    -1  -3  -3  -1   0   1  -1   1  -1  -2  -3  -2   0  -2   6   0  -1  -4  -1  -1    4   0   0   3   2   9   4  10   2   3   1   0   3   2  41   8   3   0   2   5  0.74 0.42
  176 G     1  -3   0  -2  -3   1  -1   3  -3  -2  -1  -2  -1  -2   4   0  -1  -3  -1  -1   13   0   4   0   0   9   2  23   0   2   6   0   2   2  22   6   3   0   2   3  0.41 0.29
  177 P    -1  -1  -1  -3  -4   1  -1   1  -3   0  -1  -1   0  -3   5  -1   0  -4  -1  -1    3   4   3   0   0   7   3  12   0   8   4   2   2   0  39   2   5   0   2   2  0.66 0.38
  178 A     2  -1  -1  -1  -2   1  -1   0  -2  -1  -1  -2  -1  -2   2   0   1  -3   0   1   21   2   2   4   0  10   2   7   0   2   3   0   1   0   9   5  10   0   4  16  0.16 0.20
  179 T     0   0   0  -1  -2   1  -2   1   0   0   0  -1   0   0   2   0   0  -2   0  -1   10   4   4   2   0   8   0  16   2   6  10   0   2   4  13   4   7   0   4   3  0.13 0.14
  180 V     0   0  -2   0  -2   1  -1   1  -1  -1   0  -1   1  -2   1   0   1   0  -1   1    6   4   0   5   0  10   2  13   1   0  10   0   4   0   9   5   8   2   1  18  0.11 0.17
  181 E    -1   0   1   0  -3   2   3   0   0  -1  -3  -1  -2  -2   2   0  -1  -3  -1  -1    4   5   7   4   0  13  25   8   2   3   1   0   0   2  11   6   3   0   2   4  0.30 0.25
  182 H     0   0   1  -2  -3   1   0   0   2   0  -2  -1   1  -2   1   0   0   4   1   0    7   7   7   0   0   7   7   7   6   7   1   0   6   0   7   7   7   6   6   7  0.12 0.16
  183 R    -1   1   0  -1   1   2  -1   1   0  -2  -1  -1   2  -3   3   0  -1   1  -3  -1    5  11   3   3   4  13   2  14   2   0   5   0   8   0  16   4   2   2   0   4  0.24 0.21
  184 P     0   1  -2   0  -3   0   0  -2  -2   0  -1   0  -2  -3   4   0   0  -3  -3  -1    8  12   0   5   0   5   6   0   0   5   6   5   0   0  25   9   7   0   0   5  0.35 0.19
  185 L     0   1  -1  -2   2   1   0   0  -2   0   0   0   1  -2   1   0  -1  -3  -2   0    8   8   0   0   7   7   8   8   0   8   8   8   7   0   8   8   0   0   0   8  0.09 0.11
  186 P    -1  -3  -3  -3  -3  -2  -3   0   2   0  -1  -2  -2  -3   6   0   0  -3   1  -1    5   0   0   0   0   0   0   6   6   5   5   0   0   0  47   6   5   0   7   5  0.87 0.35
  187 K     0   1   1   1  -3   2   1  -1   2  -3  -3   1  -2  -3   2   1  -1  -3  -2  -2   10  10   9  10   0   9  10   1   9   0   1  10   0   0  10  10   1   0   0   1  0.27 0.11
  188 D    -2  -2   4   4  -3  -1  -1  -2  -2  -4  -4  -2  -3  -4   2   1   2  -5  -3  -3    0   0  26  35   0   0   0   0   0   0   0   0   0   0  11  14  13   0   0   0  0.70 0.21
  189 Y    -2  -2   1  -3  -3  -2  -2  -3   3  -1  -2   0  -2   2  -3  -2  -2   0   6   1    0   0   9   0   0   0   0   0  11   0   0   8   0   9   0   0   0   0  50  13  0.67 0.20
  190 M    -2  -3  -3  -4   2  -1  -3   0  -3   0   3  -3   5   1  -3  -1  -2  -2   0   0    0   0   0   0   5   4   0  10   0   0  42   0  25   5   0   4   0   0   3   3  0.43 0.20
  191 M     0  -3  -1  -3   2  -2  -3   0  -3   1   0  -2   1  -1   3  -2  -1   3  -2   2    9   0   2   0   5   0   0   9   0   6   3   0   7   3  20   0   3   5   0  28  0.32 0.14
  192 E     0  -1  -3  -2  -3   0   2  -3  -2   0   1  -2   0   0  -2  -2  -2   7   1  -1   10   2   0   0   0   5  22   0   0   8  18   0   2   3   1   0   0  25   3   0  0.54 0.17
  193 S     4  -2  -1  -2  -2  -1  -2   0  -2  -3  -3  -2  -2  -3  -2   4   0  -4  -3  -2   45   0   0   0   0   0   0   4   0   0   0   0   0   0   0  51   0   0   0   0  0.71 0.25
  194 V    -1  -3  -3  -3  -2  -3  -3  -1  -3   4   1  -3   0  -1  -3  -1  -1   4  -2   3    3   0   0   0   0   0   0   7   0  45   5   0   0   0   0   5   0   9   0  25  0.45 0.16
  195 L    -1  -3  -4  -4  -2  -3  -3  -4  -3   1   4  -3   2   3  -3  -3  -2  -2   0   1    4   0   0   0   0   0   0   0   0   5  58   0   5  21   0   0   0   0   0   5  0.56 0.17
  196 V     0  -3   0  -3   4  -2  -2  -1  -3   0  -1  -2  -1  -2  -3   1   2  -3  -2   3    7   0   4   0  13   0   0   3   0   0   0   0   0   0   0  10  22   0   0  41  0.37 0.17
  197 T    -1  -3  -2  -2   5  -2  -1  -3  -3  -1  -1  -2   1   0  -3   0   5  -3  -2  -1    0   0   0   0  18   0   5   0   0   3   5   0   6   4   0   0  60   0   0   0  0.68 0.25
  198 L    -2  -3  -4  -4  -2  -3  -3  -4  -4   4   3  -3   1   0  -3  -3  -1  -3  -2   3    0   0   0   0   0   0   0   0   0  34  34   0   3   3   0   0   0   0   0  25  0.52 0.12
  199 F    -2  -3  -3  -4   6  -3  -4  -3  -2  -1   1  -3  -1   5  -3  -2  -2  -1   1  -1    1   0   0   0  29   0   0   1   0   0  15   0   0  50   0   1   0   0   0   0  0.86 0.17
  200 C    -2  -4  -3  -4  10  -4  -4  -3  -4  -2  -1  -4  -2  -1  -3  -2  -2  -3  -3  -2    1   0   0   0  85   0   0   1   0   0   7   0   0   3   0   1   0   0   0   0  1.94 0.28
  201 C    -2  -4  -1  -4   9  -3  -4  -3  -3  -2  -1  -3  -2   3  -3  -2  -2  -2  -1  -2    1   0   3   0  66   0   0   1   0   0   6   0   0  20   0   1   0   0   0   0  1.36 0.22
  202 L    -2  -3  -4  -4   1  -3  -4  -4  -3   0   4  -3   1   0  -4  -3  -1   8  -1  -1    0   0   0   0   3   0   0   0   0   2  55   0   3   1   0   0   4  30   0   1  0.96 0.19
  203 L    -2  -3  -3  -3  -3  -3  -3  -3  -3   1   1  -2   0  -1   7  -2  -2  -4  -3  -1    0   0   0   0   0   0   0   0   0  12  15   0   3   3  66   0   0   0   0   0  1.36 0.21
  204 T     0  -2  -2  -2  -2  -2  -2  -1  -2   0   1  -2   0   1   0   1   3  -2  -1   0    6   0   0   0   0   0   0   3   0   4  24   0   0   8   4  12  35   0   0   4  0.22 0.10
  205 G     0  -3  -2  -2  -3  -3  -3   6  -3  -5  -4  -3  -4  -4  -3  -1  -2  -4  -4  -4    7   0   0   0   0   0   0  93   0   0   0   0   0   0   0   0   0   0   0   0  1.46 0.23
  206 L    -1  -3  -3  -4  -2  -3  -3  -4  -4   4   2  -3   1  -1  -3  -2   0  -3  -2   2    3   0   0   0   0   0   0   0   0  56  19   0   2   0   0   0   7   0   0  13  0.53 0.14
  207 I     0  -3  -3  -3   2  -3  -3  -2  -3   3   0  -3   1   1   1  -2  -1  -3  -1   3   11   0   0   0   5   0   0   3   0  31   2   0   3   8   7   0   0   0   0  31  0.29 0.10
  208 A     5  -2  -2  -2  -1  -2  -2   0  -2  -2  -3  -2  -2  -3  -2   2  -1  -4  -3  -1   81   0   0   0   0   0   0   2   0   0   0   0   0   0   0  16   0   0   0   0  0.77 0.20
  209 I    -2  -4  -4  -4  -2  -3  -4  -5  -4   5   2  -3   0  -1  -4  -3  -2  -3  -2   2    0   0   0   0   0   0   0   0   0  68  19   0   0   0   0   0   0   0   0  12  0.78 0.18
  210 V    -1  -2  -4  -4  -2  -3  -3  -4  -3   3   1  -2   2   0  -3  -3  -1  -3  -2   4    0   2   0   0   0   0   0   0   0  29   9   2   8   3   0   0   0   0   0  47  0.51 0.13
  211 Y    -1   0   0  -3  -3  -1  -2  -3   0  -2  -2   3  -2   4  -3  -2  -2   3   5  -2    3   2   5   0   0   0   0   0   0   0   0  28   0  20   0   0   0   3  38   0  0.65 0.17
  212 S     3  -2  -1  -2  -2  -1  -1  -1  -2  -3  -3  -1  -2  -3  -2   4   0  -4  -3  -2   37   0   0   0   0   0   0   0   0   0   0   0   0   0   0  63   0   0   0   0  0.76 0.20
  213 H     0  -1   1  -2   3  -1  -1  -2   4   0  -1  -1   0   0  -2   1   1  -2   1   0    7   2   6   0  11   2   0   0  17   5   3   2   3   3   0  16   9   0   5   8  0.16 0.07
  214 E    -2   1   0   1  -4   4   4  -3   1  -4  -3   2  -2  -4  -2   0  -1  -3  -2  -3    0   3   4   5   0  23  43   0   2   0   0  16   0   0   0   3   0   0   0   0  0.65 0.15
  215 A     1  -3  -2  -3  -2  -2  -2  -3  -3   1  -1  -2  -1  -2  -2   0   3  -3  -2   4    9   0   0   0   0   0   0   0   0   2   0   0   0   0   0   2  33   0   0  54  0.50 0.16
  216 R    -2   5   2   1  -4   1  -1  -1   0  -4  -3   1  -2  -4  -3   0  -1  -4  -2  -3    0  52  11   9   0   6   0   2   2   0   0   7   0   0   0   8   2   0   0   0  0.62 0.15
  217 A     2  -1   1   1  -2  -1   0   1   0  -2  -2   0   0  -3  -2   3   1  -3  -2  -2   20   2   9   7   0   0   2  10   2   0   0   3   5   0   0  32   9   0   0   0  0.27 0.09
  218 A     4   2  -2  -1  -2  -1  -1  -1  -2  -2   0   2  -1  -3  -2   0  -1  -3  -2  -1   54  13   0   3   0   0   0   0   0   0  12  14   0   0   0   3   0   0   0   0  0.36 0.14
  219 L    -2  -2   1  -3  -1  -1  -2  -3   0   2   1  -2   1   1  -3  -2  -1   5   2   1    0   1  12   0   1   3   0   1   2  16  21   0   3   4   0   2   1  14  12   7  0.31 0.10
  220 G     3   0   1   0  -2   1   0   1  -1  -2  -2  -1   0  -2  -2   0  -1  -3   0  -2   47   6  10   3   0  10   3   7   0   2   0   0   2   0   0   3   2   0   5   0  0.28 0.13
  221 R     0   5  -2  -2  -3   1   0  -1  -2  -2  -1   1   1  -3  -3   0  -1  -3  -3  -1   11  53   0   0   0   6   3   3   0   0   3   2   5   0   0   6   2   0   0   5  0.52 0.17
  222 G    -1  -4   0  -1  -4  -1  -3   6  -3  -5  -5  -3  -4  -5  -4  -2  -3  -4  -4  -5    0   0   5   3   0   2   0  90   0   0   0   0   0   0   0   0   0   0   0   0  1.59 0.31
  223 D    -3  -1   1   7  -5  -1   0  -3   0  -5  -5  -2  -4  -5  -3  -2  -3  -6  -4  -5    1   3   5  88   0   2   0   0   2   0   0   0   0   0   0   0   0   0   0   0  1.65 0.34
  224 L    -1   0  -3  -3  -3  -1  -1  -4  -1   2   2  -2   3   2  -3  -2  -1   2   4   0    3   5   0   0   0   2   3   0   0  14  19   0  12   7   0   0   1   2  28   4  0.39 0.14
  225 A     2  -1   0   0  -2   1   1  -1   0   0  -1  -1  -1  -3   1   0   0  -3  -2   1   28   2   4   2   0   9  15   3   2   7   3   0   0   0   6   5   4   0   0  11  0.15 0.08
  226 Q     0   0  -1  -1  -3   3   0   3  -1  -3  -2  -1  -2  -3  -2   1   0  -3  -3  -2    7   6   0   1   0  19   6  35   1   0   3   0   0   0   0  14   5   0   0   2  0.41 0.14
  227 A     6  -3  -3  -3  -2  -2  -3  -1  -3  -3  -3  -2  -3  -4  -3  -1  -2  -4  -3  -2   98   0   0   0   0   0   0   2   0   0   0   0   0   0   0   0   0   0   0   0  1.32 0.34
  228 E    -1   2   1  -1  -3   2   3  -3   0  -3  -1   2   0  -1  -2  -1  -1  -3  -1  -2    3  16   8   0   0  12  32   0   1   0   4  12   2   2   0   2   1   0   2   3  0.37 0.13
  229 E     0   2   0   0   1   1   1  -2  -1   0  -1   0   1  -1  -2   1   0  -3  -1   0    4  21   2   6   3   7  12   0   0   7   4   4   5   2   0  15   2   0   1   6  0.14 0.07
  230 A     4  -2  -1  -3  -2  -2  -2  -1   1  -3  -2  -2  -2  -2  -2   2  -1  -3   2  -2   62   0   3   0   0   0   0   0   5   0   2   0   0   0   0  18   1   0   9   0  0.62 0.22
  231 S     2  -2  -1  -2  -2  -2  -2  -2  -3  -4  -4  -2  -3  -4  -2   6   0  -4  -3  -2   13   0   0   0   0   0   0   0   0   0   0   0   0   0   0  86   0   0   0   1  1.14 0.33
  232 R    -1   4   0  -1  -4   3   0  -2   0  -3  -2   3   0  -4  -3   0  -2  -4  -3  -3    3  36   4   3   0  19   1   2   1   0   2  20   2   0   0   6   0   0   0   0  0.56 0.17
  233 K     0   1   2   0  -3   0   1  -2  -1  -3  -2   3   0  -3  -2   1   1  -4  -3  -2    6   5  14   2   0   2  12   0   0   0   4  32   3   0   0  13   7   0   0   0  0.33 0.13
  234 A     5  -3  -3  -3  -2  -2  -2  -1  -3  -3  -3  -2  -2  -4  -2   1   1  -4  -3  -2   85   0   0   0   0   0   0   0   0   0   0   0   0   0   0   5  10   0   0   0  1.04 0.29
  235 R    -2   5  -1  -3  -4   1  -1  -3  -2  -3  -1   4  -2  -4  -3  -2  -2   1  -3  -3    0  49   2   0   0   6   0   0   0   0   8  33   0   0   0   0   0   2   0   0  0.87 0.23
  236 S     0   1   1  -2   1   1  -1  -2  -2   0   0   1   2  -2  -2   1   2   0  -2  -1    5  12   8   0   4   5   0   0   0   5   7  11   9   0   0  16  15   1   0   3  0.15 0.09
  237 L    -3  -4  -5  -5  -3  -3  -4  -4  -3  -1   3  -4   2   4  -4  -4  -3   8   1  -1    0   0   0   0   0   0   0   0   0   0  39   0   6  22   0   0   0  28   3   3  1.13 0.25
  238 V     1  -2   2  -2   3  -2  -2  -1  -2   2  -1  -2  -1  -2  -2   2   0   0  -2   2   14   0  14   0   7   0   0   2   0  14   0   0   0   0   0  22   3   2   0  23  0.25 0.13
  239 L    -2  -3   1  -3  -2  -2  -3  -4   1   3   2  -2   2   2  -4  -2  -2   3   0   1    0   0  11   0   0   0   0   0   5  24  30   2   5  12   0   0   0   5   2   4  0.35 0.13
  240 F     0  -3  -3  -4  -2  -3  -3  -3  -3   4   1  -3   1   3  -3  -2  -1   1  -1   2   10   0   0   0   0   0   0   0   0  37  12   0   2  20   0   2   3   2   0  11  0.40 0.14
  241 S     2  -2   0  -2  -2  -2  -2   1  -2  -3  -4  -2  -3  -4  -2   5   0  -4  -3  -3   19   0   3   0   0   0   0  10   0   0   0   0   0   0   0  65   3   0   0   0  0.75 0.24
  242 L     1  -3  -4  -4  -2  -3  -3  -2  -3   2   4  -3   0   2  -3  -2  -1  -2  -1   0   17   0   0   0   0   0   0   2   0  12  54   0   0  11   0   0   2   0   0   2  0.45 0.16
  243 L     1  -3  -3  -3   2  -3  -3   2  -3   2   1  -3   1   1  -3  -1  -1  -3  -2   2   12   0   0   0   5   0   0  18   0  15  20   0   2   6   0   0   3   0   0  18  0.21 0.09
  244 F     0  -3  -3  -4  -2  -3  -3  -2  -3   2   2  -3   0   3  -3  -2   0  -2   0   3    9   0   0   0   0   0   0   2   0  14  18   0   0  23   0   0   4   0   0  31  0.39 0.14
  245 G    -1  -4  -2  -3  -4  -3  -4   6  -4  -5  -5  -3  -4  -5  -4  -2  -2  -4  -5  -5    2   0   0   0   0   0   0  96   0   0   0   0   0   0   0   0   2   0   0   0  1.76 0.32
  246 V    -1  -3  -4  -4  -2  -3  -4  -4  -4   3   2  -3   0   1  -3  -3  -1  -3  -2   4    4   0   0   0   0   0   0   0   0  26  20   0   0   5   0   0   0   0   0  45  0.59 0.17
  247 F     1  -3  -3  -3   1  -3  -3  -3  -3   2   1  -3   0   4  -3  -1   0  -2   0   2   22   0   0   0   3   0   0   0   0  19   8   0   0  26   0   2   5   0   0  15  0.29 0.12
  248 V     1  -2  -2  -3  -1  -1  -2  -2  -2   2   1  -2   1   1  -2   0   0  -2  -1   3   17   0   0   0   0   4   0   0   0  10  12   0   3   6   0   6   7   0   0  33  0.20 0.09
  249 S     0  -2  -2  -2   1  -1  -1   0   0   2   1  -2   1   1  -2   1  -1  -2   1   0    8   0   0   0   5   0   5   8   2  18  12   0   7   5   0  18   0   0   8   3  0.08 0.07
  250 T    -1  -3  -3  -3   0  -3  -3  -2  -3   3   1  -3   0  -1  -3  -2   1  -3  -2   3    3   0   0   0   2   0   0   3   0  26  13   0   0   2   0   0  12   0   0  38  0.40 0.14
  251 S     0  -2  -2  -2   1  -2  -2   0  -2   2   2  -2   1  -1  -2   1   0  -3  -2   1    9   0   0   0   3   0   0   9   0  18  24   0   2   0   0  19   6   0   0   9  0.14 0.08
  252 W    -1  -3  -3  -4   3  -3  -3  -2  -2   1  -2  -3  -2   2  -3  -1  -2   8   4   0    3   0   0   0   8   0   0   3   0  12   1   0   0   7   0   5   0  34  17   7  0.96 0.20
  253 V     0  -3  -2  -3  -2  -2  -3   0  -3   3   1  -2   1  -1  -3   0   1  -3  -2   3    4   0   0   0   0   0   0   7   0  22   8   0   5   0   0   5  10   0   0  37  0.29 0.11
  254 I    -1  -3  -3  -4  -2  -3  -3  -2  -4   5   1  -3   0  -1  -3  -2  -1  -3  -2   3    5   0   0   0   0   0   0   3   0  58  12   0   0   0   0   0   3   0   0  17  0.58 0.17
  255 Y    -1  -3  -3  -3   0  -2  -3  -2  -1   2   2  -3   1   3  -3  -2  -2   2   4   0    5   0   0   0   2   0   0   3   0  14  22   0   3  15   0   0   0   2  27   3  0.40 0.12
  256 V    -1   0  -3  -4  -2  -2  -3  -4  -3   1   1  -2   3  -1  -3  -2   1  -3   0   4    3   7   0   0   0   0   0   0   0   5  12   0  14   0   0   0   8   0   4  47  0.38 0.15
  257 V    -2  -4  -4  -4  -2  -3  -4  -2  -4   4   1  -3   0   1  -3  -3  -1  -3  -2   4    0   0   0   0   0   0   0   2   0  31   7   0   0   7   0   0   0   0   0  52  0.62 0.17
  258 V     0  -3  -3  -4  -2  -3  -3  -3  -3   2   1  -3   1   2  -3  -2   0  -3  -1   4    8   0   0   0   0   0   0   0   0  12   6   0   3  13   0   0   5   0   0  53  0.45 0.14
  259 A     3  -2  -2  -2  -2   0  -2   1  -2   0  -1  -2  -1  -2   1   0   0   3   1   1   44   0   0   0   0   4   0   8   0   6   3   0   0   0   6   4   4   5   6  10  0.25 0.10
  260 L    -2  -3  -4  -4  -2  -3  -4  -4  -3   2   3  -3   1   3  -4  -3  -2  -2   0   2    0   0   0   0   0   0   0   0   0  12  46   0   0  19   0   0   0   0   0  23  0.52 0.13
  261 Y     0  -2  -2  -3  -2  -2  -2  -3   0   1  -1  -2  -1   2  -3  -1   1   0   6   2    7   0   0   0   0   0   0   0   0   7   0   0   0   3   0   0  13   0  52  19  0.56 0.12
  262 L    -1  -3  -3  -4  -2  -2  -3  -4  -3   3   2  -3   2   2  -3  -2  -1  -2  -1   3    0   0   0   0   0   0   0   0   0  26  20   0  10  12   0   0   2   0   0  30  0.35 0.06
  263 P    -1  -2  -2  -2  -3  -1  -1  -2  -2  -3  -3  -1  -3  -4   7  -1  -1  -4  -3  -2    0   0   0   0   0   0   0   0   0   0   0   0   0   0 100   0   0   0   0   0  2.06 0.01

                      K         Lambda
Standard Ungapped    0.1359     0.3146
Standard Gapped      0.0350     0.2670
PSI Ungapped         0.1145     0.3174
PSI Gapped           0.0350     0.2670
