
Last position-specific scoring matrix computed, weighted observed percentages rounded down, information per position, and relative weight of gapless real matches to pseudocounts
            A   R   N   D   C   Q   E   G   H   I   L   K   M   F   P   S   T   W   Y   V   A   R   N   D   C   Q   E   G   H   I   L   K   M   F   P   S   T   W   Y   V
    1 G    -6  -9  -7  -8  -9  -8  -8   8  -8 -10 -10  -8  -9 -10  -8  -6  -8  -9  -9 -10    0   0   0   0   0   0   0 100   0   0   0   0   0   0   0   0   0   0   0   0  3.16 1.18
    2 I    -7  -9  -9  -9  -7  -9  -9 -10  -9   8  -3  -9  -4  -6  -9  -8  -7  -9  -7   3    0   0   0   0   0   0   0   0   0  84   1   0   0   0   0   0   0   0   0  15  2.79 1.05
    3 P    -8   1  -9  -8 -10  -7  -8  -9  -9 -10 -10  -5  -9 -10   9  -7  -8 -10  -7  -9    0   7   0   0   0   0   0   0   0   0   0   1   0   0  92   0   0   0   0   0  3.40 1.36
    4 Y    -9  -9  -9 -10  -9  -8  -9 -10  -4  -8  -7  -9  -7   4 -10  -9  -8  -4  10  -8    0   0   0   0   0   0   0   0   0   0   0   0   0  16   0   0   0   0  84   0  3.61 1.35
    5 A     7  -7  -7  -8  -4  -7  -7   0  -8  -7  -7  -7  -3  -8  -7  -4  -6  -8  -8  -5   89   0   0   0   0   0   0   8   0   0   0   0   1   0   0   1   0   0   0   1  2.40 1.05
    6 K     0   1  -3  -4  -6   3   3  -6  -4  -4  -2   6  -3  -7  -6  -2   0  -7  -5  -4    7   6   1   1   0  13  17   0   0   1   4  41   0   0   0   3   5   0   0   1  0.97 0.55
    7 P     1  -7  -4  -7  -8  -4  -6  -7  -7  -6  -8  -4  -7  -8   8  -2  -5  -8  -8  -2   10   0   1   0   0   1   0   0   0   0   0   1   0   0  79   3   1   0   0   3  2.57 1.08
    8 P    -5  -7  -5  -5  -7  -7  -6  -7  -7  -7  -7  -6  -4  -8   9  -6  -5  -8  -8  -7    1   0   1   1   0   0   0   0   0   0   1   0   0   0  92   0   1   0   0   0  3.26 1.25
    9 V    -4  -5  -6  -6  -5  -5  -4  -7  -6   4   2  -4  -2  -3  -6  -4   1  -6  -5   6    1   1   0   0   0   0   1   0   0  23  17   1   0   1   0   1   8   0   0  44  1.19 0.55
   10 G    -3  -4   0  -2  -7  -4  -4   7  -4  -7  -7  -2  -7  -7  -6  -4  -5  -7  -5  -6    2   1   5   3   0   1   1  81   1   0   1   3   0   0   0   1   1   0   0   1  2.08 0.85
   11 K    -1  -1   2   3  -5   0   4  -4   0  -3  -4   2  -5  -5   1   0  -2  -6  -2  -4    4   4  11  14   0   3  26   1   2   1   1  11   0   0   8   7   3   0   2   1  0.56 0.36
   12 L    -5   0  -2  -4  -6  -3  -5  -7   0  -3   6  -4  -2  -2  -7  -6  -4  -3  -2  -4    1   6   3   1   0   1   1   0   2   0  78   1   1   1   0   1   1   0   1   1  1.59 0.73
   13 R    -8   9  -7  -8  -9  -5  -6  -8  -7  -9  -8  -2  -8  -7  -5  -6  -7  -9  -8  -9    0  96   0   0   0   0   0   0   0   0   0   2   0   0   1   0   0   0   0   0  3.31 1.29
   14 F    -9  -9 -10 -10  -9  -7 -10 -10  -8  -7  -4 -10  -7  10 -10  -9  -9  -1  -1  -7    0   0   0   0   0   0   0   0   0   0   1   0   0  96   0   0   0   1   2   0  3.73 1.34
   15 K    -1   3  -4  -5  -7   3   2  -3  -3  -6  -4   6  -1  -7  -6  -3  -3  -7  -5  -5    6  16   0   0   0  14  11   2   0   0   1  42   2   0   0   2   1   0   0   1  1.15 0.62
   16 A     4  -4   0   3  -6  -2   1  -4  -3  -5  -4  -4  -5  -7   5   0  -4  -7  -6  -3   29   1   5  14   0   1   8   1   1   1   1   1   0   0  27   7   1   0   0   2  0.90 0.54
   17 P    -1  -9  -8  -8  -7  -8  -8  -7  -9  -9  -7  -8  -9 -10   9  -2  -6 -10  -9  -9    5   0   0   0   0   0   0   0   0   0   1   0   0   0  89   4   0   0   0   0  3.17 1.30
   18 L    -4  -1  -5  -5  -6   5   3  -4  -2   0   0   0  -3  -5  -6  -4  -3  -7  -6   4    1   3   0   0   0  28  17   1   1   6   9   6   0   0   0   1   1   0   0  25  0.87 0.54
   19 P    -1  -2  -5  -4  -8  -4   0  -7  -8  -7  -4  -1  -6  -6   8  -2  -4  -6  -8  -6    5   3   1   1   0   1   6   0   0   0   2   4   0   0  72   3   1   0   0   0  2.15 0.98
   20 P     2  -3  -1  -5  -5  -3  -3  -5   1   1   0   0  -2  -1   5  -3  -4  -3   0   2   19   1   4   0   0   1   2   0   3   6   9   5   1   3  25   1   0   0   3  15  0.57 0.38
   21 Q    -1  -1  -2   2  -6   1   4  -1  -3  -3  -3   2  -4  -5   2  -1  -1  -6  -5  -3    5   3   2  13   0   6  29   6   0   2   3  13   0   0   9   5   3   0   0   1  0.52 0.36
   22 P     0   0   1  -3  -6  -2  -3  -1  -1  -5  -6   2  -4  -7   6   1  -2  -7  -5  -5    8   6   6   1   0   1   1   5   2   1   1  14   0   0  40  12   2   0   0   1  1.00 0.56
   23 W    -9  -6  -8  -9  -5  -9 -10  -8  -5  -9  -5 -10  -8   2 -10  -9  -7  13  -1  -9    0   1   0   0   0   0   0   0   0   0   1   0   0   7   0   0   0  87   2   0  4.77 1.66
   24 N    -2  -2   2   2  -4   0   2  -3  -2  -2  -3   2  -4  -4  -2   2   3  -4  -5  -4    2   2  10  12   0   4  15   2   1   2   2  11   0   1   2  16  16   0   0   1  0.45 0.34
   25 G    -4  -3   0   2  -8  -3   1   7  -2  -8  -7  -4  -7  -5  -3  -3  -4  -8  -6  -7    1   1   4   9   0   1   9  67   1   0   0   1   0   1   1   2   1   0   0   0  1.61 0.74
   26 I    -4  -7  -5  -3  -5  -5  -1  -7  -7   4  -2  -4  -1  -4   0  -4   2  -7  -4   5    1   0   1   1   0   0   5   0   0  24   3   1   1   1   5   1  13   0   0  43  1.12 0.58
   27 R    -5   5  -6  -7  -7  -4  -6  -7  -2  -1   4   1  -1   2  -7  -6  -5   3   2  -3    0  31   0   0   0   0   0   0   1   3  33   8   1   9   0   0   0   4   8   2  1.07 0.57
   28 E    -5  -4   4   7  -8  -1   1  -6  -1  -5  -4  -1  -3  -7  -3  -1  -4  -6  -4  -5    1   1  20  50   0   3   9   0   1   1   2   3   1   0   1   4   1   0   1   1  1.41 0.69
   29 S     7  -7  -6  -8   6  -7  -6  -1  -8  -6  -7  -7  -7  -6  -6  -3  -1  -8  -6  -3   74   0   0   0  13   0   0   5   0   0   0   0   0   0   0   1   4   0   0   2  2.00 0.92
   30 K    -3  -2  -1  -3  -4  -2  -4  -4  -5  -1  -1  -1  -3  -1  -5   2   6  -3  -1   0    1   2   3   1   0   2   1   1   0   3   6   4   0   2   0  13  50   0   2   6  0.97 0.57
   31 N    -1   1   1   1  -5   2   2  -3   0  -3  -4   4  -3  -3  -4   0   0  -4  -1  -1    5   7   7   6   0  10  14   1   2   1   1  24   0   1   0   7   5   0   2   6  0.40 0.30
   32 H    -3  -2   0   3  -2  -1   4  -4   3  -3  -3  -1  -3   2   1  -3  -2  -4   2  -3    2   2   4  16   1   2  26   1   7   2   3   4   1  10   8   2   2   0   7   2  0.55 0.37
   33 G     0   1  -1  -3  -1  -3  -4   5   0  -5  -5   1  -4  -3   1   0  -2  -5  -4  -4    7   9   3   1   1   1   1  45   2   1   1   9   0   1   8   6   3   0   1   1  0.79 0.45
   34 P    -1  -4   3   1  -4  -3  -1  -3  -1  -2  -5  -1  -3  -4   5   2  -2  -7  -2  -2    6   1  12   7   0   1   4   2   2   3   1   3   1   1  32  18   2   0   1   3  0.76 0.47
   35 V     1   0  -1  -1  -2   0   0  -2  -1   1  -1   1   2  -1   1   0   0  -2  -2   2   10   6   2   3   1   5   5   2   2  11   2  10   7   2   6   7   4   0   1  14  0.11 0.13
   36 C    -2 -10  -8 -10  12  -9 -10  -8  -9  -8  -8  -9  -8  -7   0  -2  -7  -9  -5  -8    3   0   0   0  86   0   0   0   0   0   0   0   0   0   5   4   0   0   1   0  4.03 1.40
   37 P    -1  -5  -4  -6  -1  -5  -5  -5  -3   3   2  -4   2   0   5  -2  -1  -4   1   1    6   0   1   0   1   0   0   0   1  14  16   0   6   4  27   4   4   0   6  11  0.68 0.40
   38 Q    -4  -3  -5  -6  -7   9  -4  -4   1  -8  -7  -5  -6  -5  -7  -1  -5  -8  -5  -8    2   1   0   0   0  85   0   1   3   0   0   0   0   1   0   5   1   0   0   0  2.83 1.21
   39 K    -1   2  -1  -2  -3  -1  -2  -3   0   1   0   1   0   2   1  -2  -1   2   3   0    4  10   4   2   0   2   2   2   2   8   8  10   3  10   6   3   3   2  11   7  0.17 0.15
   40 D    -2  -2   4   4  -1  -2   0  -2   2  -2  -3  -3  -1  -1  -1   1  -1  -3  -2  -2    2   2  21  25   2   2   5   3   4   3   3   1   2   3   4  11   4   0   2   3  0.51 0.31
   41 I    -1  -1  -1  -2  -3  -1  -1  -1   1   1   1  -1   2   1   1   0  -1   0   1   0    4   4   3   2   0   2   5   5   4  10  14   3   6   7   7   6   4   1   6   7  0.07 0.07
   42 F    -2  -1  -1  -2  -3  -3  -3  -2  -2   1   2  -2   2   5  -2  -2  -1  -1   3   0    3   3   3   2   0   1   1   4   1   8  20   2   6  21   2   3   3   1   9   5  0.37 0.22
   43 K    -1  -1   0  -1  -2  -1  -1   0  -2  -1   0   0  -1   0   2   1   2  -1  -1  -1    3   4   5   3   0   3   4   7   1   4   8   7   2   5   9  10  18   1   3   5  0.11 0.13
   44 Q    -2   1   3   1  -4   2   1   1   1  -4  -3   2  -2  -2   1   0   0  -4  -1  -4    2   8  12   6   0   9   7  11   3   1   3  13   1   2   7   7   6   0   2   1  0.25 0.20
   45 V    -1   0   1   1  -3   1   1   0  -1  -1  -1   1  -1  -1   1   0   1   0   0  -2    3   6   7   7   0   6   8   7   1   4   5  10   2   3   7   7   8   2   4   2  0.09 0.09
   46 V     0   0   0   0  -1   0   0   0   0   0   0   0   0   0   1   0   0  -1   1   0    6   4   5   4   1   3   6   6   2   8   7   8   2   5   7   5   8   1   5  10  0.02 0.02
   47 I    -2  -4  -3  -3  -3  -3  -2  -4  -4   4   1  -3   1   1  -1  -2   0  -2   2   4    3   1   1   2   0   1   2   1   0  23  12   2   4   5   3   3   6   0   6  25  0.47 0.26
   48 P    -1  -1   0  -1  -2   0   2  -1   0   1  -1   0   0  -1   1   0   1  -1  -1   1    4   3   3   3   1   4  16   4   2  10   6   4   2   3   6   7   7   1   2  10  0.07 0.08
   49 G    -4  -6  -4  -5  -6  -3  -3   7  -6  -6  -6  -5   1  -5  -6  -4  -3  -5  -3  -4    1   0   1   0   0   2   2  81   0   1   1   1   3   1   0   1   2   0   1   2  2.07 0.84
   50 S    -2  -2   2   3  -3   2   0  -3  -2  -5  -6  -1  -4  -6  -5   5   0  -7  -6  -1    2   2   8  14   1   8   5   1   1   0   0   3   0   0   0  43   5   0   0   6  0.84 0.53
   51 E    -6  -6  -6  -2  -9  -4   8  -8  -6  -8  -5  -5  -8  -7  -7  -6  -7  -9  -8  -8    0   0   0   2   0   0  94   0   0   0   2   0   0   0   0   0   0   0   0   0  2.90 1.21
   52 D    -7  -7   1   9  -9  -5  -4  -7  -7  -8 -10  -7  -9  -9  -8  -4  -7 -10  -9  -9    0   0   6  91   0   0   1   0   0   0   0   0   0   0   0   1   0   0   0   0  3.04 1.18
   53 C    -5 -10  -9 -10  12  -7 -10  -5  -9  -8  -8  -9  -8  -9  -8  -5  -8  -9  -9  -8    1   0   0   0  96   0   0   1   0   0   0   0   0   0   0   1   0   0   0   0  4.66 1.53
   54 L    -7  -8  -8  -9  -7  -8  -8  -7  -6  -3   7  -8  -3  -5  -8  -8  -7  -7  -7  -5    0   0   0   0   0   0   0   0   0   1  98   0   0   0   0   0   0   0   0   0  2.57 1.03
   55 Y    -6  -2  -2  -8  -4  -5  -7  -7   3  -2  -6  -4  -6   5  -8  -4  -1  -3   8  -2    0   2   2   0   0   0   0   0   6   2   0   1   0  20   0   2   4   0  55   3  2.04 0.87
   56 L    -3  -7  -8  -9  -4  -7  -8  -9  -8   2   6  -8   0  -5  -8  -7  -5  -7  -6   0    3   0   0   0   0   0   0   0   0  10  79   0   2   0   0   0   0   0   0   5  1.88 0.81
   57 N    -8  -6   9  -2  -9  -6  -5  -7  -2  -9  -9  -6  -8  -8  -8  -2  -4 -10  -4  -9    0   0  90   2   0   0   1   0   1   0   0   0   0   0   0   4   1   0   1   0  3.11 1.23
   58 V    -6  -8  -8  -9  -6  -8  -8  -9  -9   4  -2  -8  -5  -5  -8  -7  -5  -8  -7   7    0   0   0   0   0   0   0   0   0  23   2   0   0   0   0   0   0   0   0  74  2.31 0.94
   59 Y    -4  -8  -8  -8  -6  -7  -7  -9   0  -7  -5  -7  -7   5  -9  -4  -7  -3   9  -6    2   0   0   0   0   0   0   0   2   0   1   0   0  19   0   1   0   0  72   0  2.96 1.15
   60 S    -1  -1  -5  -7  -5  -6  -6  -7  -5  -3  -6  -4  -3  -6  -6   1   7  -8  -7   2    5   4   0   0   0   0   0   0   0   2   0   1   1   0   0   8  66   0   0  13  1.72 0.85
   61 P    -6   0  -2  -7  -8  -4  -5  -7  -1  -7  -8   1  -8  -9   8  -3  -1  -9  -7  -7    0   5   2   0   0   1   1   0   2   0   0  10   0   0  74   2   4   0   0   0  2.37 1.03
   62 D    -1   0   3   1  -4   3   1  -3   1  -3  -4   4  -1  -5  -4   1   0  -6  -3  -1    4   4  12   8   0  11   9   1   3   1   2  22   1   0   0  11   5   0   1   4  0.44 0.32
   63 L    -2  -2  -1  -5  -2  -3  -3  -3  -3   3   4  -3   0  -1  -2  -3   1  -3  -3   2    4   3   3   0   1   1   2   2   1  14  40   2   2   2   3   2   8   0   1  11  0.49 0.31
   64 K    -1   0   3   2  -4  -1   0  -3   0  -3  -4   2  -4  -5   4   1   0  -5  -2  -3    4   5  15  10   0   3   7   1   2   1   2  11   0   0  21   9   5   0   1   1  0.49 0.32
   65 P    -1  -1   1   0  -4  -1   0   1  -2  -3  -4   1  -4  -4   4   2   1  -5  -3  -2    5   3   6   5   0   2   7  12   1   2   1   8   0   1  17  17   9   0   1   2  0.36 0.28
   66 S    -1   0   3   2  -3  -2   1   0  -2  -4  -4   2  -5  -6  -1   3   2  -4  -5  -3    4   5  14  10   1   1   9   6   1   1   2  11   0   0   3  20  11   0   0   2  0.41 0.31
   67 K     1   1   2   0  -4   1   2  -1  -1  -4  -4   4  -4  -4  -1   1   1  -5  -3  -3   10   5   8   5   0   5  11   6   1   1   1  25   0   1   2  10   7   0   1   1  0.39 0.29
   68 P    -3   1   1  -3  -5  -1  -3  -3  -2  -3   3   3  -3  -4   4  -1  -2  -5  -4  -3    2   6   6   1   0   2   1   2   1   1  28  18   0   1  20   5   2   0   0   1  0.56 0.36
   69 L    -3   1  -4  -6  -4  -3  -5  -6  -3  -2   5   2   1   0  -6  -4  -4  -4   2  -2    2   8   1   0   0   1   0   0   1   2  57  11   3   3   0   1   1   0   7   2  0.99 0.51
   70 A     0  -8  -4   0  -6  -7  -6  -7  -8  -9  -9  -6  -9 -10   8  -2  -5 -10  -9  -8    9   0   1   5   0   0   0   0   0   0   0   0   0   0  81   3   1   0   0   0  2.75 1.16
   71 V    -6  -9  -9 -10  -5  -9  -9 -10 -10  -1  -5  -9  -5  -7  -9  -8  -3  -9  -8   8    0   0   0   0   0   0   0   0   0   2   1   0   0   0   0   0   1   0   0  96  2.89 1.15
   72 M    -6  -8  -8  -9  -7  -7  -8  -9  -8   3   2  -7  10  -2  -9  -8  -6  -8  -6  -1    0   0   0   0   0   0   0   0   0  16  14   0  63   1   0   0   0   0   0   4  2.65 1.07
   73 V    -3  -8  -8  -8  -4  -8  -8  -9  -8   1  -2  -8  -2   4  -8  -7  -5  -7  -3   7    2   0   0   0   0   0   0   0   0   8   4   0   1  14   0   0   0   0   1  70  1.96 0.85
   74 F    -7  -7  -4  -8  -6  -7  -9  -8   2  -6  -5  -9  -5   6 -10  -7  -8  10   6  -5    0   0   1   0   0   0   0   0   5   0   1   0   0  27   0   0   0  38  24   1  2.74 1.07
   75 I    -7  -9  -7  -6  -7  -8  -9  -9  -9   8   0  -8  -3   3  -9  -7  -5  -8  -5   1    0   0   0   1   0   0   0   0   0  74   7   0   1  10   0   0   0   0   0   8  2.24 0.90
   76 H    -7  -7  -4  -7  -9  -6  -6  -8  11  -9  -9  -6  -8  -1  -3  -6  -8  -8   4  -9    0   0   1   0   0   0   0   0  80   0   0   0   0   3   1   1   0   0  13   0  3.61 1.32
   77 G    -4  -7  -3  -5  -6  -5  -5   7  -7  -8  -8  -7  -5  -6  -1  -4  -5  -3  -5  -8    1   0   1   0   0   0   1  87   0   0   0   0   0   0   3   1   1   1   0   0  2.41 0.98
   78 G    -6  -7  -6  -4  -8  -7  -4   8  -5  -9  -9  -6  -8  -7  -8  -6  -7  -8  -7  -7    0   0   0   1   0   0   1  95   0   0   0   0   0   0   0   0   0   0   0   0  2.82 1.11
   79 G     4  -5  -2  -4  -2  -3  -5   6  -4  -6  -5  -4  -4  -4  -6   0  -3  -7  -4  -6   27   1   2   1   1   1   1  53   1   0   1   1   1   1   0   7   1   0   1   0  1.33 0.66
   80 Y    -8  -9  -7  -8  -8  -8  -9  -4  -6  -6  -2  -9  -3   9 -10  -7  -8   5   4  -6    0   0   0   0   0   0   0   2   0   0   4   0   1  74   0   0   0   7  12   0  2.81 1.08
   81 K    -1   0  -1  -3  -1   2  -2  -2  -1   2   0   0   3   2  -4  -1   1  -1   2   1    5   4   3   1   1   9   2   3   2  11   7   6  10   8   0   4   8   1   7   9  0.18 0.18
   82 S     0  -1  -1  -2   0  -1  -1  -1  -1   0  -1  -2   1   4  -4   1   1   0   2   0    7   3   3   1   2   2   5   5   1   5   5   1   4  19   0  12  10   1   6   7  0.21 0.19
   83 G    -4  -7  -2  -3  -5  -4  -5   7  -6  -5  -5  -6  -3  -2  -7  -2  -5  -2  -5  -6    1   0   2   1   0   1   1  83   0   1   2   0   1   2   0   3   1   1   0   1  2.14 0.90
   84 S     0  -4   1   0  -3  -3  -1  -1   0  -5  -6  -4  -2   0  -5   6   1  -2   0  -5    6   1   5   4   1   1   4   4   2   1   1   0   1   4   0  52   9   1   4   1  0.91 0.56
   85 G     3  -5   1  -4  -2  -5  -5   6  -5  -6  -6  -5  -6  -6  -2   2  -3  -7  -5  -6   19   0   6   1   1   0   0  52   0   0   1   1   0   0   2  14   1   0   0   0  1.27 0.62
   86 N    -1  -1   4   2  -4   0  -2   1   2  -3  -4  -1  -3  -5  -3   3   1  -4  -3  -3    4   4  21  12   0   3   2   9   5   2   2   3   1   0   1  21   9   0   1   2  0.50 0.33
   87 V    -1   1  -1   1  -3  -2  -1  -1  -1  -2  -2   0   0   0   1   3   1  -2   1  -2    5   9   2   8   0   1   3   4   1   2   3   7   3   5   7  23  11   0   4   3  0.21 0.20
   88 D     0  -1   0   3  -3   0   1  -1  -1  -1  -1   0  -1   0  -2   1   0   0   0  -1    7   3   5  20   1   4  11   4   1   3   6   5   1   5   2  12   4   1   3   3  0.17 0.14
   89 H    -2  -2  -1  -1  -1  -1   0  -3   0   1   2  -1   3   2  -3  -1  -1   1   1   0    3   2   3   4   1   3   6   2   2   9  22   3   7  11   1   3   4   2   6   7  0.19 0.15
   90 Y    -3  -4  -2  -4  -2  -3  -5  -6   2  -3  -3  -6  -2   4  -6  -3  -3   1   9  -2    2   1   2   1   1   1   1   1   4   2   3   0   1  12   0   2   2   2  58   3  1.86 0.78
   91 G    -1  -1   0   0  -5  -3  -2   6  -4  -7  -6  -3  -6  -6  -3   1  -4  -4  -7  -6    4   4   5   5   0   1   2  62   0   0   1   2   0   0   2   9   1   0   0   0  1.34 0.63
   92 P    -1  -8  -7  -7  -8  -6  -4  -2  -6  -8  -7  -7  -6  -7   9  -4  -6  -4  -6  -5    5   0   0   0   0   0   2   4   0   0   1   0   0   0  84   1   0   0   0   1  2.80 1.17
   93 D    -3  -2  -1   6  -6   2   3  -3   1  -4  -5   1  -6  -5  -5  -1  -2  -7  -3  -5    2   2   3  42   0   8  19   2   3   1   1   8   0   0   0   3   3   0   1   1  1.02 0.55
   94 F    -5  -2  -2  -6  -8  -5  -6  -8   2  -3  -1  -3  -3   6  -4  -5  -6  -1   8  -4    1   2   3   1   0   0   1   0   4   1   6   2   1  25   1   1   0   1  50   1  1.93 0.83
   95 L    -5  -8  -9  -9  -7  -8  -8  -9  -8   2   6  -8   0   6  -8  -8  -6  -2  -3  -4    1   0   0   0   0   0   0   0   0   9  61   0   2  25   0   0   0   1   1   0  1.79 0.78
   96 M    -2  -7  -6  -8  -6  -6  -8  -8  -8   3   4  -6   8  -4  -5  -6  -4  -7  -6   3    3   0   0   0   0   0   0   0   0  12  32   0  33   0   1   0   1   0   0  17  1.58 0.72
   97 N    -2   1   1   5  -7   2   3  -5  -2  -5  -6   0   0  -5  -2  -1   0  -7  -4  -6    3   7   6  35   0   8  18   0   1   0   0   5   3   0   2   3   6   0   1   0  0.85 0.49
   98 H    -3   2  -1  -2  -8   3   4  -4   5  -8  -7   4  -5  -6  -6  -3  -3  -4  -1  -7    3  10   3   2   0  10  28   1  14   0   0  24   0   0   0   1   1   0   2   0  1.07 0.58
   99 D    -5  -4   4   7  -6  -3  -1   2  -5  -9  -9  -3  -8  -9  -4  -4  -6  -9  -8  -9    1   1  16  60   0   1   4  13   0   0   0   2   0   0   1   1   0   0   0   0  1.85 0.84
  100 V    -5  -8  -9  -9  -3  -8  -8  -9  -9   4  -1  -8  -1  -3  -8  -7  -5  -8  -7   7    1   0   0   0   0   0   0   0   0  21   4   0   2   1   0   0   0   0   0  70  2.13 0.89
  101 V    -5  -8  -9  -9  -4  -8  -9  -9  -9   6  -2  -8  -3  -6  -8  -8  -4  -9  -7   7    0   0   0   0   0   0   0   0   0  36   3   0   1   0   0   0   1   0   0  60  2.18 0.90
  102 L    -4  -7  -8  -8  -5  -7  -8  -8  -5   0   5  -7   1   2  -8  -6  -5  -6   1   4    1   0   0   0   0   0   0   0   0   4  52   0   3   9   0   0   0   0   5  25  1.36 0.64
  103 V    -4  -9  -9 -10  -7  -9  -9 -10 -10   0  -5  -9  -5  -7  -9  -8  -6  -9  -8   8    1   0   0   0   0   0   0   0   0   4   0   0   0   0   0   0   0   0   0  94  2.88 1.14
  104 I    -2  -6  -1  -4  -4  -5  -6  -4  -5  -3  -5  -4  -4  -5  -7   2   7  -8  -6  -1    3   0   3   1   0   0   0   1   0   1   1   1   0   1   0  14  67   0   0   5  1.72 0.86
  105 I    -3  -7  -7  -7  -2  -7  -7  -5  -6   5   2  -7   3   5  -2  -5  -3  -6  -4   2    2   0   0   0   1   0   0   1   0  34  15   0   7  23   3   1   1   0   0  12  1.18 0.55
  106 N    -5  -6   9  -5  -6   2  -5  -4  -1  -9  -9  -5  -8  -9  -8  -1  -3  -6  -5  -9    1   0  81   0   0   7   0   1   2   0   0   0   0   0   0   4   1   0   0   0  2.67 1.11
  107 Y    -7  -8  -7  -9  -9  -8  -9  -9   1  -8  -8  -8  -8   1  -9  -7  -8  -3  10  -8    0   0   0   0   0   0   0   0   3   0   0   0   0   4   0   0   0   0  92   0  3.76 1.41
  108 R    -8   9  -7  -8 -10  -6  -7  -9  -7  -9  -9  -4  -8  -9  -9  -7  -8  -9  -8  -9    0  99   0   0   0   0   0   0   0   0   0   0   0   0   0   0   0   0   0   0  3.53 1.35
  109 L    -6  -7  -7  -9  -2  -6  -7  -8  -6  -1   7  -7  -1  -3  -8  -6  -5  -7  -5   1    0   0   0   0   1   0   0   0   0   3  81   0   1   1   0   0   1   0   0  10  1.93 0.83
  110 E    -2  -7   0  -2  -3  -4  -3   7  -4  -9  -8  -7  -8  -8  -7  -2  -7  -8  -7  -8    3   0   5   3   1   1   2  81   0   0   0   0   0   0   0   4   0   0   0   0  2.15 0.91
  111 A     3  -6  -6  -5  -2  -5  -6  -5  -6   3  -2  -6  -1  -2   4  -1  -2  -4  -5   3   25   0   0   0   1   0   0   0   0  14   4   0   1   2  22   5   2   0   0  23  0.88 0.51
  112 L    -7  -7  -7  -8  -6  -5  -6  -8  -2  -2   6  -7   1   6  -7  -7  -6  -2   0  -4    0   0   0   0   0   1   0   0   1   2  62   0   3  26   0   0   0   1   3   0  1.75 0.76
  113 G    -6  -5  -7  -8  -6  -8  -7   8  -8 -10 -10  -8  -9  -9  -9  -7  -8  -9  -9 -10    0   1   0   0   0   0   0  98   0   0   0   0   0   0   0   0   0   0   0   0  3.08 1.20
  114 F    -9  -9  -7 -10  -9 -10 -10 -10  -5  -7  -4 -10  -7  10 -10  -7  -9  -2   0  -7    0   0   0   0   0   0   0   0   0   0   1   0   0  95   0   0   0   0   3   0  3.63 1.31
  115 L    -4  -8  -9  -9  -7  -8  -8  -8  -8  -2   7  -8   3   1  -8  -5  -6  -7  -5  -4    1   0   0   0   0   0   0   0   0   1  84   0   7   4   0   1   0   0   0   0  2.12 0.90
  116 C    -2  -4   3  -5   5  -5  -6  -4  -1  -8  -7  -5  -7  -6  -7   6   0  -4  -2  -6    3   1  13   0  12   0   0   1   2   0   0   0   0   0   0  61   5   0   2   0  1.65 0.84
  117 L    -4  -7  -6  -6  -4  -6  -7  -7  -7  -2   4  -7   0   1  -6  -2   6  -4  -5  -3    1   0   0   0   0   0   0   0   0   2  36   0   2   6   0   2  48   0   0   2  1.47 0.75
  118 D    -3  -4   1   2  -3   0   4   5  -3  -7  -5  -1  -4  -7   1  -4  -5  -7  -4  -6    2   1   6  11   1   3  25  37   1   0   1   4   0   0   6   1   0   0   1   0  0.94 0.53
  119 T    -5  -6   1   7  -5  -5  -1  -4   2  -1  -6  -5  -6  -8  -7  -1   1  -9  -6  -5    1   0   6  63   0   0   3   1   4   4   1   1   0   0   0   4  10   0   0   1  1.70 0.79
  120 E     0  -1  -1   2  -5   0   3  -2  -2  -4  -2   1  -1  -4   3   1  -1  -6  -4  -3    7   3   2  12   0   3  20   3   1   1   4  10   2   1  15  10   4   0   1   2  0.40 0.30
  121 E     0  -3   1   2  -4  -1   3   1   1   0  -2  -1  -2  -3  -5  -1  -1  -6  -2   3    8   1   6  10   0   2  18   9   3   5   3   3   0   1   0   4   3   0   1  23  0.31 0.27
  122 V     3  -6  -6  -7   3  -5  -6  -5  -5   4   0  -6   0  -2  -6  -1  -3  -7  -4   4   27   0   0   0   5   0   0   0   0  23   7   0   3   2   0   6   1   0   0  26  0.92 0.50
  123 P    -3  -1  -5  -6  -6  -2  -4  -6  -2  -6  -6  -5  -8  -5   8   0   0  -3  -1  -7    3   3   1   0   0   2   1   0   1   1   1   1   0   1  69   8   6   0   2   0  2.05 0.94
  124 G    -4  -8  -7  -7  -6  -8  -7   8  -8 -10 -10  -8  -9  -9  -7  -6  -7  -9  -9  -9    1   0   0   0   0   0   0  97   0   0   0   0   0   0   0   0   0   0   0   0  3.01 1.17
  125 N    -8  -7   9  -5 -10  -4  -7  -7  -6 -10 -10  -7  -9 -10  -9  -6  -7 -11  -9 -10    0   0  99   0   0   1   0   0   0   0   0   0   0   0   0   0   0   0   0   0  3.70 1.42
  126 A     4  -5   3  -6  -5   2  -5  -5  -5  -3  -1  -5   5   2  -6  -4  -4   3   4  -3   31   0  12   0   0   9   0   1   0   1   7   0  14   8   0   0   1   4  11   2  0.87 0.54
  127 G    -1  -8  -7  -6  -5  -5  -7   8  -5 -10  -9  -5  -9  -9  -8  -6  -8  -9  -9  -8    5   0   0   0   0   1   0  92   0   0   0   1   0   0   0   0   0   0   0   0  2.72 1.09
  128 L    -7  -8  -5  -9  -7  -7  -8  -8  -4   0   6  -8   5   1  -8  -7  -7  -7  -3  -4    0   0   1   0   0   0   0   0   0   4  76   0  12   5   0   0   0   0   1   0  1.96 0.85
  129 K    -7   0  -6  -7  -9  -4  -6  -8  -3  -8  -2   8  -4  -4  -7  -6  -6  -2  -6  -8    0   4   0   0   0   0   0   0   1   0   5  88   0   1   0   0   0   1   0   0  2.63 1.11
  130 D    -9  -8  -5   9 -10  -7  -5  -8  -8 -10 -11  -7 -10 -10  -8  -7  -8 -11 -10 -10    0   0   0 100   0   0   0   0   0   0   0   0   0   0   0   0   0   0   0   0  3.57 1.37
  131 Q    -5  -6  -7  -7  -3   9  -5  -9  -3   0  -5  -5   1  -6  -8  -7  -5  -9  -8  -2    1   0   0   0   1  83   0   0   1   5   1   0   4   0   0   0   1   0   0   3  2.80 1.24
  132 V     0   0   1  -6  -3  -1  -5  -5  -2   2   1  -4  -2  -4  -6  -1   0  -5  -5   5    7   5   6   0   0   4   0   1   1  11  11   0   0   0   0   4   5   0   0  44  0.77 0.45
  133 M     2  -4  -7  -6  -4   1  -1  -7  -4  -3   4  -5   7   0  -7  -5  -4  -7  -3  -2   16   1   0   0   0   6   5   0   0   1  39   0  23   3   0   0   1   0   1   2  1.16 0.63
  134 A     7  -8  -8  -8  -6  -7  -7  -2  -8  -6  -3  -7  -3  -7  -7  -3  -4  -9  -8  -1   85   0   0   0   0   0   0   3   0   0   2   0   1   0   0   2   1   0   0   5  2.21 1.04
  135 L    -8  -9 -10 -10  -8  -9  -9  -8  -9   0   7  -9   2  -2  -9  -9  -8  -8  -4  -4    0   0   0   0   0   0   0   0   0   4  89   0   4   2   0   0   0   0   1   0  2.37 1.02
  136 K    -6   6  -2  -6  -4   3   0  -6  -1  -5  -6   6  -5  -9  -7  -5  -6  -9  -8  -5    0  33   2   0   0  10   6   1   1   1   1  43   0   0   0   1   0   0   0   1  1.65 0.82
  137 W   -11 -11 -12 -13 -11 -10 -11  -7 -11 -11  -8 -11 -10  -1 -12 -11 -11  13  -4 -11    0   0   0   0   0   0   0   1   0   0   0   0   0   3   0   0   0  96   0   0  5.46 1.95
  138 V    -6  -9  -6  -9  -6  -9  -9 -10  -9   5  -2  -9  -4  -6  -9  -6  -2  -9  -7   7    0   0   0   0   0   0   0   0   0  23   3   0   0   0   0   1   3   0   0  69  2.20 0.95
  139 K    -6   3   1  -6  -7   7  -4  -8   2  -9  -8   5  -7  -5  -7  -2  -6  -3  -3  -7    0  13   6   0   0  41   0   0   5   0   0  30   0   1   0   3   0   0   1   0  1.70 0.87
  140 L    -2   3   1   3  -8   2   4  -5  -1  -6  -6   3  -5  -8  -6  -2  -2  -8  -5  -6    4  13   7  15   0   9  28   0   1   0   1  15   0   0   0   3   2   0   0   0  0.89 0.53
  141 N    -8  -6   9  -5  -9  -6  -3  -6   3 -10 -10  -7  -9  -7  -9  -6  -6 -10  -1 -10    0   0  87   0   0   0   2   0   6   0   0   0   0   0   0   0   0   0   2   0  3.15 1.31
  142 I    -4 -10 -10 -10  -2 -10 -10  -9 -10   9  -4 -10  -4  -7 -10  -9  -7 -10  -6  -1    2   0   0   0   1   0   0   0   0  92   1   0   0   0   0   0   0   0   0   4  3.07 1.20
  143 S     3   1  -2   0  -5   0   2  -1   3  -4  -5   2  -4  -5  -4   1  -3  -5  -4  -2   28   8   2   5   0   4  15   4   6   1   1  12   0   0   0   8   1   0   0   3  0.50 0.37
  144 N     2   0   3  -2  -3   1  -2  -3   4  -4  -4   1  -4   0  -5   2  -3  -2   3  -2   17   5  14   2   1   7   1   1  10   1   2  10   0   3   0  14   1   0   9   3  0.45 0.35
  145 F    -9 -10 -10 -11  -3 -10 -10 -10  -8  -7  -6 -10  -7  10 -11 -10  -9  -6  -2  -8    0   0   0   0   1   0   0   0   0   0   0   0   0  98   0   0   0   0   1   0  3.93 1.46
  146 G    -6  -7   1  -7  -2  -6  -8   8  -4 -10  -9  -7  -7 -10  -9  -3  -6  -9  -9 -10    0   0   7   0   1   0   0  87   1   0   0   0   0   0   0   2   0   0   0   0  2.62 1.11
  147 G    -5  -9  -7  -8  -9  -8  -8   8  -8 -10 -10  -8  -9  -9  -8  -7  -8  -9  -9  -9    1   0   0   0   0   0   0  98   0   0   0   0   0   0   0   0   0   0   0   0  3.13 1.25
  148 D    -8  -7   4   8  -5  -7  -4  -7  -6  -9  -9  -6  -9  -9  -8  -5  -6 -10  -9  -9    0   0  20  77   0   0   0   0   0   0   0   0   0   0   0   1   1   0   0   0  2.75 1.15
  149 P    -2  -4  -3  -5  -5  -7  -4  -7  -5  -8  -8  -1  -7  -7   8  -1  -5  -9  -6  -5    4   1   1   1   0   0   1   0   0   0   0   4   0   0  77   5   1   0   0   1  2.47 1.12
  150 N    -4  -2   6   4  -6  -1   1  -1  -1  -7  -5   2  -6  -5  -6   0  -2  -8  -4  -7    2   2  37  20   0   3   8   6   2   0   1  10   0   0   0   7   2   0   1   0  1.08 0.59
  151 N    -4   3   6  -1  -1   1  -3  -6  -3  -7  -3   3  -5  -7  -6   2  -3  -8  -7  -7    1  16  34   3   1   5   2   0   1   0   4  16   0   0   0  15   1   0   0   0  1.09 0.61
  152 V    -6  -8  -9  -9  -5  -8  -8  -9  -9   5  -4  -8  -4  -6  -8  -6  -6  -8  -7   7    0   0   0   0   0   0   0   0   0  29   1   0   0   0   0   0   0   0   0  68  2.36 0.99
  153 T    -6  -8  -7  -8  -2  -7  -7  -8  -8  -5  -6  -7  -3  -8  -8  -3   8  -9  -8  -4    0   0   0   0   1   0   0   0   0   1   1   0   1   0   0   2  93   0   0   1  3.00 1.31
  154 V    -4  -8  -8  -8  -7  -8  -8  -7  -8   7   4  -8  -3  -5  -8  -7  -6  -7  -5   2    2   0   0   0   0   0   0   0   0  51  35   0   0   0   0   0   0   0   0  10  1.83 0.79
  155 F    -1  -8  -6  -8  -1  -6  -7  -3  -4  -2  -3  -8   4   8  -8  -2  -2  -2  -1  -1    6   0   0   0   1   0   0   2   0   3   2   0   8  64   0   3   3   1   1   4  1.99 0.86
  156 G    -6  -9  -7  -8  -9  -8  -8   8  -8 -10 -10  -8  -9  -9  -8  -6  -6  -9  -9  -9    0   0   0   0   0   0   0  98   0   0   0   0   0   0   0   0   0   0   0   0  3.11 1.25
  157 E    -3  -5   1  -1   0   4   5  -3   3  -3  -3  -4   0  -1  -5  -2  -3  -4   0  -2    2   0   5   3   2  18  41   2   5   2   3   0   2   3   0   3   2   0   4   3  0.93 0.57
  158 S    -5  -6  -4  -3  -4  -4  -5  -2  -6  -8  -8  -7  -8  -8  -7   8  -5  -9  -8  -8    0   0   1   2   0   1   1   3   0   0   0   0   0   0   0  91   0   0   0   0  2.59 1.21
  159 A     7  -7  -7  -7  -6  -7  -7  -3  -7  -5  -7  -7  -7  -6  -7   1  -3  -5  -6  -2   80   0   0   0   0   0   0   2   0   1   0   0   0   0   0  11   1   0   0   3  2.09 0.99
  160 G    -5  -6  -7  -6  -8  -8  -8   8  -8  -9  -9  -8  -9  -9  -8  -7  -8  -8  -9  -9    1   1   0   0   0   0   0  97   0   0   0   0   0   0   0   0   0   0   0   0  3.04 1.22
  161 G     5  -7  -6  -7  -7  -7  -7   5  -7  -8  -8  -6  -4  -8  -7   3  -6  -8  -8  -6   38   0   0   0   0   0   0  43   0   0   0   0   0   0   0  17   0   0   0   0  1.65 0.82
  162 A     6  -4  -5  -6   0  -4  -5  -1  -5   0  -5  -5   2  -2  -6   1  -1  -1  -5   1   53   1   1   0   2   0   1   4   0   5   1   0   5   2   0  10   4   1   0  10  1.01 0.59
  163 S     1  -5  -5  -6   3  -6  -6  -5  -7  -2  -3  -6   0  -7  -7   7  -3  -8  -7  -6   12   0   0   0   5   0   0   1   0   2   3   0   2   0   0  72   1   0   0   0  1.85 0.95
  164 T     1  -8  -5  -8  -1  -7  -7  -7  -8   1  -5  -7  -5  -7  -7  -4   1  -8  -7   7   12   0   1   0   1   0   0   0   0   7   0   0   0   0   0   1   9   0   0  67  1.80 0.84
  165 A    -3  -6   0   0  -5   1  -2  -1   9  -4  -5  -6  -1  -5  -7   1   0  -5   0  -6    2   0   5   5   0   6   3   5  49   1   1   0   1   0   0  11   6   0   3   0  1.68 0.79
  166 L    -3  -7  -5  -6  -2  -6  -7  -7   1  -1   4  -7   1   4  -8  -4  -6  -2   7  -4    2   0   1   1   1   0   0   0   3   3  33   0   3  14   0   1   0   1  35   1  1.50 0.71
  167 H    -8  -7  -5  -8  -8   1  -7  -8  10  -4   4  -7   2  -5  -8  -7  -7  -8  -5  -6    0   0   1   0   0   5   0   0  55   1  33   0   4   0   0   0   0   0   0   0  2.54 1.06
  168 I    -2  -6  -6  -7   0  -4  -7  -6  -6   1   3  -6   8  -2  -7  -3   1  -6   3   1    3   0   0   0   2   1   0   0   0   7  24   0  31   1   0   3   9   0   9   8  1.16 0.60
  169 L    -3  -6  -5  -7  -1  -1  -6  -6  -4   3   5  -6   4   0  -7  -4  -3  -4  -2   1    3   0   0   0   1   3   0   0   1  13  53   0   8   4   0   1   2   0   2   8  1.09 0.54
  170 S    -2  -6  -1  -6  -3  -5  -6  -6  -4  -4  -5  -6  -6  -5  -7   7   1  -8  -5  -6    3   0   3   0   1   0   0   0   0   1   1   0   0   1   0  81   7   0   0   0  2.13 1.06
  171 P    -4  -3   0  -1  -8  -2   1  -6  -2  -8  -6   1  -8  -9   8  -2  -4  -9  -7  -7    1   2   4   4   0   2   8   1   1   0   1   7   0   0  64   3   1   0   0   0  1.91 0.92
  172 M    -1  -1  -2  -5  -3   2  -2  -5   0  -3   3   1   7  -4  -5  -1  -2  -3  -3  -3    5   3   3   0   0   9   2   1   2   1  30   9  23   0   0   5   3   0   1   2  0.77 0.47
  173 S     2  -6  -3  -5  -2  -6  -4  -3  -4  -7  -6  -6  -7  -8  -6   6   3  -8  -7  -5   18   0   1   0   1   0   1   2   1   0   1   0   0   0   0  59  14   0   0   1  1.55 0.84
  174 K    -1   4  -1  -2  -5   2   1  -6  -2  -6  -6   6  -6  -7  -5  -2  -2  -5  -4  -5    5  23   2   2   0   8   8   0   1   0   1  40   0   0   0   3   3   0   1   1  1.14 0.61
  175 G    -5  -4   0   1  -8  -4  -6   7  -3  -8  -9  -1  -8  -8  -5  -5  -6  -8  -5  -7    1   1   4   7   0   1   0  78   1   0   0   3   0   0   1   1   0   0   0   0  2.11 0.93
  176 L    -7  -7  -9  -8  -7  -6  -9  -9  -5  -3   7  -6  -1   0  -9  -7  -6  -7   1  -5    0   0   0   0   0   0   0   0   0   1  86   1   1   3   0   0   1   0   5   0  2.17 0.95
  177 F    -8  -9 -10 -10  -9 -10 -10 -10  -8   0  -3 -10  -5  10 -10  -9  -9  -4  -1  -4    0   0   0   0   0   0   0   0   0   5   2   0   0  89   0   0   0   0   2   1  3.39 1.28
  178 Q    -4   0   1  -3  -5   3  -5  -6  10  -9  -8   0  -7  -7  -8   0  -4  -6  -3  -6    1   5   7   2   0  11   1   0  55   0   0   7   0   0   0   8   1   0   1   1  2.16 0.95
  179 R    -1   6  -1  -6  -8   1  -5   1  -3  -8  -7   5  -6  -8  -7  -2  -5  -8  -5  -8    5  40   3   0   0   5   0   9   1   0   0  33   0   0   0   3   0   0   0   0  1.47 0.74
  180 S     6  -6  -7  -7  -3  -7  -7   1  -7  -2  -4  -7  -3  -5  -7  -3  -4  -8  -4   2   67   0   0   0   1   0   0  11   0   2   1   0   1   1   0   1   1   0   1  13  1.60 0.81
  181 I    -7  -9 -10 -10  -8  -8 -10 -10 -10   9  -4  -9  -1  -3  -9  -8  -6  -3  -5  -1    0   0   0   0   0   0   0   0   0  90   1   0   2   1   0   0   1   1   0   3  2.98 1.16
  182 P     2  -5  -5  -6   3  -4  -5  -3  -6   1   2  -5   4  -5  -2   4  -1  -7  -6  -1   18   0   0   0   6   1   0   2   0   8  16   0  11   0   2  27   3   0   0   4  0.72 0.48
  183 M    -5  -6  -5  -4  -6   8   2  -6   2  -3  -2  -5   6  -2  -8  -3  -6  -8  -6  -5    1   0   0   1   0  53  10   1   4   2   5   0  18   2   0   2   0   0   0   1  1.86 0.94
  184 S    -5  -8  -6  -6  -5  -7  -7  -4  -8  -9  -9  -7  -8  -9  -8   8  -4 -10  -9  -9    1   0   0   0   0   0   0   1   0   0   0   0   0   0   0  97   0   0   0   0  2.94 1.35
  185 G    -2  -8  -6  -5  -3  -8  -8   8  -6  -8 -10  -8  -9  -9  -7  -4  -6  -5  -9  -9    3   0   0   1   1   0   0  92   0   0   0   0   0   0   0   1   1   0   0   0  2.78 1.15
  186 V    -1  -6   0  -5   2  -5  -4  -4  -4  -4  -5  -6  -5  -4  -4   5   5  -8  -6   2    5   0   5   0   4   0   1   2   0   1   1   0   0   1   1  35  33   0   0  11  1.13 0.67
  187 P     5  -6  -3  -5  -2  -6  -5  -1  -3  -1  -2  -6   1  -3   1   2  -1  -5  -4   1   47   0   1   0   1   0   0   4   1   3   3   0   3   1   7  14   4   0   1  10  0.86 0.54
  188 F    -4  -5  -1  -5  -2  -5  -5  -6  -2   2   5  -6   0   3  -7  -3   0  -2   1  -1    1   0   3   1   1   0   1   1   1   9  49   0   2  13   0   2   7   1   5   3  0.94 0.50
  189 C     1  -4   5  -1   6  -3  -4  -1  -1  -4  -4  -3   0  -5  -6   3   0  -7  -4  -2   10   1  26   3  17   1   1   5   2   1   2   1   3   0   0  19   6   0   0   2  0.90 0.52
  190 D    -1  -3  -1   0  -2  -1  -1  -3   1  -2  -2  -3  -2  -2   6   0  -2  -4   0  -3    5   1   4   6   1   3   4   2   3   3   4   1   1   2  45   8   2   0   4   2  0.93 0.55
  191 W    -5  -2  -7  -6  -7  -3  -6  -5  -2  -3  -4  -6  -4   2  -4  -4  -4  12   0  -5    1   3   0   1   0   1   1   1   1   2   2   1   0   8   1   2   1  68   3   1  3.28 1.29
  192 S     5  -4  -3  -4  -3  -4  -4   0  -3  -3  -3  -3  -1  -1  -2   2   1  -6  -1   1   45   1   1   1   0   1   1   6   0   1   2   1   1   3   2  14   8   0   2   9  0.75 0.48
  193 I    -4  -1  -3  -5  -2   0  -4  -6  -1   3   3  -3   2   4  -4  -2  -1   0   2   1    1   4   1   1   1   4   1   0   1  14  23   2   6  18   1   3   4   1   8   9  0.54 0.32
  194 P     0  -1   1  -2   0   4  -1  -1   0  -2  -3  -1   0  -4   3   1   2  -3  -2  -1    7   3   7   2   2  19   3   4   2   3   3   2   2   0  15   9  11   0   1   4  0.36 0.31
  195 F    -2   2   1   0  -5   0   2   0   1  -3  -3   1  -2  -1   2   0   0  -5   0  -2    3  14   5   5   0   3  14   7   3   1   3  10   1   2   9   6   7   0   3   3  0.22 0.20
  196 E    -2   1   4   3  -5   1   1  -2   2  -3  -3   1  -3  -4   0   1  -1  -4  -1  -4    3   7  20  14   0   5   9   3   5   2   2   8   1   1   4   9   4   0   2   1  0.41 0.29
  197 P     2  -4   0  -2  -3   0  -3  -1   0  -3  -4  -3  -1  -6   6   0  -1  -5  -4  -1   19   1   4   2   1   5   1   5   3   1   2   1   1   0  36   8   4   0   1   4  0.82 0.50
  198 K    -1   4  -2  -2  -4  -1   0  -3  -2   1   1   3  -1  -3  -2  -2  -1  -3  -2   0    5  21   1   2   0   2   6   2   1   7  16  17   1   1   2   3   4   0   1   8  0.33 0.25
  199 R    -1   1   2   2  -6   2   4  -2   1  -4  -4   2  -2  -3  -2   0  -1  -3  -1  -3    6   8   9  10   0   8  23   2   3   1   1  11   1   1   2   5   4   0   2   1  0.41 0.30
  200 R    -2   3   1  -3  -3   1  -3  -4   0   0   0   3   0  -1  -3  -2   0   2   1   0    3  15   8   1   0   7   1   1   2   5  11  16   3   2   1   3   6   3   6   6  0.28 0.24
  201 A     6  -6  -6  -6  -3  -5  -5   0  -5  -5  -4  -5  -3  -3  -2   0   2  -7  -4  -1   62   0   0   0   0   0   0   6   0   0   1   1   1   1   3   6  12   0   1   4  1.34 0.72
  202 F    -3   3  -2  -4  -3  -1   0  -5   0   0   0   3   0   4  -5  -2  -2  -1   3  -2    1  15   2   1   1   3   7   0   2   6   9  16   2  17   0   3   3   1   9   3  0.44 0.30
  203 V     0   4  -1  -1  -4   2   0  -4  -1  -1  -1   4  -1  -3  -5  -2  -1  -6  -2  -3    8  22   3   4   0   9   7   1   1   4   7  22   2   1   0   3   4   0   1   2  0.49 0.34
  204 L    -5  -7  -8  -6  -6   1  -7  -7  -6   2   5  -6   0   1  -7  -6  -2  -6  -1   2    1   0   0   0   0   6   0   0   0  11  58   0   2   6   0   0   2   0   2  11  1.26 0.62
  205 G     6  -6  -7  -7  -1  -7  -7   3  -4  -5  -5  -5  -3  -6  -6  -2  -4  -8  -5  -4   66   0   0   0   1   0   0  22   0   1   1   0   1   0   0   3   1   0   0   1  1.70 0.84
  206 K     0   3   1   0   0   1   3  -3  -1  -3  -4   4  -4  -6  -5   0  -1  -6  -4  -3    8  13   5   4   2   6  16   2   1   1   2  24   0   0   0   7   4   0   0   2  0.51 0.36
  207 H     0   0   0  -2  -2   1   0  -3   2   0   2   1   0   0  -4   0  -1  -3   0   0   10   5   5   2   1   6   5   1   5   6  19   8   3   5   0   7   2   0   4   7  0.10 0.12
  208 L    -2  -7  -6  -8   0  -7  -8  -8  -3   0   5  -4   2   1  -8  -5  -4  -7  -4   2    4   0   0   0   2   0   0   0   1   4  59   1   5   6   0   1   1   0   0  15  1.29 0.63
  209 G    -4  -4   4   0  -4  -4  -2   6  -2  -9  -8  -1  -7  -6  -8  -3  -6  -6  -6  -8    1   1  16   6   1   1   3  63   1   0   0   4   0   0   0   2   0   0   0   0  1.69 0.80
  210 F    -4  -5  -2  -6  10  -6  -6  -8  -2   2  -1  -1  -3   1  -3  -6  -5   0   4  -2    2   1   2   1  48   0   0   0   1  10   5   4   1   6   2   0   0   1  12   3  1.92 0.82
  211 E    -3  -2   2   2  -4  -1   1  -3  -2  -3  -4   1  -5  -3   4   1   1  -7  -3  -3    2   2  11  12   0   3  10   2   1   2   1  10   0   1  23  10   8   0   1   2  0.54 0.38
  212 T     0  -2   0  -1  -3  -2  -1   2  -1  -1  -2  -3  -4  -3  -2   2   5  -3  -2   0    6   2   4   3   1   2   3  13   1   4   4   1   0   1   2  12  34   0   1   5  0.48 0.37
  213 N    -1  -1   3   3  -5   0   3  -2   0  -3  -3   1  -2  -4  -3   1   2  -4  -2  -2    5   3  14  14   0   4  16   3   2   1   2   7   1   1   1   9  13   0   1   3  0.39 0.30
  214 D    -4  -5   5   6  -4  -4  -2  -2  -4  -7  -6  -2  -4  -7  -1   2   2  -8  -5  -6    1   1  22  35   0   0   3   3   0   0   1   3   0   0   3  16  10   0   1   0  1.13 0.62
  215 T    -3  -4  -1   2  -5  -3   0  -4  -2  -1  -4  -2  -2  -5   2   4   3  -2  -5  -2    2   1   2  12   0   1   6   1   1   4   2   3   1   0  11  32  16   1   0   4  0.63 0.45
  216 K     0   1   0   1  -5   2   3  -3  -1  -3  -3   3  -4  -4  -3   0   0  -6  -1  -2    8   8   5   7   0   8  17   2   1   1   2  19   0   1   1   6   7   0   2   3  0.37 0.29
  217 Q     1  -2  -1   2  -4   2   5  -4  -3  -3  -3   1  -3  -5  -5  -1  -1  -7  -3  -1   12   1   3  11   0   8  34   1   0   2   2   9   1   0   0   5   4   0   1   4  0.64 0.43
  218 L    -1  -6  -6  -8  -4  -6  -7  -8  -7   4   4  -5   6  -2  -7  -6  -3  -7  -3   2    6   0   0   0   0   0   0   0   0  19  41   1  16   1   0   0   2   0   1  11  1.23 0.60
  219 L    -2  -4  -6  -7  -5  -6  -5  -7  -3   3   4  -4   1  -1  -7  -5  -3  -3   2   4    3   1   0   0   0   0   1   0   1  15  36   1   3   2   0   0   1   0   7  27  0.98 0.50
  220 E    -1   1   1   3  -5   1   5  -5  -1  -5  -6   2  -5  -6  -4  -1  -1  -7  -5  -5    5   6   7  15   0   6  34   1   2   1   1  13   0   0   1   5   4   0   0   0  0.81 0.50
  221 F    -3  -4  -5  -5   9  -3  -2  -4  -1  -1  -3  -2  -6   5  -8  -4  -2  -6   1  -2    3   1   0   1  44   2   3   1   1   4   2   3   0  22   0   1   3   0   5   2  1.80 0.78
  222 L    -7  -8  -9  -9  -7  -8  -9  -9  -6  -2   7  -8   1   1  -9  -8  -7  -7  -2  -5    0   0   0   0   0   0   0   0   0   2  87   0   3   6   0   0   0   0   2   0  2.27 0.98
  223 Q    -4   6  -2  -6  -6   4  -2  -6  -3  -4  -2   4   3  -6  -7  -2  -4  -7  -2  -5    1  39   2   0   0  18   2   0   0   1   4  19   6   0   0   3   1   0   1   1  1.29 0.69
  224 S    -1   1   3   0  -4   2   1  -1  -1  -6  -5   3  -3  -6  -5   2   2  -4  -2  -5    4   6  14   4   0   8   9   6   1   0   1  18   1   0   0  12  15   0   1   1  0.50 0.37
  225 V     1   0  -5  -6  -2   0  -4  -5  -3   2   1   3   1  -2  -5  -3   0  -6  -5   4   12   6   0   0   1   5   1   0   0  10  13  15   3   1   0   2   5   0   0  25  0.49 0.34
  226 P    -4  -5   1   4  -3  -4  -1  -5  -3  -8  -7  -2  -7  -8   5   3   0  -8  -6  -6    1   0   6  23   1   0   4   1   1   0   0   3   0   0  31  23   6   0   0   0  1.21 0.69
  227 T     5  -5  -5  -4  -3  -4  -4  -1  -3  -1  -3  -3  -2  -1   2   0  -1  -2   0   2   45   0   0   1   0   0   1   5   1   3   3   2   1   2  10   5   4   1   3  13  0.73 0.47
  228 S    -1   1   0   1  -6   1   4  -3   2  -3  -3   3  -2  -2  -3  -1   0  -4   0  -2    4   9   4   7   0   6  24   2   4   2   2  15   1   2   1   5   6   0   4   3  0.39 0.30
  229 D    -2   0  -1   4  -5   2   3  -5  -2  -3  -2   2  -3  -5  -4  -1   0  -3  -4  -1    4   4   3  25   0   7  20   0   1   2   4  13   1   0   1   4   7   0   1   4  0.58 0.39
  230 L    -7  -8  -8  -8  -7  -8  -7  -9  -8   6   5  -7   1   0  -8  -8  -6  -7  -4   0    0   0   0   0   0   0   0   0   0  35  53   0   2   4   0   0   0   0   0   4  1.73 0.76
  231 I     0  -4  -4  -4  -4  -3  -5  -4  -2   3   1  -4   2  -1  -4  -3   1  -3  -1   4    9   1   1   1   0   1   1   2   1  17  13   1   5   3   1   2   7   0   2  33  0.63 0.36
  232 D     0   1   2   1  -4   1   2   0  -2  -3  -2   2  -1  -3  -3   0  -1  -4  -3  -2    9   7  10   9   0   6  16   7   1   1   4  13   1   1   1   7   4   0   1   2  0.26 0.21
  233 V     3  -2   0  -3  -2   0  -2  -1   0   0   0   0  -1  -2  -3   0   1  -4  -1   0   29   2   5   1   1   4   2   5   3   5   8   6   2   2   1   8   9   0   2   7  0.23 0.20
  234 K     0  -1   0   1  -1   4   0  -2   1  -1  -1  -1   0  -1  -3   1   0  -4  -1   0    8   2   4   7   1  22   6   3   3   4   5   2   3   2   1  11   7   0   3   6  0.24 0.21
  235 P     0   1   0   1  -3   1   1  -1   0  -1  -1   1   0   0   1   0   0  -1   0  -1    6   8   5   8   0   6   9   4   3   4   6   7   3   4   7   6   6   1   4   3  0.07 0.06
  236 H    -1   0   2   1  -3   1   1  -1   1  -1  -1   3  -1  -2  -1   1   0  -2  -1  -1    5   4   9   7   0   5   7   4   4   3   5  19   1   2   3  10   5   1   2   4  0.14 0.13
  237 V     0  -3  -4  -3  -2  -3  -3  -3  -3   2   3  -2   2   4  -3  -2  -1   0   0   2    7   1   1   1   1   1   2   2   1  11  24   2   5  17   1   3   5   1   2  12  0.42 0.23
  238 T    -1   0  -1  -1  -1   1  -1  -2   0   0   1   1   2   0   0   0   1  -2  -1   0    4   4   3   3   1   6   3   2   2   6  19   8   5   4   4   6  10   0   2   6  0.07 0.08
  239 T     0  -1   0   0  -2  -1   0  -1  -1   0  -1  -1   0   0  -1   1   3  -3   0   1    6   3   5   6   1   3   5   3   1   6   7   4   2   4   3  11  18   0   3  10  0.10 0.10
  240 S     0  -1   0   0  -2   0   0  -1  -1  -1  -1   0  -1   2   1   0   0   5   1  -1    7   3   4   6   1   3   6   4   2   3   6   7   1   9   9   9   7   7   5   3  0.14 0.11
  241 E    -1   0   0   3  -3   1   3  -1   0  -2  -1   1  -2  -2  -2   0  -1  -3  -1  -2    4   6   4  14   1   7  23   4   2   3   7   7   1   2   2   5   4   0   2   3  0.27 0.17
  242 V    -1  -1   0   1  -2  -1   2  -1   0   0   0  -1   1   1  -1   0   0  -1   1   0    5   2   4   8   1   2  17   4   3   7   8   2   4   7   3   5   5   1   5   7  0.07 0.07
  243 I     0   0  -1  -1  -1   0   0  -1   0   0   0   0   1   2   0   0   0   1   1   0    7   7   3   3   1   3   5   5   2   7  12   8   4  10   3   5   4   2   4   5  0.02 0.03
  244 G     0   1   0   1  -2   0   1   0   1  -1  -1   1   0  -1   1   0   0  -1   0  -1    6  10   5   7   1   4  10   8   4   4   6   7   2   3   6   5   4   1   3   4  0.06 0.04
  245 D    -1   1   1   1  -3   0   1  -1   0  -2  -2   0  -2   0   0   0  -1   6   0  -2    4   8   8  10   0   4   8   5   2   2   5   6   1   5   5   6   4  10   3   3  0.20 0.13
  246 N    -1   0   2   1  -2   0   0   1   1  -1  -1   0  -1   0   0   0   0   1   0  -1    3   6  11   7   1   4   4  14   3   3   8   5   1   5   4   7   5   2   3   3  0.08 0.07
  247 I    -1  -1  -1  -1  -2  -1  -2  -1  -1   2   1  -1   1   1   2  -1  -1   0   2   1    4   3   2   3   1   3   2   5   1  12  15   4   3   6  10   4   4   1   8   9  0.11 0.09
  248 L    -1  -1   1   2   1  -1   0  -1   0   0   1  -1   1   1  -1  -1  -1  -1   1  -1    3   3   9  12   3   3   5   4   3   5  18   2   3   8   3   5   2   1   4   4  0.08 0.09
  249 K    -1   0   0  -1  -2  -1  -1  -1  -1  -1  -1   0  -1  -1   5   0   0  -3  -1  -1    4   5   6   4   1   3   3   4   2   4   8   6   2   3  26   9   5   0   2   5  0.32 0.19
  250 M    -1  -1  -1  -2  -2  -1  -1   0  -1   1   1  -1   2   1   2   0   0  -1   1   0    3   2   3   2   1   2   4   9   1   9  13   3   8   8   9   6   5   1   4   7  0.09 0.09
  251 F    -1   0  -1  -3  -1  -2  -3  -2  -2   2   1  -2   1   4  -2   0   0   1   2   1    5   5   3   2   1   1   1   3   1  11  14   1   4  16   2   6   7   2   6   9  0.21 0.15
  252 H     1  -2  -1  -3  -3  -1  -3  -2   0   1   0  -2  -1  -2   5  -1   0  -2   1   1   10   2   3   1   0   2   2   3   3   7   8   2   2   2  29   5   5   1   5   8  0.46 0.28
  253 F    -5  -6  -6  -6  -4  -6  -7  -6  -6  -2  -3  -7  -3   9  -4  -5  -5   6   3  -5    1   1   1   1   0   0   0   1   0   2   2   0   1  71   1   1   1   8   7   1  2.49 0.95
  254 T     1   1  -3  -4   0  -2  -3   3  -3  -2  -1   0  -1  -2  -2   0   1  -3  -3   1   11   9   1   0   2   1   1  25   0   2   7   7   1   1   2   6   9   0   1  12  0.29 0.23
  255 P    -3  -8  -8  -7  -8  -6  -7  -6  -5  -3  -4  -7  -5  -7   9  -6  -4  -8  -6  -2    3   0   0   0   0   0   0   1   0   2   2   0   0   0  85   0   1   0   0   3  2.85 1.22
  256 V    -3  -4  -3  -6   4  -4  -4  -5  -5   1  -4  -6  -2  -6  -6   1   3  -3  -5   6    2   1   1   0   9   1   1   1   0   6   1   0   1   0   0  11  17   0   0  46  1.14 0.61
  257 V    -3  -4  -5  -5  -4  -5  -5  -6  -6   6   0  -4  -1  -3  -5  -4  -3  -7  -5   5    3   1   1   1   0   1   1   1   0  35   8   2   1   1   1   1   2   0   0  41  1.31 0.61
  258 E    -6  -6  -5   2  -8  -3   8  -6  -5  -3  -7  -5  -4  -8  -6  -5  -6  -8  -6  -6    1   0   0  11   0   1  81   1   0   2   0   0   0   0   0   1   0   0   0   1  2.41 1.09
  259 K    -1   0   0   0  -4   0   0  -2  -1  -3  -4   3  -3  -4   5   1   0  -6  -3  -1    5   6   5   5   0   4   5   4   2   1   1  16   0   1  26   9   6   0   1   4  0.52 0.34
  260 D    -1  -2   1   3  -3   0   2  -2  -1  -3  -4   1  -3  -3   2  -1  -2  -2   3  -1    6   1   7  18   1   3  15   4   1   2   1   8   0   1  11   3   2   1  10   6  0.38 0.27
  261 F    -1  -1   0   0  -2  -1   0  -1   4   0  -1  -1  -1   2  -1   1  -1   0   0   0    5   3   4   5   1   2   7   6  11   7   5   4   1  11   3  11   3   2   3   8  0.10 0.11
  262 G     0  -3   2   0  -3  -2  -1   3  -1  -2  -3  -1  -2  -4  -1   3   2  -3  -3  -1    7   1   8   5   1   1   5  22   1   2   2   4   1   1   3  21  10   0   1   4  0.36 0.25
  263 N    -3  -2   2   3  -4   1   4  -1  -2  -5  -5   0  -5  -6   3  -2  -2  -4  -4  -1    2   2   8  17   0   7  23   5   1   1   1   6   0   0  16   3   3   0   0   5  0.62 0.40
  264 E    -3  -3   2   3  -6   0   4   2   2  -5  -4  -1  -3  -5  -1  -1   0  -6  -4  -4    2   1  10  18   0   4  23  18   4   1   2   3   1   0   3   4   6   0   0   1  0.61 0.38
  265 H     4   1  -2  -5   2  -2  -4  -2  -2  -2  -4  -1  -2  -5   4   0   0  -6  -3  -1   35   8   2   0   5   1   1   3   1   2   1   3   1   0  18   8   5   0   1   5  0.66 0.44
  266 F    -6  -8  -9 -10  -8  -9  -9  -9  -8   2  -1  -9  -2   9  -7  -8  -8  -6  -1   2    1   0   0   0   0   0   0   0   0   9   5   0   1  70   0   0   0   0   2  12  2.49 1.01
  267 L    -6  -8  -6  -8  -5  -7  -8  -9  -5   5   5  -8   2   0  -6  -7  -4  -7  -4   0    0   0   0   0   0   0   0   0   0  25  58   0   4   3   0   0   1   0   0   6  1.60 0.72
  268 T    -2  -5  -2   0  -1  -3  -3  -5  -2  -2  -3  -3  -3  -5   4   2   5  -8  -3  -1    4   1   2   5   1   1   1   1   1   2   2   2   1   0  22  13  35   0   1   5  0.91 0.60
  269 E    -1   1  -1   4  -3   2   4  -2  -2  -4  -5   3  -2  -6  -5  -2  -2  -5  -6  -4    5   7   2  19   1   7  29   3   1   1   1  16   1   0   0   3   2   0   0   1  0.77 0.49
  270 A    -2  -1   1   3   1  -1   1  -4   5  -5  -3  -1  -2  -3   1   2   0  -3   1  -5    3   4   6  17   3   2   7   1  15   0   3   4   1   1   8  13   7   0   4   0  0.52 0.37
  271 P    -4  -7  -8  -8  -7  -4  -6  -6  -3  -2  -5  -8   0  -2   8  -2  -6  -2  -3  -4    2   0   0   0   0   1   0   1   1   3   2   0   2   2  79   4   1   1   1   2  2.54 1.21
  272 L    -1   1  -2  -2  -5  -1   1  -4   1   2   1   0   1   1  -4  -2  -1   2   3   0    4   8   1   2   0   2  11   1   3  14  14   5   3   5   1   3   3   2  11   6  0.24 0.20
  273 Q    -3  -2   3   3  -7   1   4  -5  -1  -1  -4   2  -4  -5  -6  -1   0  -7  -3  -1    2   2  13  17   0   5  27   1   1   4   2  12   0   0   0   4   5   0   1   4  0.68 0.45
  274 V     0  -3  -3  -4  -4  -2  -3  -5  -5   4   4  -2   3  -3  -6  -1  -1  -6  -2  -1    8   1   2   1   0   2   2   1   0  20  39   2   7   1   0   6   4   0   1   3  0.72 0.42
  275 L    -2  -5  -7  -6  -6  -4  -6  -6  -3   4   4  -5   5   0  -6  -4  -3   1   1   1    4   1   0   0   0   1   1   1   1  22  37   1  11   4   0   1   2   2   5   7  0.97 0.49
  276 R     0   3   0  -2  -5   2   1  -5   0  -4  -1   4  -2  -4  -3   0   0  -6  -5  -3    8  15   4   2   0   8   9   0   3   1   6  26   1   1   1   7   6   0   0   2  0.53 0.37
  277 N     0   1   3   0  -4   2   1  -4  -1  -4  -4   2  -3  -4  -5   3   1  -6  -4  -5    7   7  11   5   0   8  10   1   2   1   2  13   1   1   0  22   7   0   1   1  0.49 0.37
  278 G     0  -2   0  -3  -3  -3  -4   6  -3  -6  -5   0  -5  -5   0  -3  -4  -1  -2  -5    8   2   4   2   1   1   1  61   1   0   1   5   0   1   5   2   1   1   1   1  1.30 0.66
  279 K    -2   2   4   2  -4   1   1  -2   0  -2  -3   3  -3  -3  -3  -1  -2   5  -3  -3    3   9  16  10   0   6   8   3   2   3   3  17   0   1   1   3   2   7   1   2  0.47 0.32
  280 I    -2  -4  -3  -5  -3  -4  -4   0   1   1  -1  -5   1   6  -2   0  -1  -4   4   1    4   1   1   1   0   1   1   6   3   8   5   1   3  28   2   7   3   0  14  10  0.70 0.39
  281 N     1   0   5  -3  -4   1  -1  -4   3  -2  -2   0  -1  -3  -2   1   1  -3   0  -2   12   5  28   1   0   6   3   1   7   2   4   5   2   1   2   9   7   0   3   2  0.50 0.35
  282 E    -3   2   2   4  -7   2   0  -3   3  -5  -6   4  -4  -6   0  -1  -3  -7  -5  -5    2   8   9  19   0   9   5   2   6   1   1  26   0   0   4   4   2   0   0   1  0.74 0.46
  283 V    -4  -6  -6  -8  -5  -8  -7  -6  -5   5  -1  -5   1  -3  -8  -7  -5  -8  -4   7    2   1   0   0   0   0   0   1   0  24   6   1   4   1   0   0   1   0   1  58  1.77 0.81
  284 D    -5  -7  -6   0 -10  -7  -5  -9  -7  -8  -9  -8 -10 -10   9  -5  -7 -11 -10  -9    1   0   0   6   0   0   1   0   0   0   0   0   0   0  89   1   0   0   0   0  3.22 1.45
  285 V    -4  -7  -7  -8  -2  -6  -8  -7  -2   3   3  -7   4   2  -8  -4  -2   8   2   2    1   0   0   0   1   0   0   0   1  15  21   0   9   6   0   1   3  19   7  14  1.23 0.62
  286 L    -8  -9  -9  -9  -8  -8  -9 -10  -9   6   3  -8   8  -3  -9  -8  -6  -8  -5  -1    0   0   0   0   0   0   0   0   0  41  26   0  28   1   0   0   0   0   0   3  2.08 0.92
  287 I    -1  -5  -3  -7  -2  -5  -4  -6  -5   5   1  -5   3   1  -7  -2   3  -5  -2   1    6   1   1   0   1   0   1   0   0  29  13   0   8   5   0   3  20   0   1   9  0.81 0.47
  288 G    -6  -9  -6  -8  -9  -7  -9   8  -9  -9  -9  -8  -7  -8  -9   0  -4  -5 -10 -10    0   0   0   0   0   0   0  89   0   0   0   0   0   0   0   8   1   0   0   0  2.72 1.20
  289 Y    -2  -5  -2  -6   1  -2  -5   0   1   2  -1  -6   1   4  -7  -2   0  -4   4   3    3   0   2   0   3   2   0   6   4  11   5   0   3  16   0   3   7   0  14  20  0.62 0.38
  290 T    -2  -7   6  -5   1  -7  -7  -7  -7  -5  -6  -7  -2  -8  -8  -3   6  -9  -7   2    3   0  32   0   3   0   0   0   0   0   1   0   1   0   0   2  45   0   0  11  1.75 0.92
  291 D     0   0   2   1  -7  -1  -1  -5  -2  -7  -5   0  -3  -7  -2   5   1  -8  -6  -6    7   4   9   8   0   2   5   1   1   0   1   6   1   0   3  43   9   0   0   0  0.87 0.58
  292 M     0   1   3   4  -3   0   2   0   3  -4  -2  -1   0   0  -5  -2  -4  -6  -2  -4    8   7  12  19   1   4  14   7   7   1   4   4   3   4   0   3   1   0   1   1  0.41 0.31
  293 E    -8  -8  -7   1 -11  -5   8  -8  -8 -10 -10  -7  -9 -10  -7  -6  -8 -10  -9  -9    0   0   0   7   0   0  91   0   0   0   0   0   0   0   0   0   0   0   0   0  3.03 1.38
  294 T    -1  -7  -5  -7  -2  -5  -6   7  -6  -6  -5  -7  -2   0  -8  -1  -2  -3  -1  -5    6   0   0   0   1   1   0  73   0   0   1   0   1   4   0   4   2   1   2   1  1.85 0.89
  295 L     1  -5  -3  -5  -3  -4  -5  -1  -4   3   4  -5   2  -1  -6   0  -2  -4  -1  -2   12   0   1   1   1   1   1   5   0  15  41   1   5   3   0   6   2   0   2   3  0.72 0.43
  296 V    -3  -4  -5  -4  -3  -4  -3  -3  -3   2   3  -4   2   4  -4  -2  -2   0   4   1    3   1   0   1   1   1   2   2   1  11  26   1   5  18   1   3   3   1  11   9  0.64 0.37
  297 G     0   0  -2  -3  -2  -1  -3  -1  -2  -1   0   0   3   4   0   0  -3   0   1  -1    9   6   2   2   1   3   1   5   1   3   7   7   7  21   5   8   1   1   5   5  0.27 0.22
  298 I     2  -4  -2  -3  -3  -3  -2  -3  -1   1   2  -4   1   1  -4  -1   1  -2   3   2   15   1   2   2   0   1   2   2   1   9  19   0   3   5   1   5  10   1  10  13  0.32 0.25
  299 P     2  -1   0  -1  -3   0  -1   0  -1   0  -2   0   0  -1   2   1  -1  -3   0  -1   19   4   5   4   0   3   4   7   2   5   3   5   2   3  12   9   4   0   4   5  0.14 0.15
  300 I    -1  -1   0   0  -3  -1   0   0  -1   2   1  -1   1   1  -2   0   0  -2   1   0    5   4   4   6   0   2   6   7   1  14  12   3   4   7   1   7   5   0   5   7  0.05 0.07
  301 L    -1  -2  -2  -2  -2  -3  -3  -3  -2   3   3  -2   1   3  -2  -2  -1  -1   2   1    4   2   2   2   1   1   2   2   1  16  27   3   3  10   2   3   4   1   6   8  0.34 0.23
  302 E    -1   1   3   2  -3   1   1  -2   0  -1  -1   2  -1  -1  -1   0   0  -3   0  -2    4   7  14  10   0   5   8   3   2   3   6  11   1   3   2   6   5   0   4   3  0.17 0.16
  303 N    -2   1   4   2  -6   0   2  -1  -1  -4  -4   2  -3  -3   3   0  -1  -4  -3  -5    4   6  17  10   0   3  11   5   2   1   2  11   1   1  13   8   3   0   1   1  0.43 0.32
  304 S    -1   0   1   1  -5   1   2  -1   0  -2  -3   2  -2  -2   0   1   2   0  -2  -3    4   4   8   7   0   6  13   4   2   2   2  13   1   2   4  11  11   1   2   2  0.24 0.22
  305 L    -1  -1  -1  -2  -3  -1  -2  -2   1   1   2   0   2   1  -2  -1   1   1   2   0    6   4   2   2   0   2   3   3   3   8  21   6   6   5   2   5   8   2   7   6  0.13 0.13
  306 L    -2  -2  -3  -2  -2  -2  -3  -4  -3   2   4  -2   2   3  -4  -3  -2   0   1   1    3   2   2   3   1   2   1   2   1  11  35   3   5  10   1   2   3   2   5   8  0.49 0.30
  307 K     0   1   1   2  -6   2   3  -3   0  -3  -3   3  -2  -5  -1   0   0  -4  -4  -3    6   7   5   9   0   8  18   2   2   1   3  18   1   0   3   6   6   0   1   2  0.38 0.30
  308 D    -1   0   1   2  -5   2   3  -2   0  -1  -1   1   0  -1  -3  -1   0   0   0  -2    5   5   8  11   0   8  17   2   2   4   6   7   3   3   1   4   6   1   3   3  0.20 0.18
  309 Y    -2  -5  -2  -3  -4  -3  -3  -5  -4   2   4  -4   2   4  -6  -4  -3   1   4   0    3   1   2   2   0   1   2   1   0  11  32   1   5  17   0   1   2   2  13   5  0.77 0.42
  310 S    -2  -1   5   4  -6  -1   1  -3  -1  -2  -2   1  -3  -4  -3   0  -2  -3  -3  -3    4   4  29  20   0   2   8   2   1   2   5   7   1   1   2   6   3   0   1   2  0.64 0.41
  311 K    -1   0   2   2  -5   1   2  -2  -3  -2  -2   3  -2  -4  -4   0   1  -4  -3  -3    6   6  11   9   0   7  15   3   0   2   5  17   1   1   0   8   7   0   1   2  0.34 0.27
  312 Y    -3   0   5   4  -4  -1   0  -4   2  -3  -4   0  -3   1  -6  -2  -2  -4   1  -5    2   5  30  19   1   3   7   1   5   2   2   6   1   6   0   3   2   0   4   0  0.78 0.47
  313 P    -3  -3  -3  -3  -3  -5  -3  -5  -3   0   0  -3  -1   6   4  -2  -3   8  -1  -2    2   2   1   1   1   0   2   1   1   5  10   2   1  29  17   3   1  16   2   2  1.11 0.58
  314 E    -2  -1   2   2  -5   1   4  -2   0  -3  -2   0  -1  -4  -2   1   0  -6  -1  -2    3   2   9  12   0   6  26   3   2   2   4   5   2   1   2   9   5   0   2   4  0.40 0.32
  315 L    -2   2   0   1  -3   0   1  -3   1  -1   0   1   0   1  -4   0   0  -1   1  -1    3  12   5   8   1   4  11   1   3   3   9   9   2   5   0   5   7   1   6   5  0.15 0.15
  316 L    -2  -4  -2  -5  -2  -4  -4  -6  -2   3   4  -3   2   3  -5  -3  -2  -1   2   2    4   1   2   1   1   1   1   0   1  15  35   1   4  10   1   2   2   1   6  11  0.68 0.38
  317 V     2  -5  -4  -5  -5  -5  -5  -1  -3   4   3  -5   1   0  -5  -3  -2  -3  -4   3   16   1   1   1   0   0   0   4   1  19  24   1   4   4   1   2   2   0   0  20  0.65 0.37
  318 P    -2  -2  -2  -5  -4  -2  -4  -4  -3  -5  -4  -3  -5  -4   8  -1  -3  -8  -3  -5    4   3   3   1   0   2   1   2   1   1   2   2   0   1  69   5   2   0   1   1  1.97 0.96
  319 R    -1   1   0   0  -3   0  -1  -3   2   1   0   0  -1   0   0   0  -1   0   2   0    4   9   5   5   0   3   4   1   6  10   8   7   2   5   4   9   3   1   7   6  0.09 0.10
  320 K    -1  -2   1   3  -1  -1   1  -2  -1   1   1  -1   1   0  -2   1   1  -2  -1  -1    5   1   8  16   1   2   7   2   1   7  12   4   3   3   1  11   7   1   2   5  0.15 0.15
  321 I    -3  -6  -6  -5  -5  -5  -5  -7  -6   2   5  -5   4   3  -7  -5  -4   2  -2   0    2   0   0   1   0   1   1   0   0  10  51   1   8  12   0   1   1   2   1   7  1.17 0.59
  322 L    -1   0   3   1  -3   0   0   0   1  -1   0   0   1   0  -2  -1  -1  -2   0  -2    5   6  15   9   1   4   6   7   4   3  11   6   5   4   1   5   2   1   4   3  0.12 0.12
  323 M    -3  -2  -1  -3  -2  -3  -2  -5  -2   2   2  -3   1   4  -3  -3  -2  -1   5   1    2   2   3   2   1   1   2   1   1  11  16   2   3  15   2   2   3   1  22   8  0.61 0.35
  324 E    -2   0   2   3  -4   1   2  -2  -1  -3  -3   2  -3  -3   2   0   0  -4  -1  -2    3   4  11  13   0   5  16   3   2   2   2  11   1   1   9   6   5   0   3   3  0.31 0.24
  325 S    -1   1   1   1  -1   0   1  -1   1  -1  -1   1   0   0   1   1   0  -2   1  -1    5   8   6   7   2   3   8   4   4   3   6   8   2   4   6  10   5   0   5   5  0.06 0.06
  326 N    -2  -3   3   3  -5  -1   1   0  -1  -3  -3  -1  -2  -1   0   1   2   0  -3  -3    2   1  14  17   0   2   8   9   2   2   3   4   1   2   4  12  14   2   1   2  0.37 0.29
  327 P     0  -2   0   1  -2   0   1  -2  -2  -1  -1   0  -2  -2   3   2   2  -5  -1  -1    7   1   3   8   1   4   9   3   1   3   5   5   1   2  12  17  11   0   3   5  0.21 0.21
  328 R     0   0   1   2  -3   0   3  -3  -2  -3  -3   1  -2  -3   2   1   0  -5  -3  -3    7   5   7  11   1   4  20   2   1   2   3   9   1   1   8  10   5   0   1   2  0.31 0.26
  329 K    -2   1   2   2  -4   2   2  -3  -1  -1  -2   4  -2  -4  -4  -1   0  -4  -3  -2    3   6   8  12   0   8  15   2   1   3   4  21   1   1   1   3   6   0   1   4  0.40 0.29
  330 C     0   1   0  -2   0   1  -1  -2   0   0   0   0   0  -1   1   1   0  -1  -1   0    9   9   4   1   2   6   3   3   3   6  11   5   2   3   6  12   5   1   2   5  0.06 0.09
  331 L     0   0   1   2  -3   1   1  -2  -1  -1   0   2   0  -2  -1   0   0  -3  -2  -1    6   6   5  11   0   6   9   2   1   4  10  15   2   1   3   5   5   0   1   5  0.13 0.13
  332 Q     1   0   1   1  -4   2   4  -2  -1  -2  -3   2  -2  -3  -4  -1   0  -3  -2  -2   10   4   6   7   0   9  26   3   1   2   3  12   1   1   1   5   5   0   2   2  0.40 0.30
  333 I     0  -4  -5  -5  -4  -4  -5  -6  -4   5   2  -3   2   1  -6  -4  -1  -3   0   4    9   1   0   1   0   1   1   0   1  25  18   2   4   5   0   1   4   0   3  24  0.75 0.40
  334 A     3  -4  -3  -4  -2  -5  -3   2  -4   0  -2  -3  -2  -3  -4   3   2  -2  -2   1   27   1   1   1   1   0   2  14   0   5   4   1   1   1   1  18  12   1   1   8  0.50 0.37
  335 D    -1   2   2   2  -7   3   3  -4   0  -5  -3   3  -3  -4  -4  -1  -1  -7  -4  -5    5   8  10  12   0  12  17   1   2   1   2  18   1   1   1   4   4   0   0   1  0.58 0.40
  336 R     0   2  -2   0  -5   2   2  -4  -1  -1  -1   4   0  -5  -4  -1   0  -6  -4  -3    8  10   2   5   0   8  14   1   1   3   6  26   2   0   1   5   5   0   1   2  0.46 0.34
  337 I    -3  -8  -9  -9  -7  -8  -9  -9  -9   7   3  -8  -1   0  -8  -7  -5  -8  -5   2    2   0   0   0   0   0   0   0   0  55  24   0   1   3   0   0   1   0   0  13  1.81 0.80
  338 R    -4   5  -2  -5  -8   0  -3  -7  -1  -2  -2   5   0  -3  -7  -3  -2   1  -2  -2    1  31   2   1   0   4   2   0   1   3   5  36   2   1   0   2   2   2   1   3  1.16 0.64
  339 E    -3   1   2   2  -6   3   3  -3   1  -5  -4   4  -3  -3  -5   0  -1  -4  -2  -6    2   7   9  10   0  13  16   2   3   0   2  21   1   1   0   7   3   0   1   0  0.61 0.42
  340 H    -3   0  -3  -6  -5  -1  -1  -7   4  -2   0  -2  -1   7  -7  -5  -3  -3   4  -3    3   5   1   0   0   2   5   0   8   3   8   3   2  41   0   1   2   0  13   2  1.20 0.60
  341 Y    -9  -8  -7  -9  -9  -8  -9  -8   1  -8  -8  -9  -5   1  -9  -8  -7  -4  10  -8    0   0   0   0   0   0   0   0   2   0   0   0   0   4   0   0   0   0  90   0  3.79 1.53
  342 F    -5  -6  -5  -7  -2  -5  -7  -7  -6  -1   2  -6   1   8  -7  -5  -2   0   1  -2    1   0   1   0   1   1   0   1   0   3  17   0   3  59   0   1   3   1   5   3  1.88 0.82
  343 G    -4  -2   3   0  -7   1  -1   5   0  -6  -7   1  -5  -7   0  -2  -4  -7  -4  -6    1   2  13   6   0   5   4  45   2   0   0  10   0   0   5   3   1   0   1   1  0.99 0.55
  344 R    -3  -3   4   5  -5  -3   1   2   1  -4  -5  -1  -5  -4  -4   0  -2  -5  -4  -6    2   2  21  28   0   1   7  16   3   1   2   4   0   1   1   7   3   0   1   1  0.82 0.48
  345 K    -2   1   2   2  -4   2   2   0   0  -3  -3   4  -3  -5  -4  -1  -1  -5  -4  -3    3   8   8   9   0   7  13   6   2   2   3  23   1   0   1   5   4   0   0   2  0.42 0.30
  346 P    -1  -1   2   1  -5   0   2  -2   0  -3  -3   1  -3  -4   4   0   1  -1  -2  -3    4   4   9   7   0   3  11   3   2   2   2   9   1   1  21   8   9   1   1   2  0.40 0.31
  347 I    -3  -4  -2  -3  -3  -4  -5  -5  -3   5   2  -5  -1   1   2  -2  -2  -4  -2   2    3   1   2   2   1   1   1   1   1  34  17   1   1   5   9   3   2   0   2  14  0.75 0.40
  348 S    -2  -3   3   2  -2  -4  -1   0  -2  -3  -5  -2  -5  -2  -3   4   3  -5  -3  -3    3   2  11  12   1   0   3   6   1   1   1   2   0   2   2  33  17   0   1   2  0.67 0.46
  349 G    -1   1   2   1  -4   0   2  -2   0  -1   0   1   0  -2   1   0  -1   0  -1  -1    5   7   9   6   0   5  15   3   2   3   8  10   3   1   6   5   4   1   2   4  0.14 0.14
  350 E    -1  -1   2   4  -5   1   4  -2  -1  -4  -5   1  -3  -2  -3   1  -2  -1  -3  -5    6   3   8  20   0   6  24   3   2   1   1   7   1   2   1   9   3   1   1   1  0.57 0.39
  351 T    -3  -3   5   1  -3  -2  -2  -3   1  -3  -2  -1  -1  -3  -3   2   4  -7  -2  -3    2   2  24   7   1   2   2   2   3   2   4   4   2   1   1  13  25   0   2   2  0.66 0.45
  352 I    -1   1  -3  -3  -3  -2  -2  -4  -2   3   2   0   2   2  -2  -2  -1   1  -1   1    6   8   1   1   0   1   3   1   1  14  21   5   4   8   2   3   4   2   2  10  0.25 0.19
  353 K    -2   1   1   2  -3   2   1  -1   1  -3  -1   1   0  -1   0   0  -1   1   0  -2    3   6   7  12   0  11   9   5   3   1   8   9   3   3   5   6   4   2   3   3  0.15 0.16
  354 E     0  -1   4   1  -6   3   2   1  -1  -3  -5   2  -4  -5  -1   0  -2  -7  -5  -5    7   3  18   6   0  12  13  11   1   2   1  12   0   1   3   6   3   0   0   1  0.50 0.37
  355 Y    -2  -6  -7  -7  -4  -7  -7  -7  -3   2   4  -5   1   5  -7  -5  -2   0   5   0    3   0   0   0   0   0   0   0   1  12  31   1   3  20   0   1   2   1  15   7  1.05 0.54
  356 T     0  -4  -4  -5   0  -3  -2  -2  -3   4   1  -3   1  -1  -6  -1   2  -6  -1   3    6   1   1   0   2   1   2   4   1  23  11   1   3   2   0   6  15   0   2  19  0.51 0.33
  357 K    -3   2   3   5  -8   2   1  -6   1  -5  -4   3  -3  -6  -6  -3  -2  -6  -2  -4    2   9  14  26   0  10  10   0   3   1   2  14   1   0   0   1   3   0   1   1  0.81 0.50
  358 Y    -2  -8  -7  -7  -2  -7  -6  -7  -4   2   4  -8   7   4  -8  -6  -6  -3   4  -1    3   0   0   0   1   0   1   0   0  10  32   0  21  13   0   0   0   0  12   4  1.30 0.66
  359 S    -2  -4  -3  -4   1  -2  -4  -3   0   2   2  -4   3   4  -7  -2  -1  -1   4   1    4   1   1   1   3   2   1   2   2  12  15   1   7  15   0   3   4   1  15  10  0.57 0.34
  360 T    -2  -6  -2  -5  -8  -6  -5   3  -8  -8  -7  -7  -4  -9  -8   6   4  -9  -8  -6    3   0   2   1   0   0   1  19   0   0   0   0   1   0   0  47  25   0   0   0  1.56 0.89
  361 E    -6  -9  -2   8 -10  -5  -1  -7   1  -6  -7  -8  -3  -5  -9  -6  -6 -11  -1  -8    1   0   2  82   0   1   4   0   3   1   1   0   1   1   0   0   1   0   3   0  2.66 1.21
  362 C     1   3   0  -1  -2  -2  -2  -1  -1   0  -1   0   0   0  -4   0   0  -1   1   1   10  20   5   3   1   1   1   5   1   6   7   4   2   5   1   9   5   1   5   8  0.17 0.17
  363 T    -2  -3  -1  -2  -1   0  -2  -3   3   1   1  -4   3   3  -6  -1  -1   5   3  -1    4   2   3   2   1   5   2   2   6   6  15   1   8  10   0   4   4   7  11   4  0.40 0.28
  364 F    -7  -9  -6  -9  -6  -6  -8  -9  -6   2  -3  -9  -1   9 -10  -8  -5  -1   3  -2    0   0   1   0   0   0   0   0   0  10   3   0   1  71   0   0   1   1   9   3  2.58 1.09
  365 F    -1  -3   1  -4  -3  -3  -3  -1  -2   2   1  -1   0   1  -5  -1   1   4   1   2    5   1   8   1   0   1   1   6   1  11  12   5   2   6   0   4   8   6   4  17  0.27 0.22
  366 Y     0   1  -1  -4  -2  -3  -2  -3   5   0  -2  -2   0   2  -5  -1  -1   1   5   0    7   8   4   1   1   1   3   2  15   5   3   2   2   9   0   5   4   2  20   6  0.58 0.37
  367 D    -1  -6  -2   1   1  -5  -5   5  -2  -8  -6  -7  -6  -6   6  -1  -5  -4  -6  -6    6   0   2   7   3   1   1  33   1   0   1   0   0   0  37   5   1   0   0   1  1.35 0.75
  368 T     1  -7  -4  -5  -4  -2  -5  -4  -3   5   0  -6   3  -1  -5  -1   2  -7  -3   3   12   0   1   0   0   2   1   1   1  31   8   0   6   3   0   4  11   0   1  18  0.76 0.45
  369 Y    -2  -1   0   2  -5   1   0  -4   5   1   0  -2   1  -1  -5  -2  -1   0   4   0    3   4   5  12   0   6   6   1  15   8   8   2   3   2   0   3   3   1  13   5  0.42 0.31
  370 I    -2   4  -1   0  -4   2   2  -5  -1  -1  -1   3  -2  -3  -6  -2  -1  -4  -1  -1    3  24   3   4   0   8  12   1   1   3   6  18   1   1   0   3   4   0   2   4  0.53 0.37
  371 F     3  -5  -2  -4  -1  -3  -2  -2   0  -3  -2  -3   1   2  -5   2   3   1   0   0   22   0   1   1   1   1   3   3   2   1   5   1   3   8   0  15  20   2   3   7  0.45 0.36
  372 L     4  -5  -6  -7  -4  -2  -5  -4  -7   3   1  -6   0  -4  -6  -1  -1  -7  -6   4   35   1   0   0   0   2   0   1   0  13  13   0   2   1   0   4   3   0   0  22  0.87 0.52
  373 K    -3   4   1   0  -5   2   2  -4   0  -3  -1   4  -3  -4  -5  -1  -3  -7  -4  -4    2  21   5   6   0  10  13   1   3   2   7  22   0   1   0   4   2   0   1   1  0.64 0.43
  374 L     0   0  -2  -2  -4  -1  -1  -4   0   1   4   0   2   0  -5  -1  -2   1   1  -2    7   5   2   3   0   3   4   1   3   7  36   7   5   3   0   5   2   2   4   2  0.37 0.28
  375 L    -5   2  -4  -7  -3   4  -5  -8   8   0   1  -5   3   1  -7  -5  -5  -2   3  -3    1   9   1   0   1  15   0   0  30   5  11   0   7   5   0   1   1   1   9   2  1.25 0.67
  376 C     4  -1  -2  -5  -1  -2  -4  -4  -2  -1   1  -2   0  -2  -3   3  -1  -3  -3   1   28   4   2   0   1   2   1   1   1   3  13   2   2   2   1  22   4   0   1   8  0.46 0.35
  377 K     0   3   1  -1  -4   2   1  -3   0  -4  -2   4  -2  -4  -2  -1  -2  -5  -2  -3    9  13   7   3   0   9   9   2   2   1   4  26   1   1   2   5   2   0   1   2  0.47 0.33
  378 S     0   0   2  -3  -3  -1  -2  -4   4  -1  -2   1  -2   1  -4   0   1  -3   4   0    8   6  10   1   0   3   2   1  10   3   4   7   1   5   1   8   7   0  16   6  0.35 0.26
  379 S     1  -3   2  -2  -3   2  -2   2  -1  -3  -3  -1  -1  -4  -2   3   1  -3  -2  -3   13   1   9   2   1   8   2  14   1   1   3   4   2   1   2  23   8   0   2   2  0.37 0.30
  380 T    -1   0   3   1  -3   0  -1  -1   3  -3  -3   3  -3  -3   1   1   1  -3  -2  -3    5   5  11   6   1   4   4   5   6   1   2  17   1   1   7  12   9   0   1   2  0.29 0.23
  381 K     2  -2   2  -1  -2   1   0   0   1  -2  -3   0  -3  -3  -2   3   0  -5  -2   0   17   2   8   2   1   7   5   7   3   2   2   6   1   1   2  19   6   0   1   7  0.23 0.22
  382 K    -4  -2   0   1  -5  -2  -3  -6  -4  -7  -7   1  -5  -5   7   0  -3  -7  -1  -6    1   3   4   7   0   2   2   1   1   0   1   9   0   1  58   6   2   0   3   1  1.65 0.86
  383 L    -3  -5  -5  -8  -4  -3  -7  -7   0   3  -1  -5   0  -3  -5  -4   4  -8  -6   6    2   1   1   0   0   1   0   0   2  15   6   1   2   1   1   1  22   0   0  43  1.23 0.66
  384 Y    -9  -5  -9  -9 -10  -8 -10  -9  -2  -8  -7  -9  -8   4 -11  -5  -7   2  10  -9    0   1   0   0   0   0   0   0   1   0   0   0   0  15   0   1   0   3  77   0  3.36 1.44
  385 Q    -2  -4  -1  -7  -1  -2  -5  -5  -1  -2   3  -5   3   5  -5  -3  -3  -3   5   1    3   1   3   0   1   2   1   1   2   2  27   0   6  19   1   3   2   0  18   9  0.83 0.48
  386 Y    -8  -8  -6  -7  -3  -9 -10  -9  -5  -8  -5 -10  -4   1 -11  -6  -9  -6  10  -9    0   0   0   0   1   0   0   0   0   0   1   0   1   4   0   1   0   0  90   0  3.79 1.59
  387 R    -4   4   0  -4  -3   2   1  -6   1   0   0   2   0  -1  -6  -2  -3  -3   3   0    1  21   4   1   1   9   9   0   4   5   8  10   2   2   0   4   1   0  11   7  0.46 0.35
  388 F    -8  -9  -4  -7  -9  -7 -10 -10  -4  -4  -1  -9   0   9 -10  -8  -8  -4   3  -6    0   0   1   0   0   0   0   0   1   1   6   0   2  78   0   0   0   0   9   1  2.93 1.23
  389 S     1  -3   2   4  -2  -1  -1  -1  -3  -6  -7  -2  -7  -6  -6   4   2  -8  -6  -4   10   2   8  18   1   3   4   4   1   0   0   2   0   0   0  33  12   0   0   1  0.80 0.55
  390 S    -3  -8  -5  -8  -1  -5  -8  -4   4  -4  -3  -7  -3   5  -7  -4  -7  -5   8  -3    3   0   1   0   2   1   0   2   9   1   3   0   1  21   0   2   0   0  52   3  2.18 1.02
  391 V    -3   3   0   4  -3   0   1  -5   0  -1  -3   1  -2  -2  -2  -1  -1  -4  -3   0    2  15   4  26   1   5   9   1   2   3   3   9   1   2   2   5   3   0   1   7  0.47 0.34
  392 S    -1  -6  -3  -4  -5  -5  -4   6  -2  -7  -6  -3  -5  -5  -1   3   1  -8  -2  -6    5   0   1   1   0   0   1  54   1   0   1   2   0   1   3  19   7   0   1   1  1.32 0.72
  393 D     0   2   1   1  -5   1   3   0  -1  -4  -4   1  -3  -2   0   1   0  -1  -2  -3    7   9   6   9   0   5  16   7   2   1   2  10   1   2   6  10   6   1   1   2  0.25 0.22
  394 L    -2   1   0  -3  -4  -1  -2  -3   2  -1   3  -1   1   3  -4  -2  -2   0   4  -1    3   9   5   2   0   2   3   2   5   4  24   3   3  12   1   3   3   1  12   3  0.37 0.26
  395 N    -2  -3   6  -3  -7  -4  -5   1  -4  -5  -5  -3  -6  -5  -2   5   0  -4  -3  -6    3   1  33   1   0   1   0  10   0   1   1   2   0   1   2  36   6   0   1   1  1.21 0.70
  396 I    -2  -2  -2  -4  -3  -2  -3  -3   2   1   2  -2   2   4  -2  -2  -1   2   2   1    3   2   2   1   0   2   2   3   5   9  18   3   5  17   2   4   4   2   8   9  0.36 0.23
  397 Y     0  -2  -2  -4  -3  -2  -4  -2   1   0   0  -2   3   3  -2   1   0   1   4   0    8   2   2   1   0   2   1   4   3   5   8   2   6  12   2  13   6   2  13   8  0.30 0.24
  398 G    -2   2   0   1  -5   0   0  -1   0  -4  -3   5  -3  -2  -1   0  -1  -5  -2  -3    3  10   5   7   0   4   7   6   2   1   2  32   1   2   3   7   4   0   2   2  0.50 0.34
  399 H    -1   1   0  -1  -3   1  -1  -2   2   1   0   2   0   1  -2  -1  -1   0   1   0    4   8   6   4   0   5   4   2   5  10  11  13   2   6   2   4   4   1   5   5  0.07 0.09
  400 L    -2  -1  -1  -3  -4  -2  -3  -3   0   1   2  -1   2   4  -2  -1  -1   0   2   0    3   4   3   2   0   2   1   2   2   9  21   3   6  17   2   4   3   1   8   6  0.36 0.23
  401 G     0  -1   0  -1   0  -2  -3   3  -1  -1   0  -1   1   1  -1   1   1  -1   1  -2    6   4   5   3   2   1   1  20   1   3  10   3   4   7   3   9   7   1   5   3  0.14 0.14
  402 S    -1  -1   2   1   2   0  -1   2  -1  -1  -2   1  -1  -1  -1   0  -1  -3  -1   0    3   4  11   8   4   4   4  19   2   3   5   8   2   2   3   6   4   0   2   6  0.15 0.14
  403 P    -1  -1   1   1  -1  -1  -1   0  -2  -1  -1   1   0  -1   2   1   1  -2  -1  -1    4   3   7   8   1   2   4   9   1   3   6   7   2   2  12  11  10   1   2   4  0.12 0.12
  404 Y    -1   1   1   0  -2   0   0  -2   0   0  -1   0  -1  -1   1   0   2  -3   0  -1    4   7   6   5   0   3   7   3   3   8   6   6   1   3   7   7  13   0   4   5  0.08 0.10
  405 G    -2  -1   2   2  -4   0   1   2   2  -2  -3   2  -3  -2  -1   0   1  -3  -2  -3    3   4  11  13   0   4   9  13   4   3   2  12   0   2   4   6   7   0   1   2  0.26 0.22
  406 L    -1  -1   1   1  -2  -1  -1  -3  -2   2   1  -1   0   2   0  -1  -1   2   1   1    4   3   7   8   1   2   4   1   1  11  13   3   3   8   4   5   3   3   5  12  0.12 0.12
  407 I    -2   1   0  -2  -3  -2   0  -2  -1  -2  -1   2  -2   1   3  -1   0   3   4  -2    2   7   4   3   0   2   5   3   2   3   7  12   1   5  13   4   7   4  14   3  0.29 0.24
  408 G    -3  -2  -5  -4  -8  -7  -6   7  -4  -9  -8  -4  -5  -8  -8  -5  -7  -2  -6  -5    3   2   1   1   0   0   1  86   0   0   0   2   0   0   0   1   0   1   0   1  2.44 1.10
  409 A     5  -8  -6  -8  -2  -7  -7  -7  -8  -2  -5  -7  -4  -7  -1  -2   1  -8  -7   6   37   0   0   0   1   0   0   0   0   2   1   0   0   0   4   3   8   0   0  43  1.49 0.80
  410 S     3  -6  -2  -2   7  -4  -5   1  -5  -3  -5  -6  -2  -4  -2   3   0  -3  -4   0   21   0   2   2  18   1   0  11   0   2   1   0   1   1   3  22   6   0   1   7  0.83 0.53
  411 H   -10  -8  -4  -9 -11  -5  -7 -10  12  -8  -9  -9  -7  -9  -8  -8  -8 -10  -4  -9    0   0   1   0   0   1   0   0  96   0   0   0   0   0   0   0   0   0   0   0  4.65 1.81
  412 L     4  -4  -5  -5   3  -4  -4   4   1  -4  -4  -6   0  -1  -6   1   0  -7  -2  -2   28   1   0   0   5   1   1  33   3   1   2   0   2   3   0   8   6   0   1   3  0.84 0.52
  413 D    -4  -9  -5   8 -10  -5   2  -5  -8  -8 -10  -8 -10 -10  -9  -4  -6 -11  -8  -8    2   0   0  81   0   0  12   1   0   0   0   0   0   0   0   1   0   0   0   0  2.77 1.26
  414 D    -7  -8  -6   7 -10  -2   6  -7  -5  -5  -9  -7  -5 -10  -7  -6  -6 -10  -8  -7    0   0   0  50   0   2  44   0   0   1   0   0   0   0   0   0   1   0   0   0  2.34 1.14
  415 L    -4  -6  -4  -9  -3  -4  -7  -5  -4   2   6  -7   2  -3  -6  -5  -1  -4  -5   1    2   0   1   0   1   1   0   1   0  12  61   0   4   1   0   1   5   0   0   8  1.33 0.68
  416 M     0  -2  -1  -3   1   1  -3   1  -2   1   1  -2   1   3   1   1  -1  -2   0  -2    6   2   2   1   3   7   1  13   1   9  12   2   4  12   8  10   3   1   3   2  0.19 0.20
  417 Y    -7  -8  -7  -7  -5  -5  -9  -8   0  -4  -1  -8  -2   2 -10  -5  -7  -6  10  -6    1   0   0   0   0   1   0   0   2   1   7   0   1   7   0   1   0   0  76   0  2.94 1.31
  418 L    -7  -7  -8  -9  -7  -2  -6  -9  -7   4   6  -7   2   0  -8  -8  -4  -8  -4   1    0   0   0   0   0   2   1   0   0  18  61   0   5   4   0   0   1   0   1   7  1.59 0.77
  419 F    -8  -8 -10 -10  -6  -7 -10  -9  -4  -2  -1 -10  -1   9 -10  -8  -9   4   0  -5    0   0   0   0   0   0   0   0   1   2   7   0   1  79   0   0   0   5   2   1  3.02 1.26
  420 D    -3   1   3   1  -5  -1  -1  -1   2  -5  -5   2  -4  -3   2   0  -2  -3   4  -3    1   8  15   8   0   2   3   6   5   0   1  13   0   1  11   8   2   0  12   2  0.49 0.37
  421 A     0  -2   1  -2   0  -1  -3   0  -1   0  -1  -2   4  -1   0   2   1  -2  -1   0    8   2   8   1   2   3   1   7   2   5   7   1  11   3   5  15   9   1   2   7  0.19 0.20
  422 K    -1   0   1   0  -4  -1   0  -1   0   0  -1   2  -2  -2   3   1   0  -4  -2  -2    4   5   8   6   0   3   5   6   2   5   5  11   1   2  15  11   6   0   2   2  0.20 0.19
  423 H    -1   0   0   0   2   0   0  -1   2   0  -1   0   2   1   0  -1   0   4   1  -1    5   5   5   5   5   5   5   5   5   5   5   5   5   5   5   5   5   5   5   5  0.09 0.08
  424 A     0  -2  -1  -3  -2  -1  -2  -2  -1   1   1  -1   1   2   4   0  -1   1  -1   0    8   2   3   2   1   2   3   4   2   6  13   3   3   7  18   8   4   2   2   6  0.21 0.19
  425 N    -3  -1   3   3  -8  -2   0  -2  -1  -3  -3   3  -3   0   3  -1   0  -2  -1  -4    2   4  14  13   0   2   7   4   2   2   3  15   1   4  12   5   6   1   2   2  0.42 0.34
  426 I    -2  -1  -2  -3  -2  -1  -2  -3  -2   3   2  -1   0   2   2  -1   0   0   0   1    4   4   2   2   1   3   3   2   1  14  19   4   2   8   9   4   5   1   3   8  0.24 0.17
  427 K    -3  -2   2   2  -3   1   2  -4  -1  -2  -3   2  -2  -3   4   0   0  -2  -3  -2    3   3   8  10   1   5  11   2   1   3   3  12   1   2  17   8   6   1   1   3  0.37 0.32
  428 L    -2  -1  -2  -1  -2  -1   0  -4   0   0   1   1   2   1   3  -2   0  -1   1  -1    4   3   2   3   1   3   6   1   2   6  13  10   4   5  15   3   5   1   5   4  0.22 0.19
  429 G    -3  -2   3   3  -3  -3  -1   1  -1  -5  -5  -2  -1  -4   0   2   4  -1  -2  -5    2   2  13  13   1   1   4  12   2   1   1   2   1   1   5  14  20   1   1   1  0.57 0.44
  430 L    -1  -2  -3   2  -3   0   2  -3  -1  -5  -3  -1  -3  -3   2   4   1  -1  -1  -4    6   2   2  10   1   4  13   3   2   1   3   4   1   1   8  27   8   1   2   1  0.48 0.42
  431 K    -1   0   0   1  -8   1   3  -3   0  -1  -2   2  -1  -2   2  -1   0  -8  -3  -2    6   6   5   8   0   6  19   3   2   3   4  10   2   2  11   5   6   0   1   3  0.30 0.27
  432 E    -2  -6  -2   6  -3  -4   5  -5   0  -7  -6  -6  -5  -6  -5  -2  -5  -4  -2  -5    4   1   2  41   1   1  35   2   2   1   1   1   0   1   1   4   1   0   1   1  1.57 0.90
  433 R    -1   2   0   0  -2   0   1  -4   0   1   0   1   1   1  -7  -2  -3   1   4  -1    5   9   4   6   1   5   9   2   2   7  11   8   3   5   0   3   2   2  14   4  0.27 0.21
  434 K    -1   2  -1  -1  -4   1   1  -4   0   1   0   4  -2  -4  -4  -3   0  -3  -4  -2    5  10   3   3   0   7  10   1   2   7  10  24   1   1   1   2   6   0   1   4  0.41 0.31
  435 L    -2  -9  -4  -9  -1  -4  -6  -5  -4   2   0  -4   7   2  -9  -4   3  -9  -3   3    4   0   1   0   1   1   1   1   0   9   9   1  26   7   0   1  15   0   1  20  1.20 0.66
  436 V    -3   3  -5  -8  -3   0  -6  -5  -1   4  -2  -1   3  -8  -6   3  -1  -3  -8   2    2  15   1   0   1   4   1   1   1  20   5   4   7   0   1  22   4   1   0  11  0.80 0.51
  437 Q    -3   2   2   3  -4   3   3  -5   0  -5  -4   4  -4  -5  -5  -2  -2  -3  -4  -4    2  11   9  13   0  10  16   1   2   1   2  20   1   1   1   4   3   0   1   2  0.69 0.48
  438 Q    -2   5   0  -2  -2   1  -3  -6  -1   1   0   2   1  -2  -8  -3   0  -2  -1  -1    3  30   5   3   1   6   2   1   1   6   8  12   3   2   0   2   6   1   2   4  0.63 0.39
  439 A    -6  -9  -6  -9  -1  -5  -9  -9  -4   2   3  -9   9   4  -9  -6  -3  -1  -1   0    1   0   1   0   1   1   0   0   1   9  25   0  38  12   0   1   2   1   2   5  1.81 0.87
  440 C    -4  -4  -5  -9   2  -4  -7  -7  -4   3   0  -6   2  -8  -9  -3   4  -9  -8   5    2   2   1   0   4   1   1   1   1  15   9   1   4   0   0   3  25   0   0  33  1.22 0.65
  441 T    -2   3   1   2  -5   0   1  -1  -2  -7  -6   5  -3  -9  -6  -1   2  -3  -5  -8    4  13   6  11   0   4  10   5   1   0   1  26   1   0   1   5  11   0   1   0  0.74 0.48
  442 L    -4  -6  -6  -7  -4  -9  -9  -7  -3   3   5  -9   7   1  -9  -5  -4  -2   0  -2    2   1   1   1   1   0   0   1   1  12  42   0  25   5   0   1   1   1   4   3  1.58 0.77
  443 F    -7  -9  -9  -9  -2  -9  -9  -9  -9  -1   0  -9  -3   2  -9  -9  -6  12   1  -3    1   0   0   0   1   0   0   0   0   4   9   0   1   7   0   0   1  68   4   2  3.57 1.52
  444 T     1  -6  -5  -6  -1  -7  -3  -4  -4  -2  -4  -4  -2  -5  -7   0   7  -8   1   2   11   1   1   1   1   0   2   2   0   2   2   1   1   1   0   7  51   0   5  12  1.28 0.75
  445 N    -3  -3   8   1  -4  -2  -3  -5   0  -8  -7  -3  -7  -8  -7   3   0  -8  -4  -6    2   2  55   8   0   2   2   1   2   0   1   1   0   0   0  17   5   0   1   1  1.68 0.86
  446 F    -8  -8  -8  -9  -8  -9  -9  -9  -8  -5  -5  -9  -2  10  -9  -8  -6  -6   0  -4    0   0   0   0   0   0   0   0   0   1   1   0   1  90   0   0   1   0   3   1  3.49 1.37
  447 A     7  -7  -7  -7  -3  -7  -7  -5  -3   1  -6  -7   1  -7  -7  -3  -4  -8  -4   0   74   0   0   0   1   0   0   1   1   7   1   0   3   0   0   2   1   0   1   7  1.89 0.93
  448 K    -1   2  -2  -3  -7  -1  -2  -5  -1   0  -4   6  -4  -4  -6  -1   1  -4  -1  -5    6   9   2   1   0   3   3   1   1   6   2  49   1   1   0   4   8   0   2   1  1.06 0.59
  449 N    -5  -3   2  -1  -1  -2  -3  -3   3  -3  -5  -2  -4   2  -6  -1   5  -3   5  -4    1   1   9   4   1   2   2   3   6   1   1   3   0   8   0   4  33   0  19   1  0.95 0.58
  450 G    -4  -2  -4  -3  -7  -2  -5   7  -3  -8  -4  -4  -4  -6  -6   0  -5  -4  -7  -7    2   3   1   2   0   2   1  75   1   0   2   1   1   0   1   8   1   0   0   0  1.93 0.91
  451 I    -4  -3   7   3  -4  -2  -1  -6   0   0  -5   2  -3  -5  -7  -2  -1  -8  -3   0    1   2  42  13   1   2   5   0   2   6   1  10   1   1   0   2   4   0   1   6  1.05 0.61
  452 M    -5  -8  -6  -6  -9  -8  -6  -8  -8  -6  -4  -5  -1  -5   9  -6  -6  -9  -5  -3    1   0   1   0   0   0   1   0   0   1   2   1   1   1  87   0   0   0   1   2  2.99 1.37
  453 T    -3  -1   4  -3  -3  -2  -4  -5  -3  -3  -4  -1  -5  -4  -2   0   6  -6  -3  -1    3   3  16   2   1   2   1   1   1   2   2   4   0   1   2   8  47   0   1   5  1.04 0.61
  454 T    -2  -5  -2  -2   2  -4  -2  -3  -2  -1  -2  -2  -2   0   7   0  -1  -2  -2  -2    4   1   2   3   4   1   3   3   1   4   4   3   1   5  44   7   5   1   1   3  0.93 0.55
  455 S    -1  -1   2   3  -4   0   3   0  -1  -3  -4   2  -3  -2   0   1   0  -2  -2  -2    5   3   9  14   0   5  16   6   2   2   2  10   0   2   4   9   6   1   1   3  0.29 0.24
  456 S    -1  -1   1   1  -1  -1   0   2  -1  -1  -1   0  -2  -1   0   1   0   0  -1  -2    3   2   7   9   2   2   7  17   1   4   7   7   1   3   5  10   7   2   2   3  0.11 0.13
  457 S    -2  -2   1   3  -2   1   0   0  -2  -1  -1   0  -2  -1  -2   3   1  -2  -1  -1    3   2   7  15   1   5   5   7   1   4   6   5   1   3   2  19   8   0   2   4  0.21 0.21
  458 E    -2  -3   4   3  -4  -1   3   2   0  -4  -3  -1  -5  -3   2   0  -2  -2  -3  -3    2   1  16  15   0   2  16  14   2   1   3   5   0   1  10   6   3   1   1   2  0.49 0.36
  459 V    -2  -4  -3  -3   0  -2  -3  -4  -2   3   1  -3  -1   1   0  -2   1  -5  -3   4    4   1   2   2   2   2   2   2   1  15  13   1   2   7   6   2   7   0   1  30  0.51 0.32
  460 Q    -2  -1   0   0  -5   1   2  -4   0   1  -3   3  -2  -3  -1  -1   2   1  -2  -1    3   4   5   5   0   7  14   1   2   8   2  16   1   1   4   5  14   2   1   4  0.30 0.27
  461 W    -6 -10 -10  -7  -3  -4  -5 -10 -10  -5  -4  -6  -9  -3  -7  -7  -5  13  -3  -4    1   0   0   0   1   1   1   0   0   1   2   1   0   1   0   1   1  85   1   2  4.49 1.82
  462 P    -3  -1  -1  -1  -8   1   2  -6  -3  -4  -2   2  -1  -5   6  -2   1  -3  -4  -4    2   3   4   4   0   6  12   0   1   1   5  11   1   1  35   3   8   1   1   2  0.81 0.56
  463 E     0  -1  -1  -1  -4   0   0  -7  -1  -4  -5   1  -4  -4   6  -1   0  -9  -6  -1    8   4   3   4   0   4   6   0   1   1   2   7   0   1  43   5   6   0   0   4  1.00 0.65
  464 Y    -2  -4  -2  -3  -2  -4  -5  -5  -3   2   0  -4   2   2  -5   0   1   2   4   4    3   1   3   2   1   0   1   1   1   9   9   1   4   8   0   9   8   2  13  26  0.56 0.38
  465 G    -1  -2   3   2  -2  -1  -1   0  -3  -5  -5   2  -4  -5  -1   2   3  -7  -4  -4    5   2  13  10   1   2   4   8   1   0   1  11   0   0   3  16  19   0   1   1  0.49 0.40
  466 Q    -1  -1   2   2  -4   1   2  -4   0  -4  -4   3  -6  -3   2   1   0  -7  -4  -4    5   4   8  12   0   5  15   1   2   1   1  14   0   1  10  12   7   0   0   1  0.43 0.36
  467 G    -2  -1   4   3  -5  -1   1   1   0  -5  -4   1  -3  -4  -1   1   1  -4  -2  -4    4   3  16  17   0   3   9  10   2   0   1   8   1   1   4   9   8   0   1   1  0.42 0.34
  468 E    -3   1   1   1  -3   1   2  -1  -2   0   1   1   0  -1   0  -1  -1  -5  -3  -1    0   6   8   9   1   7  11   5   1   4  15   9   2   3   4   5   4   0   1   3  0.14 0.17
  469 Y    -2   1   3   0  -1   1   1  -4   2  -3  -3   2   0   0   2   0   0  -3   2  -4    3   6  15   5   1   6   8   1   6   1   2  10   3   5   9   6   6   0   6   1  0.28 0.26
  470 Y    -4  -7  -8  -9   4  -2  -6  -8   2  -3  -4  -5  -2   4  -5  -5  -4  -1   9  -3    2   0   0   0   7   2   1   0   4   1   2   1   1  13   1   1   1   1  59   2  2.22 1.07
  471 G    -4  -8  -4  -7  -4  -5  -6  -4  -2  -2   6  -5   5  -1  -6  -5  -5  -4   0  -1    1   0   1   0   0   1   0   2   1   2  68   1  11   2   1   1   1   0   3   4  1.55 0.80
  472 D    -4   1   4   3  -4   0   2  -5   3   0  -3   1  -2  -4  -3  -1  -4  -3   0  -1    1   8  18  18   0   4  13   0   7   5   3   7   1   0   1   4   1   1   3   4  0.53 0.39
  473 I    -5  -5  -4  -6  -8  -9  -6 -10  -4   8   1  -6   1   0  -9  -5  -5  -9  -7  -1    1   1   1   1   0   0   1   0   1  70  13   0   3   3   0   1   1   0   0   3  2.08 0.96
  474 G    -1  -5   4   3  -3  -4  -2   4  -2  -8  -6  -1  -4  -8  -3   1   0  -3  -5  -6    5   0  19  17   1   1   3  30   1   0   1   3   0   0   2  11   5   0   0   1  0.88 0.56
  475 D    -2   0   3   3  -5   0   2  -2   1  -3  -2   1  -4  -4  -1   1   0  -4  -4  -2    4   4  15  17   0   4  13   3   3   1   4   9   0   1   3   9   6   0   0   3  0.38 0.31
  476 E    -3  -2   3   3  -5   1   3  -2  -1  -4  -5   2  -4  -4  -2   0   1  -7  -3  -2    2   2  13  16   0   6  20   4   2   1   1  11   0   1   2   7   9   0   1   3  0.51 0.39
  477 L    -4  -3  -5  -6  -2  -5  -6  -4  -5   2   4  -6   2   2   2  -2  -1  -1  -1   1    1   1   0   0   1   1   0   1   0  10  41   0   4   8  11   4   4   1   2   8  0.75 0.46
  478 T    -1   0   0  -2  -4   1   2  -3   0  -1  -4   3  -2  -4  -4   2   3  -6  -3   0    4   5   4   2   0   7  12   2   3   3   1  15   1   1   1  13  19   0   1   7  0.40 0.35
  479 I    -3  -3  -3  -7   1  -5  -4  -6  -4   3   1  -4   8   0  -2  -3  -1  -7  -3   3    2   1   1   0   2   0   1   0   0  12  11   1  34   4   3   2   4   0   1  18  1.18 0.64
  480 G    -1   0  -1   0  -3   0   2   2  -1   2  -3   3  -1  -3  -5   0  -1  -4  -4   0    4   6   3   5   0   5  11  13   2  11   2  18   2   1   0   7   4   0   0   7  0.26 0.24
  481 Q    -2   0   1   1  -4   2   2  -2   0  -3  -3   2  -2  -4   0   2   2  -6  -3  -1    2   5   7   7   0   8  13   2   3   2   3  10   1   0   5  14  11   0   1   5  0.26 0.27
  482 H    -2   0   5   3  -4  -2   1   1   1  -2  -1   0   0  -2  -3   0  -2  -3  -1  -2    3   4  23  13   0   1   9  10   3   2   6   4   2   2   1   6   2   0   3   3  0.36 0.30
  483 L    -3  -4  -4  -2  -5  -3  -4  -6  -6  -2   3  -4   0   2   6  -3  -4   0   0  -1    2   1   1   2   0   1   1   1   0   2  24   1   2   9  39   2   1   2   3   4  1.05 0.66
  484 D    -3   0   2   3  -2  -2   2  -3   1  -2   0   0  -2   4  -4  -2  -2   0   2  -4    2   5  11  14   1   2  11   2   3   3  10   6   1  17   1   2   2   1   6   0  0.41 0.32
  485 A     0   0   0  -1  -4   2   2  -1   0  -2  -1   2   0   0   1   0   0   0  -1  -2    7   5   5   3   0   8  12   4   2   2   7  13   2   4   8   7   5   1   2   2  0.13 0.16
  486 D    -2  -1   0   4  -8   0   5   0   1  -6  -6   2  -5  -8  -2  -1  -4  -8  -4  -6    3   3   5  21   0   3  33   7   3   0   1  10   0   0   3   5   1   0   1   1  0.86 0.57
  487 V    -2   7   0  -2  -6   0   0  -5  -2  -2  -5   1   1  -3  -5  -2  -2  -7  -3  -2    4  51   4   3   0   3   6   1   1   2   1   7   4   1   1   4   3   0   1   3  1.16 0.67
  488 I    -1  -1  -4  -5  -1  -3  -4  -6  -3   3   2  -2   6   1  -6  -4  -1  -2   3   2    5   4   1   1   1   1   1   1   1  13  15   3  21   6   0   1   3   1   9  12  0.73 0.44
  489 S     1   1   2   3  -4   3   2  -4  -1  -4  -3   3  -3  -4  -3   0  -1  -7  -3  -4   11   6   8  13   0  11  11   1   1   1   3  18   1   1   1   7   4   0   1   1  0.44 0.36
  490 F    -5  -6  -6  -8  -4  -6  -6  -8  -8  -1   0  -5  -1   9  -7  -9  -6  -2  -2  -1    1   1   0   0   0   0   1   0   0   4  10   1   2  72   0   0   1   1   1   4  2.42 1.11
  491 W    -9  -8 -12 -12 -11 -10 -11 -11  -6  -7  -5 -11 -10  -2 -12 -11 -11  13  -1  -8    0   0   0   0   0   0   0   0   0   0   2   0   0   2   0   0   0  93   2   0  5.23 2.11
  492 R    -4   2   3   5  -5   0   3  -6   0  -5  -5   2  -4  -6  -7  -1  -2  -6  -3  -6    1  12  14  27   0   4  16   0   2   1   2  12   1   0   0   5   2   0   1   1  0.87 0.56
  493 S    -3   0   2   2  -7   0   2  -1   0  -6  -6   2  -4  -5  -5   4   0  -5  -3  -5    2   5   9  12   0   4  14   4   2   0   1  10   0   0   0  29   4   0   1   1  0.63 0.49
  494 I    -5  -7  -9  -9  -3  -7  -8  -9  -8   5   5  -7   2   2  -8  -8  -4  -4  -3   0    1   0   0   0   1   0   0   0   0  27  52   0   4   7   0   0   1   0   1   5  1.53 0.77
  495 Y    -5  -4  -5  -5  -2  -2  -5  -7   1  -3  -1  -4  -2   6  -2  -7  -6  -1   8  -5    1   1   1   1   1   2   1   0   2   1   6   1   1  25   3   0   0   1  52   0  1.99 0.96
  496 E    -1   0   2   2   1   1   4  -3  -2  -5  -5   3  -5  -2  -4   0  -1  -6  -3  -4    4   4  10   9   3   6  25   2   1   1   1  20   0   2   0   7   3   0   1   1  0.57 0.42
  497 D    -4   2   3   2  -6   0   3  -4  -2  -5  -2   4  -3  -5  -3  -1   0  -6  -3  -6    1  10  11  11   0   4  19   1   0   1   4  26   0   0   1   4   6   0   1   0  0.65 0.46
  498 A     1  -5  -1  -5  -1  -1  -1  -4   2  -3  -2  -5  -4   2  -6   0  -3   1   7  -2   13   0   3   0   2   3   4   1   5   1   3   0   0   8   0   8   2   2  43   3  1.07 0.62
  499 G     0  -4   4  -2  -3  -3  -2   6  -2  -5  -6   0  -6  -5  -4  -1  -4  -6  -2  -6    9   0  20   2   0   1   2  50   1   0   1   6   0   1   1   4   0   0   1   0  1.11 0.56
  500 I    -1  -1   2   0  -3   0  -1  -3  -1   2   1  -1   0  -2  -3  -2   0  -2   1   2    4   3  11   6   0   5   3   1   1  15  18   3   1   1   1   2   5   0   5  14  0.15 0.17
  501 D    -1   1   3   3  -6  -1   2  -3   0  -4  -3   0  -5  -4   4  -1  -2  -6  -5  -5    4   9  15  18   0   1  12   1   2   1   3   6   0   1  23   3   1   0   0   0  0.64 0.38
  502 L    -4  -5  -3  -4  -5  -2  -5  -3  -5   1   3  -4  -1   2   6  -4  -4  -5  -2  -1    0   0   1   1   0   2   0   2   0   6  34   1   1   8  39   1   0   0   1   4  1.06 0.51
  503 F    -6  -6  -7  -7  -6  -6  -7  -7  -4  -4  -4  -7  -4   8  -7  -6  -6  -2   7  -5    0   0   0   0   0   0   0   0   0   0   0   0   0  64   0   0   0   0  36   0  2.56 0.81

                      K         Lambda
Standard Ungapped    0.1403     0.3200
Standard Gapped      0.0560     0.2670
PSI Ungapped         0.1830     0.3177
PSI Gapped           0.0560     0.2670
