
Last position-specific scoring matrix computed, weighted observed percentages rounded down, information per position, and relative weight of gapless real matches to pseudocounts
            A   R   N   D   C   Q   E   G   H   I   L   K   M   F   P   S   T   W   Y   V   A   R   N   D   C   Q   E   G   H   I   L   K   M   F   P   S   T   W   Y   V
    1 M    -1  -2  -2  -3  -2   0  -2  -3  -2   1   2  -1   6   0  -3  -2  -1  -2  -1   1    0   0   0   0   0   0   0   0   0   0   0   0 100   0   0   0   0   0   0   0  0.34 0.00
    2 E    -1   0   0   2  -4   2   5  -2   0  -4  -3   1  -2  -4  -1   0  -1  -3  -2  -3    0   0   0   0   0   0 100   0   0   0   0   0   0   0   0   0   0   0   0   0  0.73 0.00
    3 R    -2   5  -1  -2  -3   0  -1  -3  -1  -3  -2   1  -2  -1  -3  -1  -2   8   0  -3    0  71   0   0   0   0   0   0   0   0   0   0   0   0   0   0   0  29   0   0  0.80 0.00
    4 G     0  -3   0  -1  -3  -2  -2   6  -2  -4  -4  -2  -3  -3  -2   0  -2  -3  -3  -3    0   0   0   0   0   0   0 100   0   0   0   0   0   0   0   0   0   0   0   0  1.04 0.00
    5 P    -1  -2  -3  -2  -3  -2  -2  -3  -3  -1   1  -1  -1  -2   7  -1  -1  -3  -3  -1    0   0   0   0   0   0   0   0   0   0  24   0   0   0  76   0   0   0   0   0  1.33 0.00
    6 V     0  -2  -1  -2  -1  -2  -2   2  -3   1   0  -2   0  -2  -2   0   2  -3  -2   3    0   0   0   0   0   0   0  24   0   0   0   0   0   0   0   0  24   0   0  52  0.19 0.01
    7 V     0  -3  -3  -3  -1  -2  -3  -3  -3   3   1  -2   1  -1  -3  -2   0  -3  -1   4    0   0   0   0   0   0   0   0   0   0   0   0   0   0   0   0   0   0   0 100  0.34 0.00
    8 G     0  -3  -1  -1  -3  -2  -2   6  -2  -4  -4  -2  -3  -3  -2   0  -2  -3  -3  -3    0   0   0   0   0   0   0 100   0   0   0   0   0   0   0   0   0   0   0   0  1.06 0.01
    9 A     3  -2   0   4  -1  -1   0   0  -2  -2  -2  -1  -2  -3  -1   1   0  -3  -2  -1   60   0   0  40   0   0   0   0   0   0   0   0   0   0   0   0   0   0   0   0  0.36 0.01
   10 G     0  -3  -1  -2  -3  -2  -2   6  -2  -4  -4  -2  -3  -4  -2   0  -2  -3  -3  -4    0   0   0   0   0   0   0 100   0   0   0   0   0   0   0   0   0   0   0   0  1.10 0.02
   11 L    -1  -2  -1  -2  -1  -1  -1  -2  -2   0   1  -1   0  -2   3   1   4  -3  -2   0    0   0   0   0   0   0   0   0   0   0  21   0   0   0  14   0  65   0   0   0  0.35 0.02
   12 G     0   0  -1  -1  -3  -1  -1   4  -2  -4  -3   2  -3  -4   4  -1  -1  -3  -3  -3    0   0   0   0   0   0   0  46   0   0   0  26   0   0  28   0   0   0   0   0  0.66 0.01
   13 A     2  -2  -2  -2  -2  -1  -1  -1  -2  -2  -1  -1  -1  -3   6   0  -1  -3  -3  -1   35   0   0   0   0   0   0   0   0   0  11   0   0   0  54   0   0   0   0   0  0.90 0.02
   14 G     0  -2  -1  -2  -2  -2  -2   4  -2   0  -1  -2  -1  -2  -2   0   2  -3  -2   1    0   0   0   0   0   0   0  46   0   0   0   0   0   0   0   0  26   0   0  28  0.33 0.01
   15 A     3  -1  -1  -2  -1  -1  -1  -1   5  -2  -2  -1  -1  -2  -1   1   1  -3   0  -1   62   0   0   0   0   0   0   0  28   0   0   0   0   0   0   0  11   0   0   0  0.31 0.02
   16 R    -1   4   0   3  -4   1   1  -2  -1  -3  -3   3  -2  -3  -2  -1  -1  -3  -2  -3    0  47   0  26   0   0   0   0   0   0   0  27   0   0   0   0   0   0   0   0  0.50 0.01
   17 I    -1   1  -3  -3  -2  -2  -2  -4  -3   4   1  -1   0  -1   3  -2  -1  -3  -2   2    0  15   0   0   0   0   0   0   0  57   6   0   0   0  17   0   0   0   0   5  0.31 0.04
   18 Q     1   3   0  -1  -2   1   0  -1  -1  -2  -2   2  -1  -3  -1   1   2  -3  -2  -1   17  25   0   0   0   5   0   0   0   0   0  16   0   0   0  15  22   0   0   0  0.28 0.02
   19 A     3  -2  -1  -2  -1  -1  -1  -1  -2  -2  -2  -1  -1   1  -1   3   0  -2  -1   0   38   0   0   0   0   0   0   0   0   0   0   0   0  12   0  46   0   0   0   5  0.30 0.06
   20 L    -1  -3  -4  -4  -1  -3  -3  -4  -4   3   3  -3   1   0  -3  -3  -1  -3  -2   3    0   0   0   0   0   0   0   0   0  22  37   0   0   0   0   0   0   0   0  41  0.41 0.06
   21 L     1   0  -3  -3  -2  -2  -3  -3  -3   1   3  -2   1   2  -3  -1  -1  -2  -1   0   20   8   0   0   0   0   0   0   0  11  51   0   0  10   0   0   0   0   0   0  0.22 0.05
   22 G    -1  -1   2   1  -3  -1  -1   4  -2   0  -2   0  -2  -3  -2   1  -1  -3  -3  -1    0   0  11   9   0   0   0  42   0  16   0  11   0   0   0  10   0   0   0   0  0.31 0.04
   23 C    -2  -3  -3  -4   5  -3  -3  -4  -2   1   0  -3   0   4  -4  -2  -1   0   3   2    0   0   0   0  23   0   0   0   0  11   0   0   0  30   0   0   0   0  16  20  0.45 0.06
   24 L    -2  -3  -4  -4  -3  -3  -4  -4  -3   1   3  -3   0   5   1  -3  -2  -1   0   0    0   0   0   0   0   0   0   0   0   8  43   0   0  35   9   0   0   0   0   5  0.56 0.15
   25 L     0  -3  -3  -4  -2  -3  -3  -3  -3   2   2  -3   2   2  -3  -2   0   3  -1   2    9   0   0   0   0   0   0   0   0   8  30   0   4  12   0   0   8   4   0  25  0.29 0.09
   26 K    -1   2  -1  -2  -2  -1  -2  -1  -2  -1   0   1   4  -1  -3   1   3  -3  -2  -1    2  15   0   0   0   1   0   4   0   0   5   7  25   3   0  10  27   0   0   2  0.26 0.14
   27 V    -1  -3  -4  -4   0  -3  -3  -2  -1   3   2  -3   3   1  -3  -2  -1  -3  -1   3    4   0   0   0   2   0   0   3   2  16  15   0  15   8   0   0   0   0   0  35  0.35 0.14
   28 L    -2  -4  -4  -4  -2  -3  -4  -5  -4   4   3  -3   2   1  -4  -3  -2  -3  -2   3    0   0   0   0   0   0   0   0   0  31  34   0   3   5   0   0   0   0   0  27  0.55 0.16
   29 L    -2  -3  -4  -4  -2   2  -3  -4  -3   2   4  -3   4  -1  -4  -3  -2  -3  -2   2    0   0   0   0   0  13   0   0   0   7  54   0  12   0   0   0   0   0   0  13  0.52 0.20
   30 W    -2   2  -2  -2  -4  -1  -2   2   5  -3  -3   0  -2   2  -3  -2  -1   6   2  -3    0  13   0   2   0   0   0  18  23   0   0   7   0  10   0   0   5  15   6   0  0.55 0.19
   31 V     0  -3  -3  -3   1  -2  -3   0  -3   2   2  -2   1  -1  -1   0   0  -3  -2   2    7   0   0   0   4   0   0   8   0  17  25   0   4   2   3   7   4   0   0  17  0.17 0.09
   32 A     0  -4  -3  -4   8  -3  -4  -2  -4   0   2  -3  -1   0  -3  -1  -2  -3  -3  -1   10   0   0   0  43   0   0   3   0   5  27   0   0   3   0   5   0   0   0   0  0.85 0.27
   33 S    -1   4   2   0  -3   0   0  -1   1  -3  -3   2  -2   0  -2   1  -1  -3   0  -3    0  29  10   4   0   0   4   4   3   0   1  16   0   6   0  17   0   0   4   0  0.33 0.16
   34 A     2   0  -1   0  -3  -1  -1  -1  -2  -3  -2   3  -2  -3   1   2   1  -4  -3  -2   18   3   2   4   0   0   0   3   0   0   4  30   0   0   6  20   7   0   0   2  0.29 0.18
   35 L     1  -3  -3  -4  -2  -3  -3  -2  -2   3   1  -3   0   0  -3  -1   0  -2   3   3   13   0   0   0   0   0   0   2   0  21  10   0   0   2   0   4   4   0  15  28  0.31 0.18
   36 L    -3  -4  -5  -5  -3  -4  -4  -5  -4   2   5  -4   3  -1  -4  -2  -2  -4  -3   2    0   0   0   0   0   0   0   0   0   7  68   0   8   0   0   3   0   0   0  14  0.85 0.33
   37 Y    -1  -3  -2  -1   0  -2  -1  -3   3  -1   1  -1   0   4  -3   0   0  -1   3   1    3   0   1   4   2   0   3   0   9   0  11   3   2  26   0   7   5   0  11  15  0.26 0.18
   38 F    -1  -1  -3  -3  -2  -2  -3   0   0   1   1  -3   1   4  -3  -1   0  -2   1   2    4   3   0   0   0   0   0   8   3   8  13   0   4  23   0   3   5   0   4  21  0.21 0.14
   39 G    -1  -1   1   1  -3  -2   0  -1  -3   1   0  -1  -1  -2   4  -1  -1  -1  -3   2    5   3   7  10   0   0   4   4   0  13   8   1   0   0  21   4   1   1   0  17  0.24 0.14
   40 S     1  -3  -2  -3   1   0  -2  -2  -3   0  -3  -2   0  -4   0   3   5  -4  -3   0    8   0   0   0   3   5   0   2   0   7   0   0   2   0   3  22  44   0   0   4  0.53 0.31
   41 E     0   1   2   4  -4   0   2  -2   1  -3  -3   1  -3  -3  -2   0  -1  -4  -1  -2    8   9  14  25   0   3  12   1   3   0   0   8   0   0   0   6   3   0   2   4  0.35 0.18
   42 Q    -1   1  -1  -2  -3   4  -1  -2  -1   0   2   0   1   0  -3  -1  -1  -3  -1   0    4   7   2   0   0  25   1   3   1   3  25   5   3   4   0   4   3   0   1   8  0.19 0.17
   43 A     2  -1  -2  -3  -1  -1  -1  -1   0   0   1   2  -1   2  -2  -1   0   2  -1  -1   23   2   0   0   1   0   2   5   3   6  14  20   0  11   0   1   4   3   0   2  0.15 0.16
   44 A     4  -2  -2  -3  -2  -1  -2  -2  -3   1  -1  -1   0  -3  -3   0   0  -4  -3   2   47   1   2   0   0   2   1   1   0   8   3   2   2   0   0   7   5   0   0  18  0.41 0.26
   45 R     1   4  -2  -3   0  -1  -2   2  -1  -2  -2   1  -1  -3  -1  -1  -1   3  -2  -1   12  28   0   1   2   0   1  18   2   1   4   9   1   0   3   2   3   5   0   7  0.30 0.19
   46 L    -2  -1  -3  -2  -2  -3  -3  -2  -3   2   3  -2   0   2  -3  -1   0  -3  -2   2    2   5   0   2   0   0   1   3   0  12  38   1   0  10   0   4   6   0   0  14  0.31 0.20
   47 L    -2  -2  -3  -1  -2  -2  -2  -3  -2   2   4  -2   0   2  -3  -2  -1   3   1   0    2   1   1   5   0   1   2   2   1  10  43   1   1  10   1   2   2   4   5   6  0.35 0.18
   48 G     0   1  -1  -1  -2  -1  -1   3   0   1   0   0   0  -1  -1   0   0  -2  -2   0    4  10   1   3   0   1   2  26   4   9   8   4   2   3   2   7   4   0   1   8  0.12 0.09
   49 S     0  -1   2   0  -1  -1  -1   0   0  -1   0   0  -1   0  -2   2   0  -2  -1  -1    4   3  12   5   1   2   3   7   2   3  13   4   0   6   1  23   5   0   2   4  0.09 0.10
   50 P     1  -2  -2  -2   0  -2  -1  -2  -1  -1  -1  -2  -2  -1   5   1   2   2  -2  -2   15   2   1   1   2   1   3   3   1   3   5   1   0   4  30  10  14   3   1   1  0.49 0.23
   51 C     0  -1   0  -1   1  -1  -1   0   0   1   1  -1   0   1  -1   0   1  -2  -1   0    9   3   4   4   3   1   3   6   3  13  14   2   3   8   2   4  11   0   2   5  0.02 0.05
   52 L     0  -2  -2  -3  -2  -1  -2  -2  -1  -1   1   0   1   4  -1  -1  -1  -1   3   1    6   1   2   1   0   3   2   2   1   1  16   8   3  22   3   3   3   0  10  12  0.22 0.16
   53 R    -1   5  -2  -2  -1   0   0  -3   1  -3  -1   2  -2  -3   1   0  -1  -3  -1  -2    3  37   1   1   1   4   4   1   3   1   9  13   0   1   8   7   2   0   2   2  0.47 0.26
   54 R     0   4  -2  -2  -1   0  -2  -2   2   0  -1   1  -2  -2  -1   0  -1  -3  -2   1   10  29   1   1   2   4   1   3   7   5   7   8   0   2   3   5   2   0   0  11  0.25 0.19
   55 L     0  -2  -1  -3  -2  -2  -2  -2   4   2   1  -1   0  -1   0  -1   0   0   1   1    8   1   3   1   0   1   1   3  14  17  17   4   2   1   5   2   5   2   6   9  0.17 0.15
   56 Y     0  -3  -3  -3   0  -2  -3  -2   1   0   0  -3  -1   6  -4  -3  -2   1   5   0    8   1   1   2   2   2   1   3   3   5   8   1   1  33   1   1   2   1  19   7  0.60 0.29
   57 H     0  -2  -1  -2  -1  -1  -1  -2   5   0   1  -2  -1   2   1  -1  -2   3   2   0    7   1   3   2   1   3   3   3  16   6  17   1   0   9   7   2   1   4   9   5  0.23 0.17
   58 A     1  -3  -3  -3   0  -3  -3  -2  -2   1   3  -3   0   0   0   0   0   3  -2   2   12   1   1   1   2   0   1   2   1   8  31   1   2   3   5   6   6   4   0  14  0.24 0.18
   59 W    -2  -3  -3  -3  -4  -4  -4  -3  -1   1   3  -4   1   1  -5  -1  -1   5   6   0    3   1   1   1   0   0   0   2   1   6  27   0   3   4   0   6   3   8  26   7  0.62 0.36
   60 L    -2  -3  -4  -5   0  -2  -5  -6  -4   2   5  -5   0   2  -5  -3  -3  -4   1   1    3   1   1   0   2   2   0   0   0  12  54   0   1   9   0   2   1   0   5   7  0.76 0.39
   61 A     2  -3  -1  -1   0  -2  -3  -1  -2   0   0  -3   1   1   3   1   0  -1  -1   0   20   0   2   3   2   1   0   5   1   6   7   0   4   7  13  14   4   1   2   8  0.19 0.18
   62 A     2  -3  -1  -3   1  -3  -2   0  -2   1   1  -3   0   0  -1   1   1  -4  -3   1   20   0   3   0   3   0   1   8   1  10  13   0   2   3   3  11   8   0   0  13  0.16 0.17
   63 V    -1  -4  -2  -5  -2  -4  -4  -2  -5   3   3  -4  -1  -2  -5   0   1  -5  -4   3    4   0   2   0   1   0   0   3   0  16  29   0   0   1   0   9   9   0   0  26  0.53 0.34
   64 V     0  -3  -2  -3   0  -4  -4  -2  -4   1   2  -4   1   4  -4   1  -1   0  -1   3    6   1   2   1   2   0   0   2   0   6  21   0   2  20   0  11   3   1   1  21  0.39 0.28
   65 I     0  -4  -2  -5   1  -4  -4  -3  -4   2   3  -4   1   2  -1  -1  -1  -4  -1   2   10   0   2   0   3   0   0   2   0  13  29   0   3  10   3   5   2   0   1  18  0.38 0.26
   66 F    -1  -3  -3  -2   1  -4  -4   0  -2   2   3  -4   1   4  -5  -3  -1  -3  -1   2    5   1   1   2   3   0   0   9   1  11  26   0   2  21   0   1   3   0   1  12  0.42 0.28
   67 G    -1  -3  -4  -3  -5  -4  -5   5  -5  -4  -1  -4  -5  -6  -3   4  -1  -6  -4  -3    3   1   0   1   0   0   0  44   0   1   8   0   0   0   1  35   2   0   1   2  1.04 0.57
   68 P     0  -3  -1   0  -2  -1  -2  -4  -2  -1   0  -2  -1  -1   4   2   1  -5  -1  -1    8   1   2   6   1   2   2   0   1   4  11   2   1   3  22  20   8   0   3   5  0.35 0.27
   69 L    -1  -4  -5  -2  -4  -3  -3  -5  -1   3   3  -4   1   2  -3  -4  -1  -4   0   2    5   0   0   3   0   1   2   0   2  16  34   0   2  10   1   0   3   0   3  17  0.53 0.31
   70 L     0  -1  -2  -4   0  -2  -3  -1  -1   1   3  -2   1   2  -3   0  -1   0   1   1    8   3   1   0   2   1   0   5   2   8  28   1   3   9   1   9   2   1   5  10  0.19 0.18
   71 Q     0   0   0   3  -3   1   1  -2   3  -3  -3  -1  -2  -3   1   2   0  -2  -1  -3    7   6   3  19   0   7   9   3   8   1   1   3   1   1   8  15   5   0   2   1  0.29 0.23
   72 F    -2  -4  -2  -3  -4  -1  -3  -2   3   1   2  -3   0   5  -3  -1  -3   2   2   0    2   0   2   2   0   3   1   3   7   6  25   1   1  25   1   5   1   2   6   6  0.43 0.28
   73 H     0  -1  -1  -1  -2   0  -1  -2   1   1   0  -2   0   2   0   0   0   4   2   0    7   3   2   3   1   4   4   2   5   7  10   1   2  10   6   6   4   7   7   9  0.11 0.10
   74 V    -1   0  -2  -1  -3  -1  -1  -2  -1   1   1  -1  -1  -1   4   0   0  -1  -1   2    3   5   1   3   0   1   5   3   2   7  13   2   1   3  20   7   4   1   3  16  0.22 0.16
   75 N    -1  -2  -1   0  -3  -1  -1  -1   0   1   1  -2   0   1   3   1  -1  -3  -2   0    3   1   3   7   0   2   2   4   3   8  20   2   1   6  13  17   1   0   0   8  0.16 0.17
   76 P    -1  -2  -3   0  -5   2  -1  -1   2  -4  -4   1  -4  -5   6  -1   2  -5  -2  -2    3   2   0   5   0  11   2   4   6   0   0   9   0   0  39   4  12   0   1   3  0.81 0.40
   77 R    -1   3   1   0  -4   0   1  -2   3  -3  -3   2  -2  -3   2   0  -1  -1   2  -2    2  15   7   4   0   2  11   1   8   1   1  16   1   0   9   6   3   1   9   2  0.29 0.21
   78 T     0  -3   1  -1  -1  -2  -2  -2   0   0  -2  -1  -2   0  -2   4   2  -1   1  -1    7   0   8   2   1   0   0   2   3   6   3   2   1   5   2  37  13   1   7   3  0.31 0.27
   79 I    -4  -3  -4  -2  -4  -4  -3  -4   0   1  -2  -4  -3   3  -1  -3  -2   3   7   1    0   1   0   2   0   0   1   1   1   7   3   0   0  13   4   2   2   4  48  12  0.99 0.44
   80 F    -3  -3  -3  -4  -4  -5  -5  -3  -1   0   2  -5   0   7  -5  -4  -4   3   2  -1    1   1   1   1   0   0   0   2   1   5  20   0   2  53   0   0   0   3   6   2  1.04 0.42
   81 A     4  -2  -1  -2  -3  -2  -2  -1   2   0  -1  -2  -1  -1  -1   2   0  -4  -1  -1   43   1   2   1   0   0   0   2   5   6   5   0   1   3   3  20   4   0   2   3  0.37 0.27
   82 S    -1   3   3   2  -4   2   0  -2   0  -4  -2   1  -3  -4  -3   1  -1  -4  -1  -3    5  19  19  12   0  10   3   1   2   0   5   7   0   0   0  13   1   0   3   0  0.37 0.22
   83 H    -2   2  -2  -1  -5   1  -1  -2   2  -5  -4   5  -3  -5   2   1  -1  -5  -1  -4    0   8   0   2   0   4   2   2   5   0   0  52   0   0   9  11   3   0   2   0  0.73 0.36
   84 G    -2   4   2   2  -4   0  -1   0   3  -4  -4   1  -3  -4  -3   1   0   0  -1  -3    1  26  13  14   0   3   2   6   7   0   0   6   0   0   0  12   6   1   1   0  0.39 0.21
   85 N    -1  -3   6  -1   4   0  -2  -1   3  -4  -4  -2  -4  -2  -4   1  -1  -4  -1  -4    5   0  51   0   9   4   0   4   7   0   0   0   0   2   0  12   2   0   2   0  0.86 0.39
   86 F    -1  -1  -2  -4  -3  -3  -3  -3  -3   2   2  -3   0   4  -1   0  -1   2   1   2    2   3   2   0   0   0   0   2   0  13  18   0   2  22   4  10   2   3   3  14  0.30 0.19
   87 F    -1  -4  -1  -4   4  -4  -4  -4  -4   1   3  -4   1   4  -1  -3  -2   2  -1   1    3   0   5   0  10   0   0   0   0   8  36   0   4  21   3   0   0   3   0   6  0.47 0.23
   88 N     1  -4   7  -2  -5  -3   1  -4   3  -6  -6  -3  -5  -5  -5   1   1  -5   2  -5   10   0  49   0   0   0   9   0   7   0   0   0   0   0   0   8   8   0   8   0  1.10 0.46
   89 I     0   0  -1   0  -3   1   0   0   2   0  -1   0   1  -2   1   0   0  -3   1   0    6   6   0   6   0   6   6   6   6   6   6   6   6   0   6   6   6   0   6   6  0.06 0.11
   90 K    -1   0  -4  -4  -2  -3  -3  -3  -2   2   1  -1   0   2  -4  -3  -2   2   6   2    4   5   0   0   1   0   0   2   0  13  15   4   1   6   0   0   2   3  30  14  0.48 0.27
   91 F    -4  -5  -5  -6  -5  -5  -5  -1  -4  -1   0  -5   0   8  -6  -5  -4  -2   1  -2    0   0   0   0   0   0   0   7   0   2   9   0   1  75   0   0   0   0   1   2  1.69 0.58
   92 V     2  -4  -3  -4  -3  -4  -4  -4  -1   2   0  -4  -1  -3  -4  -2  -1  -5  -3   5   18   0   1   0   0   0   0   0   2  10   5   0   1   0   0   1   3   0   0  57  0.77 0.39
   93 N    -3   0  -1  -1  -5   0  -1   0   1  -5  -5   6  -4  -4  -4  -2  -3  -5   2  -5    1   2   3   3   0   3   2   7   3   0   0  64   0   0   0   2   1   0   7   0  1.01 0.50
   94 S    -2   1   2  -2  -1  -1  -2  -2   2   0   0   1   0   1  -1   0  -2   3   2  -1    1  11  12   0   1   2   0   3   5   4  11  12   2   6   3   8   0   5   9   4  0.14 0.15
   95 A     3  -4  -1  -3   3  -3  -4   5  -4  -4  -4  -3  -4  -5  -2   0  -2  -5  -4  -3   27   0   3   0   6   0   0  50   0   0   1   0   0   0   2   6   2   0   0   1  0.92 0.41
   96 W    -3  -5  -3  -5  -1  -2  -5  -5  -4  -4  -1  -5  -4   0  -5  -2  -4  12   2  -3    2   0   2   0   1   2   1   1   0   0   6   0   0   3   0   4   0  70   5   2  2.76 0.77
   97 G     2  -3  -3  -3  -3  -3  -3   3  -3   0   0  -3   0   4  -3   0  -1   2  -1   0   20   0   0   0   0   0   0  24   0   4  11   0   2  20   0   6   3   3   0   5  0.33 0.22
   98 W    -5  -5  -6  -6  -5  -5  -3  -5  -5  -2  -4  -5  -1   0  -1  -5  -5  12  -1  -5    1   0   0   0   0   0   2   1   0   3   1   0   2   3   4   1   0  80   0   1  3.43 0.91
   99 T    -2  -4   0  -3  -3  -3  -3  -4  -4   0  -1  -3  -3  -1  -4  -1   7  -4  -3   0    2   0   5   0   0   0   0   0   0   5   6   0   0   3   0   2  67   0   0   7  1.04 0.50
  100 C    -1  -3  -3  -3   4  -2  -3  -3  -3   0   1  -3   1   2   0   1   3   2  -2   0    3   0   0   0  10   1   0   1   0   4  19   0   3  10   5  12  21   3   0   5  0.29 0.22
  101 T     2  -2  -3  -2   1  -2  -3  -1  -3   1   2  -3   0   0  -2   0   0   1  -1   2   18   1   0   1   3   0   0   6   0   7  25   0   1   5   2   9   4   2   1  14  0.17 0.15
  102 F     1  -3  -1  -3   1  -2  -2  -2  -3   1   2  -3   1   2  -1  -1   0   3   0   1   14   0   3   0   4   0   3   3   0   9  20   0   4  11   3   4   4   4   3  12  0.15 0.15
  103 L     0  -1  -1  -3   1  -2  -2  -1   1   1   1  -2   1   2  -3   0   1   3   1   1   10   4   4   0   4   0   0   4   4   7  13   0   4  10   0   5   9   4   6  11  0.10 0.11
  104 G     0  -2  -2  -2   3   1  -2   0  -2   1   0  -2  -1   1  -2   0   1   4  -1   0    9   0   0   0   8   9   1   9   0   9   9   0   0   9   0   9   9   8   0   9  0.14 0.12
  105 G     1  -3  -2  -4   2  -2  -3  -1  -1   1   1  -3  -1   1   4   0  -1  -3   0   1   11   0   2   0   4   1   1   5   2   7  16   0   1   7  18   9   3   0   4   9  0.27 0.22
  106 F    -3  -5  -1  -5  -1  -2  -5  -3   1  -1   2  -5  -3   7  -2  -3  -1   2   3  -1    2   0   4   0   2   2   0   2   3   4  18   0   0  40   2   2   3   3   8   3  0.84 0.46
  107 V    -1  -2  -2  -3   2  -2  -4  -3   0   3   2  -2   1   1  -3  -2   0   1   0   2    5   2   2   2   5   2   0   2   2  19  20   2   2   6   2   3   5   2   4  15  0.33 0.24
  108 L     0  -5  -4  -2   1  -4  -4  -2   0   2   1  -4   0   3   0   0   0   4   1   1    8   0   0   3   3   0   0   4   3  10  15   0   2  14   6   6   7   5   4  10  0.30 0.25
  109 L    -1  -1  -1  -1   2  -1  -1  -2   1  -1   2  -2   1   2  -1  -1   0   3   2   0    6   3   3   3   4   3   5   4   3   4  17   3   3  10   3   4   6   3   6   8  0.12 0.10
  110 V    -1  -2   0   0   2   0   0  -1   2   0  -1   0   1   1   0   0   0   3   1   0    5   0   5   5   5   5   5   5   5   5   5   5   5   5   5   5   5   5   5   5  0.07 0.11
  111 V     1   1   1  -2  -1  -1  -4  -2   2   0  -1  -2   0  -1   1   3   1  -5  -1   0    9   7   6   1   1   3   0   3   4   6   7   2   3   3   7  23   7   0   3   6  0.20 0.24
  112 F    -1   2  -2  -5  -1  -1  -3  -2   3   0   0  -2  -1   3   1   0  -1   3   4  -1    6  10   2   0   1   3   1   3   7   5   8   3   1  11   7   9   4   4  12   3  0.28 0.26
  113 L     0   0   0  -2   2   0  -2  -2   1   0  -1   0   0   1   1   1   0   3   1   0    9   4   5   2   4   5   3   4   4   4   7   5   2   5   6  12   5   3   4   8  0.07 0.08
  114 A     0   0  -1  -2   3   0  -1   0   3   0  -1  -2  -1   0   1   1   0   2   1  -1    8   5   2   3   6   4   4   9   8   6   7   3   2   3   7   9   5   3   4   3  0.11 0.11
  115 T     0   0   0   0   2   1   0   0   2   0  -1   0   1  -2   1   0   0  -3   1   0    6   6   5   6   5   5   6   6   5   6   6   6   5   0   6   6   6   0   5   6  0.04 0.08
  116 R    -1   3   1   0   0   1  -1   1   0  -1  -1   1  -1  -1   1   0  -1   2  -1  -1    3  18   6   4   2   6   2  12   3   3   6   7   2   3   7   7   2   3   2   3  0.14 0.17
  117 R     0   0   0   0   2   0   0   0   1   0  -1   0   1   0   0   0   0  -3  -2   0    5   5   5   5   5   5   5   5   5   5   5   5   5   5   5   5   5   0   0   5  0.00 0.07
  118 V     0   2   0  -1   0   1  -1  -2   1   1  -1   1   0   0   0   0   0   3   0   0    6  10   4   3   2   6   3   3   3   7   5   9   2   4   5   6   7   4   3   7  0.08 0.08
  119 A     0   3   0  -1  -1   2  -2  -2   0  -1  -1   2   0  -2  -2   1   0   3  -1  -1    7  12   5   4   2   8   3   4   2   3   6  12   2   2   3  11   5   3   2   4  0.16 0.16
  120 V     0   1   0   0  -3   1   0  -1   1   0   0   0   0   1  -1   0   0   2   0   0    7  10   3   4   0   6   3   5   5   8   8   6   3   7   3   5   6   3   3   4  0.03 0.06
  121 T     0   0   0   0  -3   0   0   0  -2   0  -1   0   1   1   1   0   0   3   1   0    6   6   5   6   0   5   6   6   0   6   6   6   5   5   6   6   6   5   5   6  0.06 0.08
  122 A     0   0   0  -2   2   0   0  -1  -2   0  -1   0   1   1   0   0   0   3   1   0    6   6   5   0   5   5   6   6   0   6   6   6   5   5   6   6   6   5   5   6  0.06 0.11
  123 R    -1   4  -1  -2  -5   3  -1  -2   0  -1  -2   3  -1  -3  -1  -1  -1   4  -3  -2    6  27   3   2   0  11   2   2   3   3   4  15   2   1   2   4   4   5   0   3  0.43 0.34
  124 H     1   1   0   0   1   0  -1  -1   5  -1  -2  -1   0  -1  -2   0   0  -1   1  -1   15   8   3   6   3   4   3   4  16   3   2   2   2   3   1   7   4   1   4   3  0.18 0.22
  125 L    -1  -4  -2  -3  -1  -2  -4  -3  -4   2   3  -4   2   1  -3  -1  -1   2   0   1    5   0   2   1   1   1   0   2   0  14  33   0   4   5   1   5   4   3   3  10  0.29 0.26
  126 S     0  -1  -1  -1   0  -1  -1  -1  -1   1   1  -1   1   1  -1   1   0  -1   0   0    8   2   1   3   2   1   2   5   1   9  17   4   3   7   2  12   7   1   3   7  0.02 0.08
  127 R    -2   7  -2  -4   0   0  -3  -3  -2  -2  -3   1   1  -4  -5  -2  -2   2   0  -3    3  53   1   0   2   3   0   2   1   3   3   8   3   0   0   3   2   3   4   2  0.97 0.58
  128 L    -2  -4  -3  -5  -4  -1  -5  -5  -3   0   3  -4   1   1  -2  -2  -1   7   5  -2    3   0   1   0   0   3   0   0   0   5  25   0   3   4   2   2   3  17  23   2  0.83 0.51
  129 V     1  -3  -3  -3   0  -3  -3   0  -3   2   1  -3   0   2  -3  -1  -1   3   1   1   17   0   0   0   2   0   0   9   0  16  15   0   2   9   0   4   4   4   4  11  0.19 0.18
  130 V     0  -3  -4  -4   1  -3  -3  -2  -3   3   1  -1   2   0  -3  -2  -1  -3   0   3    7   0   0   0   3   0   0   3   0  22  14   5   4   3   0   2   3   0   4  27  0.34 0.24
  131 G     2  -1   0  -2   0   0  -1   1   0  -1  -1   0   0  -1  -2   0   1  -3   0   0   24   2   5   0   2   4   3  10   2   2   7   7   2   3   0   3   9   0   4   9  0.09 0.13
  132 A    -1  -3  -1  -3   0   0  -3  -1   0  -1  -1  -3   0   0  -3   0   5  -3   2  -1    3   0   2   0   2   4   0   5   2   4   6   0   3   3   0   5  47   0   8   3  0.53 0.39
  133 A     1  -2  -1  -3   0  -1  -2   0  -2   1   1  -1   0   1  -3   1   0  -3   0   1   15   0   2   0   2   4   0   9   0   9  18   2   2   7   0  10   6   0   2   8  0.10 0.13
  134 V    -1  -1  -1  -3   1  -1  -3  -2  -3   1   1  -1   0   1  -3  -1   0   6   1   2    6   3   2   0   4   4   0   3   0   8  14   3   2   7   0   5   4  12   4  16  0.24 0.20
  135 W    -4   0  -5  -5   2  -4  -4  -5  -4   0  -1   0  -3   3  -5  -1  -4  10   2  -1    1   5   0   0   5   0   0   1   0   5   5   7   0  12   0   6   0  41   5   6  1.46 0.55
  136 R    -1   0  -3  -4   1  -1  -3  -2   1   0   0  -1   1   4  -3  -1   0   3   4   0    4   6   0   0   3   4   0   4   3   4  11   4   3  19   0   3   8   3  15   5  0.26 0.19
  137 G     0  -2  -4  -4   3  -4  -4   2  -4   1   1  -4   0   4  -1  -1  -1   1   0   1    7   2   0   0   6   0   0  18   0   8  16   0   2  17   3   4   3   2   2  11  0.30 0.24
  138 A    -1  -5  -5  -5   6  -5  -5   1  -5   0   0  -5   1   3  -1   0  -1   6   0   1    6   0   0   0  14   0   0  10   0   5   8   0   3  14   4   7   4  10   3  10  0.57 0.37
  139 G     0  -1   0  -1   1  -1  -3  -1   1  -2  -1  -1   0  -1  -1   0   4  -4  -1   1    8   4   4   4   3   2   0   4   4   2   4   4   2   3   3   7  31   0   2   8  0.30 0.29
  140 R    -1   0   0   0   2   0   0  -1   2   0  -1   0   2   1   0  -1   0   4   1  -1    5   5   5   5   5   5   5   5   5   5   5   5   5   5   5   5   5   5   5   5  0.08 0.08
  141 A     0   0   0  -3   2   0  -2   0   2   0   0  -2   1   1   1   0   0   4   1   0    6   6   6   0   6   6   0   6   6   6   6   0   6   6   6   6   6   6   6   6  0.10 0.15
  142 F    -2   0  -5   0   1  -5  -1  -2  -4   0   0  -5   1   6  -5  -1  -1   3   1  -1    4   5   0   7   3   0   4   4   0   6   8   0   4  36   0   4   3   4   4   4  0.68 0.42
  143 L    -1   2   0   1   3   0   0  -2   2  -1  -1   0   1   3  -1  -1  -1   2  -2  -1    6  13   4   8   6   3   5   3   4   3   5   6   4  15   3   3   4   3   0   4  0.15 0.17
  144 L     0   1  -1  -2  -3  -1  -2   1   0   1   1  -1   0   1  -4  -1  -1   4   1   0    7   8   3   2   0   2   2  13   2   8  16   4   2   6   0   5   4   7   6   5  0.14 0.15
  145 I    -1  -5  -2  -5   1  -4  -5  -2   0   4   1  -4   1   3  -1  -4  -1  -4   0   2    5   0   2   0   3   0   0   4   2  29  13   0   3  12   3   0   3   0   3  15  0.51 0.32
  146 E    -1   1  -1   0  -4   0   4  -2   1  -2  -1  -2   0  -1   2  -1   0   0   1  -1    6   7   2   4   0   3  27   3   4   2   6   1   2   3   9   4   5   1   4   6  0.24 0.24
  147 D     0   0   1   0  -3   0   0  -2   2  -1   0   0  -1   1  -1   1   0   1   1  -1    8   6   8   5   0   4   6   2   7   4  10   4   1   8   3  10   4   2   5   3  0.07 0.10
  148 L     0   0  -2  -2  -3  -1  -3  -2   0   2   0  -1   1   0  -4   1   2   5   0   0    8   5   2   2   0   2   0   2   2  15  11   3   3   4   0  10  13   8   4   6  0.20 0.20
  149 T    -2  -5  -3   0  -4  -4  -4   3  -4  -4  -4  -4  -1   2  -4   0   5  -4   1   0    3   0   0   6   0   0   0  20   0   0   0   0   2   9   0   7  38   0   5   8  0.74 0.49
  150 G    -2  -2  -2   0  -6  -2  -1   6   1  -1  -6  -2  -5  -2  -5  -1  -2  -6  -5  -6    3   2   2   5   0   2   3  63   3   4   0   2   0   2   0   4   3   0   0   0  1.19 0.62
  151 S     0   2  -1  -1  -3   1   1   0   1  -1  -1   0   0   0  -3   0   0   0   0   0   10  13   2   3   0   5   8   8   4   2   4   6   3   4   0   9   4   1   3  10  0.08 0.11
  152 C    -1  -3  -6  -6  10  -2  -6  -3   1  -1  -5  -2  -1   2  -6  -1  -2  -6  -2  -1    4   2   0   0  56   2   0   2   3   4   0   3   2   8   0   5   3   0   2   5  1.91 0.84
  153 F    -1   0   0   0   2   1   0  -1   1   0   0  -1   1   1  -3   0   0  -3   2   0    4   4   4   5   5   7   6   4   4   7   6   3   4   7   0   7   7   0   8   8  0.06 0.11
  154 E     0   0   0   0  -2   0   0   0   0   0   0   0   0   0   0   0   0   2   0   0    7   4   5   5   0   4   7   9   3   7   8   5   3   3   5   5   5   3   3   8  0.02 0.02
  155 P     0   0  -1  -1  -4   1  -1  -1   0  -1  -1   0  -1  -2   3   1   0   2   0  -1    9   4   3   3   0   6   3   5   3   4   5   6   1   2  15  12   7   3   4   5  0.16 0.17
  156 L     0  -1   0   1   0   0   0   0   0   0   0  -1   0  -1   1   0   1  -3  -2   0    7   4   5   9   3   2   7   8   2   5  11   3   3   2   7   8   8   0   0   6  0.05 0.06
  157 P     1  -1   0  -1  -1   0   1   2   0  -2  -2  -2  -1  -1   3   0   0  -4  -2  -1   12   4   4   4   1   3   8  15   2   2   5   2   1   3  14   7   6   0   1   5  0.18 0.17
  158 Q     0   0   0   0  -4   1   1   1   1   0  -1   0   1  -1   0   0   1  -4   0  -1    6   5   4   6   0   6   8  12   3   6   7   5   4   3   4   8   8   0   3   4  0.06 0.07
  159 G     1  -1   0   1   1  -1   0   1   0  -1  -2  -1   1  -1  -1   1   0   2   0  -1   10   3   5   6   3   3   6  12   3   3   4   4   4   3   3  11   7   3   3   4  0.08 0.09
  160 L     0   0   0   0   2   0   0  -1   1   0  -1   0   1   0   0   0   0  -2   1   0    5   5   5   5   5   5   5   5   5   5   5   5   5   5   5   5   5   0   5   5  0.03 0.05
  161 L     0  -1  -1   0   0   0   0   0   0   0   1  -1  -1  -1   2   0   0   0  -1   0    5   3   3   6   2   4   7   7   2   4  15   3   1   3   9   9   7   1   2   7  0.05 0.06
  162 L     0   0  -1  -1  -1  -1   0   0   0   1   1  -1   1   0   0   0   0  -3  -1   1    6   5   3   3   1   2   5   6   3   7  15   4   3   3   5   8   7   0   1  13  0.03 0.06
  163 H     0   1   0   0  -3   0   0   0   2   0  -1   1  -1  -1   0   1   0  -1  -1  -1    6   7   4   6   0   5   7   5   6   5   6   9   1   3   5  12   4   1   2   5  0.06 0.08
  164 E     0  -1   0   1  -4   1   2   1  -1  -1  -1   0  -1  -4   1   0   1   0  -3  -1    7   3   4   8   0   5  15  10   2   3   6   7   2   0   8   7   8   1   0   5  0.14 0.16
  165 L     0  -2  -2  -2  -3  -2  -2   0   2   2   1  -2   1   2   0  -1  -1  -3   2   1    6   2   2   2   0   2   2   9   6  11  13   2   3   8   6   5   3   0   7  11  0.12 0.14
  166 P     0  -1   1   0   1   0  -1   0   1   0  -1  -1   0   0   1   1   0   2   0   0    7   3   6   5   3   4   4   7   4   4   7   4   3   4   6   9   6   3   3   8  0.03 0.03
  167 D     0   1   1   1  -3   1   0   0   2  -2  -1   0  -2   1   1   0   0  -2   1  -2    7   7   7   7   0   7   7   7   6   0   7   7   0   6   7   7   7   0   6   0  0.10 0.11
  168 R     0   3  -1  -2  -5   0  -1  -2  -1  -2  -2   3   0  -2   1   2   0  -5  -1  -3    9  17   3   2   0   4   4   3   2   2   3  19   2   2   6  13   5   0   2   2  0.32 0.29
  169 R     1   2  -1  -1  -1   1   0  -1   0  -1  -1   0   2  -1  -1   1   0   1   1  -1   13  10   2   3   1   7   7   3   2   4   4   6   5   2   2  12   4   2   6   3  0.11 0.15
  170 S     2  -1  -1   0  -1   2   1  -1   1  -1  -1  -1  -1  -1  -2   1   1  -5  -1   0   19   2   2   6   2   9   9   4   3   3   6   3   2   3   2  10   8   0   2   5  0.14 0.18
  171 C    -3  -8  -3  -8  11  -7  -8  -7  -7  -1  -2  -7  -2  -7  -4  -3  -2   0  -2  -1    2   0   2   0  73   0   0   0   0   3   4   0   1   0   1   2   3   2   2   5  2.90 1.18
  172 L    -1   3   0  -2  -3   0  -1  -1   1   0   0   2   1   0   0   0   0  -3   1  -1    5  17   4   0   0   4   3   3   5   5  11  13   4   3   4   7   4   0   5   5  0.11 0.15
  173 A     0   0   1   0  -3   1   0   0   2   0  -1   0   1  -2  -3   0   0   4   1   0    6   6   6   6   0   6   6   6   6   6   6   6   6   0   0   6   6   6   6   6  0.08 0.11
  174 A     2  -1   1  -1   2   1   0  -1   1  -1  -1   0   0  -1   0   0  -1  -3  -1  -1   22   3   7   4   4   6   6   4   5   4   7   7   2   2   4   6   2   0   2   4  0.08 0.13
  175 G    -1  -1   2  -2  -5  -1  -2   6  -1  -6  -4   0  -5  -6  -2  -2  -1  -6  -5  -3    4   4   8   2   0   2   2  55   2   0   2   6   0   0   3   3   4   0   0   2  0.95 0.56
  176 H    -1  -1   0  -1   1   0   0   3   4  -1  -2   0   2   1  -1  -1  -3   2   0  -3    3   4   3   3   3   3   5  26  10   3   4   5   6   5   4   4   0   3   4   0  0.25 0.26
  177 Q     0   0   0   0  -3   1   0   0   2   0  -1   0   1   1  -3   0   0   3   1   0    6   6   5   6   0   5   6   6   5   6   6   6   5   5   0   6   6   5   5   6  0.06 0.10
  178 W    -4  -2  -5  -5   0  -4  -2  -5  -1  -3  -1  -1  -1  -1  -5  -3  -4  12   1  -3    1   2   0   1   2   0   3   1   1   2   5   4   1   2   1   2   1  66   3   2  2.60 0.72
  179 R     0   1   1   1  -2   1   1  -1   0   0  -1   1   0  -1  -1   1   1  -2  -1   0    3   8   6   7   0   7   9   4   3   5   5   7   4   2   2  11   8   0   2   7  0.07 0.05
  180 G     0  -3   0   0   0  -1  -2   5  -2  -4  -4  -2  -3  -3  -1   1  -2  -3  -1  -3    5   1   3   6   2   3   1  61   0   1   1   1   0   0   3  10   1   0   2   1  0.73 0.23
  181 Y    -2  -1  -2  -3  -3  -1  -2  -1   5   0   0  -3  -1   6  -3  -2  -2   2   3  -1    1   2   0   1   0   2   1   6  18   4   5   1   0  41   1   1   1   2   9   5  0.54 0.22
  182 T    -1   0   1   6  -3   0   2   0  -2  -3  -3   0  -3  -3  -2   0   0  -4  -3  -2    4   4   3  52   0   2   9   6   0   1   3   4   0   0   1   3   5   0   0   3  0.57 0.20
  183 V    -1  -3  -3  -3  -2  -2  -3  -3  -3   4   0  -2   1   0   2  -1   0  -3  -2   2    4   1   0   1   0   0   1   1   0  35   5   1   3   5  13   3   8   0   0  19  0.31 0.15
  184 S     1  -2  -1   1  -2  -1  -1   0  -2  -3  -2  -2  -2  -3  -2   5   0  -4  -3  -3    6   1   0   7   0   0   1   4   0   1   4   1   0   0   1  72   1   0   0   1  0.69 0.31
  185 S     0  -2  -1   0  -3   0   1   5  -2  -4  -4  -2  -3  -4   1   0  -2  -3  -3  -3    5   1   0   5   0   4  12  56   0   1   1   1   0   0   8   4   1   0   0   1  0.67 0.20
  186 H    -3   0   1   1  -4   2   1  -2   8  -4  -4   0  -3  -3   0  -2  -3  -4  -1  -4    0   3   4   7   0  10   7   2  57   0   1   4   0   0   4   0   0   0   0   0  1.02 0.33
  187 T     1  -2  -2  -3   4  -2  -2   0  -2   1   0  -2   0   0  -2   0   2  -2   0   2   13   0   0   0  11   0   0   6   0   8   7   0   2   3   0   8  18   0   3  19  0.16 0.11
  188 F    -2  -3  -3  -3   0  -3   0  -4   1  -1   0  -3   0   7  -4  -3  -3  -1   2  -1    4   0   0   0   3   0   9   1   3   0   9   0   2  59   0   1   0   0   5   2  0.76 0.28
  189 L    -2  -3  -4  -4  -3  -2  -4  -3  -4   2   4  -3   2   2  -1  -3  -2  -3  -2   0    3   0   0   0   0   2   0   1   0  13  51   0   5   9   4   1   1   0   0   5  0.50 0.26
  190 L    -2  -4  -4  -5  -3  -4  -3  -5  -4   1   5  -4   3  -2  -4  -4   0  -4  -3   0    2   0   0   0   0   0   1   0   0   4  74   0   6   0   0   0   6   0   0   4  0.96 0.40
  191 T    -1  -3  -2  -3   2  -2  -3  -2  -3   2   0  -3   1  -1  -3   1   3  -3  -2   2    2   0   1   0   5   2   0   2   0  17   7   0   4   2   0  12  25   0   0  18  0.32 0.22
  192 F    -3  -3   0  -3   0  -2  -3  -4   5  -1   3  -3   2   3  -4   0  -1   2   3  -1    0   0   5   1   2   2   0   0  14   3  27   0   6  10   0   6   4   3  12   3  0.41 0.29
  193 C     1  -3  -1  -3   5  -1  -2   1  -2  -1  -1  -3   2   0  -3   4  -2  -4  -3  -1   12   0   2   0  13   2   1  11   1   5   6   0   5   4   0  34   0   0   0   3  0.43 0.33
  194 C     1  -3   0  -3   2  -2  -3  -1  -1   1   0  -2   0  -1  -2   3   1  -1  -3   0   11   0   5   0   4   0   0   4   1   8  10   0   3   3   1  30  10   1   0   8  0.24 0.24
  195 L    -1  -4  -2  -4   0  -3  -4  -3  -4   1   5  -4   3   0  -3  -1  -1   1  -1   0    5   0   2   0   2   0   0   2   0   8  55   0   6   3   1   4   3   2   2   3  0.57 0.34
  196 L    -2  -4  -4  -4  -3  -4  -4  -3  -4   2   2  -4   2   5  -4  -2  -1   1   1   2    3   0   0   0   0   0   0   3   0   9  24   0   6  26   0   3   5   2   4  14  0.53 0.29
  197 M    -4  -5  -5  -6  -4  -5  -5  -6  -5   3   5  -5   3   0  -5  -2  -1   4  -4   1    1   0   0   0   0   0   0   1   0  18  47   0   7   3   0   3   5   5   0   7  0.94 0.44
  198 A     0  -2  -2  -4   0  -1  -4   0   0   0   1  -2   2   2  -2  -1   0   5   2   1    7   2   2   0   2   2   0   7   3   5  14   2   5   8   2   6   5  10   7  13  0.24 0.18
  199 E    -3  -2   0   2   0   0   5  -3   0  -2  -2  -2   0   0  -2   0  -4   0   0  -1    2   2   4  10   2   3  43   2   2   2   3   2   2   4   2   7   0   1   3   4  0.62 0.39
  200 E     0   1   1   1  -2   1   1  -2  -1  -1   0   1   1   1  -2   0   0  -3  -1   0    8   8   7   8   0   7   8   1   0   0   8   8   7   7   0   8   8   0   0   8  0.08 0.10
  201 A     0  -1  -1  -3   1  -1  -2  -1   0   1   2  -1   1   0  -3  -1   0   2   0   1    8   3   3   0   3   3   0   5   3   5  25   4   3   4   0   5   6   3   3  13  0.10 0.12
  202 A     0   1   0  -1  -2   1   0  -1   1  -1   0   1   0   1   0   0   0   2   0  -1   11   7   3   3   0   6   5   5   3   4  10  10   2   8   3   6   3   3   3   4  0.04 0.06
  203 V     1  -2  -2  -2   0  -2  -1   0  -1  -1   1  -2  -1   0   4   0  -1   1  -1   1   12   2   2   2   2   2   3   7   2   3  12   2   2   4  18   6   3   2   2  12  0.20 0.18
  204 F    -1  -2  -2  -2   1  -1  -2  -2   0   1   1  -2   1   3  -1  -1   0   1   3   0    5   2   2   2   3   3   2   3   3   8  16   3   4  12   3   6   6   1  10   6  0.17 0.14
  205 A     1   1  -2  -1  -1  -1  -1   0   0   0   0   1  -1   1  -2   0  -1   3   1  -1   10   9   2   3   1   3   4   7   3   6  11   9   2   6   2   7   3   4   4   5  0.07 0.07
  206 K    -2   3   1  -1  -2   0   0   1   2  -3  -2   1  -2  -1   1   1  -1   1  -1  -2    4  15   7   3   1   3   7  12   4   2   4   7   1   2   7   9   4   2   3   3  0.20 0.17
  207 Y    -3   1  -1  -2  -1  -1  -2  -4   3  -2   0  -3   0   0  -4  -1  -1   8   3   1    2   8   3   2   1   3   4   2   6   3   9   2   2   4   1   4   4  20   9  10  0.72 0.43
  208 L    -1   1   0   1  -5  -1   2  -2   2  -2   0   0   0   0   0  -1  -1   3   0  -1    6   8   4   9   0   2  12   4   5   3   8   6   3   4   6   5   4   4   3   5  0.12 0.12
  209 A    -1   0   0   0   2   0   0  -1   2   0  -1   0   2   1   0  -1   0   4   1  -1    5   5   5   5   5   5   5   5   5   5   5   5   5   5   5   5   5   5   5   5  0.08 0.08
  210 H     0   0   0   0  -4   0   1  -1   1   0  -1   0   0   0   0   0   0   2   1  -1    7   6   5   6   0   5   9   5   4   5   6   6   3   5   4   8   5   3   4   4  0.05 0.06
  211 G     0   2   1   0   0   0   0   1   1  -1  -2   1  -3  -1   0   0  -1  -4   0  -1    6  11   6   6   3   5   6  12   4   4   3   8   0   3   4   8   4   0   3   4  0.10 0.12
  212 L    -1   2   0  -1  -4   0   0  -1   1  -1   1   0   0   1  -2   0  -1   3   2   0    4  14   4   3   0   5   5   4   3   4  12   5   3   5   2   6   4   4   7   6  0.11 0.14
  213 P    -1   0   0   0  -3   0   0  -1   2   0  -1   0   1   0   0   0   0   3   1   0    5   5   5   5   0   5   5   5   5   5   5   5   5   5   5   5   5   5   5   5  0.06 0.08
  214 A     0   1   0  -1   1   1   0  -1   2   0  -1   0   1  -1   0   0  -1   3   0  -1    8   8   4   4   3   5   7   4   4   5   5   6   4   3   4   8   4   4   3   5  0.07 0.07
  215 G     0   2   1  -1  -2   0  -1   1  -1  -1  -1  -1  -2  -3  -1   2   2  -5  -1  -1    8  10   6   3   1   4   3  12   1   4   8   3   1   1   3  15  12   0   3   4  0.14 0.18
  216 A     1   2  -1  -1  -4  -1  -1   0  -1  -1  -1   1  -1   0   1   0   1  -1  -2   0   10  11   2   3   0   2   3   7   2   2   7   9   2   5   7   7  11   1   1   7  0.10 0.13
  217 P     0   0  -2  -3  -2  -1  -1  -2  -1   0   0   0  -1   2   3   0   0   2   0   0   10   5   2   1   1   2   4   2   1   5  11   7   2   8  15   9   5   3   3   7  0.17 0.18
  218 L    -1   0  -1  -2  -2  -1  -2  -4   1   2   2  -1   0   0  -2  -2  -1   4   1   2    5   6   3   2   1   3   3   1   4  13  19   4   2   3   2   2   3   6   5  13  0.22 0.19
  219 R    -1   5   0  -2  -2  -1  -1   0  -2  -3  -2   2   0  -2  -3  -1   0   3  -2  -3    5  29   5   2   1   2   3   8   1   2   5  14   3   2   1   5   6   3   1   2  0.43 0.34
  220 L     1  -2  -2  -4   0   0  -2  -2  -1   1   2  -1   0   0  -2  -1  -1   5   1   2   10   2   2   0   2   4   2   3   1   7  19   3   2   3   2   4   4   9   4  16  0.27 0.23
  221 V     1  -3  -2  -3  -1  -2  -2   0  -1   1   2  -1   0   0   0   0   0   0   0   2   12   1   2   1   1   2   2   8   2   7  19   3   2   5   4   7   6   1   3  13  0.10 0.13
  222 F    -1  -2  -2  -5  -2  -2  -3  -1  -1   1   1  -2   0   5  -3   0   0   0   0   2    4   3   1   0   1   2   1   6   2   8  14   3   2  22   1   7   6   1   3  12  0.33 0.26
  223 L     0  -1  -2  -4   0  -1  -3  -1  -1   2   2   0   0   1  -4  -1  -1   3   1   2    6   3   2   0   2   2   0   5   2  14  18   8   2   6   0   4   3   5   5  13  0.16 0.18
  224 L     1  -3  -1  -2   2  -3  -2   0   0   1   1  -1   1   2  -1  -1  -1   1   0   1   13   0   2   2   6   0   2   7   3   8  17   3   4  10   2   4   3   2   2   9  0.11 0.15
  225 N     0  -1   0  -1   1  -1  -1  -1  -3   1   1  -1   2  -1   0   0   0   1  -2   1    8   2   5   3   3   2   5   5   0   8  12   2   9   2   4   7   6   2   0  13  0.06 0.12
  226 V     0  -1  -1  -2   2  -2  -2  -1  -1   1   1  -1   1   1  -3   0   1   3   0   1    9   2   2   2   5   0   2   6   2  10  14   5   3   5   0   5   9   5   2  11  0.08 0.13
  227 L     2  -3  -3  -4   0  -2  -3   1  -4   1   2  -2   1   1  -2  -1  -1   2  -1   2   18   0   0   0   2   1   0  11   0   9  18   2   4   6   1   5   4   3   2  15  0.22 0.21
  228 L    -1  -4  -5  -5  -2  -3  -4  -5  -5   1   4  -2   2   0  -2  -3  -1   1  -2   2    5   0   0   0   1   1   0   0   0   6  47   3   5   4   2   2   3   2   1  16  0.63 0.39
  229 L    -1  -2  -1  -3   1  -1  -3  -3   1   2   3  -3   3   0  -4   0   0  -1  -1   2    5   2   3   1   3   3   1   2   4  11  28   0   7   3   0   6   5   1   2  13  0.24 0.21
  230 G     1  -3  -1  -2   0  -3  -3   3  -3   1   1  -2   1   0  -2  -1  -1   1   0   1   13   0   2   2   2   0   0  22   0   9  14   2   3   5   2   3   3   2   3  13  0.18 0.17
  231 L    -1  -4  -5  -5   0  -4  -4  -5  -5   3   5  -4   2   0  -2  -2  -1   1  -3   0    4   0   0   0   2   0   0   0   0  15  52   0   4   3   2   2   3   2   0   5  0.68 0.41
  232 W    -2  -5   0  -1   2  -4  -1  -1  -4  -5  -2  -1   1   0  -5   0  -4  10   1  -1    4   0   4   4   5   0   4   4   0   0   4   4   4   4   0   8   0  43   5   4  1.45 0.68
  233 N     0  -3   0   1   1  -2   0   0   0   0   0  -3   1   0  -1  -1  -1   7   1  -1    8   0   4  10   3   0   7   6   3   5  12   0   4   3   3   4   3  16   4   4  0.29 0.23
  234 F    -1  -1  -3  -4   0  -2  -3  -2  -2   0   0  -2   0   5  -4  -2  -2   8   1   1    5   4   1   0   2   1   2   4   1   4   9   3   2  24   0   2   2  20   4   9  0.63 0.31
  235 L     0  -3  -2  -4   0   0  -1  -4  -3   0   1  -3   8  -2  -4  -1  -1  -3  -3   0    8   0   2   0   2   5   4   1   0   4  11   0  51   0   0   4   2   0   0   3  0.88 0.44
  236 L    -1  -3  -2  -4   0  -3  -3  -3  -3   1   4  -3   1   2  -3  -2  -1  -3  -1   0    6   0   2   0   2   0   1   2   0   8  55   0   3   8   0   3   2   0   2   3  0.48 0.26
  237 L    -1  -3  -3  -4   0  -3  -3  -2  -1   3   2  -3   1   3  -3  -1  -1   3   1   1    3   0   0   0   2   0   0   3   2  19  24   0   3  13   0   4   4   5   4  11  0.28 0.17
  238 C    -1  -3   1  -2   4   0  -3  -2  -3   2  -1  -2   4  -1  -3  -1   1   0  -2   1    4   0   7   1  11   5   0   3   0  17   2   2  17   3   0   3  11   1   0  12  0.26 0.22
  239 T    -2  -3  -1  -3  -3  -3  -3  -1  -4  -3  -2  -3  -3  -4  -3   1   7  -4   0  -3    0   0   3   0   0   0   0   4   0   0   5   0   0   0   0   8  74   0   3   0  1.20 0.55
  240 V     2  -2  -1  -2   2  -1  -2   0  -2   1  -1  -2   0  -2  -2   2   1  -3   0   1   22   2   3   0   5   2   0   5   0   8   5   0   3   0   0  24   6   0   4   9  0.19 0.18
  241 I     1  -3  -3  -4   1  -3  -4  -4  -4   3   3  -2   1  -1  -4  -2  -1   1  -2   3   12   0   1   0   3   0   0   0   0  21  26   2   3   2   0   1   3   2   0  23  0.38 0.24
  242 Y    -4  -3  -1  -3  -1  -4  -4  -5   4  -4  -3  -2  -3   5  -5  -4  -4   3   8  -3    0   1   4   1   1   0   0   0   8   0   0   2   0  21   0   0   0   4  56   1  1.49 0.51
  243 F    -4  -2  -5  -5  -4  -2  -4  -5   0  -3  -1  -4  -2   8  -3  -4  -4   2   6  -3    0   2   0   0   0   2   0   0   1   0   4   0   0  59   2   0   0   2  26   0  1.49 0.48
  244 H    -4  -3  -1  -4  -5   0  -3  -4  10  -5  -5  -3  -4  -4   3  -3  -4  -4   1  -5    0   0   2   0   0   3   0   0  73   0   1   0   0   0  12   0   0   0   4   0  2.07 0.61
  245 Q    -1  -1   2   1  -3   1  -1  -1   2  -1  -2  -1  -2  -3   0   1   4  -4  -2  -2    1   2   8   7   0   6   2   4   5   3   2   3   0   0   4  12  36   0   1   2  0.37 0.25
  246 Y    -2  -3  -4  -4  -3  -2  -3  -3  -1   1   1  -3   4   3   3  -2  -1   5   2   0    2   0   0   0   0   1   0   1   1   8  14   0  12  16  15   2   3   9   8   5  0.50 0.25
  247 T     0  -1  -2  -2  -2  -1  -2  -1  -1   0   1  -1   0   2   3   0   0   0   0   0   10   3   1   1   0   3   1   3   2   6  13   1   2   9  18   9   5   1   2   7  0.18 0.12
  248 H    -3  -1  -3   0  -5   3   6  -4   3  -5  -5  -2  -4  -5  -1   0   0  -5  -4  -5    0   2   0   3   0  15  57   0   8   0   0   0   0   0   2   6   5   0   0   0  1.10 0.49
  249 K    -3   0  -1  -3  -5   2  -1  -4   0  -2  -2   7  -3  -5  -4  -3  -1  -5  -4  -3    1   2   3   0   0  10   1   0   3   3   4  68   0   0   0   0   3   0   0   2  1.12 0.50
  250 V     0  -3  -4  -4  -1  -1  -3  -4  -2   3   3  -3   0   2  -4  -1  -1   1  -1   3    8   0   0   0   1   2   0   0   1  16  27   0   2  10   0   5   2   2   1  24  0.37 0.22
  251 V     1  -3  -2  -3   0  -2  -3  -2  -3   1   2  -2   1  -1  -2   1   2  -3  -2   1   15   0   2   0   2   0   0   2   0   6  22   0   5   2   1  14  18   0   0  11  0.22 0.18
  252 G     1  -4  -3  -4  -4  -4  -4   7  -4  -5  -5  -4  -5  -5  -4  -1  -4  -5  -5  -5   12   0   0   0   0   0   0  81   0   0   0   0   0   0   0   3   0   0   0   0  1.68 0.54
  253 A     1  -3  -3  -3   2  -3  -3   2  -3  -1   1  -2  -1   2  -3   0   1   0   0  -1   13   0   0   0   6   0   0  15   0   2  20   1   1  11   0   7  13   1   3   3  0.17 0.19
  254 A     3  -4  -4  -4  -1  -3  -4  -1  -4   2   2  -3   0   2  -4  -1  -1  -1  -2   1   31   0   0   0   1   0   0   4   0  13  25   0   2   8   0   2   2   1   0  11  0.37 0.25
  255 V    -1  -3  -4  -5   2  -4  -4  -4  -4   3   2  -4   1   4  -4  -3  -1   4  -1   2    5   1   0   0   5   0   0   1   0  22  19   0   3  22   0   1   4   6   0  11  0.49 0.25
  256 G     5  -3  -3  -4  -2  -4  -4   5  -4  -5  -5  -3  -4  -5  -2  -1  -2  -5  -5  -4   46   1   0   0   1   0   0  47   0   0   0   0   0   0   1   3   1   0   0   0  1.17 0.47
  257 T    -1  -3  -4  -3   1   0  -3  -3  -2   2   2  -3   2   1  -4  -2   0   1   4   2    4   0   0   1   4   5   0   2   0  15  17   0   6   5   0   1   6   2  16  17  0.31 0.20
  258 F     1  -3  -4  -4  -1  -3  -4  -1  -4   1   3  -3   0   1  -4   0  -1  -3  -2   2   15   0   0   0   1   0   0   5   0   9  40   0   1   7   0   6   3   0   0  12  0.35 0.22
  259 A     2  -3  -2  -3   5  -2  -1   3  -2  -2  -2  -3   0   0  -3   1   1  -1   0  -1   17   0   1   0  16   1   3  21   1   1   3   0   2   4   1  12   8   1   4   5  0.32 0.21
  260 W    -4  -6  -7  -7  -2  -5  -6  -3  -5  -1  -2  -6  -3   1   0  -5  -4  12   2  -1    2   0   0   0   1   0   0   3   0   3   3   0   1   5   5   0   1  67   5   5  2.67 0.77
  261 Y     1   0  -4  -4  -4  -2  -4  -3   1  -1   0  -3  -1   5  -4  -2  -2   1   5  -1   16   6   0   0   0   1   0   1   4   1   8   1   1  26   0   2   1   2  26   4  0.62 0.32
  262 L    -1  -4  -3  -4  -1  -3  -4   0  -4   3   3  -4   0   2  -4  -2  -1  -1  -1   2    6   0   1   0   1   0   0   9   0  20  27   0   1  11   0   2   3   1   1  17  0.34 0.21
  263 T    -1  -3  -2  -4  -1  -2  -3  -2  -4   2   2  -3   2  -1  -3   0   4  -4  -3   1    4   0   1   0   1   1   0   2   0  11  18   0   5   2   0   6  38   0   0  11  0.47 0.30
  264 Y    -5  -5  -5  -6  -6  -3  -5  -6   1  -5  -3  -5  -4   0  -6  -5  -5  -1  10  -4    0   0   0   0   0   1   0   0   2   0   1   0   0   0   0   0   0   0  92   0  2.73 0.82
  265 G    -2   5  -1  -3  -4   2  -2   0   3  -4  -3   2  -3  -2  -2  -2  -2  -3   2  -2    2  40   3   0   0   8   1   7   8   0   2  11   0   1   1   1   2   0   9   4  0.58 0.30
  266 S    -1  -1  -3  -3   1  -2  -2   1  -2   1   1  -1   0   1  -2  -1   0   3   1   2    1   5   0   0   3   1   1  14   0  10  14   3   2   8   1   4   4   5   5  18  0.13 0.12
  267 W    -3  -5  -5  -6  -4  -4  -5  -4  -5   1   2  -5   0   1  -5  -4  -3  11  -1   0    2   0   0   0   0   0   0   1   0   8  20   0   2   4   0   0   1  51   0   8  1.81 0.53
  268 Y    -2  -3  -5  -5  -5  -4  -3  -4  -1  -2  -1  -4  -3   5   0  -4  -4   1   8  -3    3   1   0   0   0   0   2   1   1   2   4   0   0  25   4   1   0   1  54   1  1.43 0.51
  269 H    -2   4  -2  -3  -4   0  -2  -3   0  -1  -1   2  -1  -4   5  -1  -2  -5  -4  -2    3  27   1   0   0   3   1   1   2   3   8  11   1   0  31   3   1   0   0   3  0.68 0.31
  270 Q    -1   1   1  -2   3   0  -1  -2   1   0  -1   2   0  -2  -2   2   0   2   0  -1    4   8   9   0   7   3   1   1   3   5   6  16   2   0   1  17   7   3   3   3  0.15 0.14
  271 P     0   2   0  -1  -3  -1  -1  -1  -1  -2  -1   0  -2  -3   4   0   0   4  -3  -2    8  12   3   3   0   2   3   5   1   3   7   6   0   0  25   5   7   7   0   1  0.35 0.19
  272 W    -1   0  -2  -4   1  -2  -3  -1  -3   1   1  -3   0   4   0  -2  -2   7   2  -1    5   6   2   0   4   1   1   5   0  10  11   0   2  23   6   1   1  15   5   3  0.44 0.23
  273 S     0  -1  -1  -2   3  -2  -1  -2  -2  -1   1  -1  -1   2   0   3   0  -3  -1   0    4   2   1   0   6   0   2   2   0   3  14   2   1  11   4  33   3   0   2   8  0.20 0.19
  274 P    -4  -5  -3  -3  -5  -4  -4  -5  -5  -1  -2  -4  -2  -4   8  -4  -4  -6  -5   0    0   0   2   1   0   0   0   0   0   5   3   0   1   1  79   0   0   0   0   8  2.11 0.60
  275 G    -1  -1  -1  -2   1  -3  -3   6  -3  -4  -4  -1  -2  -3   2  -1  -2  -4  -1  -3    3   4   1   2   3   0   1  60   0   0   0   3   1   1  10   3   2   0   3   2  0.85 0.33
  276 S    -1   1  -3  -4   1  -2  -1  -4  -3   0   4  -2   3  -2   0   0  -1   0  -2   0    3  10   0   0   3   1   3   0   0   2  45   0   9   0   5   9   2   2   1   4  0.34 0.23
  277 P    -2  -5  -5  -5  -2  -4  -4  -5  -1  -5  -6  -4  -5  -6   9  -4  -4  -7  -6  -2    3   0   0   0   1   0   0   0   2   0   0   0   0   0  91   0   0   0   0   3  2.65 0.69
  278 G    -1  -2  -1  -1   0  -2  -3   6  -4  -5  -5  -3  -4  -1   3  -1  -3  -4  -4  -4    2   2   2   3   2   1   0  66   0   0   0   0   0   3  14   2   0   0   0   0  1.10 0.36
  279 H     1  -1   0   2  -2   3   2  -2   2   0  -1   1  -2  -3  -1   0   0  -3  -1  -1   14   0   2  10   1  15  19   0   5   6   4   8   0   1   2   3   5   0   1   4  0.20 0.14
  280 G    -1  -4   1  -3  -4  -3  -3   6  -1  -1  -4  -3  -4  -1  -4   0  -2  -4  -4  -2    3   0   6   0   0   0   0  69   1   4   0   0   0   3   0   7   2   0   0   4  1.02 0.33
  281 L    -1  -3  -3  -3  -1  -3  -3   0  -2   2   3  -1   1  -1   3  -2  -1  -3  -2   1    2   0   0   1   1   0   0   7   1  10  39   5   2   2  14   2   3   0   0  10  0.29 0.16
  282 F    -3  -4  -1  -5  -3  -4  -4  -5  -3   0   2  -4  -1   6   0  -4  -3  -1   2   1    0   0   4   0   0   0   0   0   0   3  26   0   0  47   5   0   0   0   4  11  0.76 0.27
  283 P    -1   2   2  -1  -3   0   0  -3  -2  -2  -2   2  -1  -3   4   0   0  -4  -2  -1    1  15  16   0   0   3   4   0   0   1   4  18   2   0  20   6   5   0   1   4  0.39 0.15
  284 R    -1   2  -2   0  -3   1  -2  -3   2   0  -2   0  -2   0  -3  -2   2  -1   6  -2    4  12   0   7   0   6   0   0   5   9   0   6   0   0   0   0  16   0  36   0  0.45 0.21
  285 P    -2   1  -2  -2  -3   3   0  -2  -2  -2  -2   0   2  -3   5   0  -1  -3   1  -1    0  10   0   0   0  22   2   3   0   2   0   2   8   0  29   6   3   0   7   5  0.50 0.18
  286 H     0   1   2   1  -3   2   1  -1   3  -2  -2   1  -2  -3   1   1  -1  -4  -2  -3    5   6  13   9   0  14   8   3  11   1   6   9   0   0   5  11   0   0   0   0  0.23 0.09
  287 S    -1   1  -1  -1  -3   0   2   1   1  -2  -3   1  -1  -3   3   1   1  -4  -2  -2    1   9   0   0   0   3  15  11   5   1   0  13   2   0  18  11   8   0   0   2  0.32 0.10
  288 S     1   1  -1  -2  -2   0  -1  -2  -2  -2  -1   2   0   0   1   2   1  -3   0  -1   15   5   0   0   0   4   0   0   0   0   6  18   3   5   5  26   8   0   4   2  0.18 0.10
  289 R    -1   4   0   1  -4   2   0  -3  -1  -2  -3   2  -2  -4   0  -1  -1  -4  -3   1    2  35   2  10   0  11   3   0   0   0   0  16   0   0   3   0   3   0   0  14  0.39 0.14
  290 K    -2   5   0  -1  -4   2   2  -2   1  -4  -3   3  -2  -4  -3  -1  -2  -4  -3  -2    0  37   3   0   0   7  15   2   4   0   0  26   0   0   0   2   0   0   0   3  0.58 0.17
  291 H    -1   2   3  -1  -3   2   0  -2   5  -4  -3   1  -2  -2  -2   1  -1  -2   2  -3    0  13  17   0   0  12   0   0  22   0   0  11   0   0   0  16   0   0   9   0  0.41 0.10
  292 N    -2  -1   7   0  -3  -1  -1  -1   0  -4  -4  -1  -3  -4  -3   2   0  -5  -3  -4    0   0  81   0   0   0   0   0   0   0   0   0   0   0   0  19   0   0   0   0  0.97 0.15

                      K         Lambda
Standard Ungapped    0.1430     0.3298
Standard Gapped      0.0426     0.2670
PSI Ungapped         0.1393     0.3179
PSI Gapped           0.0426     0.2670
