
Last position-specific scoring matrix computed, weighted observed percentages rounded down, information per position, and relative weight of gapless real matches to pseudocounts
            A   R   N   D   C   Q   E   G   H   I   L   K   M   F   P   S   T   W   Y   V   A   R   N   D   C   Q   E   G   H   I   L   K   M   F   P   S   T   W   Y   V
    1 M    -3  -4  -4  -5  -4  -3  -4  -5  -4  -1   0  -4  10  -2  -5  -4  -3  -4  -3  -1    0   0   0   0   0   0   0   0   0   0   2   0  98   0   0   0   0   0   0   0  2.17 0.49
    2 A     4  -2  -2   0  -2  -1   1   0  -2  -3  -3  -1  -2  -4   0   1   2  -4  -3  -2   46   0   0   6   0   0  12   7   0   0   0   2   0   0   4   9  15   0   0   0  0.41 0.18
    3 A     2   2  -1   1  -3   0   2  -1  -2  -3  -3  -1  -1  -2   1   2  -1  -4  -3  -1   27  13   1   7   0   1  14   1   0   0   0   1   2   2   5  22   0   0   0   4  0.30 0.18
    4 G     3  -2   0   1  -3  -1   1   0   0  -3  -3  -2  -3  -4   2   2   1  -4  -3  -2   30   1   3   8   0   0  12   7   2   0   0   0   0   0  10  16   9   0   0   2  0.36 0.19
    5 S     1   1   0   1  -3   0   2  -1   0  -4  -4   1  -2  -4  -1   3   1  -4  -3  -3   12   6   2   8   0   2  18   3   2   0   0   7   1   0   2  29   6   0   0   0  0.37 0.21
    6 T    -1  -1   0   3  -4  -1   2  -1  -3  -5  -5   0  -4  -4  -3   4   0   3  -4  -4    2   2   4  19   0   2  13   4   0   0   0   5   0   0   0  41   3   4   0   0  0.62 0.32
    7 T    -1   0  -4  -3  -3  -1  -2  -4  -4   3   2  -3   0  -2  -3  -2   1  -4  -3   3    5   6   0   1   0   2   2   0   0  17  24   0   1   0   1   1  10   0   0  29  0.42 0.23
    8 L     0  -1  -2  -3  -3  -2   0  -3  -3   2   3  -1   0   0  -3  -2  -1   0  -2   2    8   3   2   0   0   0   7   2   0  11  35   4   0   3   0   1   3   1   0  19  0.27 0.18
    9 R     0   2  -1   2  -4   2   3  -1   1  -3  -3   2  -3  -4  -2   0  -1  -4  -3  -3    6  15   1  10   0   7  26   5   3   1   1  13   0   0   1   7   3   0   0   0  0.42 0.22
   10 A     2   0  -1  -3  -2   0   0  -2  -3   1  -1   2  -1  -3  -3  -1   0  -4  -1   1   26   5   2   0   1   4   7   1   0   8   6  19   1   0   0   1   4   0   2  14  0.22 0.19
   11 V    -1  -3  -5  -5  -3  -3  -5  -5  -5   4   2  -4  -1  -3  -5  -4  -3  -5  -3   5    6   1   0   0   0   1   0   0   0  31  18   0   0   0   0   0   0   0   0  43  0.93 0.38
   12 G    -1   1   0  -2  -2   3   2  -1   0  -1   1   2   0  -2  -3  -1  -1  -1  -2   0    2   5   3   0   0  17  16   4   2   3  16  14   3   1   0   4   3   1   1   5  0.19 0.16
   13 K    -3   2  -2  -3  -5   1   1  -3   6  -5  -2   5  -3  -4  -4  -2  -3  -4   1  -3    0  11   1   0   0   4   7   1  26   0   4  38   0   0   0   2   0   0   4   1  0.93 0.40
   14 L    -3  -5  -3  -6   1  -4  -5  -6  -3   0   4  -4  -2   2  -4  -4  -4  -2   7  -2    1   0   1   0   4   0   0   0   0   4  43   1   0   7   0   0   0   0  38   1  1.16 0.45
   15 Q    -2   0  -2  -2   1   6  -1  -1   2  -3  -1   3   1  -4  -3  -2  -2  -4  -3  -3    2   3   1   2   4  43   0   5   6   1   5  20   4   0   0   1   2   0   0   1  0.73 0.36
   16 V     0   2  -1   2  -4   1   2  -2   0  -2  -1   2  -2  -1  -3   0  -1  -4  -3  -1   10  12   0  15   0   5  15   2   2   2   5  17   0   3   0   8   1   0   0   5  0.25 0.17
   17 R    -2   4  -1  -1   1   2  -2  -3   2  -4  -2   3   1  -4  -3   1   0  -4   0  -3    0  32   2   3   4   9   0   1   5   0   4  16   4   0   0  11   6   0   3   0  0.49 0.27
   18 L    -4  -5  -6  -6  -1  -5  -5  -6  -5   4   5  -5   3  -2  -5  -4  -3  -4  -1   0    0   0   0   0   1   0   0   0   0  25  64   0   6   0   0   1   0   0   2   2  1.16 0.43
   19 A     1  -1  -1   0   4   1   2   0  -2  -1  -2   0  -2  -3  -1   1  -1  -4  -3  -1   15   3   2   4  12   6  20   5   0   3   3   7   0   0   3  11   2   0   0   4  0.23 0.17
   20 T     0   3   1   2  -2   1   1  -2   1  -4  -3   2  -3  -3  -2   1   1  -1  -2  -3    6  18   6  16   1   7   6   1   4   0   0  12   0   1   1   9  10   1   1   1  0.32 0.18
   21 K     0   1   2   0   0  -1   3   0   1  -3  -3   1  -3  -4  -3   2   0  -4  -1  -3    5   6  13   3   2   0  20   7   4   1   1   9   0   0   0  19   5   0   2   1  0.31 0.19
   22 T     0  -1   2  -1  -1   1  -1  -1   0  -2  -3  -1  -2  -4   3   1   3  -4  -2  -1    7   2  12   2   2   9   1   3   3   2   1   3   0   0  18  11  20   0   1   4  0.35 0.20
   23 E    -1  -2   2   5  -4  -1   4  -2   0  -3  -4   0  -2  -4  -2  -1  -1  -5  -4  -3    4   0   9  38   0   1  27   2   2   1   1   5   1   0   2   3   4   0   0   1  0.74 0.30
   24 P    -1  -3  -1   2  -4  -1   1  -2  -2  -3  -2   0  -3  -4   5   1   1  -4  -4  -3    4   0   3  12   0   1  12   3   1   0   4   4   0   0  35  11   8   0   0   1  0.67 0.26
   25 K     0   3  -2   2  -4   0   4  -1   0  -4  -3   2  -3  -4  -3   0  -1  -4  -3  -3    8  19   0  12   0   2  31   5   2   0   1  12   0   0   0   7   2   0   0   1  0.51 0.25
   26 K    -1   3  -3  -3  -5   2  -1  -1  -2  -5  -4   6  -3  -5  -4  -1  -1  -5  -4  -2    3  14   0   0   0   7   2   4   1   0   1  59   0   0   0   2   4   0   0   2  0.98 0.41
   27 L    -1  -2  -4  -2  -3  -2  -4  -5  -4   3   4   0   3  -2  -4  -3  -1  -4  -3   2    4   1   0   2   0   1   0   0   0  19  41   8   7   0   0   0   2   0   0  15  0.53 0.26
   28 E    -1  -2  -4  -4  -3  -1  -2  -2  -1   1   4  -3   2   1  -4  -2  -3   0   3  -1    6   2   0   0   0   3   3   4   1   8  48   1   4   4   0   2   0   1  12   2  0.44 0.24
   29 K    -3   3  -1   0  -5   2   0  -3   6  -4  -4   4  -1  -4  -3  -2  -2  -4   1  -4    1  14   1   6   0   8   5   1  23   0   0  31   2   0   1   1   1   0   5   0  0.77 0.33
   30 Y     1  -2  -3  -3   6  -3  -3  -4  -2   1   0  -3  -1  -2  -3  -1   2  -3   4   1   12   3   0   1  19   0   0   0   0  10   9   0   1   0   1   4  17   0  16   9  0.47 0.26
   31 L    -4  -5  -6  -6  -4  -5  -5  -6  -5   3   5  -5   0   0  -5  -5  -4  -4  -3  -1    0   0   0   0   0   0   0   0   0  19  76   0   1   4   0   0   0   0   0   1  1.33 0.45
   32 Q    -2   2   2   0  -4   2   2   0   0  -4  -3   3  -1  -3  -3   0  -1  -1  -2  -4    1  12  10   3   0  12  11   7   2   0   2  27   1   0   0   7   2   1   1   0  0.42 0.22
   33 K    -2   4  -2  -3  -5   0   1  -4  -2  -4  -3   6  -4  -5  -4  -1  -1  -5  -3  -4    1  25   1   0   0   1   6   0   0   1   1  54   0   0   0   3   4   0   1   1  1.06 0.41
   34 L    -4  -5  -6  -7  -4  -5  -6  -7  -6  -1   6  -5   1  -1  -6  -5  -4  -4  -4  -2    0   0   0   0   0   0   0   0   0   1  96   0   2   1   0   0   0   0   0   0  1.75 0.56
   35 S     0  -1   2   1   1   1   1  -1   0  -3  -2   1  -2  -1  -3   3   0  -3   2  -2    5   1  10   9   3   6   7   3   2   0   4   8   0   2   0  27   3   0  10   1  0.24 0.18
   36 A     0   2   1   2  -3   0   1   0   0  -3  -3   2  -3  -4  -3   1   0  -4  -3  -1    6  12   8  13   0   3  10   5   2   0   0  17   0   0   0  14   4   0   0   5  0.29 0.16
   37 L    -3  -4  -5  -5  -2   0  -4  -5  -4   1   5  -4   2   1  -5  -3  -3   0  -1   2    0   0   0   0   1   4   0   0   0   7  62   0   3   5   0   1   0   1   1  14  0.84 0.33
   38 P    -1  -1   0   2  -5  -2   0  -4  -2  -5  -5  -1  -5  -6   7  -1  -2  -6  -5  -5    4   3   5  10   0   1   5   0   1   0   0   4   0   0  62   3   2   0   0   0  1.52 0.46
   39 M    -3  -4  -5  -5  -3  -4  -5  -5  -5   5   1  -1   6  -2  -5  -2  -3  -4  -3   3    0   0   0   0   0   0   0   0   0  34   8   4  28   0   0   3   0   0   0  23  1.00 0.39
   40 T    -3  -1   1  -2  -2  -3  -2  -3  -4  -3   1   0  -3  -4  -4   0   6  -5  -4  -3    0   2   7   1   1   0   1   1   0   0  15   4   0   0   0   6  62   0   0   0  0.94 0.42
   41 A     0  -1  -4  -4   0  -3  -4  -1  -4   2   3  -3   0  -1  -4  -2  -1  -4  -1   4    6   3   0   0   2   0   0   5   0   8  34   0   1   1   0   1   3   0   2  33  0.46 0.24
   42 D    -2  -2   1   5  -5   2   3  -2   2  -5  -4   0  -4  -5  -3   0  -1  -5  -4  -4    2   1   4  39   0  10  21   2   6   0   1   3   0   0   1   6   3   0   0   0  0.78 0.32
   43 I    -3  -2  -3  -2   1  -3  -1  -5   5   5   2  -3   0  -2  -4  -2   0  -4  -1   1    0   1   1   2   3   0   3   0  19  40  17   0   1   0   0   2   5   0   1   5  0.64 0.30
   44 L    -4  -5  -6  -6  -4  -5  -5  -6  -5   0   6  -5  -1   0  -5  -5  -4  -4  -3   0    0   0   0   0   0   0   0   0   0   4  88   0   0   3   0   0   0   0   0   5  1.47 0.48
   45 A     2  -1  -2  -2  -3   5   1  -2  -2  -3  -2   0   0  -4  -3   2   0  -4  -3   0   17   1   0   0   0  34   9   1   1   0   3   5   2   0   0  15   5   0   0   6  0.51 0.29
   46 E     0   1  -1   1  -5   2   5  -3  -2  -4  -4   1  -2  -5  -3   0  -1   2  -4  -3   10   6   2   6   0   8  47   1   0   0   0   8   1   0   0   4   2   3   0   2  0.70 0.32
   47 T    -3  -4  -3  -4  -4  -4  -4  -5  -5   0  -3  -4   1  -5  -4   0   7  -6  -5  -3    0   0   0   0   0   0   0   0   0   5   2   0   4   0   0   5  84   0   0   0  1.76 0.62
   48 G    -3   0   2  -4  -3  -4  -4   6  -4  -6  -5  -1  -2  -6  -5  -2  -4  -5  -5  -3    0   6   9   0   1   0   0  76   0   0   1   3   1   0   0   1   0   0   0   2  1.52 0.49
   49 I    -3  -5  -6  -6  -4  -5  -5  -6  -5   5   0  -5  -1   2  -5  -5  -3  -4  -3   5    0   0   0   0   0   0   0   0   0  44   6   0   0  10   0   0   0   0   0  40  1.20 0.42
   50 R    -3   3  -3  -4  -6   0  -4   7  -4  -7  -6  -3  -5  -6  -5  -3  -4  -5  -6  -6    0  15   0   0   0   4   0  81   0   0   0   0   0   0   0   0   0   0   0   0  1.83 0.56
   51 K    -3   4  -3  -3  -5   1   0  -4   0  -2  -4   6   1  -5  -4  -1  -3  -5  -4  -3    0  27   0   0   0   4   4   1   2   3   1  50   4   0   0   4   0   0   0   1  1.06 0.46
   52 T     1  -3  -1  -3   1  -2  -3  -3  -3  -2  -2  -2  -1  -1  -3   1   5  -4   0   1   14   0   3   0   3   1   0   0   0   1   3   2   1   2   0   9  46   0   4  10  0.60 0.35
   53 V    -2  -5  -6  -6  -4  -5  -6  -6  -6   2   0  -5   0  -4  -5  -5  -3  -6  -4   7    1   0   0   0   0   0   0   0   0   9   8   0   2   0   0   0   0   0   0  81  1.60 0.58
   54 K    -3   0   7  -2  -2  -3  -2  -3   2  -6  -6   3  -5  -6  -5   0  -3  -7  -5  -6    1   3  64   0   1   0   2   1   4   0   0  19   0   0   0   6   0   0   0   0  1.57 0.61
   55 R     1   2   0  -3  -1   0  -2   2  -1  -4  -2   2  -3  -5  -3   4  -1  -5  -4  -4    9  11   3   0   1   4   1  16   1   1   3  11   0   0   0  36   1   0   0   0  0.49 0.31
   56 L    -2  -5  -5  -6  -1  -4  -5  -5  -5   1   5  -5   0   3  -5  -3  -3   1  -1   0    3   0   0   0   1   0   0   0   0   7  66   0   1  10   0   2   0   2   1   4  1.00 0.42
   57 R    -4   7  -4  -5   2  -1  -3  -5  -4  -6  -5   4  -5  -6  -5  -1  -4  -6  -5  -3    0  61   0   0   4   2   0   0   0   0   0  28   0   0   0   3   0   0   0   2  1.66 0.62
   58 K    -3   2   2  -1  -6   0  -2  -2   1  -6  -5   6  -4  -6  -4   0  -3  -6  -4  -5    1   7   9   3   0   2   1   3   4   0   0  62   0   0   0   7   1   0   0   0  1.17 0.51
   59 H    -4   0  -1   2  -5   2   2  -3   7  -4  -2   0  -2  -2  -4  -1  -3  -4   3  -5    0   5   2  14   0   8  17   1  28   1   3   5   1   1   0   4   0   0  11   0  0.79 0.38
   60 Q    -2  -3  -2   1  -5   2   4   2  -3  -5  -5   1  -4  -5   3   0  -2  -5  -3  -4    1   0   1   9   0   8  32  17   0   0   0   7   0   0  14   8   1   0   1   1  0.65 0.34
   61 H    -1   0  -1   2  -4   1   3  -2   2  -1   0   0  -2  -2  -2   0   0  -4  -2  -1    5   3   1  13   0   8  28   2   5   3  10   3   0   1   1   5   5   0   1   5  0.27 0.19
   62 V     1  -1  -4  -4  -3  -2  -4  -2   0   2   1  -2  -1  -1  -4  -1  -1   0   2   4   12   3   0   0   0   2   0   2   3  10  12   2   0   2   0   5   1   1   8  38  0.40 0.26
   63 G     0  -4  -3  -2  -5  -1  -2   6  -4  -2  -4  -1  -4  -5  -3   1  -3  -5  -5   0    5   0   0   1   0   2   2  62   0   2   1   3   0   0   1  12   1   0   0   8  1.05 0.44
   64 D    -1  -1   1   3  -4   0   3  -2  -1  -2  -3   0  -3  -3   1   1   1  -5  -3  -1    4   3   8  19   0   2  22   3   1   1   1   3   0   1   6  11  10   0   0   6  0.35 0.22
   65 F     1   0  -1  -1  -2  -1   0  -3  -2  -1   1   0   1   3  -1  -1   0  -3   0   0   18   6   3   4   0   2   6   0   0   2  17   6   3  15   2   3   6   0   1   6  0.10 0.13
   66 A     6  -1  -4   0  -4   0  -3  -1  -4  -4  -4  -3  -4  -5  -1   0  -3  -6  -5   0   71   3   0   5   0   4   0   4   0   0   0   0   0   0   2   5   0   0   0   6  1.09 0.52
   67 R    -2   4   0  -3   1   1  -1  -4  -3  -3  -3   5  -4  -3  -4   0  -1  -5  -4  -4    2  22   5   0   3   5   1   0   0   1   3  48   0   1   0   6   3   0   0   0  0.91 0.43
   68 D     0   1   1   1  -1   0   3   0   0  -1  -2   1  -3  -2   0   1   0  -4  -3  -2    6   9   7   7   1   3  21   6   2   4   2   6   0   2   4  14   4   0   0   2  0.22 0.16
   69 L    -4  -5  -1  -6  -4  -5  -6  -6  -5   3   5  -5  -2  -3  -6  -5   1  -5   1   2    0   0   3   0   0   0   0   0   0  14  59   0   0   0   0   0   8   0   5  11  1.06 0.45
   70 A     0  -4  -1  -2  -4  -4  -4  -5  -4   2  -1  -4   1  -3  -1   1   0  -5   0   5    7   0   4   2   0   0   0   0   0  13   3   0   3   0   3  14   6   0   4  41  0.60 0.34
   71 A     1   1   0  -1  -3   0   1   0   0  -2  -2   2  -1  -2   1   1   0  -4  -1  -1   14   7   5   3   0   2   7   5   2   2   2  16   2   2   7  13   4   0   2   3  0.14 0.15
   72 R    -1   2   0   0  -4   1   0  -1   3  -2  -2   4   1  -4  -3   1   0  -4  -1  -2    3   9   3   5   0   6   6   4   7   2   2  31   4   0   0  10   4   0   2   2  0.36 0.26
   73 W    -1   2  -1  -1  -3   0   1   1   4  -3  -3  -1  -2  -1  -3   1  -1   6   3  -3    0  14   0   0   0   0  14  14  14   0   0   0   0   0   0  14   0  14  14   0  0.40 0.12
   74 K    -3   2  -3  -4  -5  -2   0  -1   1  -5  -2   6  -4  -5   0   1  -3  -6  -4  -1    0  10   0   0   0   0   6   4   4   0   5  51   0   0   5  11   0   0   0   5  0.86 0.49
   75 K    -1   1   0   1  -4   1   2   0   1  -1  -2   2   0  -3   0   0   0  -4   0  -1    4   8   4   8   0   6  14   6   3   4   3  16   3   0   5   6   5   0   3   4  0.16 0.16
   76 L    -1  -1  -1  -3  -3   0  -1  -1   0   0   2   0   4   0  -1  -1  -1  -4  -2   0    5   3   3   0   0   5   3   5   3   5  21   6  17   5   3   5   4   0   0   5  0.19 0.23
   77 V     1  -1   1  -1  -3   0  -1  -1   1   0   1  -3  -2   0   0   0   0  -3   1   2   10   3   7   4   0   3   3   4   4   4  12   0   0   4   4   6   4   0   6  23  0.11 0.18
   78 L     0   0   0   0   2   1   0  -3   2   0  -1   0   1   0   0   0   0  -2   1   0    6   6   5   6   5   5   6   0   5   6   6   6   5   5   6   6   6   0   5   6  0.05 0.09
   79 V     1   0   0   0  -3   2   0  -2   0  -1  -1   2  -1  -1   0   1   0  -3  -1   0   10   4   3   4   0  11   6   2   2   2   5  15   2   2   5  13   4   0   2   8  0.12 0.15
   80 D     0   0   0   2   0   0   3   0   0  -2  -3   0   0  -4   0   0   0  -4  -3  -2    9   5   4  10   2   4  26   9   2   2   1   3   2   0   5   8   6   0   0   2  0.27 0.25
   81 R     0   2   1   0   0   1   2   0   0  -3  -2   1   0  -2   1   1   0  -3  -2  -1    8  12   5   3   2   5  14   8   2   0   3   7   2   2   7  10   5   0   0   3  0.15 0.16
   82 N     0   0   1   0   1   1   1  -1   2  -1  -2   1   0  -3   1   1   1  -4  -2  -1    5   4   9   6   3   8   9   3   6   3   3   8   2   0   6  11  10   0   0   3  0.14 0.16
   83 T     0   2   1   0  -3   1   1  -1   0  -1  -1   0  -2  -1   0   2   0  -4  -3  -1    6  12   7   3   0   6   7   3   3   3   5   6   0   2   5  23   6   0   0   3  0.18 0.21
   84 G    -1   1   1   0  -4   1   2   0   1  -2  -1   2  -2  -4   1   1  -1  -1  -2  -2    3   9   7   5   0   5  13   9   3   2   7  12   1   0   8   9   3   1   1   2  0.17 0.19
   85 P     0   1   0   0  -2   1   1   0   0  -2  -3   0  -3  -2   3   1   1  -5  -4  -1    6   7   4   4   1   7  11   8   2   2   1   6   0   1  16  13   7   0   0   4  0.27 0.25
   86 D    -1   0   0   3  -2  -1   3  -1   1  -1  -2   1  -2  -5  -2   1  -1  -5  -2  -2    4   6   4  18   1   2  22   5   4   3   4   7   1   0   2  10   3   0   1   3  0.33 0.30
   87 P    -1   1   0   1  -4   0   2  -1   2  -4  -3   2  -3  -2   2   1   0  -1  -2  -1    4   6   4   8   0   4  14   4   5   0   2  12   0   2  12  11   4   1   1   5  0.26 0.25
   88 Q     0   1   0   0  -4   2   1   0   1  -1  -1   1  -1  -3   1   1   0  -4  -3  -1    7   9   4   4   0  12  10   8   4   3   7   7   2   1   6   9   4   0   0   3  0.14 0.17
   89 D    -1  -1   1   3  -1   0   2  -2   1  -4  -3   1  -4  -1   0   1   0  -5   0  -1    4   2   8  19   1   5  14   2   3   0   2  10   0   2   4   9   5   0   3   5  0.32 0.29
   90 P    -1   0  -1   0  -1   0   1  -1   2  -2  -2   0  -1   0   3   1  -1   1  -1  -1    4   5   3   5   1   4   8   4   5   3   2   7   2   5  18  11   4   2   2   5  0.21 0.21
   91 E    -1   0   0   0  -4   0   3  -1   0  -2  -2   0  -1  -2   1   1   0  -4  -1   0    5   6   4   5   0   4  20   4   2   2   4   6   2   2   8  13   5   0   2   7  0.19 0.21
   92 E    -1   1   1   1  -4   0   2  -1   1  -4  -2   2  -3  -1   0   1   0  -4  -1  -2    4   6   8   9   0   4  16   4   4   0   5  13   0   3   5   9   4   0   3   3  0.20 0.21
   93 S    -1  -1   1   0   0   1   1  -1   1  -2  -2   1   0  -2   0   3   1  -4  -3  -1    4   3   6   5   2   5   9   4   4   2   3   8   3   2   4  24   8   0   0   3  0.20 0.23
   94 A     0   1   0   0   0   0   0  -1   3   0  -1   0  -1  -1   1   1   0   1  -1  -1    9   7   5   6   2   4   5   5   8   5   4   7   2   3   6  11   4   3   2   4  0.07 0.10
   95 S    -1  -1   1  -1  -4   0   0  -1   2  -2  -3   1  -2  -2   0   4   0  -5  -2   0    4   3   6   4   0   3   6   4   5   3   2   8   1   2   5  31   6   0   1   7  0.30 0.32
   96 R    -1   2   0   0   1   0   1  -1   3  -3  -2   2  -3  -4   2   1  -1  -4   0  -1    5  12   4   4   3   3  10   5   9   1   4  11   0   0  10  10   3   0   3   5  0.23 0.23
   97 Q     0   0   0   1  -1   0   1  -2   2  -2  -2   2  -1  -2   2   2  -1  -4  -1  -2    6   6   4   7   2   4   9   2   5   2   3  13   1   2  11  15   3   0   2   3  0.21 0.22
   98 R    -1   2   1   1  -4   0   0  -2   2  -1  -2   2  -1  -4   0   1   0   0  -1  -2    5  14   6   8   0   4   6   2   5   3   4  12   1   0   5  12   5   2   2   2  0.19 0.22
   99 F    -1   0   1   0  -1   1   0  -1   1   0  -1   1  -1  -1   2   0   0  -3  -1   0    4   5   6   6   2   7   5   4   4   5   7   9   2   3   9   8   7   0   2   5  0.07 0.08
  100 G    -1   1   0   0  -1   1   1   1   2  -3  -3   2  -1  -1   1   1  -1   0  -2  -2    4   7   5   6   1   6   8   9   7   1   2  11   1   2   8  13   3   1   1   3  0.16 0.18
  101 E    -1   0   1   2  -5   2   2  -2   0  -2  -2   2  -1  -2   0   1   0  -5  -4  -2    4   5   5  10   0   8  15   3   2   2   4  13   1   2   4  13   4   0   0   3  0.26 0.27
  102 A     1  -1   0   0  -1  -1   2  -1   2  -2  -2   1  -2  -3   1   2   0  -5  -1   0   11   3   3   6   1   2  14   3   4   2   3   7   1   1   7  15   5   0   2   6  0.17 0.20
  103 L    -1   1  -1   1  -1   1   0  -2  -1  -1   0   2  -1  -1   1   1  -1  -1   0  -1    4   8   2   9   1   7   6   2   1   3  10  12   1   3   6  13   4   1   3   3  0.11 0.15
  104 Q    -2   0   0   1   0   2   1  -1   2  -1  -2   2  -1  -3   2   1   0   0  -2  -2    2   5   5   7   2  10   9   5   5   3   4  12   2   1   9  11   5   1   1   2  0.20 0.22
  105 E    -1   0   0   1   1   1   1  -1   3  -3  -2   2  -4  -2   1   2  -1  -5  -2  -2    4   5   5   8   3   6   9   5   7   2   3  11   0   2   7  18   3   0   1   2  0.24 0.25
  106 R    -1   0   1   1  -5   1   2   0   0  -3  -3   2  -4  -2   2   2  -1  -5  -2  -3    3   6   6   9   0   5  12   8   2   1   3  12   0   1  10  15   3   0   1   1  0.27 0.27
  107 E    -1   1   1   1  -5   1   4  -3   2  -2  -2   1  -4  -5   1   1  -1  -1  -2  -3    4   7   6   6   0   7  26   2   5   2   4   8   0   0   8  10   3   1   1   2  0.36 0.33
  108 K    -1   1   1   0  -1   0   1  -1   0  -1  -2   3   0  -2   1   0   0  -4  -1  -1    3   8   6   5   1   4  12   3   2   3   4  19   2   1   7   9   5   0   2   4  0.18 0.20
  109 A     0   0   0   1  -1   0   0   0   0  -1  -2   1  -1  -2   1   1   0  -4  -3  -1    7   6   4   8   2   3   6   9   3   3   4  11   2   1   6  14   5   0   0   5  0.10 0.13
  110 W     0   1  -1   1   0   1   1  -1   0  -1  -1   1   0  -1   0   0   0   3   0  -1    7   7   3   8   2   6   9   5   3   3   5  10   2   2   4   8   4   4   4   4  0.08 0.09
  111 G    -1  -1   1   1   0   0   1   1   1  -2  -2   1  -1  -1   1   1   1  -4  -3  -1    3   3   5   7   2   4  10  10   4   2   3   8   2   4   7  12   8   0   0   5  0.13 0.16
  112 F    -1   0   0   0   0  -1   1  -1   3  -2  -1   1  -1   0   1   1   0  -3   1  -1    5   6   4   6   2   2   8   5   9   2   5   9   2   4   7  10   7   0   4   4  0.10 0.13
  113 P    -1   1  -1   1  -1   1   2  -1   1  -1  -2   1  -3  -4   3   1  -1  -5   0  -2    6   8   3   8   2   6  11   4   3   4   4   7   0   0  13  12   4   0   3   3  0.21 0.22
  114 E    -1   0   1   0   0   0   3  -2   2  -3  -2   1  -1  -2   1   1   0  -4   0  -2    5   5   6   5   2   4  22   2   4   1   4   8   1   2   6   9   7   0   3   3  0.22 0.23
  115 N    -1   1   2   0   0  -1   0  -2   1  -2  -3   1  -4  -2   0   3   0  -5  -1  -2    3   7  10   6   2   2   5   3   4   2   3   9   0   2   5  28   6   0   2   3  0.30 0.31
  116 A     0   0   0   1  -1   0   2   0   1  -2  -2   1  -3  -1   1   1  -1   1  -1  -1    7   6   4   7   2   2  14   6   4   2   4   9   0   3   6  10   4   3   2   6  0.11 0.13
  117 T    -2   1   1   1  -1   1   1  -2   1  -3  -2   3  -1  -1   0   1   0  -4   0  -1    2   7   7   9   1   5   9   3   4   1   3  20   1   2   4   9   6   0   3   5  0.22 0.23
  118 A     0   0   0  -1   0   0   1  -2   0   0  -2   2  -1  -2   1   1   0  -4   0   0    9   5   4   3   2   3   9   3   3   4   4  13   1   2   8  10   5   0   3   9  0.10 0.13
  119 P    -2  -1   0  -1  -5   0   0  -1   0  -2  -3   2  -2  -1   2   3  -1  -5   0  -2    2   3   5   3   0   4   7   5   2   2   2  15   1   2  11  26   3   0   3   2  0.35 0.35
  120 R    -1   2   1   0   2   0   0  -1   1  -2  -3   1  -3  -3   1   2  -1  -4  -1  -1    3  13   6   5   5   5   5   3   4   2   2   9   0   1   8  17   3   0   3   6  0.22 0.25
  121 S    -2   1   0   1  -1   0   1  -3   1  -3  -3   1  -2  -5   0   4  -1  -1  -1   0    3   6   4   7   1   4   8   2   4   1   2   8   1   0   5  32   3   1   2   6  0.36 0.36
  122 P    -2   1  -1   0  -2   1   1  -2   3  -2  -2   1  -1  -2   3   2  -1  -5  -2  -1    3   7   2   5   1   7   9   2   6   2   5   7   1   1  16  17   3   0   2   4  0.28 0.29
  123 S    -1  -1   1  -1  -1   0   0  -2   2  -2  -2   1   0  -1   1   3   0   0  -4  -1    5   3   6   4   1   4   6   3   4   2   3   9   2   2   7  26   7   1   0   4  0.24 0.27
  124 H     0  -1   0   1   0  -1   0   0   3  -2  -3   1  -1  -2   0   2   0   0   0  -2    6   3   5   7   2   2   6   7   8   3   2  10   1   1   5  19   5   1   3   3  0.18 0.21
  125 S     1   1   0   1  -4   0   0  -1   1  -2  -5   1  -4  -2  -1   3   0  -5  -2  -2   11   7   4   9   0   4   7   4   3   2   0   9   0   2   4  25   5   0   2   2  0.32 0.32
  126 P    -1   0   0   1   0   0   0  -1   2  -1  -1   1   0  -1   2   1   0  -4   0  -1    5   5   5   7   3   3   6   4   5   3   4  11   3   3  11  12   5   0   3   3  0.12 0.14
  127 E    -1   0   1   1   0   0   3  -1   2  -1  -2   1   0  -3   1   0  -1   2   0  -1    5   4   6   7   3   4  19   4   5   4   3   9   3   0   6   6   4   3   3   4  0.16 0.19
  128 H    -3   0  -1   0  -2   1   2  -3   6  -3  -3   2  -2  -3   1   1  -1  -5  -1  -1    1   4   3   6   1   6  12   2  19   1   3  14   1   1   6  10   4   0   2   4  0.43 0.36
  129 R    -2   3   1   0  -5   0   2  -1   2  -2  -3   2  -2  -3  -2   1   0  -5  -1  -3    3  19   7   5   0   3  13   4   5   2   2  14   1   1   2  10   4   0   2   1  0.33 0.30
  130 R    -1   2   0  -1  -4   1   1  -2   2  -2  -2   3  -1  -4  -1   2   0  -1  -1  -2    3  12   3   3   0   6  11   3   5   2   5  19   2   0   3  14   5   1   2   2  0.27 0.27
  131 T     0   0  -1   0   0   0   0  -1   1  -2  -1   2  -1  -2   1   2   1  -4  -1  -1    8   5   2   4   3   3   6   4   4   2   5  16   1   2   6  17   7   0   1   3  0.15 0.19
  132 A    -1   1   1   1  -4   0   0   0   2  -1  -2   2  -3  -3   0   1  -1  -4   0  -1    5   9   6   6   0   4   7   7   6   4   3  17   0   0   5  10   4   0   3   4  0.17 0.19
  133 R     0   1  -1   0  -1   1   1  -1   3  -3  -2   3   0  -2   1   2   0  -4  -3  -2    6   7   2   4   1   6   8   4   8   1   3  17   3   2   8  14   5   0   0   2  0.24 0.25
  134 R    -1   3   1   1  -5   0   2  -2   0  -3  -2   3   0  -2  -1   0  -2  -4   0  -2    4  16   7   6   0   4  16   3   2   2   3  18   2   1   3   6   2   0   3   3  0.32 0.28
  135 T     0   1   0   1  -4   1   1  -1   2  -2  -2   2  -3  -3  -2   2   0   0   0  -1    6   9   3   8   0   5   9   4   5   3   3  13   0   0   2  16   6   1   3   4  0.18 0.20
  136 P    -1  -1   0   0  -4   0   1  -1   0  -1  -2   1  -1   0   3   2   0   0   0  -1    4   2   4   4   0   3  11   5   3   4   4   9   1   4  14  16   6   1   3   4  0.18 0.20
  137 P    -2   0   1   1   0   0   1  -1   2  -3  -2   1  -2  -3   3   2   0  -5  -2  -2    1   4   5   8   2   3   9   4   5   1   5  11   1   1  14  16   6   0   1   2  0.26 0.26
  138 G    -1   0   0   1  -1   1   2   1  -1  -3  -2   2  -2  -3  -1   2   0   0  -2  -2    5   4   4   8   1   6  12  12   1   1   5  11   1   1   3  17   5   1   1   2  0.18 0.20
  139 Q    -1   1   0   1  -1   1   2  -2   1  -2  -2   1  -1  -3   2   2  -1  -5  -2  -3    3   7   4   9   1   7  11   2   4   2   4  10   2   1  11  16   3   0   1   1  0.26 0.26
  140 Q    -2   2   0   0  -1   1   3  -1   3  -3  -2   2  -4  -5  -1   1  -1  -5  -3  -2    2   9   5   4   1   6  20   5   6   1   3  15   0   0   4  13   3   0   1   2  0.37 0.33
  141 R    -1   3   0   0  -1   0   0  -1   2  -1  -2   3  -2  -2   1   0   0  -4   0  -1    5  15   3   6   2   4   6   4   5   3   3  18   1   2   6   5   5   0   3   4  0.20 0.21
  142 P    -1   0  -1   1  -2   0   2  -2   3  -3  -3   2  -4  -5   3   1  -1  -5  -1  -2    4   4   3   9   1   4  13   3   7   1   3  13   0   0  15  10   4   0   3   2  0.35 0.32
  143 H     0   0  -1  -1  -7   1  -1   0   5  -2  -5   2  -6  -2   1   2  -1  -7  -3  -2    9   4   3   3   0   6   4   7  15   2   1  10   0   2   8  16   4   0   1   3  0.45 0.36
  144 P    -2   1   0   1  -2  -1   1   0   1  -3  -4   3   0  -4   2   2  -2  -8  -3  -3    4   7   4   6   1   3   9   6   4   2   2  19   2   1  11  14   2   0   1   2  0.37 0.33
  145 R    -3   3  -2   1   0  -1   2  -1   0  -2  -3   1  -1  -1   0   2  -1  -7  -1  -1    2  13   2   8   2   2  13   4   2   2   2  10   1   3   5  15   4   0   2   5  0.27 0.26
  146 S    -2   1   0   1  -2  -1   1   1   1  -2  -2   1   0  -3  -1   3  -1  -1  -3  -2    2   7   5   8   1   2  10  10   3   2   5   8   2   1   4  22   4   1   1   3  0.24 0.25
  147 P    -1   1  -1  -1   0  -1  -1  -1   3  -2  -1   2  -1  -1   2   2  -1   1  -2  -2    4   6   3   3   2   3   4   4   7   2   5  14   1   2  11  16   4   2   2   3  0.24 0.23
  148 S    -2  -2   0   1   1   0   2  -2   1  -2  -4   1  -1  -1  -1   3   0   0  -1  -2    3   2   5   8   2   5  12   3   4   3   2   9   2   3   4  22   5   2   3   3  0.29 0.28
  149 R    -1   3  -1   1  -1   0   0  -2   2  -1  -2   2  -1  -2   0   2  -1   2  -2  -2    5  14   2   6   2   3   5   3   5   3   4  13   1   1   4  16   4   3   2   4  0.24 0.22
  150 E    -2   1  -1   1   1   1   2   0   1  -2  -3   1  -5  -6   0   2  -1  -7  -1  -1    3   7   3   9   3   6  14   6   3   2   3   9   0   0   6  14   3   0   2   4  0.26 0.25
  151 P    -1   1   0   1  -1  -1   2  -3   4  -3  -3   2  -6  -2   4   1  -1  -7  -1  -3    4   9   4   7   1   3  11   2   8   2   3  10   0   2  18   9   4   0   2   2  0.40 0.33
  152 R    -1   2   1  -1  -5   1   2  -2   1  -2  -1   2  -2  -1   1   1   0   0  -4  -1    5   9   6   3   0   6  11   3   4   2   5  14   1   2   7  11   5   1   0   4  0.20 0.22
  153 A    -1  -1   0   0   1   1   0   0   0  -1  -1   1  -1  -2   1   2   0  -5  -2   0    5   3   5   6   4   5   6   6   2   3   5  10   1   2   7  18   5   0   1   7  0.13 0.17
  154 E    -1   1  -1   1  -6   1   3  -1   2  -4  -3   3  -2  -2  -1   2  -1  -6  -3  -3    5   6   3   8   0   5  17   5   5   1   3  15   1   2   3  17   3   0   1   2  0.36 0.32
  155 R    -1   3   1   0  -2   1   1  -1   0  -1  -1   1  -1  -3   1   1   0  -4  -1  -2    5  15   6   5   1   5   7   5   2   3   5  10   1   1   6  13   5   0   2   2  0.17 0.19
  156 K    -1   1   0   1  -6  -1   1  -1  -1  -3  -4   5  -5  -4  -1   1  -2  -6  -3  -2    4   6   5   7   0   3   8   4   1   2   2  37   0   1   3  12   2   0   1   3  0.61 0.47
  157 R    -1   3  -1  -1   0   0   0  -3   3  -3  -1   3  -2  -3  -1   1  -1  -5  -2  -2    4  17   3   4   2   3   7   2   8   2   6  19   1   1   3  13   3   0   1   2  0.35 0.31
  158 P    -2   1   1   0   1  -1  -1  -2   3  -3  -2   1  -1  -4   5   0  -1  -6  -5  -1    2   7   6   5   3   2   5   2   7   2   4  10   2   1  26   8   3   0   0   5  0.49 0.39
  159 R    -1   3   1  -1  -4   0   0  -2   0  -2  -2   2  -2  -3   0   2  -1  -5  -4   0    5  18   6   4   0   3   7   3   3   2   3  15   1   1   4  14   4   0   0   6  0.27 0.26
  160 M     0   1   0   0  -2   1   0  -1   1  -2   0   1  -1  -3  -1   1   1  -4  -1  -1    8   9   5   5   1   8   5   3   4   2   9   9   2   0   3  13   7   0   2   3  0.12 0.16
  161 A     0   0   1  -1  -1   0   2  -1   1  -3  -2   1  -1  -1   1   3  -1  -5  -2  -2    8   4   6   3   1   3  12   5   3   2   4  10   2   3   6  24   2   0   1   2  0.24 0.27
  162 P    -2   1  -1   2   0  -1   3   0  -2  -3  -3   1  -3  -5   3   1  -1  -5  -2  -3    3   7   3  11   2   2  18   9   1   2   2   9   1   0  15   9   3   0   1   2  0.37 0.32
  163 A     1   0   0   1  -2   0   0  -1   1  -2  -3   3  -2  -3  -1   2   0  -5  -2  -1   11   5   5   7   1   3   6   5   3   2   1  16   1   1   4  18   6   0   1   5  0.23 0.25
  164 D    -2   0   1   3  -5  -1   1  -2   3  -2  -3   2  -3  -1   2   1   0  -1   0  -1    3   5   7  15   0   2   9   2   7   2   2  11   1   3   9  10   6   1   3   5  0.24 0.24
  165 S    -1   0   1   0   1   1   0  -1   1  -2  -1   1   1   1   0   1   0  -3   1  -1    4   5   6   5   4   6   6   3   4   0   3  10   4   6   5  10   7   0   7   4  0.08 0.13
  166 G     0   0   0   1   1   0   0   1   1  -1  -1   1  -2  -1   0   1   0  -3  -2  -1    7   4   5   7   3   4   6  10   4   5   5   9   0   4   5  14   5   0   0   5  0.07 0.09
  167 P     0   0   0   1   0   0   1  -2   2  -2  -2   2  -1  -2   3   1  -1  -4  -3  -1    5   4   3   8   2   4   8   2   6   3   3  13   1   1  14  14   4   0   0   4  0.23 0.22
  168 H    -1   1   0  -1  -3   1   1  -1   3  -2  -1   2  -2  -1   0   1   0   1   0   0    4   7   3   3   0   7   8   4  11   1   6  12   0   3   4  11   4   2   2   8  0.13 0.17
  169 R     0   1   0   0  -3   0   2   0   2  -1  -1   1  -2  -2   1   1   0  -3   0  -1    6   8   3   3   0   3  14   6   6   5   5  11   0   2   7  10   4   0   3   4  0.13 0.15
  170 D     0  -1   0   2  -1  -1   1  -1   1  -2  -3   2  -3  -3   0   3   0  -5  -4  -2    5   3   3  11   2   2  10   3   4   2   2  13   0   1   4  28   5   0   0   2  0.33 0.33
  171 P    -1   0   0  -1  -4   1   2  -1   2  -2  -2   2  -4  -3   3   2  -1  -5  -4  -3    3   5   4   3   0   5  12   4   5   3   4  14   0   1  16  15   4   0   0   2  0.34 0.31
  172 P     0   0   1   1   1   0   0  -1   1  -1  -2   1   1  -1   2   0  -1   2   0  -1    7   5   5   9   3   4   7   4   3   3   5   8   4   3  11   6   3   3   3   4  0.11 0.12
  173 T    -1   1   0   0   2   1   0   0   2  -1  -1   0   0  -1   0   1  -1   2   0  -1    5   6   4   4   4   5   7   6   6   3   5   6   3   3   6  12   4   3   4   4  0.07 0.10
  174 R    -1   1   1   0  -6   2   1  -1   2  -2  -3   3   0  -6   0   2  -1  -7  -6  -2    4   9   6   5   0   8   8   5   4   3   3  15   2   0   5  16   4   0   0   3  0.32 0.28
  175 T    -1   0   0   0   0   0   1  -2   2  -2  -2   2   0  -1   2   1   0  -5  -1   0    6   4   3   6   2   3   8   4   5   3   3  13   2   3   9  11   6   0   2   6  0.14 0.15
  176 A     1  -1   1   1  -4  -1   1   1   1  -2  -2   0  -2  -3   1   2  -1  -4  -1  -2   11   3   7   7   0   2   9   9   4   3   4   7   1   1   8  18   2   0   2   3  0.17 0.20
  177 P    -1  -1   0   1  -2   0   1  -2   0  -1  -1   2  -3  -1   3   1  -1   1  -2  -1    5   3   3   8   1   3   9   3   2   3   8  13   0   3  17   9   4   2   1   4  0.21 0.21
  178 L    -1   0   0   0  -4   0   1  -2   2  -1  -1   1   1  -1   1   2  -1  -1  -3   0    5   5   4   4   0   4   9   2   6   3   7  10   3   3   6  18   4   1   0   7  0.13 0.18
  179 P    -2   2  -2   1  -5   0   1  -2   0  -2  -2   2  -4  -3   4   2   0  -5  -3  -2    2   9   1   7   0   4   8   3   2   2   4  10   0   1  19  17   6   0   1   3  0.39 0.35
  180 M    -1   0  -1   0  -1   0   1  -1   1  -1  -1   1   1  -1   1   1   0  -4  -1  -1    4   5   2   5   1   4  11   4   3   3   6  11   4   3   7  14   5   0   1   5  0.10 0.14
  181 P    -1   0  -2   1  -1   0   1  -3   0  -3  -3   3  -2  -3   4   2   0  -5  -2  -2    5   4   1   7   1   3   8   2   2   2   2  19   1   1  19  13   5   0   1   3  0.41 0.36
  182 E     0   0   0   0   2   0   0  -1   1   0  -1   0   1   0   0   0   0  -2   1   0    5   5   5   5   5   5   5   5   5   5   5   5   5   5   5   5   5   0   5   5  0.03 0.05
  183 G     0   0   0   2  -3   0   1   1   0  -1  -2   2  -1  -1   0   1  -1  -1  -3  -1    8   6   3  11   0   3   9   9   2   4   4  13   2   4   5  10   3   1   0   3  0.11 0.14
  184 P    -1   1  -1   1  -4   0   0  -2   3  -2  -2   2  -1  -1   2   0   0  -4  -3  -2    5   8   2   8   0   3   5   3   8   2   5  16   2   4   9   8   6   0   0   2  0.16 0.24
  185 E    -1  -1   0   1  -4   0   3  -1   1  -2  -3   1   0  -2  -1   1   1  -4  -1  -2    4   3   4   7   0   4  20   5   3   2   2  10   2   2   3  13   7   0   2   2  0.18 0.28
  186 P     0   0  -1  -1   0   0   1  -1   0  -1  -2   1   1  -2   2   1   0   0  -1  -2    7   6   2   2   2   4   7   4   3   3   2  11   4   2  11  14   4   1   2   3  0.11 0.20
  187 A     0   0   0   2   0   0   2  -2   2   0  -2   1  -3  -2  -1   1  -1  -4  -1  -2    6   5   3  10   2   4  12   3   5   6   2   9   0   2   3  14   2   0   3   3  0.11 0.20
  188 V     0   0   0   0  -3   0   0   0   1   0  -1   0  -1   0   1   0   0   3  -1   0    6   6   5   6   0   5   6   6   5   6   6   6   0   5   6   6   6   5   0   6  0.03 0.09
  189 P    -1  -1   0   0  -1   0   2  -2   1  -2  -2   2  -1  -2   3   1  -1  -4  -2  -1    4   3   4   4   1   3  16   2   3   2   4  14   2   2  13  10   3   0   1   4  0.21 0.28
  190 G     0   0   1   1   0   0  -1   1   2  -2  -2   1  -1   0  -1   1  -1  -3  -1  -2    7   5   6   8   2   3   3  11   6   2   3  10   2   5   2  13   3   0   2   3  0.07 0.15
  191 E     0   0   0   0  -4   2   3  -1   1  -2  -2   2  -1  -1  -1   0  -1   0  -1  -1    7   3   4   5   0   8  18   4   4   2   3  12   2   3   2   8   3   2   2   4  0.13 0.21
  192 Q    -1   0   0   1   0   2   1  -1   0  -4  -2   2   0  -2   0   1  -1  -4  -1  -2    5   5   3   9   2   9   9   5   2   0   4  14   2   2   4  12   3   0   2   2  0.14 0.22
  193 P    -1  -1   0   1   0  -1   1  -1   0  -2  -2   1  -3  -2   4   1  -2  -5  -4   0    5   3   4   8   2   3   9   4   3   2   4   8   0   2  20  10   2   0   0   7  0.24 0.29
  194 G    -1   0   0  -1  -4   0   0   2  -1  -3  -3   1  -2   0   2   1   1  -4   0  -2    5   5   5   3   0   4   5  17   1   1   1   8   1   4   9  13   7   0   3   3  0.15 0.23
  195 R    -2   2  -2   1  -4   0   1  -2   0   0  -1   2   1  -2  -1   0   0  -4  -3   0    2  10   1   8   0   3   9   3   3   7   6  16   5   1   2   8   5   0   0   6  0.13 0.23
  196 G    -1   1  -1   2  -2   0   0   1   1  -1  -2   2  -1   0   0   1  -1  -4  -1  -1    4   6   1  11   1   3   4  11   3   4   3  12   1   4   4  12   3   0   1   5  0.08 0.17
  197 H    -1   2  -1  -1   0  -1   1  -2   3  -3  -2   1  -1   0   2   1   0   0  -2  -2    5  10   2   2   2   2  11   2   7   1   4   9   2   5   9  12   5   2   1   2  0.15 0.24
  198 A     0   1   0  -2  -4   0   1   0   1  -2  -3   2  -1  -2   0   2   0  -5  -1  -2    6   7   3   2   0   4   9   6   4   2   2  14   2   2   5  20   4   0   2   3  0.19 0.28
  199 H    -1  -1  -1   1  -2  -1  -1  -2   3  -4  -2   2   0  -1   1   3   0  -5  -1  -1    3   2   2   7   1   3   4   3   7   0   4  14   3   2   6  23   4   0   2   5  0.22 0.32
  200 A     0   0  -1  -1  -3  -1  -1   1   1  -2  -1   0   0  -1   1   2  -1   0   0  -1    9   6   2   3   0   2   4  11   4   2   7   6   2   3   6  16   3   2   3   4  0.06 0.14
  201 A     1  -1  -1  -1  -1  -1   1  -1   0  -2  -1   1   0   0   0   2   0  -4  -3  -1   15   3   3   4   1   1   8   3   2   2   6  11   3   5   5  15   6   0   0   3  0.09 0.20
  202 Q    -2   1   0  -1  -5   1   2  -3   0  -3  -2   2  -1  -3   0   2   0  -5  -1  -3    2   7   5   2   0   7  13   2   2   2   3  15   2   1   4  19   6   0   2   2  0.25 0.34
  203 G    -2   0   0   2  -1  -1   1   1   0  -2  -3   1  -2   1   1   1  -1  -3   1  -1    2   4   4  12   1   2   9  10   2   3   2   9   1   8   6   9   4   0   5   4  0.10 0.19
  204 G    -1   0   0   0  -3   0   0  -1   1   0  -1   0   1   0   0   0   0   3   1  -1    5   5   5   5   0   5   5   5   5   5   5   5   5   5   5   5   5   5   5   5  0.02 0.09
  205 P    -1   0  -1   0  -4   1   0  -3   0  -2  -1   1   0  -2   3   2   0  -4  -4  -2    4   4   2   6   0   5   7   2   2   2   8   9   3   2  16  14   7   0   0   3  0.20 0.28
  206 L     0   0   0   0  -3   0   0  -1   0  -1  -1   1   0   0   3   1   0  -3  -1  -1    7   4   3   5   0   4   7   5   2   3   8   8   3   4  15   9   5   0   2   3  0.09 0.15
  207 L    -1   0  -1   0  -3   0   0  -1   0  -1   1   1   0  -1   0   0   0  -3   0   0    4   6   3   7   0   2   4   5   2   3  14   9   2   2   5   8   6   0   4   7  0.01 0.09
  208 G    -1   0   0   1  -4   0   0   1   0  -2  -2   2  -1  -1   1   2  -1  -4  -2  -2    3   4   3   7   0   4   6  13   2   2   3  13   2   3   8  16   3   0   1   2  0.14 0.24
  209 Q    -1   0   0   1  -1   1   1  -1   1  -1  -2   1   1   0  -1   1   0   1  -1  -1    3   3   4   9   1   6  10   3   3   3   2  11   4   4   3  14   4   2   2   3  0.08 0.19
  210 G    -2  -1   0   0   1   0   2   1   0  -2  -1   1  -1  -2   0   1  -2  -5  -2  -1    2   3   4   4   4   4  13  10   2   2   7  11   2   1   5  13   2   0   2   4  0.09 0.20
  211 C    -1   1   1   1   1   0   0  -1   1  -2  -2   2  -1  -2   2   0  -1   0  -2  -2    4   6   7   7   4   4   7   4   3   2   3  14   1   1  10   8   4   2   1   3  0.12 0.19
  212 Q    -2   0   0  -1  -4   1   2  -3   2  -1  -3   2   1  -2   1   2   0   0  -2  -2    2   5   4   2   0   6  11   1   6   3   2  13   3   2   7  17   5   1   1   3  0.20 0.29
  213 G     0   0  -1  -1  -2   0   0   1  -2  -2  -1   2  -2  -1   2   2  -1  -4  -2  -1    8   4   3   4   1   3   5  12   1   2   5  13   1   2   9  15   4   0   1   3  0.11 0.21
  214 Q    -1   0  -1   0  -4   2   1  -2  -1  -3  -2   2  -1  -1   2   1   1  -4  -3  -2    5   6   3   6   0   8   9   3   1   1   4  11   2   3  10  13   7   0   1   2  0.15 0.25
  215 P     0   0  -1   0  -5  -1   0  -3   1  -2  -3   1   0  -2   4   1   0  -5  -1  -1    8   6   3   5   0   2   5   1   3   2   3   9   3   2  22   9   6   0   3   5  0.27 0.32
  216 Q     0   1  -2   1  -1   1   1  -2  -1  -3  -3   0  -4  -1   3   3   0   0  -4  -2    6   7   2   7   1   7   8   2   1   1   3   6   0   3  13  21   4   1   0   2  0.24 0.34
  217 G     0  -1  -1   1  -4  -1   0   1   0  -2  -2   2  -2  -2   0   2   1  -5  -4  -2    8   3   2   8   0   2   7  10   3   2   3  13   1   2   5  15   8   0   0   2  0.14 0.24
  218 E    -1   0  -3   1  -1   0   1  -2   2  -3  -1   3  -1  -5   1   1   0  -5  -2  -3    5   6   0   7   1   3  11   3   6   1   6  17   1   0   7  13   5   0   1   1  0.20 0.29
  219 A     0   0  -2   0   1  -1   0   0   0  -3  -2   3  -1  -4   0   2  -1  -5  -2  -1    9   4   1   5   4   2   4   8   3   1   3  16   1   0   4  20   4   0   1   5  0.18 0.27
  220 V     0   0   0   0  -2   0   0  -2   0   0   1   1  -1   0   0   1   0  -3   0   0    6   4   4   6   1   3   5   2   2   4  14   9   1   5   4  12   4   0   3   7  0.01 0.09
  221 G    -1  -1   1  -1   0   0   1   1   2  -1  -2   1  -2  -2   2   0  -1   0  -2  -1    4   3   6   2   2   4  11  11   5   3   4  10   1   1   9   8   4   1   1   4  0.08 0.16
  222 S    -1  -1   1   1  -2  -1   0  -1  -1  -3  -2   2  -2  -3   0   3  -1  -2  -3  -3    5   3   6   9   1   2   6   4   2   1   4  12   1   1   5  27   3   1   1   1  0.28 0.35
  223 H    -1   1   0   1   1   1   0  -2   2  -2  -2   2  -1  -2   1   1  -1  -4   0  -1    3   6   4   7   3   7   5   3   7   2   3  12   2   2   7  11   4   0   4   4  0.10 0.18
  224 S    -1  -1   0   1  -4   0   0  -1   1  -1  -1   1  -1  -4   2   3   0  -4  -2  -1    3   2   4   9   0   4   5   4   3   4   7   8   1   0   9  22   4   0   1   4  0.15 0.26
  225 K    -2   0   2  -1  -1   0   0  -3   2  -5  -4   3  -1  -2   2   2  -1  -6  -4  -3    3   4   8   4   2   5   6   2   4   0   2  20   1   2  11  16   4   0   0   2  0.34 0.38
  226 G    -1   0   0  -1  -4  -1   0   1   1  -2  -2   2  -3  -4   1   1   1  -4   1  -2    4   4   3   3   0   3   5  11   3   3   4  15   0   0   6  11  10   0   6   3  0.13 0.23
  227 H    -1   0   1   0   0   0   0  -2   3  -2  -1   2  -1  -2   1   1  -1  -4  -2  -1    3   5   6   6   2   4   6   2   7   2   5  12   1   1   8  14   4   0   1   4  0.12 0.20
  228 K    -1   1   1  -1   1   1   0  -2   0  -2  -2   3   0  -5  -1   1  -1  -5  -4  -2    4   6   7   4   3   7   5   3   2   3   5  22   2   0   3  13   4   0   0   3  0.21 0.28
  229 S    -1   0   1  -1   1   0   0  -2   1  -1  -2   2   0   0   0   2   0   2  -1  -1    4   4   6   3   3   4   5   4   3   4   4  12   3   4   5  14   5   2   2   4  0.06 0.14
  230 S    -1   1  -1   0   1   0   0  -1   2  -1  -2   2   1  -1   0   1   0  -5  -1  -1    4   8   3   4   3   4   6   4   5   3   4  12   3   3   5  11   7   0   3   4  0.06 0.14
  231 R     0   0   0   0  -2   1   0   0   1   0  -1   0   1  -2   1   0   0  -2   1   0    6   6   5   6   0   5   6   6   5   6   6   6   5   0   6   6   6   0   5   6  0.02 0.08
  232 G    -1   1   0   0   0   0  -1  -1   1  -1  -2   1  -1  -1  -1   1  -1   1  -1   0    5   8   5   5   3   5   3   5   3   3   4  11   2   2   3  13   3   2   2   8  0.03 0.12
  233 A     0   0   0   1   0  -1   1  -1   1  -2  -2   2  -3  -1   1   1  -1   1   0  -1    8   4   4   8   2   2   8   5   4   3   4  12   0   2   6  13   3   2   3   3  0.07 0.16
  234 S    -2  -2   1   0  -1   0   0  -1  -1  -2  -3   2  -1  -2   0   3   0   1  -2  -2    3   2   5   6   2   5   6   5   1   3   3  13   1   2   5  20   6   2   2   2  0.17 0.26
  235 A     0   0   0   0   0   0   0   0   0  -1  -1   0  -1  -1   0   1   1  -3   0   0    8   5   3   5   3   3   7   7   3   3   5   6   0   3   5  12   8   0   3   6  0.02 0.07
  236 Q    -1   1   0   0   1   2   0  -1   1  -1  -1   1   0  -1   1   1   0  -3  -2  -1    4   7   5   4   3  10   6   4   3   3   4  10   3   3   6  10   6   0   0   3  0.06 0.14
  237 K    -1   0  -1  -1   1   1   1  -1  -1  -2  -1   3  -1  -1   1   1   0  -4  -2  -2    3   5   3   2   3   5   8   5   1   2   5  24   1   2   7   9   5   0   1   2  0.16 0.26
  238 S     0   1   1  -1  -1   0   1  -1  -2  -1  -1   1   0  -1   0   2   0  -3  -1  -1    5   7   6   3   1   2   9   4   0   2   6  12   2   2   3  19   6   0   2   3  0.09 0.20
  239 P    -1   0   0   0  -4  -1  -1   0   0  -2  -2   1  -1  -4   4   2   0   0  -2  -2    5   6   3   6   0   1   3   6   2   3   3   8   1   0  19  16   6   1   2   2  0.24 0.31
  240 P    -2   0  -1   0   0   1   0  -3   0  -2  -3   2   0  -2   4   2   0  -5  -2  -1    2   4   3   4   2   7   5   2   2   2   3  14   2   2  19  13   5   0   1   4  0.28 0.34
  241 V     0   0  -1  -1  -1  -1  -1  -1   1   0  -1   1   0  -1   1   1   0  -4  -1   1    7   5   3   4   1   2   4   4   3   5   6   9   3   2   8  14   4   0   1  10  0.03 0.13
  242 Q    -1   0   0  -1  -4   1   0  -1   0  -1  -2   2   1  -1   2   1   1  -4  -1  -2    4   4   5   3   0   7   6   5   2   5   4  12   4   2  11  12   7   0   2   2  0.12 0.22
  243 E     0   1   1  -1  -4   1   2  -1   2  -2  -2   2   0  -4  -1   1  -1  -5  -2  -2    8   6   8   3   0   6  12   4   5   2   4  11   3   0   2  13   3   0   1   3  0.15 0.23
  244 S    -1   0   1   0   1  -1   1  -1   1  -2  -3   0   0   0   0   2   0   2   0  -2    5   5   6   4   3   3  10   5   3   2   3   5   3   3   6  17   6   2   3   3  0.09 0.17
  245 Q    -2   0  -1   0  -5   1   1  -1   1  -1  -2   2   0  -1  -1   1   1   2   0  -1    3   5   3   6   0   5  10   5   4   3   4  13   3   3   4   9   7   3   3   4  0.08 0.17
  246 S     0   0   1   0  -5  -1   1  -1   1  -2  -2   0  -1  -2   1   3   0  -5  -4  -2    6   5   5   5   0   3   7   5   3   2   4   5   2   2   8  25   6   0   0   3  0.20 0.29
  247 E    -1   0  -1   0   0   0   3  -1  -1  -2  -2   2  -4  -1   1   1   0  -5  -4  -1    4   5   3   5   2   3  19   5   2   2   3  13   0   3   7  12   5   0   0   4  0.19 0.26
  248 R     0   0   0   0   2   0   0   0  -1   0   0   0   1   0   1   0   0  -2   1   0    6   6   5   6   5   5   6   6   0   6   6   6   5   5   6   6   6   0   5   6  0.03 0.06
  249 L     0   0   0  -1   1   0   0  -1   1  -1   0   0   0  -2   2   1   0  -3   0   0    8   5   3   3   3   3   6   4   4   3  13   6   4   0  10  10   5   0   3   6  0.07 0.09
  250 Q     0   0   0   0   2   0   0   0   1   0  -1   0  -1   0   1   0   0  -2   1   0    6   6   5   6   5   5   6   6   5   6   6   6   0   5   6   6   6   0   5   6  0.03 0.06
  251 A     0   0   0   0  -3   0   0  -1   1  -1  -1   1  -2   0   2   1   0  -3   0   0    6   4   6   4   0   3   6   4   3   4   4   9   0   4  11  13   6   0   3   9  0.10 0.13
  252 A     0   0   0   1  -3   0   1  -1   0  -1  -1   1   0  -1   1   1   0  -3  -1  -1    9   3   4   7   0   3   9   2   3   4   7  10   3   2   6  14   5   0   2   5  0.08 0.11
  253 V     0  -1   0  -1   1   0   1   0   1  -1  -1   0  -2  -1   2   2   0  -3  -1  -1    7   3   5   3   3   5   8   7   3   3   6   6   0   3   9  17   5   0   2   5  0.10 0.13
  254 A     1   1  -1   1  -3  -1   0  -2   0  -1  -2   1  -1  -2   0   3   0  -4  -1  -1   14   6   2   9   0   2   6   2   2   5   2   7   1   1   5  22   5   0   2   4  0.19 0.23
  255 D     0   0   0   2  -1   0   2  -2  -1  -1  -1   0   0  -1   2   1   1  -4  -2  -1    7   5   4  10   1   2  12   3   2   3   5   6   3   2  11  12   8   0   1   4  0.15 0.17
  256 S     0  -1  -1  -1  -1  -1   0   0  -1  -2  -1   2  -1  -1   3   2   0   0  -3  -1    7   2   3   3   1   2   6   8   1   2   5  13   2   3  13  18   6   1   0   4  0.19 0.23
  257 A     1  -1  -1  -1  -1   0   0  -1   1  -1  -1   0  -1  -2   2   2   0  -4   0  -1   14   2   2   2   1   4   6   4   4   4   5   7   2   2  10  17   6   0   3   5  0.13 0.17
  258 G    -1   0   0   0   0   1   1   0   0  -1  -1   2   0  -1   0   1   0   0  -2  -1    5   5   5   4   3   5  11   6   3   4   4  15   2   3   5   9   7   1   0   3  0.09 0.12
  259 P    -1   0   0  -1   1  -1  -1  -1   1  -1   0   1   0  -3   4   0  -1  -4  -1  -1    4   5   3   3   3   2   4   4   3   3  12  10   2   0  21   7   4   0   2   5  0.24 0.23
  260 K    -1   0   0   0  -4   0   0  -1   1  -1  -2   3   0  -2   3   1  -1  -4  -3  -1    4   4   5   6   0   4   6   4   3   3   3  23   3   2  13   9   3   0   0   5  0.26 0.26
  261 T    -1   1   0   0  -3   1   0  -2   1  -1   0   2   0  -3   0   1   1  -4  -1  -1    3   9   3   6   0   6   5   2   4   3   9  16   2   0   4  11   9   0   2   5  0.14 0.18
  262 V     0   0  -1  -1  -1   1   0  -2   0   0   1   1   1  -2   1   0   0  -3  -2   1    8   4   2   2   1   6   6   3   3   7  13  12   3   1   6   7   5   0   0  11  0.07 0.11
  263 P    -1  -1  -1  -1  -1   0   1  -3  -1  -2  -2   3   0  -2   4   1  -1  -5  -4  -1    3   2   2   4   1   5   7   2   2   2   4  18   2   2  23  11   3   0   0   5  0.40 0.34
  264 S     0   0   0  -1  -3  -1   0  -1  -1  -1   0   1   0  -2   2   2   1  -4  -1   0    7   5   3   3   0   1   6   3   2   4   8  11   3   1   9  17  10   0   1   6  0.13 0.17
  265 H     1   0   0   2  -1   0   2  -2   2  -2  -1   1  -1  -2   0   1  -1   0  -3  -1   10   5   3  12   1   4  14   2   5   2   7   9   1   2   5   9   2   2   0   4  0.15 0.17
  266 V     0  -1  -1  -1  -2   0   0  -2   0   0  -1   1   0  -1   2   1  -1   0  -2   1    9   3   2   3   1   4   5   2   2   6   6   8   2   3  11  15   3   1   1  13  0.12 0.16
  267 F    -1   0  -1  -1   0  -1   0  -3  -3   0   1   1   0   1   1   1   0   1  -1   1    3   6   1   4   2   2   6   0   0   4  14   8   3   6   7  12   7   2   2  11  0.08 0.13
  268 S     0  -1  -1   0  -4   0   1  -2   1  -1  -3   0   1  -3   4   2  -1  -5  -2  -2    7   4   3   6   0   3   8   3   4   4   1   7   4   1  23  17   2   0   2   2  0.40 0.35
  269 E     0   0   0   0   2   0   0  -1   1   0  -1   0   1   0   0   0   0  -2   1   0    5   5   5   5   5   5   5   5   5   5   5   5   5   5   5   5   5   0   5   5  0.03 0.05
  270 L    -1   0  -1   0   0   0   0  -2   0   0   2  -1   1  -2   0   0  -1   1  -1   0    4   5   3   6   2   5   5   3   2   5  25   3   3   0   5   7   4   2   2   7  0.08 0.14
  271 W    -1   0   0   0  -3   0   0  -1   1   0  -1   0   1   0   0   0   0   3   1   0    5   5   5   5   0   5   5   5   5   5   5   5   5   5   5   5   5   5   5   5  0.06 0.08
  272 D     0   0   1   2  -3   0   0  -1   0  -1  -1   0   0   0   0   1   0  -3   0  -1    7   5   5  12   0   4   6   5   3   4   5   5   3   4   5  15   5   0   3   5  0.08 0.11
  273 P    -1   0  -1  -2  -1  -1  -1  -2   1   0   0  -1  -1  -1   4   1   0   0  -1   0    5   6   2   2   1   3   4   3   4   6   8   3   2   2  25  12   5   1   2   6  0.31 0.28
  274 S    -1  -2   0  -1  -5  -1  -1   0  -1  -4  -1  -1   0  -3   5   2   1  -5  -1  -2    5   2   4   3   0   3   3   7   1   0   8   3   2   1  26  17   9   0   2   2  0.42 0.38
  275 E     0   0  -1  -1  -3   0   1  -2  -1  -1   2   0   0  -1   2   1  -1  -4  -1   0    6   4   3   3   0   3   9   3   2   1  23   6   2   2  11  10   3   0   2   6  0.15 0.19
  276 A     0  -1  -1  -2   2  -1  -1  -2   0  -1  -2   1  -4   0   5   2   0  -5  -2  -1    8   3   3   2   4   2   4   3   2   3   3   7   0   4  27  15   4   0   1   3  0.43 0.35
  277 W    -1   0  -1  -1  -1   1   2  -1  -3   0   0   0   0  -1   0   1   0   4  -1  -2    4   5   3   2   1   7  13   4   0   5  11   5   2   3   5  12   7   7   2   2  0.13 0.18
  278 M     0  -1  -1   0   1  -1  -1  -1   0   2   0   1   1   0   0   0   0  -3  -1   0    7   2   3   4   3   2   4   4   2  15  10  13   4   4   5   6   4   0   2   7  0.05 0.10
  279 Q    -2   0  -1  -1  -1   4   0  -2   0  -3  -2   0  -1  -2   3   2   0   2  -4  -3    2   5   2   4   1  23   5   2   2   1   5   5   1   2  14  14   6   3   0   2  0.43 0.41
  280 A     0   0   0   0   2   0   0  -1   1   0  -1   0   1   0   0   0   0  -2   1   0    5   5   5   5   5   5   5   5   5   5   5   5   5   5   5   5   5   0   5   5  0.03 0.05
  281 N    -1   0   2   1   1   0   1  -1   1  -1  -1   0   0  -1   0   0   0  -3   0  -1    4   5  12   7   3   3  11   3   5   3   7   6   3   3   4   7   7   0   4   5  0.08 0.11
  282 Y    -1   0  -1   0   1   0  -1  -1   0   0  -1   0   1   1  -1  -1  -1  -2   5   0    4   5   2   4   3   5   4   5   2   6   6   5   4   6   4   5   3   0  21   5  0.20 0.22
  283 D    -1   2   0   1   1  -1   0  -2   1  -3  -2   1  -1  -2   1   1   0   0   0  -1    4  13   4   9   3   2   6   3   4   0   4   8   2   2   8  12   6   1   3   6  0.14 0.18
  284 L    -1  -2  -2  -1   0  -1  -1  -4  -4   0   0  -1   2  -1   5  -1   0  -4   0  -1    5   2   2   4   2   2   3   0   0   6  11   5   5   3  33   4   6   0   3   3  0.51 0.37
  285 L     0  -1  -1   0  -3  -1  -1  -1   0   0   2  -1   1  -1   1   0   0   1  -2   0    8   3   3   5   0   3   3   3   2   3  26   4   4   2   7   9   7   2   0   5  0.10 0.15
  286 S    -1   1   0   0  -4  -1  -1  -1   0  -2  -2   2  -3  -1   4   2  -1  -4  -1  -2    3   9   4   6   0   2   3   4   2   3   3  13   0   3  20  17   2   0   2   3  0.32 0.29
  287 A     0   0   0   0   2   1   0   0   1   0  -1   0  -1   0   1   0   0  -3  -1   0    6   6   6   6   6   6   6   6   6   6   6   6   0   6   6   6   6   0   0   6  0.04 0.07
  288 F    -1  -1   0  -1  -1  -1  -1  -2  -1   1   2  -1   1   2   1  -1  -1  -3   2   0    4   4   5   4   1   2   3   3   1  10  19   3   4  11   7   4   2   0   7   5  0.14 0.15
  289 E    -1  -2   1   1  -2   1   3  -3   0  -3  -2  -1  -5  -6   4   1  -2  -6  -1  -1    5   2   6   8   1   7  18   2   2   1   5   4   0   0  19  11   2   0   2   4  0.44 0.38
  290 A     1  -2  -1   0  -1  -1   1  -2  -2  -2  -1   0  -2  -1   3   0   1   2   1  -1   11   2   3   5   2   3  11   2   1   2   7   5   1   3  13   7   8   3   6   5  0.16 0.19
  291 M    -1  -2  -2  -1   0  -1   1  -1   0   1  -1  -1   1   2   2  -1   0  -3   1   0    3   2   2   3   3   2   9   5   3   8   5   3   4   9  13   5   7   0   6   8  0.14 0.16
  292 T    -2  -2  -1   2   0  -2   0  -1  -1  -2  -2  -1   2  -1   3   3   1  -5  -5  -2    3   2   2  12   2   2   7   4   2   2   4   3   5   3  15  20   9   0   0   3  0.34 0.33
  293 S    -1   1   1   0   0   0   0  -1   0  -2  -1  -1   0  -1   2   2   0   1  -1  -2    4   7   7   5   2   4   5   5   2   3   7   4   2   3  11  16   6   2   2   3  0.14 0.16
  294 Q    -2   0   2   0  -6   2   0  -1   1  -2  -2   2   0  -1   2   1  -1   1   0  -2    3   5   9   6   0   9   5   4   3   2   5  13   2   2  10   9   3   2   3   3  0.22 0.23
  295 A     0   0  -1   0   1  -1   0  -1   1  -2  -2   0   0   0   3   0  -1   1   2  -1    7   6   3   5   2   3   5   6   3   2   5   7   2   4  16   8   4   2   6   5  0.16 0.16
  296 N    -1   2   2   1  -6   2   1  -1   1  -5  -2   4  -2  -6   0   0  -2  -6  -3  -2    4  10  10   7   0   8   8   4   3   0   3  23   1   0   4   8   2   0   1   2  0.43 0.35
  297 P    -3   3  -3   0  -2  -1  -2  -2  -1   0  -4   3  -5  -6   5   0  -3  -1  -6  -3    2  15   1   5   1   3   2   3   2   5   2  19   0   0  28   7   1   1   0   2  0.76 0.54
  298 E    -1   2   0   0  -2   0   3  -3   0  -2  -1   3   0  -3  -1   0  -1  -5  -4  -1    5   9   4   4   1   4  19   2   2   3   6  19   2   1   4   8   3   0   0   4  0.31 0.28
  299 A     2   0  -2  -1  -5   0   0  -2   0  -3  -3   2   0  -1   3   1  -1  -5  -1  -1   16   6   2   4   0   5   5   3   2   1   2  14   3   3  14  11   3   0   2   4  0.28 0.27
  300 L     0  -1  -1   0  -1   0   0  -1   0   0   0   0   1  -1   1   0   0   0   0   1    7   3   3   6   1   4   7   4   2   3  10   7   4   3   6   5   7   2   3  13  0.03 0.06
  301 S     0   1   0  -1   0   0  -1  -1   1  -1  -1   1  -1   1   2   2  -1  -4  -1  -1    8   7   4   3   2   3   3   3   4   3   5   9   2   6  12  16   3   0   2   5  0.14 0.17
  302 A     1   0   1  -1   1   0   0  -1   1   0  -2   1   0  -1   1   1   0   2  -1   0   10   3   6   2   4   3   8   3   3   5   3  10   2   2   6  12   4   3   2   6  0.09 0.13
  303 P     0  -1  -1   1   2   0  -1  -4  -1  -2   0  -1   2  -1   4   1   1  -4   0   0    7   3   2   7   5   4   5   0   2   2   8   4   5   3  19   9   8   0   3   6  0.25 0.24
  304 T     0  -1   2  -1   1   1   0  -1   1  -1  -1   0   2  -1   1   0   1  -4  -1   0    6   4  11   3   4   6   5   4   3   4   6   4   6   2   6   7   9   0   2   9  0.07 0.11
  305 L    -1  -1  -1   1   1   0   1  -2   1  -1  -1   0   0   0   2   0   1   2   0   0    4   4   3   9   3   4  11   3   3   3   7   5   3   3   9   8   8   2   3   6  0.09 0.11
  306 Q    -1   1   0   1   1   2   2  -5   3  -1  -1   0   1  -1  -1   0  -2   2   0  -1    5   7   5   8   3  10  14   0   6   3   6   4   4   3   3   6   3   3   3   4  0.22 0.21
  307 E     0   0   1   0  -2   1   0   0  -1  -2  -1   0  -1   1   1   0   0  -2   1   0    7   7   7   7   0   7   7   7   0   0   7   7   0   6   7   7   7   0   6   7  0.06 0.08
  308 E     0   0   0   0  -2   1   0   0   1   0  -1   0   1   0   1   0   0  -2   1   0    6   6   5   6   0   5   6   6   5   6   6   6   5   5   6   6   6   0   5   6  0.03 0.06
  309 A     1   0   0   1  -3  -1   0  -1   0  -1   0   0   1   0   1   0   0  -3  -1   0   12   6   5  11   0   0   7   5   2   2  10   5   6   4   6   6   5   0   2   8  0.05 0.10
  310 A     0   0   0   0   2   0   0  -1   1   0  -1   0   1   0   0   0   0  -2   1   0    5   5   5   5   5   5   5   5   5   5   5   5   5   5   5   5   5   0   5   5  0.03 0.05
  311 F    -1   0   0   0   2   0   0  -1   2   0  -1   0   1   0   0  -1   0   3   1  -1    5   5   5   5   5   5   5   5   5   5   5   5   5   5   5   5   5   5   5   5  0.07 0.08
  312 P     0   0   0   0  -2   1   0   0   1   0  -1   0   1   0   1   0   0  -2   1   0    6   6   5   6   0   5   6   6   5   6   6   6   5   5   6   6   6   0   5   6  0.03 0.06
  313 G     0  -1  -3  -1   0   0  -1   2   0   1  -1   0   3   0   1  -1   0   2  -3   0    7   3   0   3   2   3   4  19   2   8   5   5   9   4   6   5   6   3   0   5  0.13 0.18
  314 R    -1   0   0   0   2   0   0  -1   2   0  -1   0   2   0   0  -1   0   3   1  -1    5   5   5   5   5   5   5   5   5   5   5   5   5   5   5   5   5   5   5   5  0.07 0.08
  315 R     0   0   1   0   2   1   0   0   2  -2  -1   0   1  -3   1   0   0  -3  -2   0    6   6   6   6   6   6   6   6   6   0   6   6   6   0   6   6   6   0   0   6  0.08 0.11
  316 V    -1   1  -1  -2  -3   0  -1  -1  -2  -1   1   2   0   1   0   1  -1  -3  -2   1    3   6   3   2   0   3   2   4   0   2  15  19   2   6   5  13   3   0   0  11  0.12 0.18
  317 N    -2   1   5  -1  -4   1  -1  -1   2  -3  -3   2  -3  -4   0   0   0  -4  -1  -2    2   6  36   2   0   5   4   3   5   1   2  13   0   0   4   5   5   0   2   3  0.55 0.40
  318 A     0   0   0   0   0   1   1  -1  -1  -2  -2   0  -1  -3  -1   3   2  -4  -3  -1    6   4   3   3   2   6  12   3   1   1   3   5   2   1   3  29  13   0   0   3  0.27 0.28
  319 K    -1   3   0   0   1   1   1  -1  -2  -3  -2   1   0  -1   1   0   1  -3  -2  -2    4  23   3   3   4   5   7   4   0   0   4  10   3   4   6   8   9   0   0   0  0.21 0.20
  320 M     0   0  -1  -2  -2   1   0   0   2   0   0  -1   1   1   1   0   0  -2  -1   0    7   7   0   0   0   7   7   7   7   7   7   0   7   7   7   7   7   0   0   7  0.06 0.11
  321 P    -1   0   0  -1  -1   2  -1  -1   1  -2  -1   2  -1  -1   3   1  -1   3  -2  -1    3   2   3   2   1  15   1   4   4   0   4  18   1   2  15  11   2   5   0   5  0.26 0.19
  322 V     0   0  -2  -2  -2   1   0  -3  -2   1   0   0   0  -2  -2   0   0  -3  -2   3    4   4   0   1   0   8   8   1   0   6   7   6   3   0   1  10   5   0   0  37  0.18 0.17
  323 Y    -2  -2   0  -2  -3   2   0  -3  -1  -2   0  -2  -1   4   2   0  -1  -1   4  -2    1   1   5   1   0  11   5   1   0   1  11   1   0  21  13   6   4   0  18   1  0.36 0.22
  324 S     0   1   1   0   1   0  -1  -2   1  -2  -1   1  -2  -3  -2   3   0  -3  -2  -1    6   8   5   4   4   5   0   1   4   0   6   8   0   0   0  38   4   0   0   6  0.26 0.24
  325 G     0  -1   1   1  -2   1  -1   0   2   0   0   0   1  -2   1   0   0  -3  -2  -1    8   0   7   8   0   7   0   8   7   8   8   8   7   0   8   8   8   0   0   0  0.09 0.12
  326 S     0   2   1  -1   1   0  -1  -1   0  -1   0   0   0  -3   1   1   0  -3  -2  -1    9  15   7   3   3   3   0   3   3   3   9   5   3   0   8  14   5   0   0   5  0.12 0.14
  327 R     0   1   1   1  -2   1   1   0  -1   0  -1   0  -1   0   1   0   0  -3  -1  -1    7   7   7   7   0   7   7   7   0   7   7   7   0   7   7   7   7   0   0   0  0.07 0.08
  328 P    -1   0   1  -2   1  -1  -2  -1   1  -2  -4   1   1  -2   2   2   2  -5  -4   0    5   6   7   2   3   2   2   4   3   2   0  10   3   2  11  14  14   0   0   7  0.26 0.27
  329 A     1  -1   0  -1   0  -1  -1   1   1   0  -2   0   0   0   0   1   1  -4  -3  -1   14   4   5   3   2   3   3  12   4   5   3   5   2   4   4  10  11   0   0   5  0.11 0.14
  330 C     0   1   0  -1   3   0  -2   0   2  -1  -2  -1   1   1   0   0   0   2   2   0    6   7   4   3   6   4   3   8   6   4   4   4   3   5   4   8   6   2   6   7  0.10 0.10
  331 Q    -1   0   0   0  -3   0   0  -1   1   0  -1   0   1   0   0   0   0   3   1   0    5   5   5   5   0   5   5   5   5   5   5   5   5   5   5   5   5   5   5   5  0.06 0.08
  332 L     0   0  -1  -1   1   0  -1   1   1  -1  -2   0   1  -1   2   0   0   2   0  -2    9   6   3   3   3   3   3  11   3   3   5   5   3   3  11   9   7   3   3   3  0.11 0.11
  333 Q     0   0   0   0  -2   1   0   0   1   0  -1   0   1   0   1   0   0  -2   1   0    6   6   5   6   0   5   6   6   5   6   6   6   5   5   6   6   6   0   5   6  0.03 0.06
  334 V    -1   0  -3   0   0  -2  -1  -1  -3   2   0  -1   3   0   0  -1  -1   2  -2   3    3   6   0   6   2   0   3   5   0  12   4   3  10   4   6   3   3   3   0  26  0.21 0.22
  335 P     0   2  -1  -1   1   1  -1  -3   1  -1  -1   0   1   0   4  -1  -1  -3   0  -1    8  11   3   3   3   5   3   1   3   4   7   5   4   3  22   4   3   0   3   4  0.27 0.19
  336 T     0   1   1  -1   3  -1   1   0  -1  -2  -1   1  -1  -3   2   1   1  -3  -2  -2    9   9   9   0   8   0   9   9   0   0   9   9   0   0   9   9   9   0   0   1  0.14 0.10
  337 L    -1  -1  -4  -5  -4  -4  -1  -5   1   0   5  -4   2   0   1  -2  -3  -4  -3  -1    4   3   0   0   0   0   4   0   3   3  58   0   4   3   7   4   0   0   0   3  0.76 0.46
  338 R    -1   1  -1  -2   0   2   0  -2   0  -1   0   1   1   1   0   0   0  -2   2   1    4   7   2   0   2  10   5   2   3   2   8   9   4   6   3   7   7   0   8  10  0.08 0.12
  339 Q     0  -1   1   2   1   4   2  -2   0  -4  -2   0   0  -4   0  -1  -1  -4   0  -2    6   2   8  12   4  21  14   3   3   0   3   6   3   0   5   4   3   0   3   2  0.33 0.28
  340 Q     0  -2   0  -2   2   0   0   0   2   0   0   0   1   1   1   0   0  -2   1   0    6   0   6   0   6   6   6   6   6   6   6   6   6   6   6   6   6   0   6   6  0.05 0.10
  341 C     1  -6  -6  -2  10  -3  -6  -1  -6  -1  -1  -6  -5  -6  -2  -1  -1  -6  -6  -2   13   0   0   3  54   2   0   5   0   3   5   0   0   0   3   6   3   0   0   2  1.90 0.87
  342 L    -2  -1  -1  -4  -2   2  -2  -3   1   3   1  -1   3  -1   0  -2   0  -4  -2   1    2   4   3   0   1  11   1   2   3  20  15   3   9   2   4   2   7   0   1   9  0.30 0.27
  343 R    -2   5  -1  -1  -5   3   0  -3  -1  -2  -3   1  -1  -3   2   0  -1  -1  -4  -3    4  33   3   3   0  12   5   1   1   3   3   6   2   1   9   7   3   1   0   2  0.56 0.41
  344 V     0  -1  -2  -4   0  -1   0   0   0   0  -1  -1   1  -1   0   0   0   1  -1   3    9   3   2   0   2   2   6   7   2   4   4   4   4   3   5   7   6   2   3  26  0.17 0.20
  345 P     0  -2  -5  -2   4   0  -2  -2  -5   2   4  -2   0  -1  -1  -2  -2  -5  -4   0    7   2   0   2   9   5   3   3   0  11  35   3   2   2   4   2   2   0   0   5  0.46 0.34
  346 R    -1   1  -1  -2   0   1  -1  -2   0   1   0   0   0  -1   0  -1   2   1   0   1    4  10   2   2   2   8   3   3   2   9   7   7   3   3   5   5  12   2   3   9  0.08 0.12
  347 N     0   3   3   1   2   0   0  -2   0  -2  -2   2  -2  -1  -2   0  -2  -5  -2  -3    7  20  12   9   4   3   5   3   2   3   4  12   1   3   2   5   2   0   1   1  0.30 0.25
  348 N    -1   0   3  -2   2   0  -1  -3   4  -1   0   0  -2   0   1   0  -1   2   1  -3    4   4  21   0   4   3   3   0  14   5   9   5   0   4   6   5   3   4   4   0  0.27 0.27
  349 P     0   0   0  -2  -2   0  -2   0  -2   0   0   0   1   1   1   0   0   4   1   0    6   6   6   0   0   6   0   6   0   6   6   6   6   6   6   6   6   6   6   6  0.08 0.12
  350 D    -1   1   1   2  -3   0   2  -1   2  -2  -1   1   0  -1   1   0   0  -3  -2  -1    5   8   5  11   0   4  13   5   8   0   4   8   3   3   6   8   5   0   0   3  0.14 0.14
  351 A    -1   0   0   0   2   0   0  -1   2   0  -1   0   1   0  -3   0   0   3   1   0    5   5   5   5   5   5   5   5   5   5   5   5   5   5   0   5   5   5   5   5  0.06 0.10
  352 L    -4  -5  -5  -5   1  -4  -5  -2   1   5   3  -5   1   1  -5  -2  -4   3   0   1    1   0   0   0   3   0   0   4   3  30  30   0   3   5   0   4   0   4   3   8  0.72 0.40
  353 G    -1   0  -1   2   2   0   1  -1   1  -1  -2   1   1  -1   0   0   0   2   1  -2    4   5   3  10   4   4  10   6   3   3   3   9   3   3   4   8   6   3   4   3  0.11 0.11
  354 D     0   0   1   0   2   1   0   0   2   0  -2   0  -2   0   1   0   0  -2   1   0    6   6   6   6   6   6   6   6   6   6   1   6   0   6   6   6   6   0   6   6  0.06 0.10
  355 V    -1  -2  -4  -4  -1  -4  -3  -2  -4   2   2  -4   1   2  -4  -3   2  -4  -3   4    3   2   0   0   1   0   2   3   0  12  18   0   4   8   0   1  14   0   0  30  0.51 0.33
  356 E    -1  -1  -2  -1  -5  -1  -1   6   1  -4  -4  -3  -4  -5  -2   0  -2  -5  -5  -5    3   3   2   4   0   3   5  61   3   1   2   1   0   0   2   8   2   0   0   0  1.08 0.53
  357 G    -2  -1   2   3  -2  -1   1   4  -1  -3  -3  -1  -4  -3  -2  -1  -1  -4  -1  -3    2   3   9  18   1   3   8  34   1   2   2   3   0   1   1   3   3   0   3   2  0.50 0.32
  358 V    -1  -3  -2  -1   0  -3  -3  -3  -2   2   1  -2   2  -1  -1  -2   1  -1  -2   4    5   0   1   3   2   0   1   1   1  13  16   3   4   3   3   3   8   1   1  31  0.35 0.25
  359 P    -3   0  -1   0  -5  -3  -1  -4  -1  -5  -2  -4  -2  -3   7  -1  -2  -6  -5  -2    1   5   2   5   0   1   4   1   1   0   4   0   1   1  62   4   2   0   0   3  1.55 0.72
  360 Y    -2  -4  -1   0   2  -2  -3  -4   0  -1  -2  -4  -1   5  -1  -1  -4  -2   7  -1    3   0   3   5   4   2   1   1   1   3   2   0   1  20   4   4   0   0  40   4  1.06 0.54
  361 S    -1   0  -1   3   2  -1   2  -3   3  -2  -2  -1  -3   0   0   1  -1   0   0  -2    5   4   2  19   6   2  16   1   7   2   4   2   0   4   4  14   2   1   3   2  0.27 0.24
  362 A    -2  -3  -3  -1   1  -2  -2  -3  -1   3   4  -2   0   0   0  -2  -2  -3   0   1    2   0   1   3   3   2   3   2   2  15  41   2   1   2   4   3   2   0   3   8  0.36 0.25
  363 L     0  -2  -2  -4   0  -3  -4  -2  -4   2   3  -3   2   1  -1  -3  -2  -3  -2   2    9   3   2   0   2   0   0   3   0  15  38   0   5   6   4   0   0   0   0  12  0.43 0.28
  364 E     0   3  -2  -1  -4   1   3  -2   0  -2  -2   4  -1  -4  -2  -1  -2  -4  -2  -2    7  18   0   3   0   5  19   2   2   3   5  25   1   0   1   3   0   0   1   2  0.44 0.30
  365 P    -2   0  -1   0  -5  -1  -1  -1   0  -2  -2  -2  -4  -5   6  -1  -2  -5  -5  -3    3   6   3   7   0   3   3   4   3   3   5   2   0   0  50   5   2   0   0   2  1.03 0.50
  366 V     1  -4  -4  -4  -3  -4  -2  -4  -4   3   0  -2   1   1   0  -2  -1  -4  -3   4   14   0   0   0   0   0   3   0   0  21   9   3   3   6   5   3   4   0   0  27  0.46 0.29
  367 L    -1  -5  -5  -5  -4  -5  -5  -5  -5   1   5  -5   1   1  -1  -2  -4   3  -3   1    4   0   0   0   0   0   0   0   0   7  60   0   3   5   4   3   0   3   0   7  0.98 0.46
  368 E     0   0   0   1   0   2   4  -2   0  -2  -2   1  -1  -2   0   0  -1  -4  -3  -2    6   4   3   7   2   9  29   3   2   2   4  10   2   2   4   5   2   0   0   3  0.32 0.23
  369 G    -1   4  -1  -1  -1   0   0   0   2  -1  -2   2   0  -1  -3  -1   0  -4  -1  -2    3  28   2   4   2   4   4   8   6   4   3  13   2   2   0   5   6   0   2   2  0.34 0.23
  370 W     2  -5  -4  -1   9  -2  -3  -4  -2  -2  -1  -3   2  -1  -5  -1  -2   2  -1  -1   18   0   0   3  40   2   1   1   1   2   5   1   6   3   0   4   2   3   2   4  1.17 0.54
  371 T    -2  -1   3  -1  -4   0  -2  -3  -2  -4  -4  -1  -4  -5   0   3   5  -5  -4  -3    1   3  12   3   0   4   2   2   1   0   1   3   0   0   6  22  39   0   0   1  0.81 0.51
  372 P     3  -3  -4  -3  -1  -4  -3  -3  -2  -1  -3  -4   0  -3   6  -2  -2  -1  -5   1   23   1   0   1   1   0   2   1   1   3   2   0   2   1  46   2   2   1   0   8  1.14 0.57
  373 D    -1   0   0   3  -4   2   4  -3   1  -3  -4   1  -1  -4  -2  -1  -1  -4  -4  -3    5   4   3  19   0  11  29   2   4   1   1   7   1   0   2   5   4   0   0   1  0.55 0.34
  374 Q    -3  -2  -4   0  -6   8   1  -4   0  -4  -3   0  -4  -6  -2  -2  -1  -5  -5  -5    2   1   0   6   0  63   6   1   2   1   3   5   0   0   2   2   4   0   0   0  1.54 0.76
  375 P    -4  -3  -5  -6  -4  -2  -5  -6  -5  -2   6  -5   0  -1  -1  -2  -2  -5  -4  -3    1   1   0   0   0   2   0   0   0   1  80   0   1   2   4   3   2   0   0   0  1.45 0.68
  376 Y     0   1  -1  -2  -1   0   0  -2   0   0   1  -1   1   1  -1  -1  -1   4   3   0    8   8   2   2   1   5   5   1   2   4  14   2   3   7   3   4   3   6  12   7  0.13 0.14
  377 R    -1   4   0  -2  -1   1   0   0   2  -2  -1   0   0  -2  -3   1   0  -4  -1  -2    4  30   4   2   2   7   4   6   5   2   5   5   2   1   0  11   5   0   2   2  0.33 0.27
  378 T    -2  -1   0  -4  -4  -1  -4  -5   1   4   3  -4   0   1  -2  -3   0   2  -3   1    2   3   4   0   0   3   0   0   4  31  27   0   2   5   2   0   5   3   0   7  0.52 0.33
  379 E    -3   0  -4  -3  -6   1   7  -5  -4  -5  -3  -1  -5  -6  -2  -1  -1  -6  -5  -2    2   4   0   0   0   6  68   0   0   0   2   2   0   0   2   3   4   0   0   4  1.42 0.71
  380 K     0   1   0   1  -1   1   3  -2   3  -3  -2   2  -1  -2  -3   0  -1  -4  -1  -2    8   9   4   8   1   5  19   2   9   1   4  15   1   1   0   4   3   0   1   2  0.28 0.22
  381 D    -1   0   2   1   1   0  -1   0   3  -2  -2   0  -1   0   0   0   0  -2   3  -1    4   4   9   7   3   3   3   8   8   1   2   7   1   3   4   8   4   0  12   6  0.12 0.14
  382 N    -2   1   6  -1   3   0   0  -4   2  -5  -3   0  -4  -5  -4   2   0   2  -4  -5    2   8  38   2   6   5   4   0   4   0   2   4   0   0   0  15   6   3   0   0  0.79 0.47
  383 A     0   0   1   0  -2   1   0   0   2   0  -1   0  -1  -2   1   0   0  -2   1   0    6   6   6   6   0   6   6   6   6   6   6   6   0   0   6   6   6   0   6   6  0.06 0.07
  384 A    -1   0   0   0   2   0   0  -1   2   0  -1   0   2   1   0  -1   0   3   1  -1    5   5   5   5   5   5   5   5   5   5   5   5   5   5   5   5   5   5   5   5  0.09 0.08
  385 L     0   1  -2  -2  -2   1  -1  -2  -1   1   0  -1   2   1   1  -1   0  -1   2   1    9   9   0   0   0   9   1   1   0   9   9   0   9   9   9   1   9   0   9   9  0.11 0.11
  386 A     0   0   0  -1   0   1   0  -1   2   1   0   0   1  -2  -1   0   0   1   0   1   10   4   4   3   3   6   5   3   7   9   6   4   5   0   3   8   5   3   3   9  0.05 0.08
  387 R    -1  -1   0   1  -2   0   4   1   0  -1  -3   1  -3  -5   2  -1  -2  -2  -4  -2    6   3   3   7   1   3  28  11   2   4   3   7   1   0  12   4   2   1   0   2  0.38 0.30
  388 E    -3  -2  -1   5  -2   0   3  -3   3  -4  -2  -2  -3  -4  -2  -3  -4  -1  -1  -1    1   1   2  39   1   4  22   2   8   1   4   2   1   1   2   1   0   1   2   6  0.88 0.52
  389 T    -2  -5  -2   0  -2  -5  -5  -5  -6  -4  -3  -5  -3  -3  -5   3   7  -6  -6  -3    3   0   2   6   1   0   0   0   0   1   3   0   1   1   0  20  60   0   0   2  1.48 0.80
  390 D    -1  -2   1   6  -6   0   1  -1  -2  -5  -4  -3  -4  -6  -2   0  -3   0  -4  -4    5   2   7  50   0   5  10   5   1   1   2   1   0   0   2   5   2   1   1   1  1.03 0.55
  391 E    -2  -1  -3   2  -1  -1   5  -3   3  -3  -4   0  -4  -3   1  -1  -3   2  -1  -2    2   2   1  12   2   2  40   2   6   2   1   5   0   1   8   4   1   2   2   3  0.69 0.44
  392 L    -5  -4  -6  -6  -1  -3  -6  -6  -2   2   6  -5   0  -1  -3  -4  -4  -5  -2  -1    0   1   0   0   1   2   0   0   1  11  71   0   2   2   2   1   1   0   1   3  1.36 0.64
  393 W    -7  -4  -8  -8  -7  -7  -7  -7  -7  -7  -7  -7  -6  -1  -8  -7  -7  13  -1  -7    0   1   0   0   0   0   0   0   0   0   0   0   0   3   0   0   0  90   1   0  4.76 1.63
  394 R    -3   3  -4  -4  -6   3   2  -2   0  -4  -2   5   2  -2  -4  -3  -4  -5  -3  -4    1  14   0   0   0  13  14   4   2   1   5  36   5   2   1   1   0   0   1   1  0.85 0.52
  395 I    -1   4   0   0  -2   0   0  -2   0   0  -1   3  -2   0  -2  -1  -1  -3  -1  -1    5  24   5   4   1   4   6   2   2   7   5  16   0   4   2   3   4   0   2   3  0.28 0.23
  396 H    -4  -1  -2  -5  -2   0  -5  -6   8   0   2  -3  -1   4  -6  -5  -5  -5  -1  -4    1   3   1   0   1   4   0   0  38   5  22   2   1  18   0   0   0   0   1   1  1.36 0.64
  397 C    -2  -6  -6  -6  10  -6  -6  -6  -6   2  -1  -6  -1  -1  -6  -3  -2  -1   1   2    4   0   0   0  52   0   0   0   0  12   5   0   1   2   0   2   2   1   5  12  1.92 0.79
  398 L    -1   0   1  -2  -1   3   1  -2   1   0   1   2   1   1  -3   0  -1  -3   0  -1    3   5   7   1   1  13   9   2   4   5  13  12   3   6   0   6   2   0   3   4  0.15 0.17
  399 Q    -3   6   0  -2  -6   1  -2  -4  -1  -4  -5   4  -5  -6  -2  -1  -2  -6  -5  -4    2  44   3   2   0   7   2   1   1   1   1  27   0   0   2   5   2   0   0   1  1.22 0.63
  400 D    -1  -1  -1   5  -2   1   3  -5   2  -5  -4   1  -5  -5  -4  -2   0  -6  -2  -4    5   2   2  38   1   5  18   0   5   0   2   9   0   0   0   2   7   0   1   1  0.85 0.49
  401 F    -4  -6  -6  -7  -3  -6  -6  -6  -2   0  -1  -6  -4   8  -2  -4  -2  -4   4  -4    1   0   0   0   1   0   0   0   1   5   4   0   0  64   2   1   3   0  15   1  2.02 0.84
  402 K    -2   4  -1  -4  -5  -1  -1  -1   0  -2  -4   3  -4  -5   5  -1  -3  -5  -5  -3    2  21   3   0   0   2   4   6   2   2   2  19   0   0  28   5   1   0   0   1  0.80 0.47
  403 E    -2   1   3   2  -1  -1   1   0  -1  -2  -3   2  -1  -3  -2   1   0  -5  -2  -2    2   6  16  12   1   2  11   8   1   3   2  12   1   1   1  10   6   0   1   3  0.29 0.23
  404 E     0   0  -2  -1   0   1   3   0   1  -2  -2   1  -1  -1  -3  -1  -1   1   1  -1    7   5   1   2   3   6  25   8   3   2   4   9   1   2   0   4   3   2   6   6  0.22 0.21
  405 K    -1   3  -1   0  -3   1   2  -3  -1  -1  -2   3  -3  -4  -1   0   0   0  -1  -1    4  20   2   4   0   6  11   1   1   4   4  19   0   0   3   5   7   1   2   5  0.33 0.27
  406 P    -3   3  -1  -2  -3   1  -1  -2   0  -2   0  -1  -1  -5   5  -2  -2  -5  -2  -1    2  16   3   3   1   6   3   3   2   2  11   3   1   0  33   3   2   0   1   4  0.66 0.42
  407 Q    -1   1  -1   2  -3   3   3  -1  -2  -2   0   2  -1  -4  -2  -1   0  -5  -3  -4    5   7   2  11   1  16  20   4   0   2   9  10   1   0   2   4   6   0   1   0  0.36 0.30
  408 E    -2  -1   1   3  -4   0   5  -4   3  -6  -3   0  -2  -6  -1  -3  -2  -6  -1  -3    3   2   6  14   0   2  45   1   7   0   2   6   1   0   3   1   2   0   2   2  0.87 0.52
  409 H    -2   0   0   1  -2  -1  -2   0   1  -3  -2   0   3  -1   4   1  -2  -4   1  -3    2   4   5   9   1   2   2   9   3   1   3   6   8   2  23  10   2   0   5   2  0.37 0.29
  410 E    -2   1  -2   1  -6   1   6  -1  -4  -4  -4   1  -2  -2  -2  -2   0  -6  -4  -4    3   7   1   6   0   6  49   4   0   1   2   6   1   2   2   2   6   0   1   1  0.87 0.54
  411 S    -2  -3  -1   0   0  -4  -3  -3  -2  -4  -4  -1  -2  -6   0   5   4  -6  -3  -3    3   1   2   6   2   0   1   2   1   1   1   4   1   0   4  43  27   0   1   1  0.92 0.60
  412 W    -5  -5  -7  -7  -3  -3  -1  -6  -3  -6  -4  -6  -3  -1  -5  -4  -5  12   2  -5    1   1   0   0   1   2   4   0   1   0   2   0   1   2   1   1   1  76   6   1  3.63 1.31
  413 R    -3   7  -3  -5   0  -3  -4  -4  -1  -6  -5   3  -5  -3  -2  -2  -3   0   0  -6    2  64   1   0   2   0   0   1   2   0   1  14   0   1   2   3   2   1   3   0  1.63 0.76
  414 E     0   0  -1   4  -5   2   4  -3  -2  -4  -4   1  -3  -4  -4   0  -3  -6  -5  -5    6   4   2  21   0  10  32   1   1   1   2  10   1   1   0   8   1   0   0   0  0.75 0.47
  415 L    -1  -1  -4  -5   0   1  -2  -4   0  -1   3  -2   5  -1  -4  -2  -1  -1  -1   1    6   3   1   0   2   6   3   1   3   2  32   2  18   3   0   2   4   1   2  10  0.49 0.34
  416 Y    -6  -6  -6  -7  -6  -3  -6  -7   2  -3  -4  -6  -5   3  -7  -6  -6   0   9  -6    0   0   0   0   0   1   0   0   5   2   1   0   0  12   0   0   0   1  75   0  2.77 1.09
  417 L    -1   0   0   0   2   0   0  -1   2   0  -1   0   2   1   0  -1   0   3   1  -1    5   5   5   5   5   5   5   5   5   5   5   5   5   5   5   5   5   5   5   5  0.09 0.08
  418 R    -1   4   0   0   1   1   0  -2   1  -1  -2   3   1   0  -6  -1  -1  -6   0  -2    6  20   4   5   3   6   6   4   3   3   4  14   3   3   0   4   4   0   3   4  0.33 0.24
  419 L    -1  -1  -1  -3   4   0  -1  -2   0  -1   2   0   2   1  -4  -1   0   1   3  -2    5   4   2   0  10   4   5   2   2   3  24   7   5   5   0   3   6   2  10   0  0.25 0.26
  420 R    -1   1   0  -1   0   2   1  -2   2  -1   0   1   0   0  -1  -1  -1  -3   0   0    4   8   3   2   2  12   9   2   7   4   9   9   2   4   2   3   4   0   4   9  0.09 0.14
  421 D    -1   1   0   3  -4   2   2  -1   0  -1  -2   2   0  -1  -3  -1  -1  -4  -1  -1    5   8   4  17   0   8  15   6   2   3   3  11   3   2   0   4   3   0   2   4  0.22 0.22
  422 A     0  -1  -1   1  -5   2   5  -3  -1  -3  -3   1  -2  -3  -1  -1  -2  -5  -4  -2    9   3   3   8   0   8  44   1   1   1   2   6   1   1   2   4   1   0   0   4  0.64 0.45
  423 R    -1   5   0   0  -5   3   2  -4   1  -3  -3   1  -1  -4  -2  -2  -2  -1  -1  -1    4  34   3   5   0  12  14   0   3   2   2   7   2   0   2   1   2   1   2   4  0.55 0.40
  424 E     0  -1  -1   1  -5   2   6  -3  -3  -3  -3   1  -2  -3  -4  -2  -1  -5  -4  -4    8   3   2   5   0   8  51   1   0   1   2   9   1   1   0   2   3   0   0   0  0.84 0.54
  425 Q     1   2  -1   0  -4   3   3  -3  -1  -2  -2   1  -1  -4  -3  -1  -1  -4  -2  -1   12  13   2   5   0  14  23   0   1   2   4   9   2   0   0   3   4   0   1   4  0.35 0.30
  426 R     0   4  -1  -1  -5   0   1  -3   2  -3  -3   4  -3  -1  -4  -1  -3  -5  -3  -2    8  28   2   2   0   3   9   2   4   1   2  30   0   2   0   3   0   0   0   2  0.65 0.44
  427 L    -2   0  -2  -2  -4   0   0  -5  -1   0   4   1   0   1  -4  -3  -1  -3   0   0    2   6   1   2   0   4   6   0   1   4  45   8   2   6   0   0   2   0   3   7  0.40 0.34
  428 R     0   2   1   1  -1   2   3  -2   1  -2  -2   3  -3  -4  -1  -1  -1  -4  -2  -2    8   9   5   7   1  12  20   1   3   2   3  20   0   0   2   2   2   0   1   2  0.36 0.30
  429 V     1   2   0   0  -3   1   3  -1   0  -1  -1   2   0  -2  -3   0  -1  -4  -1  -1   11  12   3   4   0   5  19   3   2   3   4  14   3   2   0   5   3   0   2   3  0.20 0.21
  430 V     0  -2  -3  -1   0   0  -2  -2   0   2   3  -2   1   0  -3   0  -1   0  -2   1   11   2   0   3   2   4   2   2   2  15  29   2   3   3   0   6   2   2   0  10  0.20 0.22
  431 T     1   1  -1  -2   0   0   0   0   0   0  -1   0   0  -1  -3   1   3  -3  -3   0   12   7   2   0   2   4   5   8   2   5   5   7   2   2   0   8  23   0   0   5  0.16 0.20
  432 T     2   0   1   2  -3   2   2  -2   0  -2  -1   1   0  -3  -3   0   0  -4  -1  -1   18   3   6  12   0  10  12   2   2   2   6   8   3   0   0   6   4   0   2   2  0.19 0.21
  433 K    -1   4   2  -2   0   0  -1  -2   1  -1  -2   3  -1  -4  -3   1  -1  -4  -3  -2    5  24  13   0   2   4   2   2   3   3   4  22   2   0   0   9   2   0   0   2  0.43 0.32
  434 I    -2  -4  -5  -5  -4  -2  -5  -5  -1   5   3  -4   3  -1  -5  -3  -2  -4  -1   1    2   0   0   0   0   2   0   0   2  39  33   0   7   2   0   2   2   0   2   6  0.87 0.48
  435 R    -1   3   0   0  -4   2  -2  -1   2  -1  -2   4  -3  -4  -4   0   0  -5   0  -1    4  16   4   5   0   8   0   5   4   4   4  23   0   0   0   8   5   0   4   4  0.35 0.29
  436 S     1   0   1  -1   0   1   0  -1   1  -1  -1   1   1   0  -1   1  -1  -3   0  -1   13   4   6   3   3   7   5   3   5   3   4   7   6   5   3  15   3   0   3   3  0.09 0.13
  437 A     2   0   0  -1  -4   2   0  -2   0  -1  -1   1   0  -2  -3   2   0  -4  -3  -1   20   5   4   2   0   8   7   3   3   3   5  10   3   2   0  18   5   0   0   4  0.23 0.24
  438 R    -2   1   0  -2  -4   3   0  -2   4   0  -2   0   2   0  -1  -1  -1   0   3  -1    3   8   4   2   0  13   4   2  11   6   3   5   7   4   3   5   4   1  11   4  0.26 0.24
  439 E     2   0   0   1  -4   2   2  -2  -1  -2  -2   1  -1  -4  -2   1   0  -4  -4  -2   23   5   5   7   0  10  12   2   1   3   2  10   1   0   2  11   4   0   0   2  0.28 0.27
  440 N     1   0   3  -1  -5   2   2   0  -1  -2  -3   4  -1  -5  -4   0  -1  -5  -4  -3   10   3  13   2   0   9  12   6   1   2   1  28   1   0   0   7   3   0   0   2  0.46 0.38
  441 K     1   1   0  -1  -1   1   0  -2   1  -1   0   3   0  -2  -3   1  -1  -4  -1  -1   14   7   3   4   1   5   5   2   3   4  12  21   2   1   0   9   2   0   2   2  0.16 0.20
  442 P     0   1   0   0  -4   1   2  -2   0  -2  -2   1  -1  -4   3  -1   0  -4  -2  -1    9   6   5   5   0   7  13   3   2   2   3  10   1   0  16   4   7   0   2   4  0.27 0.24
  443 S     1   0   0  -1  -4   2   1  -2   0  -3  -3   3  -2  -5   4   0  -1  -5  -2  -3   15   5   4   3   0  10  10   2   2   1   2  16   1   0  19   6   2   0   1   1  0.43 0.34
  444 G    -1   1  -1   0  -4   1   3   3  -3  -1  -3   0  -1  -4  -1  -1  -2  -5  -4   2    3   7   2   6   0   7  19  22   0   3   2   6   1   0   3   3   2   0   0  15  0.30 0.29
  445 R    -4   6  -3  -3  -3   0  -2  -3  -4  -4  -4   4  -2  -3  -3  -2  -3  -6  -5  -2    0  52   1   1   1   3   2   2   0   1   1  26   1   1   1   2   2   0   0   3  1.32 0.73
  446 Q    -1   1   0  -1  -5   5   1  -3   0  -4  -3   3  -1  -5  -2   0   0  -5  -4  -1    4   6   3   2   0  34   8   2   2   0   2  18   2   0   2   5   6   0   0   4  0.65 0.49
  447 T     3  -1   0  -2  -3  -1   0  -3  -1  -1  -3   1  -2  -4  -4   1   3  -5  -4   1   26   4   4   2   0   1   5   1   1   2   1   9   1   0   0   8  25   0   0  11  0.41 0.38
  448 K    -2   3   1  -3  -6   1  -1  -5   0  -4  -4   6   0  -6  -3  -2   0  -6  -5  -4    2  15   6   1   0   7   2   0   2   1   1  50   2   0   1   3   6   0   0   1  1.02 0.63
  449 M    -1   1  -3  -4  -1   2  -1  -4  -4  -1   3   1   5  -2  -3  -1  -1  -1  -4   0    4   8   1   0   1  10   3   1   0   2  27   8  19   1   1   3   4   1   0   6  0.45 0.39
  450 I     4  -3  -4  -5  -1  -3  -3  -4  -3   4   0  -2  -1  -2  -3  -2   0  -1  -4   2   36   1   0   0   1   1   1   0   1  26   7   2   1   1   1   1   6   1   0  12  0.61 0.45
  451 C    -1  -1  -1  -1  -1   0  -2  -1  -1   0  -1   1  -1   3  -2  -1   0  -2   4   1    3   4   2   4   2   4   2   4   1   7   5  10   1  14   1   3   7   0  17  10  0.19 0.20
  452 F     0  -2  -2  -2  -2  -1  -3  -3  -3   2   1  -2   0   2  -3   0   0  -3   0   4    7   2   1   2   1   2   1   2   0  13  12   2   2   9   0   6   5   0   2  31  0.31 0.25
  453 N    -1  -1   1   3   1   0   0  -1   1  -1  -1   0  -1  -3   0  -1   1  -4  -2  -1    3   3   8  23   3   3   4   4   4   5   6   5   1   0   5   4  12   0   1   6  0.20 0.19
  454 S     0  -1   0   2  -2  -1  -1   0  -1  -2  -2  -1  -3  -4   1   3   2  -4  -2  -2    8   3   3  11   1   3   2   8   1   2   3   3   0   0   7  25  16   0   1   3  0.31 0.30
  455 V     0   0  -1   0  -1   0   0  -2  -2   1  -1   0   1  -2   2   0   0  -4  -2   2    9   6   1   7   1   5   5   2   1   7   4   6   3   1   9   5   5   0   1  20  0.11 0.16
  456 A     3   0  -3  -2  -3  -2  -1  -1  -2   0  -1  -3  -2  -2   3  -1   0  -4  -3   3   27   6   1   3   0   1   3   4   1   3   7   0   1   1  13   2   4   0   0  21  0.34 0.33
  457 K    -1   2  -2  -2  -2  -1  -1  -2  -1   0  -2   5  -2  -3   2  -2  -2  -5  -4  -2    3   9   1   2   1   2   4   3   1   6   4  40   1   1  12   3   2   0   0   3  0.56 0.41
  458 T     0   1  -2  -1  -4  -2  -2  -2  -1  -2  -1  -1  -2  -4   6  -1   1  -5  -3  -2    9   9   1   3   0   1   2   3   1   2   6   3   1   0  39   3  11   0   1   3  0.75 0.47
  459 P    -1  -1  -4  -2  -5  -2  -3  -1  -2  -4  -1  -1  -2  -5   7   0  -3  -5  -5  -4    5   3   0   2   0   1   1   5   1   1   7   3   1   0  56   9   1   0   0   1  1.31 0.69
  460 Y    -1   5  -2  -2  -3  -1  -2  -1   0  -2  -3   1  -1   0   0   0   0  -1   0  -2    5  39   1   1   1   2   2   4   2   2   2   8   2   4   6   9   5   1   3   3  0.52 0.37
  461 D    -1   0   2   2  -2   1   2   0  -1  -2  -3   0  -3   0  -1   1  -1  -3  -1  -2    5   5  11  15   1   6  15   8   1   2   2   6   0   4   2   9   3   0   2   2  0.22 0.20
  462 A     0   0  -1  -2  -2  -1  -2   0  -2   2  -1   1   0  -1  -1  -1  -1  -3  -1   3    7   5   3   2   1   2   2   7   1  14   3  12   2   2   3   4   3   0   1  26  0.18 0.20
  463 S     1   4  -2  -3  -3   2  -2   0  -1  -1   0   0   1  -3  -1   0   0  -2  -3  -3   12  27   2   0   0   9   1   7   1   4   9   5   3   1   3   8   6   1   0   1  0.32 0.30
  464 R    -2   6  -2  -3  -5   0  -3   0  -2  -2  -4   2  -2  -1  -4  -1  -1  -1  -4  -2    3  53   1   1   0   3   1   7   1   2   1  10   1   2   0   4   4   1   0   3  1.03 0.59
  465 R    -1   5  -2  -3  -4   2  -2  -1  -1  -2  -3   3  -1  -3  -1   0  -1   1  -1  -3    4  30   1   0   0  10   1   5   2   2   2  20   2   1   3   8   4   2   2   2  0.56 0.41
  466 Q     0   2   0  -2  -1   6   0  -1   0  -3  -3  -1  -2  -1   0  -1  -2   1  -3  -3    7  11   4   2   1  37   6   6   2   1   2   2   1   3   6   5   2   2   1   2  0.61 0.47
  467 E     2   0  -1  -1  -3   0   1   0   0  -1  -1   0   1  -3   0   1   1  -1  -3  -1   18   6   3   2   0   3  11   8   2   5   5   5   4   1   4   9   9   1   0   3  0.11 0.15
  468 K    -1   3  -1  -1  -4   1  -1   0  -1   0  -1   3   0  -1  -2   1  -1  -4  -3  -2    4  17   2   2   0   7   2   7   1   6   6  24   2   2   2   9   4   0   1   2  0.29 0.27
  469 S     0  -1   0  -1  -1  -2  -2   0   3  -2  -2   0  -1   2   0   2   0   0   2  -2    7   3   4   2   1   1   2   8  10   2   4   5   1  10   4  16   7   1   9   3  0.18 0.21
  470 A     1   1  -1  -2  -4  -1  -3   4   0  -2  -2   0  -1  -1  -2   1  -2   0   0  -2   11   9   2   1   0   3   1  36   2   2   5   5   2   2   2   9   1   1   3   3  0.41 0.32
  471 G    -1  -1  -1  -3  -4   0  -3   3   0  -2  -2   0   0  -3   0   1   4  -1  -4  -1    4   4   2   1   0   4   1  21   2   2   3   7   2   1   5  11  26   1   0   3  0.37 0.34
  472 A     2  -1  -1  -1  -3  -1  -2   1  -2  -2  -1   0   0   0   1   2   1   0  -1  -1   24   3   2   2   0   2   2  12   1   2   5   5   3   4   6  15   7   1   1   3  0.19 0.21
  473 A     1   0   0  -3  -2  -1  -2   2  -2   0  -2   0   1  -1  -1   2   1  -2  -2   0   15   6   4   0   0   3   1  18   1   5   3   5   3   2   2  16   7   0   1   6  0.18 0.20
  474 D     1  -1   0   0  -1   0  -1   1   0  -1   0   0   0  -1   1   1   1  -3  -1   0   11   2   4   4   1   5   2   9   2   4   8   5   2   3   6  13  10   0   2   5  0.06 0.09
  475 P     1   0  -1  -1  -4  -1  -2  -2  -2  -1   0   0   1   1   4   0   0   0  -2  -1   10   6   3   3   0   2   1   3   1   2   8   6   3   6  24   8   6   1   1   5  0.30 0.25
  476 G     0   0   0  -1  -3   1   0   1  -1  -1  -1   1   0  -1   1   2   1  -3  -1   0    8   4   3   2   0   5   4  11   1   3   4  10   2   3   6  15   8   0   3   7  0.10 0.13
  477 N     0   1   1  -2  -1   2  -1  -1  -1  -2  -2   2   1  -3   1   1   1  -1  -2  -2    8   8   8   2   2   9   3   4   1   1   4  16   5   1   7  10   9   1   1   2  0.19 0.21
  478 G     1   1   0  -1  -3   1   0   1   1  -2  -1   0   0  -2   1   1   1  -3  -2  -1   10   8   5   2   0   5   5   9   4   2   8   6   3   1   8  11   8   0   1   4  0.11 0.13
  479 E    -1   1   0  -1  -3   0   0  -1  -1  -1   0   3   1   0   0   1   0  -4  -2  -2    4   9   5   3   0   4   6   3   2   2   9  20   4   4   5  10   6   0   1   2  0.15 0.18
  480 M     1   0  -1  -2  -2   1  -1  -1   0   1   0   0   0  -1   0   1   0  -3  -1   0   14   6   2   1   0   6   3   4   3   9   8   6   3   3   4  13   7   0   2   6  0.07 0.11
  481 E    -1   1  -1  -1  -2   0   0   0   0  -1  -1   2   0  -1   1   2   0  -4  -1  -2    4   8   1   2   1   4   5   7   2   3   7  16   3   2   8  15   7   0   1   2  0.15 0.18
  482 P     0   0   0  -2  -4   0   0  -2   0   0  -2   2  -1  -1   4   1   0  -2  -2  -1    8   5   5   1   0   4   5   3   2   7   4  12   1   3  20   9   5   1   1   3  0.26 0.22
  483 A     3   0  -1  -2  -2   0  -1   0  -1   0  -1   1   0  -2  -1   1   0  -2  -1  -1   29   5   3   1   1   3   3   7   2   5   4  11   3   2   2   9   4   1   2   4  0.18 0.21
  484 P     1   1  -1  -2  -1   0  -2  -1  -1  -2  -2   1  -2  -2   4   1   0  -4  -2  -3   10   8   3   2   1   4   2   5   1   3   5  10   1   1  22  13   7   0   1   2  0.33 0.28
  485 K     1   3  -2  -1  -2  -1  -1   0   1  -2  -2   2   0  -2   0   1   0  -4  -1  -2   12  16   1   3   1   2   3   7   4   3   3  15   2   1   4  13   6   0   2   3  0.21 0.22
  486 P     1   1   0  -2  -1   0  -1  -2   1  -2  -2   1   0  -4   4   1   0  -4   0   0   11   7   4   1   2   4   3   2   3   2   4   7   3   0  20   9   6   0   4   7  0.26 0.24
  487 A     1   1   0  -2  -1   0  -1   0   1   0  -1   0   0  -2   1   2   1  -4  -3   0   14   9   3   1   1   3   4   7   3   6   4   6   3   2   7  15   7   0   0   5  0.11 0.15
  488 G     2   1   0  -3  -2   0   0   2  -1  -2  -3   0  -1  -2   1   2  -1  -4  -3   0   15   9   3   0   0   5   6  15   1   2   2   7   1   1   6  14   3   0   1   6  0.19 0.21
  489 S     0   1  -1  -1  -2  -1  -1  -1   0   0  -1   0  -1  -2  -1   3   1  -2  -1   0    7   9   3   3   1   2   3   5   2   5   7   7   1   1   2  27   7   1   2   6  0.17 0.23
  490 S     0   1   0   0  -3   0  -1  -1  -2  -1  -2   1  -1  -2   0   3   1  -5  -3  -1    7   7   4   4   0   4   2   4   1   4   3   9   2   1   4  27  10   0   1   5  0.24 0.27
  491 Q     1   3   1  -1  -3   0   0  -1   1  -2  -3   1  -3  -2   0   2   0  -4  -2  -2   12  21   5   3   1   4   4   4   3   2   2   8   0   2   4  14   7   0   1   2  0.25 0.26
  492 A     3  -2   0  -3  -2   0  -2   0  -2  -1   0   0   0  -3   1   1   0  -2  -2  -1   30   2   5   1   1   4   2   6   1   4   9   4   2   1   7  11   7   0   1   4  0.23 0.26
  493 P     0   2  -1  -3  -1   0  -2   0   0  -1  -1   0  -1  -3   4   2   0  -5  -3  -2    9  11   2   1   1   4   2   6   2   4   7   5   1   1  20  16   5   0   0   2  0.33 0.30
  494 S     0   2   1  -1  -1   0  -1  -1   0  -2  -3   2  -1  -3   1   3   0  -2  -2  -1    8  11   6   3   1   3   2   4   2   2   3  11   2   1   6  25   5   0   1   4  0.24 0.26
  495 G     0   0   1  -1  -2   0   0   1  -1   0  -1   0   0  -2   1   1   0  -1  -1   0    7   5   6   2   1   5   5  10   1   6   7   7   2   1   6  14   6   1   1   6  0.06 0.08
  496 L     1   0   0  -1  -1   0  -1  -1   0   0   0   0   1   0   1   1   0  -3  -1   0   11   7   6   2   1   4   3   4   2   7   7   5   5   3   7  11   6   0   2   6  0.05 0.08
  497 G     1   0   0  -2  -2   0  -2   0   0  -1  -2   0   0   0   2   1   1  -1  -1   0   12   6   5   1   0   4   1   6   2   3   3   7   2   5  10  14   9   1   2   7  0.13 0.17
  498 D     1   1   1   0  -2   0   0  -1   0  -1  -2   1  -2  -2   1   2   1  -2  -2  -1   12   7   6   4   1   4   4   4   2   4   3   7   0   2   7  18   9   0   1   4  0.14 0.17
  499 G     1   0   0   0  -2  -1  -2   1   0  -2  -2   0   0  -1   2   2   1  -4  -1  -1   11   6   3   4   1   3   1  12   3   1   3   6   2   3  10  15  11   0   3   5  0.16 0.18
  500 D     1   1   1   0  -1  -1   0   0  -2  -1  -1   0  -1  -1   1   2   0  -4  -2  -1   11   9   7   4   1   3   5   9   0   5   7   4   1   2   7  16   5   0   1   4  0.10 0.14
  501 G     1   2   1   0  -2   0  -2   0  -2  -2  -2   1   0  -2   1   1   0  -4  -3  -1   14  11   7   4   1   5   2   7   1   3   3   8   3   1   8  12   6   0   0   4  0.17 0.19
  502 G     1   1   0   0  -4   0  -1   1   1  -2  -2   0   0  -2   2   2   0  -4  -2  -2   12   7   5   4   0   4   4   9   3   2   3   6   3   1  12  15   5   0   1   3  0.16 0.18
  503 S     1   2   0  -3  -2   0  -1  -1   0  -1  -3   0   0  -1   3   3   0  -5  -1  -1   10  12   4   1   1   4   2   4   2   3   2   5   2   2  13  21   6   0   3   4  0.26 0.27
  504 V     0   1   0  -2  -3   0  -1  -1   0   0   0  -1  -1  -2   2   1   1  -4  -1   1    9  10   5   1   0   3   2   5   2   4   9   3   1   1   9  14   8   0   2  12  0.12 0.17
  505 S     1  -1   0  -1  -2  -1  -1  -2   0  -1  -1   0   0  -2   3   2   1  -4  -1   0   13   4   3   4   1   3   3   2   2   4   7   5   2   2  16  15   8   0   2   6  0.19 0.20
  506 G     1   0   0  -3   1   1  -2   2  -2  -1  -1  -1  -1  -4   2   1   1  -4  -3   1    9   6   4   0   3   6   1  15   1   4   5   4   2   0   9  12   8   0   0  10  0.18 0.20
  507 G     1   0   0  -3  -3  -1  -2   2   2  -2  -2   0  -3  -3   3   1   0  -2  -2   0   10   6   4   1   0   3   1  13   5   2   4   6   0   1  17  12   5   1   1   8  0.26 0.25
  508 G     1  -1   1  -3  -3   1  -2   1   0  -2  -3  -1  -1  -3   1   3   1  -5  -4   0   13   3   8   1   0   6   2  10   2   2   2   3   1   1   8  25   7   0   0   6  0.32 0.32
  509 S     1   1  -1  -3   1   0  -2   0   0  -2  -3   0   0  -4   1   3   2  -5  -4   0    9   9   2   1   3   3   1   7   2   2   2   6   2   1   8  25  12   0   0   6  0.29 0.30
  510 S     0   2  -1  -1  -1   0  -1  -1   0  -1  -2   0  -2  -3   2   2   1  -5  -4  -1    8  14   2   3   2   4   2   4   2   5   4   4   1   1  11  20   9   0   0   5  0.25 0.27
  511 N     1   1   2  -2  -4   1  -2  -1  -1  -1  -1  -1  -1  -2   3   2   0  -2  -2  -1   10   9  11   2   0   5   1   4   1   4   5   4   1   1  14  15   6   1   1   3  0.22 0.24
  512 R     1   3  -1  -1  -2  -1  -1  -1   0   0  -2  -1  -2  -3   2   2   0  -4  -2   0   15  15   3   3   1   1   3   5   2   7   4   3   0   1  10  14   5   0   1   7  0.19 0.22
  513 H     0   1   0  -2  -1   0  -1  -1   2  -2   0  -1  -1  -1   3   1   0  -2  -1  -1    9   9   3   2   1   4   3   5   6   2   9   3   2   2  13  14   6   1   2   5  0.15 0.17
  514 A     2  -1   1  -3  -1  -1  -3   1  -4  -2  -1  -1  -2  -2   2   3   0  -2  -4   0   16   4   6   1   1   2   1   9   0   1   7   4   1   2  12  22   4   0   0   8  0.28 0.29
  515 A     2  -1   0  -2  -3   0  -1  -1   0  -1  -2   0   1  -3   1   2   1  -3  -3   0   21   3   4   1   0   5   3   5   2   3   4   5   4   1   7  17   7   0   0   8  0.20 0.23
  516 P     0   0   0  -3  -3   1  -2   0  -2  -2  -3  -1  -1  -3   5   2  -1  -5  -4   0    8   5   5   1   1   6   3   7   1   2   2   3   1   1  31  13   4   0   1   6  0.55 0.40
  517 A     1   0   0  -2  -1   0  -2   0   1  -1  -1  -1  -1  -1   2   2   1  -4  -3   1   13   6   4   1   1   5   1   7   3   3   5   2   1   3   9  17   8   0   0  10  0.16 0.20
  518 D     1  -1   0   0  -2   1  -1   0   2  -2  -2   0  -2  -3   0   2   0  -4   0   1    9   3   4   5   1   6   3   8   5   2   2   7   1   1   4  18   7   0   3  11  0.14 0.18
  519 K     0   2   0   0  -2   1  -1   0  -2  -3  -1   0   1  -4   1   3   0  -2  -4  -1    9  11   5   4   1   6   2   6   1   1   5   5   4   1   8  22   6   1   0   4  0.22 0.24
  520 T     1   0   0  -1  -4  -1  -2  -1  -2   0  -2   0  -2  -2   2   3   2  -4  -3   0    9   6   4   3   0   2   2   4   1   5   4   4   1   2  10  23  12   0   1   5  0.23 0.26
  521 R     0   3   0  -1  -2   0  -2  -1   1  -1  -3   1  -2  -3   1   2   0  -3  -3  -1    6  20   4   3   1   4   1   5   4   4   1   9   1   1   7  17   6   0   1   4  0.28 0.27
  522 K     1   0  -2  -3  -5   1  -2  -1  -2  -3  -3   5  -1  -5   2   2  -1  -5  -4  -3   10   4   2   1   0   5   1   4   1   1   3  37   2   0   9  13   4   0   0   2  0.62 0.47
  523 Q     0   2   0  -3  -4   1  -2  -2  -1  -4  -1   3  -2  -2   4   0  -1  -5  -4  -1   10  11   4   0   0   7   2   4   1   1   6  18   1   2  20   6   4   0   0   4  0.41 0.34
  524 A     1   1  -1  -3  -4   1  -2  -2   0  -2  -1   1   0  -3   4   0   1  -4  -4  -1   14   6   3   1   0   7   2   3   2   2   6   8   3   1  21   6   9   0   0   5  0.32 0.28
  525 A     1  -2  -4  -4  -4  -1  -2   0  -2  -1  -2   4  -1  -3   3   0  -2  -5  -3   3   12   2   0   0   0   2   2   6   1   3   3  24   2   1  14   5   1   0   1  21  0.45 0.39
  526 K    -1  -1  -3  -2  -3   1  -3  -4  -5  -5  -6   6  -5  -6   4   0  -1  -6  -6  -4    5   3   1   2   1   5   1   1   0   1   0  48   0   0  21   7   4   0   0   1  1.16 0.70
  527 K    -2   3  -2  -4  -6  -1  -2  -2  -4  -3  -4   6   0  -6   1  -2  -1  -6  -3  -3    3  13   2   0   0   2   2   3   0   2   1  52   3   0   8   3   3   0   1   1  1.05 0.64
  528 V    -1  -1  -4  -3  -4  -2  -3  -2  -1   3  -2   4   1  -4   0   0  -1  -5  -4   3    3   3   0   1   0   1   0   3   1  15   3  25   3   0   6   6   4   0   0  25  0.49 0.39
  529 A     6  -1  -5  -6  -5  -3  -5   1  -6  -6  -5  -5  -5  -6   0  -3  -3  -6  -6  -5   77   3   0   0   0   1   0  10   0   0   1   0   0   0   4   1   2   0   0   0  1.68 0.89
  530 P    -1  -3  -6  -6  -7  -6  -6  -6   0  -7  -5  -6  -7  -5   8  -4  -6  -7  -3  -7    5   2   0   0   0   0   0   0   3   0   1   0   0   1  84   1   0   0   1   0  2.74 1.21
  531 L    -4  -6  -6  -5  -5  -5  -4  -7  -6  -2   6  -4   7  -4  -6  -3  -5  -6  -5  -2    1   0   0   1   0   0   1   0   0   1  65   1  25   0   0   2   0   0   0   2  1.70 0.82
  532 M    -6  -2  -7  -7  -6  -5  -4  -7  -6  -2  -2  -4  11  -5  -4  -6  -6  -6  -6  -1    0   3   0   0   0   0   1   0   0   2   2   1  85   0   1   0   0   0   0   3  3.22 1.31
  533 A     6  -3  -3  -2  -5   3  -4  -4  -5   1  -4  -1  -1  -6  -5  -1  -2  -6  -5  -1   60   1   1   2   0  13   0   0   0   7   0   4   2   0   0   4   2   0   0   3  1.09 0.66
  534 K    -4  -2  -5  -3  -8  -2  -3  -6  -6  -7  -7   8  -6  -3  -6  -5  -3  -8  -7  -7    1   1   0   2   0   1   1   0   0   0   0  92   0   1   0   0   1   0   0   0  2.54 1.11
  535 A     3  -5  -4  -5   1  -4  -5  -5  -5  -3  -4  -4  -3  -6  -5   3   5  -6  -5   0   23   0   0   0   2   0   0   0   0   1   1   0   1   0   0  22  42   0   0   8  1.13 0.68
  536 I    -5  -1  -4  -6  -5  -3  -6  -7  -6   3   5  -1   5  -1  -6  -5  -2  -5  -4  -1    0   3   1   0   0   1   0   0   0  15  55   4  15   2   0   0   2   0   0   2  1.16 0.60
  537 R    -3   4  -4  -4  -7   4  -3  -4  -1  -5  -6   6  -2  -7  -5  -2  -4  -7  -6  -3    1  22   0   1   0  17   0   1   1   0   0  51   1   0   0   2   0   0   0   2  1.47 0.75
  538 D     2  -4  -3   2  -3  -1  -2  -2  -4  -2   0  -3   6   2  -2   0   0  -4  -3  -1   20   0   0  14   0   3   2   2   0   0  10   1  22   9   1   7   6   0   0   3  0.49 0.40
  539 Y    -5  -2  -6  -6  -2  -2  -3  -6  -1   3   2  -5   5   5  -6  -3  -4   0   4  -1    0   2   0   0   1   2   2   0   2  16  18   0  15  27   0   1   0   1  12   2  0.94 0.50
  540 K    -2   1  -1  -5  -7  -1  -3  -2  -1  -7  -6   7  -5  -7  -5  -2  -5  -7  -6  -6    4   7   3   0   0   2   0   3   1   0   0  77   0   0   0   2   0   0   0   0  1.87 0.85
  541 G    -2   0   5  -3  -5   0  -3   2  -1  -1  -4   3  -1  -2  -4   0  -2  -5  -4  -4    3   4  34   0   0   4   0  15   1   3   1  21   2   1   0   6   1   0   0   1  0.71 0.44
  542 R    -2   6  -1  -4   2   2  -3  -4  -2  -4  -2   1  -4  -5  -5  -1  -1   0  -4  -2    2  54   3   0   5  10   0   1   0   1   4   5   0   0   0   4   4   1   0   3  1.10 0.56
  543 F    -2   1  -1  -4   0  -2  -4  -5  -1  -1   1   0   1   6  -5  -1  -2   2   3  -1    3   8   3   0   2   2   0   0   1   2  11   6   4  36   0   4   2   3   9   3  0.61 0.35
  544 S    -2   4  -2  -4  -5   0  -3   2  -1  -5  -5   4  -4  -3  -4   3  -3  -5  -2  -5    3  24   1   0   0   3   0  14   1   0   0  28   0   1   0  24   0   0   1   0  0.81 0.47
  545 R    -6   8  -5  -6  -8  -3  -4  -7  -5  -7  -7   0  -6  -7  -1  -5  -5  -7  -6  -7    0  92   0   0   0   0   0   0   0   0   0   5   0   0   3   0   0   0   0   0  2.67 0.98
  546 R    -4   8  -4  -5  -7  -2  -3  -5  -3  -6  -5   3  -5  -6  -5  -4  -4  -6  -5  -6    0  87   0   0   0   0   0   0   0   0   0  13   0   0   0   0   0   0   0   0  2.21 0.69

                      K         Lambda
Standard Ungapped    0.1279     0.3114
Standard Gapped      0.0379     0.2670
PSI Ungapped         0.1238     0.3175
PSI Gapped           0.0379     0.2670
