
Last position-specific scoring matrix computed, weighted observed percentages rounded down, information per position, and relative weight of gapless real matches to pseudocounts
            A   R   N   D   C   Q   E   G   H   I   L   K   M   F   P   S   T   W   Y   V   A   R   N   D   C   Q   E   G   H   I   L   K   M   F   P   S   T   W   Y   V
    1 M    -2  -2  -3  -4  -2  -1  -3  -4  -2   1   2  -2   8  -1  -3  -2  -1  -2  -2   0    0   0   0   0   0   0   0   0   0   0  15   0  85   0   0   0   0   0   0   0  0.83 0.16
    2 K    -2   3   3  -1  -4   0   0  -2  -1  -3  -3   4  -2  -4   2  -1  -1  -4  -3  -3    0  16  28   0   0   0   0   0   0   0   0  43   0   0  12   0   0   0   0   0  0.54 0.10
    3 K    -2   3  -1  -2  -3   0   0  -3  -1  -2   1   5  -1  -3  -2  -1  -1  -3  -2  -2    0  19   0   0   0   0   0   0   0   0  20  61   0   0   0   0   0   0   0   0  0.48 0.11
    4 I    -1  -3  -3  -3  -2  -3  -3  -3   3   3   0  -3   0   5  -3  -2  -2  -1   1   1    7   0   0   0   0   0   0   0  12  34   0   0   0  39   0   0   0   0   0   7  0.38 0.09
    5 K    -1   1   2  -1  -3   0   0   1  -1  -2   0   4  -1  -3  -2  -1  -1  -3  -2  -1    0   0  12   0   0   0   0  13   0   0  12  55   0   0   0   0   0   0   0   7  0.29 0.09
    6 Y    -2  -3  -3  -4  -3  -2  -3  -4   0  -1   1  -3   3   3  -4  -3  -2   1   7  -1    0   0   0   0   0   0   0   0   0   0  12   0  12  13   0   0   0   0  62   0  0.82 0.14
    7 L    -2  -3  -3  -4  -2  -2  -3  -4   2   2   2  -3   3   2  -3  -2  -1  -2   0   2    0   0   0   0   0   0   0   0  10  10  30   0  11  15   0   0   0   0   0  25  0.31 0.09
    8 S    -1  -2   2  -1  -3  -1  -1  -2  -2  -4  -4  -1  -3  -4   6   4   0  -4  -3  -3    0   0  10   0   0   0   0   0   0   0   0   0   0   0  42  48   0   0   0   0  0.97 0.19
    9 I    -2  -3  -3  -4  -2  -2  -3  -4   2   1   4  -3   1   0  -3  -1  -2   5  -1   0    0   0   0   0   0   0   0   0  10   9  63   0   0   0   0   9   0  10   0   0  0.46 0.14
   10 L    -2  -3  -4  -4   3  -3  -3  -4   2   0   4  -3   1   3  -4  -3  -2  -2   0   0    0   0   0   0   9   0   0   0   9   0  65   0   0  17   0   0   0   0   0   0  0.56 0.17
   11 W    -3   0  -3  -4  -4  -3  -3   1  -3  -4  -3  -3  -3   2  -4   0  -3  10   3  -4    0   7   0   0   0   0   0  12   0   0   0   0   0   8   0   8   0  57   8   0  1.67 0.30
   12 K    -2   4  -1  -2   2   3   0  -3  -1  -4  -3   4  -2  -4  -3  -1   0  -4  -3  -3    0  32   0   0   6  14   0   0   0   0   0  41   0   0   0   0   6   0   0   0  0.70 0.22
   13 H    -2   1   1  -2  -4   2  -1  -3   6  -3  -3   0   0   1   5  -2  -2  -3   1  -3    0   6   7   0   0  11   0   0  28   0   0   5   3   7  28   0   0   0   4   0  0.71 0.22
   14 K    -1  -1   3  -1  -3   3   0  -2  -1  -1  -3   2  -2  -4  -2   3   2  -4  -3  -2    0   0  20   0   0  17   5   0   0   4   0  16   0   0   0  26  13   0   0   0  0.43 0.21
   15 K     0   3  -3  -3  -3  -1   0  -3  -3   3   0   1  -1   0  -3  -2  -1  -3  -2   1   11  21   0   0   0   0   7   0   0  27   7   8   0   4   0   0   3   0   0  12  0.23 0.17
   16 I    -2  -1  -4  -4  -2  -3  -3  -4  -3   4   3  -3   2   2  -4  -3  -2  -2   1   2    0   5   0   0   0   0   0   0   0  33  32   0   5   7   0   0   0   0   4  10  0.47 0.20
   17 N    -1   0   5  -1  -3  -1  -2  -1  -2   0  -2   1   0  -3   0   1  -1  -4  -3  -1    5   3  43   0   0   0   0   4   0   7   4  10   3   0   4  12   0   0   0   4  0.46 0.26
   18 I    -1  -2  -2  -2   1   0  -2  -1  -3   3   1   0  -1  -2  -3   2   2   1  -2   1    1   0   0   0   3   4   0   4   0  26  10   6   0   0   0  19  16   2   0   6  0.21 0.18
   19 C     0  -1  -1  -2   0  -2  -2  -1  -2   1   2   0   1   1  -2  -1   1  -2   0   1    9   2   3   2   3   0   0   4   0   7  24  10   3   5   0   3  11   0   3  10  0.07 0.09
   20 N     0  -1   2   0   0   1  -1   0  -2  -1  -1   2  -2  -3  -1   3   0  -4  -3  -1    6   0  11   3   3   6   0   5   0   4   8  18   0   0   2  28   4   0   0   3  0.22 0.19
   21 H     0   0  -1  -1   0   1   0  -2   3   0  -1   1  -2  -1   1   0   0  -2   3  -2    6   3   2   3   3   5   6   3  12   7   8  13   0   0   6   7   5   0  12   0  0.13 0.13
   22 K    -1   4   2  -2  -1   1  -2  -3   5   1  -3   1  -2  -2   1   0  -2  -4   0  -1    3  25   9   0   2   7   0   0  16  11   0   5   0   2   7   9   0   0   2   2  0.38 0.25
   23 N     0   0   3  -2   2   0  -2  -3   1  -3  -3   1   0  -3   3   1   0  -3   2  -1    6   3  20   0   4   2   0   0   3   0   0  12   3   0  14  14   5   0   9   4  0.33 0.23
   24 C     1  -1   2  -3   7  -3  -3   0   1  -2   0  -3   0   1  -4  -1  -1  -3   1  -1   11   3  11   0  27   0   0   6   3   0  12   0   2   8   0   4   3   0   5   5  0.44 0.26
   25 Y    -1  -1   0  -1  -3  -2  -3  -3   2   0   1  -3  -1   2  -1   1  -1  -2   4   1    5   3   5   3   0   0   0   0   6   4  13   0   0   8   3  14   3   0  22  11  0.27 0.22
   26 T    -1   1  -2  -3  -3   0  -3  -2  -3  -2  -1  -2  -1   2   2   3   4  -4  -3  -3    3   9   0   0   0   4   0   3   0   2   4   0   2   9   9  23  31   0   0   0  0.46 0.33
   27 Y     1   0   0  -3  -3  -1  -2  -2   4  -3   0   1  -2   2  -1   0  -1  -2   5  -3   11   4   4   0   0   3   0   2  13   0   9   8   0   9   3   7   2   0  24   0  0.39 0.27
   28 N    -1   0   3  -2  -3   2  -2  -1   4  -1  -2   1   0  -3  -3   2   0   1  -2  -1    4   3  19   0   0  12   0   3  14   4   3   8   3   0   0  16   4   2   0   4  0.35 0.26
   29 L     0   0   1  -2   0   0  -2  -3   1   0   2  -2  -1   0  -1   0  -1  -3   0   0    8   7   7   2   2   4   0   0   5   5  29   0   0   4   3   9   3   0   3   8  0.12 0.16
   30 A     1   0   1  -2   0   1  -2  -1   0   0  -2   1  -2  -3   2   2  -1   1   2  -1   15   3   6   1   2   5   0   3   2   7   2  10   0   0  11  17   1   2   8   4  0.19 0.19
   31 Q    -1   4   1  -3  -4   3  -1  -3   0  -4  -2   2  -3  -3   2   2  -1  -5  -4  -4    3  24   7   0   0  14   1   1   3   0   5  11   0   1   9  18   2   0   0   0  0.51 0.35
   32 N     0   1   2  -1  -3   2  -1  -2  -1  -2   0  -1  -2  -1   2   2   1  -4  -2  -2    6  10  14   2   0  12   1   1   1   2   9   2   0   2  10  14  10   0   1   2  0.24 0.22
   33 F    -2  -2  -2  -3   4   0  -2  -2   1   1  -1   0  -2   4   0  -2  -1   1   3   0    3   1   2   1  10   4   1   2   3   7   5   5   0  24   5   1   3   2  11   8  0.33 0.24
   34 F    -1  -4  -1  -3   0  -4  -4  -3  -1   1   0  -4  -3   6  -2   0   0   4   3  -1    6   0   3   1   2   0   0   1   1   9   7   0   0  34   2   9   5   5  11   2  0.65 0.37
   35 H    -3   2   3  -3  -5  -1  -3  -2   6   0  -2  -1  -3  -2   2   2  -1  -5   0  -3    0  13  12   0   0   1   0   3  22   5   4   2   0   1  10  17   3   0   3   1  0.58 0.38
   36 S    -1   0   0  -1   0   2   0  -3  -3  -2   0   0  -3  -4   0   4   1  -4  -1  -1    3   5   4   3   2   9   5   1   0   1  10   4   0   0   4  35   9   0   3   3  0.32 0.29
   37 N    -1   0   3  -2  -1   0  -2  -1   4  -1  -2  -1  -1   1  -1   2  -1  -4  -2   0    3   4  19   0   1   3   2   5  10   3   4   2   1   7   3  19   3   0   0   9  0.25 0.23
   38 K    -2   2   1  -2  -1   0  -1  -2   1  -2   0   3   0  -2  -1   1   0  -3   1   0    0  12   8   1   2   3   1   2   3   1  10  21   3   1   3  10   7   0   5   6  0.19 0.19
   39 N    -1   0   2  -1   2   0   0   1  -1   0  -2  -1   0   0  -1   1   0  -3  -1  -1    4   5  14   3   5   4   7  13   1   5   3   1   3   4   3  11   7   0   3   5  0.10 0.12
   40 N    -1   0   3   0   2   0  -1  -1   1  -2  -2   0  -1   3   0   0   1  -1  -2  -2    5   5  19   6   4   3   3   4   4   3   3   4   1  14   4   8   8   1   0   2  0.19 0.18
   41 I    -1  -2  -3  -4   2  -1  -3  -2   0   3   3  -3  -1   2   0   0   1  -3  -2   0    5   2   0   0   5   4   1   2   2  16  29   0   1   9   4   7   8   0   0   5  0.27 0.23
   42 D    -1   2   1   1  -1   3   0  -1   1  -2   0   1  -2  -2  -2   1  -1  -4  -2  -2    4  10   7   8   1  16   5   4   4   1   9  10   0   1   1  13   2   0   1   2  0.21 0.20
   43 S     0   0   2  -2   0   0   0  -1  -2  -2  -1   1  -3   0  -2   3   2  -4  -1  -2    8   4  12   1   2   4   6   3   0   2   5   8   0   6   1  22  11   0   1   1  0.21 0.22
   44 N    -2   2   4  -1  -1  -1  -1   0   1  -3  -1   1  -3  -2  -2   2   0   1   0  -4    1  12  22   2   1   2   3   7   4   1   8   7   0   1   2  16   5   2   4   0  0.30 0.26
   45 N     0   1   3  -2  -4   1  -1  -1  -1  -1  -1   1  -1   2  -1   1   0  -1   0  -2    6  10  15   1   0   6   3   4   1   3   6   9   1  10   3  13   4   1   2   1  0.15 0.17
   46 Y    -1   1  -2  -4   1  -1  -2  -3   4  -2  -1  -1   1   4  -2   1   0  -3   4  -1    3   7   1   0   3   2   3   1  11   1   4   3   4  17   2  13   5   0  18   3  0.44 0.32
   47 N     0  -1   2  -1   2   0  -2  -1  -1  -3  -1   0  -3   0   1   3   1  -4   1  -3    6   4  10   3   5   4   1   4   1   1   5   4   0   5   6  28   8   0   4   1  0.25 0.25
   48 G     1   1  -1  -2   1   2  -1   1  -2  -2  -1   1  -2  -1  -2   2   1  -3   0  -1   11  10   2   1   4  10   1   9   0   1   7   8   0   3   2  17   9   0   3   3  0.16 0.19
   49 N    -1   2   2  -1   0  -1  -2  -2  -1  -3  -3   2  -2  -1   1   3   1  -4  -3  -2    5  14  10   2   2   1   1   2   1   1   1  12   1   4   7  24  10   0   1   2  0.34 0.28
   50 I     0   0  -1  -2   1  -1  -2  -3  -1   2   1  -1  -1   2  -3   1   1  -3  -1   0    6   5   3   2   3   3   2   1   1  13  16   4   0  10   0  15   9   0   2   6  0.12 0.15
   51 L    -1  -1  -3  -2   4   1  -2  -1   0   0   1  -2   1   2   0   0  -1  -3   2   0    3   4   0   2   9   8   1   6   2   4  17   2   3  11   4   7   3   0   7   8  0.15 0.16
   52 S    -1   0   0  -1   1   0  -1  -1   2  -3  -3   1  -2  -1  -1   4   0   0  -4  -4    4   6   4   2   3   4   4   5   5   2   2   7   1   3   3  38   6   1   0   0  0.42 0.34
   53 N     0   1   4   2   2   1  -1  -2   3  -4  -3   0  -2  -1  -2   0   0  -4  -2  -2    7   9  20  10   5   8   3   3   7   0   2   3   1   3   1   8   4   0   1   3  0.31 0.24
   54 K    -1   1  -1   0   4   1  -1  -2   1  -2  -2   3  -3  -1  -2   1   1  -4   1  -2    5   8   2   4  10   5   3   2   4   3   3  21   0   2   2  11  10   0   5   1  0.28 0.23
   55 N     0   0   1  -2  -2   0  -1  -1   2  -3  -3   1  -3  -1   1   3   0  -1   1  -3    6   5   8   2   1   4   3   5   5   1   2   9   0   2   7  29   4   1   5   2  0.30 0.26
   56 K    -1   1   1   0   3   1  -1  -2   2  -2  -2   2  -2  -2   1   0   2  -4   0  -1    2   6   8   4   6   8   3   2   5   3   3  15   1   1   6   7  12   0   3   4  0.19 0.18
   57 V     0  -1   0  -1   1   0   0  -2   2   0   0  -1  -1  -1   1   1   1  -3  -1   0    6   3   5   3   3   6   5   2   6   6  11   3   1   1   6  15   8   0   2   8  0.07 0.10
   58 K    -1   1   1   0  -1   2   0  -2   0  -2   0   2  -2  -3  -2   1   2  -4  -3  -1    4   7   7   5   1  10   6   2   2   1   9  17   1   1   2  10  12   0   0   4  0.20 0.19
   59 H    -1   1  -1  -1  -3   1   1  -1   5  -4  -3   1  -2  -1   2   2   1  -4   1  -4    4   6   1   3   1   6   9   4  13   1   2   8   1   2  11  14   8   0   5   0  0.32 0.26
   60 F    -1   2  -1  -2  -3  -1  -2  -1   0   0   0   2   1   0   1   0   0  -2  -1   1    3  11   2   2   0   2   1   3   3   7  10  14   4   5   8   6   7   0   2  11  0.11 0.12
   61 K     0   3   2   0  -3   2   0  -4   0  -2  -4   3  -2  -5  -2   1   1  -5  -3  -2    6  14  10   5   1   8   6   0   2   2   1  20   1   0   1   9  10   0   1   3  0.38 0.28
   62 C    -7  -9  -9  -5  12  -9 -10  -9  -9  -7  -3  -9  -8  -9  -9  -7  -7  -9  -9  -7    0   0   0   1  96   0   0   0   0   0   3   0   0   0   0   0   0   0   0   0  4.60 1.64
   63 P    -4  -5  -3  -6  -8  -3  -5  -5  -3  -5  -6  -4  -7  -4   4  -3  -5  12  -2  -6    1   1   2   1   0   2   1   1   1   1   1   1   0   0  22   2   1  61   1   1  3.05 1.31
   64 K    -2  -1   5  -3  -3   1  -2  -3   2  -7  -6   4  -6  -5  -5   3  -1  -7  -1  -5    3   3  27   1   1   6   2   2   4   0   1  25   0   0   0  21   3   0   3   1  0.91 0.59
   65 C    -7 -10  -9 -10  12  -9 -10  -9  -9  -8  -8  -9  -8  -9  -9  -3  -7  -9  -9  -7    0   0   0   0  97   0   0   0   0   0   0   0   0   0   0   2   0   0   0   0  4.76 1.72
   66 N    -2  -1   3   0  -4   0   0   4   4  -6  -4   2  -4  -6  -4   2  -3  -2  -2  -4    2   3  13   4   0   5   6  27   9   0   2  11   0   0   0  13   0   1   1   1  0.59 0.43
   67 N     2   1   1  -2  -3   1   0  -1   2  -3  -4   2  -2  -2  -4   2   1  -5  -1  -2   20   6   6   2   0   5   6   5   6   1   1  11   1   2   0  17   8   0   2   2  0.29 0.28
   68 N     0   0   0   0   1  -1   1  -3  -2  -1  -1  -1  -1  -2   4   0   0  -2  -1   0    9   4   4   6   3   2   9   1   1   4   7   4   1   1  20   8   4   1   3   7  0.22 0.19
   69 I    -1  -1  -1  -2  -2  -1  -2  -3  -1   3   3  -2   1   0  -3  -2  -1  -2  -1   2    4   3   3   2   1   3   3   2   1  19  31   2   2   3   1   2   4   1   2  13  0.34 0.23
   70 S     0   0   1   1  -4  -1   1  -1  -1  -2  -3   1  -2  -4   4   2  -1  -3  -4  -3    6   4   7   9   0   2   9   4   1   2   2  10   1   1  19  14   3   0   0   1  0.36 0.29
   71 T    -1   0   1   0   3   0   0   0   1  -2  -1   0   0  -2   0   1   2  -4  -1  -2    3   5   8   5   7   4   5   6   3   2   6   6   2   1   5  14  15   0   2   3  0.15 0.17
   72 D     1   2   0   2  -3   0   0  -1  -1  -2  -1   0  -1  -2   2   1   0  -3  -2  -1   11  11   5  11   0   5   5   4   1   2   6   5   2   2   9  12   5   0   1   3  0.14 0.14
   73 T     1  -1  -1   0   0   0   0  -1  -1   0   1   1   0  -3  -1   0   2  -2  -2   0   10   3   2   5   2   3   5   4   2   5  17   9   1   0   3   8  14   1   1   6  0.08 0.12
   74 V    -1  -2  -1   0   1  -1  -1  -2  -2   1   0  -1  -2   0   3   0  -1  -3  -1   2    5   2   3   5   3   3   5   3   1   9   7   2   0   5  17   8   3   0   2  14  0.18 0.15
   75 S     1   0  -1  -2   1   0   0  -2   0  -1  -1   0  -1   1   2   1   0  -1  -1   0   13   4   2   2   4   5   6   2   2   3   7   5   1   6  12  11   6   1   1   7  0.11 0.12
   76 F    -2  -2  -3  -3   4  -2  -3  -3   1   0   3  -2   0   5  -2  -3  -3  -2   1  -1    3   2   1   2  10   2   1   2   4   4  24   2   2  28   3   2   1   0   3   3  0.62 0.32
   77 N    -2  -1   0  -3  -2  -1  -2  -3  -2   0  -1  -2  -2   7  -3   0   0  -1   0  -1    3   3   5   1   1   3   3   2   1   5   4   3   1  45   1   6   7   1   2   4  0.80 0.40
   78 C    -6  -5  -1  -5  11  -4  -6  -7  -7  -6  -7  -4  -7  -7  -5  -4  -3  -1  -7  -5    0   1   3   1  86   1   1   0   0   0   0   1   0   0   1   1   2   1   0   1  3.79 1.39
   79 E    -1  -1   0   1  -3   0   0   0   2  -4  -3   0  -3   0   5   1   0  -5  -4  -2    4   2   5   6   1   3   7   7   4   1   2   5   0   4  25  13   6   0   0   2  0.41 0.31
   80 V     0  -1   1   0  -1   0  -1  -1   1  -2  -4   3  -2  -2  -2   3   0  -5  -1  -1    7   1   8   5   2   4   3   5   3   2   1  17   1   2   2  23   6   0   2   5  0.25 0.26
   81 C    -6  -9  -8  -9  12  -8  -4  -3  -8  -3  -7  -8  -7  -8  -8  -3  -7  -8  -8  -7    0   0   0   0  90   0   2   2   0   2   0   0   0   0   0   3   0   0   0   0  4.13 1.50
   82 K    -1   0   3   0  -5   0  -1   3   3  -4  -5   1  -3  -2  -4   1  -2   2  -1  -4    5   5  13   5   0   3   3  27   8   1   1   9   1   2   0  11   2   3   2   1  0.46 0.35
   83 A     2   0  -2  -1   0  -2  -3  -1   1  -1  -3   1  -2   0  -4   1   2   2   1   1   21   5   1   3   2   1   1   3   4   3   0  11   1   5   0  10  11   3   5  10  0.23 0.26
   84 L    -4  -6  -6  -6  -1  -2  -6  -7  -6   5   3  -6  -1   0  -1  -6  -3  -6  -5   3    1   0   0   0   1   3   0   0   0  37  30   0   1   4   3   0   1   0   0  18  1.12 0.58
   85 F    -1  -1  -2  -3  -3   7  -2  -3  -2  -1   1  -3  -2  -1  -6  -1  -3  -2  -3  -3    5   3   2   1   1  54   2   2   1   3  12   1   1   3   0   4   2   1   1   2  1.19 0.75
   86 N    -2   1   1  -1  -3   0  -2  -3  -1  -4  -3   0  -3  -3   7  -1  -2  -7  -6  -3    3   7   6   3   1   4   3   3   1   1   2   7   1   1  49   5   2   0   0   2  1.11 0.64
   87 I    -2  -3  -4  -4  -5  -2  -4  -4  -5   3   1  -3   1  -3   5  -2  -2  -6  -3   2    3   2   1   1   0   2   1   1   0  14  16   1   3   1  32   3   3   0   1  15  0.79 0.48
   88 D    -1  -2   0   3  -4   1   0  -2   1  -2  -3  -1  -4  -2   4   1   0  -5  -3  -3    5   2   5  18   0   5   5   3   3   2   2   4   0   2  23  13   4   0   1   2  0.50 0.35
   89 I    -1  -1  -1   1  -2  -1   0  -2   1  -1  -1   0   0  -1   4   0   0  -4   0   0    6   3   3   7   1   3   6   2   3   4   5   6   2   3  22   8   6   0   3   7  0.25 0.19
   90 F     0   0   1   0   0   0   1   0   0  -1  -1   0  -1   0   0   1   1  -1  -1  -1    7   5   6   5   2   4   8   8   2   3   8   4   2   5   5  13   9   1   2   3  0.05 0.07
   91 R     0   1   0  -1  -1   1   0  -1   0  -1  -1   1  -1  -2   0   1   2  -1  -2  -1    6   7   5   3   1   7   6   4   2   3   6  10   2   2   5  10  16   1   1   4  0.11 0.13
   92 N    -1   0   3   2   0   0   0  -2   4  -2  -3  -1  -3  -2   0   2   0  -4   1  -3    3   6  13  10   2   3   6   2  11   2   2   3   0   1   5  19   4   0   4   2  0.30 0.27
   93 F    -2  -3  -3  -3   0  -1  -2  -3   0   0   0  -3   4   3  -2  -3  -1   1   6   1    3   1   1   2   2   3   3   2   2   6   9   2  11  10   3   1   4   1  25   9  0.52 0.33
   94 N    -4  -2   5   5  -1  -1   0  -3   4  -5  -4  -2  -5  -5  -4  -1   1  -5   0  -5    1   2  27  28   1   2   5   2  10   0   2   2   0   0   0   5   8   0   3   1  0.92 0.51
   95 I    -2  -3  -3  -3  -1  -1  -2  -5   2   1   1  -3   0   3   1  -1  -4   2   6  -2    3   2   1   2   1   3   3   0   5   7  14   1   2  10   6   5   0   2  31   2  0.71 0.44
   96 F    -6  -6  -6   0  -6  -6  -3  -7   0  -2   0  -6   1   8  -7  -6  -6   2   2  -5    0   0   0   6   0   0   2   0   2   3   8   0   3  63   0   0   0   3   5   0  1.93 0.86
   97 E     0   0  -1   1  -1   2   3  -1  -1  -2  -1   0  -1  -1   1   0   0  -4  -1  -1    9   4   2   9   1   9  18   3   2   2   7   5   1   4   6   6   6   0   2   3  0.15 0.18
   98 L    -2  -2  -2  -5   0  -1  -3  -2  -1   2   4  -1   0   1  -2  -2   0   1   1   1    3   3   2   0   2   3   2   3   2  10  37   3   2   5   2   2   5   2   4   8  0.32 0.28
   99 F    -1  -5   0  -1  -5  -4  -4  -5   1   0   1  -4   3   5   2   0  -1  -4   2  -1    4   0   4   4   0   0   0   0   4   4  15   0   7  27   9   7   4   0   6   4  0.54 0.36
  100 N     0   0   0   0   2   0   0  -1   1   0  -1   0   1   0   0   0   0  -2   1   0    5   5   5   5   5   5   5   5   5   5   5   5   5   5   5   5   5   0   5   5  -0.00 0.06
  101 I     0   0   0   0   2   0   0  -1   1   0  -1   0   1   0   0   0   0  -2   1   0    5   5   5   5   5   5   5   5   5   5   5   5   5   5   5   5   5   0   5   5  0.03 0.05
  102 E    -2  -3   0   0  -6  -1   3  -5  -3  -5  -5   1  -6  -5   6  -1  -2  -7  -6  -3    4   1   4   5   0   3  16   1   0   0   1   9   0   0  47   5   2   0   0   2  1.21 0.66
  103 V    -1   2  -1  -3  -3   1   1  -4  -1   0  -2   2  -2  -3   4  -2  -1  -5  -3   1    4  12   3   1   1   7  11   1   1   5   3  12   1   1  20   2   4   0   1  12  0.38 0.30
  104 N     0   2   1   0  -2   2   0   0   1  -3  -4   1  -3  -4  -1   3   2  -5  -4  -3    6   9   5   4   1   8   7   7   3   1   1   8   1   0   3  21  11   0   0   2  0.27 0.26
  105 Y    -2  -6  -6  -7  -6  -6  -6  -5  -1  -2  -1  -6  -2   8  -1  -5  -5   3   5  -3    4   0   0   0   0   0   0   1   1   2   5   0   1  56   3   1   1   3  20   1  1.85 0.80
  106 D     0   0   2   5  -2   0   1  -3   0  -3  -2  -1  -3  -2  -2   0   0  -2  -3  -1    8   5  11  30   1   3   9   1   2   2   3   3   0   2   1   7   5   1   0   4  0.44 0.32
  107 I    -3  -6  -4  -6  -2  -3  -6  -5  -6   5   3  -6  -1  -2  -4  -4  -3  -3  -5   4    1   0   1   0   1   1   0   1   0  38  23   0   1   1   1   1   1   0   0  27  1.11 0.56
  108 D    -4  -4   2   7  -3  -3   0  -4  -3  -5  -7  -3  -6  -7  -3  -2  -3  -7  -6  -4    2   1  10  67   1   1   6   1   0   1   0   2   0   0   2   3   2   0   0   1  1.71 0.80
  109 K     0   0  -1  -1  -2   0   0  -2  -2   0   2   1   0  -1   1   0   1  -3  -1   0    6   4   2   3   0   5   8   2   1   3  21  10   2   2   8   5   9   0   1   8  0.11 0.14
  110 S     1   1   2   1  -2   1   1  -1  -1  -2  -3   2  -2  -4  -1   1   0  -4  -3  -2   15   8   8   8   1   6  10   4   1   2   2  12   1   0   3  11   4   0   1   2  0.21 0.20
  111 H     1   0   0   2  -4   2   2  -2  -1  -2   0   2  -2  -2  -3   0  -1  -4  -2   0   13   5   3  11   0   8  15   2   1   2   8  12   1   1   1   6   3   0   1   6  0.18 0.18
  112 L    -3  -6  -6  -6  -5  -6  -6  -6  -6   2   6  -6   0  -2  -6  -6  -5  -5  -5   0    2   0   0   0   0   0   0   0   0  11  76   0   2   1   0   0   0   0   0   5  1.59 0.68
  113 K    -1   3  -1   1  -5   2   3  -2   0  -4  -4   4  -3  -5  -3   0  -1  -5  -3  -4    6  14   2   7   0   7  21   2   2   1   1  24   1   0   1   7   4   0   1   1  0.55 0.37
  114 K     0   3   1  -1  -2   2   1  -2   1  -3  -2   3  -2  -4  -3   0  -1  -5  -2  -3    7  18   7   3   1   8   8   3   3   1   4  22   1   1   1   7   3   0   1   1  0.38 0.29
  115 K     1   4   2  -2  -3   2   1  -3  -1  -2  -2   2  -2  -4  -4  -1   0  -5  -3  -3   12  24  10   1   1   9   9   1   1   2   3  15   1   1   0   5   4   0   1   2  0.45 0.32
  116 F    -4  -2  -3  -6  -6  -1  -4  -5   1  -4  -1  -3  -1   5  -6  -3  -4   4   8  -3    1   2   1   0   0   3   1   1   2   0   5   1   1  23   0   2   1   5  47   2  1.60 0.69
  117 N    -2   4  -1  -3  -2   0  -2  -4   2  -1   1   2  -1   1  -4  -3  -1  -1   2  -2    2  26   3   1   1   4   2   0   6   3  17  13   1   5   0   1   3   1   9   2  0.44 0.31
  118 E     0   2   1   1  -4   3   2   0   0  -3  -3   1   0  -4  -3   0   0   0  -3  -3    9  10   8   8   0  13  14   6   2   1   2  10   3   0   0   5   5   1   0   2  0.27 0.22
  119 I    -1  -1  -3  -5  -1  -1  -3  -4  -2   0   5  -2   1   1  -5  -3  -1   1  -1  -1    6   3   1   0   1   3   1   1   1   4  57   3   3   6   0   1   3   2   2   2  0.70 0.38
  120 Q    -1  -1   1  -4  -1   6  -2  -3  -1  -1  -1  -3   1  -3  -4   2   0  -5  -4  -3    5   3   7   0   1  45   2   2   1   3   6   0   4   1   0  13   5   0   0   2  0.83 0.46
  121 N     1   4  -1  -2  -2   1  -2  -2  -1  -2  -1   3   3  -2  -4   0  -1   0  -2  -2   10  28   3   1   1   5   1   2   1   2   5  17   8   2   0   6   2   1   1   2  0.42 0.27
  122 I     0   1  -1  -1  -1   2   0  -2   0   0  -1   2   0  -1  -2   1   0   0  -1   0    6   5   2   2   2  12   5   2   2   8   7  13   2   2   0  15   6   1   2   5  0.11 0.10
  123 Y    -1  -2  -1  -2   1  -1  -1  -2   0   1   1  -2   2   2  -2  -1  -1   2   3   0    4   1   3   1   4   1   3   3   3   8  18   1   7  11   1   4   3   3  16   6  0.13 0.06
  124 H     0   1   0   1  -2   0   0  -1   6  -2  -2   0  -1  -1  -1  -1  -1  -1   2  -2    9   8   1   8   0   1   1   2  42   1   2   1   1   1   1   2   1   0   8   1  0.29 0.05
  125 P     0  -1  -1  -1  -1  -1  -1  -1  -1  -1  -1  -1  -1  -2   5   0   2  -2  -1  -1    3   2   1   2   1   1   2   2   1   2   3   2   1   1  35   2  35   0   1   2  0.50 0.00
  126 D    -1  -2   1   6  -3  -1   1  -2  -2  -3  -2  -2  -3  -3   0   0  -2  -4  -3  -3    5   1   5  61   0   1   5   1   0   1   6   1   0   1   5   5   1   0   0   1  0.82 0.24
  127 K    -1   3   1  -2   0   0  -1  -1   0   0   0   1   1   0  -2  -1  -1  -2   0   1    3  22   8   1   2   3   1   4   3   4   5  12   7   3   1   3   3   0   3  14  0.10 0.08
  128 N    -2  -4   1   0  -1   0  -3  -2   4  -2  -3  -3  -1   6  -3  -1  -1   3   3  -2    3   1   7   5   1   4   1   3  10   2   3   1   1  31   1   5   4   3   9   3  0.74 0.38
  129 A     3  -1  -1  -2  -1  -1  -2   0   1  -1  -2   0  -1  -2   0   2   0  -5  -1  -1   26   3   3   2   2   3   2   8   4   3   4   5   2   2   5  16   5   0   2   5  0.24 0.25
  130 Q    -1  -1   1   0   0   2  -2   1   1  -2  -2  -1  -1  -2   0   3   2   1  -1  -2    5   4   6   6   2   8   2   9   4   2   3   3   2   2   5  20  11   2   2   3  0.19 0.23
  131 N     0   0   1   1   1   1   0  -1   1  -1  -2   1   0  -1   1   1   0  -4  -3  -1    7   5   5  10   4   7   6   5   4   3   4  11   3   3   6  11   4   0   0   3  0.10 0.13
  132 V     0   0   0   0   2   0   0  -1   1   0  -1   0   1   0   0   0   0  -2   1   0    5   5   5   5   5   5   5   5   5   5   5   5   5   5   5   5   5   0   5   5  0.03 0.05
  133 E    -1  -1   0   1   0   2   4  -2   1  -2  -2   0   0  -1  -1  -1  -1  -4   0  -2    5   3   4   8   3   9  29   4   4   3   3   4   3   3   3   4   3   0   3   3  0.27 0.31
  134 V     0   2   0  -1  -4   4   0  -2   1  -1  -2   3   0  -2  -1   0  -1   1  -3  -2    6  12   3   4   0  17   5   3   3   3   5  17   2   2   3   6   4   2   0   3  0.28 0.28
  135 D    -1   2   0   2  -5   2   3  -1   0  -2  -2   1   0  -2  -1  -1  -1  -4  -1  -2    5  10   4  12   0   9  23   4   2   2   3   7   2   2   2   4   4   0   2   3  0.29 0.28
  136 E    -1   1   0  -1  -1   2   0  -2   1   0   0   1   0   0  -1  -1  -1   1   2  -1    6  10   4   3   2  13   5   3   4   5   9   8   2   4   2   3   4   2   7   4  0.08 0.14
  137 I     5  -2  -2  -2  -2  -2  -3  -3  -3  -1  -2  -2  -1  -2  -3   3  -3  -2  -3  -2   45   2   2   2   1   1   1   2   1   4   4   2   1   1   1  24   1   1   1   2  0.78 0.55
  138 N     1  -1   0  -1  -3   1   3  -2  -1  -1   1  -1   2  -2  -2   0   0  -4  -2  -1   12   2   5   3   0   8  20   2   2   2  14   4   6   1   1   6   5   0   1   5  0.18 0.22
  139 E     1  -1   1   1  -4   4   3  -2   1  -1  -2   1  -1  -3  -3   0  -1  -4  -2  -2   11   3   6   7   0  21  17   2   3   3   4   7   2   1   1   5   4   0   1   2  0.34 0.31
  140 V     0   1  -1  -1  -1   3  -1  -3   3  -1   0   1   2   0  -2  -1  -1   4   0  -1    7   7   3   2   1  16   2   1   7   3  10   9   6   4   1   2   3   7   4   5  0.21 0.22
  141 S     2  -1  -2  -3  -1  -1  -3  -3  -4  -2  -2  -3   1   2  -2   5   1  -4  -1  -2   15   4   1   0   1   2   0   0   0   2   2   0   4  10   1  43   7   0   1   2  0.59 0.48
  142 S     3  -1  -1  -2  -1   0  -1  -1   0  -1  -2  -1   1  -4  -3   3   2  -4  -2  -1   31   3   3   2   1   3   2   3   3   2   2   3   3   0   0  20  12   0   1   5  0.35 0.33
  143 Y     0   1  -1  -1  -1   2   0  -2   1   0   1   0   0   0  -3  -1  -1   1   1  -1   10  11   2   2   1  11   6   3   4   4  16   6   2   3   0   2   4   2   5   4  0.08 0.13
  144 L    -1  -2  -1  -5   0  -4  -4  -3  -4   4   3  -4   1  -1  -4  -3  -1  -4  -1   3    5   2   3   0   2   0   0   2   0  26  25   0   2   2   0   0   3   0   2  22  0.55 0.35
  145 N    -3  -2   8  -1  -5  -1  -1  -2   0  -2  -5  -1  -1  -2  -5  -1  -1  -6  -5  -3    2   2  64   2   0   2   4   2   2   3   1   3   2   2   0   3   3   0   0   2  1.40 0.74
  146 N     0   1   0   2  -4   1   3  -2   0  -2  -2   2  -1  -4  -3   0   0   0  -3  -1    8   6   4  11   0   5  23   2   2   2   5  15   2   0   0   4   4   2   0   4  0.29 0.25
  147 A     6  -4  -3  -5  -1  -2  -3   0  -2  -4  -4  -4  -4  -3  -4  -1  -2  -5  -1  -3   76   0   1   0   1   2   1   5   1   0   2   0   0   1   0   2   1   0   3   1  1.37 0.70
  148 Y    -2  -2  -3  -6  -2  -3  -5  -4   1  -3  -2  -3  -1   2  -5  -5  -5   2   9  -2    3   3   1   0   1   1   0   1   3   1   4   1   1   8   0   0   0   3  64   2  1.81 0.77
  149 K     0   2   2   0  -4   2   1  -1   1  -3  -3   2  -2  -1  -2   0   0  -1  -2  -2    7  14  11   5   0  11   9   3   3   1   1  15   1   2   1   5   5   1   1   2  0.25 0.21
  150 T     0   0  -1  -2   1   0   0  -1  -2   2  -1   0   1   0  -2   0   2   2   0   1    6   5   3   1   3   3   8   4   0  14   4   4   3   3   1   4  15   3   3  12  0.09 0.09
  151 L    -3  -4  -5  -5  -3  -4  -4  -5  -4   2   5  -4   4   2  -4  -4  -3  -3  -3   1    1   1   0   1   0   0   1   1   0  10  55   1   9   9   1   1   1   0   0   9  0.93 0.33
  152 S    -1   3  -1  -3  -2   1  -1  -2  -2  -3   0   4  -1  -3  -4   2  -1  -5  -4  -3    5  14   3   0   1   6   2   2   1   2  10  29   2   1   0  16   4   0   0   2  0.45 0.36
  153 N    -3  -1   4   5   0  -1  -1  -4   2  -4  -5   1  -5  -4  -4   1  -1  -6  -3  -4    2   2  18  38   2   3   4   1   4   1   1   7   0   1   0  10   3   0   1   1  0.86 0.51
  154 D    -3  -2  -2   2  -7  -2  -1  -4  -2  -3  -5  -2  -3  -3   7  -1  -2  -2  -3  -3    2   3   2  10   0   2   4   1   1   2   1   3   1   2  57   4   2   1   1   2  1.45 0.81
  155 V    -1  -2  -2   0  -1  -1   0  -2  -1   1   2  -1   0   1  -2  -1   0   0   0   2    3   2   2   7   1   2   5   2   1   8  26   4   1   7   1   4   5   2   3  13  0.16 0.15
  156 E     0   2  -1  -1  -2   1   0  -2  -1  -4   0   3  -2  -3  -2   2  -1  -1  -2  -3    6  10   3   3   1   5   7   3   1   0  10  20   1   1   2  18   4   1   1   1  0.27 0.28
  157 R    -2   8  -4  -5   1  -3  -4  -5  -4  -1  -2   0  -5  -6  -5  -2  -1  -6  -5  -5    3  71   0   0   3   0   0   0   0   5   4   4   0   0   0   3   4   0   0   0  1.72 0.81
  158 A     4  -1  -2  -2   0  -2  -2   0  -3   1  -1  -1   0   1  -3   0  -1  -4  -1  -1   42   3   2   2   2   2   2   8   0   8   5   3   2   6   0   7   2   0   2   3  0.38 0.31
  159 L    -1   0   1   1   0   1   2  -1   1   0   0   0   0   0   0  -1  -1  -3   0  -1    5   5   8   6   3   6  14   3   3   6   8   7   3   4   4   4   4   0   3   3  0.05 0.10
  160 Y    -1  -1  -1  -1   1  -4  -2  -5   4  -1  -2  -2   1   0  -5  -2  -1   3   7  -2    4   4   3   3   3   0   3   0   9   3   4   3   3   3   0   3   3   4  37   3  0.87 0.61
  161 L     0   0   0   0   2   1   0  -3  -2   0   0   0   1   1  -3   0  -1   4   1   0    6   6   6   6   6   6   6   0   0   6   6   6   6   6   0   6   0   6   6   6  0.10 0.14
  162 L    -1  -1  -1  -1   1  -1  -1  -4   0   0   4  -1   1   1  -4  -1  -1  -3   0   0    4   3   3   3   4   3   3   0   3   5  42   3   4   5   0   4   3   0   3   4  0.33 0.30
  163 K    -1   1   1   0   1   1   1  -1   1  -2  -1   1   1  -1  -1   1  -1  -3   0  -1    5   9   9   3   3   6  10   3   3   0   7   9   4   3   3  10   3   0   3   4  0.08 0.14
  164 M    -1   0   0   0   2   0   0  -1   2   0  -1   0   2   1   0  -1   0   4   1  -1    5   5   5   5   5   5   5   5   5   5   5   5   5   5   5   5   5   5   5   5  0.09 0.08
  165 E    -1   1   1  -1  -6   2   0  -2   4  -2   0   1   0   0  -6   0  -1   2   1  -1    5   7   8   3   0   9   7   4   8   3   9  10   3   3   0   7   3   3   4   5  0.21 0.18
  166 Y    -2  -2   1  -1   0  -1  -1   4   3  -3  -3   0   0   0  -2  -2  -1   3   1  -2    4   3   6   3   2   3   4  31   5   2   4   5   2   4   3   4   4   3   5   3  0.42 0.28
  167 N     0  -1   1   0   1  -1  -1   3   1   1  -2  -1   1   0  -1  -1  -1   3   0   0    7   3   6   4   3   3   4  19   4   7   4   3   4   5   3   4   3   3   3   7  0.13 0.11
  168 Y    -1  -1   0   2   1   0   1  -1   1   0  -1   0   0  -1   1   0  -1   3   0   0    5   4   5  13   3   3   8   4   4   5   5   6   3   3   7   7   4   3   3   6  0.09 0.09
  169 M     0  -1   0   0   0   0   0  -2   0   1   0  -1   1   0   2  -1   0   1  -1   0    7   2   4   6   2   4   6   3   3   8  11   5   3   3  11   5   5   2   3   8  0.07 0.07
  170 I     0  -1   0   1   0   0   0  -1   0   0   0   0   0   0   0   0   0  -2   0   0    7   3   5  10   3   5   5   5   3   7   9   4   4   3   4   7   4   0   3   6  0.01 0.03
  171 S     0   0   1   2   0   0   1   0   1  -1  -1   0   0  -1   0   0   0  -3   0  -1    7   3   5  14   3   4  11   6   3   3   4   5   3   3   4   7   5   0   3   6  0.08 0.10
  172 E    -1  -1   0   1   0   2   5  -1   0  -2  -3   0  -4  -2  -1  -1  -2   1  -1  -2    4   2   4   7   2   7  38   5   2   2   3   4   0   2   3   4   2   2   2   3  0.50 0.44
  173 D    -1  -1   1   2   1   1   1   0   1  -2  -2   1   0  -1  -1   0   1   2  -1  -2    5   4   7  13   3   5  10   6   3   3   3   7   3   3   4   7   7   3   3   3  0.13 0.13
  174 E    -1   1   2   2   1   1   1  -1   1  -1  -2   1   1  -1  -1   0   0  -6   0  -2    4   6  10  12   3   6   9   5   4   3   4   7   3   3   4   6   5   0   3   4  0.14 0.13
  175 C     0   0   0  -1   0   0  -1  -1  -1   0  -2   1  -1  -2   0   2   3  -5  -1   0    6   4   4   3   2   5   2   4   2   5   4   8   2   1   4  15  22   0   2   6  0.20 0.25
  176 M     0   0   0   0  -1   0  -1  -1  -1   1   0   0   1   0   0   0   0  -3  -1   1    7   4   4   4   1   5   4   3   2  11  10   5   5   3   4   7   6   0   2  13  0.04 0.07
  177 D     0   0   0   0   2   0   0  -1   1   0  -1   0   1   0   0   0   0  -2   1   0    5   5   5   5   5   5   5   5   5   5   5   5   5   5   5   5   5   0   5   5  0.03 0.05
  178 D    -2  -2   1   6  -5  -1   0  -2   0  -2  -3  -2   0  -2   1   0  -1   1  -1  -5    3   2   7  42   0   3   5   3   2   2   3   2   2   2   8   6   3   2   2   0  0.71 0.51
  179 D     0  -1   0  -1  -4   1   0  -1   1  -1  -2   0   2  -1   4   0   0   1  -3  -2    6   3   4   3   0   7   5   6   3   3   4   7   5   2  24   7   5   2   0   3  0.32 0.29
  180 E     1  -2   0   3  -1   0   3  -1   0  -2  -3   0   0  -2  -2  -1  -1  -5  -2  -1   14   2   3  16   2   4  24   4   2   2   2   5   2   2   2   4   4   0   2   5  0.32 0.30
  181 F    -3  -3  -5  -3  -1  -1  -2  -4  -1   0   2  -5   1   7  -6  -3  -2   0  -1  -1    2   1   0   2   1   3   3   2   1   5  19   0   3  46   0   2   3   1   1   3  1.06 0.62
  182 L    -3  -2  -6  -3  -5  -3  -3  -6  -2   0   6  -5   2   0  -3  -4  -5   0  -2  -2    2   2   0   2   0   1   2   0   1   3  70   0   5   3   2   2   0   1   1   2  1.25 0.70
  183 S    -1  -1   0  -1  -5   0   1  -2   1  -1  -1  -1   7   1  -1  -1  -1  -4   0  -1    6   3   4   4   0   3  10   4   3   4   4   3  29   5   3   6   3   0   3   3  0.45 0.44
  184 E    -1   0  -1   0   0   2   4  -2   1  -2  -1   1   0  -1  -4  -1  -1   2   0  -2    4   4   3   5   2   8  27   3   3   3   5   9   3   3   0   4   4   2   3   3  0.27 0.31
  185 I    -1  -2  -1  -4   0   3  -1  -5   0   3  -1  -2   3  -1  -4  -2  -1   1  -1   3    4   2   2   0   2  16   3   0   2  19   4   2   9   3   0   3   4   2   2  20  0.43 0.39
  186 I    -2  -2  -5  -6  -5  -2  -2  -3   0   1   2  -3   8   3  -6  -3  -2   2   0  -1    3   2   0   0   0   2   3   2   2   6  18   2  34  13   0   2   2   3   2   3  0.96 0.61
  187 K    -2   0  -1   2  -6   0   6  -4  -1  -3  -3  -1   0  -3  -5  -1  -2  -5  -1  -3    3   5   2  12   0   4  47   1   1   2   3   3   3   1   0   5   3   0   2   2  0.83 0.58
  188 I     0  -2  -3  -2  -4  -2   0  -2  -2   2   2   0   1   0  -3  -1  -1   5  -1   0    8   2   1   1   0   2   7   2   1  14  25   6   3   3   1   4   3   8   2   6  0.27 0.26
  189 N    -2   5   3  -2  -1   2   0  -3   3  -3  -4  -2  -1  -1  -3  -1  -4  -1  -1  -3    3  34  17   2   1  10   7   1   6   1   2   1   2   3   1   5   0   1   2   2  0.70 0.53
  190 V    -2  -3  -1   1  -3  -1   6  -4  -2  -1  -2  -2   0  -3  -1  -3  -3  -7  -6  -2    3   1   3   6   1   2  60   1   1   4   4   2   3   1   3   2   1   0   0   2  1.16 0.76
  191 E     1   1  -2   1  -3   2   4  -3  -1  -2  -3   1  -1   0  -2  -1  -1  -5  -3  -3   13   7   1   6   1   9  30   2   1   2   2   9   2   4   2   4   3   0   1   1  0.42 0.39
  192 I    -1  -2  -2  -1  -2  -2  -1  -3  -5   4   3  -3   0  -1  -5  -1  -2  -5  -4   1    6   2   2   3   1   1   5   3   0  23  32   1   1   2   0   5   2   0   0  10  0.47 0.36
  193 S     2  -3  -1   3   0   0   4  -3   0  -3  -2  -2   1  -2  -2   1  -2  -6  -3  -4   20   1   3  14   2   4  28   2   2   1   3   1   4   2   1   8   2   0   1   1  0.52 0.45
  194 K    -1  -1   2   3  -3   1   5  -3  -2  -5  -5   0  -2  -4  -3   1  -2  -6  -3  -3    4   2  10  16   0   6  33   1   1   1   1   6   1   1   1  11   3   0   1   1  0.69 0.51
  195 P     3  -3   1   2   0  -2  -2  -1   0   0   0  -2   0  -3   0   0   1  -5  -2  -1   25   1   7  10   2   1   2   4   2   6  10   1   3   1   5   8   8   0   2   3  0.20 0.24
  196 D    -1   1  -1   2  -3   2   4  -3   0  -2  -2   1  -3  -1  -1   0   1  -2  -2  -2    5   6   2  13   1   8  24   2   2   2   4   7   1   3   3   7   8   1   1   2  0.32 0.30
  197 A     2  -1   1   2  -3   1   3   0  -2  -3  -3   1  -3  -4  -3   1   0  -5  -4  -3   17   2   5  10   0   5  21   8   1   1   2   7   1   0   1  11   5   0   0   2  0.33 0.32
  198 N     1   0   1   2  -5   2   3  -2  -2  -2  -3   1  -2  -2  -3   0   0  -5  -4  -2   12   6   7  13   0   9  21   2   1   2   2   7   1   2   1   7   4   0   0   3  0.33 0.31
  199 I    -1  -1  -3  -2  -2  -1  -1  -3  -3   3   4   0   1  -2  -4  -3  -2  -3  -4   2    4   3   1   3   1   2   4   2   0  15  37   7   3   1   1   1   2   0   0  11  0.45 0.35
  200 E     0   0   0   3  -5   2   4  -2   1  -3  -4   2  -3  -4  -3  -1  -2  -6  -3  -3    8   5   4  14   0   9  27   3   4   2   2  11   1   1   1   5   2   0   1   2  0.48 0.40
  201 L     1   1  -1   1  -4   1   2  -1  -2  -1   0   2   0  -3  -1   0  -1  -3  -4  -1   13   8   2   6   0   6  16   4   1   4   8  13   2   1   3   6   3   0   0   3  0.16 0.21
  202 L    -2  -2  -5  -5  -5  -2  -3  -6  -3   3   4  -3   2   3  -4  -4  -1  -2  -2   0    4   2   1   1   0   2   2   0   1  19  40   1   4  10   1   1   4   1   1   6  0.70 0.47
  203 T     0   3   0  -1  -2   1   0  -1  -1   0   0   2   0  -3  -3   0   0  -2  -2  -1   10  15   4   3   1   6   7   3   1   5  11  13   3   1   0   6   4   1   1   4  0.12 0.18
  204 K     1   1   1   1  -3   2   2  -1   0  -3  -2   2  -1  -2  -3   0   1  -5  -3  -3   12   8   7   9   0   8  12   3   2   2   3  14   1   2   1   8   7   0   0   2  0.24 0.25
  205 E    -1   1  -1   1  -2   2   5  -3   0  -2  -3   2  -3  -3  -3  -1  -1  -1  -3  -3    6   7   2   9   1   7  34   2   2   3   3  10   1   1   1   4   4   1   1   2  0.51 0.43
  206 Y    -1  -3   4  -5   0  -3  -3  -4  -4   3   2  -3   1   1  -6  -3  -2  -3  -1   2    4   1  22   0   2   1   1   1   0  19  16   1   3   5   0   2   3   0   2  16  0.58 0.44
  207 K     0   2   1   2  -4   2   3  -2   0  -2  -3   3  -2  -4  -4   0   0  -6  -2  -3    6  11   7  10   0   9  17   3   2   2   3  16   1   1   0   6   5   0   1   2  0.35 0.33
  208 Q     1   0   0   1  -3   2   3   0  -1  -4  -3   2  -2  -5  -3   0   0  -3  -4  -2   13   4   5   8   0   9  20   7   1   1   3  11   1   0   1   6   6   0   0   3  0.30 0.31
  209 K    -1   4  -1   0  -2   1   2  -4  -1  -1  -1   3   1  -4  -3  -1  -1  -2  -4  -2    5  23   3   5   1   5  11   1   2   3   5  19   4   1   1   3   3   1   0   3  0.45 0.38
  210 Y    -3   0  -3  -4  -1   1  -1  -6  -1   5   2  -1   3   0  -4  -3  -3  -1   1   1    2   5   1   1   1   5   4   0   2  29  18   5   6   4   1   1   1   1   6   7  0.50 0.38
  211 E     0   1   1   3  -4   2   3  -2  -1  -3  -3   2  -2  -4  -4  -1  -1  -6  -3  -3    9   7   8  15   0   8  19   3   2   1   3  13   1   1   0   4   4   0   1   2  0.40 0.36
  212 D     1  -1   1   2  -4   2   3  -2   0  -2  -2   1  -3  -5  -4   0   0  -6  -2  -2   10   3   7  13   0  10  22   3   3   2   4   8   1   0   0   7   6   0   1   3  0.36 0.34
  213 Y     0  -2  -1  -2   4  -1  -1  -4  -1   1   3  -3   1  -1  -3  -1   1  -1   1   0    6   3   3   2  10   3   5   1   2   9  26   1   3   2   1   6   8   1   5   5  0.28 0.27
  214 S    -1  -1  -2  -2   0   1   2  -4  -1   2   1  -1   1   0  -4   0   0  -2   0   1    4   2   2   2   2   7  13   1   1  14  15   4   3   4   0   6   7   1   3   9  0.16 0.19
  215 K     1   1   1   1  -3   2   2  -2  -1  -2  -2   3  -1  -4  -2   0  -1  -6  -4  -2   11   7   8   7   0   9  14   3   1   3   3  16   1   0   1   8   4   0   0   2  0.29 0.29
  216 E     0   1   0   1  -3   3   4  -2  -1  -3  -1   1  -3  -5  -4   0  -2  -6  -3  -2    6   6   5   8   1  13  24   3   1   2   6   9   0   0   0   8   3   0   1   3  0.39 0.36
  217 I    -2  -6  -7  -7  -3  -5  -5  -4  -6   4   4  -5   2   3  -7  -4  -2  -3  -1   0    3   0   0   0   1   0   1   2   0  21  43   0   4  13   0   1   2   0   2   7  1.03 0.60
  218 K     1   0   0   1  -3   1   2   1  -1  -2  -3   1  -1  -2  -3   2   0  -3  -3  -2   13   5   4   7   0   5  13   9   1   2   2   9   1   2   1  15   5   0   0   3  0.20 0.23
  219 L     1   1   1   1  -3   2   2  -1  -1  -1  -2   2  -2  -4  -2   0   0  -5  -3  -2   12   6   7   8   1  10  15   4   1   3   4  11   1   1   2   6   5   0   0   3  0.23 0.25
  220 H     4  -2  -1  -2   1   0  -1  -3   1  -2   1  -3   0   0  -3   0  -2  -3   0  -2   37   2   3   2   3   4   4   2   4   2  15   1   2   3   1   7   2   0   3   2  0.43 0.39
  221 F    -4  -5  -5  -4  -2  -5  -5  -6  -2   2   2  -6   0   7  -7  -4  -4   1   3  -2    1   1   1   1   1   1   1   1   1   9  20   0   2  45   0   1   1   2   8   3  1.38 0.74
  222 K     1   1   1   3  -2   1   3  -1   1  -3  -4   2  -3  -3  -3   0  -1  -6  -3  -3   11   8   6  14   1   7  16   4   3   1   1  13   1   1   1   8   3   0   1   1  0.36 0.32
  223 E     1   1   1   1  -1   2   3  -3  -1  -3  -3   2  -3  -5  -2   1  -1  -6  -5  -2   13   6   7   8   1  10  18   2   1   1   2  13   1   0   2   9   3   0   0   2  0.36 0.34
  224 K     0   1   2   2  -4   1   2   2   0  -5  -4   3  -1  -3  -2  -1  -2  -1  -3  -4    6   6   9  10   0   7  11  16   2   0   2  16   1   1   2   5   3   1   1   1  0.35 0.31
  225 N    -2  -1   4   6  -5   0   2  -3  -2  -6  -3   0  -6  -6  -4  -1  -3  -7  -2  -5    3   4  16  42   0   5  10   2   1   0   3   6   0   0   1   4   2   0   2   1  1.02 0.67
  226 F    -2  -4  -3  -2  -4  -3  -5  -6  -2   1   3  -3   1   3  -3  -3  -2   7   4   0    3   1   1   2   0   1   0   1   1   8  27   2   3  11   2   2   2  14  12   5  0.79 0.51
  227 N     0  -1   1   3  -4   2   3  -2  -1  -3  -2   0  -3  -4   0   0   0  -6  -3  -3    8   2   6  18   0   9  22   2   1   1   4   5   1   1   5   6   5   0   1   2  0.41 0.37
  228 N     2   1   0   1  -5   2   2  -1  -2  -3  -2   2  -2  -5  -2   0   0  -6  -4  -2   18   6   4   8   0   9  16   4   1   1   4  10   1   0   2   7   6   0   0   2  0.30 0.31
  229 I     6  -6  -5  -5  -1  -6  -6  -4  -6   2  -1  -4  -1  -3  -4  -2  -3  -5  -5   1   64   0   0   1   1   0   0   1   0   9   6   1   2   1   1   3   1   0   0   8  1.34 0.83
  230 L     2   3  -3  -3  -2   1  -1  -4   0  -1   0   4  -3  -3  -2  -1  -2  -1  -1  -1   16  15   1   1   1   5   3   1   2   4   8  26   0   1   2   4   3   1   2   4  0.42 0.37
  231 N     0   1   1   2  -4   2   3  -2   0  -1  -2   2  -2  -5  -3   0   0  -3  -3  -2    7   8   7  10   0   8  17   3   2   4   3  12   1   0   1   8   5   0   1   3  0.27 0.27
  232 V     1  -1  -1  -3   1   0   1  -3   1   0   2  -1  -1  -1  -4  -1   0   1   1  -1   15   3   4   1   3   5   9   1   3   6  23   3   1   2   0   5   5   2   6   3  0.18 0.22
  233 L     0  -4  -4  -7   0  -4  -5  -5  -4   2   3  -4   0  -1  -6  -3   2  -2   1   3    8   1   1   0   2   0   0   0   0  10  31   1   2   2   0   2  13   1   6  19  0.64 0.46
  234 K     0   2   0  -1  -1   1  -1  -2   0   2  -1  -1   0  -1  -4   0   0  -3   0   2    9  12   5   3   1   6   3   3   2  14   6   4   2   2   0   7   4   0   4  14  0.13 0.17
  235 K    -3   5  -3  -5  -6   2   2  -5  -3  -6  -7   5  -4  -6  -7  -4  -3  -5  -2  -6    3  28   1   0   0   9  13   1   1   0   0  36   0   0   0   1   2   0   1   0  1.32 0.83
  236 L    -4  -2  -6  -9  -5  -4  -7  -7  -5   0   5  -3   6  -1  -8  -6  -5   5  -3  -2    2   2   0   0   0   1   0   0   0   4  59   2  16   3   0   0   1   6   1   2  1.50 0.85
  237 K    -3   5  -1  -6  -3   4  -4  -5  -2  -4  -4   5   1  -6  -6   0   0  -7  -4  -5    2  26   2   0   1  16   0   1   1   1   2  31   3   0   0   7   5   0   0   1  1.07 0.73
  238 F    -6  -8  -9  -7  -9  -7  -7  -7  -6  -3  -6  -8  -3   6  -9  -7  -8  -5   9  -7    1   0   0   0   0   0   0   0   0   2   1   0   1  30   0   0   0   0  64   0  3.02 1.42
  239 I    -5  -3  -6  -8  -3  -5  -6  -8  -2   2   4  -7   0   3  -8  -6  -5   6   5  -1    1   1   0   0   1   1   0   0   1  10  36   0   2  11   0   0   0  12  18   5  1.25 0.71
  240 N     0   1   1   2  -2   2   2  -3   0  -1  -1   1  -1  -2  -4   0   1  -1   0   0    7   7   7  11   1   8  13   2   3   3   5   7   1   2   0   6   8   1   4   7  0.16 0.19
  241 R    -5   5   4  -6  -5  -2  -4  -2  -3  -6  -8   5  -7  -8  -7   0  -2  -8  -7  -8    1  30  21   0   0   2   0   4   1   1   0  30   0   0   0   8   2   0   0   0  1.39 0.84
  242 V    -2  -5  -8  -8  -3  -4  -7  -8  -3   5   4  -7   2   1  -7  -3  -2   0  -4   1    3   0   0   0   1   1   0   0   1  31  38   0   4   5   0   2   2   1   0   9  1.13 0.63
  243 L    -2   2   0   0  -4   2   2  -3   0   1   2   2   1  -2  -4  -1  -2  -3  -1  -2    3  10   4   5   0  10  11   2   2   7  20  11   3   1   0   4   1   0   2   3  0.23 0.24
  244 E    -1   0   2   3  -5   2   4  -3   0  -3  -6   1  -3  -5  -5   0  -2  -5  -6  -3    4   5  11  13   0  10  31   2   2   1   1   9   1   0   0   6   2   0   0   2  0.69 0.52
  245 R     0   3   0   0  -6   3   4  -3   0  -3  -4   2  -1  -4  -5   0  -1  -4  -3  -3    8  14   4   5   0  12  24   2   2   1   2  11   1   1   0   8   3   0   1   1  0.50 0.42
  246 L    -1  -7  -8  -6  -2  -7  -7  -8  -8   6   4  -7   0  -2  -7  -5  -4  -7  -6   3    6   0   0   1   1   0   0   0   0  40  34   0   1   1   0   1   1   0   0  16  1.35 0.71
  247 Q    -4   2   2   2  -7   2   3  -6   2  -5  -6   5  -4  -6  -5  -1  -3  -7  -6  -6    1  10   9  13   0   8  16   0   5   1   0  32   0   0   0   4   1   0   0   0  0.95 0.61
  248 N    -2   0   3   3  -7   3   4  -4   2  -7  -7   2  -4  -7  -5   0  -4  -7  -5  -6    2   4  14  15   0  11  29   1   4   0   0  13   0   0   0   6   0   0   0   0  0.90 0.59
  249 I    -4  -6  -7  -7  -4  -5  -6  -7  -6   4   5  -6   3  -3  -6  -6  -4  -5  -4   2    0   0   0   0   0   0   0   0   0  26  57   0   6   0   0   0   0   0   0  12  1.34 0.60

                      K         Lambda
Standard Ungapped    0.1347     0.3176
Standard Gapped      0.0460     0.2670
PSI Ungapped         0.1503     0.3176
PSI Gapped           0.0460     0.2670
