
Last position-specific scoring matrix computed, weighted observed percentages rounded down, information per position, and relative weight of gapless real matches to pseudocounts
            A   R   N   D   C   Q   E   G   H   I   L   K   M   F   P   S   T   W   Y   V   A   R   N   D   C   Q   E   G   H   I   L   K   M   F   P   S   T   W   Y   V
    1 M    -2  -3  -4  -4  -3  -2  -4  -4  -3   2   3  -3   8  -1  -4  -3  -2  -3  -2   0    0   0   0   0   0   0   0   0   0  12  20   0  68   0   0   0   0   0   0   0  0.97 0.25
    2 S     0  -2  -1  -2  -3   1  -1  -2   4  -4  -4  -2  -3  -4  -2   5   3  -4  -2  -3    5   0   0   0   0   6   0   0  14   0   0   0   0   0   0  57  18   0   0   0  0.74 0.29
    3 D     1  -2   3   2  -3   1   1   1  -1  -3  -3  -1  -2  -3  -2   1  -1  -3   0  -1   15   0  18  12   0   7  12  12   0   0   0   0   0   0   0  12   0   0   4   8  0.26 0.14
    4 E     1  -2   1   1  -3   0   2  -2  -2  -3  -3  -1  -3  -1   5   1  -1  -4  -3   0   13   0   7   6   0   4  15   1   0   0   0   1   0   3  28  12   2   0   0   7  0.50 0.22
    5 E     2   0  -1   3  -3   2   2  -1  -2  -4  -4  -1  -3  -4  -1   2   1  -4  -3  -3   18   5   0  16   0  10  16   3   0   0   0   0   0   0   2  20  10   0   0   0  0.41 0.24
    6 A     2  -1  -1  -3  -2  -2  -2   1  -2   1  -1  -1  -2  -2   0   2   0  -3   1   0   24   2   2   0   0   0   0  14   0  10   5   4   0   0   5  17   6   0   6   5  0.19 0.17
    7 R    -2   4   2  -2  -4   0   1  -1  -2  -3  -4   1  -3  -5   4   0   0  -5  -4  -3    1  26   9   0   0   2  11   4   0   1   0  10   0   0  20   5   7   0   0   1  0.57 0.29
    8 Q     3   0  -1   0  -3   2  -1  -3   1  -1  -2  -2  -2  -4   2   1   1  -4  -1   0   30   4   3   5   0  10   2   0   4   2   3   0   0   0  11   8   9   0   2   6  0.28 0.24
    9 S    -1   1   0   1  -4  -1   0  -1   2  -4  -4  -1   0  -1   3   3   1  -4  -3  -2    2   7   4   8   0   2   5   4   7   0   0   1   3   3  13  29  10   0   0   2  0.37 0.27
   10 G     2  -3   1   0  -3  -1   0   2   1  -1  -2  -2   0   0  -2   2   0  -4  -3  -3   17   0   8   6   0   1   5  19   5   4   2   1   3   5   1  19   4   0   0   0  0.25 0.21
   11 G     0  -2   2   1  -1  -1   1   3  -1  -4  -3  -2  -3  -4   3   0   0  -5  -4  -1    8   1  11   7   2   2  10  24   1   0   2   1   0   0  17   3   6   0   0   4  0.38 0.23
   12 S     0  -1   2  -1  -3  -1   0  -1  -1   0  -1  -1  -1  -1  -2   2   3  -4  -1   0    8   2   9   2   0   2   6   4   1   5   6   2   1   2   1  19  22   0   2   5  0.18 0.18
   13 S     2  -3   0  -3  -4   0  -2   0  -3  -4  -4  -3   2  -4  -1   4   2  -5  -1  -4   18   0   4   0   0   4   1   6   0   0   0   0   5   0   3  40  15   0   2   0  0.65 0.43
   14 Q     0   1   1   0  -4   2   2  -3  -3  -3  -3   1   4  -2  -3   0   2  -4  -4   0    7   8   7   5   0  10  12   1   0   0   0   8  15   1   1   7  12   0   0   7  0.31 0.28
   15 A     1   0   0   1  -1  -1   1  -1  -2   0   0  -1   2  -3   1   1  -1  -4  -3   0   15   4   3   8   1   0  12   4   1   4   9   3   8   0   8  11   2   0   0   8  0.12 0.15
   16 G     1   1  -1   1  -3  -1   0   2   0  -3  -1  -1  -1  -3   0   2   0  -4  -2  -2   15   9   1   9   0   2   6  17   3   0   5   3   2   1   4  15   5   0   1   2  0.19 0.18
   17 V     0  -1   0   1   0   1   1  -1   1   0  -1   0   2  -3   0   0   1  -3  -1   0    6   3   4   8   2   6   8   3   4   6   6   4   9   0   5   8  11   0   1   5  0.07 0.10
   18 V     0  -3   1  -2  -3   0  -1  -2  -3   0   1  -2   3  -1  -1   1   2  -4  -2   2    8   0   7   1   0   4   4   1   0   4  16   1   9   2   2  12  13   0   1  15  0.17 0.19
   19 T     1  -2  -1  -1  -3  -1  -2  -2   1   0   1   0   1  -3   0   2   3  -4  -3  -1   11   1   2   4   0   2   1   1   3   4  13   5   4   0   5  19  21   0   0   3  0.24 0.24
   20 V    -1   4  -2  -4  -5   0  -1  -2   0  -1  -1   3   2  -2  -2  -1  -1  -5  -4   0    5  28   1   0   0   4   2   3   2   4   7  23   5   1   1   4   3   0   0   6  0.45 0.32
   21 S     2  -1   0   1  -3   1   3  -3  -2  -3   0   0  -1  -2  -1   1  -2  -5  -2  -3   19   3   4   6   0   7  25   1   0   1  10   5   2   1   3  10   1   0   1   1  0.32 0.28
   22 D    -1   0  -2   2  -1   1   4  -3   1  -3  -4   1  -3  -3  -2   0   0  -5   0  -4    6   5   1  13   1   6  35   1   3   1   1   8   1   1   1   7   5   0   3   1  0.51 0.35
   23 V     2  -4  -5  -5  -2  -4  -4  -4  -4   1   3  -4   1   1  -4  -2   0  -4   1   3   18   0   0   0   1   0   0   0   0   8  33   0   4   5   0   2   5   0   4  20  0.53 0.34
   24 Q    -1   1  -1   1  -4   2   0  -3  -2  -2   1   3   2  -1  -1  -1   0  -1  -3  -2    5   8   2   8   0  10   5   1   0   1  17  19   7   3   2   3   5   1   0   2  0.21 0.22
   25 E     1   2  -1   1  -4   3   3  -2  -1  -3  -3   2  -3  -5  -3   0  -1  -5  -2  -3   14   9   2   9   0  12  25   2   1   1   2  12   0   0   0   5   3   0   1   1  0.44 0.32
   26 L    -3  -6  -5  -7  -5  -6  -3  -7  -6  -1   6  -6   0  -2  -7  -6  -5   1  -3  -1    2   0   1   0   0   0   2   0   0   1  86   0   1   1   0   0   0   2   1   2  1.73 0.77
   27 M    -1  -2  -1   1  -4   2  -1  -2   0   2   0  -2   6  -1  -4   0  -1  -4  -1   0    6   1   2   8   0   9   3   3   2  14   6   2  26   2   0   6   3   0   2   4  0.39 0.33
   28 R     1   1   1   1   0   2   2  -2   0  -4  -2   3  -2  -4  -3   0  -1  -5  -4  -2   13   8   6   9   2   9  14   2   2   0   3  18   1   0   0   7   3   0   0   3  0.30 0.25
   29 R    -2   4  -2  -2  -3   4   3  -5  -2  -2  -1   3  -4  -5  -4  -3  -2  -5  -3  -2    2  23   1   1   1  16  22   0   1   2   5  20   0   0   0   1   2   0   1   2  0.73 0.46
   30 K    -3   5  -2  -5  -3  -1  -3  -6  -5  -2  -2   6  -1  -7  -5  -4  -5  -7  -6  -6    2  33   1   0   1   2   1   0   0   2   4  52   2   0   0   0   0   0   0   0  1.55 0.74
   31 E    -1   0  -1   5  -5   0   3  -2  -1  -2  -3   2  -2  -2  -4   0  -1  -5  -2  -4    6   6   2  30   0   4  16   2   1   2   3  14   1   2   0   5   4   0   1   0  0.50 0.34
   32 E     2   1   0   2  -4   2   3  -2   0  -3  -3   2  -4  -5  -4   0  -1  -2  -4  -2   19   9   5  10   0   7  22   2   2   1   2  11   0   0   0   5   2   1   0   3  0.39 0.30
   33 I    -4  -6  -4  -3  -5  -5  -6  -7  -6   6   3  -2   3  -2  -6  -5  -1  -5   0   0    1   0   1   1   0   0   0   0   0  45  31   2   7   1   0   0   3   0   3   5  1.11 0.55
   34 E    -5  -3  -3   2  -1   1   7  -6  -4  -3  -5  -1  -1  -4  -5  -3  -5  -7  -6  -5    0   1   1   9   1   5  72   0   0   1   1   4   2   1   0   1   0   0   0   1  1.69 0.83
   35 A     3   0   0  -1  -4   1   1  -2  -1  -3  -2   2   0  -3  -2   1   1  -5  -3  -2   24   5   4   3   0   7  11   2   1   1   4  13   2   1   1  10   9   0   1   1  0.27 0.26
   36 Q    -3   1  -2   0  -7   3   6  -4  -2  -5  -4   0  -5  -4  -5  -2  -2  -7  -6  -5    2   6   2   3   0  13  60   1   1   1   2   4   0   1   0   2   3   0   0   1  1.28 0.69
   37 I    -2  -2  -6  -6  -5  -2  -5  -6  -6   6   3  -2   4  -3  -6  -5  -4  -5  -4   0    3   3   0   0   0   2   0   0   0  42  31   3  11   0   0   0   0   0   0   3  1.15 0.57
   38 K     1   0   1   1  -2   2   2  -2  -1  -2  -2   2  -1  -2  -3   1  -1  -4  -3  -2   14   5   6   7   1   9  15   2   1   2   4  13   2   2   0  12   3   0   0   3  0.24 0.23
   39 A     2   0  -1   1  -4   2   2  -1   0  -2  -2  -1  -3  -2  -3   1   0  -4  -3  -1   23   4   2   7   0   9  16   3   2   3   4   3   0   2   0  12   6   0   0   4  0.26 0.26
   40 N    -1  -2   1  -2   1   1  -2  -3   4   2   3  -3   1   0  -4  -2  -3   2   2  -2    6   2   7   2   3   6   2   2   9  11  32   0   3   3   0   2   0   3   6   2  0.37 0.31
   41 Y     0  -1   0  -2   1   0   0   0   0   0   0  -1   1   1   0   1  -1   1   1   0    5   2   4   1   3   4   5   8   3   6  12   3   4   8   4  13   3   3   4   6  0.03 0.08
   42 D     0  -1   1   3  -4   1   3  -1   1  -4  -2  -1  -3  -1  -3   2   0  -4   1  -2    8   3   8  15   0   5  19   3   4   0   4   3   0   2   0  15   4   0   5   2  0.31 0.27
   43 V    -1   0  -1  -1   0   0   1  -3   1   1   0  -1   0   0   1   0  -1   1   1   1    4   5   2   2   2   4   9   0   4   9  11   3   3   4   7   6   2   2   5  15  0.07 0.10
   44 L     0  -4  -4  -4  -4   0  -1  -5  -4   1   4  -4   2   1  -4  -1  -3  -3   1   0    8   0   0   0   0   5   5   0   0   5  49   0   5   5   0   5   0   0   5   5  0.57 0.36
   45 E     0   0   0   0   2   0   0   0   1   0  -1   0  -1   0   1   0   0  -3  -1   0    6   6   5   6   5   5   6   6   5   6   6   6   0   5   6   6   6   0   0   6  0.01 0.07
   46 S     1  -1   1   1  -4   1   0  -1   0  -2  -2   0  -3  -4  -1   3   0  -4  -1  -1   13   2   6   9   0   6   7   3   2   2   3   4   0   0   3  27   5   0   2   4  0.27 0.27
   47 Q    -2  -1   2  -1   0   2   1   0   3  -1  -3   0  -1  -1   2  -1   0  -4   0  -1    2   3  13   2   2  12   9   6   9   3   2   6   1   3   9   4   5   0   3   6  0.21 0.21
   48 K    -2   0   3   1  -1  -1  -1   2   3  -1  -2   0   1  -3   0  -1  -1  -3   1  -2    2   5  17   6   2   2   3  15   7   5   4   7   5   0   6   4   3   0   5   2  0.19 0.18
   49 G    -1   0   1   0  -3   0  -1   3   1  -2  -3  -1   2  -3   1   0  -1   3  -1  -3    3   5   8   5   0   3   4  28   3   3   1   4   7   0   7   7   3   5   2   1  0.31 0.23
   50 I     1   0  -1  -3   1  -1  -1  -1   1   1  -1  -1   0   0   0  -1   0   2  -2   3   10   5   3   0   3   3   4   4   4   6   3   4   3   5   4   4   7   3   0  26  0.13 0.17
   51 G     0   1   1   1  -3   1   1   1   2  -3  -3   1  -2  -3  -2   1   1  -3  -2  -2    9   9   9   9   0   9   9   9   9   0   1   9   0   0   0   9   9   0   0   1  0.21 0.11
   52 M    -2  -2  -2  -1  -3  -2  -3  -4   1   1   2  -1   8  -1  -2  -1  -1  -1  -1  -1    1   1   2   3   0   1   0   0   4   5  19   5  43   1   2   4   3   1   1   3  0.76 0.43
   53 N    -1   1   2   2  -3   1   1   1   1  -3  -3   1  -2  -3   1   1   0  -3   1  -3    4   7  11  12   0   6   6   9   3   0   1   9   1   0   6  13   6   0   5   0  0.21 0.15
   54 E     1  -1  -1   2  -3   1   1   2   1  -3  -1  -1  -2  -3  -1   1   2  -4  -3  -2   10   2   1  11   0   6  12  15   4   0   6   1   0   0   2  12  15   0   0   2  0.21 0.18
   55 P     0   0   0  -1  -3   0   1  -1  -2  -3  -1  -1  -2  -2   5   1   1  -4  -3  -1    5   4   5   1   0   5  10   5   0   0   6   2   0   2  27  14   8   0   0   6  0.39 0.23
   56 L    -1  -3  -2  -2  -3   0  -3  -4  -3   1   4   0   1  -1   0  -3  -2  -3   1  -1    4   0   2   2   0   4   1   1   0   7  54   6   3   1   4   1   1   0   7   2  0.47 0.29
   57 V     0  -3  -2  -2  -2  -2  -1  -1  -2   2   0  -2   0  -1  -3   0   0  -2   1   3    6   1   0   2   0   0   6   4   0  15   9   2   1   2   1   8   6   0   7  30  0.21 0.18
   58 D    -1  -3   2   5  -4  -2   0   0  -3  -3  -2  -2  -3   0  -3   1   2  -4  -3  -1    5   0   8  38   0   0   5   6   0   0   4   0   0   6   0   9  12   0   0   4  0.51 0.29
   59 C     1   0   0   1   3   1   1  -2   0  -2  -1  -1  -2  -1  -1   2   0  -3   0  -1   11   3   4   7   7   9  11   2   1   1   8   2   0   2   3  17   5   0   3   3  0.12 0.12
   60 E    -2   1   1   3  -1   1   3  -2  -1   0   0  -1  -2  -3  -3  -1  -1  -4  -3  -1    2   9   9  16   1   5  28   2   1   5  12   0   0   0   0   2   3   0   0   4  0.33 0.23
   61 G     0   1   0   0  -3   0   0   3   2  -2  -1   0  -2   0  -2  -1  -2   3   0  -2    8   7   3   3   0   3   8  26   6   1  10   8   0   6   1   1   1   5   3   1  0.18 0.12
   62 Y    -2   0  -2  -2  -3   1   1  -1   2  -2  -1  -2  -2   4  -3   1   0   4   3  -2    1   5   0   0   0   6   9   6   5   0   5   0   0  23   0  12   6   7  11   1  0.30 0.19
   63 P     0   0   1  -1  -2   2   1  -2   3  -2   0   1  -1  -2   2   0  -1  -3  -1  -2   12   1  12   1   0  12  12   1  11   1  12  12   0   0  12   1   1   0   0   1  0.20 0.09
   64 R    -1   6   0  -3  -2  -1  -1  -2  -3  -1   1   0  -2  -1  -4  -1  -3  -1   0  -2    4  47   6   0   1   2   4   3   0   4  15   2   0   2   0   4   0   1   3   2  0.63 0.38
   65 S     2  -2   1   0  -3   0   0   0  -2  -1  -2  -1   0  -4   2   2  -1  -4  -3  -1   24   0   8   6   0   5   4   5   0   3   3   2   2   0   9  22   2   0   0   3  0.28 0.23
   66 D    -4  -3   1   6  -5  -1   0   0   2  -5  -2   0  -4  -5  -4  -1  -1   1  -2  -5    0   0   5  55   0   3   4   6   5   0   4   5   0   0   0   3   4   2   2   0  0.99 0.48
   67 V    -2  -4  -4  -4   0  -1  -2  -3  -4   5   2  -2   1   0  -2  -1  -1   1  -3   2    3   0   0   0   2   3   2   2   0  37  20   2   3   3   2   5   2   2   0  11  0.47 0.29
   68 D    -4   1   0   7  -1  -3   0  -2  -4  -3  -2  -1  -4  -5  -1  -2  -4  -5  -1  -5    0   9   4  62   1   0   4   2   0   2   4   3   0   0   3   2   0   0   3   0  1.20 0.55
   69 L    -3  -4  -4  -4  -3  -4  -4  -2   1   4   2  -4  -1   0  -4  -3   0  -3   1   4    1   0   0   0   0   0   0   4   4  28  16   0   0   4   0   1   7   0   5  27  0.56 0.32
   70 Y     0  -1   0  -4   1  -1  -1   0   2  -1  -2  -1   0   1   2  -1  -1   3   4   1    7   3   4   0   3   3   3   6   5   4   4   3   3   5   9   4   3   5  16   9  0.21 0.20
   71 Q     0   0   1   0  -2   1   0   0  -2   0   0   0   1  -2   1   0   0  -3  -2   0    7   7   7   7   0   7   7   7   0   7   7   7   6   0   7   7   7   0   0   7  0.07 0.08
   72 V     0  -3   0  -1   1  -2  -1  -3   1   2   0  -1  -1   1  -3  -1   0  -3   0   3    6   0   5   4   4   0   5   0   4  13   5   4   0   5   0   4   4   0   4  33  0.21 0.22
   73 R    -1   6  -1  -4  -4   0  -2  -3  -3  -2  -2   0   0  -4  -1   0   0  -4   0  -2    4  52   2   0   0   4   2   2   0   2   4   4   2   0   3   7   6   0   3   3  0.82 0.51
   74 T     0   0   0   0  -2   1   1  -1   2   0   0   0   0   0   0   0   1  -3   0   0    9   4   5   3   0   5   8   4   6   8   8   6   3   3   3   7   9   0   3   5  0.04 0.07
   75 A     0   0   0   0   2   0   0   0   1   0  -1   0  -1   0   1   0   0  -2   1   0    6   6   5   6   5   5   6   6   5   6   6   6   0   5   6   6   6   0   5   6  0.03 0.06
   76 R    -1   7  -1  -4  -5   0   0  -4  -3  -1  -1   1   0  -5  -4  -2  -3  -5  -4  -2    4  56   3   0   0   4   5   0   0   3   6   8   2   0   0   3   0   0   0   3  1.06 0.54
   77 H    -1   1   3  -1   0   2  -1  -1   5  -1  -2   0  -3  -3  -3   0   0  -4  -1   0    5  10  15   3   2   9   2   4  16   3   3   4   0   0   0   8   6   0   2   8  0.28 0.26
   78 N     0   2   1  -1  -3   2   0   0   1  -1  -2   2   0  -3   0   0   0   2   0  -1    8  13   8   3   0   9   4   8   3   3   3  12   3   0   5   5   4   3   3   3  0.14 0.14
   79 I     0   1  -2  -2  -2   1   0  -3   2   0   0  -1   2   1  -3  -1   0   4   2   0    8   8   0   0   0   7   8   1   7   8   8   0   7   7   0   1   8   7   7   8  0.15 0.16
   80 I     0   0   0   0   2   0   0  -1   1   0  -1   0   1   0   0   0   0  -2   1   0    5   5   5   5   5   5   5   5   5   5   5   5   5   5   5   5   5   0   5   5  0.03 0.05
   81 C     0   0  -2   0   2   1   0  -1   2   0  -1   0   1  -2   0   0   0   3   1   0    6   6   0   6   5   5   6   6   5   6   6   6   5   0   6   6   6   5   5   6  0.07 0.12
   82 L     0  -1   0  -1  -3   0  -1   0  -3   1   3  -1   1   0  -1  -1  -1  -3   0   0    7   4   4   4   0   4   4   7   0   6  31   4   4   3   3   5   4   0   3   4  0.11 0.16
   83 Q     0   0   0   0   2   0   0  -1   2   0  -1   0   1  -2  -3   0   0   3   1   0    5   5   5   5   5   5   5   5   5   5   5   5   5   0   0   5   5   5   5   5  0.03 0.12
   84 N    -2  -2   7  -1  -1  -4  -4  -2   2  -5  -2  -2  -1  -3  -1  -1   2  -6  -2  -5    3   2  52   3   1   0   0   3   4   0   4   2   2   1   4   4  13   0   2   0  1.12 0.59
   85 D    -5  -1  -1   7  -6   0   0  -3   0  -6  -4  -4  -1  -6  -5  -4  -2  -6  -1  -3    0   3   2  67   0   4   5   2   2   0   2   0   2   0   0   0   3   0   2   2  1.66 0.78
   86 H    -1   1   0  -2  -1  -1  -4  -2   7  -2   1  -2  -1   0  -3  -3  -4   1   3  -1    5   9   4   2   2   3   0   4  25   2  16   2   1   3   2   2   0   2  12   4  0.60 0.40
   87 K     0   1   0  -1   0   1   1  -3   0   0  -2   4  -1  -1  -2  -1  -1  -5  -1  -2    7   8   4   3   2   6  10   2   2   5   3  29   2   3   2   3   4   0   2   3  0.34 0.27
   88 A     2  -1   1   0   1   0   2  -2   0  -2  -3   0   3  -1  -2  -1   0   2   0  -2   16   4   6   5   3   3  14   3   3   3   3   6   6   3   3   4   6   3   4   3  0.20 0.15
   89 V    -2  -6   1  -1  -6   0  -1  -7  -7   3   2  -1   2   0  -7  -6  -1  -7  -6   3    4   0   7   4   0   5   5   0   0  16  20   5   4   4   0   0   5   0   0  20  0.60 0.29
   90 M    -2   0  -1  -2   0   0   0  -3   0   1   0  -1   7  -1  -2  -1   1  -4  -1  -1    3   4   3   3   2   4   6   2   2   6   9   4  29   2   2   4   8   0   2   4  0.43 0.38
   91 K     0   1   2   1  -3   1   1  -1   1  -1  -2   1   0  -3   0   0  -1  -3   0  -1    7   6  11   8   0   7  10   4   3   4   4  11   3   0   3   7   3   0   4   4  0.13 0.15
   92 Q     0   0   0   0   2   0   0   0   1   0  -1   0   1   0  -2   0   0  -2   1   0    6   6   5   6   5   5   6   6   5   6   6   6   5   5   0   6   6   0   5   6  0.03 0.07
   93 V    -1  -5  -2  -6   0  -5  -5  -6  -5   6   2  -5   4   0  -5  -2  -2   1   0   1    4   0   2   0   2   0   0   0   0  40  19   0   9   3   0   3   2   2   4   7  0.88 0.49
   94 E     0  -1  -1  -1   0   0   5  -1   1  -3  -2   0  -1  -2  -2   1  -1  -5   0  -3    8   2   3   3   2   3  39   4   3   2   4   4   2   1   2   9   3   0   3   2  0.50 0.42
   95 E     0   1   0   1  -3   2   2  -1   0  -1  -2   2   0  -1   0   0   0  -3  -1  -1    6   7   4   6   0   8  13   5   2   5   3  13   2   3   4   7   6   0   2   4  0.12 0.14
   96 A     1   0   0   0   0   0   0   0   1  -1   0   0   0  -1   0   0   0  -3   0   0   14   6   5   6   3   4   5   7   4   3   9   4   3   3   4   6   6   0   3   6  0.02 0.04
   97 L     0   0   0   0  -2  -1   0   0  -2   0   0   0   1   0   1   0   0   3  -1   0    6   6   6   6   0   0   6   6   0   6   6   6   6   6   6   6   6   6   0   6  0.06 0.10
   98 H     0   0   1   0  -4   2   1  -1   5  -1  -2  -1   0   0   0   0  -1  -4   1  -1    7   3   6   4   0  10  10   5  15   4   4   3   2   5   4   7   3   0   4   4  0.19 0.22
   99 Q     0   1   0   1   0   1   1  -1   1  -1  -1   1   0  -1  -1   0   0  -3   0  -1    7   8   4   9   3   8  12   5   3   4   5   9   3   3   3   5   4   0   3   4  0.08 0.10
  100 L     0  -1  -3  -1  -3   0  -1  -1   2   1   2  -1   1   0  -1  -1  -1   2   2   0    6   3   0   3   0   5   5   4   5   7  19   3   4   4   3   4   4   3   9   8  0.09 0.13
  101 H    -1   0   0   0  -3   0   0  -1   2   0  -1   0   1   0   0   0   0   3   1   0    5   5   5   5   0   5   5   5   5   5   5   5   5   5   5   5   5   5   5   5  0.06 0.08
  102 A    -1   0   0   0   2   0   0  -1   2   0  -1   0   1  -2   0   0   0   3   1   0    5   5   5   5   5   5   5   5   5   5   5   5   5   0   5   5   5   5   5   5  0.07 0.11
  103 R     0   0   0   0   2   0   0  -1   1   0  -1   0   1   0   0   0   0  -2   1   0    5   5   5   5   5   5   5   5   5   5   5   5   5   5   5   5   5   0   5   5  0.03 0.05
  104 D     0   0   0   0   2   0   0  -1   1   0  -1   0   1   0   0   0   0  -2   1   0    5   5   5   5   5   5   5   5   5   5   5   5   5   5   5   5   5   0   5   5  0.03 0.05
  105 K    -1   0   0   0   2   0  -1  -1   2   0  -1   0   2   0   0  -1   0   3   1  -1    5   5   5   5   5   5   5   5   5   5   5   5   5   5   5   5   5   5   5   5  0.03 0.09
  106 E     0   0   0   1  -3   1   2  -1   0  -1  -1   0   0  -1   1   0   0   1  -1  -1    8   6   5   6   0   5  16   5   2   3   5   4   3   3   6   7   7   2   2   5  0.09 0.12
  107 K     0   1   1   0   0   1   1   0   0  -1  -1   1   0  -1   1   0   0  -3   0  -1    7   8   6   5   3   5   9   8   3   3   5   7   3   3   5   7   6   0   3   4  0.05 0.05
  108 Q     0   0   0   0   2   0   0  -1   1   0  -1   0   1   0   0   0   0  -2   1   0    5   5   5   5   5   5   5   5   5   5   5   5   5   5   5   5   5   0   5   5  0.03 0.05
  109 A     0   0   0   0   2   0   0  -1   1   0  -1   0   1   0   0   0   0   3  -2   0    5   5   5   5   5   5   5   5   5   5   5   5   5   5   5   5   5   5   0   5  0.05 0.09
  110 R    -1   0   0   0  -3   0   0  -1   2   0  -1   0   1   0   0   0   0   3   1   0    5   5   5   5   0   5   5   5   5   5   5   5   5   5   5   5   5   5   5   5  0.06 0.08
  111 D     0   0   0   0   2   0   0   0   1   0  -1   0  -1   0   1   0   0  -2   1   0    6   6   5   6   5   5   6   6   5   6   6   6   0   5   6   6   6   0   5   6  0.03 0.06
  112 M     0   0   0   0   1   0   0  -1   0   0   0   0   1   0   0   1   0   2   0   0    7   4   5   4   3   4   4   5   3   5   7   7   4   4   5  11   6   3   3   5  0.03 0.03
  113 A     1   0   0   0   0   1   0  -1   0  -1  -2  -1   0  -1   2   2   1   0  -2  -1   11   5   5   6   2   6   6   5   2   3   3   4   2   2   9  13   8   1   1   5  0.10 0.12
  114 E     0   0   2   0  -5   1   1  -1   2  -1  -1   0   0  -2   0   1   0   0   0  -1    8   5   8   6   0   6   8   5   5   4   6   5   3   2   5  10   7   2   3   4  0.08 0.10
  115 A     2  -2   0   2  -2   1   0  -1  -1  -2  -2  -2  -2  -3   1   1   1   0  -2  -1   17   2   5  10   1   7   6   5   1   2   5   2   1   1   8  11   9   1   1   4  0.18 0.20
  116 H     0   0   1   0  -3   1   1   0   1  -1  -1   0   0  -1   0   1   0   1  -1  -1    8   4   6   4   0   8   9   7   4   4   6   4   3   2   5  12   6   2   1   5  0.07 0.10
  117 K     0   0   1   0  -1   1   1   0   0  -1  -1   0   0  -1   1   1   1  -4  -3  -1    8   6   6   6   2   5   7   7   2   3   5   5   3   2   8  10   8   0   0   5  0.08 0.10
  118 E     0   0   1   0   1   1   1   0   0  -1  -1   0   0  -1   1   0   0   0   0  -1    7   6   6   6   3   9   7   6   2   3   4   6   3   2   6   7   7   1   3   5  0.06 0.07
  119 A     0   0   0   1   1   0   0   0   0  -1  -1   0   0  -1   1   0   0   2  -2  -1   10   4   6   7   3   5   7   8   3   5   5   4   4   4   7   8   5   3   0   4  0.05 0.07
  120 M     0   0   0   0  -2   1   0   0   1   0  -1   0   1   0   1   0   0  -2   1   0    6   6   5   6   0   5   6   6   5   6   6   6   5   5   6   6   6   0   5   6  0.03 0.06
  121 S    -1   0   0   0   2   0   0  -1   2   0  -1   0   2   1   0  -1   0   4   1  -1    5   5   5   5   5   5   5   5   5   5   5   5   5   5   5   5   5   5   5   5  0.09 0.08
  122 R     0   1   0   0  -1   2   1   0   0  -1  -1   0   1  -2   2   0   0   0  -1  -1    7   7   4   5   1   8   7   6   2   4   5   7   3   2   9   8   6   1   2   5  0.07 0.09
  123 K     0   0   0   0   1   0   0  -1   1   0   0   0   1   0   0   0   0   2   0   1    6   5   4   5   3   4   7   5   4   5   8   4   4   3   5   6   6   3   3  10  0.02 0.02
  124 L    -1   0   0   0   2   0  -1  -1   2   0  -1   0   2   0   0  -1   0   3   1  -1    5   5   5   5   5   5   5   5   5   5   5   5   5   5   5   5   5   5   5   5  0.03 0.09
  125 G     1  -1   0   1  -3   0   1   2   0  -1  -1  -1   0  -2   1   1   0  -4  -2   0   10   3   4   7   0   3   8  15   3   4   6   3   2   2   6  10   5   0   1   7  0.09 0.12
  126 Q     0   1   0   0  -4   2   2  -1   1  -1  -1  -1   0  -1   0   0   0   0  -1  -1    8   7   4   6   0   9  14   5   3   3   6   3   3   2   5   7   6   1   2   5  0.10 0.14
  127 S     0   0   0   0  -5   1   1  -1   1  -1  -1  -1   1  -1   0   2   0   0   1   0    9   4   4   5   0   6   8   6   3   4   5   4   4   2   4  13   6   2   5   6  0.07 0.10
  128 E     0   0   1   1   0   2   2  -1   0  -1  -2  -1   0  -2   0  -1   0   1   0   0    7   6   7   8   2   8  11   4   2   4   4   4   2   2   5   5   5   2   3   7  0.09 0.10
  129 S     0   0   0   0   1   0   1   0   2  -1  -2  -1   1  -1   1   0   0  -4   0   0    8   4   5   6   3   4  10   6   4   3   4   4   3   3   6   8   6   0   3   6  0.03 0.07
  130 Q    -1   0   0   0   2   0   0  -1   2   0  -1   0   2   1   0  -1   0   4   1  -1    5   5   5   5   5   5   5   5   5   5   5   5   5   5   5   5   5   5   5   5  0.09 0.08
  131 G     0  -1   1   0  -1  -1   0   3  -1  -1  -2  -2   0  -1   0   0   1   1  -1   0    7   3   5   5   2   3   7  21   2   4   4   2   2   3   5   7   8   2   2   6  0.16 0.15
  132 P    -1  -1   0  -1   0  -1  -2  -2   1   0   0  -1   1  -2   4   0  -1   1   0   0    6   4   4   4   2   2   3   4   3   6  10   5   3   2  18   8   3   2   4   7  0.19 0.17
  133 P    -1  -1   0   0  -4   0   1  -1   0  -2  -1  -1   1   0   4  -1  -1   1   0  -1    5   3   4   6   0   3   8   5   3   2   7   4   3   5  21   5   4   2   3   5  0.23 0.22
  134 R     0   1   0  -1  -5   1   0  -2   1   1  -2   0   1   0   2  -1  -1   3   2   0    7   9   4   4   0   5   5   4   3   7   4   5   3   3   9   5   5   3   6   8  0.11 0.11
  135 A    -1   0   0   0   2   0   0  -1   2   0  -1   0   2   1   0  -1   0   4   1  -1    5   5   5   5   5   5   5   5   5   5   5   5   5   5   5   5   5   5   5   5  0.09 0.08
  136 F    -2   1  -1   1   1  -1  -2  -1   1   0  -2  -2   1   5   0  -2   1   2   1  -1    4   7   3   7   3   3   3   4   3   6   5   3   3  20   5   3   8   3   4   4  0.31 0.18
  137 A     0   0   0  -2   2  -1   0   0  -1   0   0  -1  -1   1   1   0   0  -2   1   0    7   7   7   0   7   0   7   7   0   7   7   0   0   7   7   7   7   0   7   7  0.05 0.09
  138 K    -3   3  -2  -3  -2   1   0  -4  -1   1   0   3   0  -2  -3  -2  -1  -1   0   1    2  16   2   1   1   6   5   1   2   9  10  18   2   2   1   2   4   1   3  12  0.31 0.24
  139 V    -3  -6  -6  -6   0  -6  -6  -3  -6   5  -1  -3  -4  -1  -1  -5  -1  -6  -5   6    3   0   0   0   2   0   0   2   0  29   4   2   0   2   4   0   5   0   0  45  1.24 0.59
  140 N     0  -1   2   2   0  -1   0   2  -1  -1  -1  -1  -1  -2  -4   0   0   0   0  -1    7   3  10  11   3   2   6  19   2   3   5   4   1   2   0   5   7   1   4   5  0.16 0.15
  141 S    -1   0   1   1   0   1   2   0   0  -2  -2   0  -1  -1   0   2   0   1  -1  -1    5   6   6   9   2   6  12   6   2   2   3   5   2   3   5  14   4   2   2   4  0.11 0.14
  142 I    -1  -5  -5  -5  -4  -4  -5  -5  -5   2   0  -1   2   0   0  -1   0   3  -4   5    6   0   0   0   0   0   0   0   0  11   6   5   4   4   5   5   5   4   0  42  0.73 0.40
  143 S     0   0   0   0   2   0   0  -1   1   0  -1   0   1   0   0   0   0  -2   1   0    5   5   5   5   5   5   5   5   5   5   5   5   5   5   5   5   5   0   5   5  0.03 0.05
  144 P     0  -1  -2   0  -5   0   2  -2   0  -3  -3  -1  -1  -3   6  -1  -1   0  -2  -3    7   3   2   6   0   4  12   3   2   2   3   4   2   1  35   5   3   1   2   2  0.65 0.47
  145 G    -1  -1   1   2  -4   0  -1   4   1  -4  -2  -1   0  -1  -1  -1  -1  -4   0  -2    4   4   7  11   0   3   4  33   3   0   3   3   3   3   3   4   3   0   3   3  0.35 0.29
  146 S    -1   0   0   0   2   0   0  -1   2  -3  -1   0   1   0   0   0   0   3   1  -2    5   5   5   5   5   5   5   5   5   0   5   5   5   5   5   5   5   5   5   0  0.06 0.16
  147 P    -1  -5  -2  -2  -1  -2  -3  -3  -1  -3  -3  -2  -2  -6   8  -2  -2  -6  -5  -3    6   0   2   2   1   2   2   2   2   2   3   2   1   0  65   2   2   0   0   2  1.64 0.73
  148 A     6  -5  -5  -5   1  -4  -4   0  -5  -1  -4  -4   0  -5  -4   1  -3  -5  -5  -1   69   0   0   0   3   0   0   7   0   3   1   0   3   0   0   8   0   0   0   5  1.27 0.66
  149 S     2  -2  -1   2  -1   1   3  -2   1  -2  -2  -1  -1  -1  -3   1   0   1   1  -2   16   1   2  13   1   7  21   3   4   2   3   2   1   2   0   8   6   2   4   2  0.27 0.24
  150 I     0   2   1  -1  -1   2   2  -2  -1   0  -2   2   0  -2  -3   0  -1  -4  -2  -1    6  12   6   2   1  11  15   2   1   6   3  14   3   2   0   5   3   0   1   5  0.20 0.19
  151 A     0   0  -1   0   2   1  -1   0  -2   0   0   0   1   1  -2   0   0  -2   1   0    7   7   0   7   6   7   0   7   0   7   7   7   6   6   0   7   7   0   6   7  0.04 0.10
  152 G     0   1   1   1  -2   1   0   0   2   0  -1   0  -1  -2   1   0   0  -3  -2   0    7   7   7   7   0   7   7   7   6   7   7   7   0   0   7   7   7   0   0   7  0.08 0.08
  153 L     0   0  -2  -3   3  -2  -2  -2  -2   1   0  -2   2   1   1   0  -1   4  -1   1    9   9   0   0   8   0   1   1   0   9   9   0   9   9   9   9   0   8   0   9  0.18 0.14
  154 Q    -2   2   0  -3   1   4   0  -2   1  -1  -1   2   0  -1  -4   0  -1  -4  -1  -2    3  12   5   0   3  24   6   2   3   3   5  14   3   2   0   6   2   0   2   3  0.34 0.31
  155 V     1   0   0  -1   0   0   0  -1   0   1  -1   0   0  -1   2   0   1  -3  -1   1   11   4   5   3   3   3   6   2   2   8   5   6   3   2   9   8   7   0   2  10  0.06 0.07
  156 D    -2  -2   2   1  -1  -2  -2   5  -1  -3  -4  -2  -5  -2  -5  -2  -1   1  -2  -2    2   2   8   8   2   2   3  51   2   2   2   2   0   2   0   3   4   2   2   3  0.81 0.47
  157 D    -2  -6  -1   8  -7  -5  -3  -2   0  -7  -7  -5  -1  -2  -6  -5  -5  -7  -2  -7    4   0   2  80   0   0   0   3   2   0   0   0   2   2   0   0   0   0   2   0  2.24 0.88
  158 E    -2   2  -2  -2  -2   2   2  -3  -1   0   1   1  -1  -2   0  -2  -1  -1  -1   1    3  11   1   1   1  12  15   2   1   5  13  10   1   2   5   2   3   1   2  10  0.18 0.17
  159 I    -4  -5  -5  -5   2  -5  -5  -1  -5   6   1  -5   1   0  -5  -4  -4  -5  -4   3    1   1   0   1   4   0   1   5   0  52  11   1   2   3   1   1   1   0   0  15  1.18 0.48
  160 V    -3  -1  -4  -5   0  -3  -4  -4  -4   3   2  -2  -1  -2  -4  -3   0  -4  -1   4    2   4   0   0   2   1   1   1   0  17  21   3   1   1   0   1   6   0   2  35  0.66 0.35
  161 E     1   2  -1  -1  -1   4   1  -2  -2  -3  -3   2  -2  -4  -1   1  -1   0  -3  -3   12  13   3   3   1  17   9   3   1   1   2  11   1   0   3  13   2   1   1   2  0.35 0.26
  162 F    -2  -4  -4  -4  -4  -4  -4  -2  -3   2  -1  -4  -1   7  -4  -3  -3   1   2   2    3   1   1   1   0   1   1   3   0   9   5   1   2  44   1   1   1   2   6  15  1.03 0.41
  163 G     0  -2   1   1   1  -2  -1   5  -2  -3  -3  -2  -1  -4  -3  -2  -2  -4  -4  -2    7   2   6   8   3   2   4  49   1   2   3   2   2   1   1   2   2   0   1   3  0.75 0.34
  164 S    -1  -2   2   2  -2  -1  -1   3   0  -3  -4  -1  -2  -4   0   3   1  -2  -1  -2    5   2   9  10   1   2   4  20   3   1   1   3   1   1   4  20  11   1   2   2  0.33 0.23
  165 V     0  -2  -3  -3  -2  -2  -2  -2  -2   4   1  -1   0  -1  -4  -2  -1  -1  -2   4    8   2   1   1   1   2   2   3   1  21  12   4   2   2   0   3   3   1   1  30  0.41 0.26
  166 N    -1  -2   4   3  -3  -1   0  -2   3  -3  -4   0  -3  -3   0   0   2  -2  -2  -2    4   2  23  18   1   2   5   2   7   1   1   6   1   1   4   6  12   1   1   2  0.50 0.33
  167 T     2  -2  -1  -2  -2  -1  -2   3   0   1  -2   0  -2  -2  -1   0   0   1  -2   1   16   2   2   2   1   2   1  21   2   8   4   5   1   2   2   8   5   2   1  11  0.20 0.18
  168 Q     0   1   0   0  -2   2   1   0   0  -2  -2   1  -2  -3  -1   1   2  -3  -2  -1    8   6   4   5   1   9  11   9   2   2   3   8   1   1   2  10  12   0   1   4  0.16 0.16
  169 N    -1  -2   5   1  -3  -2   0  -1  -2  -2  -4   0  -3  -4   1   1   2  -6  -3  -3    5   2  27   7   1   1   6   6   1   2   1   5   0   1   8  12  13   0   1   2  0.52 0.36
  170 F    -1  -2  -2  -4  -4  -1  -3  -3   5   2  -1  -4   0   4   0  -1  -1   0   1   2    5   2   1   1   0   3   1   3  12  11   6   0   2  16   5   5   4   1   5  16  0.41 0.27
  171 Q     0   2   2   2  -5   1   2  -1   0  -3  -3   1  -2  -3  -1   1   0  -5  -1  -3    6  10  10  10   0   5  13   4   2   1   3  10   1   1   4  11   7   0   2   1  0.25 0.22
  172 S    -1   0   2   3  -1   0   0   0   0  -4  -2  -1  -3  -3  -2   3   1  -3  -2  -3    4   6  10  15   1   3   6   8   3   1   5   3   0   1   2  19   8   0   1   1  0.29 0.25
  173 L    -4  -2  -5  -5  -3  -2  -5  -5  -4  -1   4  -6   3   3  -3  -3  -3   7   0   0    2   3   1   1   1   2   1   1   0   3  43   0   6   9   1   2   1  13   3   6  0.99 0.53
  174 H     0   1   0   1   0   4   1  -1  -1  -4  -4   1  -1  -3  -1   1   0  -3  -1  -3    6   7   4   6   2  21  10   6   1   1   2   8   1   1   3  10   6   0   2   1  0.34 0.28
  175 N     2   1   1   3  -4   3   2  -2  -1  -3  -3   0  -2  -2  -1   0  -1  -5  -3  -3   16   7   6  16   0  12  11   2   1   1   3   6   1   2   3   5   4   0   1   2  0.32 0.27
  176 I    -2  -6  -6  -6  -5  -5  -5  -6  -4   3   4  -6   3   2  -5  -3  -3   2  -4   4    3   0   0   0   0   0   1   0   1  17  35   0   6   7   1   2   1   2   0  23  0.94 0.49
  177 G     3   0  -2  -3  -4   1  -1   0  -1   0  -2  -1  -1  -3   0   1  -1  -5  -2   2   25   5   1   1   0   8   3   6   2   6   4   3   1   1   4  10   4   0   1  15  0.24 0.23
  178 S     2   1   1   1  -4   1   2  -1  -1  -4  -2   0  -1  -4  -2   1   1  -5  -3  -2   17   8   6   9   0   7  14   5   1   1   3   5   1   1   2  11   7   0   1   2  0.26 0.24
  179 V     1  -2  -4  -4   0  -2   0  -4  -2   3   2  -2   1   0  -3  -3   0  -2   1   3   11   3   0   1   2   1   7   1   1  14  17   2   3   4   1   1   5   0   5  20  0.31 0.24
  180 V     0   0   0   0   2   1   0   0  -2   0   0   0   1   0  -2   0   0  -3  -2   0    6   6   6   6   6   6   6   6   0   6   6   6   6   6   0   6   6   0   0   6  0.03 0.08
  181 Q     1   1   0  -1   0   4   0  -1   1  -2  -2   1   0  -2  -1   0  -1   1  -1  -2   10   8   3   3   2  20   5   4   3   3   3   7   3   2   3   8   4   2   2   2  0.22 0.26
  182 H     0   0   1   0  -4   1   2  -1   2  -2  -1   0   0  -1  -1   1   1   1   0  -1    8   5   6   4   0   6  13   5   6   2   5   6   2   3   2   8   9   2   3   3  0.10 0.13
  183 S     0   1   4  -3  -1  -1  -2  -2   3  -3  -3   0   1  -2  -2   3  -1   0  -1  -2    7   6  20   2   2   3   3   3   6   2   3   5   3   2   3  20   4   1   3   3  0.45 0.33
  184 E     1  -1  -3  -1  -2   1   3  -2  -1   1  -2  -1   0  -3   4  -3  -2  -1  -2   0   10   3   2   3   1   5  15   4   1   7   5   5   3   1  21   2   3   1   2   7  0.36 0.31
  185 G    -3  -2   3   2 -10  -3   0   6  -1  -4  -6  -4  -9  -3  -4  -2  -3 -10  -3 -10    3   2  12  12   0   2   6  47   1   1   1   2   0   1   1   3   2   0   1   0  1.17 0.69
  186 K    -2   3   0   0  -1   3   1  -3   0  -3  -4   4  -1  -3  -4  -1   0  -7  -3  -2    3  13   4   4   1  15   8   2   2   2   2  26   1   1   1   5   6   0   1   3  0.55 0.42
  187 P     0  -1  -1  -2  -2   1   2  -2  -2  -3  -4   1  -2  -7   5   0   2  -7  -2  -3    6   3   3   2   1   5  14   3   1   2   2   7   1   0  28   6  11   0   1   2  0.58 0.46
  188 L    -3  -4  -7  -8  -6  -3  -5  -8  -2   5   3  -7   2  -2  -4  -4  -1  -7  -3   4    3   1   0   0   0   1   1   0   1  31  23   0   4   2   1   1   3   0   1  28  1.11 0.61
  189 N    -1   1   0   0  -3   0   2  -3   1  -2  -2   1  -2  -4   3   1   2  -6  -3  -1    4   6   5   5   1   4  11   1   3   2   3   9   1   1  15  10  13   0   1   4  0.31 0.30
  190 V    -4  -7  -7  -5   0  -3  -7  -4  -7   4   3  -7   2   1  -4  -5  -3  -6  -3   5    1   0   0   1   2   1   0   2   0  19  23   0   5   6   1   1   1   0   1  36  1.06 0.58
  191 T    -2   0  -2  -1  -2   0   1  -3  -2   1  -1   1  -2  -3  -5   0   4   1  -3   2    3   5   1   3   1   5   8   2   1   6   7   9   1   1   0   5  23   2   1  16  0.31 0.30
  192 V    -3  -7  -8  -8  -2  -7  -7  -8  -8   4   0  -7  -2  -2  -7  -7  -4  -1   0   6    2   0   0   0   1   0   0   0   0  22   7   0   1   1   0   0   1   1   3  60  1.72 0.83
  193 I    -2   1  -2  -1  -1   0   2  -4  -4   1   3   0   1  -1  -5  -2  -2   1  -2   1    2   9   2   3   1   5  14   1   0   9  25   6   3   3   0   3   2   2   1   9  0.27 0.24
  194 R    -5   8  -4  -7  -8  -1  -4  -5  -2  -8  -7  -2  -7  -8  -7  -3  -6  -8  -7  -7    1  87   1   0   0   2   1   1   1   0   0   2   0   0   0   2   0   0   0   0  2.77 1.22
  195 R    -1   1   3   4  -6   2   1   2   1  -6  -5   0  -3  -3  -2  -1  -3  -3  -2  -4    4   7  16  21   0   9   7  15   3   0   1   4   1   1   2   5   1   0   1   1  0.53 0.37
  196 G    -1  -2   1   1  -6  -1   0   5  -2  -4  -4  -2  -4  -4  -3  -1  -1  -6  -2  -3    4   3   8   9   0   2   6  49   1   1   2   2   0   1   1   4   4   0   1   2  0.87 0.51
  197 E     0   2   0  -1  -5   3   4  -2  -1  -2  -3   2  -3  -5  -4   0   0  -6  -4  -2    7  11   4   3   0  12  23   2   1   2   2  14   1   0   1   6   5   0   0   3  0.46 0.37
  198 K    -1   1  -1   0  -4   1   2  -3  -2   0   0   0  -1  -2   2  -1   2  -3  -1   0    3   8   2   5   0   5  15   1   1   6   9   6   2   2   9   4  13   0   2   7  0.16 0.18
  199 H    -2   1  -3  -3  -4   0  -3  -4   1   3   2   0   2   0  -4  -2  -2  -4  -1   3    3   8   1   1   0   5   1   1   3  14  22   7   6   3   1   2   2   0   2  18  0.34 0.27
  200 Q    -2   1   1   2  -3   2   2  -3   1  -3  -3   0  -2  -3  -1   0   3  -5  -2  -2    3   8   8  11   1   9  15   1   3   2   2   6   1   1   3   7  17   0   1   3  0.32 0.29
  201 L    -3  -5  -6  -7  -2  -6  -6  -7  -4   3   5  -3   0   1  -6  -5  -1  -5  -2   3    2   1   0   0   1   0   0   0   0  13  51   2   2   6   0   1   4   0   1  16  1.04 0.55
  202 R    -1   0   1  -1  -2   1   2  -3   0  -1  -2   1  -1  -2  -2   1   4  -2  -2  -1    3   5   6   2   1   5  12   1   2   4   3   9   2   2   2  12  24   0   1   4  0.29 0.29
  203 L    -1  -6  -6  -7  -3  -6  -5  -6  -6   3   4  -6  -1  -2  -5  -5  -3  -6  -3   4    5   0   0   0   0   0   1   1   0  16  40   0   1   2   1   1   1   0   1  30  1.11 0.58
  204 V    -3   0  -5  -4  -2  -3  -4  -5  -1   1  -3   0  -2  -3  -5  -3   6  -6  -2   3    2   5   0   1   1   1   1   1   1   8   2   5   1   1   0   2  49   0   2  17  1.05 0.63
  205 P    -5  -4  -5  -6  -7  -4  -6  -5  -7  -5  -3  -5  -7  -7   9  -4  -5  -7  -7  -5    1   1   1   0   0   1   0   1   0   1   3   1   0   0  87   1   1   0   0   1  2.91 1.26
  206 T    -1   5  -1  -2  -4   3   1  -2   0  -4  -4   2  -2  -4  -5   0   0  -6  -3  -3    6  32   3   2   0  11   9   2   2   1   1  14   1   0   0   7   6   0   1   1  0.65 0.43
  207 R    -1   3   1  -1  -2   1  -1  -2  -2  -2  -2   3  -2  -4   3   0   0  -5  -3  -2    5  18   7   3   1   6   4   3   1   2   4  17   1   1  13   6   6   0   1   3  0.36 0.28
  208 W    -3  -2  -2  -1  -7  -1  -3  -4  -4  -3  -4  -2  -4  -2   1  -5  -4  11  -2  -1    2   3   2   4   0   3   2   1   0   1   2   3   0   1   7   1   1  58   1   5  2.43 1.06
  209 A     0  -1   2   1  -2   1   2   3   0  -5  -5  -1  -4  -4   0   2  -1  -5  -5  -3    9   3   9   8   1   6  12  22   2   0   1   3   0   0   5  16   3   0   0   1  0.40 0.32
  210 G    -3  -7  -1  -1  -2  -6  -1   7  -2  -5  -8  -3  -7  -8  -7  -3  -3  -7  -7  -6    2   0   3   4   1   0   5  77   1   1   0   2   0   0   0   1   2   0   0   0  1.90 0.89
  211 K    -2   5   1  -2  -4   2   0  -1   0  -4  -4   3  -2  -6   0  -1  -2  -6  -4  -2    3  34   6   2   0  10   5   5   2   1   1  15   1   0   4   5   2   0   0   3  0.65 0.44
  212 G    -3  -7  -2  -2  -7  -4  -6   7  -6  -5  -5  -4  -4  -4  -3  -3  -4  -2  -2  -2    2   0   2   3   0   1   0  79   0   1   1   1   0   1   2   1   1   1   2   3  1.87 0.87
  213 L     0   0  -4  -4  -3  -3  -4  -6  -2   0   5  -4   2   0  -2  -2  -3  -2   0   0    7   5   1   1   0   1   0   0   1   4  52   1   5   4   3   4   1   0   3   6  0.69 0.44
  214 L    -4  -7  -7  -8  -2  -4  -7  -8  -7   4   6  -7   0   0  -7  -7  -3  -6  -5   0    1   0   0   0   1   1   0   0   0  18  68   0   2   3   0   0   1   0   0   5  1.55 0.73
  215 G    -5  -3  -6  -7  -8  -7  -7   8  -7  -9  -8  -7  -8  -8  -7  -6  -7  -8  -8  -8    0   2   0   0   0   0   0  96   0   0   0   0   0   0   0   0   0   0   0   0  2.85 1.14
  216 C     0  -6  -5  -6   9  -5  -6  -5  -5   3  -1  -5   0   0  -5  -4  -4  -5  -2   2    9   0   0   0  49   0   1   1   0  14   4   0   2   4   0   1   0   0   1  12  1.77 0.68
  217 N    -2   2   1  -2  -5   2  -2   0   7  -4  -2   0  -2  -1  -4   0  -2  -1  -1   0    2  13   7   2   0  11   1   8  25   0   3   5   1   3   0   7   3   1   1   6  0.57 0.36
  218 I    -4  -6  -7  -7  -5  -6  -7  -7  -6   6   3  -6   1   3  -4  -4  -4   0  -2   2    1   0   0   0   0   0   0   0   0  41  27   0   3  14   1   1   0   1   1  10  1.19 0.55
  219 I    -1  -1  -1  -2  -3   1  -1  -4  -2   1   2  -1   2  -3  -3   0   1  -4  -2   3    4   3   3   2   0   6   3   0   1   7  20   4   5   0   1   7   9   0   1  25  0.24 0.23
  220 P    -1  -5  -6  -4  -7  -5  -2  -7  -7  -4  -4  -4  -7  -4   8  -1  -6  -8  -7  -7    4   0   0   1   0   0   2   0   0   1   2   1   0   1  82   5   0   0   0   0  2.54 1.00
  221 L    -3  -4  -6  -6  -2  -5  -6  -6  -3   3   4  -5   2   2  -6  -5  -4  -4   3   1    1   1   0   0   1   0   0   0   1  15  49   0   5   7   0   0   0   0  11  10  0.96 0.46
  222 Q    -3   2  -1  -2  -5   4   4  -3   1  -3  -3   3  -3  -5  -2  -2  -3  -5  -4  -3    0   8   2   0   0  21  34   2   4   2   2  22   0   0   1   1   0   0   0   1  0.76 0.35
  223 R    -3   6  -2  -3  -5   4  -1  -4  -2  -5  -4   3  -3  -5  -3  -2  -2  -4  -3  -4    0  68   0   0   0  20   0   0   0   0   0  13   0   0   0   0   0   0   0   0  1.21 0.30

                      K         Lambda
Standard Ungapped    0.1296     0.3133
Standard Gapped      0.0388     0.2670
PSI Ungapped         0.1267     0.3171
PSI Gapped           0.0388     0.2670
