
Last position-specific scoring matrix computed, weighted observed percentages rounded down, information per position, and relative weight of gapless real matches to pseudocounts
            A   R   N   D   C   Q   E   G   H   I   L   K   M   F   P   S   T   W   Y   V   A   R   N   D   C   Q   E   G   H   I   L   K   M   F   P   S   T   W   Y   V
    1 M    -3  -4  -5  -5  -3  -3  -4  -5  -4   0   2  -4   9  -2  -5  -4  -3  -4  -3   2    0   0   0   0   0   0   0   0   0   0  18   0  66   0   0   0   0   0   0  16  1.45 0.49
    2 A     4  -2  -3  -4  -4   0  -3   3  -4  -4  -4  -2  -2  -5   3   0  -1  -5  -4  -3   46   2   0   0   0   5   0  22   0   0   0   1   1   0  15   6   2   0   0   0  0.81 0.44
    3 K    -3   2  -4  -3  -4  -1   1  -2  -4  -6  -6   6  -2  -4   2  -3  -3  -6  -5  -4    1  11   0   1   0   1   7   2   0   0   0  61   1   1  11   1   1   0   0   1  1.28 0.66
    4 G    -1   3  -4  -4  -6  -1  -1   1  -2  -6  -5   6  -3  -5  -2  -1  -3  -6  -5  -5    5  14   0   0   0   2   2  11   1   0   1  56   1   0   2   4   1   0   0   0  1.15 0.64
    5 D    -2  -3  -1   7  -4  -2  -2  -5   1  -2  -7  -1  -6  -7  -3  -2  -4  -8  -5  -3    4   1   2  73   0   1   1   0   4   3   0   3   0   0   2   3   1   0   0   2  1.75 0.84
    6 P    -1  -3  -4  -2  -7  -4  -3  -3  -6  -5  -4  -1  -3  -8   8  -1  -3  -8  -5  -3    5   1   1   2   0   1   2   2   0   1   2   4   1   0  71   4   2   0   0   2  1.99 0.94
    7 K    -3   0   6   2  -6  -1  -1  -1  -2  -5  -4   3  -2  -5  -2  -1  -1  -7  -5  -4    2   4  41  12   0   2   4   4   1   0   2  16   1   0   2   4   3   0   0   1  0.88 0.55
    8 K     4   2  -4  -4  -3  -1  -2  -2  -2  -4  -2   4   1  -2   0  -2  -3  -6  -2  -3   36   9   0   0   1   2   2   2   1   0   4  30   3   2   4   2   1   0   1   1  0.72 0.52
    9 P    -6  -6  -8  -7  -8  -7  -7  -5  -8  -5  -3  -5  -8  -9   9  -5  -5  -9  -5  -4    0   0   0   0   0   0   0   1   0   1   3   0   0   0  90   1   1   0   0   2  3.07 1.35
   10 K    -3   3  -4  -6  -8  -3  -2  -5  -4  -8  -5   7  -4  -8  -3  -2  -4  -8  -7  -6    2  13   1   0   0   1   2   1   0   0   1  75   0   0   1   3   1   0   0   0  2.01 1.01
   11 G    -2   7  -3  -4  -7   1  -4   2  -2  -7  -7   3  -4  -7  -2  -2  -4  -7  -6  -6    3  51   1   1   0   6   0  14   1   0   0  16   0   0   2   3   1   0   0   0  1.38 0.77
   12 K     2   0  -1  -6  -5  -4  -5  -3  -6  -7  -6   1  -4  -2   7  -3  -4  -8  -3  -4   14   5   4   0   0   0   0   2   0   0   0   9   0   2  58   2   1   0   1   1  1.62 0.88
   13 M    -1   0  -3  -4  -2  -1  -4  -3  -3   0   3   0   5  -3   2  -1   0  -3  -3  -1    4   5   1   0   1   3   0   2   0   4  24   7  18   1  13   5   7   0   1   4  0.46 0.38
   14 S    -3  -4   2  -3  -4  -4  -4  -3  -5  -6  -6  -4  -3  -7  -3   6   4  -7  -6  -6    1   0   9   1   0   0   1   2   0   0   0   1   0   0   1  54  28   0   0   0  1.46 0.88
   15 A     6  -6  -3  -6  -1  -5  -5   1  -6  -6  -6  -4  -2  -7   2   2  -2  -7  -6  -3   59   0   1   0   1   0   0   9   0   0   0   1   1   0  11  14   2   0   0   2  1.27 0.77
   16 Y    -6  -7  -7  -8  -8  -6  -7  -8  -3  -4  -4  -6  -3   6  -8  -6  -7   2   9  -5    1   0   0   0   0   0   0   0   0   1   1   1   1  30   0   0   0   2  62   1  2.71 1.21
   17 A     1  -5  -1  -4  -1   0  -4  -3  -5   2   1  -5   6   5  -6  -3  -2  -4  -3   0   11   0   3   1   1   4   0   2   0  13  15   0  18  23   0   1   2   0   0   5  0.75 0.49
   18 F    -3   1  -2  -6   1  -3  -5  -6   1   2   3  -3   0   5  -5  -5  -3   2   2  -1    1   7   2   0   2   1   0   0   3  12  31   1   2  21   0   0   1   3   8   4  0.69 0.44
   19 F    -5  -8  -8  -8  -8  -8  -8  -8  -6  -6  -4  -8  -6   9  -8  -7  -7   4   4  -6    1   0   0   0   0   0   0   0   0   0   1   0   0  78   0   0   0   6  13   0  2.97 1.26
   20 V    -1  -5  -2  -5   5  -2  -5  -3  -3   0   1  -4   3   1  -5   1   0  -3   1   3    5   0   2   0  13   2   0   2   0   5  14   0   8   6   0  13   5   0   4  19  0.48 0.38
   21 Q     0   1   3   0  -5   3   0  -2  -1  -3  -3   3   2  -4  -5   1  -1  -6  -5  -3    9   6  16   4   0  16   7   2   1   1   3  16   5   0   0   8   3   0   0   2  0.46 0.40
   22 T     0  -2  -1   4  -4   0   4  -4   0  -3  -3   0   0  -5  -5   0   0  -1  -3  -2    8   1   3  21   0   3  31   1   3   1   2   4   3   0   0   7   7   1   1   2  0.62 0.48
   23 C    -2   1   1  -4   4   1   1  -5   2   0  -3   2   2   2  -4  -2  -2  -2   1  -1    3   8   7   0  10   6  10   0   5   6   1  14   5  10   0   3   2   1   4   5  0.34 0.31
   24 R    -4   8  -5  -4  -3  -2  -4  -6   0  -6  -3  -1  -2  -1  -6  -5  -5   3   0  -5    1  72   0   1   1   2   1   0   2   0   3   3   1   3   0   1   1   4   4   1  1.94 1.00
   25 E     1  -2   0   2  -5   0   4  -2  -1  -4  -4   1  -3  -6   3  -1  -2  -6  -4  -3   12   1   4  11   0   4  28   3   1   1   2  10   0   0  13   4   2   0   1   2  0.55 0.43
   26 E    -1   1   1   0  -4   2   4  -3  -2  -3  -3   3  -3  -4  -3  -1   0  -2  -4  -3    4   7   7   4   0  10  31   2   1   2   2  18   0   1   1   4   5   1   0   1  0.61 0.47
   27 H    -2  -3  -4  -5  -1  -1  -2  -3   3   3   2  -3   1   2  -4  -4  -2   0   2   3    3   1   1   0   2   3   3   2   8  18  19   1   4   7   1   1   1   1   7  18  0.47 0.33
   28 K    -1   2  -2  -3  -3   0  -1  -4  -3  -2  -1   6   0  -6  -5  -1  -3  -6  -3  -1    4  11   2   1   1   4   3   1   1   3   5  50   3   0   0   3   1   0   1   6  0.92 0.60
   29 K     1   1   0   0  -5   1   2  -2  -3  -4  -3   4   0  -4  -2   0  -1  -5  -1  -3   13   8   3   5   0   6  12   3   0   1   3  29   2   0   1   6   3   0   2   2  0.44 0.37
   30 K     0   0   0   1  -3   2   4  -2  -2  -2  -2   3  -1  -3  -3   0  -1  -3  -4  -3    8   5   3   7   0   9  28   2   0   2   3  16   2   1   1   5   4   0   0   1  0.45 0.37
   31 N    -3  -1   5  -1  -1   0  -1   0   6  -2  -2  -2  -1  -1  -3  -1  -2  -5   2  -2    1   3  31   3   1   3   3   8  17   2   4   2   2   2   1   4   2   0   7   2  0.69 0.47
   32 P    -3  -2  -1  -1  -5  -3   0  -3  -2  -5  -3  -1  -5  -4   7  -2  -3  -5  -3  -4    2   2   3   4   0   1   7   2   1   1   3   4   0   1  61   3   1   0   1   1  1.59 0.81
   33 E    -2  -2   2   4  -4   0   3   2  -1  -4  -3   0  -4  -4  -1   0  -2  -2  -3  -3    2   1  10  24   0   4  19  15   1   1   3   4   0   1   3   6   2   1   1   2  0.54 0.36
   34 V     1  -1  -1  -1  -1   0   1  -1  -2   1   0  -1   3  -1  -1   0   0   0  -1   0   14   3   2   4   1   3  10   5   1  10  10   4   9   2   2   5   5   1   2   6  0.06 0.10
   35 P     0   0   0   0  -2   0   0   0  -1  -2  -2   2  -2  -3   2   2   1  -3  -2  -2    7   4   5   4   1   4   6   8   2   1   3  16   1   1   9  16   9   0   2   2  0.19 0.17
   36 V     0  -1  -1  -1  -1  -1  -1  -1  -2   1   1   0   1   0   0  -1  -1  -1  -1   2    5   2   2   4   1   3   5   5   1   7  18   6   3   5   5   5   3   1   2  19  0.06 0.09
   37 N    -1   0   2   1  -3   0   0   0  -1  -2  -3   1  -2  -3   0   2   2  -4  -2  -1    4   4  11   7   0   4   5   6   1   2   2  11   1   0   4  20  12   0   2   5  0.23 0.23
   38 F    -1  -3   1  -2  -3   0  -2  -1  -1   0   0  -2   2   5  -2  -1  -1  -2   0   0    6   1   6   2   0   4   3   5   2   6   7   3   6  29   2   5   3   0   3   7  0.32 0.25
   39 A     1   0   0  -1  -3   0   0   1   1  -2  -2   0  -1  -2   1   1   2  -3  -2  -1   14   5   3   2   0   3   4  11   4   2   4   6   2   1   7   9  15   0   1   5  0.14 0.15
   40 E    -1  -2  -2   4  -1   2   5  -4   0  -4  -4  -1  -3  -3  -4  -3  -2  -5  -2  -4    5   2   1  21   1   8  46   1   2   1   1   3   1   1   1   1   2   0   1   1  0.98 0.62
   41 F    -1  -3  -4  -2  -1  -2  -4  -3  -2   3   2  -1   3   3  -4  -2  -2   2  -1   2    4   1   0   2   1   2   0   1   1  22  16   3   6  14   0   3   1   3   1  18  0.44 0.32
   42 S     2  -2   0  -2  -1  -2  -2   1  -3  -1  -2  -1   1  -2  -1   3   2  -4  -2  -1   19   1   4   1   1   1   2   9   0   4   3   3   5   2   2  27  11   0   1   5  0.31 0.31
   43 K    -2   3   0  -1  -6   0  -2  -3  -2  -5  -4   6  -4  -3  -1   0  -2  -6  -3  -4    4  14   4   4   0   3   2   2   1   0   2  51   0   1   3   7   2   0   1   1  0.96 0.61
   44 K     0   0  -2  -1  -2   0   1  -2  -1   1   1   2   1  -2  -1  -1  -1  -4  -1   0    9   5   1   4   1   3  12   2   1  11  14  18   4   1   2   4   2   0   2   5  0.13 0.18
   45 C     1  -3  -4  -3   6  -2  -3  -2  -4   2   2  -2   1  -1  -1  -1  -1  -4  -2   1   11   1   0   2  16   1   1   4   0  12  25   2   3   2   3   4   3   0   1   8  0.40 0.30
   46 S     2  -1   0   0  -4  -1  -2   4  -1  -4  -3  -1  -1  -4  -4   2  -1   0  -2  -3   19   3   4   6   0   3   2  28   1   0   2   3   2   0   0  18   3   1   1   2  0.46 0.36
   47 E     0   0   0   0  -1   1   4  -2  -1  -2  -2   2  -1  -2  -1  -1  -1  -5  -2  -2   10   4   4   5   1   6  32   2   1   2   4  11   2   1   3   3   2   0   1   3  0.37 0.32
   48 R     0   4  -1   0  -4   2   1  -2   0  -2  -2   3   2  -2  -1  -1  -2  -4  -1  -2    8  21   2   4   0   8   8   3   2   3   4  17   6   2   2   4   2   0   2   3  0.30 0.27
   49 W    -4  -3  -1  -3  -6   0  -3  -4  -1  -2  -4  -2   1   0  -7  -2  -6  11   1  -4    2   2   3   2   0   4   2   2   2   3   2   2   3   3   0   4   0  58   5   2  2.43 1.11
   50 K     0   1   1   1  -2   1   1   0   2  -1  -1   1   1  -2  -2   0   0  -3  -2   0    7   7   7   7   0   7   7   7   7   0   7   7   7   0   0   7   7   0   0   7  0.09 0.10
   51 T     0   0   0   0  -2   0   0   0   1   0  -1   0   1   0   0   0   0  -2   1   0    5   5   5   5   0   5   5   5   5   5   5   5   5   5   5   5   5   0   5   5  0.00 0.06
   52 M     0   0  -2  -2   2   1   0   0  -2   0   0   0   1   0   1   0   0  -2  -2   0    7   7   0   0   6   7   7   7   0   7   7   7   6   6   7   7   7   0   0   7  0.05 0.10
   53 S    -1  -2   1   3  -1  -2  -1  -2   0  -3  -4  -1  -2  -3   1   4   2  -5  -4  -3    4   1   6  15   1   1   2   2   2   1   2   4   1   1   8  35  11   0   0   1  0.52 0.46
   54 G     1  -1   0   3  -1   0   2  -1   0  -2  -2   0  -1  -2   2  -1   0  -4  -2  -1   13   3   4  16   1   4  17   5   2   2   4   5   1   1  10   4   4   0   1   4  0.24 0.24
   55 K     0   0   0   1  -3   1   2   0   0  -1  -1   2  -2  -1  -1   1   0  -3  -1  -1    7   3   3   7   0   6  15   6   2   3   6  16   0   2   2  10   5   0   2   4  0.14 0.17
   56 E    -1   1   0   1  -3   1   2  -1   1  -1  -1   1   0  -1   0   0  -1  -3   0  -1    4   9   4  10   0   5  16   4   4   3   4  11   3   3   4   5   3   0   3   5  0.14 0.15
   57 K     0   0   0   0   2   1   0   0   1   0  -1   0   1  -2   1   0   0  -3  -2   0    6   6   6   6   6   6   6   6   6   6   6   6   6   0   6   6   6   0   0   6  0.06 0.09
   58 S     1   1   0   0  -5   3   2  -1  -1  -2  -3   3  -1  -3  -1   0  -1  -6  -2  -3   12   6   4   4   0  12  11   6   1   2   2  21   1   1   3   6   4   0   1   2  0.34 0.32
   59 K    -1   2   0  -2  -1   0   1  -4   0  -2  -3   4   0  -2   4  -1  -1   2  -1  -1    4   9   4   2   1   4   7   1   2   2   3  22   2   2  18   4   4   2   2   5  0.42 0.36
   60 F    -3  -2  -1  -2   0  -2  -2  -3   0  -1  -2  -2   0   4   0  -1  -3   4   6  -3    2   2   3   3   2   2   2   3   2   3   3   3   2  17   5   5   2   5  31   2  0.82 0.55
   61 D    -1   0   0   0   0   1   2  -1   1   0  -1   0   0  -1  -1   0   0  -3   0   0    4   4   6   5   3   7  17   3   4   6   4   6   3   3   3   6   7   0   4   7  0.09 0.13
   62 E    -1   0   0   0  -3   0   0  -1   1   0  -1   0   1   0   0   0   0   3   1   0    5   5   5   5   0   5   5   5   5   5   5   5   5   5   5   5   5   5   5   5  0.06 0.08
   63 M     0   1  -1   0  -5   1   0  -2   0   0   0   2   2  -1   0  -1  -1   2   0  -1    7   7   3   4   0   7   7   3   3   6   9  12   6   3   4   4   4   3   3   4  0.11 0.11
   64 A    -1   0   0   0   2   0   0  -1   2   0  -1   0   2   1   0  -1   0   4   1  -1    5   5   5   5   5   5   5   5   5   5   5   5   5   5   5   5   5   5   5   5  0.09 0.08
   65 K     0   2   0   0  -6   2   1  -2   2  -1  -2   3   1  -1   0  -1  -1  -6   0  -1    7  10   4   4   0   7   8   4   4   4   5  16   4   3   5   5   4   0   3   4  0.19 0.17
   66 A     0   1  -1   0   0   1   2  -1   0  -1  -1   2   0  -2  -1   0   0  -4  -1  -1   10   7   3   4   2   5  13   5   2   4   5  15   2   2   3   7   5   0   2   4  0.11 0.14
   67 D    -1  -1   1   4   0   0   2  -1   2  -2  -1   0   0  -4  -1  -1  -2  -5  -1  -2    5   4   6  26   2   4  11   5   5   2   6   7   2   0   3   4   2   0   2   3  0.32 0.28
   68 K    -1   0   0   0   2   0   0  -1   2   0  -1   0   2   0   0  -1   0   3   1  -1    5   5   5   5   5   5   5   5   5   5   5   5   5   5   5   5   5   5   5   5  0.03 0.09
   69 V     1   0  -1   0  -5   1   3  -2  -1  -2  -2   2   1  -2   0  -1   0  -5  -4  -1   14   5   3   5   0   7  20   3   2   3   4  10   4   1   5   5   5   0   0   5  0.25 0.27
   70 R    -1   5  -1  -2  -2   1   2  -3  -1  -1  -3   2  -2  -5  -2  -1  -1   0  -3  -1    5  29   3   2   1   5  12   2   1   4   2  14   1   0   2   5   3   1   1   4  0.51 0.41
   71 Y    -3  -2  -2  -3  -1  -2  -2  -3   2  -3  -2   1   0   2  -3  -3  -2   2   8  -3    3   2   2   2   1   2   3   3   4   2   4   8   2   8   2   3   3   2  44   2  1.17 0.70
   72 D    -1   0   0   0  -3   0   0  -1   1   0  -1   0   1   0   0   0   0   3   1   0    5   5   5   5   0   5   5   5   5   5   5   5   5   5   5   5   5   5   5   5  0.06 0.08
   73 R     0   0   0   0   2   0   0  -1   2   0  -1   0   1  -2   0   0   0   3   1   0    5   5   5   5   5   5   5   5   5   5   5   5   5   0   5   5   5   5   5   5  0.07 0.11
   74 E     0   0   0   0  -4   1   3  -1   1  -1  -1   1   1   0  -1  -1  -1  -4   0  -1    7   4   4   4   0   5  26   4   3   3   7   7   3   3   3   4   4   0   3   5  0.18 0.21
   75 M    -1   0   0   0   0  -1   0  -1   1   0   0   2   5  -1   0  -1  -1  -4   0  -1    6   5   4   4   2   2   5   4   3   5   8  11  20   2   4   5   3   0   3   4  0.22 0.26
   76 K     1   0   0   0  -4   1   2   0   0  -2  -2   2   0  -4   0   0   0  -4  -1  -1   12   5   4   6   0   7  12   6   2   2   3  14   3   0   5   7   4   0   2   5  0.14 0.17
   77 D    -1   0   0   0   2   0   0  -1   2   0  -1   0   2   0   0  -1   0   3   1  -1    5   5   5   5   5   5   5   5   5   5   5   5   5   5   5   5   5   5   5   5  0.03 0.09
   78 Y    -1  -1  -1  -2   1  -1  -2  -2   1  -2  -3  -1   1   2  -1   0  -1   3   6  -2    6   4   3   3   3   3   4   4   3   3   3   4   3   7   4   7   5   3  26   3  0.53 0.38
   79 G    -1   1   0   0  -6   0   0  -1   1   0  -3   3   2  -2   0  -1  -1   2  -1   0    5   6   5   5   0   4   7   5   3   5   3  18   5   2   5   4   5   3   3   7  0.19 0.17
   80 P     0   0   0   0   2   0   0   0   1   0  -1   0   1   0   1   0   0  -3  -1   0    6   6   5   6   5   5   6   6   5   6   6   6   5   5   6   6   6   0   0   6  0.03 0.07
   81 A     0   1   0  -1   1   1   0  -1   1  -1  -2   2   0  -1   2  -1   1   2  -1  -2    6   7   5   4   3   5   6   5   3   3   4  11   3   3   9   5   9   3   3   3  0.11 0.11
   82 K    -1   0   0   0   2   0   0  -1   2   0  -1   0   2   1   0  -1   0   4   1  -1    5   5   5   5   5   5   5   5   5   5   5   5   5   5   5   5   5   5   5   5  0.09 0.08
   83 G    -1   0   0   0   2   0   0  -1   2   0  -1   0   2   1   0  -1   0   4   1  -1    5   5   5   5   5   5   5   5   5   5   5   5   5   5   5   5   5   5   5   5  0.09 0.08
   84 G     0   0   0   0  -2   1   0   0   1   0  -1   0   1   0   1   0   0  -2   1   0    6   6   5   6   0   5   6   6   5   6   6   6   5   5   6   6   6   0   5   6  0.03 0.06
   85 K    -1   0   0   0  -3   0   0  -1   1   0  -1   0   1   0   0   0   0   3   1   0    5   5   5   5   0   5   5   5   5   5   5   5   5   5   5   5   5   5   5   5  0.06 0.08
   86 K     0   1   0   0  -3   1   0  -1   1  -1  -1   2   1   0   0   0   0  -3   0  -1    7   8   5   5   0   7   6   4   3   4   4  17   5   4   6   4   4   0   3   4  0.11 0.14
   87 K    -1   0   0   0  -3   0   0  -1   1   0  -1   0   1   0   0   0   0   3   1   0    5   5   5   5   0   5   5   5   5   5   5   5   5   5   5   5   5   5   5   5  0.06 0.08
   88 K     0   1   0  -1   1   0   0  -1  -2  -1  -1   2   0  -1   1   0   0  -3   0  -1    5   9   6   3   4   4   6   4   0   4   5  19   3   3   6   8   5   0   4   4  0.10 0.14
   89 D     0   0   0   0  -2   1   0   0   1   0  -1   0   1   0   1   0   0  -2   1   0    6   6   5   6   0   5   6   6   5   6   6   6   5   5   6   6   6   0   5   6  0.03 0.06
   90 P     0   0   0   0  -2   1   0   0   1   0  -1   0   1   0   1   0   0  -2   1   0    6   6   5   6   0   5   6   6   5   6   6   6   5   5   6   6   6   0   5   6  0.03 0.06
   91 N    -1   0   5   1  -2  -1  -1   2   1  -2  -3   2  -2  -2  -2   0   0  -5  -3  -3    5   5  25   7   1   2   4  14   3   2   2  12   1   2   2   5   6   0   1   1  0.40 0.32
   92 A     3   0  -2  -1   0   0  -1  -2   1  -2  -2   3  -1  -2   0  -1   0   1  -1  -2   22   4   2   3   2   5   4   2   3   2   4  22   2   1   5   4   7   2   2   3  0.27 0.26
   93 P    -2  -1  -2  -2  -6  -1  -2  -2  -5  -4  -4   0  -2  -1   7  -3  -1   0  -5  -2    3   4   2   2   0   3   3   4   0   1   2   5   1   3  57   1   3   1   0   3  1.36 0.75
   94 K    -3   1  -2  -2  -6   2  -1  -4  -1  -3  -3   6   1  -6   1  -1  -1  -6  -5  -3    2   7   2   2   0   7   4   1   1   1   3  49   4   0   7   4   4   0   0   2  0.94 0.60
   95 R    -2   5  -1  -2   0   1  -1  -1   1  -2  -2   4  -1  -5  -1  -1  -2  -5  -1  -3    3  29   3   1   3   5   4   6   3   2   3  22   2   0   3   5   2   0   2   2  0.57 0.42
   96 P     0  -2   0  -5  -1  -1  -3  -2  -1  -3  -3  -1  -1   0   6  -1   0   1  -1  -2    7   3   5   0   1   3   2   4   2   2   2   3   2   4  42   5   6   2   2   2  0.86 0.56
   97 P     0   0   0  -2   0   0  -1   0  -1   0   1   0   3  -1   3   0   0   1  -1  -1    7   5   4   2   2   4   2   6   2   4  13   5   9   2  15   7   4   2   2   5  0.13 0.15
   98 S     0   0   1  -2   1   0  -2   1   1  -1  -1  -1   1  -1   0   2   1  -3   0  -1    5   6   6   0   3   3   0  11   4   3   4   3   6   3   4  20  11   0   3   3  0.13 0.19
   99 G     0  -2   0   0   2   0   0   0  -2   0   0  -2   1   1   1   0   0  -2   1   0    6   0   6   6   6   6   6   6   0   6   6   0   6   6   6   6   6   0   6   6  0.05 0.10
  100 F    -2  -1  -3  -5  -2  -1  -2  -4   1  -1  -3  -1   0   6  -1  -3  -2   0   6  -3    4   4   1   0   1   2   3   1   3   3   2   4   2  31   4   2   2   1  29   2  1.02 0.56
  101 F    -2  -1  -1  -2  -4  -1  -2  -3  -1   1   1  -1   3   4  -4  -2  -1   1   0   1    3   4   3   2   0   3   3   2   1   9  13   4  10  23   0   2   3   2   3   8  0.34 0.26
  102 L    -1   0  -1  -3   1   0  -1  -2   0   1   1  -1   0   1   0  -1  -1   2   1   0    5   6   2   0   4   5   5   2   3  11  18   3   3   8   6   5   2   3   4   6  0.08 0.10
  103 F    -5  -1  -1  -6  -5  -5  -5  -6  -4   0   0  -2  -4   7  -1  -2  -5   6   4  -1    0   3   3   0   0   0   0   0   0   4   7   3   0  43   3   3   0  10  13   4  1.26 0.61
  104 C     0  -2  -1  -4   5  -1  -1  -2   0   0   1  -2   3   2  -4   1   0   2   0  -1    6   2   2   0  14   2   3   2   2   5  12   2   9  11   0  12   4   2   4   4  0.28 0.23
  105 S     0   0   3  -1   0   3   0  -2   1  -2  -2   2   0  -2  -1   1  -1  -1  -1  -2    8   5  16   3   2  14   5   3   3   2   4  12   2   1   2   9   3   1   2   2  0.22 0.24
  106 E     0  -1  -1   4  -5  -1   4  -3   1  -3  -3   0   0  -2  -2   0  -1  -5   0  -3    7   2   2  21   0   2  31   2   3   1   2   5   2   1   1   7   4   0   3   2  0.56 0.44
  107 F    -2   1   1  -1   0   1   1  -3   2  -1  -1   2   1   1  -3   0  -1   1   2  -1    2   8   7   2   2   6  11   0   6   3   4  14   4   7   0   5   3   2   8   6  0.17 0.20
  108 R    -2   7  -4  -4   1   0  -2  -2   0  -2  -3   0   0  -1  -5  -2  -2   1   0  -2    2  54   0   0   3   3   3   3   3   2   3   4   3   3   0   2   2   2   3   2  1.02 0.63
  109 P     0   0   0   0   2   0   0   0   1   0  -1   0   1   0   1   0   0  -3  -1   0    6   6   5   6   5   5   6   6   5   6   6   6   5   5   6   6   6   0   0   6  0.03 0.07
  110 K     0   1   1   0  -2   2   2  -3   0  -2  -2   3  -1  -5  -2   0   0  -2  -3  -2    7   6   6   5   1  11  13   2   2   3   4  22   2   0   1   6   5   1   1   3  0.31 0.29
  111 I    -1  -2  -1  -3  -2  -2  -2  -3   0   3   2  -1   2   1  -1  -1  -1  -4   0   3    5   2   3   1   1   1   2   1   3  17  16   4   6   5   3   4   3   0   4  19  0.26 0.22
  112 K    -1   2  -1  -2  -3   0  -2  -3  -1  -2  -1   6   0  -3  -2  -1  -2  -2  -5  -2    6  10   2   2   1   4   2   2   2   3   6  46   2   1   2   4   2   1   0   3  0.77 0.53
  113 S     2  -1   0   1  -4   0   2   1  -1  -3  -3   2   0  -3   0   0   0  -5  -2  -2   17   3   3   7   0   4  14  10   1   1   2  14   2   1   5   7   4   0   1   2  0.22 0.24
  114 T     0  -1  -1   1  -2   1   4  -2  -1  -3  -2   2  -1  -5  -1   0  -1  -5  -2  -2    8   3   3   8   1   5  29   2   1   2   4  14   2   0   3   7   4   0   1   3  0.39 0.35
  115 N    -3  -1   5   0  -2   0  -1  -2   5  -2  -2   0  -1   0  -3  -1  -1  -5   1  -3    2   4  32   4   1   4   4   2  15   2   4   5   2   5   2   4   3   0   4   2  0.65 0.45
  116 P    -1  -2  -1  -1   0  -1  -1  -1   0  -3  -3   0  -5  -6   6  -1  -1  -6  -6  -2    5   3   3   4   2   3   4   4   2   2   3   5   0   0  46   5   5   0   0   3  0.99 0.61
  117 G    -2  -1   2   3  -4   0   1   2   0  -2  -2   1  -1  -2  -1   0   0   0  -2  -1    3   2  12  14   0   5  11  14   2   3   3   8   2   2   3   6   5   2   1   4  0.22 0.21
  118 I     0  -1  -1  -1  -1  -1   0  -1  -1   1   1   0   3   1  -2  -1  -1   3   1   0    8   4   2   3   1   2   6   4   1   8  15   6   8   5   2   4   3   4   5   7  0.07 0.10
  119 S     0   0   1   0   2   1   0   0   2  -2  -1   0   1   0   1   0   0  -3  -2  -1    6   6   6   6   6   6   6   6   6   0   6   6   6   6   6   6   6   0   0   6  0.05 0.10
  120 I    -1  -2   0  -3  -3  -1  -3  -2  -1   2   0  -1   2   3  -1  -1   0  -2   1   2    5   2   4   1   0   3   1   3   1  13   6   3   6  16   3   4   6   0   4  19  0.24 0.22
  121 G     0  -1  -1  -2  -3   0  -2   3   0  -2  -2   1  -1  -3   0   1   2  -3  -2  -2    9   3   2   2   0   4   2  22   2   3   3  11   2   1   4  11  15   0   1   3  0.27 0.25
  122 D    -1  -3  -2   5  -7   2   5  -3  -2  -5  -4  -1  -4  -7  -4  -3  -3  -7  -6  -2    5   1   2  30   0   8  40   2   1   1   2   3   0   0   1   1   2   0   0   3  1.13 0.65
  123 V    -2  -2  -4  -4  -2  -3  -4  -5  -3   4   1  -1   1   0  -5  -4  -2   1  -3   4    4   2   0   1   1   1   1   0   1  28  14   5   4   4   0   0   2   2   1  29  0.71 0.42
  124 A     4  -3  -2  -4  -2  -2  -3   1  -3  -1   0  -2   3  -2  -3   2   2  -5  -4  -1   31   1   1   0   1   1   1   9   0   4   7   3   7   1   1  17  12   0   0   3  0.45 0.38
  125 K    -2   1  -2  -2  -6   0  -1  -4  -5  -4  -5   7  -5  -7  -4  -1  -1  -7  -4  -4    4   8   2   2   0   3   4   1   0   1   1  64   0   0   1   4   4   0   0   1  1.41 0.75
  126 K     0  -1  -2  -2  -3   1   3  -4  -1   1   1   3   1  -2  -4  -1  -1  -5  -2  -1    9   3   2   2   0   5  21   1   1   8  12  19   4   2   0   3   4   0   1   4  0.29 0.27
  127 L     1  -5  -6  -6   3  -4  -5  -2  -6   2   4  -5   2  -2  -4  -3  -2  -5  -2   1   10   0   0   0   7   0   0   4   0  11  48   0   4   1   1   1   2   0   1   9  0.80 0.47
  128 G     1   0  -3  -4  -3  -4  -1   6  -4  -5  -5  -1  -4  -2  -5   1  -3  -6  -6  -5   12   5   1   1   1   1   4  54   0   1   1   4   0   2   0  12   1   0   0   1  1.09 0.60
  129 E     1   2   0   1  -4   1   5  -3  -2  -3  -4   3  -3  -5  -3  -2  -2  -6  -4  -2   11  10   4   7   0   5  34   2   1   1   1  15   1   0   1   2   3   0   0   2  0.61 0.43
  130 M    -1   3  -2  -1  -2   2   2  -4  -2  -2   0   3   5  -4  -5  -3  -2  -5  -4  -3    6  17   2   3   1   8  12   1   1   3   7  19  16   0   0   1   2   0   0   1  0.54 0.40
  131 W    -8  -4  -8  -9  -8  -7  -8  -8  -8  -8  -7  -3  -7  -2  -8  -8  -8  13   0  -8    0   1   0   0   0   0   0   0   0   0   0   2   0   2   0   0   0  90   3   0  4.82 1.75
  132 N    -1   3   3  -3  -6   1  -1  -2   0  -4  -5   5  -3  -6  -5   1  -2  -6  -5  -5    6  14  12   1   0   5   3   3   2   1   1  40   1   0   0   9   2   0   0   1  0.87 0.53
  133 N     1  -1   3   0  -4   1   2  -1  -1  -4  -3   2  -3  -4  -4   2   0   0  -3  -2   12   3  17   5   0   5  16   4   1   1   2  11   1   0   0  13   6   2   1   2  0.35 0.30
  134 L    -1  -6  -3  -6   1  -3  -5  -6  -6   1   5  -5   6  -2  -6  -4   0  -2  -3  -1    5   0   2   0   3   1   1   0   0   6  48   1  22   1   0   1   6   0   1   3  1.11 0.61
  135 N     0  -4   0   2   0  -3  -1  -2  -3  -5  -5  -2  -5  -4   2   4   3  -6  -5  -4    7   1   3  12   2   1   3   3   1   0   1   2   0   1  12  33  18   0   0   1  0.70 0.50
  136 D     1  -2   0   4  -4  -1   3  -2  -3  -3  -2   0  -2  -4   2  -1  -1  -5  -3  -2   13   1   4  22   0   3  23   3   0   2   3   5   1   1  11   4   3   0   1   2  0.48 0.36
  137 S     0  -2  -1   3  -5  -1   5  -3  -1  -4  -4   2  -3  -4  -3   1  -1  -6  -3  -2    9   1   2  14   0   2  34   2   1   1   2  13   1   1   1  10   4   0   1   2  0.62 0.44
  138 E    -2  -2  -2   3  -6   3   5  -2  -4  -3  -4   2  -3  -5  -5  -3  -1  -6  -5  -2    3   2   2  18   0  12  36   4   0   2   1  11   0   1   0   1   4   0   0   3  0.84 0.53
  139 K    -6   3  -5  -6  -8  -2  -4  -7  -6  -8  -6   8  -6  -4  -6  -5  -4  -8  -4  -7    0  13   0   0   0   1   1   0   0   0   1  80   0   1   0   0   1   0   1   0  2.37 1.09
  140 Q     1   0  -1  -2  -5   5   2  -3  -4  -3  -1   3  -1  -4  -4  -1  -2  -5  -4  -2   13   4   2   2   0  26  13   2   0   1   6  19   1   1   1   5   2   0   0   3  0.57 0.43
  141 P    -3   1  -4  -3  -4   0  -1  -5  -1  -2  -3   4   0  -3   5  -3  -2  -6   0   1    2   6   0   1   0   4   4   0   1   2   2  25   2   1  31   1   2   0   4  10  0.83 0.52
  142 Y    -7  -3  -7  -5   0  -7  -7  -8  -2  -6  -5  -7  -6   3  -8  -7  -7   7   9  -6    0   2   0   1   2   0   0   0   1   0   1   0   0  11   0   0   0  13  68   0  2.81 1.17
  143 I    -3  -1   0  -1  -3   1   4  -4   0   2   0   1   0  -2  -2  -2  -1  -5  -1   0    1   2   5   3   1   5  31   1   2  14   8   7   2   2   2   2   3   0   2   6  0.38 0.32
  144 T     0   0   0   3  -5   2   3  -3  -1  -2  -3   3  -2  -4  -4  -1   0  -5  -4  -3   10   5   4  16   0  10  18   1   1   2   2  18   1   0   0   4   5   0   0   1  0.46 0.35
  145 K    -2   1  -3  -1  -5   2   1  -4  -2  -1   1   5   5  -4  -5  -3  -3   0  -5  -3    4   7   1   3   0   8   9   1   1   3  13  33  14   0   0   1   1   2   0   1  0.68 0.47
  146 A     6  -5  -4  -4  -3  -2  -2  -4  -2  -5  -5  -4  -4  -1  -5   0  -3  -3   2  -2   70   0   1   1   1   1   3   1   1   0   1   1   0   2   0   6   1   0   7   2  1.41 0.78
  147 A     3  -1  -1   0  -4   1   3  -2  -1  -2  -1   2   0  -3  -4  -1  -1  -3  -4  -2   26   3   3   5   0   7  22   2   1   2   6  11   2   1   0   3   3   0   0   2  0.39 0.34
  148 K     0   2  -1   1  -5   2   3  -3  -2  -3  -2   4  -2  -5  -4  -2  -2  -6  -5  -1    8   9   2   7   0   9  21   2   0   1   4  28   1   0   0   2   2   0   0   4  0.58 0.42
  149 L     0  -2  -1   6  -6  -1   2  -4  -2  -4   1  -1  -2  -4  -5  -2  -4  -6  -5  -4    9   2   2  45   0   2  12   1   1   0  17   3   1   0   0   3   0   0   0   0  0.94 0.57
  150 K    -3   3  -3  -5  -7   0  -1  -5  -2  -4  -3   7   1  -3  -5  -2  -4  -1  -3  -5    1  13   1   0   0   4   4   1   1   1   3  60   4   1   0   2   1   1   1   1  1.36 0.74
  151 E     2  -1  -2  -1  -5   1   5  -4  -2   0  -2   2  -1  -5  -2  -2  -2  -6  -5   0   16   2   1   3   0   6  35   1   1   5   3  14   2   0   2   2   2   0   0   6  0.59 0.44
  152 K    -3   6  -2  -1  -7   1   2  -5  -3  -4  -3   4  -3  -6  -5  -3  -3  -7  -6  -3    2  45   1   4   0   5  12   0   0   1   2  22   1   0   0   1   1   0   0   2  1.17 0.66
  153 Y    -5  -5  -6  -6  -3  -4  -7  -8   1  -5  -5  -7  -6   2  -8  -6  -7   3  10  -6    1   0   0   0   1   1   0   0   3   1   1   0   0   6   0   0   0   3  82   0  3.07 1.29
  154 E     0   0   1   1  -1   2   4  -2   0  -3  -1   2   0  -4  -4  -2  -2  -5  -3  -3    6   4   5   8   1   8  35   2   2   1   5  12   3   1   0   2   2   0   1   1  0.51 0.40
  155 K     0   3   0   0  -4   1   2  -4   0  -1  -3   5  -1  -5  -4  -2  -1  -6  -4  -3    7  13   5   4   0   6  15   1   2   3   2  33   1   0   0   2   3   0   0   2  0.61 0.43
  156 D     1  -3   0   3  -6   1   6  -4  -4  -5  -4   0  -5  -7  -5  -2  -3  -7  -4  -5   12   1   4  16   0   5  50   1   0   1   2   5   0   0   0   1   1   0   1   1  1.10 0.66
  157 V    -4  -1  -4  -5  -3  -2  -5  -6  -2   3   2   1   8  -2  -6  -5  -4  -4  -2   0    1   3   1   1   0   1   0   0   1  13  18   9  40   1   0   1   1   0   1   7  1.22 0.67
  158 A     3   1  -1  -1  -4   2   3  -3  -3  -2  -3   3  -3  -5  -3  -1   0  -4  -5  -2   28   6   2   3   0   7  18   1   0   2   2  19   0   0   1   3   5   0   0   2  0.52 0.42
  159 D     3  -2   0   1  -3   0   4  -3  -3  -1  -3   1  -2  -5  -4   0  -1  -3  -5  -1   28   2   5   6   0   4  26   1   0   4   2   9   1   0   0   6   3   0   0   3  0.48 0.40
  160 Y    -6  -7  -5  -6  -2  -4  -5  -6  -3  -4  -5  -6  -3   2  -5  -6  -6   8   9  -4    0   0   1   1   1   1   1   1   0   1   1   0   1   8   1   1   0  20  62   1  2.59 1.12
  161 K    -3   3   2  -1  -4   1   3  -4  -2  -3  -3   4  -2  -4  -3  -2  -1  -6  -2  -4    1  16  11   3   0   6  20   1   1   2   3  25   1   0   1   3   4   0   1   1  0.63 0.44
  162 S     3   0   0  -1  -3   2   2  -1  -2  -3  -3   3  -2  -5  -1   1  -2  -5  -4  -3   25   4   5   2   0  10  13   4   1   1   2  18   1   0   3   8   2   0   0   2  0.39 0.34
  163 K    -2   1   0  -1  -3   2   1  -1  -3  -4  -5   5  -2  -6  -1   1   1  -6  -5  -4    3   7   3   3   1   7   9   5   0   1   1  36   1   0   3   9  10   0   0   1  0.59 0.43
  164 G     0  -1   1  -1  -2   1   0   2   2  -1   0   1   2  -2  -1  -1  -1  -3  -2  -2    7   2   6   3   1   9   6  20   5   2  12  10   6   1   3   2   2   0   1   2  0.15 0.18
  165 K     1   0  -1   0  -3   0   1   0   0  -2  -3   4  -2  -5   3   0  -1  -4  -2  -3   11   4   2   4   0   3   8   8   2   3   1  27   1   0  14   5   4   0   1   2  0.36 0.30
  166 F     0  -2   0   0  -3   0   2  -1   0  -2  -2   0  -2   0   3   0  -1  -3   2  -1    8   2   4   6   0   2  16   5   2   2   4   5   1   4  16   6   4   0   8   6  0.22 0.21
  167 D     0  -1   0   3  -4   1   2  -1  -1  -2  -2   2  -3  -2   1   0  -1  -4  -2  -1    6   2   3  18   0   6  17   6   1   3   3  12   0   2   7   6   3   0   1   4  0.27 0.24
  168 G     2   0   1   0  -3   0   1   2  -1  -2  -2   0  -1  -2  -1   0   0  -4  -3   0   21   5   6   4   0   4  10  14   1   1   3   5   1   1   2   7   5   0   1   7  0.16 0.18
  169 A     2  -1   0  -1  -2   1   0   0   0  -2  -2   0   0  -1   2   0   0  -4  -1  -1   21   3   3   3   0   6   7   8   2   2   2   7   3   4  10   8   5   0   2   5  0.15 0.17
  170 K     0   1   0   0  -3   0   1   0  -2  -3  -2   4  -2  -4   0   1   0  -4  -3  -1    8   6   4   4   0   3  10   6   1   1   3  28   1   0   4  10   5   0   0   4  0.30 0.28
  171 G     1   0   0   0  -4   1   1   2  -1  -3  -3   3  -2  -3   0   0  -1  -3  -3  -2   12   5   5   5   0   6   9  16   2   1   2  18   1   1   5   8   3   0   1   2  0.24 0.22
  172 P     0   0  -1   1  -4   0   1   0  -2  -2  -1   1   0  -3   3   0   0  -4  -2  -1    8   4   2   7   0   4   9   8   1   2   7  11   2   1  17   6   4   0   1   5  0.20 0.18
  173 A     1   0  -1   0  -3   0   1   0  -2  -1  -1   2   0  -2   1   0  -1  -4  -3   1   15   4   1   4   0   3   8   6   1   2   4  18   2   2   6   8   3   0   0  10  0.14 0.18
  174 K     0   1  -1   0  -4   1   2  -1  -1  -2  -2   3  -2  -3  -1   0   0  -4  -1   0    9   7   2   6   0   6  12   5   1   2   3  24   1   1   2   7   4   0   2   7  0.22 0.23
  175 V     0   1  -1  -1  -4   1   1  -1  -1  -1  -2   3  -2  -1   1   1   0  -4  -2   1    9   6   2   3   0   7   8   3   1   4   3  19   0   3   8  12   4   0   1  10  0.17 0.20
  176 A     2   0  -1   0  -4   0   0  -1  -2  -2  -1   2  -2  -1   1   1  -1  -4  -1  -2   20   4   2   5   0   4   6   4   0   2   7  17   1   3   7  10   4   0   2   1  0.17 0.21
  177 R     0   2  -2   0  -4   1   2  -1  -2  -1  -3   3  -2  -2  -1   1   1  -2  -2  -2    6  14   1   4   0   7  12   4   0   3   2  21   1   1   2   8   8   0   1   3  0.29 0.27
  178 K    -1   1  -1   0  -5   1   1  -2  -1  -2  -3   4  -2  -3   1   0   0  -2  -4  -2    4   7   3   5   0   7   8   2   2   2   3  32   1   1   7   8   6   1   0   3  0.40 0.33
  179 K     0   1   0   0  -5   1   1  -1  -2  -3  -2   4   1  -3   0   1  -1  -5  -3  -3    7   7   3   5   0   6   9   4   0   1   3  32   4   1   4  10   3   0   1   2  0.39 0.33
  180 V     0   1  -1   0  -3   1   1  -1  -1   0  -2   2  -1  -3  -1   0   0  -2  -2   1   10   9   2   4   0   5  11   3   1   7   3  14   2   0   3   8   7   0   1  10  0.12 0.15
  181 E     0   2   1   0  -3   1   2  -2   0  -3  -2   3  -2  -3   1   0  -1  -5  -3  -2    7   9   6   4   0   6  13   3   2   2   3  24   1   1   7   6   2   0   0   2  0.31 0.27
  182 E    -1   0  -1   2  -5   1   3  -2   0  -3  -3   3  -2  -3   1   1  -1  -5  -3  -1    5   4   1  10   0   7  18   3   2   0   2  18   1   1   8  10   3   0   1   6  0.32 0.28
  183 E    -1   0   0   1  -5   2   3  -1  -2  -2  -2   3  -2  -5   2   1  -1  -5  -3  -2    5   3   4   6   0   7  22   3   1   3   3  18   0   0  10   9   3   0   1   3  0.34 0.29
  184 D     0  -1   2   3  -4   1   1  -1   0  -2  -3   2  -1  -4   1   1  -2  -5  -3  -1    8   1  11  16   0   5  10   5   2   3   1  15   2   0   7   8   1   0   1   4  0.28 0.25
  185 E     1   0   0   2  -1   1   2  -1  -1  -2  -3   1  -1  -1   2   0  -1  -4  -3  -1   10   5   5  10   1   5  18   4   1   1   1  11   1   2   9   6   2   0   1   6  0.22 0.20
  186 E     0   1   0   1  -5   0   3  -1  -2  -3  -3   3  -4  -5   2   1  -2  -2  -3  -2    8   7   3   8   0   3  18   5   1   2   2  19   0   0   8  12   1   1   1   2  0.34 0.29
  187 E    -1   1   0   2  -4   1   3  -1  -2  -2  -1   2   0  -3  -1   0  -2  -4  -1  -2    5   6   3  14   0   6  21   4   0   1   7  15   2   0   3   7   1   0   2   3  0.28 0.25
  188 E     1   0   1   1  -4   2   3  -1   0  -2  -3   2   0  -4  -3   0  -1  -5  -2  -1   11   4   7   7   0   9  24   4   2   2   1  11   3   0   0   8   3   0   1   4  0.32 0.27
  189 E     0   0   0   1  -1   1   2   0  -1  -3  -2   1  -2  -2   2   0   0  -4  -3  -2   10   3   4   6   1   5  19   8   1   1   5  11   1   2  10   7   4   0   0   2  0.20 0.19
  190 E     0  -2   0   2  -4   0   3  -2  -3  -3  -1   3  -3  -2   1   1  -1  -5  -2  -1    7   1   3  13   0   3  18   2   0   0   7  18   0   2   7  11   2   0   2   5  0.29 0.26
  191 E    -1   0  -1   1  -4   1   3  -1   1  -4  -3   3  -3  -5   1   2  -1  -5  -4  -2    4   4   2   9   0   5  18   3   3   1   2  20   0   0   7  15   3   0   0   2  0.38 0.30
  192 E    -1   0   1   2  -4   1   3  -1  -3  -2  -2   3  -3  -3  -1   1  -2  -5  -4  -1    5   4   8  12   0   6  19   4   0   2   3  21   0   1   2  10   1   0   0   4  0.35 0.28
  193 E     0   0   0   2  -4  -1   3  -2  -1  -2  -2   3  -3  -2   0   0   0  -5  -4  -1    6   3   3  13   0   1  21   2   1   2   3  23   0   1   4   7   4   0   0   4  0.35 0.28
  194 E    -1  -2   0   3  -5  -1   4  -2  -1  -5  -3   2  -4  -5  -1   2  -1  -5  -4  -2    4   1   4  14   0   1  33   2   1   0   3  14   0   0   3  17   2   0   0   2  0.57 0.38
  195 E    -1   1  -1   3  -4   0   2  -2   2  -3  -2   3   1  -4  -1   1   0  -4  -2  -1    2   6   1  17   0   3  14   2   5   1   4  19   4   0   2  12   4   0   1   5  0.29 0.23
  196 E    -1  -1   3   1  -2   1   3  -1  -1  -1  -1   2  -3  -4  -2   1   0  -5  -3  -3    2   1  16   8   1   4  22   5   1   3   6  14   0   0   1   8   7   0   0   1  0.32 0.24
  197 E     0   0   0   3  -4   1   3   1  -1  -4  -4   3  -3  -4  -3   0  -1  -5  -2  -4    6   3   3  20   0   4  21   9   1   0   1  22   0   0   0   4   4   0   1   0  0.48 0.28
  198 E    -1  -2   2   3  -5   3   4  -2  -2  -5  -5   2  -4  -5  -3   0  -2  -5  -2  -4    3   0  11  18   0  13  32   2   0   0   0  13   0   0   0   6   1   0   1   0  0.69 0.34
  199 D     0  -2   2   4  -4  -1   3   1  -2  -3  -4  -1  -4  -5  -1   1  -1  -5  -4  -4    7   0  11  28   0   0  27  11   0   2   0   2   0   0   3   8   1   0   0   0  0.59 0.27
  200 E    -3  -2   0   5  -5   1   4  -3  -2  -5  -5   2  -4  -5  -3  -2  -2  -5  -4  -4    0   0   3  45   0   4  35   0   0   0   0  13   0   0   0   0   0   0   0   0  1.03 0.31

                      K         Lambda
Standard Ungapped    0.1276     0.3059
Standard Gapped      0.0367     0.2670
PSI Ungapped         0.1198     0.3172
PSI Gapped           0.0367     0.2670
