
Last position-specific scoring matrix computed, weighted observed percentages rounded down, information per position, and relative weight of gapless real matches to pseudocounts
            A   R   N   D   C   Q   E   G   H   I   L   K   M   F   P   S   T   W   Y   V   A   R   N   D   C   Q   E   G   H   I   L   K   M   F   P   S   T   W   Y   V
    1 M    -5  -5  -6  -7  -5  -4  -6  -7  -6  -3   1  -5  11  -4  -6  -5  -5  -5  -5  -3    0   0   0   0   0   0   0   0   0   0   8   0  92   0   0   0   0   0   0   0  3.10 1.06
    2 S     4  -4  -3  -4   0  -2  -4  -2  -4  -5  -5  -4  -4  -6  -4   6   0  -6  -5  -4   31   0   0   0   2   1   0   1   0   0   0   0   0   0   0  61   4   0   0   0  1.33 0.71
    3 D     0  -3   2   1  -4   1  -1   1   1  -4  -3  -2  -2  -5  -2   5   1  -5  -4  -3    5   0   8   6   0   8   2   8   4   1   2   2   1   0   2  45   6   0   0   1  0.59 0.44
    4 S     0  -3   1  -2  -4  -1   1   4  -2  -5  -5  -1  -4  -5  -3   4   1  -5  -4  -2    6   1   7   2   0   3   8  28   1   0   0   2   0   0   1  32   8   0   0   2  0.61 0.42
    5 L     1  -2  -3  -4  -3  -2  -3  -2  -4   2   2  -1   3  -2  -2   0   0  -4  -2   3   10   1   0   0   0   2   1   3   0   9  17   4  11   1   1   7   7   0   1  25  0.30 0.26
    6 V     1   1   0  -2  -3   0  -1   1  -2  -1   0   1  -1  -2   0   2   1  -3  -2   0   10   8   3   1   0   2   3   9   0   4   8  11   1   1   4  19   8   0   1   6  0.12 0.15
    7 V    -2  -3  -3  -3  -1  -3  -3   2  -4   3   1  -3   2  -1  -3  -2   1  -3  -3   3    1   1   1   1   1   1   1  18   0  15  13   1   7   2   1   3   8   0   0  26  0.39 0.27
    8 C     1  -3  -3  -2   7  -3  -3  -3  -1   0  -2  -3   2   2  -3  -1  -1  -3   3   0   11   1   1   3  28   1   1   1   1   6   3   1   5  10   1   5   4   0   9   7  0.69 0.36
    9 E     0  -1  -1   3  -4   0   1  -2   0  -4  -4   2  -4  -5   0   2   3  -5  -3  -4    7   2   1  17   0   4  10   2   2   0   2  15   0   0   4  14  18   0   1   0  0.44 0.35
   10 V    -3  -6  -6  -4  -1  -4  -4  -5  -6   5   1  -4   1   2  -3  -5  -2  -1  -4   5    2   0   0   1   1   1   1   1   0  29  10   1   3   7   2   0   2   1   0  37  0.97 0.53
   11 D     0  -4   1   4   1  -2  -1  -2   1  -3  -5  -2  -5  -4   2   3   1  -6  -5  -2    7   1   6  22   3   1   4   2   3   1   1   2   0   1  12  23   7   0   0   2  0.54 0.42
   12 P    -2  -3  -1   5  -7   2   2  -3  -3  -4  -6   0  -2  -2   3  -1  -4  -7  -6  -5    4   1   3  36   0   7  14   2   0   1   0   5   1   2  16   5   1   0   0   1  0.92 0.58
   13 E    -1  -3   0   4  -2   1   5  -2  -2  -3  -4  -1  -4  -7  -2  -1  -1  -7  -5  -5    5   1   4  22   1   6  38   4   1   2   1   3   1   0   2   5   4   0   0   1  0.86 0.57
   14 L     2  -7  -6  -4   7  -4  -6  -6  -7   1   1  -6  -2  -6  -6  -1   1  -7  -4   4   19   0   0   1  23   1   0   0   0   6  13   0   1   0   0   4   8   0   1  23  1.07 0.60
   15 T    -1  -1  -3  -2  -3   0   0  -4  -2   2   1   4   1  -1  -3  -2  -1  -2  -1   1    4   3   1   2   0   4   6   1   1  12  15  25   3   2   1   3   4   0   2   9  0.29 0.27
   16 E     1  -2   1   3  -6   1   3  -3  -1  -6  -3   1  -5  -6  -2   0   2  -6  -4  -4   11   2   6  18   0   7  22   1   2   0   2   9   0   0   2   7  10   0   1   1  0.54 0.42
   17 K     4  -1  -1  -1  -1   0   1  -3   1  -3  -2   1  -3  -4  -5   0   0  -6  -3   0   38   4   2   3   1   4  10   1   3   2   5   9   1   1   0   5   5   0   1   5  0.47 0.40
   18 L    -4  -3  -7  -7  -2  -4  -5  -7  -1   2   4  -2   2   5  -7  -4  -5  -1   3   0    1   1   0   0   1   1   1   0   1   9  34   3   5  21   0   1   1   1  11   7  0.96 0.54
   19 R    -3   4   3   1  -4   2   1  -3   0  -4  -5   4  -2  -6  -5  -2  -2  -6  -3  -5    2  19  12   7   1   9   9   2   2   1   1  26   1   0   0   3   3   0   1   1  0.74 0.50
   20 K     1   0  -1   2  -5   1   2  -1  -1  -3  -3   4  -3   0  -5   0  -2  -6  -5  -3   11   4   3  10   0   5  13   5   1   1   3  29   1   4   0   6   2   0   0   2  0.47 0.37
   21 F    -5  -6  -4  -6  -5  -4  -6  -5  -3   1   4  -6   3   6  -4  -4  -2   1  -1   1    1   0   1   0   0   1   0   1   1   6  35   0   7  28   1   1   2   2   2   9  1.07 0.56
   22 R    -2   5  -1  -4  -1   2   1  -2   1  -2  -3   4  -2  -2  -4  -3  -4   1  -4  -3    4  26   4   1   1   8   8   3   3   3   3  26   1   2   1   2   1   2   0   2  0.71 0.43
   23 F    -1  -2  -1  -1  -1  -1  -1  -2  -2   0   3   0   3   3  -4  -1  -1   1  -2  -2    5   2   3   4   1   3   4   3   1   4  28   6   8  14   1   5   4   2   1   2  0.30 0.23
   24 R     0   3  -1  -1  -1   0  -2   1  -1  -4  -1   3  -1  -2  -3   2  -1  -4  -4  -3    6  15   3   4   1   5   3  11   1   1   8  16   2   2   2  14   4   0   0   2  0.29 0.24
   25 K     0   3  -1  -2  -2   0  -1  -2   0  -4  -3   5  -2  -6  -3   0  -2  -7  -6  -3    8  15   3   3   1   4   4   4   2   1   3  36   1   0   2   7   3   0   0   2  0.81 0.48
   26 E     1  -1   2   1   0  -1   1  -1   1  -1  -4   2   0  -3  -2   2  -1  -6  -2  -2   11   3   9   7   2   3  10   6   3   3   2  12   2   1   2  16   4   0   2   3  0.25 0.22
   27 T    -2   1   0   0   1   0   0   1   2  -2  -3   3  -1  -3  -1   1   1  -5  -1  -3    4   7   5   5   3   5   6   9   5   3   3  16   1   1   3  11   9   0   2   2  0.22 0.19
   28 D     0   0   2   2  -1   0   0   0  -2  -3  -3   2  -2  -3  -1   0   1   0   1  -2    6   5   9  10   1   5   6   8   1   2   4  13   1   1   3   7   9   2   4   2  0.18 0.17
   29 N    -1   0   2  -1  -1   0  -1   0   2   1  -2  -2  -1   1   0   0   0   0   2  -1    5   6   9   4   1   4   4   8   5   8   4   3   2   6   4   7   7   1   8   4  0.10 0.10
   30 A     0   1   2   0  -1  -1  -2  -2   2   0  -2   2  -1  -1   1   0  -1   3   0  -1    8   9   9   6   2   3   2   3   4   5   4  12   2   3   7   8   4   3   4   4  0.15 0.14
   31 A     2  -2  -2  -2   1  -2  -3  -3   0   0  -1  -2   0   3  -1  -2   0   2   4   0   18   3   2   3   2   2   2   3   2   5   6   3   2   9   3   3   6   3  15   7  0.35 0.23
   32 I    -1  -1  -6  -6   2  -1  -2  -2  -6   3   1   0   1   1  -6  -2   0  -6   1   3    5   4   0   0   5   4   3   4   0  16  13   5   4   6   0   4   5   0   5  17  0.41 0.22
   33 I    -1   0   0   0   2   0   0  -1   2   0  -1   0   2   1   0  -1   0   4   1  -1    5   5   5   5   5   5   5   5   5   5   5   5   5   5   5   5   5   5   5   5  0.09 0.08
   34 M    -2  -1  -3  -3   0  -2  -3  -2  -4   2   3  -3   3   4  -5  -2  -2   2   3   0    3   3   1   2   2   1   2   3   0  10  25   1   8  17   0   3   2   2  11   4  0.45 0.34
   35 K    -1   0   0  -2   0  -1   0  -2   1   0  -1   4   2   2  -4   0   0   0  -1  -1    5   5   4   2   2   2   5   3   3   6   5  26   5   8   0   7   6   1   2   4  0.22 0.24
   36 V    -1  -1  -2  -1   0  -2  -2  -3  -1   5   0  -1   1   0  -2  -2  -1  -4   0   1    5   3   2   4   2   2   3   2   2  37   9   3   3   4   2   2   4   0   3  10  0.38 0.32
   37 D    -1  -1   2   4   1   0   1  -1   1  -1  -2  -1   0  -4  -1   0  -1   2  -3  -1    4   3   8  29   3   4   7   4   4   3   3   4   3   0   3   8   4   3   0   4  0.32 0.29
   38 K     0   0   0   0   2   0   0   0   1   0  -1   0   1   0   1   0   0  -3  -1   0    6   6   5   6   5   5   6   6   5   6   6   6   5   5   6   6   6   0   0   6  0.03 0.07
   39 D    -1  -1   1   4  -1   1   2  -1   0  -2  -3   2  -1  -2  -1   0  -1  -5  -2  -2    6   2   5  21   2   6  13   4   2   2   3  14   1   1   3   7   3   0   2   3  0.32 0.29
   40 R    -1   0   2   0   0   1   0  -1   0  -2  -2   2   0  -1  -1   2   1   0  -1  -2    3   5   9   5   2   5   5   5   2   2   3  15   2   2   2  14  11   2   2   3  0.15 0.19
   41 Q    -1   1   0   0  -4   2   3  -1   1  -1  -1   1   0  -1  -1  -1   0  -3   0  -1    4   6   4   4   0   9  22   4   4   3   6   9   3   3   3   4   6   0   3   3  0.16 0.19
   42 M     0   0   0   0   2   0   0   0   1   0  -1   0   1   0  -2   0   0  -2   1   0    6   6   5   6   5   5   6   6   5   6   6   6   5   5   0   6   6   0   5   6  0.03 0.07
   43 V    -3  -3  -3  -2  -1  -2  -3  -3  -6   5   1  -2   1   0  -3  -2  -2  -6  -5   3    2   1   2   3   1   2   2   2   0  36  12   3   3   4   1   3   2   0   0  22  0.74 0.46
   44 V    -2   0  -1   0   0   0   2  -3   0   1  -1   1   0  -2  -4  -2   0  -5  -2   4    2   5   2   5   2   4  13   1   2   9   4   8   2   2   0   2   5   0   2  28  0.31 0.29
   45 L    -2  -2  -2  -1   0  -1   1  -3  -1   0   3  -1   1  -1   0  -2  -1  -1  -1   2    3   2   1   4   2   2  12   2   1   4  26   3   3   2   5   2   4   1   2  17  0.22 0.23
   46 E     0  -1  -1   3   0   0   3  -2   0  -2  -2   1  -1  -2  -2   0   0  -5  -2   0    7   3   3  18   2   3  18   3   2   2   4   9   1   1   2   6   6   0   2   8  0.24 0.23
   47 E     0   0   0   0   2   0   0  -1   1   0  -1   0   1   0   0   0   0  -2   1   0    5   5   5   5   5   5   5   5   5   5   5   5   5   5   5   5   5   0   5   5  0.03 0.05
   48 E     0  -1  -1   0   0   0   1   2   0  -2  -2   0   1  -2  -1   1   2  -6  -1  -1    7   3   3   5   2   4  10  13   3   3   4   6   3   2   3   9  14   0   2   5  0.14 0.15
   49 F     1  -1   0   0   1   0   0   0   0  -1  -1   0   0   0   0   1   0   2   0  -1   10   3   4   7   3   4   7   9   3   4   7   5   3   4   5  10   4   3   4   5  0.03 0.04
   50 Q    -1   0   0   0   2   0   0  -1   2   0  -1   0   2   1   0  -1   0   4   1  -1    5   5   5   5   5   5   5   5   5   5   5   5   5   5   5   5   5   5   5   5  0.09 0.08
   51 N    -1  -2   3   3  -1   0   1   0   0  -2  -3   0  -3  -1  -2   1   0  -4  -1  -2    4   1  16  19   1   4  11   8   2   2   3   5   0   2   2  10   6   0   2   2  0.31 0.26
   52 I     0  -2  -1   0   2   0   1  -1  -2   2  -1   0  -1  -2  -1   0   1  -4  -2   1    8   1   2   5   5   4  10   5   1  13   5   4   1   1   3   8   8   0   1  13  0.10 0.14
   53 S    -1  -4   0   3  -1  -1   0  -1  -2  -4  -4  -1  -2  -1   1   3   3  -5  -2  -3    4   0   4  16   1   2   5   4   1   1   2   4   1   3   6  24  21   0   1   2  0.47 0.41
   54 P     0  -2  -4  -3  -2  -3  -3  -4   0   2   1  -3   0   2   2  -2  -3   5   5   0    7   2   1   1   1   1   1   1   2  10  14   1   2   8  12   2   1   7  18   8  0.48 0.35
   55 E     0  -1   1   4  -3   1   4  -2  -1  -4  -4   1  -3  -5  -3   0  -1  -6  -5  -4    7   3   5  24   1   5  28   3   1   1   2   7   1   0   1   6   4   0   0   1  0.60 0.43
   56 E    -1  -2   0   5  -5   2   3  -3  -1  -4  -3   0  -1  -2  -3  -1  -1  -5  -3  -3    6   2   4  29   0  10  21   2   2   1   3   4   1   2   1   5   4   0   1   2  0.61 0.43
   57 L    -4  -5  -4  -6  -2  -4  -4  -5  -5   2   4  -5   1   6  -4  -4  -4  -1  -2   1    1   0   1   0   1   1   1   1   0  11  38   0   3  29   1   1   1   1   1   8  1.03 0.55
   58 K     1   1  -1  -2   1   0  -1  -1  -1   1   0   1   0  -2   0   0   0  -3  -1   1   12   9   3   1   4   5   3   4   1   8   9   9   1   1   5   7   5   0   1  11  0.07 0.10
   59 M     0  -1   1   2  -2   1   3  -1   0  -3  -3   1  -2  -4  -2   2   0  -2  -2  -3    9   2   8  12   1   6  20   4   2   1   2   9   1   0   1  14   4   1   1   1  0.32 0.28
   60 E     0   1   0   1   0   1   2  -2   1   0   0   1  -1  -2  -2   1   0  -1  -1  -1    8   6   4   7   2   4  15   2   4   5   9   9   2   2   1  10   5   1   2   3  0.09 0.11
   61 L    -3  -4  -5  -5  -1  -4  -2  -4  -5   3   5  -3   3   1  -5  -3  -2   0  -2   1    2   0   0   0   1   0   3   2   0  15  51   1   6   4   0   2   2   1   1   7  0.78 0.44
   62 P    -2  -2  -1   1  -1  -1  -1  -3  -2  -3  -3  -1  -2  -2   7   1  -1  -5  -4  -3    3   2   3   8   1   2   4   2   1   2   2   3   1   2  48   9   3   0   0   2  1.03 0.55
   63 E     0   0   0   3  -1   1   3  -1   0  -2  -3   1  -3  -4   0   1   0  -4  -2  -2    9   4   3  17   1   4  19   4   3   2   2   7   0   0   4   9   6   0   1   2  0.27 0.22
   64 R    -1   1   2   4   1  -1   0  -1   2  -2  -3   0  -1  -2  -3   1   0  -4  -1  -2    5   6  12  24   3   2   4   4   6   2   2   6   2   2   0   9   7   0   2   2  0.33 0.25
   65 Q    -1  -1   0   3   0   1   3  -2   1  -1  -2   0  -1  -2  -1   1   0  -4  -1  -1    5   3   3  16   2   4  22   3   4   4   4   6   2   2   2  10   4   0   2   3  0.22 0.19
   66 P     0  -4  -4  -4   5  -4  -4   0  -4   0  -1  -3  -3  -4   5   0   0  -4   1   0    9   0   0   0  13   0   0   7   0   7   6   0   0   0  32   6   5   0   5   7  0.72 0.37
   67 R    -1   4   0  -3   2   0  -2  -1   1  -1  -1   0   0   0  -3   0   1   3   0  -1    4  32   4   0   5   4   0   4   3   3   4   3   3   5   0   6   8   4   3   4  0.34 0.25
   68 F    -4  -1  -1  -2  -4  -3  -4  -2  -2  -1  -1  -4   0   4  -1  -4  -3   5   7  -1    0   4   3   3   0   0   0   3   0   3   3   0   3  18   3   0   0   9  42   3  1.02 0.47
   69 V     2  -3  -1  -3   0  -3  -3   0   2   3  -1  -3   0   0  -1  -1   0  -4   0   2   21   0   2   0   2   0   0   7   7  19   4   0   2   3   2   4   7   0   2  16  0.25 0.23
   70 V    -1  -4  -4  -4   1  -4  -4  -2  -4   2   2  -4   1   3  -4  -2  -1  -3   1   3    5   0   0   0   3   0   0   3   0  12  22   0   4  16   0   2   3   0   3  25  0.48 0.29
   71 Y    -2  -4  -4  -5  -4  -4  -4  -5   1   1   1  -2   1   4  -4  -2  -2  -2   7   0    4   0   0   0   0   0   0   0   3   7  13   2   4  18   0   3   3   0  37   5  0.88 0.43
   72 S    -1   1   0   4   0  -1   0  -2   0  -1  -1  -1  -1  -3  -1   2   0   2  -1  -1    4   8   4  27   2   2   3   2   3   4   5   2   2   0   2  15   6   3   2   3  0.25 0.20
   73 Y    -2  -2  -5  -4   1  -3  -3  -4   2  -2   0  -5  -1   5  -3  -4  -3   3   6  -1    3   3   0   1   3   1   2   1   4   1   9   0   1  23   2   1   2   3  32   5  1.03 0.51
   74 K    -1   1   0   1   0   0   2  -2   1  -1  -2   2  -3  -2   3   0   0  -1  -2  -1    4   7   4   7   2   4  13   2   4   4   3  14   0   1  13   5   7   1   1   4  0.22 0.18
   75 Y    -1   0   0   0   2   0   0  -1   2   0  -1   0   2   1   0  -1   0   4   1  -1    5   5   5   5   5   5   5   5   5   5   5   5   5   5   5   5   5   5   5   5  0.09 0.08
   76 V    -2  -1  -1   0   0   1   2  -2   0  -1  -3   1   0  -2   0  -1   3  -6  -1   0    4   3   4   6   2   6  13   3   2   3   3  10   2   2   5   4  19   0   2   7  0.26 0.24
   77 H    -2   0   0   1   0   0  -2  -2   6  -2  -1   0   0  -1  -2  -1   2   1   0  -1    4   4   4   7   2   4   3   3  17   2   7   5   2   3   3   5  14   2   3   5  0.36 0.26
   78 D     0   0   0   0  -3   1   0   0   2   0  -1   0   1  -2   0   0   0   3   1   0    6   6   5   6   0   5   6   6   5   6   6   6   5   0   6   6   6   5   5   6  0.07 0.10
   79 D     0   0   1   2   1   0   2   0   1  -3  -2   0   0  -3   0   1  -1  -3   0  -2    5   3   6  15   3   4  19   7   3   0   3   3   3   0   4  10   3   0   4   3  0.20 0.20
   80 G     0   0   1   0   1   1   1   3   1  -3  -2  -1   1  -4  -1   0   0  -4  -3  -2    6   4   6   4   3   6   9  29   3   0   4   4   4   0   3   5   6   0   0   3  0.25 0.23
   81 R    -1   4  -1   1   2   0   0   1   0  -2  -3  -1  -2  -2  -2   0   0  -1  -2  -1    6  21   3   8   5   5   5  13   3   2   2   4   1   1   2   7   5   1   1   5  0.24 0.21
   82 V    -1   0   0  -1  -3   1   0  -1   0  -1  -1   2   0  -1   0   0   0   1   1   0    5   5   4   3   0   7   7   3   2   4   7  14   3   3   5   5   8   2   4   8  0.07 0.10
   83 S    -1   2   0  -1   1   1  -1  -2   1  -1  -1   1   0   0  -1   2   0   2   0  -2    5  12   4   3   3   5   4   3   3   4   6   9   3   3   3  15   5   2   3   4  0.15 0.15
   84 Y    -1   0   2   1   1   0   2  -2   1  -1  -3  -1  -5   0  -1   2   0  -6   1  -1    5   5  10   7   3   4  12   4   3   3   3   4   0   3   4  15   5   0   6   5  0.20 0.19
   85 P    -1  -1  -1  -1  -1  -1  -1  -2   0  -3  -3   5  -2  -3   3   1  -1  -5  -2  -2    5   3   2   4   1   2   3   3   2   2   2  32   1   1  16  11   4   0   2   3  0.52 0.40
   86 L    -1  -1  -1  -1   1  -2  -3  -3   0   3   2  -1   1   0  -1  -1   0   2   1   1    4   3   3   3   3   0   0   0   3  19  18   3   4   4   3   3   6   3   5  12  0.17 0.17
   87 C     0  -1  -3  -4   3  -1  -3  -1   1   2   1  -3   1   2  -3  -1  -1  -3   1   2    8   4   0   0   7   4   0   4   4  13  11   0   4  10   0   4   4   0   4  20  0.22 0.21
   88 F     0  -2  -2  -3   3  -2  -2   0  -2   1   1  -2   2   2  -2   0  -1  -1   2   1   10   0   0   0   9   0   1  10   0  10  10   1   9   9   0  10   1   0   9  10  0.12 0.10
   89 I    -1  -3  -3  -4   1  -3  -3  -2   1   4   1  -3   1   2  -3  -3  -2  -3   1   2    4   0   0   0   4   0   0   4   4  36  11   0   4   8   0   1   0   0   5  18  0.43 0.26
   90 F    -1  -1   1  -1   0  -1  -2  -2   1  -1   0  -1   1   3  -1   0   0  -1   4  -1    6   2   7   2   2   2   0   3   3   2   7   2   5  13   2   7   7   0  22   3  0.22 0.19
   91 S    -2  -4  -4  -5   2  -4  -4  -4   0   0  -2  -4  -3   1  -5   0   0  10   4  -1    3   0   0   0   4   0   0   0   2   6   3   0   0   5   0   8   5  46  12   3  1.62 0.57
   92 S     1  -1   0  -2   7  -1  -3  -2  -1   0  -1  -2   1  -2  -2   2   1  -4  -2   0   10   3   4   1  24   2   0   2   1   4   6   2   4   1   2  19   8   0   1   5  0.44 0.29
   93 P    -2  -5  -3  -3  -1  -2  -4  -1  -5  -5  -4  -3   0  -3   8  -2  -1  -6  -5  -3    3   0   1   2   1   2   0   5   0   0   2   2   2   1  70   3   3   0   0   2  1.85 0.72
   94 V    -1  -1   0   3   1   0   2  -1   0  -1  -2  -1   0  -1   0   1   0  -3   2  -1    4   4   3  17   4   3  12   4   3   3   3   3   3   3   4  11   5   0   8   4  0.17 0.20
   95 G     0   0   1   1   1   0   0   1   1  -1  -2   0   0  -1  -1   1   1  -3   0  -1    6   4   8   6   3   5   4  14   4   3   3   5   3   3   3  11  11   0   3   3  0.10 0.13
   96 C     3  -2  -1  -4   6  -2  -4  -2  -5  -1  -2  -2  -1  -1  -2   3   1  -5  -4  -1   24   2   3   0  17   2   0   3   0   4   5   2   2   3   2  20   7   0   0   4  0.59 0.43
   97 K     0   0   1  -1  -4   1  -1  -2   0  -3  -3   2  -4  -2   3   3   1  -5  -1  -2    6   4   7   2   0   5   3   3   2   2   2  15   0   2  13  22   7   0   2   2  0.35 0.33
   98 P    -1  -2  -2  -3  -1  -1  -3  -2  -1   4  -1  -4   2  -1   3  -2   0  -5   0   2    4   2   2   1   1   3   2   4   1  27   4   0   5   2  15   3   7   0   3  16  0.44 0.35
   99 E    -3   3  -1  -1  -6   2   2  -1   0  -2  -3   5   1  -3  -3  -2  -2  -1  -2  -3    2  16   2   3   0   7  13   4   2   2   2  31   4   1   1   3   2   1   1   2  0.58 0.44
  100 Q    -1  -2  -1   0  -2   2   2  -3   0  -1   2   0   2  -1  -2   0   0   0  -2  -1    5   1   3   6   1  10  13   1   2   4  19   5   5   3   2   8   4   2   1   4  0.13 0.17
  101 Q    -3   4  -1  -5   0   3  -4  -5   1  -2  -3   5   0  -6  -5  -1  -3   0  -5  -5    2  24   3   0   2  11   0   0   3   2   3  38   3   0   0   5   1   1   0   0  1.04 0.62
  102 M     0   0   1   1  -2  -1   0   0  -2   0   0  -1   1   1  -2   0   0  -2  -1   0    8   8   7   8   0   0   8   8   0   8   8   0   7   7   0   8   8   0   0   8  0.04 0.08
  103 M     1   0   0  -1  -2   0  -2  -2   1   1   1   0   2   0  -2   0   1  -2   1   0   14   5   4   3   0   5   0   0   3   7  16   5   8   4   0   4   8   0   6   6  0.07 0.12
  104 Y    -2   0  -3  -4   0  -1  -3  -4   5  -1  -2  -1   0   1  -4  -2   0  -1   7   0    2   4   0   0   2   2   0   1  16   2   3   3   2   3   0   3   5   0  43   8  0.87 0.46
  105 A     3   0  -2  -2  -2  -2  -1  -1  -3  -1  -1  -1  -2  -1  -1   2   1  -3  -3   0   35   5   0   0   0   0   4   4   0   4   7   3   0   3   2  21   8   0   0   5  0.28 0.26
  106 G     1  -1  -1   0  -1  -1   0   1   0  -3  -2  -2   1  -2  -3   4   1  -4  -2  -2   12   4   2   5   1   2   7  10   2   0   4   0   4   1   0  34   7   0   1   1  0.31 0.29
  107 S     1  -2   1  -2   3  -2  -2   0   0  -3  -1   0   0  -1  -1   3   2   0   0  -2   15   0   6   0   7   0   1   7   3   0   4   5   3   2   2  23  13   1   3   2  0.24 0.25
  108 K    -1   2  -1  -1  -1   0   0  -3  -1  -1  -1   4  -1   0  -3  -1   0   0   1   0    4  10   2   3   1   4   3   1   1   3   6  35   2   5   0   3   4   1   4   7  0.29 0.25
  109 N     0   1   2   2  -2   1   1   0  -1  -2  -1   0  -1  -2   0   1   0  -4  -3  -2    8   9  11  12   1   6   9   7   1   2   6   3   2   2   4  11   4   0   0   3  0.14 0.14
  110 R     2   0   0  -1  -3   1  -1   0   1  -1   0  -1   0  -1   0   1   1  -1   0  -1   20   4   5   2   0   6   3   7   3   2   9   2   2   2   5  10   8   1   4   4  0.09 0.13
  111 L    -2  -5  -5  -6  -2  -5  -5  -6  -5   2   4  -3   2   4  -5  -4  -2  -4  -2   3    3   0   0   0   1   0   0   0   0   9  39   2   4  16   0   1   2   0   1  21  0.84 0.46
  112 V    -1   3  -2  -3  -2   2  -1  -3  -1   1   0   3   0  -1  -3  -1  -1  -1   0   1    3  15   1   1   1  10   3   1   1   7   9  20   2   2   1   3   3   1   3  12  0.25 0.23
  113 Q    -1   1   3   2  -2   1   1  -2   2  -3  -3   2  -2  -4  -3   1   0  -4  -1  -2    6   9  14  10   1   7   8   3   4   1   2  15   1   0   1   9   4   0   2   3  0.29 0.23
  114 T     1  -1  -1  -1  -2   0   2  -1   0  -1   1   2  -1  -2  -2   0   1   0  -1   0   11   3   2   2   1   4  14   5   2   4  13  14   2   2   1   5   9   1   2   6  0.11 0.15
  115 A     3  -4  -3  -4   2  -3  -3  -3  -2   0   3  -4   0   1  -2  -1  -1  -2  -2   1   22   0   1   1   4   1   2   2   1   5  35   1   2   5   2   4   3   0   1   9  0.45 0.33
  116 E    -3   0   0   3  -5   2   3   2  -1  -5  -3   1  -1  -4  -2   0  -2   1  -4  -3    1   4   5  19   0   8  19  17   1   0   2   8   1   1   2   5   3   2   0   1  0.47 0.35
  117 L    -1  -2  -3  -4  -1  -4  -2   1  -3   4   1  -4  -1   0  -2  -2  -2  -1  -3   3    4   2   1   1   1   0   3  13   1  22  15   1   1   5   2   3   2   1   1  24  0.44 0.31
  118 T     1  -1   1   1  -2   0  -1   1   0   0  -1  -1  -1   0  -1   1   1  -1  -2   0   10   3   6   8   1   4   3   9   3   6   4   3   1   5   3  12  11   1   1   8  0.07 0.11
  119 K    -1   3  -2  -2  -4   2  -2  -2   0   0  -2   5   0  -2  -3  -2  -1  -2  -2  -1    5  14   1   2   0   9   1   3   2   6   4  36   2   2   1   2   3   1   1   4  0.60 0.41
  120 V    -3   0  -1  -3  -1  -1   1  -3   2   0  -3   3  -1  -2  -4   0   0  -2  -1   4    1   4   3   1   1   2   9   2   4   5   2  18   1   2   1   8   5   0   2  28  0.38 0.32
  121 F    -3  -4  -6  -5  -3  -4  -6  -7   0   5   2  -4   1   4  -7  -5  -4   0   2   2    2   1   0   1   1   1   0   0   2  30  20   1   3  17   0   1   1   1   7  11  0.97 0.50
  122 E    -4  -4  -3   0  -8   5   6  -7   0  -5  -3  -3  -1  -5  -5  -4  -2  -7  -4  -3    1   1   1   5   0  23  54   0   2   1   2   1   2   0   1   1   3   0   1   2  1.49 0.85
  123 I     3  -6  -6  -6   1  -4  -5  -2  -6   5   0  -5  -1  -1  -6  -3   1  -6  -4   2   29   0   0   0   3   1   0   3   0  27   9   0   1   2   0   1   8   0   0  14  0.78 0.48
  124 R    -3   3   3   2  -2   2   0  -1   3  -5  -4  -1  -4  -3  -5   2   2  -6  -2  -3    1  18  13  10   1   8   4   4   6   0   2   2   0   1   0  16  11   0   1   1  0.50 0.40
  125 T    -1  -2   0   6  -1  -1   2  -1  -2  -7  -7  -2  -7  -8  -6   2   0  -8  -7  -7    6   2   4  45   1   3  15   4   1   0   0   2   0   0   0  12   6   0   0   0  1.10 0.64
  126 T     1   0  -2  -2  -3  -2  -1  -2  -2  -1   1   1  -1   0   4  -1   1  -2  -1   0   13   4   2   1   0   1   3   3   1   3  12  11   1   3  19   3  11   1   2   5  0.25 0.24
  127 D    -1  -3  -1   5  -4  -3   4  -2  -3  -6  -5  -2  -4  -5  -5   2   0  -7  -4  -5    6   1   3  35   0   1  24   4   1   0   1   3   0   0   0  16   5   0   0   1  0.95 0.59
  128 D    -3  -4  -4   6  -8  -1   6  -3  -6  -5  -8  -4  -7  -6  -6  -3  -3  -8  -5  -4    2   1   0  38   0   3  47   3   0   1   0   1   0   0   0   1   2   0   0   1  1.69 0.88
  129 L    -4  -7  -6  -5  -3  -5  -7  -8  -7   3   5  -5   0   2  -7  -6  -5  -2  -4   2    1   0   0   1   1   1   0   0   0  18  56   1   1   7   0   0   0   1   0  13  1.28 0.64
  130 T    -1  -3   1   3  -3  -1   0  -3  -5  -3  -4  -1  -5  -6  -5   3   5  -6  -5  -2    5   1   7  14   1   2   7   2   0   1   1   3   0   0   0  18  37   0   0   2  0.78 0.52
  131 E    -1   0  -3   2  -6  -1   5  -3   1  -3  -2  -1  -3   1  -1  -1  -1   1   2  -3    4   4   1  11   0   2  37   2   4   2   4   4   1   7   3   3   4   2   7   2  0.55 0.40
  132 A     1  -2  -2   4  -3   2   5  -3  -1  -5  -5   0  -5  -6  -3   0  -2  -6  -5  -5   12   2   2  20   1   7  36   2   1   1   1   5   0   0   1   7   2   0   0   1  0.81 0.51
  133 W     1  -1  -1  -2   1  -2   1  -2  -1  -2  -2  -3  -3   2  -3   0   0   7   2  -1   11   4   3   2   3   1  12   2   2   2   4   1   0   9   1   8   5  17   7   5  0.45 0.32
  134 L    -4  -5  -7  -7  -5  -6  -7  -7  -7   5   4  -4   2   1  -6  -5  -5  -6  -5   3    1   0   0   0   0   0   0   0   0  27  41   1   5   5   0   0   0   0   0  19  1.20 0.59
  135 Q     0   2  -1   1  -2   2   1  -2  -1   0   1   1   1  -2  -3  -1  -1  -2   0  -1    8  10   3   7   1  10   8   2   1   6  16  11   4   1   1   3   2   0   3   4  0.14 0.16
  136 E    -1  -2   0   3  -6   0   5  -2  -2  -6  -5   1  -4  -7  -5   1  -3  -7  -4  -4    6   2   4  18   0   3  43   3   1   0   1   7   0   0   0   8   1   0   0   1  0.94 0.57
  137 K    -3   2   1  -1  -7   1   4  -4  -2  -2  -5   6  -5  -5  -5  -3  -3  -7  -6  -4    1  10   5   3   0   5  22   1   1   3   0  45   0   0   0   1   1   0   0   1  1.08 0.61
  138 L    -3  -6  -7  -7  -1  -6  -6  -7  -6   3   5  -6   2   0  -6  -5  -4  -5  -4   2    1   0   0   0   1   0   0   0   0  13  60   0   4   4   0   1   0   0   0  16  1.26 0.60
  139 S     1  -1   2  -1  -4  -2  -1   2  -3  -4  -3   3  -4  -5  -2   3   0  -5  -3  -3   13   1   9   2   0   0   2  14   0   0   3  23   0   0   2  23   5   0   0   1  0.47 0.34
  140 F    -3   1   0  -4  -5   1  -3  -2  -3  -2   0   4  -2   5  -4   0  -2  -3   0  -3    0   6   4   0   0   5   0   2   0   1  11  33   0  28   0   6   1   0   2   0  0.60 0.37
  141 F    -1  -3  -1  -5  -4  -4  -5  -2   0  -2   0  -4   0   7  -5  -4  -4  -2   3  -1    5   1   4   0   0   0   0   3   2   0   7   0   3  61   0   0   0   0  10   5  1.16 0.43
  142 R    -3   6  -2  -3  -5  -1  -2  -4  -2  -5  -4   5  -3  -5  -4  -2  -3  -5  -4  -4    0  57   0   0   0   0   0   0   0   0   0  43   0   0   0   0   0   0   0   0  1.44 0.44

                      K         Lambda
Standard Ungapped    0.1352     0.3204
Standard Gapped      0.0412     0.2670
PSI Ungapped         0.1347     0.3170
PSI Gapped           0.0412     0.2670
