
Last position-specific scoring matrix computed, weighted observed percentages rounded down, information per position, and relative weight of gapless real matches to pseudocounts
            A   R   N   D   C   Q   E   G   H   I   L   K   M   F   P   S   T   W   Y   V   A   R   N   D   C   Q   E   G   H   I   L   K   M   F   P   S   T   W   Y   V
    1 M    -4  -4  -5  -6  -4  -3  -5  -6  -5   1   2  -4  10  -3  -5  -4  -3  -4  -4   1    0   0   0   0   0   0   0   0   0   6  11   0  74   0   0   0   0   0   0   8  1.88 0.57
    2 L    -4  -1  -5  -6   1  -4  -5  -6  -5   1   3  -2   7  -3  -5  -2   0  -5  -4   1    0   4   0   0   3   0   0   0   0   8  29   3  34   0   0   3   6   0   0  10  0.93 0.44
    3 H    -1   3  -1  -1   0   2   1   0   3  -4  -2   2  -2   0  -1  -1  -1   4   0  -2    3  17   2   2   2   8   7   8  10   0   3  11   1   5   2   4   4   7   3   2  0.27 0.20
    4 L    -2  -4  -4  -6  -3  -3  -6  -6  -5   1   3  -5   8  -2   0  -1  -3   0  -1   0    4   1   1   0   1   1   0   0   0   8  21   0  43   2   5   6   1   1   2   5  1.19 0.59
    5 K    -1   1  -2  -2  -4   1  -1   0   1   0   0   3   2  -1  -2   0   0   1  -2  -1    3   8   1   1   0   6   2   8   4   5   8  23   6   3   1   8   6   3   1   5  0.16 0.18
    6 T    -1  -2   0  -2   0  -2  -3  -3  -2   1   1  -3   2   1  -4   1   3  -4  -2   2    5   2   4   2   2   2   0   1   1   6  13   0   6   7   0  13  19   0   1  16  0.28 0.26
    7 L    -4  -6  -5  -7   0  -6  -6  -7  -6   2   4  -6   0   3  -4  -4  -1   2  -1   3    1   0   1   0   2   0   0   0   0  10  46   0   1  13   1   1   4   3   2  17  0.91 0.46
    8 P     0  -3  -4  -5   5  -1  -4  -2  -2   2   1  -4   1   1   3  -1  -1   4  -2   1    7   1   0   0  12   3   0   3   1  11  15   0   3   6  13   5   4   6   1  10  0.38 0.26
    9 F    -1  -4  -4  -5  -3  -4  -5  -4  -1   2   3  -5   1   5  -5  -1  -1   1   0   2    6   0   0   0   0   1   0   1   2  11  26   0   3  24   0   6   3   2   2  13  0.62 0.36
   10 L    -1  -1  -5  -6   2  -3  -6  -3  -6   3   4  -4   1   0  -6  -3  -1  -2  -3   1    5   3   0   0   4   1   0   2   0  18  43   0   4   3   0   2   3   1   0  10  0.69 0.39
   11 F    -2  -5  -6  -6   1  -4  -6  -2  -4   2   4  -4   2   4  -6  -3  -3   1   1   2    3   0   0   0   3   0   0   3   0  10  34   1   5  16   0   2   1   2   3  16  0.70 0.39
   12 F    -1  -5  -6  -6   2  -4  -4  -2  -5   2   4  -5  -1   4  -6  -2  -1   0   0   0    5   0   0   0   4   1   1   3   0   9  42   0   1  19   0   3   3   1   3   6  0.73 0.41
   13 F    -1  -4  -4  -5   3  -4  -3  -3  -2   2   4  -4   2   3  -5  -1  -1   1  -1   1    4   0   1   0   6   0   2   2   1   9  37   1   5  13   0   4   3   2   1   9  0.54 0.33
   14 H     0  -3  -2  -4   5   0  -2  -1   2   1   2  -3   0   1  -2   0   0   2   0  -1    7   1   2   0  15   5   1   5   5   9  18   0   2   6   2   7   5   3   3   4  0.27 0.22
   15 T     1  -3  -2  -2  -1  -2  -3  -2  -4   2   2  -3   0   1  -2   0   1   2  -1   2   11   1   2   2   1   1   1   3   0  11  21   0   2   6   2   9   8   3   1  15  0.20 0.19
   16 Q     1  -2   0  -2   0   0  -1  -1   0   0   0  -1   0   1   1   1   1   1   0   0   14   0   3   1   2   5   4   3   3   5   8   2   2   8   7  14   7   2   3   7  0.08 0.12
   17 L     0  -3  -2  -4   2  -2  -4  -4   0   1   3  -2   2   2  -2  -2  -1   2   1   1    9   1   1   1   5   1   0   0   3   7  26   2   4  11   2   3   4   3   5  12  0.29 0.22
   18 A     2  -3  -2  -4   5  -3  -4  -1  -2   0  -1  -3  -3  -4   0   3   0   0  -4   2   19   2   1   0  14   1   0   4   1   4   6   1   0   0   4  24   5   1   0  13  0.49 0.36
   19 T     0   0   0  -2   1   0  -1   0   1   0   0  -1   0   0  -1   1   1   2   1  -1    8   5   5   1   3   6   2   7   4   5   9   1   3   5   3  14   9   3   5   3  0.05 0.09
   20 A     4  -3  -3  -4   4  -3  -3   0  -2  -1  -2  -3  -4  -3   1   2   0  -5  -4   0   38   1   1   0   8   1   1   7   1   3   3   0   0   1   6  16   6   0   0   6  0.56 0.39
   21 L     1   1  -1  -2  -1  -1  -2  -2   0   0   1  -1   1   2  -3  -1  -1  -2   1   1   13   8   2   2   1   2   1   3   3   3  18   4   3  11   1   4   4   0   5  12  0.11 0.12
   22 P    -2  -4  -4  -3   1  -2  -4   0  -4  -3  -3  -4  -5  -4   7   0  -1  -1  -5  -4    4   1   1   1   3   2   1   7   0   2   3   1   0   1  59   8   5   1   0   1  1.49 0.67
   23 V     1  -2  -3  -2  -1  -2  -2  -3  -3   2   2  -3   1   1  -3  -2   0  -4  -2   3   14   2   1   2   1   2   2   2   0  13  17   1   3   6   1   2   7   0   0  24  0.32 0.24
   24 P     1  -2   0  -1  -3  -2   0  -2   0  -2  -3   0  -3  -2   6   1   0   0  -3  -1   10   2   5   3   0   2   6   3   2   2   3   5   1   2  34   9   5   1   0   5  0.56 0.33
   25 P     0   0   0  -1  -3   1   0  -1   0  -1  -1   0  -1  -3   4   1   0  -2  -3   0    6   6   4   3   0   6   7   3   2   4   7   5   1   1  20  11   7   1   0   8  0.22 0.17
   26 E     0   1   0   2  -2   1   2   0  -1  -2  -2   0  -2  -3   1   1   0  -4  -3  -2    9   8   4  10   1   7  15   6   1   3   3   6   0   1   7  11   6   0   1   3  0.18 0.16
   27 H     0   0   1   2  -2   2   0  -1   2  -1  -2   1  -2  -3   0   1   1  -4  -1  -1    7   5   6  10   1   9   6   4   6   4   2   8   0   1   4  13   7   0   2   5  0.15 0.14
   28 L     0   0   0   0  -1  -1  -1   0  -1   1   1   0   0  -1   1   0   0  -1  -2   1    9   4   6   5   1   2   3   6   1   7  13   5   3   2   9   7   7   1   1  11  0.04 0.05
   29 E    -1   0   1   2  -4   1   2  -2  -3  -3  -2   1  -2  -2   1   2   1  -2  -2  -2    3   5   6  13   0   5  15   2   0   1   4   7   0   2   6  15  10   0   1   3  0.26 0.22
   30 E    -1   0  -1   1  -3   1   3  -2   0  -2  -3   0  -2  -4   2   1   1  -1  -2   0    4   5   3   8   1   6  21   3   2   2   2   5   1   1  10  11   8   1   1   7  0.25 0.21
   31 K    -1   1   0   1  -3   1   3  -2  -1  -1  -2   2  -2  -4   0   0   0  -3  -3  -1    4   7   5   7   1   7  23   2   1   3   3  15   1   1   5   7   5   0   1   4  0.29 0.23
   32 N    -2  -2   3   4  -4   0   1   2  -1  -4  -4  -1  -4  -5  -2   0   0  -5  -4  -3    2   2  15  27   0   3   9  17   1   1   2   3   0   0   2   7   6   0   1   1  0.58 0.35
   33 M    -1   0  -1  -1  -2  -1   0  -2  -2   1   1  -1   2   0  -2  -2   0   2  -1   2    6   5   2   3   1   3   5   2   1   8  17   4   8   5   2   2   5   4   2  17  0.12 0.12
   34 K     0   0   0   2  -4   2   3  -1   2  -2  -2   1  -2  -1  -1   1  -1  -4  -1  -2    6   4   5  12   0   9  17   3   5   2   3  10   1   3   2   9   3   0   2   3  0.22 0.19
   35 T    -1  -1   0   1  -2   0   2  -2   0  -1   1   1   0   2  -3  -1   0  -2   0  -2    3   3   5  10   1   5  14   2   3   3  13   8   2  12   1   4   6   0   3   2  0.13 0.14
   36 A     5  -5  -4  -5   0  -4  -3  -1  -4   0   1  -4  -2  -3  -2  -2  -1  -5  -5   3   45   0   1   0   2   0   2   5   0   5  14   0   1   1   2   2   3   0   0  18  0.73 0.46
   37 E    -3  -1  -3  -2  -5   3   3  -4  -2  -1   0   3   2  -1  -4  -3  -2   0  -1   0    2   3   1   2   0  16  20   1   1   3   9  21   6   2   0   1   3   2   2   6  0.48 0.36
   38 N     0   1   2   2  -5   1   2  -1   0  -3  -3   3  -1  -3  -3   0   0  -3  -4  -3    7   8  11  12   0   5  14   5   2   1   2  16   2   1   0   7   5   0   0   2  0.32 0.25
   39 Y    -7  -7  -3  -8  -3  -7  -8  -8   1  -4  -4  -7  -6   4  -8  -7  -6   6   9  -6    0   0   2   0   1   0   0   0   3   1   2   0   0  16   0   0   0   9  66   0  2.66 1.10
   40 L    -6  -7  -8  -8  -3  -4  -6  -8  -7  -2   7  -7   3   1  -8  -7  -6  -6  -6  -4    0   0   0   0   0   1   1   0   0   2  84   0   5   6   0   0   0   0   0   0  1.98 0.89
   41 R    -2   2   0   0  -2   3   2  -3   2  -1  -2   2   0  -3  -4   0   0  -3  -2  -2    3  12   5   4   1  13  14   1   5   4   4  14   2   1   0   7   5   0   1   3  0.30 0.26
   42 K    -3   4   2  -2  -7   4  -2  -5   2  -7  -5   5  -2  -5  -5  -1  -1  -7  -2  -5    2  22   8   2   0  17   2   0   5   0   1  32   1   0   0   4   3   0   1   0  0.97 0.58
   43 F    -7  -8  -4  -4  -8  -8  -8  -8  -2  -6  -3  -8  -6   8  -9  -6  -7  -4   8  -6    0   0   1   1   0   0   0   0   1   0   2   0   0  51   0   1   0   0  42   0  2.64 1.09
   44 Y    -5  -6  -3  -5  -4  -5  -5   7   0  -6  -6  -5  -4   1  -7  -5  -6  -6   5  -7    0   0   1   1   0   1   1  70   2   0   0   1   0   6   0   0   0   0  17   0  1.93 0.90
   45 H    -5  -4   0  -2  -7  -4  -5  -3   0  -6  -3  -4  -4  -1  -6  -2  -2   2   9  -6    1   1   4   2   0   1   1   3   2   0   3   1   0   1   0   3   3   2  70   0  2.21 1.00
   46 L    -3  -5  -4  -5  -1  -2  -5  -6  -3   1   5  -5   2   1  -5  -5  -1  -5   1   0    1   0   1   1   1   2   1   0   1   7  60   1   5   4   0   1   4   0   4   6  1.03 0.54
   47 P    -1  -1   2   2  -5   0   1  -2   0  -3  -4   1  -3  -5   5   1   1  -5  -3  -4    4   3   9   9   0   4   9   3   2   1   1  10   0   0  24  10   8   0   1   1  0.51 0.35
   48 S    -1  -1   2   0  -4   1   1  -1  -1  -3  -3   2  -1  -4   4   2   0  -5  -2  -2    4   3  10   5   0   5   9   5   1   2   2  11   2   0  19  14   5   0   2   2  0.35 0.28
   49 N    -1   0   2   3  -3  -1   1   1   0  -3  -2  -1  -4  -4   3   2   0  -2  -3  -3    5   4   9  14   1   1  10   9   3   2   3   3   0   0  12  14   6   1   1   2  0.28 0.23
   50 Q    -1   1   2   3  -4   2   2  -1   2  -3  -2   0  -1  -2   0   1  -1  -4  -1  -3    3   7  10  16   0   8  11   5   5   1   3   6   2   1   4  10   4   0   2   2  0.26 0.21
   51 F     0  -1   0   0  -1  -1   0  -1   0  -1   0  -2   1   1   3   1   0  -1  -1  -1    6   3   6   5   1   3   5   5   2   3  10   1   5   6  14  11   6   1   1   5  0.11 0.12
   52 R     0   2   0   0  -4   0   1   1  -1  -1  -1   0  -1  -2   0   1   0  -4  -2  -1    5  14   5   3   0   4  11  11   1   3   6   6   1   2   5  14   4   0   1   5  0.13 0.14
   53 S     0   0   2   1  -3   1   0  -1   0  -2  -1   0  -1  -1  -1   2   2  -2  -3   0    6   5  10   7   0   5   4   4   2   1   6   5   2   2   2  17  15   0   0   6  0.15 0.17
   54 A     0   0   0   1  -3   0   0   1   0  -1   0   0   0  -2  -1   1   0  -2  -2  -1    8   4   3   8   0   5   6  13   2   2  12   7   3   1   3  12   7   1   1   3  0.08 0.10
   55 R     0   3   0  -1  -1   2   0  -2   1  -1  -1   1   1  -1   0   0   0  -2   1  -1    7  17   5   3   2   9   4   2   3   3   7   7   4   3   5   6   5   0   6   3  0.10 0.12
   56 N     0  -1   1   2  -4  -1   0   0   0  -3  -2  -1  -2   1  -2   3   1  -4  -2  -3    6   3   7  10   0   3   6   5   2   1   4   3   1   8   2  26  11   0   1   1  0.26 0.25
   57 A     1   0   0   2  -3   1   2  -2   0  -2  -2   0  -1  -3   1   1   0  -4  -3  -2   11   5   4  13   0   5  17   3   2   2   4   5   2   1   8  10   5   0   0   2  0.22 0.19
   58 T    -1  -1   1   3  -4   2   3  -1  -1  -2  -3   0  -2  -3  -1   1   1  -5  -3  -1    5   2   7  15   0   7  21   3   1   2   1   6   1   1   3  10   8   0   1   5  0.29 0.24
   59 M     1  -1   0   1  -1   1   2  -2  -1  -1  -1  -1  -1  -3   1   1   0  -4  -2  -1   11   2   4  10   1   6  18   2   1   3   5   3   2   1   6  12   7   0   1   4  0.17 0.16
   60 I    -2  -1  -4  -4  -3  -2  -4  -3  -4   2   3  -4   4   3  -4  -4  -1  -1  -1   2    2   4   1   1   0   2   1   2   0  10  31   1  12  12   1   1   4   1   2  15  0.53 0.31
   61 A     0   2  -1  -1  -2   0   3  -2  -1  -1  -2   1  -2  -2  -2   1   1  -4  -2   0    8  12   2   1   1   4  19   1   1   3   4  10   1   2   1  12  10   0   1   7  0.21 0.20
   62 E     0   1   2   2  -3   0   3  -2  -1  -3  -2   2  -1  -3  -2   1   0  -4  -2  -2    7   6   9  10   0   4  19   1   1   1   4  14   1   1   2  12   4   0   2   3  0.25 0.20
   63 K     6  -2  -2  -4  -4  -1  -3  -1  -4  -2  -4   2  -2  -5  -3   0  -2  -5  -3  -3   62   1   2   1   0   2   1   5   0   2   1  13   1   0   1   5   1   0   1   1  0.94 0.50
   64 L    -2  -5  -5  -6  -2  -5  -5  -6  -5   5   3  -5   0  -1  -5  -5  -1  -5  -4   3    2   0   0   0   1   0   0   0   0  40  30   0   2   2   0   0   3   0   0  18  1.01 0.44
   65 K     0   5  -2  -3  -1   2  -1  -3  -1  -2  -2   4   2  -3  -3   0  -2  -5  -4  -3    8  29   1   0   1   7   3   1   1   2   2  25   5   1   1   7   2   0   0   1  0.60 0.36
   66 E     0   1   1   1  -4   2   2  -3   0  -1   0   2   0  -2  -3  -1   1   0  -2  -2    7   7   6   6   0   8  14   1   2   4   8  16   2   1   0   3   9   1   1   2  0.18 0.17
   67 M    -3  -5  -5  -6  -1  -4  -5  -6  -2   1   1  -5   7   6  -6  -5  -3   0   4  -1    1   0   0   0   1   0   0   0   1   6  12   0  28  31   0   0   1   1  12   3  1.23 0.53
   68 Q    -5  -4  -4  -5  -7   9   0  -6   1  -7  -6  -2  -5  -7  -2  -5  -5  -6  -6  -6    0   0   0   0   0  86   4   0   3   0   0   2   0   0   2   0   0   0   0   0  2.61 1.02
   69 R    -1   4   0  -1  -3   3   1  -3   1  -3  -2   2   0  -3  -3   0   0   1  -1  -3    5  23   3   2   1  12  11   1   3   1   3  14   2   1   0   7   4   2   2   1  0.38 0.26
   70 F    -2  -2   1  -3   0   1  -3  -5   0  -2  -1  -1   2   7  -5  -1  -3   0   3  -1    3   2   6   1   2   6   1   0   2   2   4   3   6  47   0   4   1   1   7   3  0.89 0.45
   71 F     2  -3   0  -4   0  -2  -3   0   1  -2   0  -3   0   4  -1   0  -2  -1   4  -2   20   1   5   0   2   2   0   8   4   2   9   0   3  19   3   5   2   1  14   2  0.32 0.25
   72 G    -2   0   2  -1  -5  -1  -2   6   4  -6  -5  -1  -5  -5  -5  -2  -4  -1  -2  -5    3   6  12   3   0   3   2  53  10   0   1   3   0   0   0   2   0   1   1   0  1.04 0.49
   73 L    -3  -2  -5  -6  -4  -4  -5  -6  -5   3   5  -5   1  -1  -3  -5  -4  -4  -1   0    2   2   0   0   0   0   0   0   0  13  69   0   2   2   2   0   0   0   2   5  1.08 0.48
   74 P    -2  -1   3   0  -4   1   2  -3  -1  -4  -3   2  -2  -2   5  -1   0  -5  -4  -2    2   3  17   4   0   6  13   0   1   0   2  12   1   2  25   3   7   0   0   2  0.57 0.32
   75 E    -1  -2  -2   0  -3   0   2  -1   0   1  -1   0   1  -3   0  -1  -1  -4  -3   4    5   2   2   4   0   4  17   4   3   6   2   4   4   0   5   3   3   0   0  34  0.25 0.23
   76 T    -3  -4   0   1  -4  -3  -3  -1  -4  -1  -4  -3   2  -4  -4   1   6  -5  -4  -3    1   0   4   7   0   0   1   4   0   4   1   0   6   0   0   8  62   0   0   1  1.11 0.54
   77 G    -1   0  -3   1   1  -3   0   6   1  -5  -5  -1  -4  -5  -4  -1  -3  -5  -4  -5    4   5   0   8   4   0   6  59   4   0   1   4   0   0   0   4   0   0   0   0  1.01 0.47
   78 K    -1   1   0   0  -3   1   1  -3   0   0  -1   3   0  -1   0  -1   0   1  -1   0    2   7   5   4   0   4  11   0   2   4   5  21   3   3   5   3   6   2   2  10  0.13 0.14
   79 P     0  -2  -2  -2   3   1   0  -3   2   0   0  -2   2   1   1   0  -2   4   2   0    7   0   0   0   7   7   7   0   7   7   7   0   7   7   7   7   0   7   7   7  0.17 0.18
   80 D    -1  -5   2   7   1  -4  -1  -2   1  -2  -6  -4  -5  -6  -5  -1  -1  -6  -1  -2    5   0   9  57   3   0   3   3   3   3   0   0   0   0   0   4   3   0   3   3  1.26 0.66
   81 A     1   1   2   0   2   1   1  -1   0  -2  -1   1  -1  -1   2   1  -1  -3  -1  -2   11   6  10   5   4   6   8   3   2   2   4   8   2   3   9   9   3   0   2   3  0.12 0.12
   82 A     0   0   0   2  -4   1   2   0   0  -2  -2   1  -1  -2   0   0   0  -4  -1  -2   10   5   4  12   0   6  17   5   2   2   3   8   2   2   4   6   7   0   2   3  0.18 0.17
   83 T    -3  -6  -1  -2  -6  -5  -1  -6  -6  -1  -3  -5   1  -6  -2  -2   7  -6  -6  -2    2   0   2   2   0   0   5   0   0   4   3   0   3   0   2   2  71   0   0   2  1.72 0.88
   84 I     0   1  -1  -3   0   0  -1  -2   0   1   2   0   2   0  -1  -1  -1   2   0   0    7   7   3   0   3   4   4   3   3   7  22   8   6   3   3   3   3   3   3   8  0.10 0.14
   85 E    -1   0   0   0   2   0   0  -1   2   0  -1   0   1   0  -3   0   0   3   1   0    5   5   5   5   5   5   5   5   5   5   5   5   5   5   0   5   5   5   5   5  0.06 0.10
   86 I     0  -1  -3  -4  -2   1  -2  -3  -2   1   2   1   4  -1  -3  -1   0   0  -2   2    8   2   1   0   1   6   2   1   1   5  25  10  11   1   0   3   5   2   1  15  0.26 0.21
   87 M    -2  -5  -5  -5  -5  -3  -5  -5   0   2   1  -3   9   0  -1  -3  -1  -1  -4  -1    4   0   0   0   0   1   0   0   2  10   9   2  55   3   4   1   4   1   0   4  1.44 0.62
   88 E     0   1   1   0  -3   2   1  -1   2  -2  -2   2   0  -3  -3   0   0  -1  -2  -1    8   7   7   3   0  12   9   4   5   2   2  16   3   1   0   8   6   1   1   5  0.19 0.16
   89 K     0   3   0  -2  -3   2   0  -1  -1  -1   0   2   1  -2  -3   0   1  -1  -2  -2    6  17   4   0   0   9   4   3   1   4   8  16   4   1   0   7  10   1   1   2  0.20 0.17
   90 P    -2  -1   0  -2  -5  -2  -2  -3  -2  -5  -5   1  -4  -5   7   0  -1  -5  -5  -3    3   3   4   2   0   1   1   2   1   0   1   7   0   0  64   6   3   0   0   1  1.55 0.55
   91 R    -4   7  -3  -4   0  -1  -3  -5   0  -2  -4   1  -1  -5  -1  -3  -2   2  -4  -5    1  66   0   0   2   2   0   1   2   2   1   8   2   0   3   1   2   3   0   0  1.40 0.56
   92 C    -4  -6  -5  -6  11  -5  -6  -5  -5  -4  -4  -5  -4  -5  -5   0  -4  -5  -5   0    1   0   0   0  80   0   1   1   0   0   1   0   0   0   0   8   0   0   0   6  2.99 0.84
   93 G    -1  -2  -1  -2  -6  -2  -5   6  -5  -6  -3  -2  -5  -6  -1   0  -2  -6  -6  -6    4   3   3   2   0   2   0  65   0   0   3   3   0   0   3   7   2   0   0   0  1.34 0.60
   94 V    -1   0   1  -2   0  -1  -1  -2   1   0   1   0   2  -1  -3  -1   0  -4  -1   3    5   6   9   2   2   2   3   2   4   4  12   5   6   3   0   3   6   0   1  24  0.15 0.16
   95 P    -1  -1   1  -1  -4   0   1  -2   1  -1   0   1   0  -1   3  -1   2   2   0  -1    4   3   6   3   0   3   8   3   3   3   8   7   3   3  15   4  16   3   3   3  0.19 0.16
   96 D    -1   0   1   7  -6  -4   0  -1  -5  -6  -6   0  -6  -6  -5  -4   0  -6  -6  -6    6   6   6  51   0   0   6   6   0   0   1   6   0   0   0   1   6   0   0   0  1.12 0.54
   97 S    -1   0   0  -1  -3   0  -1  -2   0   2  -1   0   1   0   0  -1   0  -4  -1   3    4   6   6   3   0   5   3   3   2  11   4   5   4   3   5   5   5   0   2  25  0.14 0.20
   98 G     0   2   0   0  -3   1   0   1   1  -1  -1   0   0  -1   0   0  -1  -3   0  -1    7  13   5   4   0   6   7  14   3   4   4   4   4   3   4   6   3   0   4   5  0.08 0.11
   99 D    -1   1   2   1   0   0   0   0   2  -1  -2   0   0  -1   1   0  -1  -3   0  -2    5  10   9   9   3   4   5   6   6   3   4   5   3   3   8   6   4   0   3   3  0.11 0.12
  100 F     0   1  -1  -1   0   0  -2   0   1   0  -1   0   0   3  -1  -1  -1   1   4  -1    7   7   2   3   2   4   3   7   3   5   5   6   3  12   3   4   3   2  16   4  0.20 0.20
  101 L     0   2   0   0  -3   0   0  -1   0  -1  -1   0   1  -1  -1   1   0   2   0  -1    6  12   5   5   0   4   6   5   3   4   6   5   4   3   3  11   6   3   4   5  0.06 0.09
  102 L     0   0   0   0   2   0   0  -1   1   0  -1   0   1   0   0   0   0  -2   1   0    5   5   5   5   5   5   5   5   5   5   5   5   5   5   5   5   5   0   5   5  0.03 0.05
  103 T     1   0   0  -2  -4  -1  -2  -1  -1  -1  -2  -1   0   4  -2   0   2   0   1   0   12   4   4   3   0   3   3   5   2   4   3   3   2  18   2   7  13   1   5   6  0.22 0.23
  104 P    -1   0   0  -1  -5   0  -1   1   1   0   1  -1  -1  -1   3  -1   0  -5   0  -1    6   5   4   4   0   4   4  10   3   5  15   4   2   2  13   6   5   0   3   5  0.13 0.13
  105 G    -1   0   0   0  -1   1  -1   4   2  -2  -3  -1  -1  -2  -1   0   0   0   0  -3    6   4   4   6   1   6   4  25   5   3   3   3   1   2   3   8   6   1   3   2  0.27 0.24
  106 S    -1   2   1  -1  -6   0  -1   3   1  -1  -2   1   0  -1  -1   0   0   2   0  -1    5  11   6   4   0   4   4  18   3   3   4   7   3   3   4   7   5   3   3   4  0.17 0.15
  107 P    -1   0   0   0   2   0  -1  -1   2   0  -1   0   2   0   0  -1   0   3   1  -1    5   5   5   5   5   5   5   5   5   5   5   5   5   5   5   5   5   5   5   5  0.03 0.09
  108 K    -3   5  -2  -4  -5  -2  -2  -2  -2  -3  -4   6  -2  -3  -2  -1  -1  -1  -2  -2    2  26   2   0   0   1   2   3   1   1   2  43   1   2   2   4   4   1   1   3  0.96 0.53
  109 W    -7  -4  -7  -7  -2  -6  -7  -5  -1  -2  -3  -7  -6  -2  -3  -5  -4  13  -4  -7    0   1   0   0   1   0   0   1   1   3   3   0   0   1   2   1   2  78   0   0  3.75 1.38
  110 T    -1   1   2   1  -4   1   1   0   2  -3  -3   2  -2  -3   2   0   1  -4  -2  -3    4   7  10   9   0   6   7   7   6   1   2  12   1   1  10   8   8   0   2   1  0.25 0.21
  111 H    -3   1   0  -3  -6   1   0  -3   4  -4  -4   6  -2  -3  -3  -1  -1  -6  -2  -3    1   8   5   1   0   5   6   1   8   1   1  48   1   1   1   4   3   0   1   2  0.91 0.53
  112 T    -3   4   3  -1  -4   0   0  -3   1  -3  -3   2   0  -1  -2   0   2  -4   1  -3    2  19  13   2   0   3   5   2   4   1   3  14   2   3   2   6  14   0   5   1  0.39 0.31
  113 N    -1  -1   3   2  -4   0   0  -1   5  -1  -3  -1  -2   0  -2  -1   2  -1  -1  -1    6   3  12   9   0   4   6   4  16   3   3   4   1   4   1   4  14   1   1   4  0.31 0.23
  114 L    -3  -1  -5  -5  -4  -4  -4  -2  -5   4   4  -4  -1   0  -5  -1   0  -4  -3   1    1   4   0   0   0   0   1   4   0  20  48   1   0   4   0   4   5   0   0   8  0.75 0.38
  115 T    -2  -2  -1  -2  -1  -1  -1  -1   2  -3  -3   0   1  -3  -1   1   6  -5  -2  -3    2   2   3   1   1   2   4   5   4   1   2   7   3   1   3  11  44   0   1   1  0.64 0.42
  116 Y    -5  -5  -6  -6   1  -5  -2  -6   1  -1  -2  -2  -4   3  -6  -5  -5   8   8  -1    0   0   0   0   3   0   3   0   3   3   4   3   0   9   0   0   0  21  43   4  1.71 0.74
  117 R    -2   5  -1  -2   1  -1  -2  -2   1  -2  -3   3   0  -1  -2   1  -2   2   0  -3    4  26   3   3   2   3   3   4   3   3   3  14   3   3   3  10   3   2   3   3  0.48 0.31
  118 I     0   0  -2  -3   2  -2  -2   0   2   0   0  -2   1   1   1   0   0   4   1   0    7   7   0   0   6   0   0   7   6   7   7   0   6   6   7   7   7   6   6   7  0.13 0.16
  119 I     0   0   0   0  -2   1   0  -1  -1   0   1   0   0   0  -2   0   0  -2  -1   1    6   6   4   4   0   6   8   3   1   5  14   6   2   4   1   9   6   0   2  13  0.04 0.07
  120 N    -3   0   6  -1  -5  -1  -2  -1  -2  -5  -5   0  -3  -6   0   3   0  -3  -4  -5    2   6  40   3   0   3   2   5   1   1   1   7   1   0   4  17   6   1   0   1  0.89 0.54
  121 H    -3  -2  -1  -4  -4  -2  -3  -1   0  -4  -3  -3  -4   4  -2   0  -1   5   7  -3    3   2   3   1   0   2   2   5   2   1   2   2   0  13   2   6   4   6  40   2  1.10 0.59
  122 T    -1  -4  -2  -4  -2  -2  -4  -2  -1  -4  -4  -4  -3  -3   5   3   5  -1  -3  -2    4   1   2   1   1   2   1   3   1   1   2   1   1   1  24  17  34   1   1   3  0.93 0.59
  123 P    -1   1   2  -1  -3   1   0  -2   0  -3  -1   0  -1  -4   5   1   0   0  -2  -2    3   7   9   3   0   6   5   2   2   1   5   5   2   1  26  11   6   1   1   2  0.43 0.31
  124 Q    -3   1   1   5  -5   1  -1  -1   2  -4  -4   2  -4  -4  -1   0  -1  -4   0  -3    1   8   6  32   0   6   3   4   5   1   1  13   0   1   3   7   3   0   3   2  0.57 0.37
  125 M    -3  -4  -4  -6  -5  -3  -4  -5  -5   2   5  -4   5  -1  -4  -3  -3  -2  -2   1    2   1   1   0   0   1   1   1   0  10  51   1  14   2   1   2   1   1   1   8  1.01 0.52
  126 S    -1  -1   0   1  -5  -1  -1   1  -2  -5  -4  -1  -4  -2   4   3   1  -5  -4  -3    5   3   4   8   0   2   4  12   1   0   2   4   0   2  20  23   9   0   1   2  0.48 0.35
  127 K    -1   3   0  -1  -5   3   1  -3   0  -2  -2   1  -1  -4   2   0  -1  -1  -1  -1    6  19   5   2   0  12  11   2   3   2   3   7   1   0  10   5   3   1   2   5  0.30 0.26
  128 A     1  -1   1   2  -4   0   3   0   0  -3  -3   0  -4  -3  -1   2  -1  -5   1  -2   11   3   6  10   0   4  18   6   2   1   2   6   0   1   3  15   4   0   5   3  0.26 0.24
  129 E    -1   0  -1   3  -5   2   2  -3  -1  -2  -2   0  -1  -2  -2  -1   1  -3  -2   1    6   4   2  19   0  11  15   2   1   2   4   6   1   2   2   3   8   0   1  10  0.29 0.25
  130 V    -1  -5  -5  -4  -3   2  -2  -6  -4   3  -1  -5   0  -1  -5  -2   1  -6  -3   5    6   0   0   1   0  10   2   0   0  16   5   0   2   2   0   3   9   0   1  41  0.82 0.49
  131 K    -2   5  -1   4  -6  -1   1  -3   0  -3  -2   1  -2  -4  -4  -2  -3  -1  -2  -3    3  33   2  22   0   2   9   2   2   2   4   9   1   1   0   2   2   1   1   2  0.75 0.45
  132 T     1   3   1   2  -2   1   1  -3  -1  -3  -2   1  -2  -3  -2   1   0  -3  -1  -2   10  15   6  13   1   6   8   2   1   2   3   9   1   1   1   9   7   0   3   3  0.25 0.22
  133 E     3  -4  -1  -2  -2  -1   1  -3  -4   2   0  -3  -1  -3  -2   0   2  -3  -3   1   27   0   3   2   1   2  10   1   0  13   8   1   2   1   2   6  11   0   1  11  0.32 0.28
  134 I    -2  -6  -3  -6  -1  -5  -4  -6  -4   5   2  -5   4   3  -6  -5  -2  -1  -3   2    3   0   2   0   1   0   1   1   0  36  15   0   8  13   0   1   3   1   1  15  0.94 0.48
  135 E     2   4  -1  -1  -4   2   1  -2   1  -3  -3   2  -3  -1  -4   0  -1  -2   0  -3   16  20   2   3   0   9  10   2   4   1   2  10   1   3   0   7   4   1   4   2  0.34 0.28
  136 K    -1   4   0   0  -5   1   1  -4   0  -3  -2   4  -1  -3  -4  -2  -1  -1   1  -3    4  25   4   5   0   6  10   1   2   2   4  21   1   1   0   3   3   1   5   1  0.52 0.35
  137 A     7  -6  -6  -6  -5  -4  -3  -3  -6  -5  -5  -4  -2  -5  -4   0  -3  -7  -6  -4   81   0   0   0   0   1   2   2   0   1   1   1   1   1   1   6   1   0   0   1  1.85 0.90
  138 F    -3  -7  -7  -7  -3  -5  -7  -7  -6  -1   3  -7   0   8  -7  -6  -4   1   0  -3    2   0   0   0   0   0   0   0   0   3  27   0   2  56   0   1   1   2   3   2  1.82 0.79
  139 K     0   1   2   2  -5   3   0  -1  -1  -4  -5   3  -2  -5  -4   0  -2  -3  -3  -4    8   8  10  13   0  15   6   5   1   1   1  19   1   0   0   7   1   0   1   1  0.47 0.34
  140 I    -1   0  -3  -3  -4   0   0  -5  -2   1   1   0   2  -2  -3  -3   0  -3   0   4    4   6   1   1   0   4   6   0   1   6  14   5   5   2   1   1   7   0   3  33  0.39 0.29
  141 W    -8  -8  -8  -8  -8  -3  -8  -8  -1  -8  -7  -6  -7  -3  -8  -6  -8  13  -1  -8    0   0   0   0   0   1   0   0   1   0   0   1   0   1   0   1   0  90   2   0  4.77 1.68
  142 S     3  -1  -3  -2  -3   2   1  -1  -5  -5  -5  -3  -1  -3  -5   5  -1  -6  -5  -3   22   3   1   2   0   9   9   4   0   0   0   1   1   1   0  40   3   0   0   2  0.80 0.54
  143 V     1   1   2   4  -5   0   2  -2  -2  -3  -4   2  -2  -4  -2   0  -1  -6  -5  -2   10   6   9  23   0   4  11   3   1   2   1  13   1   1   1   8   2   0   0   4  0.44 0.32
  144 P     1  -3   0  -4  -5  -3  -2  -4   3   0  -3  -2  -4  -1  -2  -3  -3  -1   3   5   12   2   4   1   0   1   3   2   7   5   1   2   0   2   3   2   1   1   9  43  0.72 0.45
  145 S     1  -5  -4  -4  -2  -5  -4  -3  -5   1  -3  -5  -2  -3  -5   4   5  -6  -5   0   11   0   0   1   1   0   1   2   0   7   2   0   1   1   0  27  38   0   0   7  0.96 0.60
  146 T    -2   0   2   0  -6  -1  -3  -2   1  -5  -3   0  -2  -5   7   0  -1  -6  -6  -4    3   5   8   6   0   2   1   4   4   1   3   5   1   1  45   6   4   0   0   1  1.01 0.57
  147 L    -5  -5  -7  -7  -2  -6  -6  -7  -6   0   6  -6  -1   3  -6  -4  -4  -5  -2  -1    0   1   0   0   1   0   0   0   0   5  73   0   1   9   0   1   1   0   1   3  1.58 0.73
  148 T    -3   2   2   0  -3   0   0  -3  -1  -2  -4   2  -2  -5  -4   1   4  -2  -4  -2    2  10  11   5   1   3   5   2   2   2   2  10   1   0   0  11  28   1   1   3  0.50 0.37
  149 F    -6  -7  -7  -8  -7  -7  -8  -4  -2   0  -3  -7  -6   9  -5  -5  -7  -5  -2  -4    1   0   0   0   0   0   0   2   1   5   3   0   0  82   1   1   0   0   1   1  2.86 1.14
  150 T    -3   3  -1  -3  -2   2   1  -4   2  -1  -3   1  -2  -3  -3   1   3  -1  -1   0    2  13   2   1   1   8  10   1   5   3   2   7   1   1   1   9  21   1   2   8  0.36 0.30
  151 E    -4   4  -3  -4  -7   3   6  -5   1  -5  -4   1  -3  -4  -2  -4  -6  -2  -2  -5    1  20   1   1   0  10  45   1   3   1   2   7   1   1   2   1   0   1   2   1  1.19 0.69
  152 T     0   0  -1  -3  -4  -2  -3  -4  -3   3  -1   0  -2  -3  -2   0   2  -5  -3   4    7   4   2   1   0   2   2   1   0  15   5   5   1   1   2   7  13   0   1  31  0.46 0.33
  153 L     0   0   1   0  -4   0   0  -2   2  -2  -1   0   0   0   1   1   1  -2   2  -1    9   6   7   6   0   5   4   2   5   1   6   5   2   3   6  12   8   0   8   4  0.11 0.14
  154 E    -1   0   0   3  -1  -1   1   0   0  -3  -3   0  -3  -3  -2   3   1  -2  -1  -2    4   6   5  18   1   2   8   8   2   1   3   5   1   1   2  21   7   1   3   3  0.29 0.26
  155 G     0   0   0   1  -5   0   0   4   0  -4  -4   0  -3  -1   0   1  -1  -1  -1  -3    6   5   3   7   0   5   5  31   2   1   1   6   1   2   4  12   3   1   3   2  0.38 0.27
  156 E    -1   1   3   1  -5   0   2  -2   1  -2  -4   0  -2  -3   1   0   1   2  -2  -3    4   6  15   9   0   5  15   3   3   3   1   6   1   1   7   5  10   3   1   1  0.30 0.25
  157 A     5  -1  -5  -5   0  -3  -4   0   0  -3  -3  -5  -5  -6   2  -1  -2  -6  -2   0   51   4   0   0   2   1   1   7   2   1   3   0   0   0  12   4   2   0   2   8  0.88 0.52
  158 D    -2  -2   1   8  -7  -3  -1  -6   2  -4  -7  -3  -1  -3  -4  -4  -4  -8  -7  -4    4   2   6  68   0   1   4   0   4   1   0   1   2   1   1   1   1   0   0   1  1.81 0.81
  159 I    -3  -7  -7  -7  -6  -2  -7  -8  -7   8   0  -7   2   0  -2  -7  -1  -7  -6  -1    3   0   0   0   0   2   0   0   0  67   7   0   4   4   3   0   4   0   0   4  1.82 0.77
  160 N    -3   1   0  -1  -5   0   1  -4   1  -1  -1   1   4  -2  -3  -1   0   1   1   1    1   8   5   4   0   5   8   1   4   4   6   9  13   2   1   4   6   2   4  12  0.24 0.23
  161 I    -6  -7  -7  -8   0  -7  -7  -4  -1   7   1  -7   1   0  -3  -4  -3  -7  -1   3    0   0   0   0   2   0   0   2   2  53  10   0   3   4   2   2   2   0   3  16  1.46 0.66
  162 A     0   1  -1   1   1  -1   0   0   0  -2  -2   0  -1   0  -4   3   1  -5   0  -3    7   7   2   8   4   3   5   8   2   2   5   6   2   5   0  23   7   0   3   1  0.20 0.20
  163 F    -4  -8  -8  -3   2  -8  -8  -8  -1  -6  -3  -8  -1   9  -8  -4  -7   2   1  -3    2   0   0   2   3   0   0   0   2   0   2   0   2  75   0   2   0   3   4   2  2.62 1.06
  164 V     2  -1  -2  -3  -2  -1   1   2   3  -3  -2  -2  -1   1  -2  -1  -1   0   2   1   20   4   2   1   1   2   8  14   6   1   3   2   1   6   2   4   3   1   6  11  0.22 0.20
  165 S    -1   3  -1  -2  -6   1   0  -1   1  -1  -3   1   1  -1  -1   2   1   2   0  -1    5  15   3   3   0   5   6   5   3   3   3   7   3   3   4  13   8   3   3   5  0.19 0.19
  166 R    -1   0   0   0   2   0   0  -1   2   0  -1   0   2   1   0  -1   0   4   1  -1    5   5   5   5   5   5   5   5   5   5   5   5   5   5   5   5   5   5   5   5  0.09 0.08
  167 D    -1   0   0   0  -3   0   0  -1   2   0  -1   0   1   0   0   0   0   3   1   0    5   5   5   5   0   5   5   5   5   5   5   5   5   5   5   5   5   5   5   5  0.06 0.08
  168 H    -4  -5  -3  -5  -6   1  -5  -5  11  -6  -4  -4  -6  -5  -6  -2  -6   1  -3  -5    2   0   1   0   0   5   0   1  77   0   2   1   0   0   0   3   0   2   1   1  2.98 1.06
  169 G    -3  -3   1  -1  -5  -1  -2   6   1  -3  -3  -2  -3  -4  -2   0  -1   0  -1  -5    1   1   7   3   0   3   2  54   3   1   3   2   1   1   2   7   4   1   2   0  0.94 0.47
  170 D    -3  -3   0   7   5  -4  -2  -4  -1  -6  -6  -5  -6  -5  -1  -2  -5  -6  -1  -3    2   2   4  64  10   1   2   1   1   0   1   0   0   1   3   2   0   0   2   2  1.69 0.72
  171 N     0   0   1   0   1   0  -1   4  -1  -3  -4  -2  -1   0   2   1  -1  -2  -1  -3    6   6   8   4   4   4   3  29   2   1   1   1   2   4  10  11   3   1   2   1  0.34 0.24
  172 S    -2   1   1   0   2  -1  -1  -3   2  -2  -2  -2   0   1  -1   1  -1   1   5  -2    3   7   7   5   4   2   4   2   5   2   4   1   3   5   4  12   4   2  23   2  0.35 0.26
  173 P     0  -1  -2   1  -5  -3  -2  -2  -2  -2  -2  -2  -2  -3   7   0  -3  -5  -3  -2    9   3   2   8   0   1   2   3   1   2   4   3   1   1  48   9   1   0   1   3  1.00 0.48
  174 F    -3  -6  -6  -6  -6  -3  -4  -6  -1  -1  -2  -6  -1   9  -6  -4  -2  -3   0  -4    3   0   0   0   0   1   1   0   2   3   3   0   2  77   0   1   3   0   1   0  2.19 0.82
  175 D    -2  -3   0   7  -6  -1  -1  -3  -2  -5  -6  -3  -3  -4  -2  -2  -1  -2  -1  -4    3   1   3  68   0   3   3   2   1   0   1   1   1   1   3   3   3   1   2   1  1.52 0.65
  176 G    -3  -3  -2  -3  -5  -2  -4   7  -4  -2  -4  -4   0  -1  -2  -1  -2  -5  -3  -5    1   2   1   2   0   2   1  71   0   2   2   1   2   2   3   3   3   0   1   1  1.43 0.58
  177 P    -1   1  -1  -2  -4  -1  -1  -2   0  -1  -3   2  -2  -1   6  -1  -1   0  -4  -2    6   7   3   1   0   2   4   2   2   3   2  11   1   3  39   5   4   1   0   2  0.71 0.37
  178 N    -2  -2   1   1  -1  -1  -2   5   0  -4  -2  -1   0  -1  -2  -1  -2  -2  -1  -4    2   2   6   7   1   3   2  48   2   1   4   4   3   3   2   4   3   1   2   1  0.65 0.34
  179 G     0  -1   0  -2  -4  -1  -2   5   0  -4  -3   0  -2  -3  -2  -1  -2  -2  -2  -2    7   3   5   1   0   3   2  52   2   1   3   6   1   1   2   4   2   1   1   2  0.74 0.37
  180 I     0  -3  -2  -3  -3  -2   0  -3   0   3  -1  -3  -1  -1  -4  -1   3  -4  -2   4    6   1   1   1   0   1   5   2   2  20   5   1   1   2   0   3  18   0   1  28  0.45 0.30
  181 L    -2  -3  -6  -6  -4  -5  -5  -6  -5   0   5  -5   0   1  -5  -5  -3  -1   2   1    3   2   0   0   0   0   0   0   0   4  62   0   1   6   0   0   1   1   8  10  1.05 0.50
  182 A     5  -3  -3  -4  -3  -3  -3   3  -4  -4  -4   0  -3  -4  -3   0   0   4  -3  -3   54   0   0   0   0   0   0  19   0   0   1   5   0   0   0   4   6   7   0   0  0.85 0.42
  183 H    -4  -1  -3  -4  -5  -3  -1  -4  10  -4   0  -3  -3  -3  -1  -2   0   1   1  -4    1   3   0   0   0   0   3   1  62   0  10   0   0   0   3   3   5   2   4   0  1.66 0.61
  184 A     5  -3   0  -3   0  -3  -3  -1  -3  -3  -3  -3  -3  -4   0   2   1  -4  -3  -1   48   0   5   0   2   0   1   3   0   0   1   0   0   0   3  16   7   0   0   4  0.53 0.37
  185 F    -3  -4  -2  -2  -4  -1  -2  -4  -3   0  -1  -2   1   6  -4  -2  -2   4   3  -3    2   0   1   2   0   4   2   1   0   6   4   2   4  44   0   3   2   5  10   0  0.76 0.39
  186 Q     0   0   0  -2   0   0  -1   1   0  -2  -1  -1  -1   3   2   0  -1   0   2  -2    7   5   3   1   2   5   4  10   1   2   3   2   2  17  10   6   1   1  10   1  0.11 0.14
  187 P    -2  -1   0  -3  -4  -1  -1  -2  -3  -4  -3  -1  -1  -4   7  -2  -3  -4  -2  -4    2   3   6   1   0   2   5   3   0   1   3   4   2   0  57   2   1   0   2   1  1.22 0.49
  188 G    -1   0   1   0  -1  -2   0   3  -1  -3  -1   0   0  -2   1   0  -1   2   0  -1    4   4   8   6   1   1   7  25   1   1   5   5   3   2   6   6   3   3   3   4  0.21 0.16
  189 R    -1   0   2   0   0   0   1  -1   0  -2  -2  -1   0  -2   3   2   1  -4   0  -1    3   4  10   5   2   3   9   5   3   3   4   4   2   2  14  14   7   0   3   3  0.19 0.18
  190 G    -1  -1   2   2   0  -1  -1   4   2  -1  -2  -2  -3  -2   0   0  -2  -4  -2  -2    4   3   8  12   2   3   4  28   5   5   5   2   0   2   4   7   2   0   2   3  0.30 0.22
  191 I    -1   0  -1  -2  -1   0  -1  -2   0   3   1  -1   1   1  -2  -1   0   1   2   0    4   6   4   2   1   5   3   3   3  18  13   3   3   5   1   5   7   2   8   4  0.12 0.14
  192 G     0  -1   1  -1   1  -1  -1   4  -1  -1  -3  -2  -1  -3   0   0  -2  -5  -2  -1    7   3   7   3   3   3   4  35   1   4   2   2   2   1   5   8   2   0   1   5  0.39 0.28
  193 G    -2  -2  -5  -6  -7  -6  -6   7  -6  -2  -3  -2  -6  -7  -2  -1  -1  -7  -7  -2    3   2   0   0   0   0   0  70   0   3   3   3   0   0   2   4   5   0   0   3  1.60 0.80
  194 D    -2   2   0   4  -4   0   0   0   0  -2  -2   0  -1  -1  -1  -1  -1  -4  -1  -1    3  11   4  34   0   4   4   8   2   2   2   6   2   3   2   2   3   0   2   5  0.32 0.25
  195 A     1  -2   0  -2   1   0  -2   0   1   2   0  -2   2   0  -2   0   1  -3  -1   1   11   0   5   0   4   4   0   7   6  15   6   0   7   4   0   8   9   0   0  10  0.07 0.11
  196 H    -1   0   1   1   3  -1  -1  -2   2   0   0  -1  -1   1   1   0   0  -2   2  -1    1   8   8   8   8   0   0   1   8   8   8   0   0   8   8   8   8   0   8   0  0.12 0.13
  197 F    -3   0  -4  -4  -4  -3  -4  -4  -3   1   1   1   1   7  -4  -3  -3  -2   3   0    1   5   0   0   0   0   1   1   0   8  11   9   3  46   0   1   0   0   7   7  0.82 0.38
  198 D    -1  -2   3   7  -5  -2   0  -3   0  -4  -5  -3  -4  -4  -3   0  -1  -5  -1  -3    4   2  12  60   0   0   2   1   2   0   1   0   0   0   0   5   4   0   2   3  1.13 0.48
  199 S     0   0   1   4  -3   0   3  -1   0  -2  -2   0   0  -2  -2   0  -1   0  -1  -2    9   5   6  24   0   3  19   2   1   1   4   4   3   2   0   6   3   1   1   2  0.26 0.19
  200 E     1   0   2   5  -4   0   2  -1  -1  -4  -3  -1  -1  -2  -3   1  -1  -4  -1  -3   12   5   8  35   0   3  10   2   1   0   2   2   1   2   0  10   3   0   2   0  0.46 0.27
  201 E    -2  -1  -1  -1  -5   0   6  -2   0  -2  -3  -1  -4  -1  -4  -2  -2  -5   2  -2    3   3   2   3   0   2  55   3   2   2   3   4   0   2   0   2   2   0   8   3  0.92 0.50
  202 T    -2   0   2   0  -1   0  -1  -2   1  -2  -2   2   0   0   1  -1   2   1   2  -1    2   4  11   4   2   4   3   2   4   2   3  14   2   4   8   3  16   2   8   3  0.18 0.18
  203 W    -5  -5  -6  -6  -6   0  -5  -1   2  -5  -2  -6  -5   4  -6  -5  -5  11   3  -5    1   0   0   0   0   5   0   5   4   0   5   0   0  17   0   1   0  51   8   1  2.41 0.86
  204 T    -1   0   0   0   2   0   0  -1   2   0  -1   0   2   1   0  -1   0   4   1  -1    5   5   5   5   5   5   5   5   5   5   5   5   5   5   5   5   5   5   5   5  0.09 0.08
  205 Q    -1   0  -1   1   2  -1   0  -1   1   1  -1  -1   1   0   1   0   0   2   0   0    4   4   3   9   5   3   7   4   4   7   6   4   4   5   7   6   6   2   4   8  0.06 0.06
  206 D    -3  -1   3   3  -7  -2  -1   3   1  -3  -4  -1   0  -2   1   1  -2  -7   0  -3    2   4  11  15   0   2   4  20   4   2   2   3   3   2   8   8   3   0   3   2  0.40 0.30
  207 S    -1   0   2   1  -4   0   0   0   1  -2  -2   0   0   0   1   1   0   0   1  -2    6   6   9   8   0   3   7   7   3   2   4   6   2   4   8  12   5   1   6   3  0.12 0.15
  208 K    -1   0   0   0  -3   0   0  -1   2   0  -1   0   1   0   0   0   0   3   1   0    5   5   5   5   0   5   5   5   5   5   5   5   5   5   5   5   5   5   5   5  0.06 0.08
  209 N     0   0   0   0   2   0   0  -1   1   0  -1   0   1   0   0   0   0  -2   1   0    5   5   5   5   5   5   5   5   5   5   5   5   5   5   5   5   5   0   5   5  0.03 0.05
  210 Y    -1  -1   0  -1   1   0  -1   0   1   0  -2  -1   1   1  -1  -1   2   2   3   0    5   4   5   4   3   5   4   7   4   5   4   4   3   5   3   5  13   2   9   7  0.12 0.11
  211 N    -1  -1   4   3  -7   0  -1  -2   2  -2  -3  -2  -6  -1  -2   0  -2   2   1  -1    6   4  20  15   0   4   4   3   4   3   3   3   0   3   3   7   3   3   5   4  0.37 0.31
  212 L    -2  -3  -2  -1   2  -3  -1  -4  -3   0   4  -2   0   2   1  -3  -2  -3   0   0    3   1   2   5   5   1   4   1   0   4  47   1   1   9   7   1   1   0   4   4  0.40 0.25
  213 F    -2   0  -2  -2  -3   1   0  -3   0   1   1   0   0   5  -2  -2  -2   0   3  -1    2   4   2   2   0   7   5   2   2   7  16   5   2  27   1   2   1   1  10   2  0.29 0.19
  214 L     0  -1   0   0   2   2  -1  -2  -1  -1  -1  -1  -1   0  -2   1   3   4   1  -1    6   1   3   5   5  11   1   2   1   2   7   1   1   3   1  10  22   6   7   3  0.18 0.16
  215 V    -1   0  -1  -3  -2  -1  -2  -3  -2   1   1  -2   0  -1   1  -1   0  -3   1   4    3   7   4   1   0   2   1   1   0   7  10   1   1   0   8   4   4   0   6  40  0.23 0.18
  216 A     3   0   0  -2  -2   0  -2   1  -2  -1  -1  -1   0  -1  -2   1  -1  -3  -2   0   41   4   5   0   0   6   1  12   0   2   6   0   3   3   0   9   2   0   0   6  0.25 0.19
  217 A     1  -2  -1  -1  -1  -1  -2   1  -2   1   0   0   0  -1   0   0   1  -3  -2   1   18   0   3   2   1   0   1  11   0  11   9   5   2   1   5   6  11   0   0  13  0.08 0.08
  218 H    -3  -2   2   1  -1  -1  -2  -3   9  -2  -4   0  -3  -3  -3   0   0  -4  -1  -4    1   0  10   8   2   2   1   1  54   3   1   5   0   0   0   5   7   0   0   1  1.13 0.43
  219 E     0   0  -1   0  -3   1   5  -1  -2  -3  -1  -1  -2  -3  -2   0   0  -3  -3  -1    8   3   1   4   0   3  51   4   0   1   6   1   0   1   1   7   4   0   0   4  0.50 0.26
  220 F    -1  -2  -2  -1   2  -2  -1  -2  -2   2   1  -2   0   3  -3   0  -1  -2   0   1    2   1   1   4   6   1   5   2   0  20  15   1   2  19   1   8   2   0   0   9  0.18 0.13
  221 G    -1  -1  -2   0  -3  -2  -1   6  -3  -1  -4  -2  -3  -4  -3   0  -2  -3  -4  -3    3   5   1   6   0   0   5  65   0   4   1   1   0   0   1   6   1   0   0   1  0.89 0.32
  222 H    -2  -2   0  -2  -3   0  -2  -3   8  -3  -1  -2  -2  -2   3  -1   1  -3   1  -3    1   1   4   1   0   3   1   1  48   1   6   1   0   0  16   3   9   0   4   1  0.94 0.35
  223 S     1   0  -1   0   0  -1   0  -1  -2   0   0  -1   0  -2   1   2   1  -3  -2   1   14   7   2   5   2   0   7   2   0   5   7   0   2   0   7  18  11   0   0  11  0.11 0.09
  224 L    -1   1  -3  -3  -2  -2  -2  -1  -1   1   3   0   1   0  -3  -2  -2   4  -1   1    4  10   0   0   0   0   1   5   2  10  36   7   2   2   0   1   1   6   0  12  0.21 0.14
  225 G    -1  -2  -1   0  -3   0  -2   5  -2  -3  -3   0  -3  -3  -2  -1   0   4  -3  -2    1   1   1   7   0   4   1  53   0   1   1   8   0   0   1   4   7   7   0   3  0.63 0.24
  226 L    -2  -3  -3  -1  -2  -2  -2  -3  -3   0   4  -2   1   0   1   0   1  -3  -2   0    1   0   0   4   0   0   1   1   0   3  51   1   3   2   8   7  11   0   0   6  0.34 0.20
  227 S     0   1  -1   1   0   0   1   2  -1  -3  -3  -1   0  -2   0   1   0  -1  -2  -2    9   8   3   9   2   4  11  17   1   1   2   3   2   2   4  11   7   1   1   2  0.18 0.17
  228 H    -3  -5  -4  -2  -7  -1  -1  -2  11  -7  -6  -1  -6  -6  -6  -5  -6  -6   0  -7    3   0   0   3   0   3   4   3  73   0   1   4   0   0   0   0   0   0   3   0  2.77 1.06
  229 S    -2   0  -2  -2   1   0  -4  -1  -5  -2  -4  -4  -5  -2  -2   6   0  -6  -5  -1    2   4   2   2   3   4   0   5   0   2   2   0   0   2   2  58   5   0   0   5  0.97 0.60
  230 T    -1   0   3   2  -4   0  -1  -2   0  -2  -2  -1  -1  -2   1   2   2   0  -1  -1    4   4  15  10   0   3   4   3   2   1   3   4   1   1   8  13  13   1   3   5  0.23 0.21
  231 D     0   0   1   2   1   0   0  -2   1   0  -1  -1   0   0  -3   0   0  -4   0   2    8   4   6  13   3   4   5   3   4   5   4   4   3   3   0   5   5   0   4  18  0.10 0.15
  232 P    -1   1   0   0  -4   1   1  -2   1  -1  -2   1   0   0   2   0   0   2   0  -1    4   8   5   4   0   7   7   3   4   4   4   9   3   3  13   5   7   3   4   3  0.14 0.15
  233 G    -1   1   2   1  -4   0   1   3   0  -3  -2   0  -2  -3  -2   1   1  -4  -2  -3    4   8  11   9   0   3   9  21   2   1   4   5   1   1   2  10   8   0   1   1  0.27 0.22
  234 A     5  -5  -4  -1  -1  -4  -3  -2  -5  -5  -3  -4  -4   0  -1   4  -1  -6  -5  -3   45   0   0   4   1   0   2   3   0   0   2   0   0   4   3  30   3   0   0   1  0.94 0.58
  235 L    -2  -2  -1  -3  -4  -3  -1  -5  -5   4   3  -4   1  -2  -4  -3  -2   1  -4   3    3   2   3   2   0   1   4   1   0  28  25   0   2   1   0   1   2   2   0  22  0.63 0.36
  236 M    -5  -5  -5   0   3  -4  -5  -6   2  -1  -1  -1  10  -4  -6  -2  -1  -5   0  -4    0   0   0   5   5   0   0   0   4   3   4   4  60   0   0   4   4   0   3   0  1.80 0.84
  237 Y     1  -1  -1  -3   0  -1  -1  -2   4  -2  -2  -2   1   4  -4  -1   0   2   4  -2   15   4   2   0   2   3   3   3  11   2   3   2   4  15   0   3   5   2  17   2  0.38 0.27
  238 P    -1  -1  -4  -4  -4  -1  -2  -1   0   0  -2  -1   0   2   6   0  -1   4   0  -2    5   4   0   0   0   2   3   6   2   5   3   3   2   8  37   7   4   5   3   2  0.66 0.38
  239 N    -2   1  -1  -2  -1  -2  -2  -3  -1   0  -1  -1   0   4   0   0   1   3   4  -1    3   8   2   2   1   2   2   2   1   5   4   4   3  17   5   9  11   3  13   3  0.26 0.24
  240 Y    -3  -5  -3  -2  -1  -5  -1  -4   0   0  -2   0  -2   2  -3  -3  -3   3   8  -2    3   0   1   3   1   0   4   1   2   5   4   6   1   6   2   2   2   3  48   3  1.15 0.65
  241 A     0   1   0  -2   0   2  -1   0   0  -1  -1   1   0   0   0   1   0  -1  -2  -1    5  10   4   2   2   9   3   8   3   3   5   9   3   5   5  12   7   1   1   3  0.10 0.12
  242 Y    -1   0  -1  -2  -4  -2  -2   3   0  -3  -2  -1  -1   2   1  -1  -2   4   4  -2    4   6   3   2   0   1   2  20   2   1   4   4   1   8   7   5   3   5  16   3  0.35 0.28
  243 R    -1   2  -1  -2  -2   1  -2   1   1  -2  -2   0   1   1  -2  -1  -1   0   4  -1    4  12   3   2   1   6   2  13   4   3   4   4   3   6   2   4   4   1  17   5  0.23 0.22
  244 E    -2  -2   2   3  -4   0   2  -1   0  -2  -2   0   0   0   0   0   1  -4   0  -1    3   2  10  16   0   4  13   4   2   2   5   7   2   4   5   6   9   0   3   4  0.20 0.18
  245 P    -1   1   0  -1  -1   0  -1   0   0   0  -1  -1   1  -1   3   0   0   2   0   0    4   7   4   3   1   4   4   7   2   6   5   3   4   3  17   7   7   3   4   6  0.14 0.12
  246 S    -1   1   1   0  -4   0   0  -1   0  -2  -2   2  -1  -1   2   1  -1  -4  -1  -1    5   7   6   6   0   4   6   6   3   2   5  12   2   3  12  11   3   0   3   4  0.15 0.15
  247 T    -3   1   4   2  -4  -1  -1   1   0  -1  -2   1  -2  -3   0   0   1  -4  -2  -1    1   8  18  10   0   3   3   9   3   4   3   9   1   1   4   7   9   0   2   4  0.25 0.21
  248 Y    -2   0  -3  -3  -2  -2  -3  -3  -3   0   0  -2  -1   6   1  -3  -2  -2   4   0    3   6   2   1   1   2   2   2   1   5  10   3   1  33   7   2   3   0  12   6  0.69 0.38
  249 S    -1   2   0   0   0   2   1  -2   1  -1  -3   2  -2  -3  -1   1   1  -5  -2   0    4   9   4   5   2  10   9   3   4   4   1  15   1   1   3   9   7   0   1   7  0.20 0.20
  250 L    -6  -6  -7  -7  -6  -4  -4  -7  -6  -1   7  -6  -1  -3  -3  -3  -6  -6  -2  -3    1   0   0   0   0   1   2   0   0   2  83   0   1   1   2   2   0   0   1   2  1.88 0.88
  251 P    -2  -3   0   2  -5  -1  -3  -1   6  -6  -5  -3  -5  -4   4   3   0  -6  -2  -5    3   2   4   9   0   2   2   5  16   0   1   2   0   1  23  22   6   0   1   0  0.83 0.53
  252 Q     0   1   0   1  -4   3   2  -3   1  -2  -2   0  -1  -1   1   0  -1   2   2  -2    8   7   4   7   0  14  11   2   3   3   3   6   1   2   7   6   3   3   7   2  0.21 0.20
  253 D    -4  -3  -2   8  -3  -3   0  -3  -3  -5  -5  -4  -6  -6  -4  -2  -3  -7  -2  -3    2   1   1  71   1   1   6   2   1   1   2   1   0   0   1   3   2   0   2   2  1.87 0.88
  254 D    -6  -4  -1   8  -7  -5  -3  -6  -6  -7  -7  -6  -7  -7  -3  -3  -4  -7  -7  -7    1   1   3  85   0   0   2   1   0   0   1   0   0   0   1   2   1   0   0   0  2.66 1.15
  255 I    -3   1  -6  -3  -3  -4  -4  -5  -4   6  -1   0   0  -4   0  -3  -2  -3  -4   3    2   9   0   2   1   1   1   1   1  41   4   6   2   1   5   2   3   0   1  20  0.92 0.50
  256 N     1   3   1   1  -1   2   0  -3   0  -2   1   1   0  -3  -3   0  -1   0  -2  -2   11  14   7   7   1  10   6   1   2   2  13   9   2   1   1   5   3   1   2   3  0.19 0.20
  257 G     3   0  -1  -2  -4  -2  -4   6  -2  -4  -4  -3  -3  -1  -5  -2  -2  -3  -4  -5   21   5   3   2   0   2   1  50   1   1   2   2   1   3   0   2   2   0   0   1  1.03 0.57
  258 I    -3  -7  -7  -7  -3  -7  -7  -7  -7   8   0  -7   2  -1  -2  -6  -3  -7  -3   1    2   0   0   0   1   0   0   0   0  67   7   0   4   2   3   0   2   0   1   9  1.83 0.82
  259 Q    -4   1  -1  -5  -7   8  -1  -7   0  -6  -5  -1  -3  -4  -5  -5  -2   4   1  -5    1   6   4   1   0  61   3   0   2   1   2   4   1   1   1   1   2   6   4   1  1.79 0.95
  260 T     1   2   1  -1  -1   0   1  -1   3  -1  -2  -1   2  -1   0   0  -1   4  -1  -1   14  12   6   2   2   5   8   4   7   3   3   3   6   3   5   5   2   5   2   3  0.14 0.17
  261 I    -2  -1  -1  -2  -4  -1  -1  -2   0   1   3   1   1   0   0  -2  -1  -4  -3  -1    3   3   3   2   0   2   3   4   3   9  37  10   4   3   5   2   3   0   0   3  0.28 0.25
  262 Y    -5  -1  -1  -5  -6  -5  -1  -1   1  -2  -5  -5   0   0   0  -2   0   2   8  -5    1   4   3   0   0   0   5   5   3   3   1   0   3   3   5   3   5   3  55   0  1.47 0.76
  263 G     0   0   0   0   2   0   0  -1   1   0  -1   0   1   0   0   0   0  -2   1   0    5   5   5   5   5   5   5   5   5   5   5   5   5   5   5   5   5   0   5   5  0.03 0.05
  264 P    -1   1   1   0   1   0   0  -1   1   0  -1   1   0   0   1   0   0  -3   0  -1    4   7  10   4   3   4   4   5   4   5   6   8   3   5   8   6   7   0   3   4  0.05 0.08
  265 S    -2   1   2   1   0  -1  -2  -2   0  -2  -2   2  -1  -2   4   0  -1   2   0  -2    3   9   8   7   2   3   2   3   3   2   3  12   2   2  18   7   4   3   3   2  0.26 0.27
  266 D    -2   1   1   1   0  -1   0  -2   1  -1  -3   0   0   0   3   0   0   1   0   0    3   7   7   7   2   3   6   4   4   3   3   6   2   4  13   8   6   2   4   6  0.14 0.15
  267 N    -1   0   0   0  -3   0   0  -1   2   0  -1   0   1   0   0   0   0   3   1   0    5   5   5   5   0   5   5   5   5   5   5   5   5   5   5   5   5   5   5   5  0.06 0.08
  268 P    -1   0   0   0   1   0  -1  -1   1  -1  -2   0   1   1   2   0   2   2   1  -1    5   5   5   5   3   5   4   4   4   4   4   5   3   5   9   7  11   3   4   4  0.10 0.11
  269 V    -2   0   0   0   1   0   0  -1   1  -1  -2   0   0   0   3   0   1   2   1  -1    3   6   5   5   3   4   5   5   4   4   4   6   3   3  15   7   8   3   4   5  0.15 0.15
  270 Q    -1   1   0   1   0   1   0  -1   1  -2  -2   0   0   0   2  -1   1   3   0  -1    4   6   5   7   2   7   5   6   3   3   4   6   2   4  11   5   9   4   3   4  0.13 0.14
  271 P    -1   0   0   0  -7  -1   0  -1   1  -2  -2   0   0  -1   4   0   2   3  -1  -1    5   5   4   5   0   3   5   5   3   3   4   5   2   3  19   8  11   3   2   4  0.28 0.26
  272 T    -1   0   1  -1  -2   0  -1  -1   2  -1  -2  -1   0  -1   4   0   2   1   0  -1    5   5   5   4   1   4   4   5   4   4   4   4   2   2  17   8  11   2   3   5  0.19 0.19
  273 G    -2   1   0   0   0   0  -1  -1   0  -1  -2  -1   0  -1   3   0   1   2   1  -1    3   6   4   5   2   4   4   6   3   4   4   5   2   3  17   8  10   3   4   4  0.19 0.19
  274 P    -1   0   0   0   2   0   0  -1   2   0  -1   0   2   1   0  -1   0   4   1  -1    5   5   5   5   5   5   5   5   5   5   5   5   5   5   5   5   5   5   5   5  0.09 0.08
  275 S    -1   0   0   0   1   0   0  -1   1  -1  -2   0   1  -1   3   0   1   2   0  -1    6   5   5   5   3   4   5   5   4   4   4   5   3   3  13   7   9   3   3   4  0.12 0.13
  276 T    -1   0   1   0   1   0  -1  -1   1   0  -2   0   1   0   2   0   2   2   0  -1    6   4   6   5   3   5   4   5   4   4   4   5   3   4  10   6  11   2   4   5  0.09 0.10
  277 P    -1   0   0   0   2   0  -1  -1   2   0  -1   0   2   0   0  -1   0   3   1  -1    5   5   5   5   5   5   5   5   5   5   5   5   5   5   5   5   5   5   5   5  0.03 0.09
  278 T    -1   0   0   0   2   0  -1  -1   2   0  -1   0   2   0   0  -1   0   3   1  -1    5   5   5   5   5   5   5   5   5   5   5   5   5   5   5   5   5   5   5   5  0.03 0.09
  279 A    -1   0  -1   0   2   0  -2  -2   1  -1  -2   0   1   0   4  -1   0   3   0  -1    5   5   3   6   4   3   3   4   4   3   4   5   3   4  17   5   6   3   3   4  0.17 0.21
  280 C    -1   0   0   0   2   0  -1  -1   2   0  -1   0   2   0   0  -1   0   3   1  -1    5   5   5   5   5   5   5   5   5   5   5   5   5   5   5   5   5   5   5   5  0.03 0.09
  281 D    -1   0   0   0   2   0  -1  -1   2   0  -1   0   2   0   0  -1   0   3   1  -1    5   5   5   5   5   5   5   5   5   5   5   5   5   5   5   5   5   5   5   5  0.03 0.09
  282 P     0   0   0   0   2   0   0  -1   1   0  -1   0   1   0   0   0   0  -2   1   0    5   5   5   5   5   5   5   5   5   5   5   5   5   5   5   5   5   0   5   5  -0.00 0.06
  283 H    -2  -1   1   1   1   0   0  -1   2  -1  -1   0   1   0   1   0   0   2   0  -1    4   4   6   9   3   4   5   4   4   4   5   5   3   4   8   6   6   3   3   5  0.03 0.09
  284 L    -1   0   0   0   2   0  -1  -1   2   0  -1   0   2   0   0  -1   0   3   1  -1    5   5   5   5   5   5   5   5   5   5   5   5   5   5   5   5   5   5   5   5  0.03 0.09
  285 R    -2   1   1   0   1   0  -1  -2   2  -1  -2   1   0  -1   0   2   1   2   0  -1    4   7   5   4   2   3   4   4   4   4   3   9   2   3   5  14   7   3   3   4  0.06 0.15
  286 F    -2  -2  -1   1  -7  -1  -1  -2  -6   0  -1  -2   1   5   0  -2  -1   2   2   0    4   3   4   7   0   3   5   3   0   6   6   3   3  20   6   3   4   3   6   7  0.27 0.25
  287 D    -1   0   0   0   2   0   0  -1  -2   0  -1   0   1   0   0   0   0   3   1   0    5   5   5   5   5   5   5   5   0   5   5   5   5   5   5   5   5   5   5   5  0.02 0.09
  288 A    -1   0   0   0   2   0  -1  -1   2   0  -1   0   2   0   0  -1   0   3   1  -1    5   5   5   5   5   5   5   5   5   5   5   5   5   5   5   5   5   5   5   5  0.03 0.09
  289 A     0  -1  -1  -1   1  -1   0  -2   1   1  -2  -1   1   1   1  -1   0   2   0   1    7   4   3   4   3   3   7   3   3   9   3   3   4   5   8   5   5   3   4   9  0.04 0.10
  290 T     0  -1   0   0   0  -1  -2  -2  -1  -1  -1  -1   1  -2   0   1   3   1  -1  -1    8   3   5   5   2   2   3   4   2   4   7   3   4   2   5  10  18   2   2   5  0.10 0.19
  291 T    -2  -1  -1  -2   0   1  -2  -2  -1   0  -1  -2   3  -2   0   1   4  -7   0   0    3   4   3   3   2   6   3   3   1   6   6   3   6   2   5  10  21   0   3   7  0.20 0.26
  292 L    -1  -1  -1   0  -1  -1  -1  -2   1   2   1  -1   1   1   1  -1   0   0   0   0    4   3   3   5   1   3   4   4   4  12  12   3   3   6   7   5   6   1   4   6  0.02 0.07
  293 R     0   0   0   0   2   0   0   0   1   0  -1   0  -1   0   0   0   0  -2   1   0    5   5   5   5   5   5   5   5   5   5   5   5   0   5   5   5   5   0   5   5  0.00 0.06
  294 G    -1   0   0   0  -3   0   0  -1   1   0  -1   0   1   0   0   0   0   3   1  -1    5   5   5   5   0   5   5   5   5   5   5   5   5   5   5   5   5   5   5   5  0.02 0.09
  295 E    -2   2   1   0   1   0   2  -2   2  -2  -3   0   1  -1   0   0   0   2   0  -1    3   9   7   4   3   5  12   4   4   3   3   6   3   3   4   8   5   3   3   4  0.08 0.15
  296 I    -1  -1  -1  -1  -4  -1  -2  -2  -4   1   1  -1   1   0   1   0   3   1  -1   1    4   4   3   3   0   2   2   3   0   9  12   3   4   3   6   6  18   2   2   9  0.11 0.21
  297 Y    -4  -2  -3  -3  -1  -2  -4  -3   1   0   0  -2   1   4  -1  -1  -1   1   6  -1    2   3   1   2   1   2   2   2   3   5   8   3   3  13   3   6   4   2  25   5  0.60 0.44
  298 F    -1   0   0   0  -3   0   0  -1   1   0  -1   0   1   0   0   0   0   3   1  -1    5   5   5   5   0   5   5   5   5   5   5   5   5   5   5   5   5   5   5   5  0.02 0.09
  299 F    -2   0  -3  -1   1  -1  -1  -1   1  -1  -1  -1   0   4   2  -1   0   3   1  -1    3   5   0   3   3   3   4   4   4   4   5   3   3  19  12   3   7   3   4   3  0.20 0.27
  300 K    -1   1   0  -1  -3   1   0  -1   1  -1  -2   2   0   0   0   0   1  -3   2  -1    4   7   5   3   0   6   3   4   3   4   3  17   3   3   4   5   8   0   9   4  0.08 0.18
  301 D     0   0   0   0   2   0   0   0   1   0  -1   0   1  -2   0   0   0  -3   1   0    5   5   5   5   5   5   5   5   5   5   5   5   5   0   5   5   5   0   5   5  0.01 0.08
  302 K     0   0   0   0  -3   0   0  -1   1   0  -1   0  -1   0   0   0   0   3   1  -1    5   5   5   5   0   5   5   5   5   5   5   5   0   5   5   5   5   5   5   5  0.03 0.09
  303 Y    -1   0   0   0   2   0  -1  -1   2   0  -1   0   2   0   0  -1   0   3   1  -1    5   5   5   5   5   5   5   5   5   5   5   5   5   5   5   5   5   5   5   5  0.03 0.09
  304 F    -2  -2  -1  -1   1  -1  -1  -1   1  -1  -1  -2   2   4  -1  -2  -1   2   4   1    3   3   3   4   3   3   4   6   3   4   5   3   4  14   4   3   5   2  12   8  0.22 0.22
  305 W    -2  -1  -1  -3   0  -2  -2  -2   1  -1  -2  -7   0   2   0  -3   0   9   3  -2    4   4   3   2   2   2   3   3   3   4   4   0   2   8   6   2   5  27   7   4  0.96 0.65
  306 R    -3   5  -1  -1  -1   0  -2  -2   3  -2  -3   1   0  -2   1  -1   0   1  -2  -2    3  27   3   3   1   4   3   4   6   3   3   8   2   2   7   4   6   2   1   3  0.39 0.36
  307 R    -3   2  -2  -2  -2  -1  -2  -4   0   2   0   1   1  -1  -1   0   1   0   0   1    2  12   2   3   1   3   3   1   2  11   9   8   3   3   3   8   7   1   3   9  0.13 0.17
  308 H    -4   0   4   2  -2   0  -1  -1   3  -2  -4  -2  -1  -2  -1   2   1  -1   1  -4    2   5  18   9   1   4   5   5   6   2   2   3   2   2   4  12  10   1   5   2  0.38 0.33
  309 P    -1   0   2   2  -2  -2  -1   0   0  -2  -3  -1  -2  -1   4   1   0  -1  -3  -3    4   5   8  10   1   2   5   7   2   2   3   4   1   3  22  10   7   1   1   2  0.37 0.34
  310 Q    -3   2   1   2  -7   2   0   0   1  -3  -3   1  -2   0  -1   1  -1   1   1  -2    2  11   7  11   0   9   5   8   3   2   2   7   1   4   4  10   4   2   4   3  0.23 0.22
  311 L    -2   0  -1   1  -3  -1  -2   3  -2  -1   1   0   0  -1  -1   0   1   1   0   0    3   6   2   7   1   3   3  19   1   3  13   5   3   3   3   6   8   2   3   7  0.14 0.14
  312 R    -1   2   0   1  -2  -1   0  -1   1  -1  -1   1  -1  -2   2   0   1  -6   0   0    5  11   5   8   1   3   6   4   3   3   5   7   2   2  10   7   8   0   3   7  0.12 0.13
  313 T    -1   0   0   1  -2   0   1  -1  -1  -1  -3   1  -3  -2   2   1   1  -2  -1  -1    6   6   4   8   1   4  10   5   2   4   3   7   1   2  11  10   8   1   3   4  0.15 0.17
  314 V    -1  -1  -2  -2  -2  -2  -2   2  -2   1  -1  -2  -1  -3   2   1   1  -2   1   1    4   3   2   2   1   2   3  17   1   8   6   3   1   1  11   9   9   1   4  10  0.21 0.20
  315 D    -4   1  -1   2  -4   1   3   1  -1  -2  -5  -1  -7  -3   1  -1  -1  -1   5  -6    2   6   3  12   1   5  16   9   2   2   1   5   0   1   7   5   4   1  17   1  0.53 0.41
  316 L    -3  -2  -3  -4  -8  -1  -2  -1  -1  -2  -1  -2  -1  -1   7  -2  -2  -9  -5  -4    2   3   2   1   0   3   4   6   2   2   6   3   2   3  53   4   3   0   1   2  1.30 0.83
  317 N     0   1   1   0  -2   0  -2   0   2  -1  -2   1   2  -1   1   0   0  -2   0   0    8   9   7   6   1   4   3   6   4   4   4   8   5   3   7   5   6   1   3   6  0.09 0.09
  318 F    -1   2  -2  -1  -6   1   0  -4   1  -2   2   2  -2   0   2   0   0  -1  -1  -3    5   9   2   4   0   5   5   2   3   2  16  10   1   4  12   8   6   1   3   2  0.21 0.21
  319 I    -3  -2  -3  -3  -2  -4  -3  -5  -3   7   0  -6  -1  -2   1  -3   1  -3  -3   1    3   3   2   2   1   1   2   1   1  44   9   1   1   2   6   3   7   1   1  10  1.00 0.55
  320 S    -1   1   1  -1  -7   0  -1  -2   3  -4  -5   1  -2  -5   0   4   2  -4  -2  -4    6   8   6   4   0   5   4   4   6   1   2   7   1   1   5  26  12   0   2   1  0.48 0.40
  321 L    -2   3   1   2  -6   0   0  -3   2  -2  -2   0  -2  -3  -2   2   1   0   0  -2    3  13   6  11   0   4   6   2   5   3   5   6   1   1   3  14   9   1   3   3  0.26 0.24
  322 F    -4   0  -3  -1   0  -3  -2  -1   2   0   0  -1   0   5  -1  -3  -1   0   3   0    2   5   2   4   2   1   3   5   4   5   9   4   2  24   3   3   5   1   9   8  0.45 0.28
  323 W    -3  -3  -8  -3  -8  -4  -3  -5  -1  -4  -2  -4  -1   4  -2  -3  -2  11   2  -5    3   2   0   2   0   1   3   1   2   2   5   1   1  16   2   3   3  46   6   1  2.23 1.11
  324 P    -2   2  -1  -2  -3  -1  -2  -3  -1  -5  -6   1  -2  -2   7  -2  -1  -3   0  -3    4   9   3   3   1   3   3   2   2   1   1   7   1   2  44   3   5   1   3   2  1.05 0.69
  325 F    -1  -1   1   0  -4   0   1   4  -2  -4  -4   0  -2   1  -3   1  -1  -1  -3  -4    5   4   6   6   0   4   8  31   1   1   2   6   1   5   2   9   5   1   1   2  0.46 0.34
  326 L     0  -4  -2  -5  -1  -5  -5  -3  -3   2   5  -3  -1  -1  -4  -3  -1  -3  -1   1    7   1   2   1   1   1   1   3   1  12  45   2   2   3   2   2   4   0   2   8  0.78 0.45
  327 P     0   0   0   0   2   0   0  -1   1   0  -1   0   1   0   0   0   0  -2   1   0    5   5   5   5   5   5   5   5   5   5   5   5   5   5   5   5   5   0   5   5  0.03 0.05
  328 N     0   0   2   2   0  -1   0   1   0  -2  -3   0  -1  -2   0   1   2   1  -2  -2    8   5   9  10   2   2   5   9   2   2   2   4   1   2   5  12  13   2   1   3  0.16 0.18
  329 G    -1   1   2   1  -4   0  -1   0   3  -1  -2   0  -1  -2   1   0   0   0  -1  -1    4   8  12   9   0   3   2   9   7   5   3   7   1   2   8   7   7   1   2   4  0.15 0.16
  330 L    -2  -3  -6  -6   2  -5  -3  -2  -6   5   1  -3   0   0   1  -2  -2  -5  -1   3    3   2   0   0   4   0   2   3   0  28  11   2   2   4   7   4   3   0   2  23  0.61 0.39
  331 Q    -4  -1   1   7  -7   1   0  -3  -1  -3  -4  -2  -1  -2  -3  -2  -1   0  -3  -2    1   3   5  52   0   7   5   2   2   1   2   2   1   2   2   3   5   1   1   3  1.12 0.66
  332 A     5  -4  -2  -1  -2  -2  -2   1  -2  -5  -6  -1  -5  -2   0   0   1  -6  -1  -4   50   1   2   4   1   2   3   8   1   0   0   4   0   2   4   6   8   0   2   1  0.80 0.56
  333 A     5   0  -1  -1   0  -4  -2  -1  -2   0  -3  -2  -1  -2  -5  -1   0  -5  -2   2   41   5   3   3   2   0   2   4   1   4   2   3   2   2   0   4   5   0   2  15  0.54 0.42
  334 Y    -1  -3  -3  -3  -2  -5  -5  -3   0   1  -1  -3  -1   4  -2  -3  -1   1   6   2    6   2   1   2   1   0   0   2   2   6   6   2   1  16   2   2   4   1  30  11  0.79 0.48
  335 E    -2  -2   0   1  -1   1   3  -4   2  -1  -2  -2  -2  -2  -3  -1   3   2   3  -1    3   2   4   8   1   5  21   1   5   3   5   2   1   2   1   4  17   2   9   4  0.35 0.32
  336 D    -1   3   1   1  -4   0   0  -2   0   0  -3   0  -1  -2   0   1   1   1  -1   0    4  14   8   8   0   3   5   3   2   5   2   4   2   1   5  13  10   2   2   6  0.16 0.19
  337 F    -1   1  -1  -2  -4   0  -1  -1   1  -1  -2   0  -1  -1   4   1   0   5   1  -1    4   7   2   2   0   3   3   6   3   3   3   6   1   2  21  11   6   7   4   5  0.32 0.29
  338 D    -1   1   1   2  -3   0   1  -1   0   0  -1   0  -1  -1   1   1   0   0   0  -1    4   9   5  10   0   4   8   4   3   5   7   4   2   3   7  10   6   1   4   3  0.08 0.10
  339 R    -3   3   3   3  -6  -1  -1   2  -1  -4  -4   1  -3  -3  -3   0   1  -2  -2  -4    2  16  12  18   0   3   4  14   2   1   1   7   1   1   1   6  10   1   1   1  0.44 0.37
  340 D    -1   0   0   0  -3   0   0  -1   2   0  -1   0   1   0   0   0   0   3   1   0    5   5   5   5   0   5   5   5   5   5   5   5   5   5   5   5   5   5   5   5  0.06 0.08
  341 L    -1   1   0  -1  -3   0   0  -1   2   1  -1   2   1   1   0  -1   0   2   1  -1    5   7   5   3   0   5   4   3   5   8   4  13   4   6   4   4   5   3   5   5  0.07 0.11
  342 V    -1  -2  -2  -3  -4  -2  -2  -2  -1   3   0  -1   1  -1  -1  -1   3   0  -1   3    4   2   2   2   0   2   2   3   2  18   7   3   3   3   3   3  21   1   2  19  0.34 0.31
  343 F    -3  -1  -3  -2  -5  -2  -1  -3   1   0   0  -2   1   4  -3  -2  -1   2   5   0    2   4   1   3   0   1   4   3   4   5   8   3   3  19   2   3   5   3  22   6  0.50 0.38
  344 L    -2  -2  -2  -5  -1  -2  -2  -1  -1   2   1  -2   0   6  -1  -4  -1  -3   2   1    3   2   2   0   1   2   2   5   1  11  11   3   2  32   4   0   3   0   5   8  0.55 0.38
  345 F    -3  -3  -3  -6   0  -3  -2  -2   0  -1  -1  -1  -1   8  -1  -3  -1  -4   1  -2    2   1   1   0   2   1   3   4   2   4   6   4   1  51   4   2   4   0   4   3  1.13 0.66
  346 K    -2   1  -1   0  -5   1  -1   0   1  -1  -4   4  -2  -2  -2   1   0   0   1  -2    2   7   3   5   0   7   2   9   3   3   1  29   1   2   2   9   7   1   5   3  0.35 0.33
  347 G    -2   1   0   1  -6  -1   0   5  -5  -6  -4  -1  -5  -2  -2  -1   0  -6  -2  -2    2   7   5   8   0   3   5  46   0   0   2   3   0   2   2   4   7   0   1   3  0.73 0.50
  348 R    -1   2   3   2  -2   0  -1   0   1  -3  -3   1  -2  -4   1   1   1   0  -3  -2    4  11  13  13   1   3   3   6   4   1   2   9   1   1   7  11   8   1   1   2  0.27 0.26
  349 Q    -3   2  -1  -2  -2   3   0  -3   0  -2  -2   3   0   0  -1   0   0   0   3  -1    1  12   3   2   1  14   6   2   2   3   3  15   2   4   3   7   6   1   9   4  0.28 0.28
  350 Y    -4  -4  -6  -7   0  -4  -6  -3   0   0  -2  -2   1   4  -2  -3  -1   0   7   2    1   1   0   0   2   1   0   3   2   4   3   3   4  13   2   3   5   1  40  12  1.17 0.68
  351 W    -2  -7  -5  -7  -7  -4  -2  -2  -2   0  -3  -2   0  -1  -2  -1  -1  11   3  -3    4   0   1   0   0   1   3   3   1   5   3   2   3   3   3   5   5  45  10   2  1.84 0.95
  352 A     0   3  -2   0  -2   0   0  -2  -2   0  -1   1  -1  -2  -1  -1   0  -2  -1   2    6  16   1   5   1   5   7   2   1   5   6   7   1   1   3   5   6   1   2  20  0.15 0.19
  353 L    -4  -2  -3  -1  -3  -1  -2  -6   0   0   0  -2   0   5  -3  -2  -1  -1   5   1    1   3   1   4   1   3   3   0   2   6   8   3   2  25   2   3   4   1  21   8  0.66 0.45
  354 S    -2   2   1   2  -5  -1  -1  -2   1  -4  -4   1  -3  -1   1   2   2   0   0  -3    3  11   8  12   0   3   3   2   4   1   2  10   0   2   8  14  11   2   3   1  0.28 0.30
  355 A     0  -1   2   1  -5  -1   0   3   1  -4  -2  -2  -4  -2   0   1   0  -2  -1  -3    6   3  11   9   0   2   5  26   3   1   4   2   0   2   4  10   6   1   2   2  0.29 0.29
  356 Y    -1   1   2   0  -4   0   0  -1   3  -2  -1   0  -1   1  -2   0   1   0   2  -3    4   8  11   5   0   4   5   4   8   2   7   5   1   8   2   7  11   1   8   1  0.16 0.20
  357 D    -1   2   1   1  -4   1   0  -1   0  -1  -3   2   0  -2  -1   0   2  -4  -2  -1    3  12   8   8   0   6   6   3   2   4   1  11   2   2   3   7  12   0   1   5  0.16 0.21
  358 L    -2  -1  -2  -2  -4  -1  -2  -2  -1   1   3  -2   3  -1   2  -2  -1  -3  -2   2    3   4   2   2   0   3   2   3   2   7  29   3   9   2   9   3   3   0   1  13  0.29 0.29
  359 Q    -1   0  -2   1  -4   1   2  -2  -1   0   1   1   1  -2  -2   0   0  -4  -1   1    4   6   1   9   0   7  15   2   1   5  13   8   3   1   2   6   5   0   2   9  0.12 0.18
  360 Q     0   1  -1   0  -5   0   1  -2   1  -3  -3   0  -3  -2   4   1  -1  -1   0  -2    9   7   2   4   0   4  11   2   4   1   3   6   1   2  21  11   3   1   4   2  0.31 0.31
  361 G    -2  -1   0   1  -6  -4  -3   6   1  -4  -4  -3  -5  -3  -2  -1  -2  -6  -1  -3    2   3   5   8   0   1   2  53   3   1   2   1   0   1   3   5   3   0   2   2  0.95 0.61
  362 Y    -4  -1  -2  -3  -3  -2  -3  -2   0  -3  -3  -2  -4   3  -1   0  -3   3   7  -1    1   3   2   2   1   2   2   3   2   1   3   3   0  11   3   8   1   4  41   4  1.00 0.62
  363 P    -2  -2  -6  -4  -7  -5  -6  -3  -6  -3  -7  -3  -7  -4   8  -3  -2  -7  -4  -5    3   3   0   1   0   1   0   3   0   2   1   2   0   1  73   3   2   0   1   1  2.19 1.21
  364 R    -3   5  -1  -3  -3   2  -2  -2  -1  -2  -2   5  -1  -1  -3  -3  -3  -6  -4  -3    2  30   2   2   1   7   2   4   2   3   4  29   1   3   1   2   1   0   1   2  0.76 0.57
  365 D    -2   2   2   1  -5  -2  -1  -4  -1  -3  -1   1  -3  -3   4   2   0  -6  -1  -4    2   9   8   7   0   1   3   1   2   1   6   9   0   1  22  15   5   0   2   1  0.42 0.42
  366 I    -3  -3  -6  -3   0  -4  -4  -5  -3   6   3  -3   0  -2  -2  -3  -1  -4  -4   1    2   2   0   2   2   1   1   1   1  39  26   2   2   2   3   2   3   0   1   6  0.80 0.53
  367 S    -1   1  -1  -2  -3  -1  -1  -3   1  -2  -4   1  -2  -4   1   4   2  -3   2  -2    4   9   2   2   0   2   4   2   3   2   1   7   1   1   7  27  14   0   6   2  0.37 0.41
  368 N    -1  -1   0   4  -1   1   3  -3   1  -3  -3   0  -3  -2  -1   1   0  -5   1  -3    4   4   5  20   1   5  17   2   3   1   2   6   1   1   2  10   5   0   4   2  0.32 0.32
  369 Y    -3  -1  -2  -3  -3  -2  -2  -2   0  -1   3  -3   1   4  -1  -1  -1   3   2   0    1   3   2   1   1   2   2   3   2   3  28   1   4  17   4   5   4   4   6   5  0.34 0.29
  370 G    -2  -2   1  -1  -3  -2  -4   6  -5  -6  -5  -2  -5  -3  -5  -1  -1   0  -5  -3    3   2   6   4   1   2   1  59   0   0   2   3   0   1   0   4   4   1   0   3  1.15 0.69
  371 F    -3  -2  -4  -6   0  -4  -3  -4  -4   1   3  -3   0   6  -3  -2  -2   3  -1  -2    3   3   1   0   2   0   2   1   0   8  31   2   2  28   1   3   2   4   2   2  0.76 0.50
  372 P    -4  -1  -4  -1  -2  -4  -3   0  -1  -4  -6  -3  -6  -5   8   0  -3  -4  -3  -5    1   3   1   3   1   1   2   8   1   1   1   2   0   1  60   6   2   0   1   1  1.60 0.96
  373 R    -1   2   0   0  -2   0   0   1  -1  -2  -2   1  -1  -3   0   1  -1   0  -2  -2    5  11   5   5   1   3   6  13   1   3   4   8   2   1   4  13   4   1   1   3  0.09 0.17
  374 S    -2   0   2   2  -2  -2   0  -1   2   1  -2  -1  -1  -1   1   1   0  -1   0  -1    2   4   9  11   1   1   5   5   4   8   5   3   2   2   8  12   5   1   3   4  0.09 0.18
  375 V    -2  -4  -4  -4  -1  -3  -3  -2  -3   2   0  -2  -1  -1   5  -3  -2  -6  -3   3    4   1   1   1   1   1   2   4   1  11  10   3   1   2  23   2   3   0   1  22  0.52 0.44
  376 Q    -2   1   0   4  -2   1   0  -1   1  -2  -4   1  -3  -3   0   0   1  -1  -3  -3    3   6   4  24   1   7   5   4   4   2   1  10   1   1   4   7   7   1   1   2  0.30 0.33
  377 A     2   1   1   0  -4   0  -1  -1   2   0  -2   1  -1  -2   0   0   0  -4  -1  -2   19   9   7   5   0   4   2   5   4   6   2  10   1   2   4   6   5   0   2   2  0.11 0.21
  378 I     2  -3  -1  -2  -4  -3  -4  -1  -5   4   0  -3   1  -1   0  -2  -1  -5  -1   3   16   1   4   3   0   1   0   4   0  22   7   1   3   3   4   2   3   0   2  18  0.32 0.32
  379 D    -1  -2  -1   6  -5  -2  -1  -2  -2  -2   0  -3   1   0  -3  -1  -1  -5   0  -2    6   2   3  38   0   2   3   3   1   2  10   2   4   3   1   4   3   0   3   2  0.55 0.45
  380 A     5  -3  -2  -5  -5  -2  -2   0  -1  -2  -3  -3  -1   1  -3  -2  -1  -5  -2   0   48   1   2   0   0   2   3   6   2   3   3   1   2   7   1   3   4   0   2   6  0.66 0.56
  381 A     4  -2  -5  -2  -2  -3  -3  -3   0   1  -2  -3   0   1  -2  -1  -2   4   0   2   34   2   0   3   1   1   1   1   2   6   4   1   2   6   2   4   2   5   3  13  0.43 0.43
  382 V    -2  -1  -1  -2  -1  -1  -2  -1  -1   0   1  -2   2   3  -1  -1   0   4   1   1    3   4   4   3   1   3   2   5   2   4  11   2   4  15   3   3   5   6   4  12  0.15 0.20
  383 S    -1   1  -1   0  -1   0   0  -1   0  -1  -2  -1  -1  -1   1   2   1   3   1   0    4   7   2   4   1   5   5   4   2   3   2   3   2   2   7  15   7   5   5   6  0.09 0.19
  384 Y    -3   0   1   0  -2   0   1  -1   2  -1  -2  -1  -4   1  -3   0  -1   7   2  -3    2   6   6   6   1   3   8   5   5   4   4   4   0   5   1   6   5  17   6   2  0.41 0.37
  385 N    -3   1   5   2  -6  -1   0  -2   1  -4  -4   1  -2  -4   0  -1   1  -6  -1  -4    2   9  25  12   0   2   6   3   3   1   2   7   1   1   5   4   8   0   2   1  0.45 0.44
  386 G    -2   0   2   0  -3   0  -2   5  -2  -2  -5   0  -3  -4  -3   0  -2  -5  -2  -5    2   6   9   4   0   4   3  45   1   2   1   6   1   1   1   6   3   0   2   0  0.70 0.48
  387 K    -3   3  -1   0  -4   1   1  -3   1  -4  -4   5  -1  -1  -1  -1  -2  -2   0  -4    2  16   2   5   0   5   7   1   3   1   2  33   2   3   3   5   2   1   3   1  0.55 0.44
  388 T    -2  -4  -5  -4  -5  -2  -5  -4  -3   3   0  -3   0  -2  -1  -2   6  -6  -2   1    3   1   0   1   0   2   0   1   1  16   8   1   2   2   3   2  43   0   1   9  0.83 0.60
  389 Y    -6  -4  -7  -4  -7  -6  -5  -7  -2  -2   1  -6  -1   3  -7  -6  -5  -1   9   0    0   1   0   1   0   0   1   0   1   2  11   0   1  12   0   0   1   1  60   6  2.06 1.01
  390 F    -2  -6  -6  -7  -6  -6  -6  -5  -6   3   3  -6   0   7  -6  -4  -3  -4   0   0    3   0   0   0   0   0   0   1   0  14  24   0   2  43   0   1   2   0   3   7  1.31 0.68
  391 F    -5  -7  -5  -7  -7  -7  -7  -7  -4   0  -2  -4  -1   9  -3  -5  -2   3   0  -1    1   0   1   0   0   0   0   0   1   5   4   1   1  70   2   1   3   3   3   4  2.15 1.00
  392 V     0   1  -1  -3  -5   0  -2  -1   0  -2  -4   5  -2  -3  -5   1   0  -3  -1   1    7   7   3   1   0   3   2   4   3   2   1  37   1   1   0  10   5   0   2  12  0.55 0.44
  393 N    -1  -1   0   3  -5  -1  -1   5   0  -2  -3  -1  -1  -1  -4   0  -2  -5  -1  -3    4   3   4  15   0   2   4  41   2   2   2   3   2   2   0   5   3   0   2   2  0.58 0.42
  394 N    -2  -1   3   3   0   0   0   1   1  -2  -3   0  -3  -1  -1   1   0   1   0  -2    3   3  13  19   2   3   6   9   3   3   2   7   0   2   3  11   4   2   3   2  0.24 0.24
  395 Q    -2   1   1   0  -4   1   0  -2   1  -1  -1   2   1   1  -3  -1  -1   3   2  -2    2   8   6   4   0   7   6   2   4   3   6  16   4   5   0   3   4   4   9   3  0.18 0.22
  396 C    -2  -2  -5  -6   3  -2  -5  -6   0  -1  -2  -3   0   4  -6  -3  -2   2   7   1    4   3   0   0   5   2   0   0   2   4   4   2   2  17   0   2   2   2  37   9  1.07 0.61
  397 W    -1  -1  -1  -5  -5   0  -5  -1  -4  -1  -1  -5  -4   1  -1  -1  -1   9   4  -1    5   4   4   0   0   4   0   5   0   4   8   0   0   5   4   4   4  31  12   4  1.09 0.56
  398 R     0   1   0   0   0   1   1  -1   1   1  -1   0   0   0  -1   0   0  -3   0   0    9   9   3   4   3   5  10   3   3  10   4   4   3   4   3   8   4   0   3   9  0.04 0.08
  399 Y    -6  -6  -4  -7  -7  -4  -4  -5  -1   0   1  -4  -1   5  -7  -3  -3   5   7   0    0   0   1   0   0   1   2   1   1   5  11   1   2  24   0   2   2   7  34   6  1.35 0.72
  400 D    -2  -2   4   6  -6  -1  -1  -3   0  -3  -3  -3   0  -4  -1   1   0  -6  -2  -4    3   3  17  36   0   3   3   2   3   2   3   1   2   1   3  10   5   0   2   1  0.77 0.50
  401 N    -2  -1  -1   2  -6  -1   5  -1  -1  -4  -3  -1  -2  -1   2  -1  -1  -1  -2   0    3   3   3  11   0   2  35   6   1   1   2   3   1   2   9   5   3   1   1   6  0.52 0.41
  402 Q    -1   1   1   0   2   1   1   0   2  -2  -2   1  -1   0  -1   1   0   0   2  -2    4   8   7   5   4   5   8   6   5   3   3   8   2   4   3  10   5   1   7   2  0.10 0.13
  403 R    -1   1   1   0   0  -1   0   1   0  -2  -1   1  -1  -2  -1   1   2   1   0  -1    4  10   7   5   2   2   5  10   2   2   5   8   2   2   3  10  13   2   3   4  0.10 0.13
  404 R    -2   3   3  -1  -5   2   0   0   1  -3  -1   1   1  -2  -2  -1  -1   0   0  -3    2  15  13   3   0  10   5   9   3   1   7   8   4   2   2   5   4   1   3   2  0.24 0.24
  405 S    -1   4   1  -1  -5   2  -1  -1   1  -3  -3   1   1  -2   0   1   1  -5  -1  -1    4  21   5   3   0   8   4   5   3   1   2   7   3   2   5  12   8   0   2   4  0.29 0.27
  406 M    -2  -4  -1  -4  -2  -2  -4  -4  -3   3   0  -4   6  -2   1  -2  -1  -2  -3   4    3   1   3   1   1   2   1   2   1  14   9   1  17   1   7   3   4   1   1  27  0.65 0.44
  407 D    -2  -2  -2   5  -5  -1   3  -1   1  -1  -1  -1  -2  -2  -1  -1  -1  -1  -2  -1    4   2   2  28   0   2  18   4   3   4   6   3   1   2   4   4   4   1   2   5  0.41 0.35
  408 P    -1   2   0   1  -5  -1   0  -2   0  -2  -1   0  -2  -1   4   1  -1  -1  -1  -2    5  10   5   7   0   3   6   3   3   2   6   7   1   3  20  10   3   1   3   2  0.27 0.26
  409 G    -2  -2   0   2  -6  -3  -2   5  -1  -3  -4  -3  -3  -2  -2  -1  -1  -3   1  -2    3   3   4  12   0   1   2  46   1   2   2   2   1   2   2   4   4   0   4   3  0.74 0.51
  410 Y    -4  -2  -2  -5  -4  -4  -5  -3   1  -5  -3  -2  -5   3  -3  -2  -1   3   8  -4    2   2   2   1   0   1   1   2   3   1   2   3   0  10   2   4   4   3  53   1  1.57 0.83
  411 P    -3  -5  -4  -6  -6  -4  -4  -4   1  -4  -6  -3  -4  -4   8  -2  -4  -7  -3  -3    2   1   1   0   0   1   1   2   3   1   1   2   1   1  72   4   1   0   1   3  2.16 1.12
  412 T    -2   5  -2  -4  -6   1  -3  -2  -1  -4  -3   5   1  -4  -5  -2  -2  -6  -1  -2    3  33   2   1   0   6   1   3   1   1   3  28   3   1   0   3   3   0   2   3  0.91 0.59
  413 S    -2   1   1   0  -4   0  -1  -3   0  -3   1   2  -2  -2   3   2  -1  -3   0  -4    3   8   6   6   0   4   3   1   2   1  13  10   1   2  15  13   3   0   3   1  0.25 0.29
  414 I    -4  -5  -6  -5  -6  -4  -5  -6  -6   6   2  -6   4  -1  -4  -3   0  -3  -3   1    1   1   0   1   0   1   1   1   0  46  17   0   9   3   1   2   5   0   1   8  1.17 0.65
  415 A     1   2  -1   0  -4   1  -1  -1   2  -2  -2   0  -2  -2  -2   3   1   0  -1  -2   13  10   3   4   0   7   4   4   6   2   3   6   1   1   2  20   7   1   2   2  0.20 0.24
  416 S    -1   1   0   3  -5   1   2  -3   1  -4  -3   1  -2  -4  -1   2   0  -2  -3  -2    4   8   5  14   0   7  12   2   4   1   3   7   1   1   4  17   6   1   1   3  0.29 0.30
  417 V    -1  -2   0   2  -2  -1  -1  -1   1   0   1  -1   2   1  -2  -1  -1   2   1   1    4   2   4  12   0   2   3   4   3   6  14   3   5   8   2   3   4   2   6  12  0.10 0.12
  418 F    -8  -8  -8  -6  -8  -8  -8  -4  -7  -2  -3  -8  -6   7  -4  -5  -7  11  -1  -4    0   0   0   1   0   0   0   2   0   2   3   0   0  36   1   1   0  48   2   2  3.01 1.35
  419 P    -2   3   1  -2  -6  -1  -1  -2  -2  -4  -3   1  -1  -5   5   0   0  -2  -3  -3    3  14   7   2   0   3   5   4   1   1   3  10   2   1  28   7   6   1   1   2  0.58 0.43
  420 G    -2  -4   1  -1  -7  -3  -2   7   0  -6  -6  -3  -7  -4  -5  -2  -6  -8  -4  -5    3   1   7   4   0   2   3  68   2   0   1   2   0   1   0   3   0   0   1   1  1.58 0.86
  421 I    -2  -5  -5  -7  -1  -5  -7  -6  -4   5   3  -6   1   0  -5  -4  -3  -6  -3   4    4   0   1   0   2   0   0   1   0  30  22   0   3   4   1   1   1   0   1  28  1.04 0.58
  422 N    -5  -4  -2  -4  -4  -2  -3   1  -3  -4  -7  -3  -8  -9   8  -2  -2  -9  -8  -4    1   1   2   1   0   2   2   9   1   1   1   2   0   0  69   4   3   0   0   1  2.03 1.11
  423 C     0  -1   2   1  -2  -1   0   0   0  -2  -3  -1  -3  -2   1   3   1  -2   0  -2    6   3   9   9   1   3   5   7   2   2   3   4   0   1   7  24   9   1   4   2  0.25 0.27
  424 R    -3   2   4   2  -6  -1  -1   0   2  -5  -4   3  -3  -3   1   0  -1  -3  -2  -4    2   9  22  11   0   2   3   8   5   1   1  15   1   1   6   7   3   0   1   1  0.49 0.39
  425 I    -3  -7  -7  -7  -4  -6  -7  -7  -7   5   1  -6   0  -1   1  -4  -1  -6  -2   4    2   0   0   0   0   0   0   0   0  33  14   0   2   3   8   1   3   0   1  30  1.10 0.59
  426 D    -4  -3   1   7  -7  -1  -1  -6   1  -7  -7  -1  -7  -6  -4  -1   1  -8  -4  -5    1   2   6  62   0   3   4   0   3   0   1   3   0   0   1   4   7   0   1   1  1.61 0.84
  427 A     6  -6  -4   1  -6  -6  -6   1  -7  -7  -4  -4  -3  -7  -6   1  -1  -8  -7  -4   64   0   1   7   0   0   0  10   0   0   2   1   1   0   0   9   4   0   0   1  1.43 0.82
  428 V     6  -7  -7  -7  -6  -7  -7  -4  -7   0  -3  -6  -3  -5  -7  -4  -3  -8  -7   4   63   0   0   0   0   0   0   1   0   5   2   0   0   1   0   1   2   0   0  24  1.65 0.89
  429 F    -4  -5  -7  -7  -4  -7  -5  -7  -4   1   1  -7   2   7  -7  -5  -1  -1   4   1    2   1   0   0   0   0   1   0   0   7  13   0   5  41   0   1   4   1  13  11  1.31 0.67
  430 Q    -3   2  -3  -2  -6   4   2  -4   1  -3  -2   0  -1  -2  -4   1   2   4   1  -2    1  12   1   2   0  19  11   1   3   1   5   6   1   1   1   9  13   5   5   2  0.47 0.40
  431 Q    -3   0   0   1  -6  -1  -2  -2   2  -1  -2   0  -2  -1  -3   0  -1   8   4  -2    2   5   5   7   0   3   2   3   5   4   4   6   1   2   2   8   5  21  12   3  0.68 0.45
  432 D    -4   0   5   5  -7  -1   0  -1   0  -6  -7  -1  -6  -4  -3   0  -2  -7  -2  -6    1   4  26  34   0   3   5   4   2   0   0   4   0   1   1   8   3   0   2   1  1.01 0.61
  433 S    -3  -1   1   0  -7  -1  -3   6   0  -8  -7  -1  -7  -8  -7  -1  -5  -7  -5  -6    2   4   6   6   0   2   2  64   3   0   1   4   0   0   0   5   0   0   1   1  1.48 0.78
  434 F    -1   2   1   0  -5   0  -1  -3   2  -3  -3   2  -2   3  -4   0  -1  -2   4  -2    4   9   6   5   0   3   5   2   4   1   2  14   1  12   1   6   4   0  17   2  0.39 0.31
  435 F    -1  -4  -3  -6  -3  -2  -5  -5  -2   3   1  -5   0   1  -4   0   5  -6  -1   2    4   1   1   0   0   2   0   1   1  16  11   0   2   6   1   7  34   0   2  11  0.69 0.48
  436 L    -6  -6  -2  -5  -7  -6  -7  -8   2   0  -1  -6  -2   2  -8  -5  -7  -2   9  -1    1   0   2   1   0   0   0   0   3   5   5   0   1   6   0   1   0   0  68   5  2.35 1.09
  437 F    -5  -8  -6  -8  -7  -8  -8  -8  -7   1   1  -8  -2   9  -8  -8  -5  -5  -2  -1    1   0   0   0   0   0   0   0   0   8  11   0   1  72   0   0   1   0   0   5  2.43 1.05
  438 F    -7  -7  -8  -8  -1  -8  -8  -8  -3   0   0  -6  -4   9  -8  -3  -5  -2   2   0    0   0   0   0   2   0   0   0   1   6   8   1   0  68   0   2   1   1   5   5  2.19 0.96
  439 S    -2   2  -2  -3  -2   1  -3  -6   2  -2  -5   6  -4  -4  -5   2   0  -7  -3  -2    3   8   2   1   1   6   1   0   5   3   0  43   0   1   0  15   6   0   1   3  0.91 0.59
  440 G    -3  -2   1   3  -4  -3  -2   6  -3  -8  -7  -2  -7  -8  -3  -3  -6  -8  -5  -8    2   2   6  14   0   1   2  64   1   0   0   3   0   0   1   2   0   0   0   0  1.56 0.80
  441 P    -1   2   3   3  -5   0  -1  -1   0  -5  -3   2  -3  -4   2   2   0  -6  -3  -5    4  10  15  14   0   4   3   5   2   0   2  11   0   1   9  14   5   0   1   0  0.41 0.33
  442 Q    -2   2   1   0  -4   3   1  -1   2  -2  -1   3  -1  -1  -4  -1  -1  -4   2  -2    2  12   7   4   0  14   7   4   4   2   6  16   2   3   0   4   4   0   8   2  0.29 0.27
  443 Y    -4  -3  -7  -8  -4   2  -6  -8   1  -4  -3  -5   0   4  -8  -5  -4  -4   8   1    2   1   0   0   0  10   0   0   3   1   2   0   3  14   0   1   1   0  53   9  1.84 0.91
  444 F    -6  -4  -8  -9  -8  -5  -8  -8  -2  -4  -3  -8  -7   3  -9  -6  -5  11   7  -3    1   1   0   0   0   1   0   0   1   1   3   0   0  12   0   1   1  45  32   2  2.82 1.21
  445 A    -2   5  -2  -4  -5   1   2  -5  -3  -2  -2   4  -3  -6  -5  -3  -3  -4  -5   0    4  27   1   0   0   6  15   1   0   2   5  26   1   0   0   2   1   0   0   7  0.79 0.52
  446 F    -5  -7  -5  -7  -5  -4  -8  -7  -5  -3   0  -7   1   7  -8  -6  -7   0   7   0    1   0   1   0   0   1   0   0   0   1   8   0   3  46   0   0   0   1  29   8  1.92 0.91
  447 N    -4  -3   5   6  -7  -3  -2  -4   2  -5  -5  -1  -6  -7  -4   1  -3  -5  -3  -4    1   1  29  38   0   1   2   1   4   1   1   5   0   0   1  11   1   0   1   1  1.23 0.70
  448 L    -2  -1   2   3  -2   0   1  -1   0  -1  -1  -2  -1   0   2  -1   0  -3   0  -3    2   2   9  20   1   4  10   4   3   3   6   2   1   4  12   4   5   0   4   2  0.27 0.25
  449 V     0   1   1   0  -3   1   0  -1   0  -1  -1   1   0   0  -2   0   0   2   0  -1    6  10   7   6   0   5   6   5   2   4   6   9   3   3   1   6   8   3   4   4  0.07 0.09
  450 S     0   2   1   0  -4   1   0  -2  -1  -2  -2   2  -3  -1  -2   1   2   0   1  -3    7  12   6   6   0   6   4   3   1   2   5  11   0   2   2  12  15   1   5   1  0.21 0.23
  451 R    -3   3   0  -2  -5   0  -1  -1   1  -2   1   3   4   0  -3  -2  -3  -2  -1  -1    1  18   4   2   0   3   4   6   3   2  12  16  12   5   1   2   1   1   2   3  0.36 0.32
  452 R    -2   5   0  -2  -6   2   0  -3   0  -3  -3   3  -1  -5  -2   1   1  -6  -4  -3    4  29   5   2   0  10   5   1   2   2   2  15   2   0   2   9   9   0   1   2  0.58 0.43
  453 V     0  -4  -6  -4  -4  -3  -4  -2  -5   3   0  -4   1  -2  -1  -2   0  -6  -3   6    6   1   0   1   0   1   1   4   0  13   8   1   3   1   4   3   5   0   1  48  0.82 0.51
  454 T    -1  -2  -1   2  -4  -1   2  -3  -2   0   0  -3  -1  -1  -2   0   2  -4   2   1    4   2   2  14   0   2  16   2   1   5   8   1   1   2   2   7  12   0   9  12  0.24 0.26
  455 R    -3   4   1  -2  -4   1  -1  -2   2  -5  -5   1  -3  -4   6   0  -3  -7  -2  -6    2  19   6   2   0   5   3   4   4   0   1   8   1   1  35   6   1   0   1   0  0.91 0.58
  456 V    -2   3  -2  -1  -5  -2  -1   2  -3   0   0   2  -1  -3  -2  -1   0   2   0   1    2  18   1   3   0   1   2  14   0   5   8  13   1   1   1   3   7   3   4  12  0.23 0.24
  457 A    -1  -1  -2  -1  -4  -1  -3  -1  -1  -2   1  -1   1   2   2   2  -2  -1   3  -1    5   3   2   4   0   2   1   6   1   2  14   4   5   7  12  15   2   1  13   3  0.23 0.25
  458 R    -2   1  -2  -2  -5  -3  -3  -2  -1   1  -2   3   0  -2   5   0   2  -6  -2  -1    3   6   2   2   0   1   1   3   2   9   3  16   2   2  25   7  12   0   1   4  0.48 0.38
  459 S     3   1   0  -4  -3   0  -2   0  -3  -2  -2   0  -2  -3  -2   3   1  -6  -4  -2   24   8   5   0   0   5   2   7   0   2   4   6   1   1   2  21   7   0   0   2  0.34 0.33
  460 N    -2   0   4   0  -5   1  -1  -3   1  -3  -2   0  -3  -3   2   2   0  -5   0  -3    3   4  21   5   0   6   3   2   3   2   5   5   0   1  12  17   6   0   4   2  0.39 0.34
  461 L    -1  -1  -1   3  -4  -2  -1  -2   0  -1  -2  -1   0   2  -1   2  -1   5   2  -2    6   4   2  20   0   1   3   2   2   4   3   3   3   9   3  16   3   7   7   3  0.33 0.29
  462 W    -8  -9  -6 -10  -8  -8  -9  -6  -2  -2  -2  -5  -7   4  -9  -6  -8  12   1  -6    0   0   1   0   0   0   0   1   1   3   5   1   0  15   0   1   0  69   4   0  3.57 1.43
  463 L    -6  -4  -6  -8  -6  -5  -7  -8  -4   0   4  -5   7   6  -3  -5  -4  -5  -2  -3    0   1   0   0   0   0   0   0   0   6  36   1  23  28   2   1   1   0   1   1  1.47 0.74
  464 N    -3   0   3   1  -7   0  -4   5   1  -7  -6   0  -3  -3  -4  -1  -4   0  -5  -3    1   5  12   7   0   5   1  48   3   0   1   5   1   1   1   4   1   2   0   2  0.95 0.56
  465 C    -6 -10 -10 -10  12 -10 -10  -9 -10  -4  -4 -10  -8  -6 -10  -8  -6  -9  -9  -5    0   0   0   0  95   0   0   0   0   1   2   0   0   0   0   0   1   0   0   1  4.57 1.65
  466 P    -5  -6  -6  -6  -7  -6  -5  -7  -7  -7  -7  -5  -7  -8   9  -5  -5  -8  -7  -7    0   0   0   0   0   0   0   0   0   0   0   0   0   0 100   0   0   0   0   0  3.41 1.09

                      K         Lambda
Standard Ungapped    0.1377     0.3215
Standard Gapped      0.0427     0.2670
PSI Ungapped         0.1396     0.3176
PSI Gapped           0.0427     0.2670
