
Last position-specific scoring matrix computed, weighted observed percentages rounded down, information per position, and relative weight of gapless real matches to pseudocounts
            A   R   N   D   C   Q   E   G   H   I   L   K   M   F   P   S   T   W   Y   V   A   R   N   D   C   Q   E   G   H   I   L   K   M   F   P   S   T   W   Y   V
    1 M    -6  -7  -7  -8  -7  -6  -7  -8  -7  -4   0  -7  11  -5  -8  -7  -6  -7  -6  -4    0   0   0   0   0   0   0   0   0   0   6   0  94   0   0   0   0   0   0   0  3.65 1.36
    2 R    -1   4  -2   0  -1   1   1  -2  -2  -1  -1   1  -1  -1  -1   0   1  -4  -2   0    6  25   1   5   1   5   9   3   1   2   6   8   1   2   3   6  11   0   1   6  0.23 0.22
    3 L    -1  -1  -3  -4   1  -2  -4  -4  -4   0   3  -2   3   1  -2   1   1   1  -2   0    5   3   1   0   3   1   0   1   0   5  34   2   7   6   2  14   8   2   0   7  0.34 0.30
    4 P    -2  -2  -2  -5  -4   1  -4  -2  -1   1   0  -3  -4  -3   4   1  -1   8  -3  -1    3   2   2   0   0   6   1   3   2   8   8   1   0   1  23  10   4  21   0   4  0.85 0.52
    5 A     2  -3  -3  -4   3  -3  -4  -1  -3   0   1  -3   1   0  -2   2   3  -2  -2   0   20   1   0   0   6   1   0   3   1   6  12   1   3   5   2  15  18   1   1   5  0.32 0.31
    6 Q    -2  -1  -2  -4  -2   2  -2  -3  -1   0   2  -2   1  -1   3  -1  -2  -1   0   1    1   4   2   0   1  12   2   2   2   5  25   1   3   3  17   5   2   1   3  10  0.33 0.30
    7 L    -4  -6  -4  -6   2  -5  -5  -5  -4   2   5  -6   0   2  -6  -3  -2   0  -3   2    1   0   1   0   5   0   0   1   0   8  55   0   2   7   0   2   2   1   1  14  1.00 0.56
    8 L    -3  -4  -6  -7   3  -6  -5  -4  -3   2   5  -6  -1   2  -4  -2  -3   4  -2   0    1   1   0   0   7   0   1   2   1  12  49   0   1   9   1   3   1   6   1   4  0.93 0.54
    9 G    -1  -4  -5  -4   4  -3  -5   1  -4   1   3  -4   1   0  -3  -1  -1   7  -2   0    6   0   0   1  10   1   0  11   0   7  25   0   4   4   2   4   4  14   1   7  0.60 0.40
   10 L    -1  -4  -4  -5  -2  -5  -5  -3  -3   1   3  -4   2   3  -3  -1   1  -2  -3   2    5   1   0   0   1   0   0   2   1   7  32   0   5  14   1   4  10   1   0  15  0.54 0.38
   11 L    -1  -5  -5  -6  -5   0  -5  -5  -3   1   5  -5   1   3  -2  -3  -1  -2  -2   0    5   0   0   0   0   4   0   1   1   6  52   0   3  11   2   2   3   0   1   7  0.83 0.51
   12 M     0  -4  -6  -6   1  -4  -5  -3  -5   1   4  -4   2   3  -4   0  -2   1  -2   1    7   0   0   0   3   1   0   2   0   6  43   1   5  11   1   6   2   2   1   9  0.64 0.43
   13 L     1  -5  -4  -4   5  -4  -4  -3  -2   1   3  -4   0   2  -3   1   0  -5  -2   0   12   0   0   1  12   0   0   2   1   7  30   0   2  10   1  10   5   0   1   5  0.52 0.38
   14 W    -2  -4  -5  -6   3  -1  -5  -4   4  -1   1  -5  -2   3  -5  -1   0   8   2  -1    3   1   0   0   6   3   0   1   9   3  16   0   1  11   0   4   6  23   6   4  0.96 0.55
   15 V    -2  -5  -4  -4   6  -4  -4  -1  -1   2   2  -4  -2   2  -3  -1  -1  -1  -1   2    3   0   0   1  17   1   1   4   2  10  23   1   1   9   1   6   4   1   2  13  0.54 0.36
   16 S     1  -1  -2  -1  -2   1  -2   0  -2  -2  -2  -2  -4  -1   2   3   3  -2  -1  -2    9   3   1   3   1   8   2   8   1   2   3   1   0   2  10  22  20   1   2   2  0.36 0.35
   17 G     1  -4  -5  -2   3  -6  -1   6  -3  -5  -6  -4  -4  -3  -6  -2  -4   1  -3  -3   11   1   0   2   7   0   5  62   1   1   1   1   0   1   0   2   1   2   1   2  1.37 0.73
   18 S     1  -4  -3  -3   3  -1  -3   0  -3  -1  -2  -3  -1  -3  -3   4   0  -5  -3   3   11   0   1   1   6   2   1   6   1   3   3   1   2   1   1  37   5   0   1  18  0.59 0.46
   19 S    -1   1   0  -1   3   0  -2  -1   1  -2   0  -2  -1  -1  -1   3   0   4  -1   0    4  10   4   3   6   3   2   4   3   1  11   2   1   2   2  26   4   5   2   6  0.23 0.25
   20 G     3  -4  -2  -2   3  -2  -2   4  -3  -3  -3  -3   0  -3  -2   2  -1  -5  -4  -1   21   1   2   2   6   2   2  29   0   1   2   0   2   1   2  16   3   0   0   5  0.52 0.38
   21 D    -1  -3  -1   4  -4   6   2  -2  -1  -5  -5  -3  -5  -5  -4   0  -4  -6  -4  -4    5   1   3  20   0  41  12   4   1   0   1   1   0   0   1   6   1   0   1   1  1.11 0.69
   22 I     1  -2  -1  -1  -3   1  -2  -3  -2   3  -2  -2  -1  -2   2   1   0  -4   0   2   11   1   3   4   0   7   2   1   1  20   3   2   1   1   9  11   6   0   3  14  0.25 0.25
   23 V    -1  -1  -1  -3  -4   2   0  -1  -2   0  -1   0   0  -2  -4  -1   2  -3  -4   4    5   3   2   1   0  10   6   6   1   4   4   6   3   1   1   3  12   0   0  33  0.36 0.33
   24 M    -4  -4  -6  -6  -5  -3  -5  -6  -4   1   4  -4   4  -2  -5  -5  -4  -2  -5   5    1   1   0   0   0   1   1   0   0   5  40   1   8   1   1   0   0   1   0  37  1.16 0.62
   25 T    -3  -2  -2  -2  -5  -1   0  -5  -1  -1  -4  -1  -3  -5  -2  -1   7  -6  -4  -1    2   2   2   3   0   3   6   1   2   3   1   4   1   0   2   4  61   0   0   3  1.22 0.73
   26 Q    -6  -4  -4  -4  -8   9  -2  -7  -1  -8  -5  -3  -6  -8  -4  -5  -3  -8  -7  -4    0   1   0   1   0  88   2   0   1   0   1   1   0   0   1   1   2   0   0   1  2.91 1.38
   27 S    -1  -2  -1  -1  -4  -1   0  -3  -1  -2  -2  -1  -2  -3   3   4   3   1  -2  -3    4   2   2   3   0   3   5   2   2   2   4   3   1   1  16  29  18   2   1   2  0.49 0.38
   28 P    -3  -5  -4  -1  -1   0   0  -3  -6  -4  -5  -3  -6  -6   8  -2  -4  -6  -6  -4    2   0   1   3   1   5   6   3   0   1   1   2   0   0  68   3   1   0   0   1  1.93 0.93
   29 L     1   1  -1   0  -3   0   0   0  -1  -2  -1   0  -2  -3   2   2   0  -2  -2  -1   12   9   2   5   0   5   6   7   1   2   8   4   1   1  11  16   4   0   1   4  0.15 0.16
   30 S     1  -3  -3  -1  -4  -2  -1  -3   3  -3  -2  -3  -2   1  -2   5   0  -5   1   0   12   1   1   3   0   2   4   1   6   1   4   1   1   5   2  41   5   0   5   6  0.55 0.45
   31 L    -3  -3  -4  -4  -3   0  -3  -5  -2   2   4  -1   1  -1  -5  -3  -3  -5  -4   4    2   1   1   1   0   4   2   1   1   9  38   4   3   2   0   2   1   0   0  28  0.74 0.46
   32 P     0  -2  -2  -3  -2  -2  -3  -4  -2   1  -2  -3  -1  -3  -1   5   3   0  -3   1    6   2   1   1   1   1   1   1   1   7   3   1   1   1   3  41  15   1   1  10  0.63 0.49
   33 V     2   0  -4  -5   0  -3  -3   0  -4   0  -1   2  -1  -2  -4  -1   0  -6  -4   5   15   4   0   0   2   1   1   6   0   4   4  11   1   1   1   5   5   0   0  38  0.52 0.41
   34 T     1   0   1  -2  -4   2   0  -2  -1  -3  -1   0  -2  -2   0   3   1  -2  -3  -2    9   5   6   2   0  11   4   3   1   1   5   5   1   1   4  27  10   0   0   3  0.30 0.31
   35 P    -1   0  -5  -4  -5   0   2  -4  -3  -2   2  -1  -1  -5   5  -2  -2  -6  -5   0    4   5   0   0   0   4  16   1   0   1  19   4   2   0  29   3   2   0   0   8  0.65 0.46
   36 G    -3  -1  -3  -2  -7  -3  -2   7  -3  -5  -7  -2  -4  -7  -6  -3  -4  -2  -4  -7    1   4   1   2   0   1   3  78   1   1   0   2   1   0   0   2   1   1   1   0  1.85 0.88
   37 E     0   0  -1   2  -6   5   3   1   0  -5  -5   0  -5  -4  -5   0  -2  -6  -5  -5    7   4   2  13   0  26  20  10   3   1   1   6   0   1   0   6   1   0   0   0  0.69 0.49
   38 P    -2   1   0  -2  -3   0  -2  -4  -5  -3  -4   1   0  -3   0   3   5  -6  -5  -3    3   9   3   2   0   3   2   1   0   1   1   8   2   1   5  21  36   0   0   1  0.72 0.54
   39 A     3  -4  -6  -6  -3  -5  -5  -3   0   1  -1  -4  -2  -3  -6  -2  -2  -6  -3   6   25   1   0   0   1   0   1   2   2   5   4   1   1   1   0   3   3   0   1  49  1.04 0.63
   40 S    -3   2  -2  -4  -5   0  -2  -4   0  -1  -4   1  -2  -4  -4   2   5  -6  -4  -2    1  12   2   1   0   5   2   1   2   4   1   8   1   1   1  14  41   0   1   3  0.79 0.57
   41 I    -5  -6  -3  -7  -5  -4  -6  -7  -2   5   4  -6   3   0  -6  -4  -2  -6  -5   0    0   0   1   0   0   1   0   0   1  35  41   0   7   4   0   1   2   0   0   4  1.23 0.65
   42 S    -3   0   3   0  -2   0  -1  -3   1  -3  -4  -1  -5  -4  -2   4   4  -1  -3  -4    1   5  11   5   1   4   3   1   3   1   1   4   0   1   2  30  24   1   1   1  0.65 0.52
   43 C    -4  -4  -8  -8  12  -8  -8  -8  -8  -7  -7  -8  -1  -3  -8  -6  -6   0  -2  -6    2   1   0   0  88   0   0   0   0   0   0   0   2   1   0   0   0   1   2   0  4.04 1.58
   44 R    -1   2   0  -1  -2   1  -2  -2   0  -2  -3   3  -2  -3  -4   2   3  -5  -2  -2    5  12   4   3   1   5   2   2   2   2   3  16   1   1   0  16  22   0   1   3  0.39 0.38
   45 S     1  -2  -3  -3   0  -1  -3   1   1   0   0  -2   2   0   0   0   1   0   3   0   12   2   0   0   2   2   0  12   3   5  11   2   5   4   4   7   8   1  11   8  0.14 0.18
   46 S    -2  -1   1  -1  -1  -1  -1  -2  -1  -2  -4  -2  -1  -2  -2   6   1  -5  -4  -3    2   4   7   4   1   3   4   3   1   3   2   2   1   2   2  51   7   0   0   2  0.79 0.57
   47 Q    -1   0   1   0  -1   3  -1   2  -1  -3  -3  -1  -2  -4   0   3   0  -4  -2  -2    3   5   5   5   1  13   4  15   1   1   2   3   1   1   4  23   7   0   2   4  0.30 0.29
   48 S    -1  -2   1   1  -3  -1  -1   2   0  -2  -3  -1  -1   1  -1   3   0  -3   0  -2    5   2   5   7   0   2   4  17   2   2   2   4   1   5   3  26   4   0   3   3  0.26 0.25
   49 L     0  -1   1   0  -2  -1  -1  -1   0   1   0  -1   0   0  -1   1   1   0   0   2    7   2   7   6   0   2   3   4   3  10   7   3   1   3   3  10   8   1   4  15  0.05 0.08
   50 L     0  -1   0  -1  -1  -1  -1  -1   0   1   0  -1   0   1  -1   1   0   0   1   1    5   2   5   4   1   3   3   5   2   9   9   3   3   8   2  12   6   1   6  11  0.03 0.05
   51 H    -1   0   1   1   1   0   0   1   1  -1  -2  -1   0  -3   0   1   1   2   0  -1    4   4   6  10   3   4   5  10   5   4   4   4   3   0   4  10   9   3   4   4  0.09 0.12
   52 S    -1   0   2   1   2   0  -1  -1  -3   0  -2   0  -3  -1  -1   2   1   2   1  -1    5   4   9   7   5   3   3   5   0   6   4   4   0   3   3  20   7   4   4   3  0.15 0.20
   53 N    -1  -1   1   1  -2  -1  -1   0  -1   0   0  -1   0  -1  -1   1   0   1   0   1    4   3   8  10   1   2   3   8   1   7   7   4   2   3   2  12   7   2   4  10  0.05 0.06
   54 G    -1   0   1   0   0   0  -1   4   0  -1  -2  -1  -2  -2  -1   0  -1  -1  -1  -1    5   4   6   5   2   4   3  32   2   3   5   3   1   2   4   8   4   1   3   4  0.28 0.15
   55 Y    -1   0   1   1  -1  -1  -1  -1   3  -1  -2   0  -1   1  -2   2  -1   0   4  -2    3   4   7   7   1   2   3   6   8   3   3   6   1   5   2  16   3   1  14   3  0.24 0.17
   56 N    -1  -2   3   1  -2  -1  -2  -1   2  -1  -2  -1  -2  -1   0   0   1   0   5  -2    4   2  16   8   1   2   3   4   5   4   3   4   1   2   5   6   8   1  19   2  0.35 0.26
   57 Y     0  -1   0   0  -1  -2  -2  -1   1   0  -2  -1  -2   0  -2   0  -1   2   6  -1    6   3   4   6   2   1   3   4   3   6   2   4   1   3   2   7   5   3  31   5  0.45 0.31
   58 L     0  -4  -4  -5  -1  -3  -4  -3  -4   2   3  -4   4   1   0  -3  -1   0  -1   3    7   0   0   0   1   1   0   2   0  11  29   0  12   4   4   1   3   1   2  19  0.53 0.34
   59 D     1  -1   1  -1   0   0  -2  -1   4  -3  -2  -2  -1   2   0   1  -1   3   3  -2   12   3   7   3   2   4   1   4  11   1   3   1   1   8   5  13   3   4  12   2  0.29 0.26
   60 W    -7  -2  -7  -8  -1  -7  -7  -7   0  -7  -3  -7  -6   0  -7  -7  -2  13  -4  -7    0   3   0   0   1   0   0   0   2   0   2   0   0   3   0   0   3  82   0   0  4.12 1.53
   61 Y    -5  -2  -3  -6  -1  -2  -3  -4   1  -1  -2  -5  -1   2  -6  -3  -3   1   9  -1    0   2   1   0   1   2   2   1   2   4   3   0   1   6   0   2   1   1  63   5  1.72 0.88
   62 L    -3   4  -3  -4  -5   6  -1  -5   0  -2  -1   2  -1  -2  -3  -2  -3  -1   0  -2    1  21   0   0   0  41   2   0   2   2   5  10   1   1   1   2   1   1   3   4  0.90 0.64
   63 Q    -3   0  -4  -3  -6   8   0  -4   2  -4  -3   1  -4  -2  -1  -3  -4  -5  -2  -4    1   4   0   1   0  64   5   1   4   1   2   6   0   2   3   1   0   0   1   1  1.49 0.91
   64 K    -1   0   0   0  -4   0   1  -1   1  -1  -1   3   1  -1   0  -1   1  -4   0  -1    4   5   3   6   0   4   7   3   3   3   5  25   4   2   5   3   8   0   4   5  0.16 0.21
   65 P    -1  -1  -2  -2   0  -1  -1  -2   0  -2   0  -1   1  -2   6   0  -1  -5  -4  -2    5   4   2   2   2   3   3   3   3   2   9   3   4   2  39   8   3   0   0   3  0.68 0.46
   66 G    -2   0   1   0  -5   0  -1   5   1  -5  -5  -1   0  -5  -1  -1  -1   1  -1  -3    3   6   6   4   0   3   4  47   3   0   0   3   3   0   3   4   3   2   2   3  0.68 0.46
   67 Q    -1   0  -1  -1  -4   4   1   1   1  -2  -3   2  -1  -4  -1   0  -1  -4  -1  -2    3   5   3   3   0  21   8  13   3   2   2  13   2   0   3   7   4   0   2   3  0.26 0.30
   68 S     0   0   0  -1   0   0   1   0   0  -1  -1   0   0  -1   1   1   1  -3   0   0    9   5   5   3   3   4  10   6   3   4   3   4   3   3   6  10   9   0   3   6  0.04 0.08
   69 P    -2  -1  -1  -4   1   0  -1  -5   1   0   1  -4   3   0   5   0   0  -5  -4  -1    4   3   4   0   3   4   4   0   3   6  13   0   8   4  27   7   5   0   0   4  0.48 0.37
   70 Q    -2   3  -1  -1  -5   3   2  -5  -1  -1  -2   4  -2  -3  -3  -2   0   0  -2   0    2  14   3   2   0  11  13   0   1   3   4  23   1   1   1   1   7   1   1   7  0.44 0.35
   71 L    -2  -1  -3  -3   0  -2  -2  -2  -1   0   3  -3  -1   3  -2  -2  -1   6   3  -1    2   4   1   1   2   2   3   4   1   4  27   2   1  11   3   4   5  10   9   3  0.41 0.31
   72 L    -3  -3  -6  -6  -5  -5  -6  -6   0   4   5  -5   2   1  -3  -3  -3   1  -4   2    2   1   0   0   0   0   0   0   2  20  46   0   4   5   2   3   2   2   0  11  0.93 0.52
   73 I    -3  -3  -3  -5   1  -2  -5  -1  -1   5   1  -5   1   1  -3  -2  -2  -5   0   2    2   2   1   0   2   2   0   6   1  39  13   0   3   6   1   3   2   0   3  11  0.67 0.41
   74 Y    -2   0  -2  -2   1   0  -2  -1   3  -1  -3  -1  -1   1  -5  -1  -2   2   7  -3    3   5   2   2   3   4   3   5   6   3   3   4   2   4   0   5   2   3  39   2  0.84 0.52
   75 L    -1   0   0   1  -2   1   0  -1   0   1  -1  -1  -1   1  -3   1  -1   1   3   0    3   5   5   8   1   6   6   5   2   9   7   3   2   6   1  10   3   2  12   5  0.11 0.14
   76 G     1  -1   1   1  -1   0  -1   1   0  -1  -2  -1  -2  -1  -2   1   2  -3   1   0   13   3   8   7   1   3   2   9   2   4   3   4   1   3   2   9  12   0   6   7  0.10 0.14
   77 S    -2  -2   4   0  -2  -3  -3  -2  -2  -4  -4  -2  -2  -3  -2   5   1  -2   1  -3    3   2  16   4   1   1   1   3   1   1   2   2   1   1   2  43   9   1   4   2  0.84 0.59
   78 N    -3  -1   4   2  -5  -1   0  -2   0  -2  -4   1  -3  -2  -3   2   2  -5   1  -3    2   3  22   9   0   2   7   3   2   3   1   7   1   2   1  14  11   0   6   2  0.44 0.37
   79 R    -3   5  -1  -1  -2   2  -2  -2  -1  -2   0   1   0  -2  -2   0  -2   0   3  -2    1  27   3   4   1   9   2   3   1   2   9   7   2   1   3   7   3   1   9   3  0.42 0.35
   80 A     1  -2   0  -1  -5   1   1   2   0  -2  -4   0  -3  -1   3   0  -1  -1   0  -2   12   2   5   3   0   5   9  16   2   3   2   5   1   3  17   7   3   1   4   3  0.28 0.27
   81 S    -2  -1   1   1  -3   0   2  -1   0  -4  -4   0  -2  -4   1   4   1  -6  -3  -3    2   3   5   7   0   4  12   4   2   1   2   6   1   1   7  32   8   0   1   2  0.46 0.43
   82 G    -1  -3   0  -1  -6  -1  -1   5  -4  -3  -3   1  -1  -1  -4   1  -1   0  -3  -4    5   2   5   4   0   2   4  42   0   1   3   9   2   3   1  10   4   1   1   1  0.64 0.45
   83 V    -2  -2  -3  -2  -4  -1  -1  -1  -3   3  -1  -2   0   1  -1  -1   1  -2   0   4    3   2   1   2   0   3   5   4   1  18   4   2   2   6   3   4   9   0   3  27  0.35 0.30
   84 P    -3  -1   0  -1  -7   0   0  -2  -4  -7  -4   2  -2  -5   6   0  -3  -7  -7  -7    2   4   4   4   0   4   6   4   0   0   2  14   1   1  43   8   2   0   0   0  1.09 0.71
   85 D     0  -3   1   4  -2   0   1   2  -3  -4  -5  -2  -3  -4  -1   2  -1  -6  -4  -4    7   2   6  25   1   4   9  17   1   1   1   2   1   1   3  15   4   0   0   1  0.54 0.42
   86 R    -7   8  -4  -4  -3  -1  -4  -1   1  -6  -5   1  -7  -3  -6  -4  -4  -2  -4  -8    0  71   1   1   1   3   1   5   3   1   1   7   0   2   0   1   1   1   1   0  2.02 1.07
   87 F    -5  -8  -8  -9  -2  -8  -9  -9  -3  -1  -1  -6  -6   9  -9  -5  -3  -2   2  -3    1   0   0   0   1   0   0   0   1   3   7   1   0  76   0   1   2   1   5   2  2.59 1.18
   88 S    -3  -2  -2  -3  -4  -1  -1  -4  -6  -2  -4  -1  -3  -4  -4   6   3  -3  -4  -4    1   2   2   2   0   3   5   1   0   2   2   4   1   1   1  54  18   1   1   1  1.15 0.79
   89 G     2  -4  -3  -5  -6  -4  -5   5  -3   1  -2  -5  -2  -2  -3  -1  -2  -6  -4   1   19   1   1   0   0   0   0  42   1   8   4   0   1   2   2   5   2   0   1  10  0.82 0.54
   90 S    -3  -1   3   1  -3   1   0  -4   1  -5  -6   0  -6  -4  -4   5   1  -7  -3  -4    1   3  12   6   1   5   5   1   4   1   1   5   0   1   1  46   7   0   1   1  0.90 0.66
   91 G    -2   2  -2  -4  -3   1  -2   2  -4  -2  -2   5  -1  -4  -3  -1   1  -3  -4  -3    3  11   2   1   1   5   2  17   0   3   4  33   2   1   1   5   7   0   1   2  0.59 0.46
   92 S    -1  -3   0   3  -4  -3  -2  -3  -4  -5  -3   0  -4  -2  -2   6  -1  -4  -3  -3    4   2   4  14   0   1   3   1   0   0   3   5   0   2   2  51   3   0   1   2  0.95 0.69
   93 G     0  -1   2   1  -6  -1   0   4  -3  -4  -6   1  -6  -7  -4   1  -1  -4  -6  -3    8   3   9   8   0   2   5  34   1   1   0   9   0   0   1  12   4   0   0   2  0.63 0.46
   94 T    -1  -2   4  -2  -4  -1  -3  -2  -3  -5  -4   3  -2  -4  -2   3   3  -7  -3  -4    5   2  21   2   0   2   1   3   1   1   1  17   1   1   2  18  19   0   1   1  0.69 0.53
   95 D    -1  -2   1   4  -6   1   0  -4   4  -5  -4   0  -2  -5  -3   3   3  -7  -1  -4    5   2   5  19   0   5   5   1   8   1   1   6   1   0   1  20  17   0   2   1  0.58 0.47
   96 F     2  -2  -4  -5   3  -4  -5   1  -3  -1  -1  -4  -3   6  -6   1  -2   1   2  -1   14   2   1   0   5   0   1  10   1   3   6   1   0  29   0  11   2   2   7   4  0.68 0.47
   97 T    -1  -2  -2  -4  -6  -2  -2  -5   1  -1  -3  -4  -3  -2  -2   4   5  -6   4  -2    4   2   2   1   0   1   3   0   4   3   2   1   1   2   2  26  32   0  12   3  0.85 0.64
   98 L    -7  -8  -9  -9  -7  -8  -9  -9  -9  -3   7  -8   1   0  -5  -6  -6  -7  -7  -2    0   0   0   0   0   0   0   0   0   1  89   0   2   4   1   1   0   0   0   2  2.28 1.10
   99 K    -4  -1   1  -3  -6   2  -1  -5   4   0  -3   1  -4  -5  -5   0   5  -7  -3  -3    1   3   7   1   0   8   4   1   9   5   3   9   0   0   0   6  40   0   1   1  0.87 0.61
  100 I    -6  -9  -9  -9  -7  -8  -9  -5  -9   8  -1  -3   3  -4  -9  -6  -5  -3  -7   1    1   0   0   0   0   0   0   1   0  77   5   2   5   1   0   1   0   0   0   7  2.32 1.06
  101 S    -1  -1   2  -1  -4   0  -2  -4   0  -6  -5   0  -2  -7  -2   5   3  -7  -5  -5    4   4  10   3   0   5   2   1   3   0   1   5   1   0   2  43  18   0   0   1  0.89 0.65
  102 R     0   1   3   1  -3  -2  -1   3  -2  -6  -5  -1  -6  -3   0   3  -3  -7  -6  -4    8   7  14   8   1   2   3  21   1   0   1   4   0   1   5  23   1   0   0   1  0.56 0.44
  103 V     1  -5  -6  -7  -5  -6  -6  -6  -7   0   4  -6   1  -2  -4   0   0  -6  -5   4   11   0   0   0   0   0   0   0   0   3  35   0   2   2   1   8   5   0   0  31  0.89 0.57
  104 E    -3   0  -4  -4  -5   7   4  -6   0  -6  -4   2  -6  -5  -6  -3   0  -2  -7  -5    3   4   1   1   0  47  22   0   2   0   2  10   0   1   0   2   6   1   0   1  1.44 0.88
  105 A     3  -3  -4  -3  -3  -2   0  -4  -5  -3   1  -3  -1  -5   5  -1   0  -4  -5   0   28   2   0   1   0   2   6   1   0   1  15   1   1   0  24   5   6   0   0   6  0.63 0.47
  106 E    -2  -2  -2   0  -8  -1   6   1  -5  -6  -7  -1  -4  -8  -5   0  -2  -8  -7  -5    3   2   2   5   0   2  58  11   0   1   0   3   0   0   0   8   3   0   0   1  1.31 0.78
  107 D    -5  -8  -4   9  -9  -4  -4  -6  -2  -9 -10  -7  -9  -9  -8  -5  -7 -10  -9  -9    1   0   1  95   0   1   0   0   1   0   0   0   0   0   0   0   0   0   0   0  3.22 1.42
  108 V     1  -4  -3  -1  -6  -4   4  -4  -4  -3  -4  -3  -3  -3  -6   5   2  -7  -5  -2   11   0   1   3   0   0  25   1   0   2   1   1   1   1   0  37  13   0   0   3  0.91 0.66
  109 G     7  -7  -7  -6  -7  -7  -5   2  -8  -7  -6  -7  -7  -8  -7  -3  -4  -8  -8  -4   79   0   0   0   0   0   0  17   0   0   0   0   0   0   0   2   1   0   0   1  2.10 1.07
  110 V    -4  -4  -3   4  -6  -4  -2  -5  -3   0  -1  -3   3  -5  -6  -3   3  -7  -2   5    0   1   1  21   0   0   3   1   1   4   5   2   6   0   0   2  16   0   1  36  0.83 0.55
  111 Y    -9  -9  -5 -10  -2  -8  -9 -10  -2  -8  -8  -9  -8  -2 -10  -9  -9  -5  10  -8    0   0   1   0   1   0   0   0   1   0   0   0   0   1   0   0   0   0  96   0  4.00 1.63
  112 Y    -6  -8  -6  -6  -2  -8  -8  -9   1  -5   0  -8  -4   5  -9  -6  -8  -4   9  -7    1   0   0   0   1   0   0   0   3   0  10   0   0  22   0   1   0   0  62   0  2.57 1.13
  113 C    -8 -11 -10 -11  12 -10 -11 -10 -10  -8  -8 -10  -9  -4 -10  -5  -8  -9 -10  -8    0   0   0   0  98   0   0   0   0   0   0   0   0   1   0   1   0   0   0   0  4.90 1.74
  114 M     6  -5  -5  -5  -4   4  -3  -1  -1  -5  -2  -4   0  -3  -6  -1  -4  -4  -3  -2   56   0   0   0   0  18   1   5   1   0   4   1   3   1   0   4   0   0   1   3  1.16 0.70
  115 Q     1   2  -3  -5  -1   4  -3  -4  -1  -3  -2  -2  -1  -4  -5   3   0  -4   0   1   12  11   0   0   1  19   1   1   1   1   4   2   1   0   0  26   4   0   3  12  0.54 0.44
  116 A     0  -1  -3   0  -3  -2  -2   0   2  -6  -4  -4  -5  -3  -5   4  -2   7   4  -5    6   3   1   6   0   2   3   9   4   0   1   0   0   1   0  31   2  17  14   0  0.89 0.56
  117 L     0  -2   0   3  -3   0  -1  -4   3  -1   0   0  -3  -1  -1  -1   2  -2   3  -2   10   1   5  15   0   4   2   0   7   3  11   6   0   2   3   3  13   0  13   2  0.26 0.26
  118 Q    -1  -2   1   2  -5   3  -1   0   4  -4  -6  -3  -5  -3  -4   4  -1  -3  -3  -4    4   1   5  11   0  15   3   6  11   1   0   0   0   1   0  35   4   0   1   1  0.72 0.50
  119 T    -1  -2  -2  -2  -5  -1  -4  -3   0  -3  -2  -4  -3   1  -3   4   4  -1   2  -2    3   1   1   2   0   3   0   1   3   1   4   0   0   5   1  38  26   1   8   2  0.73 0.51
  120 P    -5  -6  -6  -6  -7  -5  -5  -6  -6  -7  -7  -5  -7  -8   9  -5  -5  -8  -7  -7    0   0   0   0   0   0   0   0   0   0   0   0   0   0 100   0   0   0   0   0  3.38 0.99

                      K         Lambda
Standard Ungapped    0.1335     0.3160
Standard Gapped      0.0460     0.2670
PSI Ungapped         0.1501     0.3164
PSI Gapped           0.0460     0.2670
