
Last position-specific scoring matrix computed, weighted observed percentages rounded down, information per position, and relative weight of gapless real matches to pseudocounts
            A   R   N   D   C   Q   E   G   H   I   L   K   M   F   P   S   T   W   Y   V   A   R   N   D   C   Q   E   G   H   I   L   K   M   F   P   S   T   W   Y   V
    1 M    -5  -6  -7  -8  -6  -5  -7  -7  -6   2   3  -6  10  -4  -7  -6  -5  -6  -5  -3    0   0   0   0   0   0   0   0   0  12  21   0  67   0   0   0   0   0   0   0  2.41 0.85
    2 A     4  -3  -1  -3  -4  -2  -1  -1  -2  -2  -4   0  -2  -5   1   2   1  -6  -4  -2   43   1   3   1   0   2   3   3   1   3   1   4   1   0   8  16   8   0   0   2  0.57 0.37
    3 S    -2   0   0  -2  -2   1  -2  -4  -2  -6  -6   2  -3  -7   6   2   2  -7  -4  -6    2   6   5   2   1   5   2   0   1   0   0  11   1   0  35  17  12   0   0   0  0.93 0.51
    4 H    -2   0   0  -3   2  -2  -3  -5   3  -4  -3   1  -2   1  -4   2   4  -4   3  -2    2   5   4   1   5   2   1   0   8   0   2   8   1   5   0  15  26   0  11   3  0.53 0.38
    5 L    -3  -5  -7  -7  -2  -6  -6  -7  -5   5   2  -4  -1   4  -7  -6  -3  -4   0   4    2   1   0   0   1   0   0   0   0  28  17   1   1  17   0   0   1   0   3  28  1.06 0.49
    6 E    -2   0  -3  -3  -3   0   0  -5  -4  -2  -2   5  -2  -5   0  -1   4  -6  -5   0    3   5   1   1   1   4   7   0   0   2   3  30   1   0   5   3  29   0   0   6  0.71 0.46
    7 L    -6  -6  -9  -9  -7  -7  -8  -9  -4  -2   7  -8   1   1  -8  -7  -6  -7  -6  -4    0   0   0   0   0   0   0   0   0   1  88   0   3   6   0   0   0   0   0   1  2.16 0.88
    8 N    -2  -2   8  -4  -4  -3  -4  -4   2  -7  -5  -2  -7  -6  -2   2  -3  -6   0  -6    4   2  58   0   0   1   1   1   5   0   1   2   0   0   3  17   1   0   4   1  1.57 0.75
    9 N    -5  -6   7   3  -7  -5  -4  -5  -4  -8  -8  -5  -7  -8  -6   3   3  -5  -7  -7    1   0  45  15   0   0   0   0   0   0   0   0   0   0   0  19  20   0   0   0  1.63 0.78
   10 G    -5  -7  -2  -3  -4  -4  -5   8  -5  -8  -9  -4  -8  -8  -8  -5  -6  -8  -9  -8    0   0   2   2   0   1   1  91   0   0   0   1   0   0   0   1   0   0   0   0  2.57 1.01
   11 T     2   0   1   0  -2   1  -2  -3   3   0  -1  -1   0  -1  -4  -1   0  -4   2   2   17   5   8   4   1   5   1   1   8   4   6   3   2   3   0   3   6   0   9  15  0.19 0.20
   12 K    -2   1  -1  -1  -2   1   3  -5   0  -4  -3   5  -2  -2  -3   0   0  -2  -4  -3    3   7   2   3   1   7  18   0   2   1   3  32   1   2   1   8   6   1   0   2  0.58 0.38
   13 M    -6  -8  -8  -9  -4  -6  -8  -9  -8   6  -1  -8   9  -2  -8  -8  -6  -7  -4  -1    0   0   0   0   0   0   0   0   0  44   4   0  45   2   0   0   0   0   0   3  2.43 0.96
   14 P    -7  -7  -9  -7  -9  -6  -7  -9  -9  -9  -9  -8  -9 -10   9  -6  -8 -10 -10  -9    0   0   0   0   0   0   0   0   0   0   0   0   0   0  98   0   0   0   0   0  3.66 1.40
   15 T     2  -1  -4  -4   0   2  -3  -4  -4   2   1  -2   2  -3  -3   0  -1  -1  -3   2   18   3   0   0   2  12   1   1   0  10  15   2   5   1   1   8   3   1   1  16  0.32 0.27
   16 L    -5  -6  -8  -8  -5  -5  -6  -8  -5   5   4  -6  -1   1  -7  -7  -4  -6  -5   4    0   0   0   0   0   1   0   0   0  29  35   0   1   5   0   0   0   0   0  27  1.33 0.60
   17 G     0  -8  -6  -6  -8  -6  -8   8  -8  -8  -9  -7  -8  -9  -8  -5  -7  -8  -9  -6    6   0   0   0   0   0   0  92   0   0   0   0   0   0   0   0   0   0   0   1  2.71 1.06
   18 L    -6  -7  -8  -9  -4  -7  -8  -8  -7  -1   6  -8   0   6  -7  -7  -6  -4   2  -3    0   0   0   0   0   0   0   0   0   3  60   0   2  26   0   0   0   0   6   1  1.73 0.75
   19 G    -5  -7  -5  -6  -9  -8  -8   8  -8 -10 -10  -8  -9  -9  -8  -6  -7  -9  -9  -9    0   0   0   0   0   0   0  98   0   0   0   0   0   0   0   0   0   0   0   0  3.02 1.15
   20 T    -5  -7  -6  -7   0  -7  -7  -7  -8  -3  -2  -7  -2  -5  -7  -3   8  -8  -7   2    0   0   0   0   2   0   0   0   0   1   4   0   1   0   0   1  79   0   0  11  2.23 1.01
   21 W    -2  -7  -7  -7  -3  -6  -8  -5  -4  -6  -5  -8  -4   4  -8  -3  -7  11   5  -6    5   0   0   0   1   0   0   1   1   0   1   0   0  14   0   2   0  55  17   0  2.96 1.11
   22 K    -1   1   0  -2  -4   5  -1  -2  -3  -4   0   4   0  -5  -3  -2  -3  -6  -5  -5    4   8   5   2   0  27   3   3   0   1  11  28   2   0   1   3   1   0   0   0  0.77 0.47
   23 S     2  -4  -3  -2  -1  -3  -3  -2  -4   2   1  -4   2  -2  -1   4   0  -6  -4   1   17   0   1   2   1   1   1   3   0  11  12   0   4   1   3  28   5   0   0   9  0.42 0.33
   24 P     0  -1   1   2  -5   0   2  -2  -1  -5  -3   3  -3  -4   4   0   0  -4  -4  -4    7   3   6  10   0   3  11   3   1   0   2  17   0   1  20   7   7   0   0   1  0.47 0.32
   25 P    -1  -1   1   2  -5  -2   1   1  -3  -4  -5   2  -5  -6   6  -1  -3  -7  -5  -4    4   3   6  12   0   2   8  12   1   1   1  11   0   0  33   4   1   0   0   1  0.79 0.45
   26 G    -1  -3   2   4  -6  -1   3   4  -2  -5  -6   0  -5  -5  -3   0  -2  -6  -4  -5    6   1   8  19   0   3  19  27   1   1   0   5   0   0   1   7   2   0   1   1  0.68 0.40
   27 Q    -1  -2  -2   2  -6   3   5  -4  -2  -3  -3   1  -2  -5  -3  -1   0  -6  -4   0    4   2   2  10   0  11  39   1   1   1   3   9   1   0   1   3   5   0   0   6  0.71 0.44
   28 V     2  -5  -4  -5   4  -5  -4  -2  -5   1   0  -3   1  -3  -5  -3   2  -4  -4   5   15   0   1   0   8   0   1   3   0   6  10   1   3   1   0   2  10   0   0  38  0.73 0.42
   29 T     1   1  -2  -2  -3   0   2   1  -1  -1  -3   2  -2  -2  -3  -1   1  -4   2   0   12   8   1   1   1   4  15   9   1   3   2  14   1   1   1   3   8   0   8   6  0.22 0.21
   30 E     1   1   2   3  -3   2   3  -2   0  -4  -4   1  -4  -4  -2  -1   0  -6  -3  -4   10   6  11  14   0   9  20   2   2   1   1   9   0   1   2   4   6   0   1   1  0.42 0.30
   31 A     6  -5  -4  -6   1  -2  -5  -3  -5  -1  -3  -5  -2  -6  -3   1   0  -4  -5   1   62   0   1   0   2   2   0   2   0   4   3   0   1   0   1   8   5   0   0   8  1.15 0.61
   32 V    -4  -7  -7  -8   0  -7  -7  -8  -8   3   0  -7   0  -3  -7  -6  -1  -7  -6   7    1   0   0   0   2   0   0   0   0  15   9   0   2   1   0   0   3   0   0  66  1.73 0.74
   33 K    -1   2  -1  -1  -1   0   1  -3  -1  -2   0   4  -1  -2  -3  -1   0  -4   2  -1    5   9   3   3   1   3  11   2   1   2  10  27   1   1   1   5   5   0   6   4  0.29 0.24
   34 V     2  -2   0   1   1  -1   1  -3   2  -1  -2  -1  -2  -1  -4   0   2   3   1   0   16   2   5   7   3   3  10   1   6   4   2   3   1   2   0   6  14   4   6   6  0.21 0.20
   35 A     7  -7  -7  -7  -6  -6  -6  -3  -7  -7  -7  -6  -6  -5  -6  -3  -5  -8  -7  -4   94   0   0   0   0   0   0   2   0   0   0   0   0   1   0   1   1   0   0   1  2.50 1.05
   36 I    -5  -7  -8  -8  -6  -7  -7  -8  -7   6   5  -6  -2   0  -7  -7  -4  -4  -4   1    0   0   0   0   0   0   0   0   0  39  45   0   1   3   0   0   1   0   0   9  1.54 0.65
   37 D    -2   2   0   4  -5   0   4  -4  -3  -7  -5   4  -3  -5  -5  -1  -3  -4  -5  -6    3   8   3  22   0   4  24   1   0   0   1  25   1   0   0   4   2   0   0   0  0.88 0.49
   38 M     4  -4   0  -3   1  -2  -3  -4  -1   1   0  -3  -1  -3  -5   0   1  -5  -3   2   34   0   5   1   3   2   1   1   2   8   9   1   2   1   0   6   7   0   1  17  0.45 0.32
   39 G    -6  -7  -4  -5  -8  -7  -8   8  -8  -9  -9  -6  -8  -9  -8  -5  -7  -8  -8  -9    0   0   1   1   0   0   0  97   0   0   0   0   0   0   0   0   0   0   0   0  2.92 1.11
   40 Y    -8  -8  -7  -9  -2  -8  -8  -9  -3  -4  -7  -8  -4   0  -9  -8  -8  -4  10  -5    0   0   0   0   1   0   0   0   0   1   0   0   0   4   0   0   0   0  91   1  3.63 1.33
   41 R    -6   9  -5  -7  -3  -4  -6  -7  -3  -5  -6  -1  -7  -8  -6  -6  -2  -8  -6  -6    0  88   1   0   1   0   0   0   1   1   1   2   0   0   0   0   3   0   0   1  2.76 1.10
   42 H    -3  -5  -4  -7  -3  -4  -6  -7  10  -7   2  -6   0  -4  -6  -3  -7  -7  -1  -6    3   0   0   0   1   0   0   0  69   0  17   0   2   1   0   3   0   0   2   0  2.75 1.06
   43 I    -6  -8  -8  -8  -6  -8  -8  -8  -5   7   1  -8  -3   4  -8  -7  -6  -6  -3   0    0   0   0   0   0   0   0   0   0  65  10   0   0  18   0   0   0   0   1   5  2.02 0.81
   44 D    -8  -8  -5   9  -9  -7  -5  -7  -7  -9 -10  -7  -9  -9  -8  -6  -7 -10  -6  -9    0   0   0  99   0   0   0   0   0   0   0   0   0   0   0   0   0   0   0   0  3.42 1.29
   45 C    -1  -6  -5  -7   8  -7  -6   0  -8  -5  -4  -7  -4  -6  -7  -1   6  -8  -7  -5    5   0   0   0  30   0   0   7   0   0   1   0   0   0   0   4  51   0   0   0  2.00 0.90
   46 A     8  -8  -8  -8  -7  -7  -6  -5  -8  -7  -8  -7  -7  -8  -7  -3  -6  -9  -8  -6   97   0   0   0   0   0   0   0   0   0   0   0   0   0   0   2   0   0   0   0  2.72 1.15
   47 Q     2  -1  -3  -4   1   1  -1  -4   3  -4  -1  -1   0   2  -1   0  -1   4   4  -3   21   3   1   1   3   6   3   0   7   0   5   3   3   8   4   8   4   5  13   1  0.38 0.30
   48 V     1  -2  -2  -1   1  -3  -4  -3  -4   4   1  -4   2   1  -5  -2  -3  -5   0   3   10   3   2   5   3   1   1   2   0  22  14   1   4   7   0   3   0   0   3  20  0.41 0.27
   49 Y    -8  -8  -7  -8  -5  -8  -9 -10  -2  -8  -8  -8  -8  -2 -10  -8  -7  -4  10  -8    0   0   0   0   0   0   0   0   1   0   0   0   0   1   0   0   0   0  97   0  3.99 1.47
   50 Q    -2   1   0   0  -2   3   1   4   0  -6  -3   1  -1  -1  -5  -3  -4  -3  -3  -6    2   9   5   4   1  15   9  35   2   0   3   8   2   3   0   1   0   0   1   0  0.64 0.41
   51 N    -7  -7   9  -4  -3  -6  -7  -6  -6  -8  -9  -6  -8  -9  -8  -3   0 -10  -8  -5    0   0  90   0   1   0   0   0   0   0   0   0   0   0   0   2   5   0   0   1  3.09 1.24
   52 E    -7  -6  -6  -4  -9   1   8  -7  -2  -7  -8  -5  -8  -9  -7  -6  -6  -9  -8  -8    0   0   0   0   0   5  91   0   1   0   0   0   0   0   0   0   0   0   0   0  2.81 1.19
   53 K     2   1  -1   1  -3   1   3  -2   1  -3  -5   3  -4  -6  -1  -1  -1  -6  -4  -1   14   7   3   7   0   5  20   3   4   1   0  20   0   0   3   3   3   0   0   6  0.42 0.31
   54 E     1  -4  -4   0  -5   1   6   0  -3  -2  -3  -2  -3  -2  -2  -1  -4  -3  -2  -2   13   0   0   5   0   5  46   7   0   3   3   1   1   2   2   4   1   0   1   4  0.78 0.49
   55 V    -4  -7  -8  -8  -1  -7  -7  -8  -8   5  -1  -7  -3  -4  -7  -6  -4  -7  -6   6    1   0   0   0   1   0   0   0   0  32   6   0   0   0   0   0   1   0   0  57  1.86 0.78
   56 G    -4  -6  -6  -7  -8  -7  -7   8  -7  -8  -8  -7  -8  -6  -7  -5  -6  -8  -8  -8    1   1   0   0   0   0   0  95   0   0   0   0   0   0   0   1   0   0   0   0  2.83 1.09
   57 V     0   3   0   1  -4   3   4  -4  -1  -4  -2   2  -4  -5  -5  -2  -2  -4  -5  -2    8  13   4   6   0  13  26   1   1   1   4  14   0   0   0   2   2   0   0   3  0.58 0.38
   58 A     6  -5  -5  -5  -4  -6  -5   3  -4  -3  -6  -6  -5  -6  -6  -2  -2  -7  -6   1   59   0   0   0   0   0   0  23   0   2   0   0   0   0   0   2   2   0   0  10  1.40 0.70
   59 L    -4  -5  -5  -5  -4  -5  -5  -6  -5   6   4  -5  -1   0  -5  -5  -4  -5  -4   1    1   1   0   1   0   0   1   1   0  39  39   1   1   4   1   1   1   0   0   9  1.25 0.52
   60 Q     1   4   1  -2  -3   3  -1  -3   1  -4  -3   4  -4  -5  -3   0  -2  -3  -4  -4   13  22   5   2   1  12   4   2   4   1   2  23   0   0   1   6   2   0   0   1  0.60 0.35
   61 E     0   1   0   2  -3   1   4  -3  -1  -4  -4   3  -3  -4  -3  -1  -2  -3  -3  -3    7   8   4   9   1   7  28   2   1   1   2  17   0   1   1   5   3   0   1   2  0.52 0.30
   62 K     2  -2  -2  -2   1  -1  -2  -1  -2   0   1   2  -1   0  -2  -1  -2   5   1   0   21   2   1   2   3   2   2   4   1   5  12  16   1   4   1   4   2   7   4   6  0.24 0.16
   63 L    -3  -3  -3  -4  -2  -4  -4  -4  -4   6   2  -3   2   4  -4  -3  -2  -2  -2   0    2   1   1   1   1   1   1   2   0  39  15   2   5  17   1   2   2   1   1   5  0.85 0.35
   64 K     2   0   0   1  -3   1   1  -1  -1  -3  -3   4  -3  -4  -2   1  -1  -3  -3  -2   15   4   4   9   1   5  10   4   1   1   3  24   1   1   2   8   3   0   1   2  0.32 0.21
   65 E     1  -1   1   3  -4   0   4  -3  -3  -4  -3   0  -2  -4  -1   1  -1  -4  -4  -3   12   3   5  18   0   4  25   2   0   1   3   6   1   1   2  11   4   0   0   1  0.47 0.29
   66 Q    -3  -4  -2  -2  -3  -3  -4   6  -1  -6  -5  -1  -6  -6  -4   4  -1  -6  -3  -5    2   1   2   2   1   1   1  49   2   0   1   3   0   0   1  28   3   0   1   1  1.18 0.59
   67 V    -2  -1   0   0  -4  -2  -2   4  -2   0  -1   2  -2  -4  -3  -1   1  -4  -3   2    3   2   5   4   0   1   2  28   1   5   7  14   1   0   1   3   8   0   0  13  0.34 0.26
   68 V    -4  -6  -6  -7  -2  -6  -7  -5  -5   5   1  -6  -2  -3  -5  -6  -3  -5  -3   6    1   0   0   0   1   0   0   1   0  26  14   0   1   1   1   0   1   0   1  51  1.45 0.64
   69 K    -2   1  -1  -2  -4  -1  -2  -5  -4  -6  -5   6  -5  -7   4   0   1  -7  -6  -5    3   6   2   2   0   2   2   1   0   0   1  41   0   0  23   7   8   0   0   0  1.08 0.59
   70 R    -7   9  -7  -6  -5  -5  -6  -8  -4  -9  -8  -4  -8  -9  -7  -7  -7  -3  -8  -9    0  97   0   0   0   0   0   0   0   0   0   0   0   0   0   0   0   0   0   0  3.33 1.29
   71 Q    -4  -4  -2   2  -5  -2   7  -4  -3  -8  -8   1  -7  -8  -6   0  -5  -8  -7  -8    1   1   1  11   0   1  65   2   1   0   0   8   0   0   0   8   0   0   0   0  1.72 0.84
   72 D    -6  -6  -2   7  -9   1   5  -6  -4  -9  -9  -3  -8  -9  -7  -4  -6  -9  -7  -8    0   0   2  49   0   5  39   0   0   0   0   2   0   0   0   1   0   0   0   0  2.00 0.90
   73 L    -6  -6  -8  -8  -6  -7  -8  -8  -8   5   5  -7   0   0  -8  -7  -6  -7  -3   2    0   0   0   0   0   0   0   0   0  30  49   0   2   4   0   0   0   0   1  13  1.49 0.66
   74 F    -8  -9  -9  -9  -8  -9  -9  -9  -5  -5  -5  -8  -6   9  -9  -8  -6   6   0  -7    0   0   0   0   0   0   0   0   0   0   0   0   0  84   0   0   1  10   3   0  3.29 1.21
   75 I    -6  -8  -8  -8  -5  -7  -8  -8  -6   7   1  -7  -2  -4  -7  -7  -6  -5   0   4    0   0   0   0   0   0   0   0   0  57  11   0   1   0   0   0   0   0   3  26  1.84 0.76
   76 V    -3  -7  -4  -7   0  -4  -5  -7  -7  -2  -6  -6  -4  -7  -7  -3   8  -8  -6   2    2   0   1   0   2   1   1   0   0   3   0   0   0   0   0   2  75   0   0  13  2.10 0.98
   77 S    -4  -7  -4  -5  -5  -6  -6  -3  -7  -7  -7  -6  -7  -5  -7   6   6  -8  -7  -6    1   0   0   0   0   0   0   3   0   0   0   0   0   1   0  50  44   0   0   0  1.96 0.97
   78 K    -7  -4  -7  -7  -9  -3  -6  -8  -7  -9  -9   9  -8  -9  -7  -7  -7  -9  -8  -8    0   0   0   0   0   1   0   0   0   0   0  98   0   0   0   0   0   0   0   0  3.23 1.30
   79 L    -4  -7  -7  -8  -2  -6  -8  -8  -8   1   6  -7  -2  -3  -7  -7  -6  -7  -6   2    1   0   0   0   1   0   0   0   0   7  75   0   1   1   0   0   0   0   0  13  1.80 0.80
   80 W    -4  -5  -4  -2  -4  -6  -7  -4  -4  -7  -6  -7  -4  -1   2  -3  -6  12  -2  -7    2   1   1   2   0   0   0   2   0   0   1   0   1   2   9   2   1  73   1   0  3.59 1.36
   81 C    -3  -3   7  -3   5  -2  -4  -2  -1  -2  -3  -3  -1  -3   1   0  -2  -3  -4  -2    2   1  45   1  12   2   1   3   2   3   2   1   2   1   8   7   2   0   1   3  1.10 0.59
   82 T    -2  -3   2   2  -2  -1  -2  -3  -1  -1  -5  -2  -4  -2  -1   2   5  -3  -1  -2    4   1   8  10   1   2   2   2   2   4   1   2   0   2   3  13  39   0   2   2  0.67 0.45
   83 F    -1  -2   0   4   0  -1   0  -1   4  -4  -4  -1  -2   4  -5   0  -4   2   3  -4    5   2   5  21   2   2   6   4  10   0   2   5   1  17   0   6   1   2   9   1  0.55 0.35
   84 H    -4  -2   0  -6  -3   2  -5  -7  10  -4  -2  -3   3   0  -7  -4  -3  -2   1  -6    2   3   5   0   1   8   0   0  56   1   4   1   6   4   0   1   1   1   4   0  2.04 0.87
   85 D     1   3   0   1  -4   0   0   3   4  -5  -5   1  -4  -5  -3   0  -1  -5  -3  -4   10  19   3   8   0   3   5  21   9   0   1   7   0   0   1   7   4   0   1   1  0.49 0.32
   86 Q    -1   1  -4  -3  -5  -2  -1  -4  -1  -5  -4   1  -5  -2   6  -3  -2  -3   5  -4    5   7   1   1   0   2   4   2   1   1   1   8   0   2  40   2   3   0  17   2  1.08 0.55
   87 S    -1  -2   0   4  -4   0   5  -1   0  -5  -5   0  -5  -3  -4   0  -3  -5  -4  -5    5   2   3  21   0   4  36   6   2   1   1   6   0   2   1   6   1   0   0   1  0.78 0.44
   88 M    -1   2   2   4  -4   0   0  -3   3  -3   1   2  -1  -4  -3  -1  -3  -2  -2  -4    5  13   8  22   0   3   5   1   7   1  13  12   1   1   1   4   1   1   2   1  0.41 0.30
   89 V     1  -7  -7  -7  -2  -5  -7  -7  -7   0  -4  -7  -2  -5  -2  -4   2  -7  -6   7   12   0   0   0   1   1   0   0   0   5   1   0   1   0   3   1  13   0   0  62  1.52 0.74
   90 K    -1   3  -4  -2  -3   0   4  -4  -2  -1   1   2  -1  -2   0  -3  -3  -6  -4  -2    6  14   0   2   1   3  27   1   1   4  15  14   2   2   4   1   1   0   0   3  0.45 0.34
   91 G     1   1  -2   0  -3   0   3  -1   0  -3  -3   3  -4  -4   4  -2  -2  -2  -2  -3   11   7   2   5   0   5  19   4   2   1   2  15   0   1  18   3   2   1   1   1  0.44 0.32
   92 A     6  -5  -1  -4   3  -3  -3   1  -3  -3  -5  -4  -4  -1  -6   1  -3  -3  -1  -3   57   0   3   1   5   1   2   9   1   2   0   1   0   3   0  10   2   0   2   2  1.05 0.59
   93 C    -2  -7  -7  -8   7  -7  -7  -7  -7   3   4  -7   0   4  -7  -6  -5  -5  -2   1    3   0   0   0  18   0   0   0   0  13  37   0   2  18   0   0   0   0   1   7  1.26 0.58
   94 Q    -3   3   1   4  -2   2   4  -4  -1  -5  -2   2  -1  -5  -5  -3  -2  -6  -4  -5    2  13   7  19   1   8  23   1   1   1   4  13   1   0   0   1   2   0   1   1  0.65 0.41
   95 K     0   3   0   1  -6   2   3  -3  -2  -3  -3   4  -1  -6  -5  -1   0  -3  -5  -4    7  12   3   6   0   9  16   2   1   1   3  26   2   0   0   4   6   0   0   1  0.52 0.36
   96 T    -3  -6  -4  -5  -1   0  -5  -6  -6  -1  -7  -6  -1  -8  -6   6   4  -8  -7  -6    1   0   1   0   1   5   0   0   0   3   0   0   1   0   0  60  25   0   0   0  1.69 0.88
   97 L    -6  -5  -9  -9  -2  -6  -7  -9  -8  -1   7  -6   1  -1  -7  -8  -6  -7  -5  -4    1   1   0   0   1   0   0   0   0   3  87   0   3   2   0   0   0   0   0   1  2.09 0.89
   98 S     1   2   0   0  -4   2   3  -3  -2  -6  -5   5  -5  -7  -5   1  -1  -7  -6  -5   10   9   4   5   0   8  16   2   1   0   1  31   0   0   0   9   3   0   0   0  0.70 0.44
   99 D     0   3   4   5  -5  -1   0  -5  -3  -6  -3   3  -3  -6  -5  -2  -3  -5  -5  -5    8  15  17  26   0   3   4   0   1   0   3  16   1   0   0   3   1   0   0   0  0.81 0.47
  100 L    -6  -8  -9  -9  -5  -8  -8  -9  -8  -3   7  -8   1  -2  -3  -6  -6   0  -4  -4    1   0   0   0   0   0   0   0   0   1  89   0   2   1   2   1   0   2   0   0  2.21 0.94
  101 Q    -4   0   1   0  -2   5  -4   5  -2  -8  -6   2  -5  -8  -5  -4  -6  -7  -6  -7    1   6   5   5   1  27   1  40   1   0   0  11   0   0   0   1   0   0   0   0  1.23 0.65
  102 L    -5  -5  -7  -7  -1  -5  -7  -7  -7   0   6  -7   2  -3  -7  -5   2  -7  -6   2    1   0   0   0   1   1   0   0   0   4  61   0   4   1   0   0  13   0   0  13  1.35 0.65
  103 D    -5  -6   0   7  -3  -2   3  -2  -6  -8  -8  -2  -8  -8  -2  -1  -3  -9  -8  -7    1   0   4  61   1   1  17   3   0   0   0   2   0   0   2   5   2   0   0   0  1.71 0.79
  104 Y    -6  -7  -7  -9  -9  -3  -8  -9   0  -8  -7  -5  -5  -2  -8  -6  -5   1  10  -6    1   0   0   0   0   1   0   0   2   0   0   1   0   1   0   1   1   1  89   1  3.52 1.35
  105 L    -5  -7  -8  -8  -4  -7  -7  -8  -7   4   4  -7  -2   0  -7  -7  -5   0  -5   5    1   0   0   0   0   0   0   0   0  18  41   0   1   4   0   0   0   1   0  33  1.40 0.64
  106 D    -8  -8  -3   9  -9  -5  -5  -7  -1  -9  -8  -6  -9  -9  -8  -6  -7 -10  -7  -9    0   0   1  95   0   0   0   0   1   0   0   0   0   0   0   0   0   0   0   0  3.23 1.25
  107 L    -6  -7  -6  -8  -1  -2  -6  -8  -8  -3   7  -7   2  -2  -8  -5  -5  -7  -6  -4    0   0   1   0   2   2   0   0   0   1  86   0   4   1   0   1   0   0   0   1  2.05 0.88
  108 Y    -7  -8  -8  -9  -2  -7  -8  -9  -5  -5  -1  -8  -2   2  -9  -8  -7   0  10  -1    0   0   0   0   1   0   0   0   0   1   7   0   1   8   0   0   0   1  76   4  2.87 1.14
  109 L    -7  -8  -9  -9  -7  -6  -8  -9  -3   0   7  -6   1  -4  -8  -7  -7  -7  -2  -2    0   0   0   0   0   0   0   0   1   4  87   0   3   1   0   0   0   0   1   2  2.14 0.90
  110 I    -4  -7  -8  -8  -3  -6  -6  -8  -8   7   0  -7   6  -5  -6  -4  -4  -7  -6   2    2   0   0   0   0   0   0   0   0  54   6   0  20   0   1   1   1   0   0  14  1.84 0.78
  111 H    -8  -7  -2  -6  -9  -4  -5  -9  12 -10  -9  -7  -8  -8  -9  -8  -8  -9  -5  -9    0   0   2   1   0   1   1   0  95   0   0   0   0   0   0   0   0   0   0   0  4.41 1.54
  112 W    -4  -6  -3  -9  -1  -1  -7  -6  -1  -5  -3  -7   0   3  -9  -2  -2  12  -1  -3    2   1   2   0   1   4   0   1   1   1   3   0   3  10   0   4   3  60   2   2  2.81 1.11
  113 P    -6  -8  -8  -8  -9  -6  -7  -6  -8  -9  -8  -7  -6  -7   9  -5  -7  -9  -9  -7    1   0   0   0   0   0   0   1   0   0   0   0   0   0  95   1   0   0   0   0  3.46 1.38
  114 T     0  -3  -2  -4   2  -1  -4  -2  -2   2   0  -4   4   2  -5  -2   0   1   0   4    7   1   2   1   4   3   1   3   1  10   7   1  10   8   0   3   5   2   2  30  0.45 0.28
  115 G     4   0  -1  -3   0  -2  -3   2  -2  -4  -4  -2  -3  -2   1   2   0  -5  -4  -2   30   5   2   1   2   1   1  17   1   1   1   2   0   2   8  17   5   0   1   2  0.50 0.32
  116 F    -1  -3  -3  -2   0  -2  -3  -2  -2   0   1  -3   3   5  -3  -2   0   2   3  -1    5   1   1   2   2   2   2   3   1   5  15   2   7  27   2   3   5   3   9   4  0.48 0.25
  117 K    -1   1   1   0  -1   1   0  -2   0  -1  -2   4  -1  -2  -1  -1  -1  -3   0   0    6   6   5   5   1   7   6   3   2   3   4  27   1   1   3   4   4   0   4   7  0.24 0.17
  118 P    -1   1   0  -1  -2  -1   1  -2   2  -3  -2   1  -2  -1   5  -1  -2  -3   1  -2    5   7   4   3   1   3  10   3   5   2   3  10   1   3  26   5   2   0   4   2  0.41 0.23
  119 G    -1  -2   1   2  -2  -1   0   4   0  -2  -3  -1  -2  -2  -1   0  -1  -2  -3  -2    4   3   7  11   1   2   6  34   2   3   3   3   1   2   3   8   4   1   1   3  0.39 0.21
  120 P     0  -1   0   3  -1  -1   2   0  -2  -2  -2   0  -2  -2   1   0   0  -1  -2  -1    7   2   5  18   2   2  14   7   1   2   3   7   1   2   8   7   6   1   2   4  0.21 0.14
  121 D    -1  -1   1   3  -2   0   2   0  -1  -2  -2   0  -2  -2  -1   0   0   0  -1  -1    5   3   8  16   1   3  17   8   1   2   3   6   1   2   3   5   7   1   2   5  0.20 0.13
  122 Y    -1   0  -1  -1  -1   0   0   0   0   0   1   0   1   1   1   0  -1   3   1   0    4   4   3   4   1   3   5   7   2   5  17   5   4   5   6   5   4   4   5   6  0.04 0.04
  123 F    -1  -1  -1  -1  -2   0  -1  -2  -1   0   0  -1   1   4   1  -1   0   1   2   0    5   3   3   3   1   4   5   3   2   7   9   4   3  20   6   4   5   2   8   5  0.18 0.11
  124 P    -1  -2  -2  -1  -3  -1   0  -3  -1  -2  -2  -1  -2  -3   7  -1  -1  -3  -1  -2    5   2   2   4   1   2   5   2   2   3   4   5   1   2  47   5   3   0   2   3  0.93 0.37
  125 L     0   1  -1  -1  -2   0   0  -1  -1   0   1   2   1  -1   1  -1   0   0  -1   0    6   8   2   2   1   4   5   4   1   5  12  17   3   2   8   3   6   1   2   6  0.09 0.08
  126 D    -1  -1   2   4  -2  -1   1  -1   0  -1  -2   0  -2  -2   0  -1   0  -2  -2  -2    4   4  11  27   1   2   8   6   2   3   4   5   1   2   4   5   5   1   1   3  0.33 0.18
  127 A     1  -1   0   1  -2   0   2   0   0  -2  -1   0  -1  -2   2   0  -1  -2  -2  -1   14   3   4   9   1   3  18   6   2   2   6   7   1   1   9   6   4   1   2   4  0.16 0.11
  128 S    -1  -2   3   4  -1  -1   1   0  -1  -2  -3   0  -2  -3  -1   0  -1  -3  -2  -3    4   2  16  24   1   3   8   6   2   2   3   6   1   1   4   8   4   0   1   2  0.37 0.19
  129 G    -1  -1   0   1  -1  -1   0   5  -2  -2  -2   0  -1  -2  -1  -1   0  -3  -2  -2    4   3   3   8   1   2   5  41   1   2   4   5   1   2   3   5   5   0   1   3  0.49 0.22
  130 N    -1   1   2   0  -2   1   0  -1   0  -2  -1   3   0  -1  -1   0   0  -2   0  -1    4   6  11   5   1   5   6   4   2   2   5  19   2   3   2   5   7   1   3   6  0.14 0.10
  131 V     0  -1  -1  -1   0  -1  -1  -2   0   1   1  -1   1   1   1  -1   0   0   0   1    8   3   2   4   2   2   4   3   2  11  13   4   3   6   6   4   4   1   4  14  0.05 0.04
  132 I    -1   0  -1  -1   0   0   0  -2   0   2   1  -1   0  -1   0  -1  -1  -1  -1   1    6   5   2   4   2   5   6   3   2  18  14   4   2   2   4   3   3   1   2  10  0.08 0.07
  133 P    -1  -2  -1   2  -2  -2  -1  -2  -1   0   0  -2  -1   3   3  -2  -1  -1   3   0    4   2   2  12   1   2   3   2   1   4  11   3   2  12  15   3   4   1   9   6  0.26 0.16
  134 S     0  -1   0   3  -3   0   2   0   0  -1  -2   0   0  -2  -1   2   1  -1  -2  -1    6   3   3  17   0   3  12   6   2   3   5   5   2   2   3  15   7   1   1   3  0.18 0.13
  135 D    -2  -1   2   4  -3   0   2  -1   1  -3  -3   1  -3  -3   0   0   0  -3  -2  -3    3   3   8  24   1   4  12   4   4   1   3   9   0   1   5   8   5   0   2   2  0.36 0.21
  136 T     0  -2  -2  -1  -1  -2  -1  -1   0   2  -1  -2  -1  -1  -1  -1   2   4  -1   3    6   2   2   4   2   2   5   4   2  10   4   2   1   3   3   4  14   6   2  23  0.22 0.16
  137 D    -3  -1   1   6  -4  -3  -1  -3   1  -4  -3  -1  -4  -4   3   0   1  -3  -4  -3    2   3   6  39   0   1   3   2   4   1   3   4   0   1  13   8   8   0   1   2  0.80 0.41
  138 F    -3  -2  -2  -5  -4  -3  -4  -4   3   2   2  -4   0   4  -2  -4  -3  -1   6  -1    2   3   2   1   0   1   1   1   7  13  19   1   2  15   3   1   1   1  23   4  0.74 0.36
  139 V    -1  -1  -2  -3   0   0   0  -3   1   2   2   0   1  -2  -1  -1  -1  -3  -2   2    5   3   2   1   2   4   8   2   4  11  19   7   3   1   2   4   4   0   1  18  0.17 0.15
  140 D     0  -3  -2   5  -3   1   5  -2  -3  -3  -5   0  -4  -6  -3  -1  -2  -6  -5  -4    6   1   2  29   1   6  31   4   1   2   1   6   0   0   1   5   2   0   0   1  0.86 0.48
  141 T     0  -5  -5  -6  -2  -6  -6  -6  -7  -1  -3  -6  -4  -7  -5   0   7  -7  -7   0    9   0   0   0   1   0   0   0   0   4   2   0   0   0   1   7  66   0   0   7  1.68 0.83
  142 W    -9  -9 -10 -11  -9  -9 -10  -9  -9  -9  -6 -10  -8  -2  -7  -9  -4  13   3  -9    0   0   0   0   0   0   0   0   0   0   1   0   0   2   0   0   1  88   7   0  4.84 1.68
  143 T     0   5  -3  -4  -7   2   1  -3   1  -6  -5   5  -5  -5  -5  -3  -2  -4  -4  -5    7  26   1   1   0  10   9   2   3   0   1  35   0   0   0   2   2   0   0   1  1.05 0.57
  144 A     6  -4  -5  -2  -4   1   2   1  -6  -4  -4  -2  -3  -7  -6  -2  -2  -7  -5  -2   56   0   0   2   0   5  11  11   0   1   2   2   1   0   0   2   2   0   0   3  1.07 0.61
  145 M    -7  -8  -9  -9  -4  -7  -8  -9  -8  -1   3  -8  10   0  -9  -8  -7  -8  -6  -3    0   0   0   0   0   0   0   0   0   3  25   0  66   3   0   0   0   0   0   1  2.83 1.13
  146 E    -5  -6  -6  -4  -5   1   8  -8  -5   0  -5  -4  -5  -8  -7  -4  -4  -8  -8  -4    1   0   0   0   0   6  81   0   0   5   1   1   0   0   0   1   1   0   0   2  2.27 1.03
  147 Q     0   0  -1   2  -5   1   4  -2  -2  -7  -6   4  -4  -6  -4  -1  -1  -5  -5  -5    9   5   3  11   0   6  25   3   1   0   0  27   0   0   0   5   4   0   0   0  0.75 0.46
  148 L     0  -6  -7  -7   5  -1  -5  -7  -5   1   5  -7   1  -1  -7  -6  -4  -6  -2  -1    7   0   0   0  10   3   1   0   0   6  59   0   3   3   0   0   1   0   1   4  1.24 0.60
  149 V    -4  -1  -6  -7  -3   1  -6  -7   0  -1   0   0  -3  -2  -2  -5  -5  -5   5   6    1   3   0   0   1   6   0   0   2   3   8   6   1   2   2   0   0   0  21  45  1.12 0.59
  150 D     0   1  -1   5  -5   0   3  -2   1  -4  -6   3  -4  -4  -2  -1  -2  -7  -3  -5    7   7   3  27   0   4  17   3   3   1   0  19   0   1   2   4   2   0   1   1  0.68 0.42
  151 E     1  -2  -1   0  -4   1   3  -4  -3  -3   0   2   0  -5  -5   2   1  -6  -5  -3   14   2   2   5   0   6  19   1   0   1  10  15   2   0   0  13   9   0   0   1  0.39 0.32
  152 G    -5  -4  -3  -4  -5  -6  -5   7  -3  -9  -9   0  -8  -8  -8  -5  -5  -8  -8  -8    0   1   1   1   0   0   1  86   1   0   0   6   0   0   0   1   1   0   0   0  2.42 0.99
  153 L    -5   2  -5  -5  -7  -2  -5  -7  -3  -2   4   5   0  -4  -5  -5  -4  -3  -2  -3    1   9   0   0   0   2   0   0   1   2  43  34   2   1   1   1   1   0   1   1  1.16 0.61
  154 V     2  -6  -6  -7   3  -6  -6  -6  -7   3  -1  -6  -4  -4  -5  -4   3  -7  -6   5   18   0   0   0   6   0   0   0   0  12   5   0   0   1   0   1  15   0   0  41  1.13 0.58
  155 K    -6   6  -2  -7  -8  -3  -5  -6  -2  -8  -6   6  -7  -8  -7  -5  -5  -8  -7  -7    0  44   2   0   0   1   0   1   1   0   1  48   0   0   0   0   0   0   0   0  2.12 0.93
  156 A     4  -4   2  -2  -4  -4  -5  -4   2  -6  -6  -5  -4  -5  -6   5  -1  -7  -3  -4   37   1   9   2   0   0   0   1   5   0   1   0   0   1   0  38   3   0   1   1  1.16 0.65
  157 I    -6  -8  -8  -8  -7  -8  -8  -7  -8   8   0  -8  -5  -6  -8  -8  -5  -8  -7   0    1   0   0   0   0   0   0   0   0  85   7   0   0   0   0   0   0   0   0   5  2.64 1.00
  158 G    -4  -8  -6  -7  -8  -7  -8   8  -8  -9  -9  -7  -8  -9  -8  -3  -7  -8  -8  -8    1   0   0   0   0   0   0  95   0   0   0   0   0   0   0   2   0   0   0   0  2.91 1.13
  159 V    -5  -7  -8  -8  -5  -7  -7  -8  -8   3   2  -7  -1  -5  -7  -4  -5  -7  -6   7    0   0   0   0   0   0   0   0   0  11  18   0   1   0   0   1   0   0   0  66  1.84 0.79
  160 S    -1  -7  -6  -6   4  -6  -6  -6  -7  -6  -5  -6  -5  -8  -7   7  -5  -8  -7  -7    6   0   0   0   7   0   0   0   0   0   1   0   0   0   0  84   0   0   0   0  2.37 1.09
  161 N    -8  -6   9  -3  -9  -6  -7  -7  -6  -9  -9  -7  -8  -9  -8  -4  -6  -9  -8  -9    0   0  96   1   0   0   0   0   0   0   0   0   0   0   0   1   0   0   0   0  3.51 1.35
  162 F    -6  -8  -8  -9  -1  -7  -8  -8  -3  -5  -5  -8  -2   9  -9  -8  -8   2   2  -4    1   0   0   0   1   0   0   0   1   0   1   0   1  83   0   0   0   2   7   1  3.06 1.13
  163 N    -3  -3   6  -2  -4  -1  -2  -1  -1  -5  -3  -3   0  -5  -3   3   2  -5  -2  -6    1   1  38   2   0   2   3   5   1   0   3   2   3   1   1  22  12   0   2   0  0.96 0.55
  164 P     0   0  -2  -3   0   0   0  -2   1   4  -1   0  -1  -4   1   1   0  -5  -4   1    7   4   1   1   2   3   7   2   3  23   5   7   1   0   8  10   5   0   0  10  0.23 0.21
  165 L     0   2   0   0  -5   1   2  -2   3  -4  -3   3  -3  -3   0   0  -2  -2  -3  -3    6   9   4   6   0   6  16   3   8   1   3  18   0   1   6   7   2   1   1   2  0.34 0.26
  166 Q    -5   0   0  -3  -6   7  -1  -6   6  -4  -2   2   0  -6  -6  -5  -3  -7  -1  -5    1   5   5   2   0  42   4   0  17   1   5  11   2   0   0   1   2   0   2   1  1.30 0.68
  167 I    -5  -7  -7  -8  -6  -7  -6  -7  -7   5   5  -7   2  -2  -7  -7  -2  -2  -5   1    1   0   0   0   0   0   0   0   0  28  51   0   4   2   0   0   3   1   0   8  1.42 0.64
  168 E    -1   0   0   2  -5   4   5  -3   0  -3  -4   2  -1  -5  -5  -1  -1  -4  -4  -4    4   4   3  10   0  15  34   2   2   1   2  10   2   0   0   4   3   0   1   1  0.70 0.44
  169 R    -1   5   0   3  -6   0   2  -3   1  -4  -3   1  -2  -4  -4  -2  -1  -4  -3  -5    6  29   4  15   0   4  14   2   4   1   3   9   1   1   1   2   4   0   1   0  0.62 0.39
  170 I    -4  -7  -7  -7  -3  -7  -7  -8  -5   5   5  -7  -1  -3  -7  -7  -5  -6  -6   2    1   0   0   0   1   0   0   0   0  28  55   0   1   1   0   0   0   0   0  11  1.52 0.66
  171 L    -3  -4  -6  -6   0  -3  -4  -6  -4   2   5  -3   4  -1  -6  -4  -3   1   0  -1    2   1   0   0   2   1   1   0   0  10  57   2   8   3   0   1   2   2   3   4  1.07 0.51
  172 N     0   0   2   2  -4   0   2  -2  -1  -3  -4   3  -3  -3  -3   2  -1  -4  -3  -3    9   4   8  12   0   4  15   2   1   1   2  19   1   1   1  13   4   0   1   2  0.40 0.26
  173 K     0  -1   2   0  -1   0   1  -3   2   0  -2   1   0   0  -3   0   1  -1   2   0    6   2  11   5   1   3   8   1   5   7   3  10   2   5   1   6   7   1   7   8  0.11 0.11
  174 P     5  -3  -3  -3  -1  -3  -2  -1  -2  -4  -3  -2  -4  -4   2   1   1  -2  -3  -3   49   1   1   2   1   1   2   5   1   1   2   2   0   1  10  10   8   1   1   1  0.79 0.42
  175 G     0  -1   1   1  -1  -1   0   2   0  -1  -1   0  -1   0  -1   1   2  -2  -1  -1    6   3   7   8   1   3   4  16   2   3   5   4   1   4   3  11  12   1   2   4  0.11 0.07
  176 L     0  -1  -1  -2   6  -1  -2  -2  -2  -1   0  -2   0  -1  -1   0   0  -1  -2   2    7   3   3   3  18   2   3   4   1   3  11   3   2   2   3   7   6   1   2  17  0.31 0.12
  177 K    -2   4  -1  -1  -4  -1   1  -2  -2  -4  -3   5  -3  -4  -2   0  -1  -4  -3  -3    3  21   2   3   0   2  10   3   1   1   2  34   1   1   2   7   4   0   1   2  0.70 0.34
  178 Y    -4  -5  -4  -4  -4  -4  -3  -5   1   7  -2  -4  -3  -2  -5  -4  -2  -3   2   3    1   1   1   1   0   1   2   1   3  54   2   1   0   1   1   1   2   0   6  18  1.30 0.52
  179 K    -3   1  -4  -5  -3  -1  -3  -5  -1   0  -2   5  -1  -4   3  -3   0  -2  -5   2    2   7   1   0   0   3   1   0   2   5   3  35   2   1  14   1   5   1   0  17  0.73 0.43
  180 P    -7  -8  -8  -8  -9  -7  -7  -8  -8  -2  -6  -7  -5  -9   9  -7  -7  -9  -9  -7    0   0   0   0   0   0   0   0   0   3   1   0   0   0  94   0   0   0   0   0  3.40 1.36
  181 A     5  -6  -6  -4   0  -2  -4  -5   0  -3  -4  -5   3  -5  -6   0  -1  -7  -2   3   49   0   0   1   2   2   1   0   3   1   1   0   6   0   0   7   4   0   1  21  1.05 0.59
  182 V    -1  -7   2  -7   2  -6  -7  -7  -4   1  -2  -7   1  -5  -7  -4   0  -7  -5   6    5   0  10   0   4   0   0   0   1   6   3   0   3   0   0   1   6   0   0  60  1.39 0.67
  183 N    -5  -6   8  -1  -2  -5  -5  -6   1  -2   2  -6  -2  -7  -7  -3  -5  -8  -7  -2    1   0  64   4   1   0   0   0   3   3  18   0   1   0   0   2   0   0   0   3  1.87 0.86
  184 Q    -7  -6  -7  -7  -9   9  -2  -8  -4  -9  -9  -5  -7  -9  -8  -7  -7  -8  -8  -9    0   0   0   0   0  96   2   0   0   0   0   0   0   0   0   0   0   0   0   0  3.56 1.46
  185 I    -4  -8  -3  -8  -1  -7  -8  -8  -8   6  -2  -7   1  -1  -7  -6  -4  -7  -4   6    1   0   2   0   2   0   0   0   0  36   3   0   3   3   0   0   1   0   1  50  1.73 0.74
  186 E    -7  -4  -5  -5 -10  -3   8  -8  -6  -9  -8  -4  -8  -7  -6  -6  -7  -9  -6  -9    0   1   0   0   0   1  95   0   0   0   0   1   0   0   0   0   0   0   0   0  2.98 1.26
  187 C    -1  -3  -3  -6   7  -6  -6  -5  -1   1   3  -5   3   1  -6  -1  -1  -3  -2   2    5   1   1   0  22   0   0   1   2   8  25   0   6   6   0   5   4   0   1  11  0.83 0.43
  188 H    -7  -7   2  -6  -5  -4  -6  -7  11  -9  -8  -7  -8  -8  -8  -2  -5  -4  -2  -9    0   0  10   0   0   1   0   0  81   0   0   0   0   0   0   3   1   0   1   0  3.55 1.31
  189 P    -1  -8  -8  -8  -4  -7  -7  -8  -8   0  -1  -7  -5  -5   8  -5  -6  -9  -7  -2    5   0   0   0   0   0   0   0   0   5   7   0   0   1  77   1   0   0   0   4  2.47 1.07
  190 Y    -4  -3   0  -6  -2  -3  -6   0   1  -5  -1  -6  -3   3  -7  -2  -3   2   8  -4    2   2   4   0   1   1   0   7   3   0   8   0   1   9   0   4   2   3  52   1  1.53 0.72
  191 L    -5  -4   0  -5   1  -3  -6  -7   0  -3   5  -6   0   4  -7  -5  -5   6   1  -3    1   1   6   1   3   1   0   0   2   1  48   0   2  17   0   1   1  10   4   1  1.20 0.59
  192 T    -1   0   2  -4  -3   5  -4  -5  -1  -5  -3  -3  -1  -5   4   0   2  -3  -1  -1    4   4   9   0   1  28   0   0   1   1   3   1   1   0  22   6  11   0   2   4  0.83 0.53
  193 Q    -7   0   2  -2  -3   9  -2  -8  -3  -8  -7  -4  -5  -7  -5  -3  -7  -6  -7  -8    0   5   9   2   1  75   2   0   1   0   1   1   0   0   1   3   0   0   0   0  2.44 1.11
  194 E    -1   1   1   1  -4   1   2  -3   1  -3  -3   3  -3  -2   3   0   0  -1  -2  -2    5   6   7   7   0   5  12   1   4   1   2  18   0   2  13   6   7   1   1   3  0.32 0.25
  195 K     0   0  -1   3  -5   0   5  -3  -3  -6  -6   4  -6  -5  -1  -2  -4  -7  -4  -6    7   4   2  13   0   3  35   2   1   0   0  24   0   1   3   3   1   0   0   0  0.92 0.54
  196 L    -4  -6  -5  -7  -6  -6  -5  -8  -3   0   6  -7   2  -1  -7  -6  -2  -3  -4  -1    2   0   1   0   0   0   1   0   1   5  75   0   5   2   0   0   2   1   1   4  1.61 0.74
  197 I    -3   3  -4  -5  -2  -1  -4  -5   2   3   2  -1   0  -1  -6  -4  -3  -4  -2   4    2  18   1   0   1   3   0   1   4  17  16   3   2   3   0   1   1   0   2  25  0.63 0.38
  198 E     1   0   1   3  -6   2   4  -2  -2  -6  -5   2  -5  -7  -4   0  -3  -7  -5  -5   13   4   6  16   0   7  28   2   1   0   1  13   0   0   0   5   1   0   0   1  0.69 0.44
  199 Y    -3  -5  -6  -5  -5  -4  -6  -6  -1  -3   0  -5  -4   7  -8  -6  -5   5   7  -2    2   1   0   1   0   1   0   1   1   2   8   1   0  43   0   0   1   7  29   3  1.81 0.79
  200 C     0  -8  -1  -5  11  -6  -8  -6   2  -5  -1  -8   0  -7  -8  -3  -5  -8  -6  -4    9   0   3   1  68   0   0   0   4   1   6   0   2   0   0   2   0   0   0   1  2.87 1.09
  201 H     0   2   0  -1  -3   4   1  -5   2  -5  -3   5  -3  -4  -5  -2  -2  -4  -5  -5    9  11   3   3   1  16   7   0   4   0   2  36   1   1   0   2   3   0   0   1  0.81 0.49
  202 C     0   0  -1   0  -4   2   3  -3  -3  -5  -5   3  -3  -5  -4   3  -1  -6  -4  -5    9   5   2   5   0   8  19   2   0   0   1  19   1   0   1  23   3   0   1   0  0.61 0.42
  203 K    -4   2   4  -4  -3   1   0  -6   6  -5  -1   4  -2  -4  -6  -3  -4  -6   0  -3    1   9  17   0   1   7   5   0  19   0   6  25   1   1   0   1   1   0   3   2  0.93 0.52
  204 G    -4  -3   4   3  -5  -2  -2   6  -2  -8  -8  -1  -6  -6  -7  -3  -5  -8  -7  -8    1   1  20  14   0   2   2  51   1   0   0   4   0   0   0   2   0   0   0   0  1.41 0.68
  205 I    -7  -8  -9  -9  -7  -6  -9  -9  -9   8  -1  -8   0  -6  -8  -8  -4  -8  -7   2    0   0   0   0   0   0   0   0   0  83   4   0   2   0   0   0   1   0   0  10  2.57 0.99
  206 V     1  -2  -3  -4  -2   2  -3  -5   5   0   1  -1  -2  -3  -3   0   1  -4  -2   3   12   2   1   0   1  10   1   0  14   5  11   3   0   1   1   6   8   0   1  22  0.44 0.33
  207 V    -3  -6  -6  -7  -3  -4  -5  -7  -2   3   3  -6   1   0  -2  -3   0  -4  -4   5    1   0   0   0   1   1   0   0   1  13  22   0   3   4   3   2   5   0   0  42  0.97 0.50
  208 T    -4  -5  -5  -5  -1   2   4  -6  -6  -1  -5  -5   1  -7  -6   0   6  -7  -6   1    0   0   0   0   1   8  22   0   0   3   1   0   4   0   0   6  43   0   0  11  1.15 0.66
  209 A     7  -7  -7  -6   1  -5  -6   1  -5  -7  -7  -6  -7  -8  -5   1  -5  -8  -7  -5   78   0   0   0   3   0   0   9   0   0   0   0   0   0   0   8   0   0   0   0  1.94 0.91
  210 Y    -7  -7  -8  -9  -6  -6  -8  -9   1  -5  -7  -8  -5   2  -9  -5  -8   8   9  -8    0   0   0   0   0   0   0   0   2   1   0   0   0   8   0   1   0  18  69   0  3.11 1.21
  211 S     2  -3  -4  -6   3  -5  -6   0  -4  -7  -7  -6  -3  -2  -6   6  -1  -8  -3  -6   16   1   0   0   5   0   0   8   0   0   0   0   1   2   0  61   3   0   1   0  1.46 0.79
  212 P    -3  -6  -5  -7   0  -6  -7  -7  -8  -6  -9  -7  -8  -9   8   1  -3  -9  -9  -3    3   0   1   0   2   0   0   0   0   0   0   0   0   0  79   9   2   0   0   2  2.64 1.14
  213 L    -7  -8  -9  -9  -7  -8  -8  -9  -8   1   6  -8  -1   3  -8  -7  -5  -7  -5  -3    0   0   0   0   0   0   0   0   0   6  78   0   1  12   0   0   1   0   0   1  1.97 0.84
  214 G     1  -5  -5  -6  -3  -6  -6   7  -4  -8  -7  -6  -3  -8  -7  -4  -3  -7  -6  -5    9   1   0   0   1   0   1  81   0   0   0   0   1   0   0   1   2   0   0   1  2.16 0.90
  215 S     0   2   2  -3  -2   1  -3   0   0  -4  -5  -2  -4  -4  -2   5   0  -5  -4  -4    7  10   9   1   1   5   1   8   3   1   1   2   0   1   2  42   4   0   1   1  0.71 0.45
  216 P    -1  -2  -2  -3  -5   1  -3   3  -3  -3  -2  -2  -1  -4   5  -1   0  -2  -3  -3    6   2   2   1   0   6   1  22   1   2   5   2   1   1  32   6   7   1   1   2  0.73 0.40
  217 D     0   0   2   2  -3  -1   0   3  -1  -2  -3  -1  -2  -2  -1   1  -2  -3  -2  -2    6   4  10  13   0   3   5  26   1   3   2   4   1   1   2  10   2   0   2   3  0.32 0.19
  218 R     0   4   0  -1  -2   0  -1  -2  -1  -3  -2   0  -1  -1  -1   1   1   0   1  -2    8  23   5   4   1   3   3   3   1   1   5   6   2   3   3  13   7   2   6   3  0.23 0.17
  219 P     0  -1   0   0  -2  -1  -1  -2   0   0  -1   0  -1   0   4   0   1  -2  -1  -1    8   4   5   4   1   2   3   3   3   5   5   6   1   4  24   6   9   1   2   5  0.28 0.14
  220 W     0  -1   0  -1  -2  -1   0   0  -1  -1  -1  -1   0   1  -1   0  -1   6   2  -2    7   3   4   4   1   3   6   9   1   3   7   4   3   6   3   6   4  13   7   3  0.24 0.12
  221 A     1   1   0   0  -1   0   0   0   0  -1   0   0   0   0   0   0   0   0  -1   0   12   7   6   5   1   3   4   8   2   3   7   7   3   4   3   8   4   1   2   9  0.02 0.02
  222 K    -1   1   1   1  -1   0   1  -1   0  -1  -1   2  -1  -1   0   0   0   0  -1  -1    5   6   6   9   1   4   7   5   3   3   6  17   2   3   4   7   7   1   2   4  0.10 0.07
  223 P     0   0   0   0  -2   0   0   0   0  -1  -1   1  -1  -1   3   1   0   0  -1  -1    8   4   5   5   1   5   7   8   2   3   6   7   2   2  13  10   5   1   2   4  0.11 0.07
  224 E    -1  -1   1   2  -3   0   2   2  -1  -2  -2   0  -1  -1   0   0   0  -1  -2  -2    5   4   8  13   1   4  12  15   2   2   3   6   2   3   5   7   5   1   1   3  0.17 0.11
  225 D     0   0   0   2  -2   0   1   0   1  -1  -1   1  -1  -1   0   0   0  -1  -1  -1    7   3   4  13   1   3  12   6   4   4   5   7   2   2   5   9   6   1   1   5  0.08 0.06
  226 P    -1  -2  -1  -2  -3  -1  -1   1  -1  -1  -2   1  -3  -2   6  -1   0  -3  -2  -1    5   2   4   3   1   2   5   9   1   4   4   9   1   2  34   4   5   0   1   5  0.55 0.26
  227 S     0   1   2   1  -2  -1  -1   0  -1  -1  -2   1  -2  -3   2   1   0  -3  -3   0    6   8  11   7   1   2   4   6   1   3   3   9   1   1  10  13   4   0   1   8  0.16 0.13
  228 L    -2  -4  -5  -4  -1  -4  -4  -4  -4   2   5  -4   0  -2   1  -3  -2  -5  -2   3    3   1   1   1   1   0   1   1   0   9  47   1   2   2   7   2   2   0   1  17  0.78 0.40
  229 L    -4  -4  -6  -7  -6  -5  -6  -7  -3   1   5  -5   4   3  -6  -4  -3  -2  -2  -1    1   1   0   0   0   1   0   0   1   6  59   1   8  12   0   1   1   1   1   3  1.29 0.60
  230 E    -2  -2   2   4  -4   2   4  -3   0  -6  -6   2  -4  -4  -4   0   0  -6  -3  -5    3   2  10  21   0   7  26   2   2   0   1  11   0   1   1   6   7   0   1   0  0.72 0.44
  231 D    -4  -4   4   6  -2  -2   2  -5   4  -5  -3  -4  -4  -5  -5  -1  -3  -7  -4  -3    2   1  17  44   1   2  11   1   9   1   3   1   1   1   0   4   2   0   1   2  1.22 0.61
  232 P    -2  -5  -4   0  -7  -1   2  -5  -4  -7  -6   0  -7  -8   7  -1  -3  -8  -6  -6    4   1   1   5   0   3  14   1   0   0   1   6   0   0  58   5   1   0   0   0  1.68 0.83
  233 R    -1  -1  -3  -1  -3  -1   0  -4  -3   2   0   0  -2  -2  -3  -3   3  -2  -3   4    5   4   1   3   0   2   7   1   0   9   8   6   0   1   2   1  16   1   1  31  0.42 0.32
  234 I    -5  -7  -8  -8  -6  -7  -8  -8  -8   5   3  -7   0  -3  -7  -6  -5  -4  -5   5    1   0   0   0   0   0   0   0   0  31  28   0   2   1   0   0   0   0   0  35  1.49 0.68
  235 K     0   0   0  -3   0   2  -2  -3  -2   1   1   3  -1  -4  -5  -2   1  -4  -4   2    7   4   5   1   2   9   2   2   1   7  12  22   1   0   0   2   7   0   0  15  0.30 0.27
  236 E     2   0  -2   2  -4   1   4  -2  -2  -6  -6   3  -3  -7  -5   1  -1  -7  -6  -3   16   5   2   9   0   6  26   3   1   0   0  15   1   0   0   9   4   0   0   2  0.58 0.41
  237 I    -4  -7  -8  -8  -7  -8  -8  -9  -8   7   3  -7   1  -5  -7  -7  -5  -8  -7   2    1   0   0   0   0   0   0   0   0  61  22   0   3   0   0   0   1   0   0  10  1.88 0.80
  238 A     7  -7  -7  -7  -5  -7  -6   1  -5  -7  -7  -6  -5  -6  -6   0  -4  -8  -8  -5   82   0   0   0   0   0   0   9   0   0   0   0   0   0   0   5   1   0   0   1  2.11 1.00
  239 A     1   0   0   1  -4   2   4  -3  -3  -5  -4   4  -4  -5  -5  -1  -2  -7  -4  -4   12   4   4   8   0   8  23   2   0   0   1  28   0   0   0   4   2   0   0   1  0.71 0.46
  240 K     0   2  -1  -4  -5  -1   0  -4  -3  -7  -6   7  -6  -7  -6  -1  -3  -6  -6  -5    8  10   3   1   0   2   6   1   1   0   1  62   0   0   0   4   1   0   0   1  1.52 0.76
  241 Y    -5  -1  -2  -7  -3  -4  -6  -7   8  -4   0  -1  -4  -4  -7  -6  -3  -5   7  -3    1   3   2   0   1   0   0   0  33   1  10   5   0   0   0   0   2   0  37   3  1.86 0.85
  242 N    -3  -2   5  -1  -4   0  -2   5   1  -8  -7   2  -7  -7  -6  -1  -5  -7  -7  -7    2   3  23   4   0   3   2  42   4   0   0  11   0   0   0   5   0   0   0   0  1.15 0.61
  243 K    -1   2  -5  -6   1  -4  -5  -7  -3  -2  -5   7  -3  -8  -7  -5  -2  -8  -6   1    5  11   0   0   3   0   0   0   1   3   1  63   1   0   0   0   2   0   0  10  1.63 0.80
  244 T    -4  -6  -2  -2  -5  -3  -4  -5  -3  -6  -6  -4  -5  -8  -3   4   7  -8  -7  -6    1   0   2   2   0   1   1   1   1   0   1   1   0   0   1  30  57   0   0   0  1.76 0.91
  245 T     1  -6  -3  -7  -4  -5  -4  -5  -7  -1  -5  -5  -6  -8   7  -1   1  -6  -7   1   10   0   2   0   0   0   1   1   0   3   1   1   0   0  56   6   7   0   0  11  1.58 0.80
  246 A     7  -7  -5  -7  -4  -2  -5   1  -4  -6  -6  -6  -6  -6  -2  -1  -4  -8  -6  -2   74   0   1   0   0   2   1  10   1   0   0   0   0   0   2   5   1   0   0   3  1.71 0.85
  247 Q    -6  -3  -2  -5  -5   9  -4  -7  -2  -8  -5  -4  -7  -9  -8  -4  -3  -8  -6  -7    1   1   2   1   0  87   1   0   1   0   1   1   0   0   0   1   2   0   0   0  2.95 1.31
  248 V    -4  -8  -8  -8  -3  -7  -8  -8  -8   6  -1  -7  -3  -5  -8  -6  -5  -8  -6   6    1   0   0   0   1   0   0   0   0  33   5   0   0   0   0   1   0   0   0  57  1.94 0.83
  249 L     2  -6  -6  -7   3  -6  -6  -6  -7   3   5  -6   1  -4  -6  -2  -3  -6  -5   2   14   0   0   0   6   0   0   0   0  14  44   0   3   0   0   3   1   0   0  12  0.97 0.51
  250 I    -6  -7  -7  -8  -4  -7  -8  -8  -8   5   6  -7  -1  -3  -8  -7  -5  -7  -5  -2    0   0   0   0   0   0   0   0   0  25  68   0   1   1   0   0   1   0   0   2  1.84 0.80
  251 R     0   8  -1  -6  -6  -2  -5  -5  -2  -8  -7   1  -3  -8  -7   1  -5  -8  -7  -6    9  65   3   0   0   1   0   1   1   0   0   7   1   0   0  11   0   0   0   0  1.84 0.87
  252 F    -7  -8  -6  -9  -6  -7  -8  -6   3  -8  -6  -8  -7   3  -9  -7  -8  12   5  -8    0   0   0   0   0   0   0   1   5   0   1   0   0  12   0   0   0  59  20   0  3.42 1.29
  253 P     1  -4   1  -3   0   3  -3   2   5  -1   2  -4  -1  -3  -3  -1  -3  -5  -4  -2   13   0   5   1   2  11   1  16  14   4  19   0   1   1   2   5   1   0   0   2  0.43 0.34
  254 I    -3  -5  -5  -7  -4  -4  -6  -7  -3   5   4  -6   1  -2  -6  -4   0  -4   0   3    2   0   1   0   0   1   0   0   1  29  31   0   3   1   0   1   5   0   4  21  0.99 0.50
  255 Q    -2  -3  -2   1  -4   8   1  -6   0  -7  -6  -2  -3  -6  -7  -2  -4  -4  -5  -6    4   1   2   7   0  67   8   1   2   0   1   2   1   0   0   3   1   0   0   1  1.95 0.97
  256 R    -4   7   0  -5  -2   2  -2  -5   2  -3  -1   1   1  -7  -6  -2  -4  -4  -4  -6    1  51   5   0   1   8   3   1   5   1   7   9   3   0   0   3   1   0   1   0  1.20 0.64
  257 N    -5  -5   3   1  -5  -3  -4   7  -5  -9  -9  -2  -6  -9  -6  -3  -7  -8  -8  -6    0   1  11   7   0   1   1  73   0   0   0   2   0   0   0   2   0   0   0   1  1.94 0.88
  258 L    -3  -2   0  -4   1  -3  -5  -6   3   4   0  -5   1   1  -4  -3   2   1   1   3    2   2   5   1   3   1   0   0   6  22   8   0   3   5   1   2  13   2   4  22  0.55 0.35
  259 V     2  -5  -4  -5   2  -4  -5  -4  -5   4  -2  -5  -2  -4  -2   3  -1  -7  -5   4   15   0   1   0   4   1   0   1   0  19   4   0   1   0   2  20   3   0   0  28  0.76 0.47
  260 V     0  -7  -7  -8  -1  -7  -7  -7  -8   1  -3  -7  -2  -4   2  -3   0  -8  -6   7    8   0   0   0   1   0   0   0   0   7   2   0   1   1  11   2   5   0   0  62  1.50 0.74
  261 I    -6  -8  -8  -8  -5  -8  -8  -9  -8   7   3  -8  -3  -3  -8  -5  -6  -7  -6   1    0   0   0   0   0   0   0   0   0  64  24   0   0   1   0   1   0   0   0   9  1.98 0.83
  262 P    -1  -8  -6  -8  -4  -6  -7  -8  -8  -5  -7  -7  -8  -5   9  -5  -3  -9  -9  -1    5   0   0   0   1   0   0   0   0   1   0   0   0   1  83   1   2   0   0   6  2.77 1.20
  263 K    -6   1  -5  -7  -4  -4  -4  -4  -7  -9  -8   8  -3  -7  -7  -5  -4  -9  -8  -8    0   6   0   0   0   0   1   1   0   0   0  88   1   0   0   0   1   0   0   0  2.69 1.15
  264 S    -1  -6  -5  -6  -4  -6  -6  -5  -7  -7  -7  -6  -5  -8  -5   7   1  -9  -8  -7    4   0   0   0   0   0   0   1   0   0   0   0   0   0   1  86   7   0   0   0  2.32 1.12
  265 V     0  -3  -2  -4  -2  -3  -3  -4  -3   0  -2  -2  -2   0  -5   2   3  -6  -2   5    6   1   2   1   1   1   1   1   0   4   3   3   1   4   0  15  17   0   1  37  0.63 0.43
  266 T    -5  -1   6  -2  -5  -1  -4  -5   4  -5  -7   2  -5  -6  -6   1   5  -7  -6  -5    0   4  32   2   0   2   1   0   8   1   0  10   0   0   0   9  30   0   0   1  1.21 0.67
  267 P     0  -1  -3  -3  -5  -1   2  -5  -3  -4  -2   3  -5  -5   6  -2  -3  -7  -5  -3    7   4   1   1   0   2  14   1   1   1   4  16   0   1  42   2   1   0   0   2  1.08 0.60
  268 A     1  -3   0   2  -5   1   4  -2   0  -5  -4   1  -5  -5  -4   3  -1  -4  -4  -3   11   1   3   9   0   5  28   3   3   0   2  10   0   0   1  18   3   0   1   2  0.55 0.40
  269 R    -7   8  -4  -7  -9  -3  -5  -7   5  -8  -8  -3  -6  -5  -8  -6  -6  -3  -1  -7    0  82   1   0   0   1   1   0  10   0   0   0   0   1   0   0   0   0   2   0  2.71 1.13
  270 I    -5  -7  -8  -8  -6  -2  -8  -8  -8   7   2  -7   5  -4  -8  -7  -5  -7  -6   0    1   0   0   0   0   2   0   0   0  62  17   0  12   0   0   0   1   0   0   4  1.94 0.82
  271 A     1   3  -4  -3  -4   1   2  -5  -2   0  -2   5  -2  -4  -5  -2  -3   0  -3   0   11  13   0   1   0   6  15   0   1   5   4  30   1   1   0   2   1   1   1   6  0.57 0.39
  272 E     0  -4  -3   0  -8   3   6  -4  -4  -8  -6  -2  -5  -8  -6   2  -3  -8  -7  -6    8   0   1   4   0  13  54   1   0   0   1   2   0   0   0  13   1   0   0   0  1.40 0.76
  273 N    -7  -7   9  -5  -9  -7  -7  -6  -2  -7  -8  -6  -9 -10  -9  -6  -7 -10  -9  -9    0   0  97   0   0   0   0   0   1   0   0   0   0   0   0   0   0   0   0   0  3.53 1.40
  274 F    -1  -3  -6  -7  -4  -5  -6  -5  -4   4   3  -4   2   6  -7  -2  -3  -4  -1  -3    6   1   0   0   0   0   0   1   0  20  25   1   5  33   0   3   2   0   2   1  1.09 0.54
  275 K    -1  -1   2   5  -4   4   3  -2  -1  -5  -5   2  -3  -7  -5  -1  -3  -7  -6  -5    6   3  10  28   0  17  15   3   1   0   1  10   1   0   0   4   1   0   0   0  0.83 0.49
  276 V     0  -5  -5  -5  -1  -5  -5  -5  -4   5   1  -5  -2  -2  -4  -2  -2  -6  -3   5    7   1   1   0   1   0   0   1   0  32  12   0   0   1   1   3   2   0   1  35  1.00 0.48
  277 F    -2  -5  -4  -2  -2  -2  -4  -4  -3  -2   0  -3  -2   8  -4  -3  -1   1   1  -2    3   1   1   2   1   2   1   1   0   2  10   2   1  57   1   2   4   2   3   3  1.40 0.60
  278 D    -4  -3   1   7  -6  -2  -1   0  -1  -6  -5  -2  -6  -5  -5   0  -3  -6  -5  -5    2   1   7  62   0   2   4   6   2   0   1   2   0   1   1   6   1   0   0   1  1.51 0.68
  279 F    -5  -7  -7  -5  -2  -7  -7  -7  -4   1  -2  -6  -4   9  -5  -6  -6   6  -2   0    1   0   0   1   1   0   0   0   0   6   3   0   0  68   1   0   0   9   1   6  2.27 0.89
  280 E    -1  -1  -1   0  -1   2   5  -4  -2  -4  -5   2  -2  -5  -2   1   1  -6  -3  -2    5   2   2   5   1   9  33   1   1   1   1  13   1   0   2  12   8   0   1   3  0.61 0.42
  281 L    -6  -8  -9  -9  -7  -8  -8  -9  -8   2   7  -8  -1  -2  -7  -8  -7  -7  -6  -4    1   0   0   0   0   0   0   0   0  10  87   0   1   1   0   0   0   0   0   0  2.20 0.94
  282 S    -2  -5   0   3  -2  -3  -1  -3  -5  -6  -6  -2  -6  -7   1   5   5  -8  -6  -6    3   0   3  14   1   1   4   2   0   0   0   2   0   0   6  35  28   0   0   0  1.02 0.63
  283 N     1  -2  -1   4  -4   1   3  -4  -3  -5  -5   1  -4  -6   3   0  -2  -5  -5  -5   11   2   3  23   0   5  21   1   0   1   1   9   0   0  13   7   2   0   0   1  0.66 0.44
  284 E     0  -4  -2   4  -6   0   6  -3  -2  -8  -7   0  -7  -7  -4  -1  -3  -5  -6  -6    7   0   2  21   0   4  51   2   1   0   0   4   0   0   1   4   2   0   0   1  1.30 0.70
  285 D    -3  -6  -4   7  -9   0   5  -6  -1  -7  -4  -5  -4  -9  -7  -5  -5  -9  -7  -6    3   0   1  53   0   4  33   0   1   0   2   0   0   0   0   0   1   0   0   0  1.86 0.88
  286 M    -6  -3  -7  -8  -5  -5  -6  -7  -2   3   1  -6   9   2  -8  -6  -4  -2  -2   1    0   1   0   0   0   0   0   0   1  13  11   0  51   7   0   0   1   1   2  10  1.84 0.84
  287 A     2   0   1   2  -3   2   3  -3  -2  -5  -4   4  -3  -5  -5   0  -1  -5  -5  -4   17   4   6   9   0   8  18   1   1   0   2  22   1   0   0   6   3   0   0   1  0.54 0.39
  288 T     2   2  -3  -1  -2   2   1  -3  -2  -1  -1   3  -2  -4  -4  -1   1  -4  -2  -1   21  10   1   3   1   8   9   1   0   4   6  16   1   0   0   4   8   0   1   5  0.31 0.28
  289 L    -6  -8  -8  -9  -6  -8  -8  -9  -6   6   5  -7   2   0  -8  -8  -6  -7  -6  -1    0   0   0   0   0   0   0   0   0  44  45   0   4   3   0   0   0   0   0   3  1.75 0.77
  290 L     0   0   4   5  -3  -2   1  -3  -2  -5  -3   0  -4  -5  -5   2  -1  -3  -3  -5    9   5  18  28   1   1   7   2   1   1   4   5   0   0   0  14   3   0   1   0  0.65 0.42
  291 S     2  -2   2   0  -3   0   1   2  -2  -5  -4   1  -3  -4  -4   2   0  -6  -5  -4   18   2   8   5   0   5   8  14   1   0   2  10   1   0   0  18   6   0   0   1  0.39 0.31
  292 Y    -4  -4  -7  -8  -3  -4  -7  -8  -7   3   6  -5   3   1  -7  -5  -4  -3  -1  -1    1   1   0   0   1   1   0   0   0  16  61   1   7   5   0   1   1   0   2   3  1.33 0.64
  293 N    -4  -4   5   5  -6  -3   1   1   1  -7  -7  -1  -6  -7   0  -2  -3  -8  -5  -5    1   1  27  34   0   1  10   9   3   0   0   4   0   0   5   3   1   0   0   1  1.09 0.58
  294 R    -2   4   0  -1   1   3   1  -4  -1  -2  -3   4  -2  -4  -3  -2   1  -6  -3  -3    3  24   3   3   3  11   7   1   1   3   2  23   1   0   1   2   9   0   1   1  0.57 0.39
  295 N    -4   1   6   1  -4   0  -1   4   2  -6  -7   0  -4  -4  -4  -2  -3  -7  -4  -6    1   8  33   7   0   5   3  25   4   0   0   6   0   1   1   3   1   0   1   0  0.92 0.51
  296 W    -2   1  -2  -3  -1   1   0  -1   2   0   0   2   0   1  -3  -2   0   3   2  -1    3   7   1   1   1   6   7   4   5   5  10  16   2   7   1   2   6   5   7   4  0.17 0.17
  297 R    -7   8  -5  -7  -8  -2  -5  -4  -1  -7  -7   0  -5  -8  -6  -3  -5  -8  -7  -5    0  84   0   0   0   2   0   2   2   0   0   5   0   0   0   2   1   0   0   1  2.56 1.05
  298 V    -2  -2  -3  -4  -1  -3  -4  -5  -1   2   1  -4   1   4  -5  -3   1  -1   4   2    4   2   1   1   1   1   1   1   1  11  15   1   3  19   0   1   9   0  16  12  0.57 0.33
  299 C    -2  -4   1  -4   6  -3  -5  -3  -3   2   0  -4  -1   5  -5  -2  -2  -1   1   2    4   1   6   1  15   1   0   2   1  10   8   1   1  24   0   2   2   1   5  15  0.69 0.37
  300 A     0   1   2   3  -2  -1  -1  -2   0  -2  -2   1  -2  -2   1   0   1   3  -2  -2    7   7  11  16   1   2   2   3   2   2   5   7   1   1   8   5  11   4   1   3  0.21 0.19
  301 L    -3  -4  -2  -4  -3  -2  -3  -1  -2   0   1  -4   3   5   3  -3  -2   3   1  -1    2   1   2   1   1   2   1   6   1   6  13   1   7  27  15   2   2   4   4   3  0.57 0.34
  302 M     0  -1   0   2  -3  -1   1  -1  -1  -1  -1   1  -2  -2   3   1   0  -1  -2  -2    7   2   4  15   0   2   8   3   2   3   8   9   1   2  14   9   7   1   1   2  0.21 0.17
  303 S     0  -1  -1   1  -3  -1   0   2  -1  -1  -2  -1   0   3  -2   0  -1   6   0  -2    6   4   2   8   0   2   6  14   2   3   3   3   2  15   2   8   3  11   3   3  0.27 0.20
  304 C     1  -2  -2  -1   3  -3  -4  -1  -2   0   0  -3   4   2  -3   0   1   6   1   0   14   2   1   3   6   1   0   4   1   6   8   1  11   8   1   6   8  12   4   5  0.37 0.26
  305 A     1   1  -1  -1  -2   0   1   1  -2  -1  -1   2  -1   0  -2   0   0   1   0   0   11   8   3   2   1   3  10   9   0   4   6  14   1   4   1   7   5   2   3   7  0.08 0.10
  306 K    -2   0   3   3  -2  -2   0   3   2  -4  -4   1  -3  -3   0   0  -1  -2  -4  -3    2   5  15  17   1   1   6  20   5   1   1   8   1   1   4   7   4   1   0   1  0.39 0.26
  307 H    -3  -4  -3  -2  -1  -2  -2  -4  10  -4  -3  -3  -2  -1  -2   1  -4  -2   1  -3    2   0   1   2   2   1   2   1  60   1   3   1   1   3   2   9   1   1   4   2  1.88 0.76
  308 K    -4  -1  -4  -3  -4  -1  -2  -5  -3  -3  -5   4  -6  -7   7  -3  -4  -2  -5  -3    1   3   0   1   0   2   2   1   1   2   1  22   0   0  56   1   1   1   0   2  1.64 0.71
  309 D    -4  -3   2   3  -6  -1   3  -5   4  -4  -3  -2  -4   2  -5  -4  -2   1   5  -4    1   1  11  17   0   3  21   0   9   0   3   2   0   8   0   0   2   2  18   1  0.77 0.43
  310 Y    -5  -5  -4   0  -2  -5  -6  -2   3  -5  -4  -6  -5   4  -4  -4  -4   3   8  -3    0   0   1   5   1   0   0   4   6   0   1   0   0  16   1   1   1   4  57   1  1.88 0.77
  311 P    -4  -6  -6  -6  -7  -6  -5  -6  -6  -3  -6  -5  -6  -7   9  -3  -3  -7  -7  -5    1   0   0   0   0   0   0   0   0   2   1   0   0   0  90   2   1   0   0   1  2.95 1.03
  312 F    -7  -7  -7  -6  -7  -8  -8  -6  -3  -2  -4  -8  -5   9  -8  -7  -7   3   3  -5    0   0   0   1   0   0   0   0   0   2   1   0   0  84   0   0   0   3   8   0  2.81 0.94
  313 H    -1   1   4   0  -5  -2   2  -2   6  -5  -4   2  -4  -4  -2   0  -2  -1  -2  -4    4   6  20   4   0   0  16   2  19   0   2  15   0   0   1   5   2   1   1   1  0.61 0.35
  314 A     0  -3  -1   5  -2  -2   3  -4  -1   3  -3  -1  -3  -4  -4   1  -2  -6  -3  -3    7   1   1  31   1   0  22   0   1  18   2   2   0   0   0  11   1   0   1   0  0.64 0.36
  315 E    -4  -3  -3   3  -7   2   7  -5  -3  -7  -6   0  -5  -7  -4  -3  -4  -6  -5  -6    0   0   0  13   0   7  77   0   0   0   0   3   0   0   0   0   0   0   0   0  1.78 0.63
  316 V    -2  -3  -4  -5  -2  -3  -4  -5  -4   2   5  -3   1  -1  -4  -3  -2  -3  -2   2    0   0   0   0   0   0   0   0   0   5  75   0   0   0   0   0   0   0   0  19  0.71 0.16

                      K         Lambda
Standard Ungapped    0.1360     0.3193
Standard Gapped      0.0552     0.2670
PSI Ungapped         0.1802     0.3177
PSI Gapped           0.0552     0.2670
