
Last position-specific scoring matrix computed, weighted observed percentages rounded down, information per position, and relative weight of gapless real matches to pseudocounts
            A   R   N   D   C   Q   E   G   H   I   L   K   M   F   P   S   T   W   Y   V   A   R   N   D   C   Q   E   G   H   I   L   K   M   F   P   S   T   W   Y   V
    1 M    -1  -2  -3  -4  -2  -1  -3  -3  -2   1   2  -2   8   0  -3  -2  -1  -2  -2   0    0   0   0   0   0   0   0   0   0   0   0   0 100   0   0   0   0   0   0   0  0.76 0.12
    2 E    -1  -1   2   0  -3   0   3   1   5  -4  -3   0  -2  -3   3  -1  -1  -3  -1  -3    0   0  17   0   0   0  31  11  23   0   0   0   0   0  17   0   0   0   0   0  0.48 0.06
    3 R    -2   4  -2  -3  -2  -1  -2  -4  -2   1   2   0   3  -1  -3  -2  -1  -3  -2   1    0  35   0   0   0   0   0   0   0   7  34   0  12   0   0   0   0   0   0  12  0.32 0.09
    4 A     2  -1  -1  -2  -1   1  -1  -1  -2   0  -2  -1  -1   0  -2   2   2  -3  -1  -1   28   0   0   0   0  10   0   0   0   9   0   0   0   7   0  27  18   0   0   0  0.24 0.10
    5 S     1  -1   1  -1  -2   2  -1  -2  -1   0  -2   1  -2  -3   4   1  -1  -4  -3  -1   11   0  10   0   0  14   0   0   0  10   0  10   0   0  26  18   0   0   0   0  0.41 0.09
    6 C     1  -4  -4  -4   8  -3  -4  -3  -3   0   2  -3  -1   1  -3  -2  -2  -3  -2   1   12   0   0   0  45   0   0   0   0   0  26   0   0   8   0   0   0   0   0   9  0.72 0.17
    7 L    -2  -3  -3  -4  -3  -3  -3  -4  -3   1   2  -3   0   5  -4  -1   0   5   1  -1    0   0   0   0   0   0   0   0   0   8  29   0   0  40   0   7   8   8   0   0  0.53 0.17
    8 L    -2  -3  -4  -4  -2  -3  -4  -4  -4   4   3  -3   2   1  -4  -3  -2  -3  -1   2    0   0   0   0   0   0   0   0   0  31  41   0   5   7   0   0   0   0   0  16  0.52 0.15
    9 L    -2  -3  -3  -4  -2  -3  -3  -4  -3   1   2  -3   2   4  -3  -1   0  -2   0   2    0   0   0   0   0   0   0   0   0   7  19   0   6  30   0   7   8   0   0  23  0.36 0.15
   10 L     0  -3  -3  -4   2  -2  -3  -3  -3   1   3  -3   3   0  -3  -1   1  -2   0   1    6   0   0   0   6   0   0   0   0   3  39   0  12   4   0   5  11   0   4  11  0.29 0.14
   11 L    -3  -4  -4  -5  -3  -3  -4  -5  -4   1   5  -4   2   1  -4  -3   0  -3  -2   1    0   0   0   0   0   0   0   0   0   5  76   0   4   5   0   0   5   0   0   5  0.82 0.29
   12 L    -3  -4  -5  -5  -3  -4  -4  -5  -4   3   5  -4   3   1  -4  -4  -3   3  -2   0    0   0   0   0   0   0   0   0   0  18  63   0  10   5   0   0   0   5   0   0  0.83 0.31
   13 P     0   0   2  -2  -3  -1  -2  -2   1  -2  -1   0  -2   1   2   3   2  -3  -2  -2    5   4  10   0   0   0   0   0   5   0   8   5   0   7  12  27  19   0   0   0  0.28 0.18
   14 L     0  -2  -2  -2   2   1  -1   2  -2   0   1  -2  -1   1   0  -1   1  -3  -2   0    5   0   0   0   5   9   4  22   0   7  14   0   0   9   5   0   9   0   0   9  0.13 0.12
   15 V    -1   0   0  -3  -2  -2  -2  -1  -3   2   2  -1   2   0  -3  -2   1  -3  -2   3    0   5   5   0   0   0   0   5   0  14  19   4   8   3   0   0   9   0   0  26  0.19 0.13
   16 H    -1   0   1  -2  -3   0   0   0   5  -1  -2   1  -2   0   0   0   0   3  -1  -1    4   2   7   0   0   4   4   8  24   3   4  13   0   4   4   4   4   5   0   5  0.24 0.16
   17 V     2  -3  -4  -4   2  -3  -3  -3  -3   1   2  -3   2   1  -3  -1  -2   2  -2   2   22   0   0   0   4   0   0   0   0   8  24   0   8   8   0   4   0   4   0  20  0.32 0.21
   18 S     1  -2   0  -2  -3   1   0  -2  -2  -1  -1   0   0   0  -1   3   0   6  -2  -1    9   0   4   0   0   7   4   0   0   4   4   4   4   4   2  35   4  12   0   4  0.35 0.24
   19 A     2  -2   1  -2  -3   0   1   0  -2  -1  -3   0   0  -4   5   0   0  -4  -3  -2   18   0   8   0   0   3  11   8   0   4   0   7   4   0  30   3   4   0   0   0  0.49 0.24
   20 T     2   1   0  -1   1   1  -2  -1  -2  -2  -1  -1  -2  -3   0   1   3  -4  -3   0   21   9   3   2   4   7   0   3   0   0   4   0   0   0   3  10  25   0   0   8  0.23 0.20
   21 T    -2   0  -1  -2   5   0   1   0  -3  -2   0   0  -2  -3   3   0   2  -4  -3  -1    0   4   3   0  16   3   9   6   0   0   9   7   0   0  14   4  18   0   0   5  0.30 0.21
   22 P     1  -3  -3  -3  -4   0  -3   3  -4  -4  -2  -3  -3  -4   6   0  -3  -5  -4  -4   12   0   0   0   0   5   0  21   0   0   6   0   0   0  48   6   0   0   0   0  1.08 0.41
   23 E    -2   2   1   1  -4   2   4  -1   1  -2  -3   1  -2  -4  -2   1   0  -4  -3  -2    0  10   7   6   0   9  30   3   4   3   0   7   0   0   0  10   6   0   0   3  0.36 0.22
   24 P    -1  -1  -2  -2   1  -2  -1   1  -1  -2  -2  -2  -2  -1   5   0   1  -3  -3   0    4   4   0   1   3   0   3  12   2   1   4   1   0   3  36   7  10   0   0   7  0.57 0.25
   25 C     0  -6  -5  -6  10  -5  -5  -5  -5   1  -2  -5  -3  -5  -5   0   0  -5  -5  -1    6   0   0   0  66   0   0   0   0   9   4   0   0   0   0   6   6   0   0   3  1.96 0.66
   26 E    -1  -2  -2   0   0   2   1  -1  -2   0  -1   0  -2   1   2   1   0  -3   0  -1    1   0   0   6   3  15  11   3   0   8   7   6   0   6  10  14   4   0   5   2  0.15 0.17
   27 L    -3  -4  -4  -5   4  -4  -4  -5  -3   2   2  -4   3   4   0  -2   0   3   1  -1    0   0   0   0  11   0   0   0   0  14  23   0   8  21   5   2   5   5   5   1  0.54 0.31
   28 D    -2  -1   4   3   1   1   1   0   1  -2  -2  -2  -3  -4  -3   2   0  -4  -3  -2    0   2  22  19   3   6   7   5   3   3   3   0   0   0   0  19   3   0   0   2  0.38 0.25
   29 D     0   1   0   2   2   1   2  -1  -2  -1  -2   0   0  -3   1   0  -1  -3  -3  -1    6  10   3  15   6   6  18   5   0   3   3   6   3   0   6   4   0   0   0   3  0.20 0.15
   30 E    -1   1  -1   2  -3   1   2  -1  -2  -1  -3  -1  -2  -3   1   2   2  -4  -3  -1    3   8   0  10   0   6  18   3   0   3   1   0   0   0   6  18  19   0   0   4  0.29 0.22
   31 D     1   0   0   1  -3   3   0   1  -2   0  -2  -1  -2  -3  -2   1   2  -3  -1  -2   10   5   3   7   0  19   3  11   0  10   2   0   0   0   0  13  13   0   3   0  0.20 0.20
   32 F    -1   0  -2   1   0   1   1  -3   0   0   0  -1  -1   2   0   0  -1  -2  -1   1    3   5   0   7   3   8   8   0   2   3  11   3   0  15   5   8   3   0   0  14  0.08 0.13
   33 R    -2   2   1  -2  -4   1   0  -3   6  -3  -2  -1  -3   0   2  -2  -3  -3   3  -1    3  14   6   0   0   6   6   0  28   0   4   2   0   3  10   0   0   0  10   5  0.55 0.32
   34 C    -2  -2  -5  -2  10  -5  -6  -5  -5  -4  -3  -5  -4   0  -2  -1   0  -5  -1  -2    2   3   0   3  68   0   0   0   0   0   2   0   0   4   3   4   6   0   2   3  2.04 0.75
   35 V    -2  -2  -1  -2   0  -3  -3  -2  -3   2   2  -3  -1   1  -4   1   1  -2   3   1    0   2   2   2   2   0   0   2   0  13  25   0   0   6   0  13  12   0  11  10  0.24 0.23
   36 C    -1  -5  -5  -2  10  -2  -2  -3  -5  -2  -3  -3   0  -2   1  -2  -1  -5  -5  -4    4   0   0   3  63   2   3   2   0   2   2   2   2   2   7   3   3   0   0   0  1.83 0.71
   37 N    -1  -2   5   0  -3   1   0  -1   2  -2  -3  -2  -3  -1   1   2   0  -4  -1  -3    5   1  36   4   0   5   5   3   4   2   3   1   0   3   6  14   5   0   2   1  0.46 0.30
   38 F    -2  -2   0  -3   2  -3  -3  -3  -2   0   2  -3   1   3  -1  -1   0   4   3  -1    2   2   5   1   4   0   1   1   0   6  27   1   3  16   2   4   6   5  13   1  0.36 0.25
   39 S    -2   2   1  -3   0   0  -2  -3   2  -3   1  -1  -2  -3   0   3   2  -4  -3  -1    0  13   5   0   2   4   0   0   6   0  14   2   0   0   4  32  12   0   0   5  0.35 0.33
   40 E    -1   0   0   3   0  -2   1   1  -3  -3   1   0  -2  -2  -3   0   0  -4  -3  -3    2   5   5  21   2   0  11  14   0   0  16   7   0   1   0   8   6   0   0   0  0.24 0.23
   41 P    -2   0  -1   0  -4   0  -1  -2  -3  -2   1  -2  -1  -4   5   1   1  -4  -4  -2    1   6   2   5   0   3   4   2   0   2  18   0   2   0  32  12   9   0   0   1  0.56 0.36
   42 Q    -1   1   0   2   1   2   3  -3   0   0  -2   0   0  -1  -3   1  -1  -4  -3  -1    4   6   3  14   3  11  25   0   2   6   3   3   3   3   0   9   2   0   0   3  0.30 0.26
   43 P    -2  -3  -3  -1  -1   2   1  -3  -1   0   0  -2  -3  -4   5  -1   1   1  -4  -1    2   0   0   3   1   9  11   2   2   5  10   2   0   0  34   5  10   2   0   4  0.61 0.38
   44 D    -1  -1   3   2   1   0   1  -2   2  -2  -2  -1  -3  -2  -3   2   0  -4  -3  -2    4   2  17  14   3   3   7   2   7   2   4   2   0   2   1  21   5   0   0   2  0.31 0.25
   45 W    -1   0   0  -2  -3  -1  -3  -2   0  -1   0  -2   0   3  -4  -1  -3   9   1  -1    5   5   5   2   0   2   1   2   2   3  11   2   3  12   1   5   1  29   3   5  0.79 0.39
   46 S     1  -2   2  -1  -3   0  -1   2  -2  -2  -1  -1   1  -1  -1   3   0   2  -1  -2   10   1   9   2   0   5   3  16   0   1   6   3   5   3   3  24   4   3   1   2  0.20 0.20
   47 E     0  -1   2  -1  -3   0   0  -1   1  -2  -1   0   0  -2  -3   3   1  -3   0  -2    6   3  10   3   0   4   5   3   3   2   6   6   2   1   0  31   9   0   4   2  0.25 0.25
   48 A     1  -2   0  -2   0  -1  -1   1  -3   2   1  -1   0   0  -3   0   0  -3  -2   0   15   2   4   0   2   2   3  11   0  17  17   3   2   4   0   9   4   0   0   5  0.11 0.14
   49 F    -2  -1  -3  -3  -3   0  -2  -3   0   3   2  -3  -1   3  -1  -2   0  -2   1   2    1   4   0   0   0   6   2   2   3  19  18   0   0  15   3   3   6   0   5  12  0.27 0.23
   50 Q    -1   0   3   0  -1   4   1  -2  -2  -2  -2   1  -1  -4  -1   1   0  -4  -3  -1    3   4  17   3   2  26   9   2   0   2   4   6   1   0   2   9   6   0   0   4  0.40 0.33
   51 C    -1  -2  -1  -6  10  -2  -6  -2  -5  -2  -1  -5  -2  -1  -6  -1  -2  -5  -5   0    5   2   3   0  58   2   0   4   0   2   6   0   1   2   0   4   3   0   0   7  1.79 0.78
   52 V    -2  -3  -4  -1   1  -2  -3  -5  -1   1   4  -2   1   2  -3   0   0   2  -2   1    2   1   0   3   3   1   2   0   1   8  42   2   2   8   1   8   5   3   0   7  0.39 0.32
   53 S     0  -3   0   0  -3  -1  -2   2   2  -1  -1  -1  -1  -1   2   1   1  -4  -3   0    9   0   3   6   0   3   1  14   6   4   6   3   1   2  13  11  10   0   0   7  0.18 0.19
   54 A     3  -2  -2  -2   2  -1  -1   1  -3  -2   0  -3  -1  -1  -1   2   1   3  -3  -1   26   1   1   1   4   2   3  11   0   1  12   0   1   2   3  14   8   4   0   4  0.25 0.26
   55 V     0  -1   0  -1  -1   0  -1  -2  -1  -1   0  -1   1   0  -3   3   2  -4  -2   1    5   3   4   2   1   4   4   3   1   2   8   3   3   5   0  27  12   0   1  12  0.19 0.25
   56 E     0  -1   1   1   0   0   2  -1   0   0   0  -1  -1  -1   0   1   1  -3  -2   1    8   2   8   7   2   2  14   4   2   6   8   2   0   2   5   9   8   0   0  11  0.08 0.11
   57 V     0  -2   0  -2   1  -2  -2  -3  -3   1   1  -2  -2   1   0  -1   1  -3   0   4    7   2   5   2   3   1   1   2   0   5  10   2   0   7   5   3   9   0   2  32  0.27 0.24
   58 E    -2   0   0   1  -5   2   5  -1   1  -2  -2   1  -4  -5  -1   0  -2  -5  -4  -4    3   5   4   6   0  10  37   4   3   2   4   6   0   0   3   7   2   0   0   1  0.55 0.39
   59 I    -1  -3  -3  -5   0  -3  -3  -4  -2   3   3  -3   0   5  -2  -3  -2   0  -1   1    4   1   1   0   2   1   2   1   1  19  24   1   2  22   2   1   3   1   1  10  0.53 0.34
   60 H    -2   3   1  -1  -1   1  -2  -2   1  -2  -1   0   0   1   2   1   0   0   1  -3    2  19   6   3   1   8   1   2   3   2   6   4   2   8   9  12   5   1   4   1  0.23 0.24
   61 A     0  -3  -1  -2  -2  -4   1   5  -2  -2   0  -4   0  -2  -1  -1  -2  -5  -4  -2    6   1   3   2   1   0   8  46   1   3   9   0   2   2   4   4   3   0   0   3  0.63 0.42
   62 G    -1  -2   1   0  -5  -1  -4   5  -1  -3  -3  -3  -1  -2  -1   1  -2  -5  -2  -3    5   2   7   5   0   3   0  48   2   2   3   2   2   2   3  10   2   0   1   2  0.77 0.49
   63 G    -1  -1   0  -2  -1  -1  -1   2  -1   0   2  -2  -1   1   0   0  -1  -1   0   0    4   4   5   2   1   2   5  20   2   6  20   1   1   6   4   6   3   1   2   6  0.12 0.15
   64 L     0   3   1  -1  -2   0   0  -1   2  -1   0   1  -1   0  -1   0   0  -2  -1  -2    6  19   6   2   1   4   6   4   5   4  10   8   1   4   3   9   4   1   2   2  0.13 0.15
   65 N    -1  -1   4   3  -5  -1   1  -2  -4  -3  -5  -1  -3  -4  -2   4  -2  -6  -2  -4    5   3  19  16   0   3   9   2   0   1   1   4   1   1   2  27   2   0   1   1  0.64 0.49
   66 L    -3  -4  -3  -7  -3  -6  -5  -5  -4   0   6  -3   0   0  -5  -3  -1  -6  -5  -1    2   1   2   0   1   0   1   1   1   5  69   2   2   3   1   2   4   0   0   4  1.31 0.72
   67 E    -2  -2  -1   2  -6   2   5   0  -1  -3  -1   1  -3  -2  -1   0   0  -6  -5  -4    3   2   2   9   0   8  33   8   2   1   6   7   1   2   3   8   5   0   0   1  0.49 0.41
   68 P    -2   1   0  -2  -5   3   1  -1   1  -2   0   2  -1  -3   1   0  -1  -5   1  -3    3   8   5   2   0  15   9   5   3   3  11  11   2   1   6   8   2   0   5   2  0.21 0.24
   69 F    -3  -5  -4  -5  -2  -3  -4  -4   0  -1   4  -3  -1   5  -7  -2  -3   0   5  -4    3   1   1   1   1   1   1   1   2   4  31   2   1  24   0   3   2   1  19   1  1.03 0.61
   70 L     0   0  -3  -2  -2  -2  -3  -4  -2   0   4  -1   1  -2   0   0   0  -1  -3   0    7   4   1   3   1   1   2   1   1   5  39   5   3   2   4   8   5   1   1   6  0.37 0.31
   71 K    -2   1   2   3  -5   1   0  -3  -1  -2  -1   1  -2  -4   0   1   1  -6  -1  -2    3   7  11  15   0   6   6   1   1   3   7   8   1   0   5  13   7   0   2   3  0.25 0.26
   72 R    -2   1   0  -2  -1  -2  -2  -2  -2   0   3  -1   1   3  -3  -1  -2  -1   1  -1    4   9   4   2   1   1   2   4   1   4  30   4   3  13   1   6   2   1   4   3  0.32 0.27
   73 V     0  -1   2   2   0  -1   0  -2  -1  -1   0  -1  -4  -2   2   2  -1  -5  -1  -1    7   4  10   9   2   3   5   3   1   3  10   3   0   1   9  19   3   0   3   5  0.18 0.22
   74 D    -1  -2   1   2  -1   0  -1  -1  -2   2   0   0   1   0  -2   1  -1  -1  -1   0    4   2   8  10   2   3   4   6   1  12  11   5   5   4   1  11   4   1   2   7  0.08 0.11
   75 A     1  -1   2  -2  -1  -1  -1   1   0   1   1  -1  -2  -2  -1   1   0  -2  -2  -1   10   3  11   1   1   3   3  11   3   8  13   3   1   1   3  12   6   1   1   4  0.11 0.15
   76 D    -3   0   3   5  -3   0   2  -2   0  -3  -1  -1  -5  -2  -2   0  -1  -1  -2  -2    2   4  13  26   1   4  11   4   3   1   7   3   0   2   2   8   4   1   1   3  0.44 0.36
   77 A     0  -3   1  -3   0   0  -2  -1  -5   2   3  -3   1   2  -4   0   0  -5  -2   0    8   1   7   1   2   4   2   4   0  10  27   1   3   8   1   6   5   0   1   7  0.27 0.24
   78 D    -3  -2   3   4  -3  -2   1  -2  -1  -2  -2  -1  -6  -4   1   3   0  -7  -6  -4    2   2  15  22   1   2   8   3   2   3   5   4   0   1   6  19   5   0   0   2  0.56 0.44
   79 P    -3  -3  -1   0  -1  -3  -1  -2   0   2   0  -2  -3   0   6  -4  -1  -2  -3  -3    2   2   3   6   1   2   4   4   2  10  11   3   1   4  37   1   4   1   1   2  0.79 0.55
   80 R    -2   0   3   0  -3   1   2   1   0  -3  -1   0  -2  -2  -1   2  -1  -7  -4  -3    4   6  11   4   1   7  14   9   2   1   6   6   1   2   4  16   4   0   1   2  0.25 0.25
   81 Q     0   0   0   1  -3   4   1  -3  -1  -2  -3   0  -4  -1   1   2   0  -3  -5  -3    9   5   5   7   1  18   9   2   1   3   3   5   1   3   7  12   6   1   0   3  0.32 0.30
   82 Y    -1  -3  -2  -5  -7  -3  -4  -3  -2   3   3  -3   0   3  -2  -1  -3   1   3   0    5   2   2   1   0   2   2   2   1  16  25   2   2  11   3   4   2   2   9   7  0.54 0.32
   83 A     0  -1  -3  -2  -1  -2  -3   0  -2   1   2  -2   0   2   2   0   1  -2  -2   0    8   3   1   2   1   2   2   8   1   7  18   3   2   7  10   7   7   1   1   6  0.16 0.14
   84 D    -2  -2   4   4  -4   1   3   0  -3  -6  -5  -2  -5  -2  -3  -1  -1  -2  -5  -5    4   2  15  24   1   5  19   7   1   1   2   3   0   2   2   6   4   1   1   1  0.71 0.49
   85 T    -1  -3   0  -3  -1  -2  -2  -1  -1   2   1  -2   3   1  -2   1   1   0  -1   1    5   1   5   1   1   2   3   4   1   9  15   2   8   6   2  10   9   1   2  10  0.19 0.15
   86 V    -3  -4  -3  -4  -3  -3  -5  -3  -4   3   4  -4  -1   2  -1  -2  -1   1  -4   1    3   1   1   1   1   2   1   2   1  14  40   1   1   8   3   3   4   2   1   9  0.74 0.43
   87 K     0   3   2  -2  -2   1   0   2  -1  -4  -4   2  -3  -2   0   1  -1  -3  -3  -3    6  17   8   3   1   6   5  14   1   1   2  14   1   2   5   8   4   1   1   2  0.34 0.30
   88 A     1  -2   3  -2   0  -1  -1   0  -1  -3   0  -1  -2  -3  -3   4   0  -6  -3  -3   11   3  11   2   2   3   4   7   2   1   8   4   1   1   1  28   6   0   1   2  0.37 0.34
   89 L    -4  -4  -2  -7  -1  -2  -5  -3  -4   0   6  -4   0  -1  -2  -1   0   0  -5  -1    2   1   3   0   1   2   1   3   0   4  58   1   2   3   2   5   5   1   0   4  1.03 0.61
   90 R    -3   5   0   0  -8   3   0  -5   1  -5  -3   2  -2  -3   1   0   0  -8  -7  -2    3  26   5   5   0  12   6   1   3   1   3  10   1   2   7   6   5   0   0   4  0.61 0.44
   91 V    -3  -5  -3  -5  -2  -5  -3  -5  -2   3   5  -5   0   0  -5  -4  -2   2  -2   2    3   1   2   1   1   1   2   1   1  12  46   1   2   3   1   2   3   3   1  13  0.95 0.52
   92 R    -3   4  -2  -3  -3   3   0  -4  -2  -3   0   2  -2  -4  -2   1   2  -2  -4  -4    2  21   3   2   1  11   6   1   1   2  10  13   1   1   3   9  11   1   1   2  0.51 0.38
   93 R    -3   4   2   1  -4   0   0  -2   1  -3  -4   3  -3  -4  -4   2  -1  -2   0  -3    2  18   9   8   1   4   6   3   3   2   2  14   1   1   1  15   4   1   3   2  0.46 0.35
   94 L    -4  -4  -1  -6  -3  -9  -6  -7  -9   2   6  -9   0  -2  -6  -4  -4  -3  -4  -2    2   1   3   1   1   0   1   1   0  10  68   0   2   2   1   2   1   0   1   3  1.65 0.85
   95 T    -2  -1   3   1  -3  -1  -1  -3  -1   0  -3   1  -2  -3  -3   3   3  -8  -1  -1    3   4  12   8   1   3   5   2   1   5   3   7   1   2   1  17  17   0   3   5  0.36 0.31
   96 V    -3  -3  -3  -5  -8  -4  -3  -4   0   1   4  -4   0   4  -8  -3  -1  -7   2   1    3   2   2   1   0   1   2   2   2   8  36   1   2  15   0   3   4   0   6  10  0.78 0.45
   97 G    -1   1   2  -1  -2  -1  -2   0  -1  -2   2  -1  -2  -2  -3   2   0  -3   0  -3    5   9   9   4   1   3   2   8   2   2  20   4   1   2   2  15   5   0   4   2  0.22 0.21
   98 A    -2  -1   5   5  -2  -2  -1  -1   1  -2  -4  -3  -4  -4  -3   0  -3   0  -1  -3    4   4  23  26   1   2   5   6   4   2   3   2   1   1   1   7   2   1   3   2  0.71 0.48
   99 A     0  -4   3  -4   1  -4  -4  -1  -2   1   4  -5   0   0  -3   0  -2  -7  -4   1    7   1  14   1   3   1   1   6   1   6  30   1   2   4   2   7   3   0   1  10  0.51 0.33
  100 Q    -2   2   1  -1  -3   3  -2  -1   0  -2  -1   0  -3  -2  -2   4  -2   1  -2  -3    4   9   6   4   1  12   3   5   2   3   7   6   1   2   2  25   3   2   2   2  0.36 0.33
  101 V    -3  -2   0  -2  -2  -2  -3  -1   2   3   3  -3   1   1  -4   0  -1  -2   0   2    3   2   4   3   1   2   2   4   4  13  22   1   3   6   1   7   4   1   3  11  0.29 0.19
  102 P    -3  -4   5  -1  -1  -1  -2  -2  -1  -3  -2  -2  -2  -3   4   3   1  -1  -3  -4    2   1  23   4   1   3   3   3   2   2   4   3   1   1  16  17   9   1   1   2  0.65 0.49
  103 A     0   0   2   2  -2   0   2   2   1  -2  -2   0  -2  -2  -1   0  -2   2  -2  -3    8   5   9  11   1   4  12  13   3   3   4   5   1   2   3   8   3   3   1   2  0.20 0.18
  104 Q     0  -1   1  -1   0   1   0  -2  -1   2   1  -1  -1   1   0   0  -1   0  -2   0    8   4   7   3   2   6   7   3   1  10  13   4   1   5   6   6   4   1   1   7  0.07 0.08
  105 L    -1  -2   0  -2   0  -1  -1  -2  -1   1   3  -2   0  -1  -2   2   1  -6  -1   0    5   3   4   3   2   2   5   3   2   9  24   3   2   3   3  14   7   0   2   5  0.20 0.17
  106 L    -2  -2  -1  -1   0  -1  -1   1  -1   0   1  -2   1   1   1   1   0   2  -1   0    3   2   3   4   2   3   4  11   2   5  16   3   3   6   6  10   6   2   2   7  0.09 0.09
  107 V    -1  -1  -1  -1   0  -1   0  -1   0   1   0  -2   1   1   1   0   1   0   0   1    5   3   3   3   2   2   5   6   2   9  11   2   3   7   8   7   9   1   3   8  0.06 0.06
  108 G     0   0   0   1  -5   0  -1   0   0   0   1  -1   0  -1   1   0  -1   3  -2  -1    8   6   4   8   0   4   5   9   3   7  14   3   2   2   6   8   3   3   2   3  0.07 0.09
  109 A     0  -2  -1   0   0  -1  -2  -2   0   0   0  -2   0   2   4   0  -1   1  -1   0    9   3   3   5   2   2   3   3   2   6   9   3   2   7  20   7   3   2   2   5  0.24 0.21
  110 L    -1  -1   0   0   1   0  -1  -1   1   0   2  -1   1   0   0   1  -1   2   0  -1    5   4   4   6   3   3   5   5   4   5  17   4   4   4   4  12   4   3   3   5  0.06 0.07
  111 R    -1   0   0   0   2   0   0  -1   2   0  -1   0   2   1   0  -1   0   4   1  -1    5   5   5   5   5   5   5   5   5   5   5   5   5   5   5   5   5   5   5   5  0.09 0.08
  112 V    -2  -1   0  -2  -1  -2  -4  -3  -2   3   2  -4  -1   4  -3  -2  -2   0  -1   1    5   3   5   2   2   2   1   2   1  16  20   1   2  18   1   4   3   1   2   8  0.49 0.28
  113 L     0  -1   1  -4   0   0  -2   2   0   0   2  -3   2   1  -3   0   0   0  -2   0    7   3   6   1   2   4   2  13   2   4  21   1   4   5   2   7   5   1   2   7  0.18 0.15
  114 A    -1   1   3   0  -3   3   1   0  -1  -4  -4   0  -2  -1  -2   1  -1   3  -1  -3    6   7  14   5   1  10   8   8   2   1   2   6   1   3   2  12   4   4   3   2  0.31 0.27
  115 Y    -3  -1  -1  -2   0  -3  -4  -1   1   0   4  -2   1   2  -4  -3  -3   1   3  -3    3   3   3   3   2   1   2   5   3   5  40   3   3   8   1   3   2   2   8   2  0.62 0.38
  116 S    -2  -2   0   0  -3   0  -1  -2  -1  -2   0   0   0  -3   0   3   3  -2  -2  -2    3   3   5   6   1   4   5   4   1   3  10   6   2   1   6  19  17   1   1   3  0.28 0.28
  117 R     0   3   3   0  -2   2  -1  -1   2  -2  -4   1  -2  -3   0   1   0  -2  -2  -5    7  14  12   6   1   7   3   5   5   2   2   8   1   1   5  12   5   1   2   1  0.32 0.28
  118 L    -4  -3  -3  -4  -2  -3  -5  -5  -3   2   6  -9   0   0  -9  -3  -3  -1  -8   1    2   2   1   2   1   1   1   1   1   9  57   0   2   4   0   2   2   1   0   9  1.21 0.67
  119 K    -3   2   1  -1  -2   3   3  -3   0  -2  -2   1  -2  -2  -1   0   1  -1  -2  -2    2  10   6   4   1  13  15   3   2   2   5   9   1   2   4   8   8   1   2   3  0.29 0.28
  120 E    -3  -1   1   1  -1   0   4  -3   3  -2  -3  -1   0  -1  -3   2  -1   0   2  -2    2   4   7   6   1   4  22   2   5   3   3   3   2   3   1  14   5   1   6   4  0.35 0.31
  121 L    -3  -4  -2  -4   2  -3  -5  -4  -2   0   6  -4   1  -1  -4  -4  -4  -1  -3   0    3   1   3   1   4   2   1   2   1   6  58   2   3   2   1   2   2   1   1   6  1.11 0.63
  122 T    -1  -1   3   3  -6   1   1  -3   2  -2  -2  -1   0  -2  -1   1   1   0   0  -1    5   4  11  13   0   7   8   2   5   3   4   4   2   2   4   9   9   1   3   4  0.20 0.21
  123 L    -2  -4  -3  -3   0  -3  -3  -5  -1   2   5  -4   1   2  -3  -4  -2   0  -1   0    3   1   2   2   2   2   2   1   1   9  46   2   3   9   2   2   3   1   2   5  0.80 0.47
  124 E    -1   1   0   0   1   0   0  -1   1  -2  -2   0   0  -1  -1   3  -1   2   0  -1    5   7   5   5   3   4   7   5   3   3   4   6   3   3   3  21   4   2   3   4  0.16 0.18
  125 D    -1   0   0   0   2   0   0  -1   2   0  -1   0   2   1   0  -1   0   4   1  -1    5   5   5   5   5   5   5   5   5   5   5   5   5   5   5   5   5   5   5   5  0.09 0.08
  126 L    -2  -1   5  -2   3  -1  -2  -3   0   1   0  -2   1   0  -2  -1  -1   2   0  -1    3   4  28   3   5   3   3   3   2   7   9   3   3   3   3   5   4   3   3   4  0.48 0.34
  127 K    -2   2   3   0  -4   3   0  -1   1  -3  -3   1  -2  -3  -3   2   2  -8  -1  -3    3   9  13   4   0  11   7   6   3   2   3   7   1   1   2  13  10   0   2   3  0.34 0.31
  128 I    -6  -5  -5  -7  -5  -6  -5  -4  -3   3   5  -6  -1   6  -6  -6  -5  -4  -1   0    1   1   1   0   0   1   1   2   1  14  42   1   1  23   1   1   1   0   3   5  1.33 0.70
  129 T    -1  -1   1  -2  -3   0   0  -3   0  -2   0   0  -2  -2  -3   3   4  -5  -4   0    6   3   7   2   1   4   6   2   2   3   9   5   1   2   1  19  19   0   1   6  0.34 0.30
  130 G    -3   1  -1   0  -5  -2   0   6  -1  -5  -4  -2  -4  -5  -4   0  -2  -2  -3  -4    3   7   3   5   0   2   6  49   2   1   3   3   1   1   1   8   3   1   1   1  0.97 0.58
  131 T    -1   0   0  -2  -3   0   1  -3  -1   1   1  -1  -2  -1   1   2   1  -6  -4   1    5   5   5   3   0   4   8   2   2   7  16   4   1   2   6  13   8   0   1   9  0.15 0.15
  132 M    -2  -4  -3  -2  -4  -3  -3   1  -1   4   3  -3   0   1   0  -1  -1  -3  -3   0    4   1   1   2   1   1   2   9   1  20  24   2   2   5   5   6   4   0   1   6  0.42 0.26
  133 P    -2   0   1   0  -6  -1  -1  -4  -3  -3  -2  -2  -3  -4   7   1  -4  -2  -6  -3    4   5   5   6   0   3   4   2   1   2   4   3   1   1  45   9   2   1   0   2  1.06 0.71
  134 P     0  -2   0  -1  -3  -1   0  -2  -1  -1   0  -1  -2  -1   4   0  -2   6  -2  -1    7   2   4   3   1   3   6   4   2   3   9   4   1   3  18   8   3  11   1   5  0.37 0.30
  135 L     0  -3   0   0  -3   2   2  -2   0  -3   0  -2  -3   0   1   2   2   0  -3  -2    6   2   4   4   1   7  14   4   2   2   9   2   1   3   7  14  10   1   1   4  0.22 0.23
  136 P    -2  -2  -1  -1  -5  -2  -1  -2  -1   4   2  -1  -1   3   1  -1  -2  -3  -2  -1    4   3   3   4   0   2   5   4   2  18  20   4   2  10   7   5   2   0   1   4  0.30 0.21
  137 L     1  -1  -1  -3  -1  -2  -2   3   2   0   1  -2   1   1  -1   0  -1  -2  -3  -1   11   4   3   2   1   2   3  21   4   4  13   2   4   6   3   8   4   1   1   4  0.20 0.16
  138 E    -1   0   4   0  -2   1   0  -1   1  -1  -2   1  -2  -1  -3   2  -1  -3  -3  -3    6   5  18   6   1   6   6   6   3   3   5   9   1   3   2  13   4   0   1   2  0.27 0.23
  139 A     0   0  -1  -2   1  -2  -3  -1  -3  -1   4  -2   0   1  -4   0  -2  -2   1  -1    7   4   3   2   3   2   2   6   1   3  38   3   2   5   1   6   3   1   4   4  0.43 0.29
  140 T    -2   0  -1  -2   2   2  -1  -3   1  -3  -2   0  -1  -2   2   2   3  -2  -3  -2    4   6   3   3   3   8   5   3   3   1   5   6   2   2   9  15  18   1   1   3  0.32 0.29
  141 G    -1   0   4   1  -2   0   0   1   1  -2   0   0  -2  -1  -3   1  -1  -3  -3  -3    6   6  18   7   1   4   6  11   3   2   8   6   1   3   1  10   5   0   1   2  0.23 0.19
  142 L    -4  -4  -3  -5  -4  -3  -4  -5  -1   0   6  -5  -1  -2   2  -3  -1   0  -2  -1    2   1   1   1   0   2   2   1   2   4  56   1   2   2   9   3   4   1   2   5  1.05 0.59
  143 A     0   1   2   1  -3   2   0  -3  -1  -2  -3   1  -3  -2   1   2   0  -4  -2   0    7   6   9   7   1  10   6   2   2   3   4   7   1   2   7  13   7   0   1   7  0.19 0.20
  144 L    -3  -2  -6  -6  -4  -4  -2  -4  -1   2   4  -4   2   0  -4  -3  -1  -2   0   2    3   2   1   1   0   1   3   2   2  11  40   1   4   3   1   3   4   1   4  13  0.74 0.42
  145 S    -3   0  -1  -1  -3  -1   1  -4   0  -2   3   0  -2  -3  -3   2   1  -7  -3  -1    2   5   3   4   1   3   8   2   2   2  28   6   1   1   1  16   9   0   1   4  0.38 0.30
  146 S    -1  -1   3   3  -5  -2   1  -3   1  -3  -2  -1  -2  -2  -5   3   1  -4  -1  -2    5   3  14  16   0   2   8   2   3   2   4   3   1   2   1  18   8   0   2   4  0.41 0.33
  147 L    -5  -6   3  -6  -2  -6  -7  -6  -5   0   6 -10  -1   1 -10  -5  -4 -10  -6  -2    1   1  10   1   1   1   1   1   0   5  66   0   2   5   0   1   1   0   0   3  1.64 0.87
  148 R    -2   3   0   3  -7   1  -1  -2   2  -4  -4   1  -5   0  -4   3   0  -2   0  -3    4  14   4  13   0   5   4   4   4   1   2   8   0   4   1  19   6   1   3   2  0.42 0.34
  149 L    -3  -2  -2  -3  -4  -3  -3  -1   0   3   4  -5  -1   4  -5  -2  -2  -1   1  -1    2   2   3   2   0   2   2   5   2  13  35   1   2  13   1   3   2   1   4   5  0.64 0.36
  150 R    -3   1   5  -1  -4  -1  -2  -4   3  -2  -1   0  -4  -3  -6   3  -2  -3  -2  -4    3   8  26   3   0   3   3   2   7   2   8   7   0   2   1  18   3   1   1   2  0.68 0.46
  151 N    -4   0   6   2  -8   1  -1   1   1  -4  -5   2  -3  -4  -4   0  -3  -5  -3  -4    2   6  31  10   0   6   4  11   3   1   2  11   1   1   1   6   2   0   1   1  0.78 0.50
  152 V    -2  -4   4  -6  -2  -3  -7  -6  -3   3   4  -6   0   0  -5  -3  -4  -7  -4   2    3   1  17   1   1   1   0   1   1  12  34   1   2   4   1   3   1   0   1  14  0.88 0.49
  153 S    -2  -2   2  -1  -6   1  -1  -1   0  -1  -2  -2  -2  -2   1   4   2  -3  -3  -1    3   2   9   3   0   5   5   5   2   4   5   3   1   2   8  24  12   0   1   5  0.35 0.30
  154 W     0  -2  -1  -1  -2  -1  -1   1  -1   1   1   0  -1   1  -2   1  -1   5  -1   0    8   2   3   4   1   3   3   9   2   7  15   5   1   6   2  10   3   7   2   6  0.14 0.11
  155 A     1  -2   3  -1  -3  -1  -1   0  -1  -1   1  -2  -2   0  -1   1   1  -2  -1  -1    9   2  13   3   1   2   4   6   1   4  16   2   1   5   3  11   8   1   2   5  0.15 0.14
  156 T    -2  -1   0   2  -2   0  -1  -1  -1   2   0  -2  -1  -1   1   0   2  -4  -2  -1    4   4   5  12   1   4   5   5   1  12   8   3   1   3   7   6  14   0   2   5  0.17 0.14
  157 G    -2  -1   1  -1  -4  -2  -1   3   0   0   1  -2  -1   1   1  -1  -2  -2  -1  -1    4   4   6   4   0   2   4  20   2   6  15   2   1   7   7   5   2   1   2   5  0.19 0.14
  158 R    -2   1   0   0  -2   1   0   0   1  -2  -1  -1  -2   0   2   2  -1  -2   1  -3    4   9   5   6   1   6   6   7   3   3   7   4   1   4   9  13   4   1   5   2  0.13 0.14
  159 S     0  -1   1   0   0  -1   2   0   0   0  -1  -1  -2   1  -1   2  -1  -2  -2  -1    7   3   8   5   2   3  11   6   2   5   8   4   1   6   4  16   4   1   2   4  0.10 0.11
  160 W    -1  -1   2   0  -4   2  -1  -1  -2  -1   1  -1  -1   3   0  -1  -1   5  -1  -1    5   3   8   5   0   7   4   6   1   3  11   5   1  12   5   6   3   8   2   4  0.22 0.17
  161 L    -2  -2  -2   0  -3   0  -2  -3  -2   3   2  -2   2   3   1  -1   0  -3  -1  -1    3   2   2   6   1   4   3   2   1  14  21   2   4  11   6   6   6   0   2   3  0.30 0.20
  162 A     1  -2   0  -1  -1  -1  -2   2   0   0   0  -1  -2   1   0   2   1  -2  -1  -1   10   2   4   3   1   3   3  13   2   5   9   3   1   6   5  16   8   1   2   4  0.13 0.13
  163 E    -1  -1   2   1  -3   0   1  -1   2  -3  -1   0   1   0   2   1  -1  -2  -1  -3    4   4   8   7   1   4  11   5   4   2   7   5   3   4  10  11   4   1   2   2  0.15 0.15
  164 L     0  -2  -2  -3  -1  -2  -3  -3  -2   2   4  -3   0   0  -2  -2  -2  -2  -1   0    7   3   2   2   1   2   2   3   1  10  41   2   2   3   3   3   2   1   2   7  0.55 0.31
  165 Q    -2  -2   1   0  -2   1   0   0  -1  -1   1   0  -1   0   1   2   0   0  -1  -2    3   3   7   5   1   7   6   7   1   3  13   6   1   4   8  13   6   1   2   3  0.11 0.12
  166 Q     0  -1   3  -1  -3   1   0   0   0   0   0   0  -1   0   0   0  -1  -2  -2   0    7   4  13   4   1   8   6   7   2   6   8   5   1   4   5   8   4   1   1   6  0.09 0.09
  167 W    -1  -2   0  -2   2  -2  -1  -1   0  -1   1  -1   0   3  -2   1  -1   6  -1  -2    5   3   5   3   4   2   4   6   2   4  15   4   2  12   3  10   3  10   2   3  0.31 0.17
  168 L    -1  -1   0  -2  -2  -1  -2  -2   0   1   3  -1   2  -1  -1   1  -1  -2  -2   0    5   4   5   2   1   3   3   4   2   6  28   3   4   3   3  10   4   1   2   7  0.22 0.14
  169 K    -2  -2  -1   0   3   1  -1  -1  -1  -1   2   1  -1   0   0   1   0  -2  -1  -1    4   2   3   5   6   6   5   6   2   4  17   8   2   4   5   9   5   1   2   4  0.10 0.09
  170 P    -2   0   2  -3  -5   0  -2  -1  -1  -3   0  -2   1  -1   3   1   3  -5   0  -3    4   5   8   2   0   4   3   5   2   2  10   3   3   3  16  10  14   0   3   2  0.29 0.24
  171 G    -1  -1   3  -1  -2   0  -2   1   4  -3  -1   0  -2  -2  -2   3   0  -2   0  -3    6   4  12   4   1   4   3  10   8   2   6   6   1   2   3  19   5   1   3   2  0.27 0.22
  172 L    -5  -6  -3  -8  -8  -5  -5  -7  -5   1   6  -5   0  -2  -4  -3  -3  -3  -3   1    1   1   2   0   0   1   1   1   0   7  64   1   2   2   2   3   2   1   1   8  1.43 0.75
  173 K    -2   3   0  -4  -4   3   2  -3  -1  -3  -1   3  -2  -4  -3   0   2  -3  -4  -3    3  15   4   1   1  12  11   2   2   2   7  15   1   1   2   7  11   1   1   3  0.45 0.35
  174 V    -2   1   1   0  -3  -1   2  -3   1  -1  -1   1   0  -1  -4   0   1   0   2   1    3   8   6   4   1   3  12   2   3   4   7   9   2   3   1   7   8   1   6  10  0.14 0.13
  175 L    -6  -5  -2  -5  -2  -9  -6  -6  -9   0   6  -9  -1  -3  -9  -3  -4  -3  -5   0    1   1   3   1   1   0   1   1   0   5  73   0   1   1   0   2   1   0   1   6  1.77 0.90
  176 S    -2   0   3   3  -3  -2  -1  -4   2  -3  -2  -1  -4  -2  -2   3   1  -3   1  -2    3   5  14  16   1   2   3   2   4   2   5   3   1   2   3  18   9   0   4   3  0.44 0.34
  177 I    -4  -5  -4  -6  -2  -8  -5  -5  -3   3   5  -5   2   0  -6  -2  -5  -8  -1   2    2   1   1   1   1   0   1   1   1  13  51   1   4   3   1   4   1   0   2  11  1.14 0.61
  178 A     0   0   1   0  -3  -1   0  -2   0  -1  -3  -3  -4  -2  -3   4   1  -2  -1  -3    9   5   7   5   1   3   5   3   2   4   3   2   0   2   2  32   8   1   3   2  0.46 0.38
  179 Q    -2   0   5   0  -2   1  -1   2   4  -4  -2  -1  -3  -2  -5   1  -4  -2   0  -5    4   6  22   6   1   6   4  15   7   2   4   4   1   2   1  10   1   1   3   1  0.53 0.39
  180 A    -1  -4   7  -5   4  -4  -6  -4  -4  -3  -2  -5  -3  -2  -2   2   0  -1  -4  -2    6   1  46   1   6   1   1   2   1   2   5   1   1   2   2  12   6   1   1   4  1.29 0.77
  181 H    -3   2   4  -3  -3   3  -1   0   4  -4  -1   1  -1  -1  -3   0  -2  -2  -2  -4    3  11  15   2   1  12   4   8   9   1   6   9   1   3   2   7   3   1   1   2  0.43 0.32
  182 S    -4  -5  -1  -4  -3  -4  -5  -4  -3   3   5  -3   1   3  -5  -1  -3  -7  -2   1    2   1   4   1   1   1   1   2   1  14  41   2   3   9   1   5   2   0   1   8  0.82 0.46
  183 P    -1  -1   0  -2  -2   0  -1   1   0  -2  -2   0  -1   1  -3   2   3  -1   0  -2    5   4   5   3   1   5   4   9   2   3   4   6   2   6   2  15  16   1   3   3  0.19 0.20
  184 A    -1  -1   0   0  -2  -1   0   3   1  -1  -1  -1  -1  -1  -3   1   1  -1  -1   0    6   4   5   5   1   3   6  18   3   3   6   4   2   3   1  12   7   1   2   7  0.13 0.13
  185 F    -3  -4  -2  -3  -1  -3  -3  -2  -2   4   3  -3   3   2  -2  -2  -2  -1  -1   2    3   1   2   2   1   2   2   3   1  18  26   2   6   7   2   4   3   1   2  13  0.51 0.30
  186 S    -2  -3  -2  -2  -8  -2  -3  -3   0   2  -1  -4  -2  -1   6   1  -1  -8  -1  -2    4   2   2   2   0   2   3   3   2  10   6   2   1   3  40  10   4   0   2   4  0.89 0.61
  187 C    -1   0  -1  -1   6  -2   0  -2   0  -1  -2  -1  -1   0   4   1  -1  -6  -2  -2    6   5   3   4  13   2   6   4   2   3   4   4   2   4  18  11   4   0   1   4  0.42 0.30
  188 E    -1  -1   1   1   1   1   1   0   1  -2  -2   0   1  -1   1   1   0   2   0  -2    5   4   6   8   3   6   8   8   3   3   5   5   3   3   8  10   5   3   3   3  0.09 0.11
  189 Q     0  -1   0  -1   1   0   0  -1   1   1   1  -1   1   1  -1   0   1   2   0   0    7   3   4   3   3   5   6   4   3   8  11   3   3   6   3   7   8   3   3   8  0.04 0.04
  190 V    -1  -6  -4  -6  -3  -4  -4   1  -2   2   3  -3  -3   5  -4   1  -2   2  -3  -2    5   0   1   1   1   1   1  11   1  10  25   2   1  20   1   9   3   3   1   4  0.64 0.37
  191 R     0   2   0  -1  -1   3   0   2   0  -2  -2   1  -1  -1  -1   1  -1  -3  -3  -1    6  10   4   3   1  11   7  14   2   2   4   7   2   3   3  10   4   0   1   4  0.17 0.16
  192 A     0  -1   4  -2  -1   0  -1   1   3  -3  -1  -1  -1  -1  -2   1  -1  -2  -1  -1    7   3  17   2   1   5   4  11   7   2   8   4   1   2   2  10   4   1   2   5  0.25 0.19
  193 F    -3  -4  -5  -6   0  -4  -7  -7  -3  -1   5  -6   3   4  -2  -3  -2  -3   0  -3    2   1   1   1   2   1   1   1   1   3  51   1   6  16   2   2   3   0   3   2  1.21 0.61
  194 P    -3   1  -1  -3  -3   1  -2  -2  -2  -4  -4   2  -5  -5   4   2   2  -3  -3  -2    3   8   3   2   1   7   3   4   1   1   2  10   0   1  21  15  13   1   1   4  0.56 0.43
  195 A     0   1   5  -2  -4   1  -3  -2   2  -5  -3   0  -4  -6  -4   3  -1  -9  -1  -5    8   6  27   3   0   6   2   3   4   1   4   6   1   0   1  20   4   0   2   1  0.71 0.48
  196 L    -6  -6 -12 -12 -10 -11 -12 -12 -11   0   7 -11  -2  -1 -12 -11  -6 -11  -6  -1    1   1   0   0   0   0   0   0   0   5  84   0   1   3   0   0   1   0   0   4  2.39 1.13
  197 T    -3   3  -4  -5  -5   4   3  -6   0  -3  -3   1  -3  -4  -6   0   2  -2  -4  -1    3  16   1   1   0  18  18   1   2   2   4   8   1   1   1   6  13   1   1   4  0.70 0.50
  198 S    -2   0  -2  -3  -3  -1   1  -4   4  -2  -2  -1  -2   1  -8   1   1   2   5   2    3   5   2   2   1   2   9   2   8   3   4   4   1   6   0  10  10   2  15  12  0.43 0.31
  199 L    -6 -11  -5 -12 -10 -11 -11 -12 -11   0   7 -11   1  -3 -11  -7 -10  -2 -10  -2    1   0   1   0   0   0   0   0   0   4  84   0   3   2   0   1   0   1   0   3  2.42 1.14
  200 D    -6  -3   4   7  -4  -2  -1  -7   0  -4  -7  -4  -4  -5  -9   0  -3  -4  -1  -6    1   2  16  55   0   2   4   1   2   1   1   1   1   1   0   7   2   0   3   1  1.71 0.91
  201 L    -4 -10  -5  -5  -3 -10 -10 -11 -10   2   6 -10   1   1 -10  -6  -9 -10  -9  -1    2   0   1   1   1   0   0   0   0   9  72   0   3   5   0   1   0   0   0   5  1.94 0.96
  202 S     0  -1  -2  -2  -3  -2  -3  -2   1  -6  -3  -5  -3  -4  -6   7  -1  -3  -1  -6    7   3   2   3   1   2   2   4   3   1   3   1   1   1   1  60   4   1   2   1  1.36 0.84
  203 D    -3   0   4   4  -2   0   0   0   3  -6  -4  -1  -3  -1  -8   1  -3  -2   2  -5    3   6  19  17   1   5   6   7   6   0   2   4   1   3   0   9   2   1   7   1  0.61 0.42
  204 N    -5 -10   9  -4  -4  -9  -5  -7  -4  -6 -11  -5 -10 -11 -10  -3  -4 -11 -10 -10    1   0  88   1   1   0   1   1   1   1   0   1   0   0   0   2   1   0   0   0  3.36 1.58
  205 P    -2   2   1  -2  -1   2  -1  -3   1  -1   2   2   0  -2   1   0  -1  -1  -1  -2    3  10   8   2   1   7   4   3   3   3  16  11   2   2   7   6   3   1   2   3  0.18 0.14
  206 G    -3  -1   0  -2  -4   0  -2  -2   1   2   4  -2  -1   2  -3  -1  -1  -1  -1  -2    3   4   4   3   0   4   3   3   3  10  33   3   1   9   2   6   4   1   2   3  0.39 0.21
  207 L    -1  -2  -1  -2   0  -1  -1  -2  -1   0   3  -1   0  -1  -3   1   1  -2  -1   1    4   2   3   3   2   3   4   4   1   6  26   3   2   3   1  10   9   1   2  10  0.22 0.14
  208 G    -2  -1   1   1  -3   2  -1   4  -1  -4  -2  -1  -4  -2  -4   2   1  -3  -2  -3    3   3   7   7   1   8   5  26   1   1   4   3   0   2   1  14   8   1   1   2  0.42 0.28
  209 E    -2  -1   1   3  -2   0   1  -2  -1   1   2  -2  -2  -1  -1   1   0  -2  -2  -1    3   4   7  15   1   4   9   3   2   8  16   2   1   2   3   9   5   1   2   4  0.19 0.14
  210 R    -1   1   0   0  -2   0   0  -1   1   0   1  -1   0   0   0   0   0  -1  -1  -1    5   7   6   6   1   4   8   5   3   7  16   3   2   3   5   9   5   1   2   4  0.04 0.04
  211 G     0  -1   2   0  -2  -1  -1   1  -1  -1  -1  -1  -2   0   1   2   1  -2   1  -2    8   4   8   5   1   2   4  12   1   3   6   3   1   3   6  13  10   1   5   3  0.12 0.11
  212 L    -2  -3  -1  -2  -4  -2   0  -3  -1   1   4  -2   1   1  -2  -1   0  -2  -3   0    3   2   3   3   0   2   6   3   1   9  36   3   3   5   3   6   5   1   1   5  0.42 0.24
  213 M    -1  -1   0  -1  -2  -1  -2  -2  -1   1   1   0   0   1   3   1   0   1  -1  -1    5   3   4   4   1   3   3   3   2   8  12   5   2   5  16   9   6   2   2   5  0.16 0.14
  214 A     0  -1   1  -1  -2   0   1   0   0  -1   0  -1  -2   1   2   1  -1   1  -2  -2    6   3   6   3   1   4  10   9   2   4  10   3   1   6  11   9   4   2   1   3  0.11 0.11
  215 A     2  -2   2  -1  -2   0  -1   0  -2  -4  -2  -3   1  -2   1   3   2  -1  -4  -2   14   2   8   3   1   4   5   6   1   1   4   2   3   2   8  19  12   1   1   3  0.30 0.26
  216 L    -1  -2  -1  -3  -1  -1  -2  -3  -1   2   3  -1   0   3  -2  -1   0   1  -1   0    6   3   4   2   1   3   3   2   2  10  24   4   2  10   3   6   6   2   2   6  0.23 0.14
  217 C    -2  -3  -1   0   8  -2  -2  -3  -3   1   2  -4  -2   0   0  -1  -2   1  -4  -1    4   2   3   6  23   2   3   3   1   8  19   2   1   4   6   5   3   2   1   4  0.69 0.33
  218 P    -2  -1   0   0  -1   1   0  -1  -1  -1   1  -2  -2   1   4   1  -1  -2   0  -2    3   3   4   5   1   6   6   5   1   3  12   3   1   6  19  11   4   1   4   3  0.24 0.18
  219 H    -1  -1   2   0  -2  -1   0   4   2  -4  -3  -1  -1  -4  -2   0  -2  -2  -2  -3    5   4   9   5   1   3   7  31   5   1   4   5   1   1   2   8   3   1   2   2  0.46 0.27
  220 K    -1   0   0   0   2   0   0  -1   2   0  -1   0   2   1   0  -1   0   4   1  -1    5   5   5   5   5   5   5   5   5   5   5   5   5   5   5   5   5   5   5   5  0.09 0.08
  221 F    -2  -3  -3  -3   0  -3  -3  -3  -1   2   3  -3   3   5  -3  -2  -3   5  -1  -1    4   2   2   2   2   2   3   2   2   9  25   2   6  20   2   3   2   6   2   4  0.63 0.36
  222 P    -2  -1  -1   0  -1   0  -1   0   0  -3  -4   1   0  -2   5   1   1   1  -2  -3    4   4   3   5   1   4   4   7   2   2   2   9   2   2  24  10   8   2   2   3  0.40 0.35
  223 A    -1   0   0   0   2   0   0  -1   2   0  -1   0   2   1   0  -1   0   4   1  -1    5   5   5   5   5   5   5   5   5   5   5   5   5   5   5   5   5   5   5   5  0.09 0.08
  224 I    -6  -8  -9  -9  -2  -4  -4  -6  -9  -1   7  -4   0  -1  -6  -6  -5  -2  -4  -2    1   0   0   0   1   1   2   1   0   3  79   1   2   2   1   1   1   1   1   3  1.87 0.94
  225 Q    -2   3   0  -2  -4   5   1  -4   0  -1  -2   1   0  -3  -2   0   1  -2  -1  -3    3  15   4   2   0  21   9   1   3   4   5   9   2   1   2   6   8   1   2   2  0.44 0.36
  226 N    -2   0   3  -1  -2   0   1  -3   1  -1  -1   0  -2  -1  -5   1   1   0   1   1    3   5  16   3   1   5   9   2   3   3   6   5   1   3   0  12   9   1   6   9  0.23 0.24
  227 L    -4  -5  -3  -9  -1  -3  -9  -9  -2  -2   7  -9  -2  -2  -9  -6  -4  -8  -8  -3    2   1   2   0   1   1   0   0   1   2  82   0   1   2   0   1   2   0   0   2  2.01 0.99
  228 A    -1   1   3   2  -3   0  -1  -3   0  -1  -1   1  -2  -2  -4   2   1  -2   0  -1    4   8  13   9   1   3   4   2   2   4   6   8   1   1   1  15  10   1   3   4  0.21 0.22
  229 L    -3  -3  -3  -5  -3  -2  -3  -4  -2   0   5  -3   1   0  -7  -3   0  -2   0   1    2   2   1   1   0   2   2   2   1   4  52   2   3   4   0   2   6   1   3  10  0.84 0.51
  230 R    -1   1   1  -1  -2   0  -2  -3   0  -1   3  -3  -1  -2  -6   3  -2  -2  -3  -3    5   7   7   4   1   4   2   2   2   4  30   1   1   2   0  21   2   1   1   2  0.42 0.35
  231 N    -4   2   5   3  -4   0  -2   0   3  -5  -1  -1  -3  -2  -4   0  -3  -2   0  -5    1  10  25  15   0   4   2   7   7   1   6   3   1   2   1   8   2   1   3   1  0.62 0.43
  232 T    -2  -7   7  -4  -1  -4  -7  -5  -6   1   2  -2  -1  -3  -7  -1  -3  -8  -7   0    4   0  46   1   1   1   0   1   0   7  21   2   1   1   0   5   2   0   0   6  1.26 0.72
  233 G    -1   1   2  -1  -6   2  -2   1   2  -5  -3   0  -2  -3  -2   4  -3  -1  -1  -5    5   6  10   3   0   9   3  12   4   1   4   5   1   1   2  30   1   1   2   1  0.50 0.41
  234 M    -4  -3   3  -2  -1  -2  -2  -2   2   1   4  -3   2   2  -5  -1  -3   0   1  -3    1   2  12   3   1   2   3   4   5   7  35   1   4   7   1   4   1   1   4   1  0.50 0.35
  235 E    -1  -1   6  -2  -1   0  -1  -2  -1  -2  -3   0  -4  -6  -4   1   2  -1  -4  -3    4   4  37   2   1   5   4   3   1   3   3   6   0   0   1  10  10   1   1   2  0.75 0.51
  236 T    -1  -1   1   0   1   0  -1   2   1   0  -1   0   1  -1  -1   1   1   2   0  -1    5   4   6   6   3   4   3  13   3   5   6   5   4   3   3  10   8   3   3   4  0.07 0.07
  237 P    -6  -6  -1  -1  -6  -1  -1  -2   1   1   3  -2   1   2  -1   0  -1   2   1  -1    1   0   4   4   0   3   4   3   3   7  30   3   3   8   4   7   4   3   4   5  0.37 0.24
  238 T    -1  -1  -1   0   0   0   1   1   1  -1   0   0   0  -1   1   1   0   1  -1  -1    4   4   3   5   2   4   8  10   4   4   9   5   2   3   8  10   7   2   2   5  0.06 0.07
  239 G     0  -2  -1  -1  -6   1   0   3  -1  -3  -4   0  -2  -3   1   1   2  -2  -2  -3    6   2   3   4   0   5   7  21   1   1   2   7   1   2   8  11  10   1   2   3  0.27 0.27
  240 V    -1  -2  -2  -2  -2  -1   0  -3  -1   3   2  -3   0  -1  -2   0   0  -1  -3   3    5   2   3   3   1   3   5   2   1  17  18   2   2   3   3   7   5   1   1  16  0.26 0.20
  241 C    -1  -4  -2  -2   4  -3  -2  -2  -2   2   0  -3  -2  -1   5   0  -1  -2  -4  -1    6   1   3   3   7   2   3   4   1  12   9   2   1   3  23   8   4   1   1   5  0.42 0.35
  242 A     1   1  -1  -1  -2   1   1   0  -2  -2  -4   0  -2  -3   3   1  -1   0  -2  -2   11   7   4   4   1   6   8   6   1   3   2   5   1   1  15  11   5   1   2   3  0.19 0.24
  243 A     0  -1   1   0  -1   2   1   1   0  -1  -1   0  -1   0  -1   1  -1   0  -2  -2    9   3   6   5   2   8  10  11   2   3   6   5   1   4   3  11   3   1   2   3  0.07 0.12
  244 L    -1  -4  -3  -3  -2  -3  -2  -4  -2   2   4  -5   1   1  -4  -1   0   0  -3   1    6   1   2   2   1   1   3   2   1  11  33   1   4   6   1   5   6   1   1  10  0.46 0.32
  245 A     0  -1  -3  -3  -1  -1  -3   1  -2   0   1  -4  -1   5  -3   1   0   0  -3  -2    7   4   2   2   1   3   2   9   1   6  15   1   1  20   2   9   6   1   1   4  0.31 0.26
  246 A    -1   0   2  -1  -1   0   0   1   2  -3  -2   0  -2  -1  -3   2   1  -1  -2  -3    6   4   9   4   2   4   5  11   4   2   5   6   1   2   1  17   8   1   1   2  0.16 0.22
  247 A    -1   0   2  -1  -2  -1  -2   1   1  -1   2  -1   0  -1  -2   0   0  -2  -2  -3    6   5  10   3   1   3   3  10   3   4  22   5   2   2   2   6   5   1   1   2  0.13 0.16
  248 G    -3   0   1  -4   4  -1  -3  -2   1  -3   4   0   4  -1  -2  -1  -1   0  -2  -3    3   5   6   1   6   3   2   4   3   1  31   5   7   3   3   6   3   1   2   2  0.40 0.31
  249 V    -2   1   0  -1  -3   0   0  -3  -1  -1  -2   2  -4  -3   2   1   1  -2   0   0    4   8   5   4   1   4   5   3   2   3   5  11   0   2  12  11   9   1   3   6  0.16 0.18
  250 Q    -2   1   3  -3  -6   2  -2  -3   2  -5   2   1  -1  -4  -4   3  -1  -3  -3  -4    3   7  14   1   0   8   3   2   4   1  17   9   2   1   1  17   4   0   1   2  0.42 0.33
  251 P    -6  -5  -7  -5  -5  -3  -6 -10  -5  -2   7  -4  -1  -4  -5  -4  -3  -9  -5  -2    1   1   0   1   0   1   1   0   0   2  76   1   1   1   1   2   2   0   0   3  1.83 0.96
  252 H    -3   2  -1  -3  -4   4   3  -4   5  -1  -3   1  -2  -5  -7  -1   2  -4  -2  -2    3  10   3   2   0  15  16   1  11   3   3   7   1   1   0   5  12   0   2   3  0.56 0.43
  253 S    -1   0   0  -1  -5  -1   1  -4   4   0   0  -1  -1  -1  -4   1   2   0   2   1    4   6   5   3   0   3   9   2   8   4   9   4   2   3   1  10  11   1   6   9  0.20 0.17
  254 L    -7  -9  -5  -5  -9  -9  -6 -10  -9   0   7  -9  -2  -5  -6  -9  -6  -9  -9  -2    1   0   1   1   0   0   1   0   0   4  85   0   1   1   1   0   1   0   0   3  2.36 1.13
  255 D    -5  -4   3   8  -6  -4  -4  -5   1  -3  -6  -4  -9  -4  -6  -3  -5  -2   0  -4    1   1  11  63   0   1   1   1   3   2   1   1   0   1   1   3   1   1   3   2  1.91 1.00
  256 L    -4  -9  -5  -5  -5  -9 -10 -10  -5   2   6 -10   2  -3 -10  -6  -9  -9  -6   1    2   0   1   1   0   0   0   0   0  11  69   0   4   1   0   1   0   0   0   8  1.86 0.92
  257 S    -2  -2  -1  -2  -2  -2  -2  -2   1  -4  -3  -4  -6  -7  -4   7  -3  -1  -3  -4    3   3   3   3   1   2   3   3   3   1   3   1   0   0   1  65   1   1   1   1  1.41 0.84
  258 H    -2   2   2  -1  -1   1  -1   0   5  -4  -1  -1  -1   0  -5   1  -2  -1   2  -3    2  11   9   4   1   6   5   8  15   1   6   4   2   4   0  11   2   1   7   2  0.35 0.28
  259 N    -3  -8   9  -3   0  -8  -8  -4  -1  -8  -3  -3  -8  -8  -8  -2  -2  -8  -8  -4    2   0  75   2   2   0   0   2   2   0   3   2   0   0   0   3   3   0   0   2  2.56 1.15
  260 S    -2   1   4  -1  -2   3  -2   0   1  -5  -3   0   0  -3  -1   2  -1   1  -2  -4    3   8  15   4   1  13   3   7   3   1   3   6   2   1   3  14   4   2   2   2  0.33 0.31
  261 L    -4  -9  -2  -9   0  -9  -9  -3   0   2   5  -9   0   4  -3  -9  -8  -8   0  -2    2   0   2   0   2   0   0   3   2  10  48   0   2  14   2   0   0   0   3   3  1.18 0.66
  262 R    -2   0   1  -1   1   0  -1  -1   2  -1  -2  -1   1  -2  -3   3   2   0  -1  -1    4   6   5   3   3   5   5   6   5   3   4   4   4   2   2  17  10   2   2   4  0.12 0.18
  263 A    -1   0  -1   1   0  -2  -1   4   0  -1  -2  -2  -1  -2  -3   1   0   0  -1  -3    5   5   3   7   2   2   5  27   2   3   4   2   2   2   2   9   6   2   2   2  0.24 0.24
  264 T    -2  -2   0  -2  -1   0  -1  -1   0   3   2  -2   2  -1  -1   0   2  -6  -2   0    3   2   4   3   2   4   4   5   2  14  16   2   5   3   3   7  10   0   1   5  0.13 0.15
  265 V    -1  -3  -2  -1  -3  -1  -1  -1  -1   4   1  -3  -2   0   3   0  -2  -1  -3   0    6   2   3   4   1   3   5   5   2  19  13   2   1   4  13   6   3   1   1   6  0.25 0.18
  266 N    -1  -2   1   1  -2  -1  -1  -1   0  -2  -1  -1  -2  -1   5   0  -1  -5  -2  -3    5   3   6   6   1   3   4   5   2   3   7   3   1   3  29   8   4   0   2   2  0.45 0.33
  267 P    -1  -1   0   2  -2   0   0   0  -1  -2  -2   0  -2  -2   3   2  -1   0  -1  -3    6   3   4  11   1   4   6   8   1   3   5   5   1   2  15  13   4   1   2   2  0.20 0.19
  268 S     0  -1   0   1  -1  -1   0   0  -1  -1  -1  -2  -2  -2  -2   3   0   1  -3   0    9   3   4   7   2   3   6   7   1   3   6   3   1   2   2  22   6   2   1   6  0.15 0.16
  269 A    -1  -4  -2  -3  -3  -2  -3  -3  -2   2   3  -4   1   3   3  -1  -3   0  -2   0    6   1   2   2   1   2   2   3   1   9  22   1   3  12  16   5   2   1   1   6  0.44 0.28
  270 P     0  -1  -1   0  -2  -2   0   2  -2  -2  -2   0   1  -1   3   2   0  -1  -3  -2    9   3   3   5   1   2   7  13   1   2   5   5   3   3  12  14   5   1   1   3  0.17 0.17
  271 R     0   0   3   0  -2   0   1  -1   0  -2  -2   0  -1  -1  -2   2   0  -1   0  -2    8   6  13   6   1   4   8   6   2   2   5   6   2   2   2  13   6   1   4   3  0.16 0.15
  272 C    -4  -5  -4  -4   7  -4  -5  -5  -2   1   4  -5   1   4  -5  -3  -3   2  -3  -2    2   1   1   1  19   1   1   1   1   7  34   1   3  14   1   3   2   2   1   3  1.14 0.56
  273 M    -1   0  -1  -1  -2   2   0   0   1  -1   0   0  -1  -1   0   2   1  -2  -2  -1    5   5   3   3   1   8   6   7   3   4   9   5   1   3   4  16  10   1   1   5  0.10 0.12
  274 W    -1   0   2  -2  -1   1  -2  -1   0  -3  -1   0  -2  -2  -3   2   0   7   1  -3    6   4   8   3   1   6   3   6   3   2   6   6   1   2   2  15   5  15   4   2  0.47 0.31
  275 S    -3  -2  -3  -4  -1  -2  -4  -4  -3  -1   5  -3   2  -1   2  -2  -3  -6  -6  -3    3   2   2   1   2   2   1   2   1   3  52   2   4   3  11   4   2   0   0   2  0.96 0.52
  276 S    -1   0  -1  -2  -2   2   1  -3  -2  -2  -1   1  -2  -2   2   2   3  -1  -3  -1    4   5   3   2   1   9  10   2   1   2   7   8   1   2   9  13  15   1   1   5  0.24 0.24
  277 A     0   1   3  -1  -2   0   0  -3   1  -3  -3   1  -2  -1  -2   3   1  -1  -1  -1    7   7  12   3   1   5   6   3   3   2   4   8   1   3   2  18   9   1   3   4  0.25 0.23
  278 L    -6 -10  -4 -11  -2 -10 -11 -11 -11   0   7 -10  -1  -2  -5 -10 -10 -10 -10  -3    1   0   1   0   1   0   0   0   0   5  84   0   2   2   1   0   0   0   0   3  2.38 1.14
  279 N    -2   4   2   0  -8   2   1  -4   1  -3  -1   2  -2  -3  -7   1   0  -2  -1  -1    3  18  10   6   0   9   8   1   3   2   6  10   1   2   0   9   6   1   2   4  0.39 0.30
  280 S    -2  -1  -1  -3  -3  -2   0  -4   2   1   3  -2   0   0  -7   0   0   1   3   1    3   3   3   2   1   2   6   2   4   6  27   3   2   4   0   7   6   2   9   8  0.35 0.24
  281 L    -2  -3  -1  -3  -2  -2  -4  -4  -2  -2   6  -5  -1  -1  -6   1  -5  -3  -4  -2    4   2   3   2   1   2   2   2   1   3  55   1   1   2   1  12   1   1   1   3  1.02 0.59
  282 N    -6  -1   7   4  -1  -2  -3  -1   2  -3  -5  -2  -3  -4  -9  -1  -3  -2   1  -5    1   4  42  17   1   2   2   5   4   2   2   3   1   1   0   6   2   1   5   1  1.23 0.69
  283 L    -3  -9   6  -5  -2  -5  -9  -7  -9   0   5  -9   1  -3 -10  -4  -5 -10  -9  -3    3   0  29   1   1   1   0   1   0   4  50   0   3   1   0   2   1   0   0   3  1.63 0.83
  284 S    -1   0   2  -2  -3   1  -2  -3   2  -5  -3   0  -2  -5  -6   6  -3  -4  -2  -7    6   6  10   2   1   5   3   3   4   1   3   5   1   1   1  45   2   0   2   1  0.93 0.62
  285 F    -3   0   3   0  -3  -2  -3  -1   3   0   2  -3  -3   4  -8   1  -5  -2   2  -4    3   6  11   5   1   2   2   6   7   6  16   2   1  14   0  12   1   1   5   1  0.45 0.30
  286 A    -2  -5   7  -4   1  -3  -3  -5  -4  -4  -7  -4  -4  -1  -9   2   3  -3  -4  -4    4   1  50   1   3   2   2   1   0   1   1   2   1   2   0  12  14   1   1   2  1.56 0.86
  287 G    -2   1   1  -2  -3   4  -1   4  -1  -4  -4   2  -2  -3  -5   0  -4  -4  -2  -4    4   7   6   3   1  15   5  28   2   2   2  11   1   1   1   6   1   0   2   2  0.60 0.41
  288 L    -4  -5  -3  -5  -8  -3  -3  -4  -2   4   5  -5  -2   1  -2  -2  -2  -8  -4  -1    2   1   2   1   0   2   2   2   1  21  46   1   1   5   2   4   3   0   1   4  1.03 0.55
  289 E    -2  -1   0   1  -3  -1   1  -4   0   3  -2   0  -1  -2   1   1   2  -4  -3  -1    3   4   4   7   1   3   9   2   2  13   5   5   1   2   7  12  14   0   1   5  0.23 0.21
  290 Q    -1  -1   0   0   1   0   0   0   1  -2  -2   0   0  -1   4   1  -1   2   0  -2    4   4   5   5   3   4   7   7   3   3   5   5   3   3  18   9   4   2   3   4  0.20 0.20
  291 V    -1  -2  -1  -1   1  -1  -2  -2   1   2   2  -1   1   0  -1  -1  -1   3   0   1    5   3   3   3   3   3   3   4   3  11  18   3   3   5   4   6   5   4   3  10  0.14 0.10
  292 P    -1  -3  -2   0  -1  -2  -1  -3   1  -1  -1  -3  -1   0   5   1   2   2  -2  -2    5   2   3   5   1   2   5   3   3   4   6   2   2   4  28   9  10   3   1   3  0.50 0.41
  293 K    -1  -1  -1   0  -1  -1   0  -1   0   1   1  -1   0   3   1   0   0   1  -1  -1    5   3   3   5   2   2   6   5   2   9  12   4   2  11   8   7   5   2   2   3  0.08 0.08
  294 G     0  -2   0   1   5  -1   0   3  -1  -4  -3  -2  -7  -2  -1   2  -1   1  -3  -3    8   3   4   8  11   3   5  21   2   1   3   3   0   2   3  13   4   2   1   2  0.40 0.31
  295 L    -2  -1   2  -1  -2   0  -3  -2  -1   2   3  -1   0   1  -4   0  -2   0  -1  -1    4   3   8   4   1   5   2   3   2  10  29   4   2   5   1   6   3   1   3   4  0.30 0.22
  296 P    -3  -4  -3  -4  -1  -4  -5  -3  -3  -2   4  -5   4   0   4  -1  -2   0  -4  -3    3   1   2   1   2   1   1   2   1   2  39   1   9   4  19   6   2   1   1   2  0.89 0.57
  297 A     0   1  -2  -3  -2   2  -2  -2  -1  -3  -3   1  -2  -4   3   2   2  -2  -3  -2    8   7   2   2   1   9   3   4   2   2   3   9   1   1  15  14  12   1   1   3  0.35 0.33
  298 K    -2   0   5  -2  -3   0  -1  -2   2  -6  -3   2  -2  -4  -4   3   1  -3  -2  -6    4   5  23   3   1   5   4   4   4   1   3  12   1   1   1  19   8   1   2   1  0.62 0.41
  299 L    -5  -9 -10 -10   0  -9 -10 -10 -10   0   7 -10  -1  -2  -5  -6  -5  -9  -9  -2    1   0   0   0   2   0   0   0   0   4  82   0   2   2   1   1   1   0   0   3  2.24 1.01
  300 R    -4   4  -3  -3  -9   4   4  -6   0  -3  -3   1  -2  -4  -8  -1   0  -1  -4  -2    2  18   2   1   0  17  23   1   2   2   4   9   1   1   0   5   7   1   1   4  0.77 0.50
  301 V    -3  -1  -1  -2   1   0   1  -4   3   1  -2  -2   0   0  -7   0   1  -1   2   3    3   4   3   3   3   4   8   2   7   8   3   3   2   4   0   7  10   1   5  21  0.34 0.23
  302 L    -5 -13 -14 -14 -12 -12 -13 -14 -13   0   7 -13   0  -1 -13 -13 -11 -12 -11  -1    1   0   0   0   0   0   0   0   0   5  84   0   2   3   0   0   0   0   0   5  2.49 1.13
  303 D    -6  -2   3   7  -4  -3  -5  -7  -1  -5  -7  -5  -4  -1 -11  -1  -3   0  -1  -4    1   3  12  61   0   2   1   1   1   1   1   1   1   3   0   5   2   1   3   2  1.85 0.89
  304 L    -5 -12 -13 -14  -3 -12 -13  -7 -13  -1   7 -12   0  -2 -13  -6  -6 -12 -11   1    2   0   0   0   1   0   0   1   0   3  79   0   2   2   0   1   1   0   0   8  2.21 0.97
  305 S    -1   1  -2  -2  -5   0  -4  -2   0  -6  -9  -5  -6  -7  -6   7  -4  -2  -4  -7    5   7   2   2   0   4   2   4   2   1   0   1   0   0   1  65   1   1   1   1  1.65 0.90
  306 C    -2   0   4   1   1  -1  -2   1   5  -7  -4  -2  -3   1  -9   2  -6  -1   3  -6    3   6  17   8   3   3   4  10  13   0   3   3   1   5   0  12   1   1  10   1  0.67 0.40
  307 N   -11 -11   9  -9  -2 -10 -11 -11 -10  -6  -7  -6 -12 -12 -12  -6  -5 -13  -5 -12    0   0  93   0   1   0   0   0   0   1   1   1   0   0   0   1   1   0   1   0  3.72 1.54
  308 R    -2   3   3   0  -8   4  -2  -3   3  -6  -1   3  -2  -2  -3   0  -4  -8  -1  -5    4  16  13   5   0  15   3   2   5   0   7  15   1   2   2   7   1   0   2   1  0.58 0.39
  309 L    -7 -10  -2 -11  -9 -10 -10  -7 -10   4   6  -6  -1   3 -10  -5  -9  -9  -8  -4    1   0   2   0   0   0   0   1   0  20  61   1   2  11   0   1   0   0   0   1  1.81 0.82
  310 N    -2   1   2   0  -4   1   0  -2   2  -3  -4   0  -1  -4  -2   3   3  -7  -3  -2    3   7  10   6   0   6   5   3   5   1   2   6   2   1   2  19  20   0   1   3  0.43 0.35
  311 R     0   0  -1   0  -2  -2   1   4   0  -3  -3  -2  -2  -2  -5   2   1  -7  -3  -1    7   6   3   5   1   2   8  30   2   2   3   3   1   2   0  13   7   0   1   4  0.40 0.30
  312 A    -1  -4  -1  -3  -3  -2  -2  -3  -3   2   3  -3   0   2  -2   0  -1  -1  -3   2    5   1   3   2   0   2   3   2   1  12  29   2   2   9   2   7   4   1   1  14  0.39 0.25
  313 P    -4  -3   0  -3  -8  -2  -5  -4  -1   2  -4  -4  -3  -5   7  -1   1  -8  -5  -3    2   2   5   2   0   2   1   2   2  12   2   1   1   1  51   5   8   0   1   2  1.37 0.75
  314 Q     0   0  -1  -2  -3   2   0  -3  -3   2   0  -1  -2   0   0   3   0  -3  -3   0    7   4   3   3   1   9   7   2   0  12   9   3   1   4   4  19   6   0   1   6  0.18 0.20
  315 P    -1  -4  -2  -1  -1  -3  -1  -3  -2   3   3  -2   0   1   3  -2  -2  -2  -3  -1    6   1   2   4   1   1   4   3   1  13  24   3   2   7  17   3   2   1   1   4  0.39 0.27
  316 D     0   0   0   1  -1  -1   1   2   2  -1  -1   0  -2   0  -2   1   0   1  -1  -2    9   6   4   8   1   3   8  15   4   3   5   5   1   4   1  10   5   2   2   3  0.11 0.11
  317 E    -1   1   4   0  -4   3   2  -1   2  -4  -2   0  -4  -2  -1   2   0  -7  -2  -4    4   7  16   4   0  11  11   5   5   1   4   6   0   2   3  12   5   0   1   1  0.33 0.28
  318 L    -4  -4  -3  -7   0  -3  -5  -5  -4  -1   6  -5   2   2  -4  -3  -3   1  -2  -2    2   1   2   0   2   2   1   1   0   3  62   1   4   8   1   3   2   2   1   2  1.25 0.65
  319 P    -2  -2  -2  -4  -4  -1  -2  -2   0  -3  -4  -1  -3  -4   6   1   2  -2  -3  -2    4   3   2   1   1   3   3   4   3   2   3   4   1   1  40  10  12   1   1   3  0.90 0.58
  320 E     0   1   3  -1  -3   2   0  -2   1  -4  -3   2  -1  -1  -4   3  -2  -4  -1  -4    9   6  15   3   1   9   6   3   3   1   3  10   1   3   1  21   2   0   2   1  0.38 0.32
  321 V    -4 -10 -11 -11  -5  -7  -6  -8 -10  -1   7 -10   0  -3  -7  -7  -7  -9  -6  -2    2   0   0   0   0   0   1   0   0   3  86   0   2   1   0   0   0   0   0   3  2.25 1.04
  322 D    -2   4   0  -2  -7   4   2  -4   0  -4  -4   2  -1  -3  -4   0   1  -3  -3  -2    3  21   4   2   0  15  14   1   2   1   2  11   2   1   1   7   8   1   1   4  0.55 0.40
  323 N    -1   1   0   0  -4   0   3  -3   2  -1  -3  -1  -2   0  -5   1   1   0   2   1    5   6   5   4   0   3  19   2   5   4   2   4   1   3   0   9  10   1   6   9  0.26 0.24
  324 L    -7 -10 -11 -11  -5 -10  -7 -11 -10   0   7 -10   0  -3 -11  -7  -5  -9  -5  -2    0   0   0   0   0   0   0   0   0   5  87   0   2   1   0   0   1   0   0   2  2.37 1.08
  325 T    -3  -1   3   5  -4  -1  -2  -4   3  -2  -3  -3  -4  -1  -7   0  -1   0   4  -3    2   4  15  30   0   3   2   1   7   2   3   1   1   2   0   8   4   1  11   2  0.79 0.49
  326 L    -5  -9 -10 -11  -4  -9 -10 -11 -10   2   6 -10   0   0 -10  -9  -6  -9  -3   0    1   0   0   0   0   0   0   0   0   9  76   0   2   3   0   0   0   0   1   6  2.01 0.93
  327 D     0   0   1   2  -5  -1   0  -3  -1  -7  -6  -2  -5  -5  -6   5  -1  -3  -3  -6    9   5   6  11   0   3   7   3   2   0   1   2   0   1   0  45   3   1   1   0  0.94 0.62
  328 G    -3   0   4   0  -5  -2  -1   4   4  -6  -6  -2  -3  -1  -7   1  -3  -3   0  -6    2   5  20   5   0   2   4  30   8   1   1   2   1   3   0  10   1   0   4   0  0.81 0.50
  329 N    -8  -9   9  -7  -4  -6  -9  -9  -4  -8  -8  -7 -11  -7 -11  -6  -5 -12 -11  -6    0   0  95   0   1   0   0   0   0   0   0   0   0   0   0   1   1   0   0   1  3.62 1.55
  330 P    -2   3   2  -2  -4   3  -1  -3   0  -5  -3   2   0  -4   4   1  -2  -8  -4  -6    3  13   8   2   0  14   4   2   3   0   3  12   2   1  18  11   2   0   1   0  0.60 0.44
  331 F    -7  -6  -6  -7  -8  -8  -9  -7  -6   2   5  -7  -1   6  -9  -8  -7  -1  -3  -4    0   1   0   0   0   0   0   0   0   9  57   0   2  26   0   0   0   1   1   1  1.77 0.82
  332 L    -2  -2  -1  -3  -3  -1  -1  -3  -1   1   2  -1   1  -3  -4   1   4  -6  -3   0    3   2   3   1   0   3   4   2   1   7  16   4   4   1   1  10  30   0   1   8  0.43 0.34
  333 V    -1   0  -1   2   0   1   0   2  -1  -1  -1  -1  -2  -3   0   1   2  -3  -2  -2    4   5   2  12   2   6   6  17   2   3   7   3   1   1   5   8  11   0   1   3  0.16 0.17
  334 P    -3  -4  -4  -2  -6  -2  -3  -3  -5   0   3  -4  -2  -1   6   0  -3  -3  -5  -1    2   1   1   3   0   2   2   3   0   6  28   1   1   3  34   7   1   0   0   4  0.84 0.51
  335 G    -2  -4  -3  -2  -1  -2  -1   2  -4   0   0  -3  -2  -3   6   1  -1  -3  -4  -4    3   1   1   2   1   2   4  16   1   6   8   1   1   1  37   9   3   0   1   1  0.78 0.50
  336 T     2  -2  -1   2  -3  -1   0   2  -2  -1  -2  -1  -4  -3   2   0   0  -2  -2  -1   16   2   2  11   0   2   7  15   1   4   4   3   0   1  11   8   5   1   2   5  0.20 0.19
  337 A     2  -1   0   0  -1   0   1   1   0  -2  -1  -1  -2  -1  -2   3  -1  -1  -3  -2   15   4   5   4   1   3   9  12   2   2   8   2   1   2   1  22   3   1   1   3  0.20 0.21
  338 L    -2   0  -3  -3  -2  -1  -2  -4  -3   3   4  -2   2   3  -4  -1  -3   0  -2  -1    3   5   1   1   1   3   3   1   0  14  34   2   4  13   1   4   1   1   1   4  0.50 0.32
  339 P    -1   1  -2  -3  -1  -1  -2   0   1  -3   0  -1  -3   0   5   1  -1  -3  -2  -2    5   7   2   1   1   3   2   9   3   1  10   4   1   5  28  10   4   0   1   2  0.44 0.33
  340 H    -3   0   4   0  -2   4   2  -2   6  -4  -4   0  -3  -3  -3   0  -1  -6  -2  -4    2   5  17   4   1  17  12   3  15   1   2   5   0   1   1   6   4   0   1   1  0.64 0.43
  341 E    -2  -1  -1  -2  -2   0   1  -3  -4   0   4  -2   1  -1  -3   1  -1  -6  -3  -3    3   3   3   2   1   5   9   3   0   4  41   3   4   3   2  11   3   0   1   1  0.45 0.35
  342 G    -1  -1   0  -1   0   1   1   1  -1  -2  -1   0  -2  -1  -2   1   2  -3  -2  -2    4   3   4   4   2   8  11  11   2   2   8   4   1   3   2  13  15   0   1   3  0.15 0.18
  343 S    -1   1   2  -1  -3   0  -2  -2  -1  -3  -2   1  -2  -1   2   2   2  -3  -1  -1    5   7   9   3   1   5   1   3   1   1   4  10   1   3  10  17  13   0   3   3  0.23 0.24
  344 M    -3  -3  -3  -2  -1  -3  -1  -5  -4  -1   5  -1   2   3  -5  -2  -5  -2  -1  -3    2   1   1   2   1   1   5   1   0   2  54   4   4  12   1   3   1   1   2   1  0.90 0.52
  345 N    -3   1   5   2  -3   1   0  -1  -1  -3  -3   0  -5  -3   1   1   0  -6  -4  -5    1   6  29  10   1   7   7   4   1   1   3   4   0   1   8  10   6   0   1   0  0.55 0.39
  346 S     1  -1  -1  -1   3  -1  -2  -2  -3  -1   0  -2   0  -2  -2   3   2  -2  -3  -1   12   3   2   3   7   3   3   3   0   2  12   2   2   2   2  27  11   1   1   4  0.29 0.28
  347 G    -1  -1   1  -1  -3  -2  -3   5  -1  -3   1  -2  -1  -3  -3   1  -1  -5  -5  -3    5   3   6   3   0   1   1  40   1   1  16   2   1   1   1  12   3   0   0   2  0.57 0.37
  348 V    -1  -1   1   0  -3  -2  -1   1  -1   1   1  -1   2  -1  -2   0  -1   0  -1   2    4   3   7   4   0   1   3  14   1   9  12   3   6   2   1   6   4   1   2  17  0.10 0.13
  349 V    -2  -3   3  -2  -3  -3  -3  -4  -4   3   2  -4   0  -1  -2  -3  -2  -5  -3   3    3   1  17   2   0   1   1   1   0  15  23   1   2   3   2   2   2   0   1  24  0.52 0.35
  350 P    -2  -3   0   0  -2   0  -4  -2  -3  -3  -1  -2  -4  -2   5   2   2  -6  -3  -3    3   2   5   5   1   4   0   3   1   2   7   2   0   2  33  17  13   0   1   1  0.71 0.46
  351 A     2  -1   0  -2  -3  -1  -1   0   2   0   1  -1  -1  -1  -2   2   0  -4  -2  -1   19   2   5   1   0   2   3   7   6   4  17   3   1   3   2  18   4   0   1   3  0.17 0.20
  352 C    -1   1   3  -1   5  -1   0   2  -2  -2  -1   0  -1  -4  -2   0   0  -2  -2  -1    5   7  15   2  16   2   6  14   1   1   6   5   2   0   2   6   4   1   1   4  0.30 0.24
  353 A     1  -1   1  -1  -1   1   0   3   0   0  -1  -1  -1   0  -1   0  -1   0  -1  -2   11   2   7   3   1   9   6  22   2   5   8   3   2   4   2   6   2   1   1   2  0.13 0.14
  354 R    -2   3   1  -3  -1  -2  -1  -2  -1  -3   1  -1  -3  -1   4   1  -1  -1  -1  -1    3  15   6   1   1   1   4   3   1   1  13   3   0   3  24  12   3   1   3   4  0.40 0.32
  355 S     0  -1   1  -2  -4  -2  -1  -1  -3   1   1  -1  -1  -2  -1   3   1   0  -2   0    6   4   8   2   0   1   4   4   0   9  15   4   1   1   3  24   8   2   1   5  0.18 0.22
  356 T     1  -3   0  -3  -5  -2  -3  -3  -2  -3  -1  -3   0  -5   5   2   3  -6  -1  -3   12   1   5   1   0   2   1   1   1   1   6   1   3   0  27  18  17   0   2   1  0.65 0.45
  357 L    -1  -1   0  -2  -1   2  -2  -3  -2   1   3  -3   1   1  -2   0  -1  -1  -2  -1    5   3   4   2   1  13   2   2   1   7  34   1   4   6   2   7   3   1   1   3  0.27 0.26
  358 S     2   0  -1   0   2   0  -2  -1  -4  -1  -1  -2  -3  -2   3   2   0  -5  -4  -1   20   5   2   5   4   5   2   4   0   3   5   2   0   2  14  19   5   0   0   4  0.29 0.27
  359 V     1  -1  -1  -2  -1  -1  -1  -2  -1   2   2  -2  -1   1  -1  -2  -1   1   0   2   12   4   4   1   1   3   3   3   1  15  19   2   0   5   2   1   4   2   2  16  0.14 0.16
  360 G     2  -2   1   0   0   1  -2   4   0  -5  -3  -1  -4  -5  -3   1  -2  -5  -5  -2   18   2   6   4   2   8   2  37   2   0   3   3   0   0   1   9   2   0   0   3  0.57 0.37
  361 V     0  -1  -2  -3  -3  -1  -2  -3  -4   3   2  -3   2   1  -3  -1  -1  -4  -3   3    9   3   2   1   0   3   2   1   0  16  20   0   5   6   1   5   4   0   0  22  0.32 0.25
  362 S     1  -2  -1  -2   2  -3  -1  -1  -1  -3  -1  -2  -1   2   0   4   1  -4  -2  -3    9   1   2   2   4   0   4   5   1   1   5   2   1   9   4  39   9   0   1   0  0.43 0.35
  363 G     0  -3   0  -2  -5  -2  -1   6   0  -5  -4  -3  -2  -3  -1   0  -4  -5  -2  -3    8   1   3   2   0   1   4  59   2   0   1   1   1   1   2   8   0   0   1   2  0.99 0.48
  364 T     1  -2   3  -2  -3   0  -2  -1   1  -1  -2  -2  -3  -4   0   3   3   1  -3  -1   10   1  15   0   0   4   1   3   4   3   3   2   0   0   3  24  20   2   0   4  0.38 0.30
  365 L    -3  -2  -5  -5  -4  -1  -2  -6  -1   1   5  -4   1   2  -3  -2  -2  -4   1  -1    2   3   0   0   0   3   3   0   1   8  55   0   3   9   1   3   2   0   4   3  0.68 0.38
  366 V     2  -1  -1  -3  -3   2  -1  -1   0   0   0  -1   2  -1   0   0   1  -4  -3   0   26   3   1   0   0  11   3   5   2   5   9   3   6   2   4   4  11   0   0   5  0.16 0.19
  367 L     0   0   0  -3   1  -1  -1  -3  -3   1   3  -1   1  -1  -1   0   0  -3   0   1    6   6   5   0   3   3   3   0   0   6  32   2   3   2   3   7   6   0   4   9  0.15 0.16
  368 L    -2  -4  -5  -3   0  -2  -4  -3  -4   1   5  -4  -1   2  -5  -2   1  -4  -1  -1    2   0   0   2   2   2   0   2   0   5  61   0   0   7   0   3  10   0   2   2  0.73 0.40
  369 Q    -1   0   0  -2   2   3   1  -2  -2  -1   2   1  -1  -1   0  -1   0  -4  -3  -2    3   3   5   0   6  20  11   3   0   2  22   8   0   3   5   2   7   0   0   0  0.21 0.21
  370 G     1  -4   1  -3  -4  -1  -3   6  -4  -5  -3  -3  -4  -2   0   0  -1  -5  -4  -4   12   0   7   0   0   2   0  60   0   0   2   0   0   2   5   6   2   0   0   0  0.95 0.38
  371 A     0  -3  -1   1  -2  -2  -2  -1   0   0   2  -2   0  -2  -1   0   1   2  -2   2   10   0   3   9   0   0   0   4   3   4  26   0   0   0   3   8   9   3   0  17  0.13 0.14
  372 R    -1   6   0  -3  -4   1   0  -1  -2  -1  -2   2  -3  -4  -3   0  -2  -4   0  -3    3  52   3   0   0   3   6   3   0   4   4  10   0   0   0   8   0   0   3   0  0.67 0.29
  373 G     0  -3  -2   0  -3   0  -1   4  -3   1   0  -2  -2  -3  -3   1   0  -4  -3  -2    3   0   0   4   0   4   4  42   0  12  10   0   0   0   0  16   5   0   0   0  0.40 0.19
  374 F    -3  -4  -4  -5  -4  -4  -4  -5  -2  -1   3  -4  -1   7  -5  -4  -3  -1   4  -2    0   0   0   0   0   0   0   0   0   0  29   0   0  53   0   0   0   0  18   0  1.09 0.29
  375 A     4  -2  -1  -2  -1  -1  -1   1  -2  -2  -3  -1  -2  -3  -1   3   0  -3  -2  -1   61   0   0   0   0   0   0  10   0   0   0   0   0   0   0  29   0   0   0   0  0.49 0.11

                      K         Lambda
Standard Ungapped    0.1337     0.3187
Standard Gapped      0.0374     0.2670
PSI Ungapped         0.1223     0.3178
PSI Gapped           0.0374     0.2670
