
Last position-specific scoring matrix computed, weighted observed percentages rounded down, information per position, and relative weight of gapless real matches to pseudocounts
            A   R   N   D   C   Q   E   G   H   I   L   K   M   F   P   S   T   W   Y   V   A   R   N   D   C   Q   E   G   H   I   L   K   M   F   P   S   T   W   Y   V
    1 M    -3  -4  -5  -6  -4  -3  -4  -5  -4  -1   2  -4   9  -2  -5  -4  -3  -4  -3   0    0   0   0   0   0   0   0   0   0   0  18   0  77   0   0   0   0   0   0   5  1.76 0.54
    2 L     0  -4  -4  -2   1  -3  -4  -2  -4   0   3  -4   5   1  -4  -3   0   6  -2  -1    9   0   0   2   3   0   0   3   0   2  35   0  22   6   0   0   5  13   0   0  0.64 0.33
    3 A     1  -3  -1  -1  -3  -1  -1  -1   0  -2   0  -2   0  -3  -1   4   0  -4  -3  -1   14   0   2   2   0   2   2   4   3   0  13   0   3   0   2  43   5   0   0   4  0.37 0.29
    4 V     2  -1  -2  -3   0  -2  -3  -3   0   0  -1  -2   2  -3   0   3   1  -4  -3   2   16   4   0   0   2   0   0   0   3   6   4   0   6   0   4  32   6   0   0  18  0.35 0.31
    5 G     0   0  -2  -3   0  -1  -2   3  -3  -3  -1  -2   0  -4  -2   2   3   3  -3  -2    7   6   0   0   2   2   2  27   0   0   6   0   2   0   2  19  20   4   0   2  0.43 0.32
    6 C     1  -2  -5  -5   9  -4  -1  -5  -5  -2  -2  -2  -4  -2   3  -2  -1   3   0  -1   13   2   0   0  42   0   5   0   0   2   3   2   0   2  14   1   3   4   3   4  1.16 0.54
    7 A     2  -1  -1  -3   0  -1  -3  -1  -3  -1   0  -3   0  -1  -2   3   2   0  -3   1   20   3   3   0   2   3   0   3   0   1   9   0   3   2   1  26  11   1   0  10  0.29 0.29
    8 L    -1  -5  -4  -5   1  -4  -5   3  -5   1   3  -3   0   0  -3  -2  -1   0  -2   1    3   0   0   0   3   0   0  25   0   8  35   1   2   3   1   2   3   1   1  12  0.52 0.36
    9 L    -3  -5  -6  -3  -1  -5  -3  -6  -5   1   5  -3   2   1  -2  -3  -1  -1  -4   2    1   0   0   1   1   0   2   0   0   5  59   1   4   5   2   1   3   1   0  13  0.88 0.50
   10 A     1  -2   0  -2   4  -2  -2   1   1   0  -2  -2   2  -1  -2   2   2  -4  -3   0   11   1   5   1   8   1   1   9   3   7   3   1   5   2   1  20  13   0   0   5  0.25 0.26
   11 A     2   3  -2  -4  -3  -3  -3  -2  -1   1   0   0   0   1  -1   0   0  -4  -3   2   18  16   1   0   0   0   0   2   1   9   8   4   2   7   2   7   5   0   0  17  0.23 0.24
   12 L    -3  -5  -6  -6   0  -2  -6  -6  -2   2   4  -5   2  -1  -3  -5  -2  -5  -4   4    2   0   0   0   2   2   0   0   1   8  45   0   4   2   1   0   2   0   0  29  0.97 0.53
   13 L    -3  -1  -5  -5  -1  -4  -5  -2   1   3   4  -3   1   1  -5  -2   0   1  -1   1    1   4   0   0   1   0   0   3   3  15  39   1   3   7   0   2   5   2   2  10  0.53 0.35
   14 A     2  -4  -3  -5   2  -4  -4  -2  -2   0   2  -1   2  -1  -4  -1  -2   0  -2   4   15   0   1   0   5   0   0   3   1   3  23   3   4   2   0   5   2   1   1  28  0.45 0.34
   15 A     4  -3  -2  -3   2   0  -1  -1   0   0   0  -2  -1  -1  -1   1   1   0  -1   0   35   0   1   1   4   4   3   3   3   5   7   2   1   3   2   9   8   1   2   6  0.28 0.27
   16 P     0   0   0  -2   0  -1  -1  -4  -2   0   0  -3   0  -2   3   0   1   1  -1   2   10   7   4   2   2   2   3   0   1   4  11   0   2   1  18   7   7   2   2  16  0.24 0.22
   17 G     3  -3  -2  -3   1   0  -2   2   0  -2  -1  -2  -1  -4  -1   2   0   1  -3   1   25   1   1   0   3   5   1  18   3   1   5   1   2   0   3  13   5   2   1   9  0.32 0.28
   18 A     1  -1   0  -3  -1   1  -2   1   2   0  -1  -1  -2  -1  -1   0   2   2  -1   0   14   3   4   0   1   9   2  10   5   5   7   2   1   2   3   5  14   4   1   7  0.12 0.17
   19 A     3  -2  -1  -2   2  -1   1   1   0  -1   0  -1  -3  -3   0   2   0  -4  -3  -1   23   2   2   1   4   1  10  10   3   2   9   4   0   1   4  14   6   0   0   5  0.20 0.21
   20 L     0   0  -3  -3  -1  -1  -1  -3  -1   2   2  -2   1  -1  -1  -1   0  -1  -2   2    7   6   1   1   1   3   3   1   2  11  25   1   3   2   3   4   5   1   1  18  0.25 0.21
   21 A     1   0  -1   1   0  -1  -1   0   0  -1  -1  -1  -2   0  -1   1   0   1   0   1   13   5   2   8   3   2   4   6   2   3   6   3   0   3   2  14   5   2   3  14  0.06 0.11
   22 P     1  -2  -1  -2  -2  -1   0  -1   1  -1  -1  -2  -1  -3   3   2   1  -4  -2   1   12   1   2   2   1   3   5   4   4   3   6   2   1   1  16  16   9   0   1  13  0.24 0.23
   23 R     0   2  -1  -1  -2   2   1   0  -1   0  -1   1  -1  -3  -2   2  -1  -4  -2  -1    6  10   3   3   1   9   8   8   1   6   7   7   1   1   2  21   2   0   1   3  0.17 0.20
   24 R     1   1  -1   0  -1   0  -1   0  -1  -1  -1   0  -1  -1   2   1   0  -1  -1   0   15   9   2   7   1   4   1   6   1   3   4   5   1   2  10  12   7   1   1   7  0.12 0.13
   25 C    -1  -2  -2   0   8   2  -3  -3   3  -4  -3  -3  -2  -1   2   0  -1  -5  -3  -1    4   2   2   6  30  10   1   2   8   1   2   1   1   2  12   7   4   0   1   4  0.85 0.49
   26 P    -1  -2  -3  -3  -2  -2  -2   0  -2  -3  -4  -2  -6  -4   7   1   0  -7  -4  -3    6   2   1   2   1   2   3   6   1   2   2   2   0   1  51  11   5   0   1   2  1.20 0.67
   27 A     0   2   0  -1   1   2   0   0  -1  -3  -1   1  -2  -3   1   1   0  -2  -1   0    8  11   5   2   4  12   5   7   1   1   5   6   0   1   6  11   6   1   2   7  0.14 0.17
   28 Q     1  -2  -1  -2  -1  -1  -2  -2   0   1  -1  -1  -1   2   2   0   0   3  -2   1   11   2   2   2   1   3   2   3   3   9   5   3   1   9  10   7   7   5   0  13  0.15 0.16
   29 E     0  -1   0   2  -3   0   1  -2  -1  -1  -2   1  -2   0  -2   0   0   6  -1   0    6   4   3  13   0   5  10   2   1   3   3   8   0   4   2   6   6  11   2   9  0.25 0.22
   30 V    -2  -2  -4  -5  -4  -1  -2   0  -3   3   0  -4   1  -1  -2  -1   3   0  -3   4    2   3   0   0   0   3   2   7   1  19   7   0   3   2   2   4  17   1   0  26  0.47 0.36
   31 A     1  -1  -2  -3  -5  -1   0  -3   0  -1  -1  -1  -4   1   5   1  -1  -5  -2   0   10   4   1   1   0   3   8   2   2   4   7   4   0   5  28  10   3   0   1   7  0.42 0.33
   32 R    -2   0   0  -1  -6  -1   0  -3  -3  -5  -4  -1  -1  -2   6   1  -1  -7  -3  -3    3   5   4   4   0   3   6   2   1   1   2   4   1   2  46  10   3   0   1   2  1.02 0.60
   33 G     0   1   0   2   0   2   1   1   1  -3  -3   1  -3  -4   0   0  -1  -5  -2  -2    6   8   3  11   2  10  11  12   4   1   2  10   0   0   4   8   3   0   1   4  0.23 0.20
   34 V     0  -3   1   3  -4  -1  -1  -3  -3   0  -1  -1   1  -1  -3   1   2  -5  -3   2    8   1   7  19   0   2   3   2   0   5   5   3   3   3   1  11  12   0   1  16  0.27 0.26
   35 L    -2  -3  -3  -3  -3   3  -1  -5  -1   0   1   0   0  -3   4  -1   0  -6  -2   2    2   1   1   1   1  16   3   0   2   4  13   5   2   1  18   5   7   0   1  18  0.44 0.36
   36 T    -2  -1  -3  -4  -3   0  -2  -6   0   0   0  -3  -2   0  -5   0   3  -2   4   4    2   3   1   1   0   4   2   0   2   5   9   1   1   4   0   6  17   0  13  28  0.52 0.38
   37 S     1  -1  -1  -4  -3  -3  -1   1  -5   1   0  -2  -1  -1  -1   0  -2  -5  -4   4   12   3   3   0   0   1   4  11   0   7   8   2   1   2   4   7   2   0   0  33  0.36 0.29
   38 L    -1   3  -2  -3  -5   2   2  -4   0  -1   2   0   0  -3   1  -2  -1  -5  -3   0    5  16   2   1   0   8  16   1   3   4  18   5   2   1   8   3   3   0   1   5  0.34 0.29
   39 P    -1   1  -3  -3  -4  -3  -1  -3  -1   2   2   0   2  -2   2  -2   0  -1  -2   2    4   9   1   1   0   1   5   1   1  10  23   5   5   1  11   2   5   1   1  14  0.28 0.23
   40 G    -3  -6  -2  -3  -8  -2  -4   7  -2  -9  -7  -5  -8  -5  -8  -1  -5  -8  -9  -6    2   1   2   2   0   2   2  81   1   0   1   1   0   1   0   5   1   0   0   1  2.17 0.99
   41 D     0  -1  -2   1  -3  -2   2  -1  -1  -7  -5  -1  -2  -3  -6   5   1  -2  -7  -7    6   3   2   6   1   2  13   5   1   0   1   3   1   1   0  46   8   1   0   0  0.88 0.61
   42 S    -1  -2   5   3  -7  -2   0  -4  -3  -5  -6  -3  -3  -8   1   3   2  -8  -7  -5    4   3  28  14   0   2   5   1   1   0   1   1   1   0   8  18  14   0   0   1  0.86 0.57
   43 V     1  -7  -7  -7  -6  -6  -7  -5  -2   2   1  -6  -1   1  -7  -4  -2  -6  -3   6   12   0   0   0   0   0   0   1   1  11  14   0   1   6   0   1   2   0   1  48  1.16 0.60
   44 T    -3   0   2  -4  -6  -2  -1  -6  -2  -2  -2  -1  -2  -4  -3   1   6  -7  -3   0    2   5   9   1   0   2   4   0   1   2   3   4   1   1   2   9  48   0   1   6  0.96 0.62
   45 L     1  -6  -7  -7  -2  -6  -3  -7  -7   3   5  -6   1   2  -7  -6  -5  -6  -5   1   13   0   0   0   1   0   2   0   0  15  46   0   3   9   0   0   0   0   0   8  1.05 0.58
   46 T    -3   0   0  -2   4   0  -1  -4   2  -2  -3   0  -3  -1   0   2   3  -5   2  -1    2   5   5   2  10   3   4   1   5   2   3   5   1   2   5  17  18   0   6   4  0.39 0.34
   47 C    -8 -10  -9 -10  12  -9 -10  -3  -9  -8  -4 -10  -8  -9  -9  -8  -8  -9  -2  -8    0   0   0   0  91   0   0   3   0   0   2   0   0   0   0   0   0   0   2   0  4.52 1.80
   48 P    -1   0   1   0  -2   0   0   1   0   0  -1  -1   1  -2   2   0   1  -4  -2   1    3   5   8   5   1   5   5  11   3   6   6   3   3   1   9   5   8   0   1  13  0.09 0.11
   49 G     2  -2  -1  -1   1  -1   0   1  -1   0   1  -1  -1  -1  -2   1   0   0   0  -1   17   2   3   4   3   3   6  10   1   5  14   2   1   2   1  12   5   1   3   4  0.10 0.13
   50 V     1   0   1  -2   0   0  -1   0   0  -1  -1   1  -1  -2  -1   1   1   1   0   1   10   5   7   2   2   3   3   8   2   3   5   9   1   2   3   9  10   2   3  11  0.07 0.10
   51 E    -1   0   1   2  -1   0   3   0   2  -2  -2   1  -2  -2  -1   0   1  -5  -1  -2    4   5   7  10   1   3  17   7   6   3   4   7   1   1   3   8   8   0   2   3  0.20 0.20
   52 P     1  -2  -1   0   0   0   1   3   0  -3  -2  -1  -4  -3   3   0   0   1  -1  -3   10   2   3   5   2   4   8  20   2   2   4   4   0   1  13   8   6   2   2   2  0.25 0.24
   53 E    -1   0   0   3   1   1   0   0   1  -2  -2   0  -3  -2   1   0  -1   0   0  -1    5   4   4  17   3   7   6   7   3   3   4   6   0   2   7   8   3   1   3   6  0.14 0.17
   54 D    -2   0   2   1   1   1   0   0   1  -2  -2   0   0  -1   2  -1   1  -6   0  -2    4   6   8   8   3   7   6   8   3   2   4   5   2   2  10   5  10   0   3   4  0.14 0.15
   55 N     1   0   2   0   0   1  -1   0   1  -1  -2  -1   0  -2   3   0  -2   3  -5  -2   12   6   8   5   2   6   4   7   3   4   4   4   2   2  13   8   3   3   0   3  0.18 0.19
   56 A     0   0   0  -1   1   0  -1   1   0   0  -1  -1   1   0   0   1   1   2   0  -1    7   4   3   4   3   4   4  12   3   6   6   4   3   3   4  11   8   3   3   5  0.05 0.06
   57 T    -1   0   0   0   0   1   0  -1   1  -1  -1   0   0  -1   0   1   1   2  -1  -1    5   6   4   6   2   7   5   4   4   4   5   5   2   3   5  12   9   2   3   5  0.04 0.10
   58 V    -2  -2  -4  -7   2  -5  -7  -7  -4   5   1  -5   1   0  -6  -2  -2   0  -3   4    4   2   1   0   4   0   0   0   1  29  13   1   3   3   0   3   3   1   1  30  0.95 0.52
   59 H    -2   0  -1  -3  -3   1   0  -4   3   0  -1  -1   1   1  -4   1   2   5   2  -1    2   4   3   1   0   6   7   1   7   5   6   3   3   7   1  11  12   7   7   4  0.29 0.26
   60 W    -6  -2  -1  -8  -8  -8  -8  -8  -4  -3  -4  -8  -3   0  -5  -4  -6  12   3  -4    1   3   3   0   0   0   0   0   0   2   2   0   1   4   1   2   1  70   8   1  3.54 1.54
   61 V    -2   3  -1  -3  -2   0   0  -2   0  -2   0   3   1  -1  -3   0   1  -2   0  -1    3  15   3   1   1   4   6   3   2   2   8  18   4   3   1   8  10   0   3   5  0.25 0.23
   62 L    -2   2   1  -3  -3  -2  -2  -3   2  -1   3   2  -1   1  -4  -2  -2   3   0  -1    3   9   8   1   1   2   2   2   5   3  29  12   1   6   1   2   2   4   3   5  0.35 0.29
   63 R    -4   2   6   2  -3   0   0   1   0  -7  -5   0  -6  -2  -4   0  -2  -2  -1  -6    1  10  34  11   1   3   5  11   2   0   1   6   0   2   1   6   3   1   2   1  0.80 0.52
   64 K    -2   0   2   1  -3  -1  -1   4   1  -4  -2   1  -3  -2  -3   0  -1  -2   0  -5    3   6  10   8   1   3   4  27   3   1   5  10   1   2   2   8   4   1   3   0  0.36 0.30
   65 P    -2   2   1   1  -3   2   2  -2   0  -1  -2   1  -2  -4  -1   1   1  -3  -1   0    2  10   7   7   0   8  12   3   2   5   4  10   1   0   3   9   7   0   2   7  0.17 0.19
   66 A     0   1   0  -1  -1   1   0  -2  -1   0   0   0   0  -2   2   1   0  -4  -2   0    6   8   4   4   1   5   6   2   2   7  10   6   2   1  11  10   6   0   1   8  0.10 0.12
   67 A    -1  -3  -2  -2  -5   0  -1  -3  -2   3   2  -2   0  -2   1  -1  -2  -3  -2   3    5   1   2   3   0   4   5   2   1  19  17   2   2   2   6   5   2   0   1  21  0.35 0.27
   68 G     0  -1  -2   1  -5  -1   1   1  -2  -1  -1   0  -1  -4   4   1   0  -5  -2  -2    9   3   2   8   0   2   8  10   1   3   7   5   1   1  20  11   6   0   2   2  0.28 0.25
   69 S    -1  -1  -1   0   0   1   1   1  -1  -2  -1   0  -2  -1   2   2  -1  -5   0  -3    5   4   2   5   2   6   8  10   1   2   7   7   1   3  11  18   4   0   3   2  0.17 0.20
   70 H    -1   0   1   1  -1   1   1  -1   3  -1  -1   1  -2  -2  -2   2  -1   1  -1  -2    3   5   6   7   1   8   9   6   7   3   7   7   1   2   2  17   4   2   2   2  0.17 0.18
   71 P    -1   0   1   1  -3   2   0  -1   2  -1  -1  -1  -1  -2   2   1  -1   0   1  -1    4   5   7   7   0  12   5   5   5   3   8   4   1   2   9   9   2   1   5   4  0.14 0.16
   72 S    -1   2   1   0  -2  -1   0   0   1   0  -2  -1  -1  -1  -2   1   0   2   4  -1    4  10   7   5   1   3   5   7   4   5   4   3   1   2   2  12   5   3  13   4  0.16 0.18
   73 R    -1   4  -1  -1  -3   0   1  -2   2   0  -2   1  -1  -3   0  -1   0  -4   0   0    5  21   3   4   0   4   8   2   5   6   5   8   1   1   5   5   7   0   3   6  0.22 0.20
   74 W    -1   0   0  -1  -3  -1  -1  -1   0   1   0  -2   0   0   0   0   0   3   0   2    4   6   4   4   0   3   3   4   3   9  11   2   2   3   4   6   6   4   3  17  0.09 0.11
   75 A    -1   0   2  -1  -2   0   0  -1  -1   1   0   0  -1  -1   0   1   1  -3   0   1    5   4   9   3   1   3   5   4   2   9  10   5   1   2   5  12   8   0   3   9  0.06 0.09
   76 G     0  -1   3   0  -2   0  -1   2  -1  -1  -1  -1  -2   0  -1   1   0  -4  -2   0    6   3  13   6   1   3   4  17   2   5   6   4   1   4   3   9   6   0   1   6  0.15 0.15
   77 M    -1   0   1   1  -2  -1   1  -2   1  -1   0  -1   0  -2  -1   1   1   1  -2   1    4   5   8   7   1   3   9   3   4   4   8   2   2   2   3  12  10   2   1  10  0.10 0.14
   78 G    -1  -1   1   0  -5   1  -1   4  -2  -2  -3  -2  -1  -3  -3   1   1  -5  -5   1    5   3   7   5   0   6   5  30   1   2   3   2   1   1   1  11   7   0   0  10  0.39 0.30
   79 R     1   0   1  -2  -3   0  -1   1   1  -1  -3   0   0  -3  -3   3   1  -5  -3   0   10   6   7   2   0   4   3   9   4   3   3   6   2   1   1  24   7   0   1   7  0.24 0.24
   80 R    -1   2   1  -3  -5   3   1  -2  -1  -2  -3   0  -1  -3  -4   2   2  -3  -2  -2    5  12   7   1   0  14   8   3   2   3   2   5   1   1   1  16  13   0   2   3  0.36 0.32
   81 L    -4  -5  -7  -7  -6  -6  -5  -5  -2   2   5  -5  -1   1  -7  -3  -3  -2   1   2    2   1   0   0   0   0   1   1   1  10  56   1   1   5   0   3   2   1   4  11  1.14 0.60
   82 L    -2   0  -2  -5  -2   1  -4  -5  -1   1   0  -1  -3  -1  -4   1   4   0  -2   2    3   5   2   1   1   6   1   1   2   7   9   4   1   2   1  11  28   1   2  15  0.50 0.39
   83 L    -3  -1  -3  -8  -3  -4  -7  -7  -7   5   4  -4  -1  -1  -7  -3  -2  -7  -1   3    2   3   2   0   0   1   0   0   0  25  34   1   1   3   0   2   3   0   2  20  0.98 0.54
   84 R    -1   2   0  -1  -2   1   0  -4   1  -1  -1   0  -1  -2   3   1   1  -6  -2  -1    4  12   5   3   1   7   5   1   4   4   7   5   1   2  13  11   9   0   1   4  0.22 0.22
   85 S    -2   0   5   0  -3   1  -1  -2   2   0  -3  -3  -5  -4  -1   2  -1  -2  -3   1    4   6  25   5   1   6   4   3   4   6   3   1   0   1   3  15   3   1   1   9  0.44 0.35
   86 V     1   0  -3  -5  -2  -5  -5  -4  -4   1   1  -2  -1   1  -2   0   1  -3  -3   4   12   5   1   1   1   0   1   2   0   7  12   3   2   6   3   6   8   0   1  29  0.47 0.33
   87 Q    -3   1   2   2   1   2   2  -1   1  -1  -4   0  -4  -2  -3   1   2   0  -4  -3    2   9   9  10   3   8  11   6   4   4   2   4   0   2   1  11  11   1   1   2  0.29 0.26
   88 L     0   2  -1  -3  -2   0   0  -3   0   0   2   0   0   1  -1   0   0  -1  -1   0    9  11   2   1   1   4   5   2   3   5  20   5   2   6   4   7   7   1   2   5  0.12 0.13
   89 H     0   0   0  -1  -5   0   2  -1   2  -3  -2  -1  -1  -4   2   2   1  -3  -2  -3    7   5   5   4   0   3  12   5   6   1   4   4   2   1  12  17   9   0   1   2  0.27 0.27
   90 D    -1  -1   1   6  -4   1  -1  -4   2  -5  -3  -1   1  -4   0   0  -2  -7  -2  -5    5   3   6  40   0   7   4   2   4   1   3   4   4   1   5   7   2   0   2   1  0.81 0.51
   91 S     2   0   0  -2  -3  -3   1   1  -2  -2  -2  -1  -5  -3  -2   4   1  -2  -2  -2   14   6   4   2   1   1   8  11   1   3   4   3   0   1   2  26   9   1   2   2  0.35 0.32
   92 G     1  -3  -4  -3  -2  -4  -5   6  -3  -7  -6  -2  -2  -2  -5   0  -1  -2  -7  -4   10   2   1   2   1   1   1  61   1   0   1   3   1   2   1   7   4   1   0   1  1.40 0.73
   93 N    -4  -2   4  -1  -3  -1   0  -4   1  -1   1   0   0  -1  -3   0   2  -2  -1  -1    1   2  20   3   0   3   7   1   3   4  16   5   3   3   1   6  13   1   3   4  0.35 0.28
   94 Y    -4  -8  -2  -8  -8  -7  -5  -6  -1  -2   0  -8  -7   3  -4  -5  -7   6   8  -1    2   0   2   0   0   0   1   1   2   3   9   0   0  10   1   1   0   9  53   5  2.05 0.97
   95 S    -2  -2  -2  -3   2   0  -2  -5   0   0  -3  -2  -1  -2  -6   4   4  -1   0   0    4   3   2   1   4   4   3   1   2   5   3   2   1   2   0  26  26   1   3   8  0.62 0.45
   96 C    -4 -10 -10 -10  12 -10  -2 -10 -10  -5  -9  -4 -10  -4  -4  -9  -9 -10 -10  -3    2   0   0   0  86   0   3   0   0   1   0   1   0   1   1   0   0   0   0   2  4.29 1.71
   97 Y    -6  -1   0  -5  -1   2  -3  -6   6  -1  -1  -1   0   2  -4  -1  -1   7   3  -1    1   4   4   1   2   8   2   1  17   4   6   3   2   8   1   5   5  13   9   5  0.81 0.48
   98 R     1   2  -1  -1   0   1  -1  -2   3  -2  -1   0  -2  -1  -4   2   0  -7  -2   1   13  11   3   3   2   6   4   3   7   2   6   5   1   3   1  14   6   0   1   8  0.20 0.19
   99 A    -1   1   2   2  -1   1   1   2   1  -3  -4   0  -3  -4  -2   1   0  -2  -3  -5    5   7   8  12   1   6   9  15   4   2   2   7   1   1   2   9   6   1   1   1  0.29 0.24
  100 G    -3  -3   1   0  -2  -4   1   5   0  -5  -5  -2  -2  -5  -3  -1   0   4  -2  -5    3   2   6   5   1   1  10  44   2   1   2   3   1   1   2   5   5   4   2   1  0.90 0.53
  101 R    -1   2   1   0  -1   3   1  -2   3  -3  -3   2  -2  -4   0   0  -1  -3  -3  -1    5  12   6   6   2  11  10   3   7   2   3  10   1   1   4   7   4   1   1   5  0.27 0.23
  102 P    -2  -2  -3   2  -3  -2   0  -3  -2   1   2  -2   0   0   2  -1  -1   0  -1   1    4   2   1  13   1   2   7   2   1   7  19   3   2   4   9   5   4   1   2  10  0.22 0.17
  103 A     0   1  -2  -1   3  -1   0  -2  -2   1   2  -2   1  -3  -1  -1  -1   0  -2   1    6   7   2   4   6   3   7   3   1   9  22   3   3   0   3   5   3   1   1  12  0.17 0.16
  104 G     0   1   1   0   6  -3  -4   1   3  -1  -3  -3  -2   0  -4   1   0   0   2  -2    8   8   7   6  13   2   1   9   6   3   3   2   1   4   1  10   5   1   6   3  0.38 0.25
  105 T    -1  -1   0  -4  -5   0  -2   2   2  -1  -3  -2   0  -2  -1   2   3   1   1  -1    5   4   4   0   0   4   2  14   5   4   3   2   2   2   3  16  21   2   4   4  0.31 0.31
  106 V     0  -3  -2  -3   1   0  -4  -5   0   3  -1  -1   0   0   1  -2   2   2  -1   3    7   2   2   2   3   4   1   1   3  15   6   4   2   3   7   4  13   3   2  19  0.37 0.24
  107 H    -1   2   0   1   0   1   0  -2   2  -1  -1   1  -1   0  -1  -1   0   0   2   0    3  11   4   7   3   7   7   2   5   4   5   7   2   5   3   4   7   1   9   6  0.10 0.12
  108 L    -2  -5  -5  -5  -4  -5  -3  -2  -5   2   4  -2   1   1  -2  -1  -2  -4   1   2    3   0   0   0   0   0   2   3   0  12  39   3   2   5   2   4   2   0   4  16  0.56 0.38
  109 L     0   1   0  -1   0   1   0  -1   1   0   1   0   0   0  -1   0   0   1   0   0    6   7   4   3   2   6   5   3   4   7  15   7   3   4   3   5   5   2   3   6  0.02 0.04
  110 V     0  -1  -1  -1   2  -1  -1  -1  -3   2   0  -1   1  -3  -1   0   0  -4  -3   3    5   3   3   3   4   3   4   5   0  11   8   4   4   0   3   6   4   0   0  27  0.17 0.20
  111 D     0   0   0   0  -2   1   0   0   1   0  -1   0   1   0   1   0   0  -2   1   0    6   6   5   6   0   5   6   6   5   6   6   6   5   5   6   6   6   0   5   6  0.03 0.06
  112 V    -1  -1  -1   1  -1  -1   3  -1   2  -1  -1   1  -1  -1  -2   0   0  -1   3   0    5   4   2   8   2   2  18   5   5   3   5   7   1   2   1   7   5   1  12   6  0.17 0.20
  113 P     0  -1  -1   0  -5  -1   0  -3  -2  -2  -1   0  -2  -2   5   0   0  -5  -1   0    6   3   2   5   0   2   5   2   1   2   7   7   1   1  31   8   7   0   2   6  0.46 0.36
  114 P    -2  -3  -3  -2  -6  -5  -1  -3   0  -4  -3  -1  -6  -7   8  -1  -3   0  -6  -4    3   1   2   3   0   0   4   2   2   1   3   4   0   0  66   4   2   1   0   1  1.80 0.95
  115 E     0  -1  -1   2  -5   1   4   2   1  -3  -3   0  -1  -2  -1   0  -2  -5  -2  -2    7   3   3  10   0   5  25  13   3   1   3   5   1   1   3   8   2   0   1   2  0.33 0.31
  116 E     0   1   0   0  -1   0   1  -2   0  -1  -2   2  -1  -1   3  -1   0   0  -1  -1    6   8   4   4   2   4   7   3   2   3   4  15   2   3  16   5   5   1   2   4  0.20 0.20
  117 P    -2  -2  -5  -2  -6  -1  -1  -1   0  -1  -2  -2   0  -2   7  -2  -2  -6  -1   0    3   2   0   3   0   3   4   4   2   4   4   2   2   2  49   3   3   0   2   8  1.05 0.66
  118 Q    -1   1   1   0   0   2   0   0   1   0  -2   2   0  -1  -1   0   0  -3   0  -1    3   7   6   4   3  11   6   6   4   6   4  13   3   3   3   7   6   0   4   4  0.09 0.13
  119 L    -1   0   0   0   2   0   0  -1   2   0  -1   0   1   0  -3   0   0   3   1   0    5   5   5   5   5   5   5   5   5   5   5   5   5   5   0   5   5   5   5   5  0.06 0.10
  120 S    -3  -2  -2  -2  -2   0  -2  -5   1   1   1  -1  -1   1  -1   3   2  -2  -1   1    2   2   2   2   1   5   3   1   4   8  11   4   2   7   4  18  13   1   2   8  0.25 0.24
  121 C    -4   0  -2  -4  10  -1  -2  -3   0  -4  -5   0  -3  -2 -10   1  -1  -1  -3  -3    2   4   2   2  49   3   3   3   2   1   1   5   1   2   0  10   5   1   1   3  1.88 0.97
  122 F    -2  -1  -3  -3   7  -2  -1  -5  -1   2  -1  -4   0   2  -4  -2  -1   4   2   2    3   4   2   2  21   2   4   1   2  11   7   1   2   7   1   3   4   5   6  12  0.69 0.39
  123 R     1   2  -2  -2  -1   2   0  -3   0   1  -1  -1   1  -2  -3   1   1   1  -2   1   10  10   2   2   1   8   5   3   2   8   6   4   4   2   1   9   8   2   1  11  0.16 0.16
  124 K    -1   0   2   0   0  -1   1  -2   2  -1  -2   1   0   0   0   1   0  -5   1   0    5   6   9   6   2   2   7   3   4   3   5   8   2   5   4  12   6   0   6   6  0.11 0.12
  125 S    -2  -1   2  -1   1   1   0   1   1  -2  -2  -1   0  -1   0   1   0   1   2  -1    3   4  11   3   2   6   5  11   3   3   5   3   2   3   5  12   6   2   6   5  0.14 0.16
  126 P    -1   0   0   0   2   0   0  -1   2   0  -1   0   2   1   0  -1   0   4   1  -1    5   5   5   5   5   5   5   5   5   5   5   5   5   5   5   5   5   5   5   5  0.09 0.08
  127 L     0   0  -1   0  -3  -2  -3  -3   1  -1   1  -1   2  -1   1   3   0   1   0  -4    7   6   4   5   1   2   2   3   3   4  13   3   5   3   8  20   5   2   3   1  0.22 0.19
  128 S    -3   2  -1   0   0   0   2   1  -1  -2  -2   2  -2  -1  -3   2   0  -2   0  -2    2  11   3   4   2   4  14  10   2   2   5  10   1   2   1  15   5   1   3   4  0.21 0.19
  129 N     0   0   2   1   0  -2  -1  -1   2  -2  -2   1  -1  -2  -3   2   2  -1   1  -1    6   5  11   7   2   2   3   4   6   3   4   9   1   1   1  13  12   1   4   5  0.18 0.17
  130 V    -2  -2  -7  -4  -6  -6  -7  -7   1   3   1  -6   5   5  -4  -3  -3  -6  -1   3    4   2   0   1   0   0   0   0   3  15  11   0  15  19   1   2   2   0   2  22  0.94 0.46
  131 V     0   2   2  -1  -2  -1  -2  -4   1   1  -1  -1  -1  -3  -5   0   4   1   0   0    6  10   8   3   1   3   3   1   3   7   6   3   1   1   0   7  25   2   4   6  0.33 0.26
  132 C    -1  -8  -2  -8  11  -8  -8  -8  -8  -1   0  -8  -7  -8  -8  -2  -7  -8  -8  -1    5   0   2   0  70   0   0   0   0   3   9   0   0   0   0   3   0   0   0   5  3.12 1.15
  133 E    -1   1  -1  -2  -2   0   1  -4   0  -3  -2  -1  -2  -2  -3   3   3   6  -1  -3    4   7   3   2   1   3  10   1   2   2   4   3   1   2   1  25  15  10   2   2  0.51 0.37
  134 W    -2  -1  -8  -8   2  -7  -7  -2  -7  -7  -2  -7  -7   0  -8  -2  -1  12  -5  -7    4   4   0   0   3   0   0   4   0   0   4   0   0   4   0   4   4  68   0   0  3.27 1.26
  135 G     0   0   2   2   0   0   1  -2   1  -2  -2   1   0  -1  -1   0   2  -4  -1  -1    6   5  10  10   2   3   9   2   4   3   3  10   2   2   2   7  13   0   2   5  0.16 0.15
  136 P    -1   0   0  -2   0   0  -1  -3   0  -1   0   0  -1  -2   5   0   0   1  -1  -2    6   5   4   2   2   4   4   2   2   4  10   6   2   2  25   9   6   2   2   3  0.32 0.24
  137 R    -1   0   0  -1  -4   1   0   2   1  -1  -2   0   0  -1   1   1   0   2   0  -2    4   4   5   4   0   5   5  19   4   3   4   4   3   3   8  11   4   3   3   3  0.14 0.16
  138 S     0   1   0   0   0   1   0  -1   1  -1  -2   0  -2   0   1   1   0   2   1  -1    6   7   4   6   3   6   6   5   5   3   3   6   0   4   7  13   5   3   5   4  0.09 0.12
  139 T    -2  -2   2   4  -5  -1   2  -2   1  -1  -2  -1  -1   0   2   0  -1   0  -2  -2    4   3  10  20   0   2  13   3   3   3   4   3   1   5  10   7   3   1   1   3  0.33 0.29
  140 P    -1  -2  -1  -2  -6   0  -2   2   0  -2  -3  -1  -1  -2   2   0   4  -1  -3   0    6   3   4   2   0   5   2  15   2   2   3   4   1   2  10   7  23   1   1   6  0.37 0.31
  141 S    -2  -1   4   0  -7  -1  -1   1   4  -2  -2  -3  -2   0  -3   2   0  -7   2  -2    4   4  19   4   0   3   4   9   8   3   5   2   1   4   2  15   5   0   6   3  0.41 0.30
  142 L    -2  -2  -2  -2  -2  -1  -3  -2   0   1   4  -1  -1  -1   2   0  -3  -1  -1  -1    4   2   2   2   1   3   2   4   2   7  33   5   1   3  10   8   2   1   2   4  0.36 0.26
  143 T    -1   0  -1   0  -1   0   0  -2   2  -2  -4  -1  -1   0   4   0   1   1  -1  -1    5   5   4   5   1   5   7   4   4   3   2   4   1   4  23   8   8   2   2   5  0.33 0.30
  144 T    -1  -2   1  -2  -1  -2  -1   0  -1   0  -2  -3   0  -2   0  -1   5   0  -2   0    5   3   7   2   1   2   4   6   1   6   4   2   2   2   6   5  33   1   2   6  0.49 0.38
  145 K    -1   1   3  -1  -1   0  -1  -2   2  -1  -2   1  -1  -2   0   2   1   0  -1  -1    4   8  13   3   1   4   5   3   4   4   4   9   1   2   5  14   8   2   2   4  0.20 0.19
  146 A     0   0   0   0   2   0   0  -1   1   0  -1   0  -2   0   0   0   0   3   1  -1    5   5   5   5   5   5   5   5   5   5   5   5   0   5   5   5   5   5   5   5  0.06 0.08
  147 V    -1   0   0  -1  -1  -1  -1  -2   0   1  -1  -1   0   0  -2   0   2  -4   2   1    5   6   4   3   1   3   3   2   3  10   5   3   2   4   2   7  16   0   8  12  0.14 0.18
  148 L    -1  -1  -5  -3  -1  -1  -2  -4  -5   1   4  -2   0   1  -3  -3   1   1   0   1    5   3   0   2   1   3   3   1   0   7  39   2   2   7   1   2   7   2   3   9  0.48 0.36
  149 L    -1   0  -1  -2   1   1  -1  -3   3   0   0   0   1   1  -2   0   1   3   2   0    5   4   2   2   3   7   3   2   6   5   9   6   4   6   2   6   9   4   8   7  0.16 0.14
  150 V    -1  -1  -2  -7   3  -1  -1  -3   0   0   0  -2   1   0  -2  -1  -2   1   6   2    5   3   2   0   5   3   5   3   2   5   9   2   3   3   3   5   3   2  24  12  0.53 0.35
  151 R    -2   3  -1  -1   0   1  -1  -3   1  -2  -2   2   1   0  -2   0   0   3   1  -2    3  17   3   4   2   7   4   3   3   3   5  11   3   4   2   8   6   3   5   3  0.26 0.21
  152 K    -2   2   0  -1  -1   0   0  -3   2   0  -1   3   0  -1  -2   0   0   3   2  -2    3  10   4   3   1   5   5   3   5   5   7  16   2   3   3   8   5   3   6   3  0.21 0.17
  153 F    -1   1   0   0  -1   0   1   1   0  -1  -1   0   0   1   0   0  -1   2   1  -1    4   7   5   5   1   4  10  10   2   4   7   6   2   7   4   7   4   3   4   5  0.05 0.05
  154 Q    -1   1   1   0   0   1   0  -1   1  -1   0   0   1   0   0   1   0   3   0  -1    4   8   7   5   2   6   6   5   3   3   8   6   4   3   5   9   6   4   3   5  0.06 0.07
  155 N    -1   1   1   0   1   0  -1   0   1  -1  -1   0   1   0  -1   1   1   2   0  -1    5   7   5   6   3   3   5   9   4   4   5   6   3   4   3   9   9   3   3   5  0.06 0.06
  156 S    -1   0   0   0   2   0   0  -1   2   0  -1   0   2   1   0  -1   0   4   1  -1    5   5   5   5   5   5   5   5   5   5   5   5   5   5   5   5   5   5   5   5  0.09 0.08
  157 P     0   0   1  -1   1   0   1   0   0   0  -2   1   0   0   2   0   0   2   1  -1    6   4   6   4   3   3   8   7   2   5   5   7   2   3  11   8   5   3   4   4  0.08 0.09
  158 A    -1   0   0   0   2   0   0  -1   2   0  -1   0   2   1   0  -1   0   4   1  -1    5   5   5   5   5   5   5   5   5   5   5   5   5   5   5   5   5   5   5   5  0.09 0.08
  159 E    -2   0   0   1  -1   1   3  -1   1  -3  -2   1  -1  -3   0   1   0   1  -1  -2    4   5   5   8   1   6  17   5   3   2   5   7   2   1   5  10   7   2   3   3  0.18 0.19
  160 D    -2   1   0   2   2   0   1  -1   0  -1  -2   0  -1  -1  -2   0   0   3  -1   0    3   7   5  12   5   4  10   5   3   3   4   6   2   3   2   7   7   4   2   7  0.15 0.14
  161 F     0  -1  -1  -2   3   0   0  -1   1  -1  -1   0   1   2  -2   0   1   3   1   1    7   3   4   3   6   4   7   4   3   3   6   5   3   8   2   6   8   4   5   9  0.11 0.10
  162 Q    -2   0  -1  -1   1   3   1  -1   2  -1  -1  -1  -1  -1   2   0  -1   3  -1   0    3   6   4   4   3  12   8   5   4   4   5   4   2   2  10   8   4   4   2   7  0.17 0.18
  163 E    -2   0   2   0   1   1   2  -2   2  -1  -2   0   0  -1  -1   0  -1   2   0  -1    4   6   8   6   3   7  12   3   4   4   4   7   3   3   3   6   3   2   3   5  0.08 0.14
  164 P    -1   0   0   0   2   0  -1  -1   2   0  -1   0   2   0   0  -1   0   3   1  -1    5   5   5   5   5   5   5   5   5   5   5   5   5   5   5   5   5   5   5   5  0.03 0.09
  165 C    -2  -1  -1  -2   9  -3  -2  -1  -1  -1  -3  -1  -3  -1  -2  -2   1   2  -2   0    4   3   3   3  32   1   3   6   2   3   4   5   1   2   3   3   8   3   2   7  0.91 0.52
  166 Q    -2   0  -1  -1   2   0   0  -2   2  -1  -1  -1  -1  -3   3   1   0   1  -1  -1    4   5   3   4   4   5   7   4   5   3   6   4   1   1  17  10   7   2   2   5  0.19 0.22
  167 Y    -2  -2  -1   2   3   2   0  -2   2  -1  -1  -2  -1  -1  -2  -2  -1   2   3   1    4   2   3  10   6   8   7   4   5   3   7   2   1   3   3   4   5   3  10   9  0.20 0.19
  168 S    -1  -2   1   0   2   0  -2  -2   0   0  -2   0  -1  -1   0   2   0  -1   4  -1    4   3   6   4   3   4   3   3   3   4   5   6   1   2   6  16   6   1  12   5  0.18 0.20
  169 Q    -1   0  -1   1   1   1   0  -1   1  -1  -2  -1   0  -2   1   2   0   0   0   1    4   6   3   7   3   6   5   4   4   3   5   4   2   2   7  13   6   1   4   9  0.07 0.11
  170 E    -1  -1   1   1   1   1   0   0   0  -2  -2   0  -1  -1   1   2   2   0   0  -1    4   4   6   7   3   7   6   6   2   2   4   5   2   2   8  12  11   1   4   4  0.11 0.15
  171 S     0   0   1  -1   1  -1  -2   2   0  -2  -1  -1  -1  -2   0   2   0  -7  -2  -1    7   5   6   4   3   3   3  16   2   3   6   3   2   2   5  17   7   0   1   5  0.18 0.19
  172 Q    -1   0   0   0   1   1  -1   2   1  -2  -2   0   0  -1   0   1  -1  -6   0   0    4   6   4   5   2   7   4  15   4   3   4   6   2   2   5  11   4   0   3   7  0.12 0.13
  173 K    -2   1   1  -1   2   0   0  -1   2  -1  -2   0  -1  -1   2   0   1   1   0  -1    3   8   7   4   3   4   6   6   4   3   5   7   2   2  10   7   9   2   4   4  0.12 0.13
  174 F    -1   0   0   0   2   0  -1  -1   2   0  -1   0   2   0   0  -1   0   3   1  -1    5   5   5   5   5   5   5   5   5   5   5   5   5   5   5   5   5   5   5   5  0.03 0.09
  175 S    -1  -1  -2  -3   5   0   0  -3   2  -1  -1  -3  -2  -1  -3   3   1   5   0  -1    4   4   2   2  10   4   5   3   5   3   6   2   1   3   1  21   9   6   4   5  0.41 0.33
  176 C    -3  -1  -3  -3   9  -3  -2  -2   1  -1  -2  -1  -1  -1  -4  -1   1  -1  -1  -1    3   3   2   2  36   1   3   3   4   4   5   4   2   3   1   6   9   1   2   5  1.17 0.65
  177 Q    -1  -1  -2   0   3   1   0  -3   2   1  -1  -1   0   2  -2   0   1   0   1   0    5   3   2   5   6   6   6   2   5   9   6   3   2   8   3   7   9   1   5   7  0.13 0.12
  178 L    -2  -1   0  -2   2  -1  -3  -2   0   2   2  -2  -1   3  -1  -1   1   2   0   1    3   3   5   3   4   3   2   3   2   9  16   2   1  12   3   5   7   3   3  11  0.21 0.15
  179 A    -2   1   1   2  -2   1  -1  -2   0  -2   0  -1  -1   2   1   1   1  -1   0  -1    3   7   6  12   1   5   4   3   3   3   8   3   1   8   7   9   8   1   3   5  0.12 0.13
  180 V    -1   0  -1  -1   2   0  -1  -2   2   0   0   1   0   0  -1   0  -1   0   1   1    4   5   3   4   5   5   3   3   6   5   9   9   2   4   4   8   4   1   4   9  0.08 0.07
  181 P    -3  -1   2   0   0   1   0  -1   0  -2  -1   0   0  -2   5   0  -1  -7  -1  -2    2   4   8   5   2   5   6   5   2   3   6   5   2   2  25   7   3   0   2   3  0.37 0.33
  182 E    -1  -2  -2  -1  -1   0   1  -3   4  -1   2  -3   1   2   1  -1  -1   0   2  -2    5   3   2   4   1   4   9   2   9   3  16   2   3   8   6   4   5   1   7   3  0.22 0.19
  183 G     1   0   0  -1  -3  -2  -1   1   0  -3  -1   0  -1   2  -1   0   3  -3  -1  -2   11   5   4   4   1   2   4  11   2   2   7   5   1   8   3   8  17   0   2   3  0.18 0.17
  184 D    -3  -3   1   2  -7   0   3  -4  -1  -2   0  -4  -4   1   2   3  -2   2  -2  -3    3   2   7   9   0   5  15   1   2   3  10   1   0   5  10  17   3   2   2   2  0.36 0.32
  185 S     0  -1  -1  -1  -6   0   2  -2   1   0  -2  -1   1   1  -3   0   0   5   2  -1    7   4   4   3   0   4  14   4   3   6   5   3   3   6   2   7   6   8   6   5  0.24 0.20
  186 S    -1   0  -1  -1  -2   0  -1  -3   1  -1  -1  -1   0  -3  -3   3   4   1   0  -1    5   5   3   4   1   4   5   2   3   3   7   4   2   1   2  18  20   2   4   5  0.31 0.27
  187 F    -2  -1   0  -2   1   1   0  -2   2   0   0  -1  -1   3   1   0   1  -3   1  -1    3   3   4   3   3   7   5   3   4   6   8   4   1  10   8   8  10   0   4   5  0.15 0.14
  188 Y    -6   0  -6  -6  -3  -3  -3  -7   4  -2  -1  -4   2   0   1  -4  -2  -4   8  -3    1   5   1   1   1   2   2   1   8   3   6   1   4   3   7   2   3   0  47   2  1.62 0.88
  189 I    -2  -1   1  -1   3   0   0  -4   0   2   0   0   1   0  -6   0   1  -1   0   1    3   4   6   3   5   4   5   1   2  13  10   5   3   4   0   7   9   1   3  11  0.18 0.14
  190 V    -1  -4  -3  -5  -2  -2  -1  -6  -3   4   1  -5   4   3  -5  -3  -5  -8  -3   4    6   1   1   1   1   2   4   1   1  18  12   1   9  12   1   2   1   0   1  26  0.82 0.45
  191 S    -2   2   3  -5  -8   1  -4  -5  -1  -2   0  -1  -2   0  -5   1   1   7   1  -1    4  11  11   1   0   7   2   1   2   3   8   4   1   4   1   9   9  15   4   5  0.60 0.41
  192 M    -4  -4  -8  -5  -8  -4  -5  -9  -2   3   3  -6   1  -1  -8  -5   1  -8  -3   6    2   1   0   1   0   1   1   0   1  13  22   1   3   3   0   1   8   0   1  41  1.22 0.64
  193 C    -2   0   0  -3   5   0   2  -4  -1  -2   0  -1   0  -2  -5   0   3  -3  -1   1    4   6   4   2  10   5  11   2   2   3   9   5   2   2   1   7  18   0   2   8  0.35 0.27
  194 V     5  -3  -5  -4  -2  -3   1  -3  -4   0  -3  -3  -1  -3  -5  -1  -3  -3   1   3   40   2   1   1   1   1   8   3   1   6   3   2   1   1   1   5   2   1   4  18  0.80 0.52
  195 A     1   0  -1  -3  -3   0   1  -2   1   1  -4   1  -2  -3  -2   1   2  -1  -2   2    9   5   3   1   1   5   9   4   3   8   2   7   1   1   2  11  13   1   2  12  0.22 0.21
  196 S    -4  -2   7  -1  -9  -2  -4  -3   3  -1  -4  -3  -4  -9  -4   1  -1  -9  -4  -2    2   2  50   4   0   2   1   3   7   4   3   2   1   0   1   8   5   0   1   4  1.40 0.81
  197 S     2   0   0  -1  -2   2   0  -1   2  -1  -4  -1  -2  -3   2   1   0  -2  -2  -1   15   5   4   4   1   8   7   6   5   4   2   4   1   1  10  12   6   1   1   5  0.21 0.22
  198 V     0  -1  -3   0  -3  -3  -3  -3  -1   0   4  -3   0   0  -2  -1   0   0  -1   1    7   4   1   5   1   2   2   3   1   5  37   2   2   4   2   5   5   1   2   9  0.42 0.29
  199 G    -5  -2  -2  -3  -3  -2  -3   6   0  -5  -2  -2  -4  -2  -2  -2  -1  -2  -1  -3    1   3   2   2   1   2   2  58   2   1   4   2   1   2   2   4   4   1   3   2  1.24 0.73
  200 S    -3   1   2  -2   0   0   0  -1   1  -4  -3   1  -1  -3  -1   3   2  -7  -2  -2    2   8  10   2   2   4   6   6   3   1   3   7   1   1   3  23  10   0   2   4  0.36 0.32
  201 K     2   0   1  -1  -6   0  -1  -1  -1   0  -1  -1  -2  -2  -2   1   0  -6   2   0   18   6   6   3   0   5   5   5   1   6   6   4   1   2   2  10   7   0   6   8  0.14 0.15
  202 F    -1   0  -3  -2  -1   0   2  -4  -1  -1  -2  -1   0   1   1   2   3   1  -1  -1    5   6   1   2   1   4  11   1   2   3   4   4   2   6   8  13  17   2   2   4  0.27 0.26
  203 S    -2  -3   0  -3   0  -1  -3  -2  -3  -3  -5  -3  -8  -2  -2   6   0  -8  -1  -3    4   2   4   2   2   3   2   3   1   2   1   2   0   2   2  56   6   0   3   2  1.19 0.78
  204 K    -2   0   0   3  -3   1   2  -3   1  -2  -2   0  -2  -1   1   0  -1   0   2  -3    4   6   4  16   1   5  12   2   3   3   4   7   1   3   7   8   4   1   7   2  0.25 0.23
  205 T    -2  -2   0  -1  -1  -2  -1  -3   3   1   0  -1  -1  -1   4   0   2  -2  -3   0    3   3   4   3   1   2   5   2   6   7   9   4   2   2  18   7  14   1   1   6  0.30 0.26
  206 Q    -3   0  -2  -3  -6   1  -2  -4   2   2   2   0   0   1  -1  -2   0  -1   1   2    2   5   2   2   0   5   3   1   4  10  21   7   2   5   3   4   5   1   4  13  0.27 0.19
  207 T    -1   0   0   0   4   1   0  -2   2   1  -2   0   1  -1  -1  -1   1   2   2   0    5   5   5   5   9   6   6   3   5   7   4   6   3   3   4   4   7   2   6   5  0.15 0.13
  208 F    -2  -2  -2  -2   1  -1  -2  -3   0   1   0  -2   1   5  -2  -2  -2   2   0   2    4   3   3   3   2   3   3   3   3   8   9   3   3  23   3   3   3   3   3  12  0.42 0.28
  209 Q    -2   0   2   4  -2   0  -1  -4   2  -1  -2  -2   1  -1  -2  -1   2   0   0  -2    3   4   8  23   1   5   4   2   4   4   5   3   3   3   2   6  13   1   4   4  0.37 0.29
  210 G     0  -3  -2  -3  -6  -2  -1  -1   1   0   1  -3   1  -1   3  -2   2   1  -1   2    7   2   2   2   0   2   5   5   4   5  13   2   3   3  14   3  11   2   2  12  0.24 0.21
  211 C    -1  -1   1   1   1   1   1  -1   2  -1  -1  -1   1   0   0   0   0   2   1  -1    4   4   7   8   3   5  10   4   5   4   5   3   4   4   5   6   6   3   4   4  0.09 0.10
  212 G    -1   0   0   0   2   0   0  -1   2   0  -1   0   2   1   0  -1   0   4   1  -1    5   5   5   5   5   5   5   5   5   5   5   5   5   5   5   5   5   5   5   5  0.09 0.08
  213 I    -1   0  -1  -1   1   1   0  -2   1   3  -1  -1   1   1  -1  -1  -1   2   0   0    5   5   3   3   3   6   7   3   3  18   6   3   3   6   4   4   4   2   3   7  0.16 0.13
  214 L     1  -4  -2  -4  -4  -1  -1  -2  -1   1   0  -1   0  -1   1  -1   0   1  -1   4   11   0   2   0   0   2   5   3   2   6   7   5   2   3   8   4   6   2   2  31  0.29 0.30
  215 Q    -1   0  -2  -2  -1   0   0  -2   0  -2  -1   3  -1  -2   4  -2  -1   0  -1  -2    5   6   2   2   2   4   6   3   2   2   6  21   2   2  22   2   4   2   2   3  0.37 0.35
  216 P     0   0   0   0   2   0   0   0   1   0  -1   0   1   0   1   0   0  -3  -1   0    6   6   5   6   5   5   6   6   5   6   6   6   5   5   6   6   6   0   0   6  0.03 0.07
  217 D     1  -1   1   2   0  -1   1   1   2  -2  -1  -1   0  -2  -1   0   0   0  -1  -2   10   3   7  13   2   2  10  13   5   2   5   2   3   2   3   7   4   2   2   2  0.13 0.15
  218 P     0   0   0   0   2   0   0   0   1   0  -1   0   1   0   1   0   0  -3  -1   0    6   6   5   6   5   5   6   6   5   6   6   6   5   5   6   6   6   0   0   6  0.03 0.07
  219 P    -1  -6  -6  -6  -6  -5  -5  -1  -6  -1  -2  -5  -5  -6   7  -1  -1  -7  -6   0    4   0   0   0   0   0   0   5   0   4   5   0   0   0  62   5   4   0   0   7  1.71 0.78
  220 A    -1   0   0   0   2   0   0  -1   2   0  -1   0   2   1   0  -1   0   4   1  -1    5   5   5   5   5   5   5   5   5   5   5   5   5   5   5   5   5   5   5   5  0.09 0.08
  221 N    -3  -2   4   3   0  -1  -1  -1   1   2   0  -2  -2  -3  -3  -1  -3  -7  -3  -1    3   2  19  15   2   3   4   6   3  12  10   3   1   1   2   5   2   0   1   4  0.41 0.28
  222 I    -3  -2  -2  -3   0  -1  -3  -3  -1   1   3  -2   1   1   0  -1  -1   1  -2   4    2   2   2   2   2   3   2   3   2   7  22   2   3   5   4   5   4   2   2  23  0.38 0.25
  223 T    -2   1   2  -1   0   1   0  -1   1  -2  -2   2   0  -1  -2   1   1   1  -1  -2    4   8   8   3   2   5   6   6   4   3   4  13   2   3   2  11   9   2   2   4  0.15 0.15
  224 V     0  -3  -2  -7   1  -2  -2  -2   0   2   1  -3   1   0  -2  -3  -3   2  -1   4    9   2   2   0   3   2   3   3   2  11  11   2   4   3   3   3   2   3   2  30  0.50 0.31
  225 T    -2   0  -1  -1  -1   2   3  -4   1  -1  -3   2  -2  -3  -3   2   2  -1  -3  -1    4   5   3   4   2   8  17   2   3   4   3  10   1   1   1  13  13   1   1   4  0.32 0.29
  226 A     1  -2   0   0   1   1  -2   0  -1  -2  -1  -2  -1   2   3   1   0   0  -2  -1   12   2   4   5   3   6   3   7   2   2   6   3   2   7  14   8   6   1   2   5  0.16 0.17
  227 V    -2  -2  -3  -1   1  -2   0  -2  -1   2   0  -2   2  -2  -2  -1   0  -1  -1   4    3   2   2   4   3   2   7   4   1  11  10   2   5   2   3   6   6   1   2  23  0.28 0.20
  228 A    -1  -2   3   1  -2  -1   2   0   0  -2  -3   0  -2  -4   2   0   1  -3  -5  -1    4   2  11   6   1   3  14   7   2   2   3   7   1   1  12   8  10   1   0   5  0.28 0.23
  229 R    -1   2   1   1  -1  -1   1   3  -1  -3  -3  -1  -2  -1  -2   1   0  -2  -2  -2    6  10   7   8   1   3   8  19   2   2   3   4   1   3   2  10   5   1   2   4  0.23 0.17
  230 N    -1   1   2   0  -3   2   0  -2   1  -2  -2   0  -2   0  -2   3   0  -2  -1  -2    5   6  10   6   1   9   6   4   3   2   5   5   1   4   2  20   5   1   2   3  0.24 0.21
  231 P     0  -3  -1  -3  -2  -1   1   0   0  -2  -4   0  -3  -3   4   3   0  -6  -2  -1    7   2   3   2   1   3   9   8   2   3   2   5   1   1  21  17   7   0   2   5  0.41 0.32
  232 R    -3   3  -1   0   0   1  -3   1   2  -3  -3  -1   0  -1   1   1   3  -5  -2  -4    3  15   3   6   2   5   2  10   4   1   3   4   2   3   7   9  17   0   1   1  0.33 0.26
  233 W    -2   2   0  -2   5   1  -2  -2   1  -1  -2   1   1  -1  -5   1   0   2   1  -1    4   9   5   2  10   6   3   3   3   4   4   9   3   3   1  12   7   3   4   5  0.27 0.19
  234 L    -3  -8  -8  -8   3  -8  -8  -5  -2   3   5  -8   1  -1  -5  -5  -1  -8  -4   2    3   0   0   0   5   0   0   1   1  13  51   0   3   2   1   1   4   0   1  11  1.26 0.64
  235 S    -3   2   1  -3  -1   1   0  -4   3   0   1   1   2  -4  -3   0   2   3  -2  -1    2  10   7   2   1   6   6   1   6   5  12   9   4   1   1   8  10   3   1   5  0.23 0.20
  236 V    -4  -8  -9  -9  -3  -8  -8  -9  -3   4   3  -8   0  -1  -8  -6  -5   0  -3   6    2   0   0   0   1   0   0   0   1  17  22   0   2   3   0   1   1   1   1  46  1.55 0.75
  237 T    -2   2  -1  -4  -3   2  -1  -5   2  -5  -6   1  -4  -4  -8   4   4  -1   0  -5    3   8   3   1   1   9   5   1   4   1   1   9   1   1   0  27  19   1   3   1  0.74 0.53
  238 W    -6 -10 -10 -10  -1 -10 -10  -6 -10  -4  -6 -10  -9  -5 -10 -10  -6  13  -3  -4    1   0   0   0   1   0   0   1   0   1   1   0   0   1   0   0   1  88   1   2  4.93 2.04
  239 Q    -2   0   1   0  -4   3   3  -3   0  -3  -2   3  -1  -4  -3   1   1  -1  -3  -3    4   5   5   6   1  10  15   2   3   2   4  16   2   1   1  11   8   1   1   2  0.38 0.29
  240 D    -2  -1   1   0  -3  -1  -4  -4   1  -2   0   0  -2  -4   5   0  -1  -2   3  -2    4   4   5   5   1   3   2   2   3   2   9   6   1   1  27   6   4   1  10   3  0.52 0.36
  241 P    -2  -2  -5  -2  -2   0  -3  -4  -1  -4  -3  -4  -2  -4   8  -2  -4  -2  -6  -4    3   3   1   2   1   4   2   2   2   1   3   2   1   1  64   4   2   1   0   2  1.81 0.90
  242 H     1   0  -2  -1  -2   1   1  -2   2  -2  -1  -1  -1  -3   3   2   0   1  -1  -1   10   4   2   3   1   6   9   4   5   3   6   3   1   1  14  13   7   2   2   4  0.20 0.19
  243 S    -1  -1   0   1  -4  -1   0  -3  -2  -3  -1  -1  -1  -1  -1   4   2   1  -2  -3    5   3   5   8   1   3   6   3   1   2   7   4   2   2   3  29  11   2   2   2  0.38 0.30
  244 W     0  -2  -1  -1   0  -1  -1  -1   0   0   0  -2   1   0   0  -1   0   7  -1   0    7   3   3   4   2   3   5   6   2   6   8   2   3   5   5   6   7  16   2   6  0.37 0.27
  245 N    -2   0   1   2   0   1   0  -2   2  -1   0   1   0  -2   1   0  -1   1  -1  -2    3   6   7  13   2   7   7   3   4   4   8   8   2   2   7   7   4   2   2   3  0.14 0.14
  246 S    -2  -1   1   1   1   1   0  -1   1  -1  -1   0   0  -1   1   1   0   5   0  -1    4   4   6   7   3   6   6   4   3   3   6   6   3   2   7  10   7   7   3   5  0.14 0.14
  247 S    -2   0   4   0  -1   0   1   2   0  -2  -4  -1  -2  -1   1   0  -1  -1  -1  -1    4   5  18   5   1   4   9  13   2   2   2   4   1   3   7   8   4   1   2   5  0.27 0.24
  248 F    -2  -3  -2  -3   0  -2  -2   3   3   0   0  -3  -1   2  -2  -1  -2   6   3   0    4   2   2   2   2   2   4  19   6   5   8   2   1   7   3   5   3  10   9   6  0.41 0.27
  249 Y    -2  -2  -1  -1   1  -2  -1  -3   1   2   0  -2   2   5  -1  -3  -2  -1   4   1    3   2   3   4   3   2   5   2   3   9   9   2   5  19   3   2   3   1  11   8  0.42 0.24
  250 R    -2   0  -1   1  -1   1   0  -1   0   2   0   0  -1  -2   2  -1   1   0  -1  -1    3   5   2   7   1   7   7   5   2  10  11   5   1   2  10   5  10   1   2   5  0.12 0.12
  251 L    -2  -2  -4  -4   1   0  -4  -4  -3   1   5  -3   1  -1  -4  -5  -2  -7  -2  -1    4   2   1   1   3   4   2   2   1   6  55   2   3   3   1   1   3   0   2   4  1.01 0.55
  252 R    -2   0  -2  -2  -1   2   1   2   2   0  -1   3   0  -1  -6  -1   0  -6  -2   0    3   6   2   2   1   9   8  13   4   5   6  18   3   2   0   4   7   0   1   6  0.28 0.22
  253 F    -5  -5  -2  -4   5  -4  -6  -8   1  -2  -3  -8  -3   4  -5  -3  -5  -2   8  -3    1   1   2   1   9   1   1   0   3   2   3   0   1  14   1   3   1   1  51   2  2.00 0.98
  254 E    -4   1  -1  -3  -3   5   5  -7   1  -2  -3  -1  -2  -2  -9  -3  -2  -2   1  -3    2   8   3   2   1  24  31   1   3   2   3   5   1   2   0   2   3   1   5   2  0.98 0.65
  255 L    -4  -6  -5  -6  -1  -9  -4 -10  -4   5   4  -6   0  -2  -6  -9  -4  -9  -2   4    2   1   1   1   1   0   2   0   1  31  31   1   2   2   1   0   1   0   2  22  1.37 0.69
  256 R    -1   0   0   0   2   0   0  -1   2   0  -1   0   2   1   0  -1   0   4   1  -1    5   5   5   5   5   5   5   5   5   5   5   5   5   5   5   5   5   5   5   5  0.09 0.08
  257 Y    -3  -2  -1  -8   1  -1  -2  -3   1   0  -2  -2   1   1  -2  -2  -2   4   7  -1    3   3   3   0   3   3   3   3   3   6   4   3   3   5   3   3   3   4  38   5  1.02 0.60
  258 R    -1   4  -1  -2   2   1  -1  -2   1  -4  -3   2   0  -2  -1   0   0   3  -1  -1    6  23   3   3   4   6   3   2   3   0   3  13   2   2   3   7   6   4   2   4  0.35 0.32
  259 A    -1   0   1  -2  -1   0   0  -2  -1  -2  -1   1  -1  -2   3   1   1   3  -2   0    5   5   5   2   2   5   7   3   2   3   7   7   1   2  15  11   9   3   1   6  0.20 0.21
  260 E     0   0   0  -1   1   2   2  -1   0  -1  -1   0   0  -1  -1   0   1  -4  -1   0    6   5   5   3   3   9  17   4   3   4   7   5   3   2   3   6   7   0   3   7  0.10 0.14
  261 R    -2   0   2   2  -2  -1   0   2   0  -1  -3   0  -1  -3   0   0   0   2  -1  -1    2   5  12  10   1   3   7  16   2   3   2   6   2   1   4   7   6   3   2   4  0.20 0.21
  262 S     0   0   0   2  -1   0   1   0   3  -2  -4   0  -2  -3   0   3   0  -6  -2  -3    7   4   3   9   2   4   8   8   6   2   2   6   1   1   4  23   5   0   1   1  0.27 0.29
  263 K    -1   0   0   1  -2   1   1   0   2  -3  -3   2  -1  -4   2   1   1  -2  -3  -2    4   4   5   8   1   7   9   6   4   2   3  10   2   1  10  12   8   1   1   3  0.21 0.22
  264 T     0  -1   2   1   1   1   2  -1   0  -1  -3  -1   0  -1   0   0   1  -1  -1  -1    7   3  10   8   3   6  12   4   2   3   3   4   2   3   5   7   7   1   2   5  0.12 0.14
  265 F    -1   0   0   0   2   0   0  -1   2   0  -1   0   2   1   0  -1   0   4   1  -1    5   5   5   5   5   5   5   5   5   5   5   5   5   5   5   5   5   5   5   5  0.09 0.08
  266 T    -2   0   0  -1   1   2   0  -2   2  -1  -2   1   1   0   0   0   1   4   1  -1    4   5   4   3   3   8   7   3   4   4   4   9   3   4   5   8   9   6   4   4  0.16 0.16
  267 T    -2   0   0  -1   0   2   1  -3   1  -1  -2   0   2  -1  -1   0   1   1   0   1    2   5   4   3   2   9   9   2   3   4   4   7   5   3   4   7  10   2   4  10  0.14 0.15
  268 W    -2  -1   0  -2   1   0  -1  -2   1   1  -1  -2   0  -1  -3  -2  -2   4   2   4    3   4   5   2   3   4   5   4   3   8   7   3   3   3   2   4   3   5   7  23  0.31 0.22
  269 M    -2  -1   1   0  -1   0   2  -1   0   0  -1   0   2   0   1   0   0   0   0   0    3   4   6   6   1   4  14   5   2   6   6   7   4   4   6   6   6   1   3   6  0.07 0.09
  270 V    -1   0   0   0   2   0   0  -1   2   0  -1   0   2   1   0  -1   0   4   1  -1    5   5   5   5   5   5   5   5   5   5   5   5   5   5   5   5   5   5   5   5  0.09 0.08
  271 K     0   0   0   0   0   0   1   0   1  -1  -1   0   0   0   0   0   0   1   0   0    6   5   6   6   3   5   8   6   3   4   6   5   3   4   5   8   7   2   4   6  0.03 0.03
  272 D    -1   0   1   3  -6   0   2   1   1  -2  -2   0  -1  -2  -1   0   0   1  -1  -1    5   4   7  13   0   3  11  12   3   2   4   5   1   2   4   7   7   2   2   5  0.16 0.16
  273 L     0   1   2  -1  -1   0   0  -1   0  -1  -1   0   1  -1   0   0   1   0  -1   0    8   7   9   4   2   4   5   5   2   3   7   7   3   3   4   6  10   1   2   7  0.05 0.06
  274 Q    -1   1   1  -1  -1   4   2  -2   0  -2  -4   0  -1  -2  -1   1   2  -7  -2  -3    6   8   7   4   1  16  12   4   2   2   2   6   1   2   4   9  10   0   1   2  0.32 0.29
  275 H    -3   1   1  -1  -1  -1   0  -1   3  -4  -1   0   0  -2  -1   1   4   0   0  -3    3   7   6   3   1   3   6   5   5   1   6   5   2   2   4  11  23   1   4   2  0.31 0.28
  276 H    -3   0   0  -1  -1   2   1  -3   4  -4  -4   1   0  -1  -2   3   0   1   1  -4    2   5   4   3   1   8  10   2  10   1   2   7   3   3   3  21   6   2   5   2  0.42 0.35
  277 C    -1  -2  -3  -4   4  -2  -1  -4   1  -1   1  -2   0   4  -2  -2   0   0   4   1    5   3   1   1   7   2   4   2   3   4  13   3   2  13   3   3   6   1  13   9  0.39 0.25
  278 V    -2   1   0  -1  -1   1   1  -5  -3   1  -1   0   0  -3  -2   0   3  -3  -3   1    4   6   5   4   1   6   8   1   1   8   6   6   3   1   2   8  16   0   1  11  0.21 0.19
  279 I    -3  -5  -6  -8  -1   0  -3  -5  -1   5   4  -5   0  -1  -3  -3  -5  -3  -3   2    3   1   1   0   1   4   2   1   2  25  34   1   2   3   2   2   1   1   1  14  0.94 0.52
  280 H    -3   0  -1  -1   4   1   1  -2   1  -1  -2  -1  -1   0   0   0   2  -2   3  -2    3   6   3   4   7   6   8   3   4   3   4   4   1   4   5   8  13   1  10   3  0.24 0.21
  281 D    -3  -3   2   5  -8  -4   0   3   1  -3  -3   0  -3  -3  -4   1  -2  -8  -2   0    3   2   9  24   0   1   6  20   3   2   3   5   1   2   1   9   2   0   1   6  0.58 0.41
  282 A     1  -8  -3  -9  -8  -1  -3  -4  -4  -2   5  -2  -2   0  -1  -3  -3  -2  -5   1   11   0   1   0   0   3   2   2   0   3  51   3   1   4   4   3   2   1   0  10  0.96 0.58
  283 W    -4   2   0   0  -1   2   1  -6   2   0   1   1  -1  -1  -3  -2  -2   3   0   0    2   9   4   6   2  10   9   1   5   5  15   8   1   3   2   3   2   3   4   5  0.24 0.21
  284 S     0   0  -4  -4  -8  -4  -5  -4   0  -3  -3   1  -1  -2   6   1   0  -3  -5  -2    8   4   1   1   0   1   1   2   2   2   4   7   1   2  41  10   6   0   1   3  0.94 0.67
  285 G    -3  -3   1   0   4  -3  -5   4   1  -7  -4   0  -3   3  -5  -3  -4   1   3  -5    3   2   7   5   8   1   1  33   3   0   3   5   1  11   1   2   1   2   9   1  0.82 0.50
  286 L    -1   0  -4  -3  -3  -1  -2  -2  -1  -3  -2   1   0  -5  -4  -1   6  -2  -5   0    6   6   1   2   1   3   3   4   2   2   4   9   3   1   1   4  40   1   1   7  0.77 0.54
  287 R    -2   2   0  -1  -3   2   3  -5  -2  -1  -1   2  -2  -3  -2  -1   0   0  -3   1    4  11   5   3   1   7  18   1   1   4   6  12   1   1   3   4   7   1   1   8  0.29 0.26
  288 H    -7  -4  -3  -6  -3  -3  -7  -5   4  -5  -9  -5  -4  -1  -5  -5  -6  -7  10  -6    1   1   2   1   1   2   1   1   8   1   0   1   1   3   1   2   1   0  73   1  2.96 1.42
  289 V     0   0  -1  -2   1   0   3  -4   2   0  -2  -1   1  -1  -6  -1   2  -3  -1   2    7   4   3   3   3   4  17   1   5   5   5   4   3   2   0   5  11   0   2  14  0.28 0.23
  290 V    -1  -9  -9  -9  -3  -9  -9  -9  -9   4   0  -9  -3   5  -9  -5  -4  -9  -4   6    5   0   0   0   1   0   0   0   0  19   8   0   1  21   0   1   1   0   1  41  1.62 0.80
  291 Q    -3   4  -5  -6   4   7  -2  -5  -2  -5  -6  -2  -2  -6  -7   0  -2  -4  -5  -2    2  21   0   0   7  44   3   1   1   1   1   3   1   0   0   6   3   0   1   4  1.46 0.86
  292 L    -2  -9  -9  -9  -4  -8  -9  -9  -9   3   0  -8   2  -4  -4  -6  -5  -9  -8   7    4   0   0   0   1   0   0   0   0  14   8   0   5   1   1   1   1   0   0  64  1.92 0.95
  293 R    -1   8  -4  -8  -1   2  -5  -5  -2  -6  -5  -2  -5  -6  -8   0  -6  -9  -5  -7    6  65   1   0   2   8   1   1   1   0   2   3   0   0   0   8   0   0   1   1  1.99 1.05
  294 A     5  -8  -5  -8   9  -8  -8  -4  -5  -3  -5  -8  -3  -4  -8   1  -3  -4  -5  -1   37   0   1   0  38   0   0   2   0   2   1   0   1   1   0   9   2   0   1   5  2.00 1.00
  295 Q    -2   5  -2  -6  -4   3  -4  -5  -2  -1  -4   5   1   1  -6  -3  -4  -3   1  -3    4  28   2   0   0  10   1   1   1   3   2  28   3   5   0   2   1   0   4   2  0.95 0.59
  296 E    -2   1   3   4  -3  -3   1  -2   1  -3  -1  -2  -2  -2   2   0  -1  -1  -2  -4    4   6  13  18   1   1   9   3   4   2   6   3   1   2  12   7   4   1   2   2  0.38 0.28
  297 E     0   0   0   1  -2  -1   2  -2   1  -2   0   0  -1   1  -1   2  -1  -2   0  -2    9   5   5   6   1   3  12   4   4   3   9   5   1   6   3  15   3   1   4   3  0.13 0.13
  298 F     0  -1   0   0  -1  -2  -2  -2   2  -1   1   0   0   2   0  -1   0   1   2  -1    7   4   6   6   1   2   2   3   4   3  15   6   2   9   5   5   7   2   8   5  0.11 0.10
  299 G    -1  -4   1   3   0  -2  -1   4   0  -4  -3  -3  -2  -1  -3   0  -1  -4   2  -2    5   1   6  14   2   2   4  29   2   1   4   2   1   3   2   8   5   0   6   4  0.47 0.33
  300 Q    -1   1   2   1  -1   1  -1  -3   3  -1  -1   1  -2   0   0   1  -1  -2   1  -3    6   7   8   7   1   6   4   2   7   4   7   8   1   4   5  12   4   1   5   2  0.16 0.15
  301 G    -4  -3  -4  -3  -8  -5  -5   6  -4  -6  -6  -1  -5  -4  -4   3  -6   2  -8  -7    2   2   1   2   0   1   1  61   1   1   1   3   0   1   1  17   1   2   0   1  1.66 0.87
  302 E    -3  -2  -2  -2  -3   1   0  -4   2  -2   1   0  -1   2   3   0  -1  -5   4  -1    3   2   2   2   0   5   7   2   4   3  11   6   1   9  14   7   3   0  15   4  0.36 0.30
  303 W    -1   0   0   0   2   0   0  -1   2   0  -1   0   2   1   0  -1   0   4   1  -1    5   5   5   5   5   5   5   5   5   5   5   5   5   5   5   5   5   5   5   5  0.09 0.08
  304 S    -6   0   1   0  -7   1  -1  -1  -7   0  -7  -7  -7  -7  -7   6   1  -8  -7  -1    1   5   6   6   0   5   5   5   0   5   1   0   0   0   0  48   7   0   0   5  1.09 0.54
  305 E     1   0   0   2  -3   0   2  -1   1  -2  -1   0   2  -1   0  -1  -1  -4  -3  -2   13   5   4  15   0   4  12   4   4   2   6   5   6   3   5   3   4   0   0   3  0.14 0.16
  306 W    -1  -1  -2  -2   0  -4  -1  -2   0  -2  -4  -4  -1   0  -1  -2  -4  11   0  -2    6   4   3   2   2   1   4   3   2   3   2   1   2   3   3   3   1  50   2   3  1.86 0.71
  307 S     0  -2  -1  -3   0  -1  -1  -1  -3  -4  -3  -3   0  -1  -1   5   1  -4   1  -2    5   2   2   1   2   2   3   3   0   1   3   1   2   3   4  53   8   0   4   2  0.71 0.47
  308 P     0   1   0   0  -1   1   1  -1   0  -2  -1   0  -1  -3   3   1   0  -1   0  -2    9   7   3   5   1   6  12   4   2   1   5   5   1   0  16  11   5   1   4   2  0.21 0.18
  309 E     0  -2   0  -2  -2  -1   2  -2  -2   0  -2  -1  -1  -1   4  -1   1  -4  -1   1    6   2   5   2   1   3  14   3   1   5   4   3   1   2  21   5  11   0   2  10  0.29 0.25
  310 A     2   0  -2  -2  -4  -1  -2  -3  -2   1   0   0  -1   1  -2   0   1  -1  -2   3   19   4   1   2   0   3   2   1   1   7   7   6   1   5   1   7   7   1   1  23  0.24 0.23
  311 M     0  -1   0  -2   0  -1  -1  -3   3   0  -2  -2   0   1  -2   1   3   0   3   0    8   3   5   2   2   3   4   1   7   5   4   2   3   5   2  11  17   1   9   7  0.20 0.21
  312 G     2   0  -1  -3  -2   0  -2   2   0   0  -1  -1  -1   0  -3   0   1  -1   0   1   18   6   2   1   1   4   2  19   2   5   6   3   1   4   1   5   7   1   3  10  0.17 0.17
  313 T    -3   2  -3  -5  -1   0  -1  -3  -2  -2  -2  -1   0  -1  -3   0   6  -2  -1  -1    2   9   1   0   1   5   4   2   1   3   4   4   2   2   1   8  43   1   2   4  0.72 0.50
  314 P    -1  -2  -2  -4  -1  -2  -1  -2  -1  -3  -2  -3  -3  -1   5   1   4  -5  -4  -2    5   3   1   1   1   2   4   3   2   2   4   2   1   3  26  10  28   0   0   4  0.72 0.47
  315 W    -1   0  -2   0  -4   0   2  -2   2  -4   0  -1  -1  -1  -1  -1  -3   8   1  -2    4   5   2   6   0   4  15   3   5   1  10   3   1   2   4   6   1  18   5   3  0.51 0.34
  316 T     1   0  -3  -1  -5   0   3  -1  -1  -1  -4  -1   0  -3  -1   0   4  -5  -3  -3    9   4   1   3   0   3  19   4   1   4   1   3   2   1   3   6  31   0   1   1  0.48 0.41
  317 E     1  -1   0   3  -2  -1   3   0   1  -2  -2   0  -3  -3   2   0  -1  -5  -2  -1   11   3   5  14   1   2  17   7   3   2   4   6   0   1   9   6   3   0   1   5  0.23 0.22
  318 S     0  -2  -3  -2  -2  -1   2  -2  -1  -2  -3  -1  -2  -3   5   2   0  -5  -3   1    7   2   1   2   1   2  15   3   1   3   3   3   1   1  26  13   5   0   1   9  0.48 0.38
  319 R     0   2  -3   1  -5  -1   0  -2  -2  -3  -3   2  -2  -3   4  -1   1  -1  -4  -2    7  13   0   9   0   2   6   2   1   2   3  11   1   1  23   5  10   1   0   2  0.46 0.36
  320 S     2  -1  -2  -1  -1  -1  -1   1  -2  -2  -2  -1  -2  -2   1   2   0  -2  -4   1   19   4   2   4   1   3   4  11   1   2   4   3   1   1   7  19   5   1   0  11  0.21 0.23
  321 P     0  -4  -3  -2  -3  -1   0  -1   0  -2  -3  -1  -4  -3   7  -1   0  -3  -4  -3    8   1   1   2   1   3   5   4   2   2   2   3   0   1  50   4   5   1   1   2  1.11 0.66
  322 P     0  -2  -3   2  -5  -1   1  -2  -2  -3  -3  -3  -1  -3   6  -1   1  -6  -1  -2    7   3   1  10   0   3   7   3   1   1   3   1   1   1  38   5   8   0   3   3  0.75 0.50
  323 A     2  -2  -2  -2  -3  -1  -1  -1  -2   0  -1  -1  -1   0   3   0   1   1  -3   1   16   2   1   2   0   3   4   5   1   4   6   3   1   4  15   8  10   2   0  12  0.20 0.21
  324 E     0   0  -2   0  -3   0   2  -2   0  -3  -2   1  -1  -2   3   0   0   6  -2  -1    7   4   2   5   0   5  13   2   2   1   4   8   2   1  15   7   6  10   1   5  0.33 0.28
  325 N    -1   1   1   0  -1   0   0   0  -1   0  -1  -1  -1  -2   2   0   1   0  -2   0    3   8   8   5   1   5   4   7   1   5   7   3   1   1  11   5  12   2   1   9  0.10 0.12
  326 E    -1   1   1   3  -4   1   2  -2  -1  -1  -2   1  -2  -3  -1   0   1   2  -2   0    4   7   5  17   0   5  14   2   1   3   4   7   1   1   3   8   8   3   1   6  0.21 0.21
  327 V     0  -2  -3  -1  -1  -2  -3  -1  -1   2   1  -3  -1  -2  -1  -1   1  -1  -2   3    7   3   1   3   1   2   1   4   1  11  15   1   1   2   3   4  10   1   1  27  0.27 0.24
  328 S     0  -2   1  -1   1   1  -1  -1   0  -1  -2  -1  -2  -3   2   2   2   4  -1   0    8   1   6   4   3   6   3   4   2   3   5   4   0   1   9  15  12   6   2   7  0.19 0.21
  329 T     0  -2   0  -2   1   0  -2  -1   0  -1  -2  -2  -2   1   2   1   2   4  -1   0    9   2   6   2   2   4   2   4   2   4   3   2   1   5  11  13  14   6   1   6  0.21 0.22
  330 P    -3  -2  -1  -2   0   1   0  -3   1  -2  -3  -2   0  -4   5   2   1  -6  -4   0    2   2   3   2   2   6   6   2   3   2   3   2   2   1  29  18   9   0   1   7  0.59 0.45
  331 M    -2  -3  -2  -3  -1  -1  -2  -1  -2  -1   0  -2   2  -1  -3   2   4   3  -2   0    3   1   2   1   1   3   2   5   1   4  10   2   6   2   1  17  25   4   1   8  0.37 0.34
  332 Q    -2  -2  -1  -1  -3   5   1  -3   0  -1  -2   0  -3   1  -1   2   0  -1  -2  -1    2   2   2   3   1  24  10   2   2   4   4   6   1   6   3  17   5   1   1   5  0.40 0.36
  333 A     1  -1  -1   1  -1  -1   0   0  -1   0  -2  -2  -1  -1   3   1   1  -3  -1   0   13   3   2   8   1   2   5   8   1   5   3   2   2   2  14  12   8   0   2   7  0.16 0.17
  334 L    -2  -1   0  -1  -4   1   1  -2  -2   1   0  -1  -1  -1   3   0   0  -4   0  -1    3   3   5   3   0   7  11   2   1   7  10   4   1   3  16   8   6   0   4   4  0.18 0.19
  335 T    -1   0   0   0  -3   0   0  -1   2   0  -1   0   1   0   0   0   0   3   1   0    5   5   5   5   0   5   5   5   5   5   5   5   5   5   5   5   5   5   5   5  0.06 0.08
  336 T    -1   0   0   0   1   0   1  -1   1   0  -2   0   0   0   1   1   1   2   1   0    4   4   3   5   3   3   9   6   3   5   3   6   3   4   7   9  11   3   4   6  0.07 0.10
  337 N     0  -1   0   0   0   0  -1  -1   2   0  -1   0   0   0   0   0   1   3   0   0    8   4   5   6   2   3   4   5   5   5   6   5   2   4   5   6   9   5   4   7  0.05 0.06
  338 K    -1   0   0   1  -1   1   1  -2   0   0  -1  -1   1  -1   1  -1   1   2  -1   0    3   6   5   9   2   6   8   4   2   6   5   4   3   3   6   5  10   3   2   7  0.08 0.10
  339 D    -1  -1   0   2  -5   0   0  -3   0   0  -1  -1   1  -2   1   0   1   3   0   0    5   4   5  13   0   5   7   2   2   5   6   3   4   2   6   7   9   4   4   8  0.13 0.15
  340 D    -4  -2   3   2   0   0  -1   1   0  -1   0  -3   0  -3  -2   2   0   3   1  -2    0   2  12  10   2   4   4  11   3   4  10   1   2   1   2  16   5   4   4   3  0.27 0.26
  341 D    -2   1  -1   2  -1  -1   0   1   2  -2  -2  -1  -1  -3   2   0  -1   4   1  -1    3   7   3  13   2   2   6  12   4   3   4   4   2   1  10   8   3   5   5   4  0.23 0.22
  342 N    -2   0   1   1  -6   1   1  -1  -1  -1  -3   0  -5  -2   3   2   0   1  -1  -3    4   5   7   9   0   5   8   6   2   3   3   5   0   2  16  14   6   2   3   1  0.26 0.27
  343 I     0  -2  -1   1  -3   0  -1   1  -3   1   1  -1  -1   0   1   0   0  -4  -1   0    8   2   3   9   0   3   4  11   0   7  17   3   1   3   7   7   5   0   2   8  0.09 0.11
  344 L    -2  -3  -3   0  -2   0  -2   0  -2  -1   1  -3   1   1   4   0  -2   1   1   0    4   2   1   5   1   4   3   8   1   4  15   1   3   6  22   6   3   2   4   6  0.32 0.26
  345 F     0  -2   0  -1  -1  -1   1  -2  -1  -1   0  -2   1   1   3  -1   0   5   1  -1    7   2   5   3   2   3   9   3   2   4   9   2   3   5  13   5   6   8   4   4  0.20 0.19
  346 R    -2   2   0   1  -5   2   2  -2   0  -2  -1   1  -2  -1  -1   1  -1   1   0  -1    2  10   4   7   0   9  14   3   2   3   7   9   1   3   4   9   3   2   4   4  0.19 0.19
  347 D    -1  -3   2   4  -1  -1   2  -2  -5  -3  -3  -1  -1  -2   3   2  -2   1  -2  -3    5   1   8  20   1   3  13   3   0   1   2   4   1   2  12  13   2   2   2   2  0.45 0.37
  348 S    -2  -4  -1   1  -2  -1  -1  -2  -2  -3  -2   0  -2  -3   2   3   2   4   0  -1    4   1   3   7   1   2   4   3   1   2   4   5   1   1  11  25  11   6   3   5  0.40 0.37
  349 A     1  -2  -2  -1  -1   1   0  -1  -1   0   0  -1  -2  -1   2   1   1   2   1   0   10   2   2   3   1   7   6   6   1   5   9   3   1   3   9  10   8   3   5   5  0.09 0.13
  350 N     0  -1   3   0   0   2   0   0   2  -2  -2  -1  -2  -1   2   0  -1  -5  -2   0    7   3  16   5   2   8   6   7   4   2   5   4   1   3   9   6   4   0   1   6  0.19 0.19
  351 A     0  -1  -2  -1  -1  -1  -2   2  -2   0  -2  -1  -2  -3   2   2   0   1  -2   1    8   3   1   4   1   3   2  15   1   5   3   5   1   1  12  14   6   2   2  11  0.20 0.22
  352 T    -1  -2   1   1  -5  -2   0  -2  -1  -2  -2  -2   1  -3   3   1   3   0   0  -1    5   2   6   7   0   1   7   3   2   3   4   2   3   1  14  11  21   1   3   4  0.32 0.32
  353 S    -1  -3  -2   0   0  -2   1  -1   1  -1  -2   0  -2  -1   3   2  -1  -1   0   1    5   0   2   5   2   1  11   6   3   4   4   5   1   3  13  18   4   1   3   9  0.19 0.23
  354 L    -2   2   0  -1  -2  -1   1  -2   0   0   2  -2  -2   2  -3   0   0  -4   0   0    2  11   5   4   1   2   9   4   3   6  22   2   0   8   1   6   5   0   4   7  0.14 0.17
  355 P    -2  -2  -1  -2  -5  -3   0  -2   0  -3  -2  -1  -5  -3   6   2   1  -1  -2  -2    3   2   3   2   0   1   5   3   2   2   5   3   0   1  41  12   8   1   2   3  0.84 0.58
  356 V    -1  -2  -3  -3  -4  -2   1   0  -3   1   0  -1   0  -1   1   1   0  -4  -1   3    4   1   0   1   0   2  12   8   0   9   8   3   2   3   6  11   5   0   3  21  0.20 0.22
  357 Q    -2  -1   1   2   0   3   0   0   2  -2  -1   0   0  -2   0   1   1  -4  -2  -2    2   3   6  10   2  14   6   6   4   2   6   4   2   1   5  10   9   0   1   3  0.17 0.20
  358 D    -1   0   1   2   0   0   1   1   3   0   0   0  -1  -2  -1   0   0  -4  -2   0    2   4   7  11   2   4   8  10   8   5   8   4   2   1   3   7   5   0   1   7  0.10 0.12
  359 S    -1   3   1   2  -4   1   0  -1   0  -4  -2   1  -4  -3   0   3  -1  -5  -1  -1    6  14   5  10   0   5   6   4   2   0   3   6   0   1   5  21   4   0   2   5  0.28 0.28
  360 S    -2   0   0   3  -4  -1  -2   1  -3  -3  -3  -2  -2  -1   1   3   0  -1   1  -1    3   5   5  17   0   2   1  10   0   1   2   2   1   2   7  25   5   1   6   5  0.34 0.33
  361 S    -1  -2   0   1  -2   0   0  -2  -1  -2  -1   0  -3  -1   4   2   1   1  -4  -2    5   1   5   7   1   3   6   3   2   3   6   6   0   3  20  14   9   2   0   3  0.30 0.27
  362 V     0  -1  -2  -3  -3  -1  -1   0   1   2   2  -2   0   0  -1  -1  -1   1   0   2    7   3   2   1   0   2   4   7   4  10  18   2   2   4   3   3   3   2   4  20  0.14 0.15
  363 P    -1  -2  -2  -1   2   0   2   0   1  -4  -2  -2  -2  -4   5   0   0   1   0  -2    4   2   2   3   4   4  15   8   3   0   4   2   1   0  25   9   5   2   4   3  0.45 0.36
  364 L    -2   1  -1  -2  -1   1  -1  -3   1   0   2  -1   1  -1  -1  -2  -2   3   1   2    2   7   4   2   1   6   3   2   4   4  23   4   3   3   4   2   1   4   5  18  0.21 0.22
  365 P    -1  -2  -1  -2  -4  -2  -2  -2   4  -2   0  -3   2   0   3   0   0   3   3   0    6   1   3   2   0   1   2   3  11   2   8   0   6   3  13   9   7   5  11   7  0.32 0.29
  366 T     2  -1  -3  -2  -4  -2  -2  -3   2  -1  -1  -1  -3  -2   2  -1   3  -1  -1   2   17   4   0   3   0   1   3   2   5   3   6   3   0   1   9   4  19   1   2  16  0.29 0.29
  367 F    -1  -2  -2  -3  -3  -2  -1   0   1   1   1  -2   0   3  -2   0   0  -1   2   1    3   1   2   1   0   1   4   7   4  10  12   2   2  15   2   9   5   1   7  12  0.17 0.18
  368 L    -2  -5  -4  -6   1  -1  -2  -4   4   0   4  -2   0  -1  -6  -5  -4   5  -2   1    4   0   1   0   3   3   2   2   8   5  46   3   2   2   0   0   0   9   1   8  0.81 0.51
  369 V     0  -2  -5  -6  -4  -5  -5  -3  -5   3   1  -1  -1   0  -5  -1   0   5  -1   4    7   2   0   0   0   0   0   2   0  16  13   4   1   4   0   4   5   7   2  32  0.61 0.42
  370 A     2  -1  -1  -3  -3  -2  -1  -2  -1   2   1  -1  -2  -1   1   2   0  -4  -2   1   18   3   4   0   0   1   5   3   1  15  12   2   0   3   6  15   5   0   1   8  0.18 0.23
  371 G    -1  -2  -1  -4  -2  -1  -3   4  -4   0   1  -2  -3   2  -5   1  -2   4  -3   0    5   2   3   0   1   3   1  32   0   5  13   3   0   8   0  10   2   5   0   7  0.43 0.35
  372 G     1  -1  -2  -4  -1  -4  -3   4  -1   1  -3  -4   0  -3  -4   2   0   0  -4   1   12   3   1   0   1   0   1  31   1   9   2   0   3   1   0  14   5   1   0  11  0.48 0.39
  373 S    -1  -1  -4  -4   3  -4  -4  -1  -5   2  -1  -4  -3  -4  -2   4   0  -5  -4   2    5   3   0   0   6   0   0   5   0  14   5   0   0   0   2  38   6   0   0  12  0.62 0.48
  374 L    -3  -3  -5  -5  -1  -4  -3  -2  -4   1   4  -4   0   4  -3  -1  -3  -3   1   1    2   1   0   0   2   0   2   4   0   8  37   0   2  21   2   5   0   0   4  10  0.63 0.39
  375 A     3  -2  -3  -4  -1  -1  -3   1  -4   1   1  -2   0   0  -2   1  -1  -4  -1   1   24   1   0   0   1   3   0  12   0   8  17   2   2   3   2  10   2   0   1  10  0.24 0.24
  376 F    -1  -3  -5  -5   0  -2  -5  -4   0   2   3  -4   0   5   0  -3   0  -4  -1   0    6   2   0   0   2   2   0   1   2  12  27   0   1  25   5   2   7   0   1   5  0.59 0.39
  377 G     0  -2  -2  -2   1   0  -3   2  -3   0   1  -3   1   1  -4   2   0  -4  -3   0    9   2   1   2   3   4   0  16   0   5  15   0   5   7   0  17   5   0   0   7  0.20 0.23
  378 T     0  -1  -1  -2   0  -2  -2  -1  -3   2   1  -2   0   0  -1   1   1  -4  -1   2    6   3   2   1   2   1   2   6   0  15  12   1   2   5   3  13   9   0   1  14  0.14 0.17
  379 L    -1  -4  -1  -4   0  -4  -1   0  -4   2   4  -4   0   0  -2  -1   0  -4  -3   1    6   0   3   0   2   0   4   7   0   9  40   0   2   4   2   4   6   0   0   9  0.39 0.31
  380 L     0  -1  -2  -3  -1  -3  -4  -3  -1   2   3  -1  -1   1  -4   1   0  -4   0   1    8   3   2   1   1   0   0   1   2  12  32   3   1   5   0  13   5   0   3   7  0.30 0.28
  381 C     1  -4  -4  -4   5  -2  -2  -3  -1   0   2  -3  -1   1  -3   1   0   0   0   1   12   0   0   0  11   2   3   1   2   4  25   1   1   6   1  10   4   2   3  12  0.32 0.29
  382 I     0  -2  -2  -2   1  -2  -2   1  -4   3   1  -3  -2   0  -4   0   0  -4  -1   3    9   2   1   3   4   1   3  12   0  17  11   0   0   4   0   6   5   0   2  20  0.23 0.23
  383 A     2  -3  -2  -2   0  -1  -2   2  -3   1   1   0  -1   1  -4  -1  -1  -4  -1   1   19   0   1   1   2   3   2  17   0   8  18   6   1   5   0   3   2   0   2  10  0.19 0.22
  384 I     0  -5  -1  -5  -2  -3  -3  -4  -4   4   2  -4   0   0  -3  -3   0  -3   4   2    8   0   4   0   1   1   1   1   0  22  17   0   2   3   2   1   7   0  18  12  0.52 0.38
  385 V     0  -4  -2  -3   1  -4  -4  -1  -4   2   1  -4   1   1  -2   0   2   0  -3   3    9   0   1   1   3   0   0   5   0  14  13   0   3   6   2   5  13   2   0  23  0.32 0.28
  386 L     0  -4  -2  -4   0  -3  -3  -3  -3   2   3  -2   2   2   0  -2  -1  -1   3   1    7   0   2   0   2   0   1   1   0  10  29   2   4   7   5   3   4   1  10   9  0.31 0.26
  387 R    -2   5  -2  -2   1  -2   0  -1  -1   2  -1   0  -1   0  -1  -1  -3   4   0  -1    3  33   2   2   3   0   5   5   1  15   5   4   1   3   3   3   0   6   3   3  0.44 0.35
  388 F    -1  -2   0  -4   0  -1  -1  -3   4  -1   2  -1  -1   4  -2  -2  -1  -2   3  -1    5   2   5   0   3   2   4   2   9   2  18   3   1  21   2   2   3   0  12   4  0.36 0.28
  389 K    -1   5  -3  -4  -5  -1  -2  -3  -2   0  -1   5  -4  -3  -4  -1  -1  -5  -4  -3    5  30   0   0   0   2   2   1   1   5   6  35   0   1   0   5   3   0   0   2  0.84 0.51
  390 K    -2   2  -1   0  -4   3   1  -2   5  -4  -2   3  -3  -2  -3  -1  -1   2   0  -1    3   9   2   5   0  14   7   2  14   1   3  21   0   1   1   4   3   3   3   5  0.45 0.32
  391 T    -1   3  -1  -3   0   0   0  -3   0  -1   0   3   1  -3  -3  -1   2   0   1  -1    4  14   2   1   2   4   7   2   3   3   9  21   4   0   1   2  13   2   4   5  0.24 0.23
  392 W    -1   1  -2   1  -3   1  -2  -1  -2  -2  -1   0   1   2  -1   0  -1   6   1  -1    6   9   2   9   0   6   1   4   0   2   7   6   4  12   3   6   4  12   5   4  0.26 0.21
  393 K    -2   4  -3  -2  -5   0  -1  -1  -3   0  -2   3   2  -3  -2  -1  -1   5  -3  -2    2  25   0   2   0   4   3   6   0   5   4  19   6   1   2   5   4   9   0   3  0.50 0.37
  394 L     0   0  -1   0  -3   1  -1  -4  -1   0   2  -2   1   2  -1   0   0  -3   2  -1    6   5   2   6   0   6   2   0   1   6  26   0   3  10   3   8   6   0   7   2  0.16 0.20
  395 R    -1   4   1  -2  -1   1  -1  -1   1  -3   0   2   1  -1   0  -2  -1   1  -1  -1    4  25   7   2   2   6   3   4   3   0   8  13   4   3   5   0   4   2   2   4  0.26 0.25
  396 A     2  -1  -1  -2  -1  -1  -2  -1  -3   0   2  -1   1   0  -3   1   1   0  -3   1   21   2   3   1   1   1   2   3   0   5  19   4   3   4   0  10   8   1   0  10  0.16 0.19
  397 L     0   2  -1  -3  -3   0  -1  -2   2   0   1   2  -1  -3  -2  -1   1   2   0   1    9  14   2   0   0   3   3   2   7   4  13  14   1   0   1   4  10   3   2   9  0.17 0.21
  398 K    -1   3  -1  -3  -2  -1  -1   0  -3  -1  -1   4  -3  -2   1  -1   0   2  -1  -3    4  17   3   0   1   2   3   9   0   5   6  29   0   1   6   4   5   3   2   1  0.37 0.33
  399 E    -1  -2   1  -1   0   3   3   0   3  -3   0   2  -3  -4  -1   0  -3  -1   0  -2    3   0   7   3   2  12  19   7   7   1   9  13   0   0   3   6   0   1   3   3  0.27 0.28
  400 G     0  -2   0  -2   3  -2   1   3  -3  -3  -1  -1  -3  -2  -1   2   1  -4   0  -3    8   2   4   1   6   0   8  25   0   1   7   4   0   2   3  17   7   0   3   0  0.31 0.29
  401 K    -1   0  -3  -2  -4  -1  -1   0  -3  -2   1   4   1  -2   2   0   1  -4  -2  -1    3   3   0   1   0   2   3   7   0   2  15  28   3   1  10   8   8   0   1   5  0.29 0.29
  402 T     1   0  -1   2  -3   0  -1  -1  -2  -1  -2  -2  -1   0   2   0   2  -4  -3   0   11   6   2  16   0   4   2   4   1   3   4   1   1   4   9   7  16   0   0   7  0.18 0.21
  403 S    -1  -2   0  -3  -1  -1   0   2   0  -1   0  -1  -2  -1  -2   3   0  -4   0   0    4   1   4   0   1   2   7  16   2   3  11   2   0   2   1  28   6   0   4   6  0.23 0.27
  404 M    -1  -3  -3  -1  -1   2  -2  -2  -4   0  -1   0   4  -1   3   1   1  -4  -2   2    4   0   0   4   1  10   2   2   0   4   3   4  12   2  14  12  10   0   1  13  0.29 0.31
  405 H    -1   0  -1  -1  -4   1  -2  -1   3   0   0   0   0  -2   3   1  -1   0   0   0    5   5   2   2   0   6   1   4   9   5  10   7   2   1  17  10   4   2   3   6  0.20 0.20
  406 P    -1  -1  -2  -1  -5   1  -2  -3   0  -1  -2   2  -2  -4   5   1  -2   0   0  -1    5   3   1   4   0   6   2   1   2   4   4  13   1   0  33  11   1   1   3   5  0.60 0.42
  407 P     1   0  -2  -2  -2   0  -1  -3   0  -1  -2  -2   3  -3   4   2   0  -5  -4  -1   10   5   1   1   1   5   4   1   3   3   3   1   9   1  24  19   6   0   0   3  0.47 0.38
  408 Y     0  -1   0  -1   2   1  -1   1   1  -1  -2   1  -2  -2   2   1   0  -3   2   0    5   3   5   3   5   6   2  12   4   5   1   9   0   0   9   9   5   0   9   8  0.13 0.17
  409 S     1   0  -1   0  -3   0  -2  -2  -3  -2  -1   0  -1   3   1   3   0   1   0  -2   12   4   2   7   0   4   1   1   0   2   7   6   1  12   7  24   4   2   2   2  0.21 0.25
  410 L     0  -1  -3  -3   1   0  -3  -4  -2   1   3   0   1  -1   2  -1   0  -4  -2   0    6   4   0   1   3   6   0   0   1   6  32   6   3   2  11   5   4   0   1   7  0.26 0.25
  411 G     0  -3   0   1  -2  -2  -2   3   0  -1  -2   0  -1  -2   1   1   1  -4  -3   1    9   0   3   7   1   1   0  22   3   4   4   6   2   1   8  11   8   0   0  11  0.19 0.20
  412 Q     0  -1  -2  -4  -5   5   0  -3   2  -3  -2  -2  -4  -5   5   0  -1   1  -2  -4    9   3   2   0   0  26   4   2   5   2   3   1   0   0  27   8   4   2   1   0  0.74 0.51
  413 L     1  -1  -1   0  -1  -1   0  -2  -1  -1   2  -2   3  -2   1   0  -2  -3   0  -1   12   3   3   6   1   3   6   2   2   2  28   1   9   0   8   9   1   0   3   2  0.17 0.21
  414 V     0  -1  -3  -2  -3   0  -2  -1  -1   2  -1   0  -1   0   3   1   0  -4  -3   2    5   3   0   2   0   3   2   5   1  11   4   5   1   4  15  11   5   0   0  21  0.22 0.22
  415 P    -1  -2   0  -2   0  -3  -2  -4   1  -4  -2  -2  -4  -5   6   2   1  -5  -4  -3    5   2   4   2   2   0   2   1   4   0   4   2   0   0  45  15   9   0   0   2  1.04 0.57
  416 E     0  -1  -2  -1  -3  -1   1   0   0   0   0   0  -1  -1   0   2   0   1  -2   1    7   2   0   2   0   1  11   9   2   4   8   5   1   2   5  19   6   2   0  12  0.10 0.16
  417 R     2   1   1   0  -3   2   0  -2   0  -3  -1   1  -1  -3   1   1  -1  -4  -1  -1   21   7   7   5   0  12   4   2   2   0   5   8   2   0   6  12   2   0   2   5  0.19 0.22
  418 P     0   0   0  -4  -5   0  -3  -3   2  -1  -5   1  -4  -5   6  -1   0  -5  -2  -3    7   4   4   0   0   4   0   2   5   4   1  11   0   0  45   5   5   0   2   2  0.97 0.53
  419 R     0   1  -1  -2  -1   2   0   0  -1  -1   1   1  -1  -3   1   0  -1  -3  -1   1    6   8   2   2   2  12   4   8   1   3  14   7   0   0   8   8   2   0   2  12  0.09 0.15
  420 P     0  -2  -3  -2  -4   0   1  -1   0  -4  -2  -3  -4  -5   6   2  -2  -5  -4   0    6   2   0   2   0   3  10   4   3   0   4   0   0   0  40  15   2   0   0   7  0.82 0.49
  421 T     0   0   0  -1  -1   1   2  -2  -3  -1  -1  -1   0  -3   3   0   2  -4  -2  -1    8   4   5   3   2   5  13   1   0   3   5   3   3   0  16   7  16   0   1   3  0.25 0.23
  422 P     0  -2  -1  -1  -3   0   2   0  -1  -2   1  -1  -2   0   3   0   0   0  -3   0    6   1   2   2   0   4  15   9   1   0  14   2   0   4  18   6   6   2   0   8  0.22 0.23
  423 V     0  -1  -2   0  -3   2   1  -1  -1   1  -1  -1  -1  -3   0   1  -1  -4   0   2    8   3   0   5   0  14   9   4   2   9   3   1   1   0   4  13   1   0   3  19  0.17 0.23
  424 L     1   0  -1   0  -2  -1   0   0  -2   1   0  -1  -1   1   0  -1   0  -3  -1   1   16   5   2   6   0   2   4   8   0   7  12   2   0   6   5   2   7   0   1  12  0.05 0.11
  425 V     0  -1  -1   0   2   0   0  -2  -1   1   1  -2  -1  -3  -3   0   2  -4  -3   2    8   2   2   5   5   4   5   2   1   7  15   0   0   0   0   6  17   0   0  20  0.18 0.22
  426 P    -3  -4  -2  -4  -5   1  -2  -5  -5  -2  -1  -3  -2  -3   7  -1  -1  -6  -5   1    1   0   2   0   0   7   3   0   0   2   6   1   1   1  55   4   4   0   0  11  1.30 0.67
  427 L    -1   0  -1  -3  -3   0  -1   0  -3  -1   3  -1   0  -3   2  -1   1  -4  -1   0    3   5   3   0   0   4   3   8   0   2  35   2   2   0  11   5  11   0   2   5  0.24 0.26
  428 I    -1  -2   0  -1   1  -1  -3  -2  -1   1   2  -1  -1   3   2  -2  -1  -3   1   0    3   2   6   4   4   3   0   2   1   8  22   3   0  13  13   2   3   0   5   7  0.20 0.21
  429 S     2  -1  -1  -1  -4   0  -2  -1  -1  -4  -3  -2  -1   0   2   4   1  -5  -2  -2   17   4   2   3   0   5   2   3   1   0   2   2   1   4  11  32   9   0   1   2  0.40 0.36
  430 P    -2  -1  -2  -1  -1   0   2  -3   1  -2  -1  -2  -4  -5   5   2  -2  -5  -4  -2    2   4   2   3   1   3  12   2   4   2   7   1   0   0  34  19   2   0   0   2  0.67 0.45
  431 P    -1  -2   1  -2  -5   1   2  -2  -4  -5  -2  -2  -4  -5   6   0  -3  -5  -2  -3    6   2   8   2   0   5  15   3   0   0   5   2   0   0  41   7   0   0   2   2  0.89 0.52
  432 V     0   0   1  -2  -3   0  -1   0  -1   1   0  -1  -2  -2   0  -1   0  -4  -3   3    7   6   7   1   0   4   3   7   2   8   5   3   0   2   4   2   6   0   0  32  0.18 0.22
  433 S    -1   1   0  -2  -3   0   0   0   2  -3  -1   1  -2  -1   1   2   1  -3   1  -1    2   9   3   0   0   2   6   6   5   0   8  10   0   3   7  22   8   0   6   4  0.17 0.22
  434 P     1  -4   0  -2  -5  -2  -1  -2   0  -5  -1   0  -4  -2   6   0  -2  -5  -2  -4   11   0   4   2   0   1   4   3   2   0   7   6   0   2  45   8   2   0   2   0  0.92 0.52
  435 S     0  -3   0  -2  -4   0   0   0   3  -1  -1  -2  -3  -4   4   2   2  -5  -3  -1    5   0   5   1   0   3   6   7   8   4   5   1   0   0  21  17  12   0   0   4  0.38 0.31
  436 S     2  -2  -3  -2  -4   0  -1  -3  -4  -4  -3   0  -1  -2   4   4   0  -5  -4  -2   15   2   0   1   0   4   4   0   0   0   2   4   2   2  22  35   6   0   0   2  0.65 0.46
  437 L     0  -1  -1  -1  -3   0  -1  -2   0   0   1  -2  -2  -1   3   1  -1   1   0   1    7   4   2   3   0   5   2   2   2   4  14   0   0   2  18  14   1   2   4  14  0.21 0.22
  438 G     0  -1   1   1  -1   2   1   3   0  -1  -3  -1  -3  -2   0   1   0  -4  -3  -2    5   2   7   9   2  10  11  22   3   4   0   3   0   2   4   9   5   0   0   3  0.23 0.20
  439 S     0  -2   0  -1  -3   0   2  -1   0  -2  -3   1  -3  -4   1   3   1  -4  -3   0    4   0   4   2   0   3  18   5   2   2   1  11   0   0   6  25   8   0   0   8  0.30 0.27
  440 D    -3  -2   1   4  -4   3   2  -3  -2  -3  -2   1  -3  -4   1   0   0  -4  -4  -1    0   0   6  24   0  16  14   0   0   0   5   9   0   0   6   5   6   0   0   6  0.45 0.33
  441 N     0   1   5  -1  -4  -2   1   0   3  -4  -4   0  -3  -4  -3   1  -1  -4  -3  -3    7   6  38   2   0   0  11   7   8   0   1   4   0   0   0   9   2   0   0   2  0.60 0.36
  442 T    -2  -2  -1   2  -3   0   2  -3   0   1   0  -1   1  -3  -1  -1   2   3  -2   0    1   0   3  12   0   3  19   1   2  10   8   2   4   0   2   3  18   5   0   8  0.23 0.22
  443 S     0   0   1  -2  -3   0   2  -1  -2  -1  -2  -1  -2  -2   2   2   0  -3  -3   1    5   4   6   0   0   4  15   5   0   3   2   2   0   2  11  21   5   0   0  15  0.21 0.20
  444 S     0   1   2  -1  -3   3   2   1   1  -3  -2   0  -2  -2   0   1   0  -3  -2  -1    5   6  11   1   0  14  14  10   4   0   2   3   0   2   3  14   4   0   0   5  0.21 0.18
  445 H    -2  -1   2   0  -4   0   3  -2   5  -3  -3   0   0   0   2  -1   0  -4  -2  -2    1   3   9   4   0   3  27   2  17   0   1   3   3   4  11   3   6   0   0   2  0.45 0.29
  446 N    -1  -2   0  -1  -3   2   3  -1  -2   0  -3   0  -2   1  -2   3   0  -3   0  -2    4   0   4   2   0  10  22   4   0   8   1   5   0   7   0  24   4   0   3   1  0.27 0.24
  447 R    -2   2   1  -1   0   1   2   1   0  -1  -1   1  -2  -3   1  -1  -1   2  -2  -1    1  14   6   2   2   8  20  10   2   5   5   7   0   0   7   1   2   3   0   4  0.21 0.17
  448 P    -1  -2  -1   0  -4   1   1  -1   0  -3   1   1  -2  -4   5  -2   0  -4  -3  -2    3   0   2   4   0   8  10   5   2   0  15   8   0   0  34   0   6   0   0   2  0.57 0.32
  449 D     1   0   2   3  -1   0   2   0   2  -3  -2  -1  -2  -1   1  -1   0  -4  -2  -1   17   5  10  17   2   3  12   5   6   0   2   0   0   4   7   2   4   0   0   5  0.21 0.19
  450 A     2   1  -2  -2  -3   0   2  -1  -2   0  -1  -1   0  -2   0   0   0   2   1   0   20   8   0   0   0   4  18   4   0   4   4   2   3   0   3   5   5   3   6   9  0.14 0.18
  451 R    -1   3   0   0  -4   0   2  -1   0  -4  -4   2  -3  -3   1   0   1   2   0  -3    2  20   3   3   0   3  14   5   2   0   0  16   0   0   8   7  11   3   3   0  0.34 0.24
  452 D    -1  -1   3   4  -4   0   3   1  -2  -2  -2   0  -3  -4  -3   0  -1  -4  -3  -3    3   2  14  25   0   3  23  11   0   3   4   4   0   0   0   4   2   0   0   1  0.44 0.26
  453 P    -2   2  -1  -1   0  -2   1  -2  -3   0  -3   0  -1  -4   5  -2   1  -4  -3  -3    2  15   2   3   2   0  12   3   0   7   1   4   2   0  36   1   8   0   0   1  0.67 0.33
  454 R     0   2  -1  -1  -3   2   0   0   1   0  -1  -1  -2  -2  -1   1   2  -3   0  -1    7  12   0   3   0  12   6   8   3   6   5   0   0   0   2  13  14   0   3   2  0.13 0.15
  455 S    -1  -2  -2   1  -1  -1   3   2   0  -1  -2  -2   0  -3   1   2  -1  -4  -1  -3    3   0   0   8   1   0  27  14   2   4   2   0   3   0   6  22   3   0   3   0  0.34 0.27
  456 P     2  -2   0   0   0   0  -2   0  -3  -1  -2  -1   0  -3   4   1   1  -4  -3  -1   19   0   4   7   2   3   0   8   0   3   2   3   3   0  20   8  12   0   0   5  0.30 0.20
  457 Y    -1  -3   0  -2  -3  -3  -4  -4  -2   2  -1  -3   5   3  -4  -3   1  -2   5   0    4   0   5   2   0   0   0   0   0  11   2   0  19  12   0   0  11   0  27   4  0.64 0.38
  458 D    -3   0   1   5  -4   2   1  -3   6  -1  -4  -2  -3  -4  -3  -2  -1  -4  -2  -4    1   4   7  33   0   9   9   1  26   4   1   1   0   0   0   1   3   0   0   1  0.82 0.38
  459 I    -3  -4  -2  -4  -3  -3  -2  -2  -3   3   2  -4   3   5  -1  -3  -3  -2  -1   1    0   0   3   0   0   0   3   4   0  19  17   0   9  30   3   0   0   0   0  12  0.52 0.30
  460 S    -1  -3   6  -2  -4  -2  -1  -3   2  -2  -4  -2   0  -1  -4   3   1  -5  -3  -4    3   0  41   0   0   0   3   0   6   2   0   0   3   2   0  29  10   0   0   0  0.82 0.46
  461 N    -4  -3   8   0  -5  -3  -3  -3  -2  -1  -5  -1   1  -5  -5  -2  -3  -6  -5  -1    0   0  82   4   0   0   0   0   0   4   0   3   4   0   0   0   0   0   0   4  1.77 0.69
  462 T     0   2  -1  -3  -3   0  -2  -3   1  -1   0   0   4  -3  -3  -1   4  -4   0  -1   10  15   2   0   0   3   0   0   3   3   6   3  13   0   0   0  34   0   4   3  0.39 0.31
  463 D    -2  -3   1   4  -4   0  -1   1  -3  -5  -5  -2  -4  -5   0   4   1  -5  -4  -4    0   0   4  31   0   4   0   9   0   0   0   0   0   0   3  40   9   0   0   0  0.77 0.42
  464 Y    -5  -1  -5  -6  -6  -5  -5  -6  -1  -1  -4  -5  -4   2  -6  -5  -5  -1   9  -4    0   4   0   0   0   0   0   0   0   4   0   0   0   4   0   0   0   0  89   0  2.52 0.84
  465 F    -5  -5  -6  -6  -5  -6  -6  -6  -4  -2   2  -6  -2   8  -6  -5  -4  -2   0  -1    0   0   0   0   0   0   0   0   0   0  16   0   0  79   0   0   0   0   0   5  1.88 0.63
  466 F    -4  -5  -5  -6  -4  -5  -5  -6  -4  -1   4  -5  -1   6  -5  -5  -4  -2   2  -2    0   0   0   0   0   0   0   0   0   0  50   0   0  46   0   0   0   0   4   0  1.29 0.48
  467 P    -1  -3  -2  -2  -3  -2  -2  -3  -3  -2  -1  -2  -2  -3   7   1   1  -4  -3  -2    0   0   0   0   0   0   0   0   0   0  10   0   0   0  66  12  12   0   0   0  1.31 0.17
  468 R    -2   7  -1  -2  -4   0  -1  -3  -1  -4  -3   3  -2  -4  -3  -2  -2  -4  -3  -4    0  88   0   0   0   0   0   0   0   0   0  12   0   0   0   0   0   0   0   0  1.17 0.21

                      K         Lambda
Standard Ungapped    0.1317     0.3174
Standard Gapped      0.0363     0.2670
PSI Ungapped         0.1185     0.3176
PSI Gapped           0.0363     0.2670
