
Last position-specific scoring matrix computed, weighted observed percentages rounded down, information per position, and relative weight of gapless real matches to pseudocounts
            A   R   N   D   C   Q   E   G   H   I   L   K   M   F   P   S   T   W   Y   V   A   R   N   D   C   Q   E   G   H   I   L   K   M   F   P   S   T   W   Y   V
    1 M    -6  -7  -7  -8  -7  -6  -7  -8  -7  -4  -3  -7  11  -5  -8  -7  -6  -7  -6  -4    0   0   0   0   0   0   0   0   0   0   0   0 100   0   0   0   0   0   0   0  3.94 1.27
    2 D     0  -1   0   3  -5   0   4   1  -2  -3  -3   0  -1  -4  -2  -1  -1  -1  -4  -2    9   3   4  14   0   2  34  10   1   2   2   5   1   0   2   2   2   1   0   3  0.46 0.30
    3 K    -1   2   0  -1  -2   1   1   1   0  -1  -1   2   0  -3   1   0   0   2  -2  -1    5  12   3   1   1   7   8  12   2   4   5  13   3   1   7   5   5   4   0   3  0.14 0.13
    4 N    -1   1   4   0  -5   0   3   3  -1  -3  -3   0  -2  -3  -3  -1  -1   0  -2  -2    5   6  20   4   0   3  19  20   1   2   1   4   1   1   1   4   4   2   1   2  0.37 0.27
    5 Q    -4  -4   9  -3  -8   1  -3  -5   0  -7  -7  -3  -5  -6  -7  -3  -4  -4  -5  -8    1   1  83   0   0   7   1   0   2   0   0   1   0   0   0   1   1   0   0   0  2.45 0.98
    6 T    -1   0   0  -1   1   3   0  -1   4  -2  -1   0  -1  -1  -4   1   1   1   0  -1    3   5   4   2   3  18   5   4  13   2   6   4   1   2   0   9  11   2   2   4  0.25 0.23
    7 E    -3  -4  -1  -2  -3  -4  -3  -4  -2  -3  -5  -4  -3  -4  -4   4   6  -2  -5  -4    1   1   3   2   0   0   1   1   1   1   1   0   1   1   0  32  54   1   0   0  1.37 0.69
    8 V     0  -1   0  -1  -1   0   0  -1   0   0   0  -1   0   0  -1   2   1   1  -2   1    8   3   4   2   1   3   7   3   2   5   8   2   2   4   3  16  12   2   1  12  0.07 0.11
    9 M    -2  -4  -4  -4  -3  -4  -3  -3  -4   3   0  -4   1  -2   0  -3  -1  -3  -4   6    3   0   1   1   0   1   2   3   0  12   7   1   3   2   5   2   4   0   0  54  0.83 0.44
   10 R    -1  -1  -1  -2  -4   0  -2  -3  -4  -3  -4   0   0  -3  -2   3   6  -6  -4  -2    3   3   2   2   0   3   2   2   0   1   1   4   2   1   2  19  48   0   0   3  0.82 0.51
   11 E    -4  -2  -2   2  -7   0   7  -1   0  -6  -6  -2  -2  -5  -5  -3  -3  -6   0  -3    1   1   1   9   0   3  66   5   2   0   0   2   1   0   0   1   2   0   3   2  1.36 0.66
   12 F    -7  -8  -8  -9  -8  -8  -8  -8  -6  -4  -3  -8  -5  10  -9  -8  -7  -4  -2  -4    0   0   0   0   0   0   0   0   0   1   2   0   0  96   0   0   0   0   0   1  3.37 1.15
   13 F    -4  -4  -6  -7  -5  -5  -6  -7  -2   6   2  -6  -1   1  -6  -5  -1  -4  -3   3    1   1   0   0   0   0   0   0   1  49  17   0   1   5   0   0   4   0   0  21  1.21 0.55
   14 L    -6  -7  -8  -8  -6  -7  -7  -8  -7   0   7  -7  -1   2  -7  -7  -6  -6  -5  -3    0   0   0   0   0   0   0   0   0   4  86   0   1   8   0   0   0   0   0   1  1.91 0.79
   15 S    -3  -2  -6  -5  -4  -1  -3  -6  -5   0   5  -3   2  -3  -5  -3  -1  -2  -4   2    2   2   0   0   0   3   2   0   0   3  64   1   4   1   0   2   4   1   0  11  1.00 0.52
   16 G    -2  -4  -5  -5  -5  -6  -5   8  -7  -8  -8  -5  -7  -8  -5  -3  -5  -5  -8  -5    2   1   0   1   0   0   1  91   0   0   0   0   0   0   0   2   0   0   0   1  2.40 0.92
   17 F    -6  -7  -7  -8  -5  -7  -7  -8  -6   1   4  -7  -2   8  -7  -7  -5  -3  -2  -2    0   0   0   0   0   0   0   0   0   6  40   0   0  51   0   0   0   0   0   2  1.82 0.74
   18 S    -1  -3  -3  -4  -3  -2  -4  -2  -3  -5  -4  -4  -4   0   2   5   4  -3  -4  -4    3   1   1   0   0   2   0   3   0   0   1   0   0   4  12  45  26   0   0   1  0.98 0.59
   19 Q    -1  -2   2   4   0   1   2   0   2  -3  -4  -2  -3  -4  -2   1   0  -5  -2  -2    3   1  11  26   2   7  11   6   4   1   1   2   0   0   2  12   5   0   1   2  0.43 0.30
   20 T    -1   1   1   2  -2   1  -1  -2   2  -1   0  -1  -2  -1  -1   1   0   1   1  -1    3   8   7  16   1   6   3   2   7   5   9   2   0   3   3  11   6   2   4   3  0.12 0.14
   21 P    -2   0  -3  -4  -3   2  -2  -3   0  -5  -2  -2  -4  -4   7  -1  -2   4  -2  -5    4   5   1   1   1   8   2   3   2   0   5   2   0   1  50   6   2   5   1   1  1.18 0.59
   22 S    -1   0   0   1  -5   2   5   0   2  -4  -3   1  -3  -4  -2  -1  -2   2  -2  -3    4   5   5   7   0   9  35   7   5   1   2   8   0   1   2   3   2   3   1   1  0.51 0.34
   23 I    -2  -4  -4  -4  -3   0  -3  -3   0   2   4  -4   2   1  -4  -3   0   1  -2   1    3   0   1   1   0   5   1   2   2   9  47   1   5   4   1   1   5   2   1   8  0.56 0.35
   24 E    -4   2  -1  -2  -3   8   2  -3   2  -6  -6   1  -5  -7  -3  -3  -4   0  -5  -6    0   9   2   1   1  58  11   2   4   0   0   6   0   0   1   1   0   1   0   0  1.48 0.74
   25 A     0  -1  -2  -2  -1  -1  -2  -1  -1   2   1   0   1   0   1  -1   0  -1  -1   1    7   3   1   1   1   2   1   3   2  18  17   6   4   3   7   4   5   1   2  12  0.11 0.12
   26 G    -1  -4  -5  -5  -1  -4  -4  -3  -4   2   3  -5   0   3   3  -2  -1  -1  -2   1    4   0   0   0   1   0   0   1   0  10  33   0   1  14  15   2   4   1   1  11  0.57 0.35
   27 L    -5  -6  -7  -7  -1  -5  -7  -7   0   0   6  -6  -1   3  -5  -5  -5  -4  -2  -1    0   0   0   0   1   0   0   0   2   4  74   0   0  12   1   1   0   0   1   2  1.47 0.66
   28 F    -4  -7  -6  -8  -2  -8  -8  -7  -5  -3  -1  -8  -4   9  -8  -3  -5  -3   0  -4    1   0   0   0   1   0   0   0   0   1   4   0   0  86   0   2   1   0   2   1  2.69 0.97
   29 V     1  -4  -4  -5   0  -4  -4   1  -4   2   2  -4   1   0  -2   0  -1   0  -3   4   10   0   0   0   2   0   0  10   0   9  17   0   4   5   2   6   4   1   0  29  0.36 0.27
   30 L    -2  -5  -6  -6  -2  -4  -5  -4  -5   3   4  -5   3   1  -4  -3  -1  -5  -3   3    3   0   0   0   1   0   0   1   0  13  39   0   7   6   1   2   4   0   0  23  0.76 0.40
   31 F    -6  -7  -5  -8  -1  -7  -7  -7  -6   1   0  -7  -4   9  -8  -5  -5  -4  -2  -1    0   0   1   0   1   0   0   0   0   7   6   0   0  77   0   1   0   0   0   5  2.32 0.87
   32 L    -4  -6  -6  -7  -1  -6  -6  -6  -6  -1   6  -6   0   2  -6   0  -2  -5  -4  -2    1   0   0   0   1   0   0   1   0   2  75   0   1   7   0   8   3   0   0   1  1.37 0.65
   33 F     0  -4  -4  -5   1  -4  -4  -1  -4   2   3  -4   1   2  -3   0   0  -3  -2   2    8   0   0   0   3   0   0   5   0  13  27   0   2   8   1   8   6   0   0  16  0.35 0.25
   34 F    -1  -5  -5  -6  -2  -5  -5  -6  -5   5   1  -5   5   2  -5  -2   0  -5  -4   2    4   0   0   0   1   0   0   0   0  37  12   0  16   8   0   3   7   0   0  13  0.88 0.45
   35 Y    -7  -7  -7  -7  -5  -7  -7  -8  -2  -6  -6  -7  -6   2  -8  -6  -7  -3  10  -6    0   0   0   0   0   0   0   0   1   0   0   0   0   6   0   0   0   0  92   0  3.43 1.22
   36 M    -2  -5  -6  -6  -3  -4  -5  -3  -6   3   4  -5   2   0  -3  -2   0  -5  -4   2    2   0   0   0   0   0   0   2   0  16  47   0   5   4   1   2   6   0   0  14  0.78 0.41
   37 S     0  -5  -5  -5  -2  -4  -5  -4  -5   3   3  -4   3   2  -5  -3   1  -3  -3   3    9   0   0   0   1   0   0   1   0  17  24   0   6   8   0   1   9   0   0  23  0.59 0.34
   38 I     1  -5  -1  -5  -2  -5  -5  -4  -6   1  -5  -5  -4  -6  -5   1   7  -7  -6  -3    9   0   3   0   1   0   0   1   0   9   0   0   0   0   0   8  67   0   0   1  1.50 0.75
   39 W    -4  -6  -6  -7  -2  -4  -5  -6  -6   2   5  -6   3  -1  -6  -4  -3  -1  -4   4    1   0   0   0   1   0   0   0   0   9  51   0   7   2   0   1   1   1   0  26  1.11 0.53
   40 V     0  -4  -4  -5  -1  -4  -4  -3  -5   1   3  -4   3   0  -4   0   1  -2  -3   2   10   0   0   0   1   0   0   2   0   8  32   0   9   4   1   6  10   0   0  17  0.48 0.32
   41 G    -2  -5  -4  -4  -6  -5  -2   7  -6  -7  -8  -6  -5  -7  -6  -2  -5  -1  -7  -6    3   0   0   1   0   0   3  87   0   0   0   0   0   0   0   3   1   1   0   1  2.17 0.86
   42 N    -7  -6   9  -4  -8  -5  -5  -6  -3  -9  -8  -5  -7  -8  -7  -4  -5  -9  -7  -8    0   0  99   0   0   0   0   0   0   0   0   0   0   0   0   0   0   0   0   0  3.28 1.21
   43 V    -1  -4  -5  -5  -1  -4  -4   1  -5   2   4  -4   2   0  -5   0   1  -3  -4   1    5   1   0   0   1   0   0  10   0   9  45   0   4   4   0   6   7   0   0   8  0.55 0.34
   44 L     0  -5  -4  -5   0  -4  -5   2  -5   1   4  -4   0   0  -5  -1   1  -2  -4   0    8   0   0   0   2   0   0  17   0   6  41   0   2   3   0   5   9   0   0   7  0.51 0.34
   45 I    -5  -7  -7  -7  -5  -6  -7  -8  -7   7   1  -6   5  -3  -7  -6  -3  -6  -5   0    0   0   0   0   0   0   0   0   0  66  12   0  15   1   0   0   1   0   0   4  1.85 0.75
   46 M    -3  -6  -7  -7  -4  -6  -6  -7  -6   7   1  -6   3  -1  -5  -4  -2  -4  -4   3    2   0   0   0   0   0   0   0   0  55  12   0   7   2   0   1   2   0   0  17  1.37 0.59
   47 V     0  -4  -4  -5   1  -4  -5  -2  -4   2   3  -4   2   1  -4  -1   1  -1  -2   2    7   0   0   0   3   0   0   3   0  12  32   0   4   6   0   4  10   1   1  17  0.46 0.30
   48 T     2  -5  -5  -6  -4  -5  -5  -5  -6   2   4  -5  -1  -3  -5  -3   2  -5  -4   2   16   0   0   0   0   0   0   0   0  11  41   0   1   0   0   1  14   0   0  15  0.77 0.45
   49 V    -4  -6  -6  -6  -4  -6  -6  -6  -7   7  -3  -6  -2  -4  -6  -1   2  -6  -4   4    1   0   0   0   0   0   0   0   0  52   0   0   1   0   0   6  11   0   0  28  1.41 0.64
   50 A    -1   3  -2  -4   3  -1  -3  -2   1   1   0   0  -1  -1  -4   0   0   5   0   0    3  18   1   0   6   3   0   3   4  11   9   4   1   2   0   9   7   8   4   6  0.27 0.23
   51 S     1  -2  -2  -4   1  -3  -4  -2  -3   1   2  -3   2   0  -4   2   1   2  -1   1   10   2   1   0   3   1   0   2   1   6  26   1   5   4   0  15  11   3   1  10  0.27 0.24
   52 D    -4  -5   2   7  -3  -3   0  -5   0  -6  -7  -4  -5  -5  -5   2  -3  -6  -6  -5    1   0   8  64   1   0   5   0   2   0   0   0   0   0   0  13   1   0   0   1  1.65 0.73
   53 K     0   1  -2  -3  -2   1  -3  -4   2  -4  -4  -2  -3  -4   5   4   0  -2  -2  -3    7   7   1   1   1   5   0   1   5   1   1   1   1   1  27  34   4   1   1   1  0.80 0.49
   54 Y    -2   5  -1  -4   1   3  -3  -3   7  -5  -4   0  -4  -5  -3   1  -1  -4  -2  -4    4  28   2   1   3  13   1   2  26   0   1   4   0   0   1   9   3   0   1   1  0.97 0.52
   55 L    -6  -6  -8  -8  -6  -6  -7  -8  -7  -3   7  -7  -1  -2  -7  -7  -6  -6  -5  -3    0   0   0   0   0   0   0   0   0   0  96   0   1   1   0   0   0   0   0   0  2.21 0.88
   56 N    -6  -1  -1  -4  -5   3  -4  -3  11  -6  -6  -3  -5  -4  -6  -5  -6  -7  -2  -7    0   4   2   1   0  11   0   3  74   0   1   1   0   1   0   0   0   0   1   0  2.77 1.01
   57 S    -3  -3  -3  -3  -3  -3  -3  -4  -3  -3  -4  -3  -4  -4  -4   3   7  -5  -4  -3    2   1   1   1   0   1   1   1   1   1   1   1   0   1   1  17  68   0   1   1  1.52 0.67
   58 S     0   0   0   0   0   0   0   0   0   0   0   0   0   0   0   0   0   0   0   0    9   6   6   4   2   4   5   6   2   6   9   7   3   3   5   8   5   1   3   6  0.02 0.09
   59 P    -6  -7  -7  -6  -7  -6  -6  -7  -7  -7  -7  -6  -7  -8   9  -6  -6  -8  -7  -7    0   0   0   0   0   0   0   0   0   0   0   0   0   0  97   0   0   0   0   0  3.43 1.21
   60 M    -6  -7  -8  -9  -7  -6  -8  -8  -7  -4  -3  -5  11  -5  -8  -7  -4  -7  -7  -3    0   0   0   0   0   0   0   0   0   0   1   1  96   0   0   0   1   0   0   1  3.85 1.36
   61 Y    -7  -7  -8  -9  -5  -7  -7  -8  -2  -7  -6  -7  -6  -1  -8  -6  -7  -3  10  -7    0   0   0   0   0   0   0   0   1   0   0   0   0   1   0   1   0   0  97   0  3.67 1.30
   62 F    -6  -7  -7  -8  -5  -7  -7  -7  -2   0  -1  -7  -3   9  -8  -5  -6  -2   3  -4    0   0   0   0   0   0   0   0   1   4   5   0   0  78   0   1   0   0   8   1  2.47 0.92
   63 L    -7  -7  -8  -8  -5  -8  -8  -8  -6  -5   1  -8  -4   9  -8  -7  -7  -4  -1  -5    0   0   0   0   0   0   0   0   0   0  13   0   0  86   0   0   0   0   0   0  2.86 1.03
   64 L    -6  -7  -8  -8  -6  -6  -7  -8  -7   0   7  -7  -1  -3  -6  -7  -5  -6  -5  -2    0   0   0   0   0   0   0   0   0   4  92   0   0   1   0   0   0   0   0   1  2.06 0.84
   65 G     2   1  -2  -3   3  -2  -4   2  -4  -4  -3  -2  -3  -1  -4   4   0  -2  -4  -3   14   8   1   1   6   1   0  18   0   1   2   2   0   3   0  37   5   0   0   2  0.61 0.42
   66 N    -3  -5   7  -3  -1   0  -4  -5   6  -3  -6  -4  -3  -4  -5  -1  -3  -7  -1  -3    2   0  58   1   1   5   0   0  18   2   0   1   1   1   0   4   1   0   2   2  1.66 0.75
   67 L    -6  -6  -8  -8  -6  -6  -7  -8  -7  -3   7  -6  -1   2  -6  -7  -6  -6  -5  -3    0   0   0   0   0   0   0   0   0   0  91   0   1   7   0   0   0   0   0   0  2.05 0.84
   68 S     2  -6  -4  -5  -4  -5  -5  -5  -6  -7  -7  -5  -6  -5  -5   7  -3  -7  -6  -6   15   0   0   0   0   0   0   0   0   0   0   0   0   0   0  84   0   0   0   0  2.08 0.97
   69 F    -3  -6  -7  -7   2  -6  -7  -6  -5   1   2  -6  -1   8  -6  -3  -3  -3  -1   0    2   0   0   0   5   0   0   0   0   7  18   0   1  55   0   2   1   0   1   7  1.47 0.63
   70 L    -1  -5  -5  -6  -1  -4  -5  -5  -6   3   4  -5   3  -2  -5  -1  -1  -5  -4   3    4   0   0   0   1   0   0   0   0  14  45   0   6   1   0   6   3   0   0  20  0.83 0.44
   71 D    -6  -6  -2   8  -8  -4   4  -5  -5  -8  -8  -5  -7  -8  -6  -5  -6  -9  -7  -8    0   0   1  74   0   0  23   1   0   0   0   0   0   0   0   0   0   0   0   0  2.36 0.95
   72 L    -1  -6  -5  -6  -2  -5  -6  -5  -6   6   3  -5   3   1  -4  -4   0  -5  -4   1    5   0   0   0   1   0   0   0   0  42  25   0   7   5   1   1   6   0   0   7  0.93 0.47
   73 C    -2  -7  -5  -7  10  -6  -7   0  -7  -2  -1  -6  -1   1  -7   0  -3   5  -4  -1    2   0   0   0  52   0   0   9   0   2   5   0   1   5   0   9   1   8   0   3  1.85 0.75
   74 Y    -5  -6  -4  -6   1  -4  -6  -7   1  -3  -1  -6  -3   5  -7  -2  -5  -3   8  -4    0   0   1   0   3   1   0   0   3   2   7   0   0  21   0   3   0   0  57   1  1.95 0.80
   75 S    -1  -5  -3  -5  -2  -4  -4  -5  -5   2  -4  -4  -3  -4  -3   5   5  -6  -5   1    4   0   1   0   1   0   0   0   0  10   0   0   0   0   1  40  33   0   0   8  1.05 0.61
   76 T    -3  -5  -2  -5   1  -4  -5  -5  -5  -5  -2  -5  -4  -3  -5   6   5  -7  -6  -4    1   0   1   0   3   0   0   0   0   0   4   0   0   1   0  56  32   0   0   1  1.44 0.76
   77 V     1  -5   1  -3  -1  -4  -4  -4  -5   0  -3  -4  -3  -3  -5   2   4  -4  -5   5   10   0   6   1   1   0   0   1   0   5   0   0   0   1   0  15  22   0   0  38  0.76 0.48
   78 T    -2  -5  -3  -5  -1  -5  -5  -5  -6   5  -3  -5  -2  -1  -5  -1   5  -4  -3   2    2   0   1   0   1   0   0   0   0  30   1   0   1   3   0   5  40   0   1  16  1.05 0.57
   79 T     1  -5  -4  -5  -3  -4  -4  -3  -5   3   0  -5   0  -3  -5  -1   2  -5  -3   5   10   0   0   0   0   0   0   2   0  16   7   0   2   1   0   5  14   0   0  40  0.72 0.42
   80 P    -5  -7  -7  -7  -8  -6  -6  -7  -6  -6  -6  -6  -8  -9   9  -5  -5  -9  -8  -7    0   0   0   0   0   0   0   0   0   0   1   0   0   0  97   1   0   0   0   0  3.39 1.23
   81 K    -4   3   0  -5  -6   3  -3  -5  -4  -4  -4   7  -3  -6  -4  -2  -3  -7  -4  -5    0  12   5   0   0  12   1   0   0   1   2  62   0   0   0   2   1   0   0   1  1.46 0.70
   82 L    -1  -6  -7  -7  -6  -5  -6  -7  -6   0   2  -6  10  -1  -7  -3  -1  -6  -4  -1    5   0   0   0   0   0   0   0   0   4  19   0  59   2   0   2   4   0   0   4  1.95 0.83
   83 L    -3  -6  -7  -7  -4  -6  -7  -7  -5   2   6  -6   3  -3  -7  -6  -4  -6  -5  -1    2   0   0   0   0   0   0   0   0  10  79   0   6   0   0   0   0   0   0   2  1.65 0.71
   84 A     2  -2  -3  -2  -1   0   0  -2  -1   1  -1  -2   1   0  -3   0   0  -1  -1   3   22   1   1   1   1   4   5   2   1   6   5   1   4   4   0   7   5   1   2  27  0.25 0.24
   85 D    -3  -4   6   4  -4  -3  -3   0   3  -1  -5  -3  -2  -5  -5   0  -1  -7  -3  -3    1   0  43  21   0   0   1   7   6   4   1   1   1   0   0   7   4   0   1   1  1.05 0.55
   86 F    -4  -6  -6  -6   0  -4  -6  -6  -2   2   4  -6   1   6  -6  -2  -3  -4   0  -2    1   0   0   0   2   1   0   0   1  11  42   0   3  30   0   4   1   0   2   1  1.09 0.52
   87 F    -3  -4  -5  -6  -2   1  -5  -4  -1   1   5  -4   0   1  -5  -3  -3   3  -2   1    1   0   0   0   1   6   0   2   1   6  56   0   2   6   0   2   1   4   1  10  0.83 0.45
   88 N     1   0  -2  -3  -1  -2  -2   0  -1  -2  -2  -2   0  -2  -3   4   3  -2  -2   0    9   4   1   1   1   1   1   8   2   1   4   2   3   2   1  34  17   1   1   6  0.38 0.32
   89 H    -1   0   0   1  -4   2   3   2   1  -4  -3   2  -3  -5   1  -1  -1  -4  -4  -3    3   3   4   7   0  11  21  15   4   0   2  13   0   0   6   4   4   0   0   2  0.37 0.27
   90 E    -2   2   2   2  -2   1   0  -1   2  -3  -3   2  -3  -4  -3   1   1  -2  -3  -3    2  13  11  13   1   5   5   3   5   1   1  16   0   0   1  11   7   1   0   1  0.33 0.25
   91 K    -3   3   2  -3  -4   1  -3  -2   0  -5  -5   6  -4  -6  -2  -2  -1  -6  -3  -5    1  14   8   1   0   6   1   3   2   0   1  54   0   0   2   2   3   0   1   1  1.10 0.57
   92 L     1  -1  -1  -3  -4  -3  -3  -3  -1   0  -2  -3  -2  -3  -1   2   5  -5  -3   1   10   4   3   1   0   0   1   1   1   4   3   1   1   1   3  17  39   0   1  10  0.60 0.42
   93 I    -6  -7  -7  -8  -6  -7  -8  -8  -8   8  -2  -7  -1  -4  -7  -6  -5  -7  -6   0    0   0   0   0   0   0   0   0   0  91   2   0   1   0   0   0   0   0   0   4  2.57 0.96
   94 S    -3  -4  -4  -4  -3  -4  -5  -5  -5  -7  -5  -5  -5  -6   1   7   1  -7  -6  -6    1   0   0   0   1   0   0   0   0   0   1   0   0   0   6  83   6   0   0   0  1.92 0.92
   95 Y    -5  -4  -6  -5  -6  -5  -6  -7  -2  -2   0  -5  -2   7  -4  -5  -5  -1   7   0    0   1   0   1   0   0   0   0   1   2   8   0   1  47   1   1   0   1  31   5  1.74 0.72
   96 D     1  -1   1  -1  -2   0  -1   1   0  -1   0  -1   0  -1   0   1   1   0  -1   0   16   3   6   1   0   3   4   9   2   4   8   2   2   2   5  13   8   1   2   8  0.07 0.10
   97 Q     1  -1  -2  -2  -2  -2   0   6  -3  -6  -5  -4  -5  -6  -4   0  -4  -2  -6  -5   13   3   1   3   1   1   6  62   1   0   1   0   0   0   0   6   1   1   0   1  1.21 0.57
   98 C    -6  -8  -8  -9  12  -8  -9  -8  -9  -7  -7  -9  -7  -7  -8  -6  -6  -8  -6  -6    0   0   0   0  98   0   0   0   0   0   0   0   0   0   0   0   0   0   0   0  4.54 1.43
   99 I     3  -4  -5  -5  -4  -4  -4  -1  -5   3   2  -4   5   2  -5  -3  -3  -3  -3   2   22   0   0   0   0   0   0   5   0  14  17   0  16  10   0   1   1   0   0  12  0.61 0.38
  100 V     3  -5  -4  -5  -2  -4  -4  -3  -5   1   1  -4   1  -2  -3   0   4  -4  -4   1   24   0   0   0   1   0   0   1   0   7  14   0   3   1   1   6  32   0   0   9  0.61 0.42
  101 Q    -6  -4  -5  -6  -8   9  -3  -7  -3  -8  -8  -3  -6  -9  -7  -5  -6  -7  -7  -8    0   0   0   0   0  98   0   0   0   0   0   0   0   0   0   0   0   0   0   0  3.33 1.31
  102 L    -3  -5  -5  -6   0  -4  -5  -5  -2   2   4  -5   7   3  -6  -2  -2  -4   0   1    2   0   0   0   2   0   0   0   1   9  32   0  26  12   0   3   2   0   3   7  0.91 0.47
  103 F    -3  -6  -5  -7   2  -6  -6  -4   0  -4  -2  -6  -5   7  -7  -2  -4  -2   7  -4    2   0   0   0   4   0   0   1   2   0   3   0   0  45   0   3   1   0  37   0  1.92 0.78
  104 F    -3  -6  -7  -7   0  -7  -7  -5  -6   1   2  -7  -2   8  -7  -3  -3  -3  -2   0    2   0   0   0   2   0   0   1   0   8  15   0   1  61   0   2   1   0   0   7  1.65 0.69
  105 L    -2  -5  -6  -4  -4  -6  -3  -5  -2  -1   0  -6  -2   8  -6   0  -3  -2   3   0    3   0   0   1   0   0   2   1   1   2   8   0   1  55   0   7   1   0   9   8  1.33 0.60
  106 H    -1  -4  -3  -4   2  -3  -4  -2   5   2   2  -4   1   2  -4  -1  -1  -4  -2   1    5   0   1   1   5   0   0   4  16  11  25   0   3  11   0   4   4   0   1  10  0.45 0.30
  107 F     2  -4  -3  -4   0  -3  -4   0  -3   0   1  -4   1   4  -4   1   1   2  -2   0   15   0   0   0   2   1   0   6   0   4  14   0   3  19   0  14  10   3   0   7  0.35 0.28
  108 V    -3  -6  -5  -7   1  -6  -6  -5  -4  -1   4  -5   2   7  -6  -3  -2  -2  -1  -1    2   0   0   0   2   0   0   1   0   2  41   0   4  38   0   3   2   0   1   3  1.23 0.57
  109 G     3  -5  -4  -4  -2  -5  -4   5  -5  -1  -3  -5  -1  -5  -5  -2  -2  -6  -6   1   26   0   0   1   1   0   1  49   0   4   3   0   1   0   0   2   2   0   0  10  1.03 0.53
  110 A     1  -4  -1  -1   4  -3  -3   3  -1   0  -2  -3  -2  -4  -3   2   2  -5  -3   0   10   0   3   4   9   0   0  23   1   7   2   0   1   0   1  15  15   0   1   7  0.39 0.29
  111 A     2  -5  -3  -4  -2  -4  -4  -3  -5  -1  -2  -4   2  -4  -5   2   6  -4  -5   1   17   0   1   0   1   0   0   2   0   4   4   0   4   0   0  13  45   0   0   8  0.85 0.52
  112 E    -5  -5  -1   3  -8  -2   8  -6  -2  -8  -7  -3  -4  -8  -6  -5  -5  -7  -7  -6    0   0   3  12   0   1  81   0   1   0   0   1   1   0   0   0   0   0   0   0  2.14 0.92
  113 M    -1  -6   0  -4   9  -6  -6  -2  -5   1  -2  -6   1   2  -6   1  -2  -5  -1  -1    4   0   5   1  46   0   0   4   0   7   3   0   4   7   0   9   2   0   2   5  1.37 0.61
  114 F    -2  -6  -5  -6   2  -5  -6  -5  -2   1   2  -6   0   6  -6  -4  -3  -1   4   1    3   0   0   0   5   0   0   1   1   7  20   0   1  38   0   1   1   0  11  10  1.01 0.48
  115 L    -5  -6  -6  -7  -5  -6  -7  -7  -7   2   6  -6   1   1  -6  -6  -4  -5  -4  -1    0   0   0   0   0   0   0   0   0  10  78   0   3   4   0   0   1   0   0   2  1.60 0.69
  116 L    -6  -7  -8  -8  -6  -6  -7  -8  -7  -2   7  -7  -1  -2  -7  -7  -6  -6  -1  -3    0   0   0   0   0   0   0   0   0   1  94   0   1   1   0   0   0   0   2   1  2.11 0.86
  117 T     5  -5  -4  -5  -2  -4  -4  -1  -5  -2  -4  -4  -2  -5  -3   1   4  -6  -5   1   48   0   0   0   1   0   0   4   0   2   0   0   1   0   1  11  22   0   0   9  0.94 0.55
  118 V     3  -5  -5  -5  -3  -5  -5  -3  -5   1  -1  -5   0  -2  -5   0  -1  -6  -4   5   29   0   0   0   0   0   0   1   0   8   4   0   2   2   0   7   4   0   0  42  0.85 0.49
  119 M    -6  -7  -8  -8  -7  -6  -7  -8  -7  -4  -3  -7  11  -5  -8  -7  -3  -7  -6  -4    0   0   0   0   0   0   0   0   0   0   0   0  97   0   0   0   2   0   0   0  3.92 1.38
  120 A     7  -6  -5  -6  -4  -5  -5  -1  -6  -6  -6  -5  -5  -7  -4   3  -4  -7  -6  -5   78   0   0   0   0   0   0   4   0   0   0   0   0   0   0  17   0   0   0   0  1.78 0.83
  121 Y    -6  -7  -6  -8   0  -5  -7  -7  -3  -3  -3  -7  -3   4  -8  -5  -6  -2   9  -3    0   0   0   0   2   0   0   0   0   2   2   0   1  12   0   1   0   0  77   2  2.69 1.02
  122 D    -6  -7  -3   9  -8  -5  -3  -6  -4  -8  -9  -6  -8  -8  -6  -5  -6  -9  -8  -8    0   0   1  98   0   0   0   0   0   0   0   0   0   0   0   0   0   0   0   0  3.10 1.14
  123 R    -6   9  -5  -6  -2  -3  -5  -7  -1  -8  -6  -3  -6  -8  -5  -5  -6  -4  -5  -7    0  93   0   0   1   1   0   0   1   0   1   0   0   0   1   1   0   0   0   0  2.82 1.08
  124 Y    -6  -5  -7  -7   0  -7  -7  -8  -1  -6  -5  -7  -6   4  -8  -6  -7  -3  10  -6    0   1   0   0   2   0   0   0   1   0   1   0   0  14   0   0   0   0  81   0  2.99 1.12
  125 V     1  -5  -5  -7  -4  -4  -5  -6  -6   1   2  -5   2  -4  -6  -4  -2  -6  -5   6   10   0   0   0   0   1   0   0   0   6  16   0   5   0   0   0   2   0   0  59  1.20 0.59
  126 A     7  -6  -6  -5  -5  -6  -6  -5  -7  -6  -6  -6  -6  -7  -6  -4  -3  -8  -7  -3   97   0   0   0   0   0   0   0   0   0   0   0   0   0   0   0   1   0   0   1  2.41 1.03
  127 I    -6  -8  -8  -8  -6  -8  -8  -8  -8   8  -3  -7  -3  -5  -8  -7  -5  -7  -6   2    0   0   0   0   0   0   0   0   0  89   1   0   0   0   0   0   0   0   0  10  2.56 0.96
  128 C    -5  -6  -6  -9  12  -8  -9  -6  -4  -6  -6  -8  -7  -6  -8  -2  -6  -5  -3  -5    1   1   0   0  91   0   0   1   1   0   0   0   0   0   0   4   0   0   1   1  3.94 1.28
  129 R    -4   3   5  -1  -2   1  -3  -5   6  -5  -5   3  -4  -1  -5  -1  -3  -3   0  -5    0  14  23   3   1   6   0   0  20   0   1  18   0   2   0   5   1   0   3   0  0.90 0.49
  130 P    -5  -7  -7  -7  -8  -7  -6  -7  -5  -8  -7  -6  -8  -9   9  -5  -5  -9  -8  -8    1   0   0   0   0   0   0   0   0   0   0   0   0   0  97   0   0   0   0   0  3.44 1.25
  131 L    -6  -7  -8  -8  -6  -6  -7  -8  -7  -3   7  -7  -2  -2  -7  -7  -6  -3  -5  -4    0   0   0   0   0   0   0   0   0   0  97   0   0   1   0   0   0   0   0   0  2.28 0.92
  132 H    -6   5  -3  -6  -4   0  -4  -6   9  -4   2  -3  -4  -4  -6  -4  -3  -6  -1  -4    0  27   1   0   0   3   0   0  44   1  18   1   0   0   0   1   1   0   2   1  1.67 0.74
  133 Y    -7  -7  -8  -7  -6  -7  -7  -9  -2  -7  -7  -7  -6  -2  -8  -7  -7  -3  10  -7    0   0   0   0   0   0   0   0   0   0   0   0   0   0   0   0   0   0  98   0  3.77 1.33
  134 T     0  -2   0  -3  -2  -2  -2  -1   0  -1  -1  -2   2  -3   4   2   3  -5  -4  -1    7   2   3   0   1   1   2   4   3   3   5   1   6   1  18  16  23   0   0   4  0.43 0.33
  135 T     0  -3  -2  -4  -3  -1  -3  -4  -4   1   0  -3   1  -3  -4   1   4  -5  -4   4    9   1   2   0   0   2   1   0   0   8   8   1   3   1   0   9  26   0   0  28  0.51 0.36
  136 V    -2  -2  -4  -5  -4  -5  -5  -6  -2   6   2  -2   1  -3  -6  -3   0  -6  -4   2    3   3   1   0   0   0   0   0   1  49  16   2   3   1   0   2   6   0   0  13  0.95 0.48
  137 M    -6  -5  -7  -8  -7  -6  -7  -8  -7  -1  -2  -6  11  -5  -7  -7  -5  -7  -6  -3    0   1   0   0   0   0   0   0   0   3   2   0  91   0   0   0   0   0   0   2  3.57 1.29
  138 S    -3  -1   5  -2   0  -3  -4  -2   2  -5  -6  -2  -5  -6  -4   5   2  -7  -4  -5    0   4  30   1   2   0   0   2   4   1   0   1   0   0   1  40  13   0   0   0  1.11 0.62
  139 R    -2   3  -1  -3  -5   2  -2  -1   2  -4  -4   2  -3  -3   4   0  -1   3  -2  -3    1  17   3   1   0   9   1   5   6   1   1  11   1   1  23   7   4   5   1   2  0.55 0.35
  140 G    -2   5  -1  -3  -2   3  -1   0   1  -4  -4   3  -1  -5  -2  -1  -1   1  -4  -3    3  31   2   1   1  14   2   8   3   1   1  18   1   0   2   5   4   2   0   2  0.61 0.39
  141 L     0   0  -5  -5  -1  -4  -5  -5  -2   1   3  -3   1   1  -5  -3   0  -5  -3   4    6   6   0   0   1   0   0   0   1   7  30   1   3   6   0   1   5   0   0  32  0.59 0.36
  142 C    -5  -4  -7  -8  12  -4  -8  -6  -6  -6  -5  -8  -5  -6  -8  -3  -4  -3   0  -5    0   1   0   0  88   1   0   1   0   0   1   0   0   0   0   2   1   1   3   0  3.74 1.23
  143 C     0  -1  -2  -4   0  -1  -3   0  -1   2   1  -2   1   0  -4  -1   0   2  -1   2    8   3   1   0   2   2   0   7   2  15  16   1   3   4   0   5   7   3   2  18  0.18 0.17
  144 V    -1   1  -2  -3   1   4  -2   0   0  -1   2   0   0  -1  -2   0  -1   2  -1  -1    4   8   1   0   4  21   1   7   2   3  23   5   2   2   1   6   2   3   1   4  0.23 0.24
  145 L    -5  -6  -7  -7  -4  -5  -7  -7  -5  -1   6  -6   6  -1  -7  -6  -4  -6  -5  -3    0   0   0   0   0   0   0   0   0   3  76   0  16   3   0   0   1   0   0   1  1.77 0.75
  146 V     3  -4  -5  -6  -4  -5  -5  -3  -5   1   0  -4   1  -4  -4  -2  -1  -6  -5   5   29   1   0   0   0   0   0   2   0   7   8   0   3   0   0   2   4   0   0  42  0.85 0.48
  147 A     3  -4  -4  -4   0  -4  -4   0  -4   1   1  -4   0  -1  -4   0   0  -1  -3   2   31   0   0   0   1   0   0   8   0   8  17   0   2   3   0   7   6   1   0  14  0.40 0.30
  148 A     2  -4  -3  -4   2  -4  -3   4  -4   0   0  -4   0  -1  -4   1   0  -1  -4   1   18   0   0   0   4   0   1  29   0   6   9   0   2   3   0   8   7   1   0  11  0.41 0.29
  149 S     2  -5  -4  -5   6  -4  -4  -4  -5  -3  -3  -4  -3  -4   0   5   0  -6  -5  -1   17   0   0   0  13   0   0   1   0   1   2   0   0   1   4  50   5   0   0   5  1.08 0.60
  150 W    -6  -7  -8  -9   1  -7  -8  -5  -5  -5  -3  -8  -3   1  -8  -6  -6  12   6  -4    0   0   0   0   3   0   0   1   0   1   3   0   1   4   0   0   0  64  20   1  3.31 1.14
  151 M     0  -4  -4  -5   1  -4  -4  -1  -5   3   3  -4   2   1  -5  -1   1  -4  -3   3   10   0   0   0   3   0   0   4   0  15  25   0   5   5   0   4   8   0   0  21  0.45 0.30
  152 G     0  -3  -2  -4   4  -3  -4   2  -3   2   0  -3   1   0  -4   1   0   1   0   1    8   1   1   0   8   0   0  18   0  14  10   0   4   4   0  13   6   2   3   8  0.27 0.23
  153 G     0  -5  -4  -5  -1  -5  -6   7  -6  -6  -7  -5  -4  -7  -4   1  -2  -7  -7  -5    8   0   0   0   1   0   0  73   0   0   0   0   0   0   1  11   3   0   0   1  1.71 0.73
  154 F    -2  -5  -2  -6   2  -5  -5  -4  -1   1   1  -5   1   7  -5  -1  -1  -2  -1   0    4   0   3   0   5   0   0   1   1   7  15   0   3  43   0   6   3   0   1   7  0.89 0.46
  155 V     0  -5  -5  -5  -1  -4  -5  -3  -5   2   4  -4   2   2  -2  -1   0  -2  -3   2    7   0   0   0   1   0   0   2   0  12  37   0   4   8   2   5   5   1   0  15  0.51 0.32
  156 H    -1  -3   4   0   1  -1  -3  -1   5   0  -1  -3  -2  -1  -3   1   0  -1   0   0    4   0  21   6   3   2   0   4  18   6   5   0   1   2   1   9   5   1   3   8  0.39 0.30
  157 S     3  -5  -2  -4  -3  -3  -4   0  -3  -2  -4  -4  -3  -2  -1   5  -1  -4  -3  -2   25   0   1   0   0   1   0   8   0   3   1   0   0   2   3  48   3   0   1   2  0.84 0.53
  158 T     0  -5  -5  -5  -1  -3  -5  -4  -5   2   4  -4   2   1  -3   0   1  -1  -3   2    7   0   0   0   1   1   0   1   0  11  41   0   6   5   1   7   7   1   0  12  0.55 0.34
  159 V     0  -4  -4  -5  -1  -4  -4  -2  -5   4   2  -4   1   1  -1  -1   1  -2  -3   3    7   0   0   0   1   0   0   4   0  24  18   0   3   6   3   4   8   0   0  21  0.45 0.29
  160 Q    -3  -2   0  -4  -3   5   0  -4   8  -2  -1  -2  -2  -2   2  -3  -3  -5   0  -2    1   1   4   0   1  24   4   1  33   2   6   2   1   2   9   1   2   0   3   3  1.00 0.54
  161 T    -1  -5  -2  -5  -3  -4  -4  -5  -5   2  -1  -4   0  -3  -5   1   6  -6  -5   2    5   0   1   0   0   0   0   0   0  10   6   0   2   1   0   8  52   0   0  12  1.00 0.56
  162 I     1  -3  -2  -4   1  -3  -3   0  -2   2   1  -3   0   1  -2   1   1  -1   1   2   10   0   1   0   3   0   0   8   1  11  16   1   1   5   2  12   8   1   4  15  0.18 0.18
  163 L    -1  -4  -1  -3   2  -2  -4  -4  -3   0   4  -3   2   4  -3  -2  -2   2   0   0    4   0   3   1   5   1   0   1   0   4  39   1   6  16   2   3   2   3   2   5  0.48 0.31
  164 T     0  -5  -4  -5  -3  -4  -5  -4  -4   4   1  -4   4  -3  -4  -2   4  -5  -4   2    9   0   0   0   0   0   0   1   0  21  10   1  10   1   1   2  32   0   0  12  0.75 0.45
  165 V     0  -4  -3  -5  -1  -4  -5  -4  -3  -1   2  -4   2   6  -4   2  -1  -2   1   0    7   0   1   0   1   0   0   1   0   3  21   0   5  32   1  15   3   0   3   5  0.67 0.40
  166 H    -3   4   1  -2  -2   4  -2  -2   3  -3  -4   0  -3  -4  -1   2   0   1  -3  -3    1  24   6   1   1  20   1   2   8   1   1   4   1   0   3  15   7   2   0   1  0.56 0.39
  167 L    -4  -6  -6  -7  -5  -4  -6  -6  -3  -1   6  -5   1   1  -7  -5  -4  -3  -3  -1    1   0   0   0   0   1   0   1   1   1  81   0   3   5   0   1   0   0   0   4  1.58 0.70
  168 P    -3  -3  -1  -1  -1  -2  -3  -5   1  -3  -5  -2  -5  -4   6   3   1  -5  -3  -4    1   1   3   3   1   2   1   0   3   1   1   2   0   1  44  24   9   0   1   1  1.13 0.58
  169 F    -7  -3  -7  -8  -3  -7  -7  -8  -5  -4  -1  -7  -4   9  -8  -6  -5  -4   4  -5    0   2   0   0   1   0   0   0   0   1   6   0   0  77   0   0   0   0  13   0  2.54 0.94
  170 C    -6  -4  -7  -9  12  -7  -9  -7  -5  -7  -6  -7  -7  -5  -7  -4  -6  -5  -3  -6    0   1   0   0  94   0   0   0   0   0   0   0   0   1   0   1   0   0   1   0  4.16 1.33
  171 G     0   0   0   0  -6  -2  -3   6   0  -4  -6  -1  -5  -5  -4   0  -2  -6  -6  -5    6   6   4   4   0   2   2  61   3   1   0   3   0   0   1   6   2   0   0   0  1.12 0.53
  172 P    -1  -2   1  -1  -5  -2  -3  -3   3  -5  -4  -2  -5  -5   6   4  -1  -5  -2  -4    4   2   5   3   0   1   1   1   7   0   1   2   0   0  36  30   3   0   1   1  1.00 0.54
  173 N    -5   2   8  -2  -3  -1  -3  -3   3  -5  -4   0  -3  -4  -4  -2  -3  -4  -2  -3    0   9  60   2   1   2   1   1   7   0   2   4   1   1   1   2   1   0   1   2  1.43 0.67
  174 Q    -2   0  -3  -3  -3   1   3  -4   0   3  -1   0  -1  -2  -4  -3   0  -2  -3   3    2   5   0   1   0   7  19   1   2  18   3   6   1   1   0   1   7   1   1  24  0.38 0.30
  175 V    -4  -6  -3  -5  -5  -5  -6  -7  -3   7   1  -5   0  -4  -5  -5  -4  -6  -5   3    1   0   1   1   0   0   0   0   1  69   9   0   2   0   1   1   0   0   0  14  1.68 0.70
  176 T    -5  -3   6   5  -7  -1  -3  -5   7  -7  -7  -4  -6  -6  -3  -2  -4  -7  -3  -7    0   1  36  30   0   2   0   0  26   0   0   0   0   0   1   2   0   0   1   0  1.74 0.75
  177 F    -6  -6  -6  -7  -7  -6  -6  -7   7  -4  -4  -7  -5   9  -7  -6  -6  -4   1  -6    0   0   0   0   0   0   0   0  25   1   1   0   0  68   0   0   0   0   4   0  2.63 0.97
  178 F    -6  -7  -6  -8  -7  -7  -7  -7  -4  -3  -3  -7  -4   9  -8  -7  -6  -3   4  -4    1   0   0   0   0   0   0   0   0   1   2   0   0  80   0   0   0   0  13   1  2.71 0.97
  179 C    -6  -7  -8  -8  12  -8  -8  -7  -5  -6  -6  -8  -7  -7  -8  -6  -6  -7  -6  -6    0   0   0   0  97   0   0   0   0   0   0   0   0   0   0   0   0   0   0   0  4.41 1.37
  180 D    -3  -5  -2   7  -7  -4   4  -5  -2  -7  -7  -4  -7  -7  -5  -4  -5  -8  -6  -7    2   0   1  67   0   0  26   0   1   0   0   1   0   0   0   1   0   0   0   0  2.05 0.84
  181 V    -2  -4  -4  -2  -3  -4  -4  -3  -3   4   2  -4   3   1  -1  -2  -1  -4  -2   3    3   0   1   3   0   0   0   2   1  28  19   0   7   5   4   3   3   0   1  19  0.53 0.31
  182 P     0  -2  -2  -2  -5  -1  -3  -2  -2  -3   0  -2  -2  -1   6   0   0  -5   0  -2    6   2   2   2   0   3   0   4   1   1   9   2   1   2  44   9   6   0   4   2  0.84 0.45
  183 P     2  -3  -5  -5  -6   2  -3  -5  -2  -4  -2  -4  -4  -5   7   0  -3  -3  -6  -2   16   1   0   0   0   8   1   0   1   1   4   0   0   0  54   7   1   0   0   3  1.42 0.67
  184 V    -4  -6  -7  -7  -4  -6  -6  -7  -6   2   5  -6   2  -2  -6  -5  -4  -2  -4   4    0   0   0   0   0   0   0   0   0   8  61   0   4   1   0   0   0   1   0  24  1.32 0.60
  185 I    -4  -5  -6  -7  -5  -3  -6  -7  -6   3   6  -6   3   0  -6  -4  -4  -4  -4   1    1   0   0   0   0   1   0   0   0  14  65   0   6   4   0   1   1   0   0   6  1.27 0.57
  186 K     0   2   0  -2  -5   2   0  -3   0  -4  -3   6  -1  -5  -2   0  -2  -4  -4  -3    8  10   4   1   0   8   5   1   3   1   3  44   1   0   2   5   2   0   0   2  0.71 0.43
  187 L    -3  -6  -7  -7  -5  -5  -7  -7  -5   1   6  -6   0  -4  -6  -6  -5  -6  -5  -1    2   0   0   0   0   0   0   0   0   6  85   0   2   0   0   0   0   0   0   3  1.77 0.75
  188 A     5  -5  -4  -4  -3  -4  -4  -4  -5  -4  -4  -4  -5  -5  -4   5  -1  -6  -6  -2   44   0   0   0   0   0   0   0   0   1   2   0   0   0   0  45   3   0   0   3  1.30 0.69
  189 C    -6  -5  -6  -7  12  -8  -8  -6  -8  -7  -7  -8  -7  -6  -8  -3  -4  -7  -5  -6    0   1   0   0  93   0   0   1   0   0   0   0   0   0   0   3   1   0   1   0  4.11 1.31
  190 A     1  -3  -2  -3  -4  -3  -3   0  -4  -2  -4  -2  -1  -5  -3   5   3  -6  -4   0   12   1   1   1   0   1   1   8   0   3   1   1   2   0   1  41  19   0   0   7  0.69 0.47
  191 D    -5  -4   2   8  -7  -3  -1  -3  -2  -7  -7  -3  -6  -7  -1   0  -5  -8  -5  -6    1   1   8  73   0   1   3   2   1   0   0   1   0   0   3   6   0   0   0   0  1.88 0.79
  192 T    -1  -3  -3  -4  -5  -5  -5  -5  -4   1  -4  -3  -2  -4  -1   0   7  -3  -4  -1    4   1   1   0   0   0   0   0   0   9   1   2   1   0   3   6  67   0   0   4  1.39 0.71
  193 F    -2   1  -2  -3  -4   0  -2  -3   4  -3  -2  -2  -2   3  -1   3   1   1   4  -3    2   8   1   1   0   4   2   2  12   1   3   2   0  12   3  21   8   2  16   1  0.45 0.34
  194 V     0  -1  -2  -3  -3  -2  -3  -3  -1   3   2  -3   2   1  -2  -1   0   0  -2   2    8   3   2   1   0   1   1   1   1  17  21   1   4   6   2   4   7   1   1  18  0.24 0.19
  195 I    -1  -3   6  -2  -3  -3  -3  -3  -1   1  -1  -1  -2  -1  -3   0   1  -5   1   0    4   1  39   1   0   0   0   1   1  10   7   4   1   3   1   8   8   0   4   6  0.58 0.39
  196 E    -4  -2   0   0  -7   2   6  -1  -1  -4  -4   0  -3  -5  -5  -3  -3  -6  -5  -2    1   1   5   4   0  10  58   6   1   1   2   6   1   1   0   1   1   0   0   3  1.13 0.60
  197 L    -1  -2  -4  -4  -4  -2  -4  -4  -2   3   3  -2   3   1  -4  -2   1   1  -1   1    6   2   1   1   0   1   1   1   1  18  31   2   9   5   0   2   8   2   1  10  0.43 0.28
  198 L     0  -3  -4  -5  -3  -2  -2  -3  -5   2   3  -4   3   0  -4  -2   0  -4  -3   4    7   1   0   0   0   2   3   2   0  12  24   0   8   3   0   3   5   0   0  28  0.47 0.30
  199 M    -1  -4  -2   0   0  -3  -4  -3  -5   3   2  -4   4   0  -4  -2   0  -4  -3   3    4   0   2   5   2   1   0   2   0  20  23   1  12   3   1   2   5   0   0  19  0.47 0.30
  200 V    -2  -5  -3  -6  -4  -4  -5  -5  -1   1   2  -5   1   6  -5   0  -1  -2   4   1    4   0   1   0   0   0   0   0   1   6  16   0   3  35   0   6   3   0  13   8  0.80 0.42
  201 S     1  -4  -4  -5   0  -4  -4  -2  -5   3   0  -4   0   2  -4   0   2  -3  -2   3   14   0   0   0   2   0   0   3   0  21   8   0   2   8   0   7  11   0   1  22  0.43 0.30
  202 N     0  -3   1  -2   1  -2  -1  -2  -3   1   1  -3   1   2  -3   1   0  -3  -1   2   10   0   9   2   3   1   4   3   0   8  16   0   3  11   0  10   5   0   1  14  0.15 0.17
  203 S     3  -4   0  -2   3  -3  -3   3  -4  -1  -4  -4  -3  -3  -4   3   1  -5  -3   0   21   0   4   2   6   0   0  18   0   3   1   0   0   1   0  27   9   0   1   6  0.53 0.37
  204 G     1  -4  -3  -4  -1  -4  -4   4  -4   1   0  -4  -1   0  -4   1   0  -2  -3   2   11   0   1   0   1   0   0  30   0   9   7   0   1   4   0  12   4   0   0  16  0.43 0.31
  205 L    -1  -5  -4  -5   0  -4  -5  -4  -4   3   3  -4   1   4  -3  -1   0  -4  -2   2    6   0   0   0   2   0   0   1   0  15  27   0   3  19   1   6   5   0   0  15  0.53 0.33
  206 I    -2  -4   1  -3  -1  -4  -4  -3  -2   4   2  -4   2   3  -4  -2   0  -3  -2   3    2   0   9   1   1   0   0   1   1  22  16   0   6  12   0   2   4   0   0  19  0.47 0.30
  207 S     0  -4  -3  -3   2  -2  -1   1  -4   3   2  -3   0   0  -3   0   0  -3  -3   1    7   0   0   1   4   1   4  14   0  17  24   0   2   3   1   6   5   0   0   9  0.25 0.22
  208 T    -1  -4  -5  -5  -3  -4  -5  -2  -5   2   3  -4   3   2  -2  -2   0  -2  -3   3    3   0   0   0   0   0   0   3   0  11  33   0   9  10   2   3   5   0   0  19  0.56 0.33
  209 I    -1  -4  -3  -4   1  -4  -4   2  -4   2   0  -4   0   2  -1   1   1  -4  -2   2    3   0   0   0   3   0   0  17   0  13   9   0   2   9   2  14   8   0   1  18  0.30 0.26
  210 S    -2  -5  -2  -5   5  -5  -5  -5  -5  -2  -4  -5  -5  -4   6   3   3  -2  -6  -4    3   0   2   0  10   0   0   0   0   3   1   0   0   1  42  19  17   1   0   1  1.29 0.64
  211 F    -3  -6  -5  -6   1  -6  -6  -4  -5   1   3  -6   1   7  -4  -3  -3  -3  -1   0    2   0   0   0   3   0   0   1   0   7  26   0   3  45   1   2   2   0   1   6  1.15 0.54
  212 V    -1  -4  -4  -5   1  -4  -4  -2  -5   2   4  -4   1   1  -4   1   0  -3  -3   1    5   0   0   0   3   0   0   3   0  11  38   0   3   6   0  12   7   0   0  10  0.49 0.32
  213 V    -2  -5  -5  -5   1  -4  -5  -1  -4   2   4  -5   0   3  -3  -2   0  -3  -1   2    3   0   0   0   3   0   0   5   0  11  39   0   2  12   1   3   5   0   1  13  0.54 0.33
  214 L    -4  -6  -5  -6  -5  -6  -6  -7  -6   7   1  -6  -1  -4  -6  -3   3  -6  -5   2    0   0   0   0   0   0   0   0   0  56  11   0   1   0   0   2  16   0   0  13  1.37 0.62
  215 I    -1  -5  -5  -6   0  -5  -5  -5  -5   2   4  -5   2   2  -4  -2  -1  -3  -1   2    4   0   0   0   2   0   0   1   0  12  47   0   4   7   1   4   3   0   1  13  0.73 0.39
  216 S     0  -4  -3  -5  -1  -4  -4  -1  -5   4   1  -4   0   1  -4  -1   1  -3  -1   3   10   1   1   0   1   0   0   4   0  25  12   0   2   6   0   5   8   0   2  24  0.46 0.30
  217 S    -3  -4  -4  -5  -3  -5  -5  -5  -6  -6  -6  -5  -5  -5  -4   8  -2  -7  -4  -6    1   1   0   0   1   0   0   0   0   0   0   0   0   0   1  93   2   0   1   0  2.27 1.02
  218 Y    -7  -7  -5  -7  -3  -6  -7  -8  -3  -3  -6  -7  -6  -2  -8  -6  -7  -3  10  -6    0   0   1   0   1   0   0   0   0   2   0   0   0   0   0   0   0   0  95   0  3.50 1.24
  219 T     1  -4  -4  -4   0  -4  -4   2  -4   3   0  -3   1   0  -4   0   2  -3  -2   2   14   1   0   0   2   0   0  15   0  18   7   0   3   4   0   5  12   0   1  18  0.34 0.26
  220 T    -2   2  -2  -4   4   0  -4  -4   3  -1   1  -1  -1   4  -4  -2  -3  -1   4   0    2  12   2   0   9   4   0   1   8   3  12   3   1  17   0   3   1   0  15   5  0.49 0.32
  221 I    -3  -7  -7  -7  -5  -7  -7  -8  -7   8  -2  -6  -3  -3  -7  -5  -4  -7  -6   1    2   0   0   0   0   0   0   0   0  87   1   0   0   1   0   1   1   0   0   7  2.33 0.89
  222 L    -5  -6  -7  -7  -5  -6  -7  -7  -7   7   3  -6  -1  -3  -6  -6  -4  -6  -3   3    0   0   0   0   0   0   0   0   0  57  24   0   0   1   0   0   0   0   1  17  1.57 0.66
  223 V    -3  -5  -6  -7  -1  -4  -6  -6  -3   1   6  -5   3   1  -6  -4  -4  -2  -4   1    2   1   0   0   1   1   0   0   1   5  70   0   6   4   0   1   1   1   0   7  1.26 0.59
  224 K    -2   6  -1  -5  -3   0  -3  -3   2  -5  -6   5  -3  -6  -5  -1   0  -3  -4  -6    3  42   2   0   1   4   0   2   4   0   0  31   1   0   0   5   5   0   1   0  1.18 0.59
  225 I    -4  -5  -3  -6  -5  -5  -6  -7  -6   7   0  -5   6  -3  -6  -4  -1  -6  -5   2    0   0   2   0   0   0   0   0   0  56   6   0  18   1   0   1   4   0   0  11  1.50 0.66
  226 R    -2   4  -1  -4  -2   2  -3  -3   4  -5  -4   0  -5  -6   5   1  -2  -6  -2  -5    2  20   3   0   1   8   0   1  11   0   2   6   0   0  31  10   2   0   1   0  0.91 0.50
  227 S    -3  -4  -3  -5  -4  -4  -4  -4  -5  -6  -6  -3  -5  -6  -3   7   0  -6  -5  -5    1   1   0   0   0   0   1   1   0   0   0   1   0   0   1  87   5   0   0   1  2.02 0.94
  228 K     4  -2  -2  -3  -2  -1  -2  -1  -2  -2  -3  -1  -2  -4  -2   2   2  -4  -4   0   39   1   1   1   1   3   2   5   1   2   2   3   0   0   2  16  15   0   0   5  0.51 0.38
  229 E     1   0  -2   0  -4   2   5   0   0  -4  -4   1  -3  -5  -3   1   1  -3  -4  -4   10   4   1   3   0  10  37   6   2   1   1   7   0   0   1   8   8   0   0   1  0.59 0.39
  230 G    -1  -3  -4  -4  -5  -4  -4   7  -4  -7  -7  -5  -3  -7  -6  -1  -5  -7  -7  -5    4   2   1   1   0   1   1  84   0   0   0   0   1   0   0   5   0   0   0   1  2.04 0.82
  231 R    -5   8  -3  -6  -3   0  -4  -5  -1  -3  -3   3  -4  -6  -6  -3  -4   1  -3  -5    0  68   1   0   1   4   0   0   1   2   3  15   0   0   0   1   1   2   1   0  1.73 0.77
  232 R    -3   4  -1  -4   0   3  -2  -3   5  -4  -3   2  -2  -2  -5   1  -2   2   2  -4    2  23   2   0   2  14   0   2  13   1   2  14   1   2   0  10   1   2   8   0  0.62 0.40
  233 K    -6   1  -4  -5  -8  -3  -4  -6  -5  -7  -7   8  -6  -8  -5  -5  -5  -8  -7  -7    0   6   1   0   0   0   0   0   0   0   0  92   0   0   0   0   0   0   0   0  2.57 1.03
  234 A     7  -6  -6  -6  -5  -5  -5  -3  -6  -4  -5  -5  -4  -6  -5  -2   1  -7  -6  -1   83   0   0   0   0   0   0   1   0   1   1   0   0   0   0   1   9   0   0   4  1.81 0.84
  235 L    -5  -6  -8  -8  -6  -7  -8  -8  -6  -3   1  -7  -2   9  -7  -6  -6  -4  -1  -4    1   0   0   0   0   0   0   0   0   1  14   0   1  80   0   0   0   0   1   1  2.54 0.94
  236 S    -1  -5  -1  -5  -3  -4  -4  -1  -4  -7  -6  -4  -6  -3  -4   7  -1  -7  -3  -5    3   0   3   0   0   0   0   4   0   0   0   0   0   2   0  82   2   0   1   0  1.82 0.88
  237 T    -4  -6  -5  -6  -6  -6  -6  -7  -7  -4  -6  -5  -5  -7  -5  -3   8  -7  -7  -5    1   0   0   0   0   0   0   0   0   1   0   0   0   0   0   1  96   0   0   0  2.71 1.12
  238 C    -6  -7  -8  -9  12  -8  -9  -7  -8  -6  -4  -8  -7  -4  -8  -6  -6  -6  -5  -6    0   0   0   0  95   0   0   0   0   0   2   0   0   1   0   0   0   0   0   0  4.29 1.36
  239 A     3  -4  -3  -4  -4  -4  -4   3  -5  -3  -3  -4  -3  -4  -4   4   1  -6  -4  -1   28   0   0   0   0   0   0  21   0   2   2   0   0   1   0  34   8   0   0   3  0.83 0.51
  240 S     1  -5  -4  -5  -3  -5  -5  -4  -5  -7  -6  -5  -6  -4  -1   7  -2  -7  -6  -6   12   0   0   0   0   0   0   1   0   0   0   0   0   1   3  81   2   0   0   0  1.88 0.90
  241 H    -7  -5  -5  -6  -8  -3  -6  -7  12  -9  -8  -6  -7  -7  -8  -6  -7  -3  -3  -8    0   0   0   0   0   1   0   0  97   0   0   0   0   0   0   0   0   0   0   0  4.14 1.37
  242 L    -5  -6  -7  -7  -4  -6  -7  -7  -4   2   6  -6   2   1  -7  -6  -5  -5  -5  -1    0   0   0   0   0   0   0   0   0  12  75   0   5   5   0   0   0   0   0   2  1.58 0.68
  243 M     0  -5  -4  -5   0  -5  -5  -4  -5   3  -1  -5   3  -4  -5   0   6  -6  -5   0    8   0   0   0   2   0   0   1   0  16   6   0   7   1   0   6  47   0   0   7  0.96 0.55
  244 V     2  -6  -6  -6  -2  -6  -5  -4  -7   0  -3  -6  -1  -5  -6  -2  -2  -7  -5   7   15   0   0   0   1   0   0   1   0   2   1   0   1   0   0   3   2   0   0  72  1.55 0.72
  245 V    -3  -7  -7  -8  -5  -7  -7  -8  -8   1  -2  -7  -2  -2  -7  -6  -3  -7  -6   8    2   0   0   0   0   0   0   0   0   6   2   0   1   1   0   0   1   0   0  87  2.15 0.88
  246 T     0  -4  -3  -4   2  -4  -3  -1  -4   2   0  -4  -1   0  -4   3   4  -5  -4   1    6   0   0   0   4   0   0   5   0  11   7   0   1   5   0  28  23   0   0   9  0.49 0.38
  247 L    -4  -6  -7  -7  -1  -6  -6  -7  -6   4   5  -6   3   0  -6  -5  -3  -5  -4   1    0   0   0   0   1   0   0   0   0  23  57   0   6   3   0   0   1   0   0   7  1.27 0.57
  248 F    -5  -6  -7  -7  -2  -4  -7  -6   2  -3  -1  -7  -2   9  -7  -4  -5   0   4  -3    1   0   0   0   1   1   0   0   4   1   4   0   1  70   0   1   1   1  13   1  2.15 0.83
  249 F    -6  -6  -6  -8  -2  -3  -7  -7   0  -5  -3  -7  -4   5  -8  -5  -6  -3   9  -5    0   0   0   0   1   1   0   0   2   0   2   0   0  23   0   1   0   0  68   0  2.53 0.97
  250 G    -2  -6  -4  -5  -1  -6  -6   7  -6  -2  -4  -5  -4  -5  -6   0  -3  -5  -6   0    2   0   0   0   1   0   0  76   0   3   2   0   0   1   0   6   2   0   0   6  1.67 0.72
  251 P     0  -5  -3  -5   2  -4  -4  -4  -4  -4  -5  -4  -2  -3   3   3   6  -6  -5  -4    6   0   0   0   4   0   0   1   0   1   0   0   1   1  16  23  45   0   0   0  1.17 0.64
  252 C     2  -4  -3  -5   4  -4  -4   1  -4   3   1  -4   0  -2  -3   0   0  -5  -4   2   21   0   1   0  10   0   0  13   0  16  15   0   2   1   1   5   4   0   0  12  0.41 0.29
  253 I    -1  -5  -3  -5  -1  -5  -5  -3  -5   5   2  -5   4   2  -5   0   0  -4  -3   1    4   0   1   0   1   0   0   2   0  36  16   0  10   9   0   9   6   0   0   6  0.67 0.39
  254 F    -2  -5  -6  -5   1  -6  -6  -1  -5   1  -1  -6  -2   7  -6  -1  -3  -2   3   1    3   0   0   0   3   0   0   6   0   8   6   0   0  50   0   5   1   0   9   8  1.18 0.55
  255 I    -1  -2  -2  -5  -4  -3  -5  -5  -5   3   0  -5   7  -3  -5  -2   2  -5  -5   3    5   2   2   0   0   1   0   0   0  18   6   0  33   1   0   3  11   0   0  17  0.99 0.53
  256 Y    -7  -7  -6  -8  -4  -7  -7  -8   1  -7  -6  -7  -6  -2  -8  -6  -7  -3  10  -7    0   0   0   0   0   0   0   0   3   0   0   0   0   1   0   0   0   0  94   0  3.58 1.28
  257 A     0  -5  -5  -5   0  -5  -5  -4  -5   2   4  -5   5   1  -5  -3  -2  -4  -3   2    7   0   0   0   2   0   0   2   0  10  40   0  13   7   0   1   2   0   0  15  0.74 0.40
  258 R    -3   6  -2  -4   0   4  -3  -3   0  -4  -2   2   0  -3  -4   1  -2   2  -4  -3    2  38   2   0   2  18   0   1   2   1   3  12   2   1   0   9   2   3   0   2  0.83 0.49
  259 P    -5  -4  -7  -6  -8  -6  -6  -7  -6  -7  -6  -5  -5  -5   9  -1  -2  -8  -6  -6    1   1   0   0   0   0   0   0   0   0   1   0   0   1  87   5   2   0   0   0  2.81 1.09
  260 F     0   1   0  -2  -3   0  -2  -1   0  -2  -2   2  -2   0   1   3   1  -3  -3  -2    8   7   5   1   0   3   1   5   2   1   3  15   1   4   6  24  11   0   0   3  0.25 0.25
  261 S     1  -2  -1  -2  -3  -2  -4  -2  -2  -4  -4  -1  -3  -5  -1   6   1  -6  -2  -2   11   2   3   1   0   2   0   2   1   1   1   3   0   0   2  56   9   0   1   3  0.89 0.56
  262 T     0  -1   2  -1  -4  -1  -1   1  -1  -2  -3   0  -2  -3  -1   4   2  -5  -1  -2    5   2  10   2   0   3   2   9   1   3   2   7   1   1   2  32  14   0   2   3  0.36 0.31
  263 F    -2  -1   1  -1  -5   0  -1  -2   5  -3  -2  -2  -2   2   0   2  -1  -3   5  -3    2   3   7   3   0   5   3   3  12   1   5   1   1   9   6  14   3   0  21   1  0.45 0.33
  264 S     0  -3  -1   1  -5  -3   0  -3  -2  -5  -5  -2  -5  -5   3   6   0  -2  -4  -3    6   1   3   6   0   1   6   1   1   0   1   1   0   0  12  53   5   1   0   1  0.91 0.56
  265 V    -2  -1  -2  -3  -3   3  -1  -3  -1   0   2   0   4  -1   0   0   0  -2  -2   0    2   2   1   1   0  15   2   1   1   6  22   5  12   2   4   9   6   1   1   8  0.26 0.25
  266 D    -4  -2   2   7  -5   1   1   0  -2  -7  -6  -3  -6  -7  -5  -2  -3  -7  -6  -4    1   2  10  60   0   5   9   6   1   0   0   1   0   0   0   2   1   0   0   2  1.43 0.66
  267 K    -3   2  -3  -5  -7   1  -1  -4  -3  -4  -3   7   0  -7  -4  -3  -1  -7  -6  -5    2   9   1   0   0   5   2   1   0   1   3  67   2   0   0   1   5   0   0   0  1.46 0.71
  268 M     0  -4  -5  -5  -4  -3  -4  -3  -4   3   2  -4   3   3  -4  -3  -1  -2  -1   4    7   0   0   0   0   1   0   2   0  17  16   1   8  11   1   1   3   1   1  28  0.57 0.34
  269 V     2  -5  -5  -5  -3  -4  -5  -3  -5   3   1  -4   2   2  -4  -2  -2  -4  -3   4   18   0   0   0   0   0   0   1   0  16  15   0   5   8   1   3   2   0   0  29  0.58 0.36
  270 S     3  -5  -3  -5  -4  -3  -4  -3  -4  -6  -5  -5  -5  -4  -4   6   2  -7  -6  -4   25   0   1   0   0   1   0   1   0   0   1   0   0   1   1  58  11   0   0   1  1.35 0.73
  271 V    -2  -6  -7  -7  -5  -6  -6  -7  -7   3   3  -6   1  -2  -6  -5  -3  -6  -5   6    2   0   0   0   0   0   0   0   0  13  29   0   3   1   0   0   1   0   0  50  1.27 0.59
  272 L    -5  -6  -5  -7  -2  -2  -6  -7  -5   0   2  -6   4   7  -5  -3  -2  -4  -2   0    0   0   0   0   1   2   0   0   0   5  18   0   9  52   1   3   2   0   0   6  1.40 0.63
  273 Y    -7  -7   0  -4  -3  -7  -7  -7   1  -6  -6  -7  -5   0  -8  -5  -4  -3  10  -6    0   0   4   1   1   0   0   0   2   0   0   0   0   3   0   1   1   0  85   0  3.01 1.15
  274 N     0  -5  -1  -5   1  -5  -5  -1  -6  -2  -5  -4  -2  -5  -5   2   7  -7  -5  -2    7   0   3   0   2   0   0   4   0   2   1   0   1   0   0  15  62   0   0   2  1.36 0.72
  275 V    -1  -6  -3  -6  -4  -5  -6  -5  -6   4   1  -6   2  -1  -6  -3  -1  -6  -4   6    4   0   2   0   0   0   0   1   0  21  10   0   4   3   0   1   4   0   0  50  1.08 0.53
  276 I    -3  -6  -7  -7  -3  -6  -6  -5  -7   4   2  -6   2   1  -6  -5  -4  -6  -4   6    1   0   0   0   0   0   0   1   0  22  15   0   4   5   0   0   0   0   0  52  1.28 0.59
  277 T    -2  -6  -2  -6  -5  -5  -5  -5  -6   3  -4  -5  -4  -3   0  -1   7  -7  -6  -1    3   0   2   0   0   0   0   0   0  18   0   0   0   1   4   3  64   0   0   4  1.49 0.76
  278 P    -5  -7  -7  -7  -8  -4  -6  -8  -4  -8  -7  -6  -8  -9   9  -4  -6  -9  -8  -8    1   0   0   0   0   1   0   0   0   0   0   0   0   0  96   1   0   0   0   0  3.34 1.24
  279 M    -2  -6  -7  -7  -4  -5  -6  -7  -6  -1   3  -5   9   1  -6  -3  -1  -4  -5   0    4   0   0   0   0   0   0   0   0   3  22   0  54   4   0   2   5   0   0   6  1.73 0.78
  280 L    -4  -6  -8  -8  -2  -6  -7  -8  -7  -1   6  -7   2   1  -6  -7  -5  -6  -5  -1    1   0   0   0   1   0   0   0   0   2  82   0   4   6   0   0   0   0   0   3  1.72 0.75
  281 N    -7  -6   9  -4  -8  -5  -5  -6  -5  -9  -9  -5  -7  -8  -7  -3  -5  -9  -5  -8    0   0  97   0   0   0   0   0   0   0   0   0   0   0   0   1   0   0   0   0  3.20 1.20
  282 P    -5  -7  -7  -7  -8  -7  -6  -7  -7  -7  -5  -6  -8  -9   9  -4  -6  -9  -8  -8    0   0   0   0   0   0   0   0   0   0   1   0   0   0  96   1   0   0   0   0  3.37 1.23
  283 L    -4  -6  -7  -7  -5  -6  -6  -7  -5   4   4  -6   3   5  -5  -5  -4  -4  -3   1    1   0   0   0   0   0   0   0   0  20  43   0   6  21   1   0   0   0   0   8  1.11 0.52
  284 I    -6  -8  -8  -8  -6  -8  -8  -9  -8   8  -3  -7  -3  -4  -8  -7  -4  -7  -6   1    0   0   0   0   0   0   0   0   0  91   0   0   0   0   0   0   1   0   0   7  2.61 0.97
  285 Y    -7  -7  -8  -9  -5  -7  -8  -9  -3  -7  -6  -7  -6  -1  -9  -7  -7  -3  10  -7    0   0   0   0   0   0   0   0   0   0   0   0   0   2   0   0   0   0  97   0  3.72 1.31
  286 T    -3  -5  -3  -5   1  -5  -5  -5  -6  -5  -7  -5  -4  -7  -5   7   4  -7  -6  -6    1   0   0   0   3   0   0   0   0   1   0   0   0   0   0  69  26   0   0   0  1.80 0.88
  287 L    -6  -7  -8  -8  -6  -7  -7  -8  -7  -2   7  -7   1   1  -6  -6  -6  -4  -5  -3    0   0   0   0   0   0   0   0   0   1  90   0   2   5   0   0   0   0   0   1  2.01 0.83
  288 R    -6   9  -5  -7  -6  -3  -5  -7  -5  -8  -7   0  -6  -8  -6  -5  -6  -8  -7  -8    0  95   0   0   0   0   0   0   0   0   0   4   0   0   0   0   0   0   0   0  2.95 1.11
  289 N    -7  -6   9  -4  -8  -4  -5  -6  -5  -9  -9  -5  -8  -8  -7  -4  -5  -9  -7  -8    0   0  99   0   0   0   0   0   0   0   0   0   0   0   0   1   0   0   0   0  3.30 1.21
  290 K    -3   2  -1  -3  -7   2  -1  -5  -3  -6  -6   7  -3  -7  -4  -2  -1  -3  -6  -5    2  10   3   1   0   8   2   0   0   0   0  65   1   0   0   3   3   0   0   0  1.47 0.69
  291 E    -4  -4  -3   6  -8   0   6  -5  -4  -7  -7  -2  -7  -8  -5  -4  -5  -8  -5  -7    1   0   1  43   0   3  50   0   0   0   0   2   0   0   0   0   0   0   0   0  1.84 0.80
  292 V    -4  -7  -7  -7  -5  -6  -7  -7  -7   3  -1  -6   6  -1  -7  -6  -4  -7  -5   7    0   0   0   0   0   0   0   0   0  11   3   0  20   2   0   0   0   0   0  63  1.74 0.75
  293 K    -4   1  -2  -5  -7   1  -4  -6   0  -3  -4   8   0  -7  -6  -4  -3  -6  -6  -5    0   6   1   0   0   5   0   0   2   2   1  77   2   0   0   0   1   0   0   0  1.86 0.82
  294 S     1   1   1   2  -3   0   2   2   0  -2  -2   0  -1  -3  -3   0  -1  -4  -2  -1   11   8   7  10   0   4  15  16   2   2   2   6   2   1   0   6   3   0   1   5  0.20 0.17
  295 A     7  -6  -4  -6  -4  -5  -5  -2  -6  -5  -6  -5  -5  -7  -5   0  -1  -7  -6  -2   85   0   1   0   0   0   0   2   0   0   0   0   0   0   0   6   4   0   0   3  1.83 0.83
  296 M    -3  -6  -7  -7  -5  -5  -6  -7  -6   2   5  -6   5   3  -4  -5  -4   0  -4   1    2   0   0   0   0   0   0   0   0   9  57   0  14  10   1   0   0   1   0   7  1.21 0.56
  297 Q    -3   6  -2  -4  -3   1  -2  -1  -1  -3  -3   5  -1  -4  -5  -2  -2   2  -4  -3    1  37   1   0   1   5   2   6   1   1   2  31   2   0   0   3   3   3   0   2  0.92 0.49
  298 K    -4   5   0  -2  -7  -1  -3  -5  -1  -5  -6   6  -3  -7  -5  -3  -3  -7  -5  -6    1  33   5   3   0   1   1   0   1   1   0  52   1   0   0   1   1   0   0   0  1.55 0.70
  299 L     0  -4  -5  -5  -1  -3  -5  -5  -4   2   4  -3   3   0  -4  -2   0  -2  -3   3    8   0   0   0   1   1   0   0   0  10  39   1   7   3   0   2   7   1   0  19  0.60 0.34
  300 W    -3  -2  -5  -6   0  -3  -5  -4  -3   3   4  -3   3   3  -5  -4  -2   4  -2   1    1   2   0   0   2   1   0   1   0  15  38   1   6  11   0   0   2   6   1  11  0.68 0.36
  301 V    -1   2   1  -2   2   1  -1   2   0  -2  -2   1  -1  -2  -3   1   0   0  -1  -2    2  14   5   1   5   6   3  19   2   3   3  10   1   2   0  11   5   1   2   3  0.20 0.17
  302 K    -4   6  -1  -3  -7   1  -2  -3  -2  -5  -5   5  -4  -6  -4  -2  -2  -2  -4  -6    0  42   2   1   0   7   1   2   1   0   1  37   0   0   1   3   2   1   0   0  1.29 0.58
  303 I    -1   1  -1  -3   3  -1  -2  -3   0   1   1   3   2  -1  -3  -2   1  -1   0   0    3   6   2   1   6   2   1   1   2   9  12  25   6   1   0   2   8   1   4   7  0.21 0.19
  304 I    -1  -1  -3  -4   0  -2  -4  -4  -3   3   3  -1   1   2  -2  -1  -1  -1  -1   2    3   3   0   0   2   2   0   0   0  18  27   3   4  10   2   3   4   1   1  18  0.32 0.19
  305 T     0  -1   0  -2   0  -1  -2  -2   0   1  -1  -2  -1   1   0   3   1  -1  -1   0    8   2   4   1   2   1   0   1   3   9   6   1   0   9   4  27  11   1   1   6  0.17 0.17
  306 F    -2  -3  -2  -5   2  -4  -4  -2  -3  -1   2  -4  -1   6  -5   1  -2   2   3  -1    1   1   1   0   4   0   0   3   0   3  24   0   1  35   0  11   2   3   9   2  0.62 0.29
  307 Q    -3   3  -2  -3  -5   6   0  -4   4  -5  -4   4  -3  -5  -4  -2  -3  -5  -3  -5    0  19   0   0   0  41   3   0   9   0   0  29   0   0   0   0   0   0   0   0  1.08 0.36

                      K         Lambda
Standard Ungapped    0.1410     0.3312
Standard Gapped      0.0688     0.2670
PSI Ungapped         0.2246     0.3175
PSI Gapped           0.0688     0.2670
