
Last position-specific scoring matrix computed, weighted observed percentages rounded down, information per position, and relative weight of gapless real matches to pseudocounts
            A   R   N   D   C   Q   E   G   H   I   L   K   M   F   P   S   T   W   Y   V   A   R   N   D   C   Q   E   G   H   I   L   K   M   F   P   S   T   W   Y   V
    1 M    -3  -4  -5  -5  -3  -3  -5  -5  -4   3   3  -4   8  -2  -5  -4  -3  -4  -3   1    0   0   0   0   0   0   0   0   0  16  30   0  45   0   0   0   0   0   0   9  1.14 0.37
    2 T     2  -2   0  -3  -3  -1  -1  -3   0  -3  -2  -2  -3  -4   1   3   4  -4  -1  -2   20   1   5   0   0   2   3   0   2   0   2   0   0   0   5  20  37   0   2   1  0.54 0.30
    3 D    -1   0  -1   5  -5   0   4  -2   0  -5  -4  -1  -4  -5  -3   1   1  -5  -2  -4    5   6   0  31   0   3  29   2   2   0   1   2   0   0   0   9   9   0   1   0  0.68 0.33
    4 P    -1  -2  -2   5  -5  -1   2  -2  -1  -4  -3  -1  -5  -4   5   0  -1  -6  -3  -4    4   1   1  34   0   1  12   3   1   0   2   2   0   1  27   6   2   0   1   1  0.85 0.39
    5 N     0  -1   3   3  -4   1   2  -3   0  -4  -4   2  -4  -5   2   2  -1  -5  -3  -2    6   2  15  16   0   5  12   1   2   0   1  11   0   0   9  15   1   0   0   2  0.42 0.26
    6 T    -1  -2  -2  -1  -4  -3  -1  -4  -3   1   1  -2   2   5   0   0  -1  -3   1   0    6   2   1   4   0   0   4   0   0   9  11   1   6  28   4   7   4   0   4   8  0.33 0.23
    7 L    -2  -1   1  -1  -1  -2  -2  -4  -1   0   2   0   4  -2  -3   2   2  -4   0  -1    2   3   6   3   2   1   1   0   1   5  20   5  15   1   1  17  12   0   3   3  0.27 0.25
    8 A     0   5   0  -3  -3  -1  -1  -2  -1  -4  -4   2  -4  -3   0   0   0  -2   3  -4    9  35   4   1   0   1   2   2   1   0   1  11   0   1   5   7   6   1  12   1  0.61 0.38
    9 A     1   2   1   1  -3   0  -1   2  -1  -3  -2   0  -2  -2  -3   2  -1  -3   0  -2   13  14   6  10   0   3   1  14   1   1   4   3   1   1   1  17   3   0   4   2  0.22 0.20
   10 R    -2   2  -1   3  -5   2  -1  -3   1  -4  -4   2  -4  -5  -1   2   2  -6  -3  -2    2  10   2  19   0   8   3   1   3   0   1  15   0   0   3  15  14   0   1   3  0.47 0.34
   11 F    -8  -8  -9  -9  -8  -9  -9  -9  -7  -4   1  -9  -4   9  -9  -8  -8  -5  -2  -6    0   0   0   0   0   0   0   0   0   1  11   0   0  87   0   0   0   0   0   0  3.15 1.15
   12 P    -5  -2  -4  -6  -6  -5  -5  -3  -8  -9  -8  -5  -8  -9   9  -3  -7 -10  -9  -8    1   2   1   0   0   1   1   2   0   0   0   1   0   0  89   2   0   0   0   0  3.02 1.22
   13 G     0  -1   0   3  -6   0   3  -4  -1  -5  -5   4  -5  -6   2   1  -2  -7  -4  -5    7   3   3  16   0   3  17   1   1   0   1  23   0   0  11   9   2   0   0   1  0.61 0.41
   14 D    -4  -3   3   6  -6  -4  -1   4  -1  -7  -7  -4  -6  -7  -5  -1  -3  -3  -5  -7    1   1  12  39   0   0   4  33   2   0   0   1   0   0   0   4   1   0   0   0  1.31 0.65
   15 F    -9  -9  -9 -10  -9 -10 -10 -10  -8  -5  -3 -10  -6  10 -10  -9  -7  -5  -2  -7    0   0   0   0   0   0   0   0   0   1   2   0   0  97   0   0   0   0   0   0  3.67 1.32
   16 L    -2  -2  -5  -5  -3  -2  -2  -5  -3   3   4   0   2   0  -5  -2  -1   0  -2   2    4   2   0   0   0   1   2   1   1  17  34   7   5   3   0   2   3   1   1  15  0.53 0.33
   17 F    -9  -9  -8 -10  -8  -9  -9  -9  -3  -2  -2  -9  -3   7 -10  -9  -8  11  -1  -6    0   0   0   0   0   0   0   0   1   2   3   0   1  44   0   0   0  48   1   0  3.31 1.23
   18 G    -2  -8  -6  -7  -4  -8  -8   8  -8 -10 -10  -7  -9  -9  -8  -1  -7  -8  -9  -9    3   0   0   0   0   0   0  93   0   0   0   0   0   0   0   4   0   0   0   0  2.76 1.11
   19 V     4  -6  -5  -6   0  -5  -5  -3  -6  -2  -4  -5  -3  -1  -6   1   4  -3  -1   4   31   0   0   0   2   0   0   2   0   1   1   0   0   3   0  10  23   0   2  25  0.89 0.56
   20 A     6  -7  -6  -6  -4  -6  -6   2  -7  -7  -7  -6  -6  -8  -6   3  -3  -8  -7  -5   67   0   0   0   0   0   0  14   0   0   0   0   0   0   0  17   1   0   0   1  1.69 0.85
   21 T    -2  -7  -5  -4  -3  -6  -6  -5  -6  -3  -6  -6  -4  -5  -7   3   7  -8  -6  -4    3   0   0   1   1   0   0   1   0   1   0   0   0   0   0  20  70   0   0   1  1.98 0.98
   22 A     5  -7  -6  -6  -4  -6  -6  -3  -7  -7  -8  -6  -7  -8  -6   6  -3  -8  -7  -6   44   0   0   0   0   0   0   2   0   0   0   0   0   0   0  53   1   0   0   0  1.87 0.95
   23 S     6  -6  -6  -4  -5  -6  -6  -2  -7  -7  -7  -6  -7  -8  -6   4  -4  -8  -7  -6   67   0   0   1   0   0   0   2   0   0   0   0   0   0   0  29   0   0   0   0  1.90 0.94
   24 F    -3  -8  -8  -9  -6  -5  -8  -7   0  -6  -3  -8  -4   4  -2  -6  -5  -1   9  -6    3   0   0   0   0   0   0   0   2   0   2   0   0  14   3   0   1   1  72   0  2.69 1.12
   25 Q    -6  -6  -5  -7  -5  10  -4  -7  -5 -10  -9  -5  -7 -10  -7  -7  -7  -9  -8  -9    0   0   1   0   0  98   0   0   0   0   0   0   0   0   0   0   0   0   0   0  3.59 1.51
   26 I    -4  -7  -4  -7   1  -7  -7  -8  -4   7  -4  -7  -2  -2  -7  -4   1  -1   2   4    1   0   1   0   2   0   0   0   1  50   0   0   1   2   0   2   7   1   7  26  1.48 0.70
   27 E    -7  -6  -6  -5 -10  -4   8  -8  -6  -7  -9  -5  -5  -9  -7  -6  -7  -9  -8  -9    0   0   0   0   0   0  98   0   0   0   0   0   0   0   0   0   0   0   0   0  3.13 1.33
   28 G    -6  -8  -6  -7  -8  -8  -7   8  -8  -9  -9  -7  -9  -9  -8  -5  -7  -8  -9  -9    0   0   0   0   0   0   0  99   0   0   0   0   0   0   0   0   0   0   0   0  3.04 1.21
   29 S     6  -4  -3  -6  -6  -5  -4   3  -2  -7  -7  -6  -3  -6  -6   0  -3  -7  -6  -5   67   1   1   0   0   0   1  19   1   0   0   0   1   0   0   7   1   0   0   0  1.60 0.81
   30 T     2  -4  -3  -4  -5  -4  -6  -4  -1  -2  -4  -4  -5   0  -1  -3   0  10   3   1   18   1   1   1   0   1   0   2   2   2   1   1   0   3   3   2   6  36   8  10  1.47 0.70
   31 K     0   1   5   3  -4  -1  -1  -3   1  -4  -1   1  -4  -1  -4  -1  -2  -4  -1  -5    7   6  32  17   0   2   3   1   3   1   7   8   0   3   1   4   3   0   3   0  0.63 0.41
   32 A     1  -2  -2   0  -5   0   6  -3  -4  -1  -3   0  -5  -4  -5  -1   0  -6  -5   0   14   1   1   4   0   3  46   2   0   3   3   6   0   1   0   3   5   0   0   6  0.79 0.51
   33 D    -3  -6  -2   7  -7  -5  -1   3  -3  -7  -7  -5  -7  -6  -6   0  -4  -8  -5  -7    3   0   2  62   0   0   3  20   1   0   0   0   0   0   0   6   1   0   0   0  1.75 0.81
   34 G    -5  -7   0  -1  -3  -5  -6   7  -3  -8  -7  -6  -8  -7  -7  -4  -7  -8  -8  -7    0   0   4   4   1   0   0  87   1   0   0   0   0   0   0   1   0   0   0   0  2.42 1.01
   35 R    -3   6  -5  -6  -5  -4  -5  -5  -6  -8  -8   7  -7  -8  -7  -5  -6  -8  -6  -8    2  42   0   0   0   0   0   1   0   0   0  53   0   0   0   0   0   0   0   0  2.21 0.99
   36 K    -2  -6  -5  -6  -4  -5  -3   7  -5  -5  -5  -2  -7  -8  -6   0   1  -7  -7  -4    3   0   0   0   0   0   2  72   0   1   1   3   0   0   0   7   8   0   0   1  1.73 0.81
   37 P    -2  -1  -5  -2  -6  -1   3  -6  -6  -3   1  -1  -1  -5   6  -4  -4  -3  -6  -2    3   3   0   2   0   3  20   0   0   1  15   3   2   0  41   1   1   1   0   3  1.09 0.62
   38 S    -4  -6   3  -5   0  -4  -6  -4  -4  -7  -8  -6  -4  -8  -6   7   0  -8  -7  -6    1   0  11   0   2   0   0   1   0   0   0   0   0   0   0  76   6   0   0   0  1.99 1.00
   39 I    -5  -7   1  -7  -6  -4  -4  -7  -3   7  -3  -5   1  -4  -7  -5   0  -4  -6   3    1   0   7   0   0   1   1   0   1  63   1   1   3   0   0   1   5   0   0  14  1.66 0.76
   40 W    -5  -9 -10 -11  -7  -5 -10  -9  -6  -6  -8 -10  -2  -3 -10  -9  -6  13  -4  -6    1   0   0   0   0   1   0   0   0   1   0   0   1   1   0   0   1  93   0   1  5.02 1.77
   41 D    -7  -8  -4   9  -9  -6  -4  -7  -4  -9  -9  -6  -9  -9  -8  -6  -6  -3  -5  -9    0   0   0  96   0   0   1   0   1   0   0   0   0   0   0   0   0   0   0   0  3.23 1.29
   42 A     0   2  -1   0  -4  -2  -1  -4   2  -2  -3  -1  -2  -2  -3  -2   5   0   1   1    7  11   3   5   0   1   4   0   6   2   1   3   1   1   1   2  32   1   5  12  0.48 0.37
   43 F    -4  -3  -6  -7  -7  -5  -7  -6  -2  -1   0  -6  -1   8  -7  -5  -5   3   4  -4    2   2   0   0   0   1   0   1   1   3   7   0   2  65   0   1   1   3  11   1  2.07 0.86
   44 C     2  -3  -3  -4   6  -4  -3  -4  -5  -2  -2  -4  -3  -3  -4   3   4  -6  -4   0   15   1   1   0  14   0   2   1   0   3   3   0   1   1   0  18  29   0   1   8  0.80 0.50
   45 N    -1   2  -1  -1  -6   0  -1  -5  10  -6  -5   1  -6  -5  -6  -2  -3  -4  -4  -5    5  11   2   3   0   3   4   1  53   0   1   8   0   0   0   2   2   0   0   1  1.82 0.81
   46 M    -1   1   1  -2  -4   2   0  -4   1   1  -2   1  -1  -3  -3   0   3  -4   0  -1    5   7   5   2   0  10   5   1   4   9   4  10   2   0   1   5  23   0   3   4  0.28 0.26
   47 P    -2  -2  -2  -3  -5  -1   0  -2  -1  -5  -5   0  -4  -3   7  -1  -3  -2  -3  -4    3   2   2   2   0   3   7   3   1   1   1   6   1   1  58   4   2   1   1   1  1.42 0.67
   48 G    -3  -3   1   0  -4  -3   2   6  -1  -5  -5  -1  -5  -6  -1  -1  -3  -4  -3  -5    1   1   5   6   0   1  12  54   1   1   2   3   0   0   3   4   2   0   1   1  1.06 0.55
   49 H     0   3   2  -3  -3  -2  -2  -3   2  -2  -2   4  -1  -1  -3  -2  -1   0   0  -2    7  18  10   1   0   1   2   2   4   2   4  30   1   2   1   3   4   1   3   3  0.48 0.33
   50 V    -3  -2  -3  -5  -2  -5  -5  -5  -6   6  -2  -4   0  -1  -4  -3   1  -6  -3   4    1   3   1   0   1   0   1   1   0  48   2   1   2   3   1   2   8   0   1  24  1.19 0.57
   51 F     1   1  -1  -1  -1   0   0  -2   1   0   0   2  -1   1  -1  -1   0   0   0   0   17   6   2   3   1   3   5   2   3   4   9  13   1   7   3   3   5   1   4   8  0.06 0.10
   52 G    -4  -1   5   6  -4  -1  -1   1   0  -6  -6  -2  -4  -5  -5  -2  -4  -7  -5  -7    1   3  22  45   0   3   4  11   2   0   1   3   0   0   0   3   1   0   0   0  1.25 0.62
   53 R    -2   0   4  -1  -2   0  -3   5   2  -5  -4  -1  -2  -2  -4  -2  -3  -6  -3  -4    2   6  16   3   1   4   1  47   4   1   2   4   1   2   1   2   1   0   1   1  0.90 0.50
   54 H     1  -2  -2   3  -3   1   1  -2   2  -4  -5  -3  -2  -5  -4   4   1  -6  -4  -2    9   2   1  19   0   7   8   2   5   1   1   1   1   0   0  31   7   0   0   3  0.60 0.43
   55 N    -4  -5   6   1  -3  -4  -5  -3  -1  -5  -6  -4  -6  -7  -5   0   5  -7  -5  -4    1   0  39   7   1   1   0   2   1   0   0   1   0   0   1   5  38   0   0   2  1.47 0.75
   56 G     2  -6  -3  -6  -3  -6  -6   7  -6  -5  -6  -5  -6  -4   1  -3  -4  -3  -7  -6   16   0   1   0   1   0   0  68   0   1   1   1   0   1   6   2   1   0   0   1  1.71 0.78
   57 D    -2  -4   1   8  -3  -3   0  -3  -4  -7  -6  -1  -5  -6  -6  -1  -3  -5  -5  -5    4   1   6  68   1   1   5   2   0   0   1   4   0   0   0   4   2   0   1   1  1.73 0.80
   58 I    -4  -1  -5  -1  -5  -3  -3  -7  -5   5  -2  -3  -1  -4  -3  -4  -1  -7  -5   6    0   4   1   3   0   1   2   0   0  25   3   2   1   1   2   1   4   0   0  49  1.15 0.59
   59 A     7  -7  -6  -7  -3  -6  -5  -2  -7  -7  -6  -6  -5  -7  -6   0   1  -8  -7  -4   80   0   0   0   1   0   0   3   0   0   0   0   0   0   0   7   7   0   0   1  1.94 0.93
   60 C     1  -7  -1   1  10  -6  -6  -5  -7   0  -5  -7  -4  -7  -5   1   0  -7  -5   1   10   0   3   7  46   0   0   1   0   5   0   0   0   0   0  10   5   0   0  11  1.67 0.76
   61 D    -7  -4   1   8  -6  -4  -2  -4  -5  -8  -6  -4  -6  -9  -7  -5  -6  -9  -7  -7    0   1   7  83   0   1   3   1   0   0   1   1   0   0   0   0   0   0   0   0  2.54 1.07
   62 H    -4  -4  -4  -5  -4   2  -3  -1   8  -7  -6  -5  -2   4  -7   4  -3  -7  -4  -5    1   1   0   0   0   8   2   4  32   0   1   0   1  14   0  34   1   0   0   1  1.50 0.78
   63 Y    -7  -5  -8  -9  -9  -8  -6  -9  -3  -5  -5  -8  -4   1  -9  -8  -8  -2  10  -5    0   1   0   0   0   0   0   0   1   1   1   0   0   4   0   0   0   0  90   1  3.56 1.38
   64 N    -5  -1   3  -2  -9  -4  -2  -6  10  -6  -6  -3  -7  -5  -8  -5  -3  -8   1  -7    1   3  12   2   0   1   2   0  68   0   1   1   0   0   0   1   2   0   4   0  2.71 1.09
   65 R    -6   7  -1  -6  -4   0  -5  -7   2  -6   0   4  -2  -2  -7  -5  -5  -7  -4  -7    0  49   3   0   0   3   0   0   5   0   9  25   1   2   0   0   0   0   1   0  1.52 0.75
   66 W    -6  -7  -8  -8  -4  -7  -8  -9  -4  -2  -2  -8   0   3  -6  -7  -4   7   9  -1    1   0   0   0   1   0   0   0   0   2   3   0   3  11   1   0   1  14  59   4  2.39 1.01
   67 E    -1   3  -2  -1  -7   0   2  -4  -1  -6  -3   6  -1  -6   1  -3  -4  -7  -5  -5    6  12   2   4   0   4  14   1   1   0   3  41   2   0   7   1   0   0   0   1  0.89 0.53
   68 E    -4   0  -4   2  -8   1   7  -4  -5  -8  -7  -1  -7  -8  -5  -3  -2  -8  -6  -5    2   4   1  11   0   5  67   1   0   0   0   3   0   0   0   2   2   0   0   1  1.71 0.84
   69 D    -8  -8  -4   9  -9  -6  -5  -7  -7  -9  -9  -7  -6  -9  -8  -6  -7 -10  -5  -9    0   0   0  98   0   0   0   0   0   0   0   0   0   0   0   0   0   0   1   0  3.35 1.32
   70 L    -3  -7  -8  -8  -4  -7  -7  -7  -8   5   1  -7  -3   0  -6  -7  -4  -7  -5   6    2   0   0   0   0   0   0   0   0  33  11   0   0   4   0   0   0   0   0  48  1.60 0.72
   71 D     3   0   0   3  -4   3   2  -2  -2  -5  -4   2  -4  -6  -5  -1  -3  -5  -3  -4   25   6   4  14   0  14  12   2   1   1   1  14   0   0   0   3   1   0   1   1  0.60 0.42
   72 L    -2  -2  -4  -7  -2  -4  -6  -7  -2   2   6  -6   4  -3  -7  -5  -5  -2  -6  -2    4   3   1   0   1   1   0   0   1  10  65   0   9   1   0   1   1   1   0   1  1.37 0.67
   73 I    -1  -7  -8  -8  -3  -6  -7  -7  -6   2   4  -7   9  -3  -8  -6  -6  -7  -6   0    6   0   0   0   0   0   0   0   0  10  31   0  46   1   0   0   0   0   0   5  1.90 0.85
   74 K     2   2  -3  -2  -6   0  -1  -4   1  -6  -6   6  -5  -6  -5  -1  -3  -6  -4  -2   16   9   1   2   0   4   3   1   3   0   1  49   0   0   0   5   1   0   1   4  1.04 0.59
   75 E     0  -1   1   3  -6   2   4  -2  -2  -5  -5   1  -4  -3  -5   1  -3  -1  -2  -5    7   3   7  17   0   8  30   3   1   0   1   7   0   1   0  10   1   1   2   0  0.64 0.43
   76 M    -2  -6  -6  -7  -3  -5  -7  -4  -4   2   5  -6   6  -2  -7  -5   0  -6   0  -2    4   0   0   0   1   0   0   1   0   9  53   0  17   1   0   0   6   0   4   2  1.25 0.63
   77 G    -5  -4   2  -5  -6  -6  -7   7  -4  -9  -9  -1  -8  -9  -8  -4  -7  -8  -8  -9    0   1  10   0   0   0   0  82   1   0   0   3   0   0   0   1   0   0   0   0  2.33 0.99
   78 V     0  -6  -5  -6  -5  -3  -6  -6  -3   1   4  -6   3   3  -6  -5  -3  -5  -3   5    7   0   1   0   0   2   0   0   1   7  31   0   6  10   0   0   1   0   1  33  0.94 0.50
   79 E    -5  -1   4   5  -7   2   0  -1   0  -6  -7   3  -5  -7  -3  -1   1  -7  -6  -6    0   4  21  26   0   7   4   5   2   0   0  18   0   0   1   4   7   0   0   0  0.86 0.51
   80 A     5  -4  -1  -4  -2  -3  -5  -2   4  -3  -4  -5  -1   2  -5   2   0  -4   0  -1   41   0   3   1   1   1   0   3  10   1   1   0   2   7   0  15   5   0   3   5  0.75 0.49
   81 Y    -8  -8  -7 -10  -5  -8  -7 -10  -2  -5  -5  -7  -7   4 -10  -8  -8  -3  10  -8    0   0   0   0   0   0   0   0   1   1   1   0   0  12   0   0   0   0  85   0  3.47 1.36
   82 R    -8   9  -6  -8  -9  -3  -6  -8  -4  -9  -7  -2  -8  -9  -8  -4  -7  -9  -6  -7    0  93   0   0   0   1   0   0   0   0   1   2   0   0   0   2   0   0   0   0  3.12 1.27
   83 F    -8  -9  -9  -9  -6  -9  -9  -9  -7  -3  -1  -9   1   9  -9  -8  -2  -5  -3  -6    0   0   0   0   0   0   0   0   0   2   6   0   3  86   0   0   3   0   0   0  3.09 1.19
   84 S    -5  -7  -6  -7  -7  -6  -7  -6  -7  -9  -9  -7  -8  -9  -6   8  -4  -9  -8  -8    0   0   0   0   0   0   0   0   0   0   0   0   0   0   0  98   1   0   0   0  2.93 1.32
   85 L    -6  -8  -8  -8  -6  -8  -8  -8  -8   7   2  -8  -2   0  -8  -7  -2  -7  -6   2    0   0   0   0   0   0   0   0   0  63  17   0   1   4   0   0   3   0   0  11  1.84 0.79
   86 A     3  -6  -4  -4  -2  -2  -5  -4  -7  -8  -8  -6  -5  -8  -4   7  -4  -8  -7  -7   22   0   1   1   1   2   0   1   0   0   0   0   0   0   1  70   0   0   0   0  1.89 0.97
   87 W    -9 -10 -10 -11  -9  -9 -10  -9  -9  -8  -9 -10  -3  -6  -8 -10  -9  13  -5  -8    0   0   0   0   0   0   0   0   0   0   0   0   1   0   0   0   0  98   0   0  5.47 1.88
   88 P     1  -6  -4  -6  -3  -6  -6  -5  -7  -7  -7  -6  -7  -8   5   5   2  -8  -7  -5   11   0   1   0   1   0   0   1   0   0   0   0   0   0  30  44  12   0   0   1  1.54 0.83
   89 R    -8   9  -7  -8 -10  -5  -7  -9  -7  -9  -8  -4  -8  -9  -8  -7  -8  -9  -8  -9    0  99   0   0   0   0   0   0   0   0   0   0   0   0   0   0   0   0   0   0  3.50 1.38
   90 I    -5  -8  -8  -9  -6  -8  -8  -9  -8   7   2  -8  -2  -4  -8  -7  -5  -8  -7   4    1   0   0   0   0   0   0   0   0  58  17   0   1   0   0   0   0   0   0  22  1.92 0.83
   91 I    -6  -5  -7  -7  -5   0  -6  -8  -5   4   4  -6   4   5  -7  -6  -5  -5  -1  -1    0   0   0   0   0   5   0   0   0  18  42   0   8  19   0   0   0   0   2   4  1.19 0.60
   92 P    -6  -6  -6  -7  -6  -7  -7  -8  -8  -7  -8  -4  -6  -9   9  -4  -5  -9  -8  -7    1   1   1   0   0   0   0   0   0   0   0   1   0   0  91   1   1   0   0   0  3.22 1.37
   93 D    -3  -1   4   4  -6  -1   1  -1  -1  -6  -2   0  -3  -3  -5   0   2  -6  -2  -5    2   3  18  24   0   2   9   6   1   0   5   6   1   1   0   6  15   0   1   0  0.57 0.40
   94 G    -3  -3  -4  -5  -5  -6  -4   7  -7  -7  -7  -5  -7  -7  -4  -4  -6  -7  -7  -6    2   2   1   1   0   0   1  87   0   0   1   1   0   0   1   1   0   0   0   1  2.37 1.01
   95 F    -3   4   0   1  -3  -2  -1  -3   0  -1  -3   0  -2   1  -4   1   3  -5   1  -1    1  20   4   8   1   1   3   2   2   3   2   6   1   6   1   9  21   0   4   4  0.37 0.32
   96 G    -2  -4   2   2  -4  -4  -2   6  -3  -7  -5  -2  -4  -6  -5   0  -3  -6  -3  -5    3   1  10  12   0   1   2  55   1   0   1   2   0   0   1   6   2   0   1   1  1.20 0.61
   97 P     0   1   1  -1  -5   1   2   1   0  -4  -4   2  -3  -3   2  -1   0  -5  -2  -3    9   7   5   3   0   5  15  12   2   1   1  13   0   1  11   5   5   0   1   2  0.29 0.25
   98 I    -2  -4  -7  -7  -5  -6  -6  -7  -7   5   0  -4  -3  -2   1  -6  -4  -2  -4   6    3   1   0   0   0   0   0   0   0  29   6   1   0   2   8   0   1   1   1  45  1.29 0.63
   99 N    -7  -5   9  -2  -8  -6  -4  -6  -3  -7  -7  -6  -8  -8  -6   0  -6  -9  -8  -7    0   0  86   2   0   0   1   0   1   0   1   0   0   0   0   7   0   0   0   1  2.88 1.22
  100 E    -1   0  -4  -1  -6   5   4  -5  -2  -5  -4   1  -1  -6   4  -2  -3  -2  -3  -5    5   5   0   3   0  21  24   1   1   1   2   7   2   0  22   3   2   1   1   1  0.86 0.55
  101 K     3   0  -2   1  -5   1   3  -4  -3  -5  -3   4  -4  -6  -2  -2  -4  -7  -4  -4   21   5   1   7   0   5  20   1   0   1   4  28   0   0   2   2   0   0   0   1  0.72 0.48
  102 G    -1  -7  -6  -7  -8  -8  -8   8  -8  -9  -9  -7  -8  -9  -8  -6  -7  -8  -9  -8    5   0   0   0   0   0   0  93   0   0   0   0   0   0   0   0   0   0   0   0  2.82 1.16
  103 L    -4  -6  -6  -8  -6  -6  -7  -8  -7   5   4  -5   0  -2  -6  -6  -5  -5  -6   4    1   0   0   0   0   0   0   0   0  33  33   1   2   2   0   0   0   0   0  27  1.36 0.64
  104 D     2   1   1   5  -6   3   2  -3  -4  -5  -5   1  -2  -6  -5  -3  -2  -7  -6  -5   18   6   6  30   0  11  12   2   0   0   1   8   1   0   0   1   2   0   0   0  0.80 0.50
  105 F    -8  -6  -8  -8  -8  -8  -8  -8   4  -7  -6  -8  -5   8  -9  -8  -7   0   8  -5    0   0   0   0   0   0   0   0   8   0   0   0   0  47   0   0   0   1  42   1  2.68 1.10
  106 Y    -8  -8  -8  -9  -9  -8  -8  -9  -5  -8  -8  -8  -8  -4  -9  -7  -8  -5  10  -8    0   0   0   0   0   0   0   0   0   0   0   0   0   0   0   0   0   0  98   0  4.11 1.59
  107 D    -5   1   6   3  -7  -1  -2  -5   3  -5  -4   1  -4  -7  -6   1  -3  -8  -6  -4    1   6  41  17   0   2   3   0   6   1   2   8   0   0   0  10   1   0   0   1  1.16 0.63
  108 R    -1   5   5   2  -5  -1  -1  -4  -2  -6  -6   2  -4  -6  -6   0  -2  -7  -5  -6    5  28  28  11   0   3   3   1   1   0   0  11   0   0   0   6   2   0   0   0  1.00 0.57
  109 L    -6  -7  -8  -8  -6  -7  -7  -8  -7   1   6  -7   1   1  -6  -7  -5  -4  -2   2    0   0   0   0   0   0   0   0   0   6  70   0   2   4   0   0   0   0   1  13  1.62 0.75
  110 V    -5  -7  -8  -8  -1  -7  -8  -8  -8   7   1  -7  -3   0  -7  -6  -2  -7  -6   3    1   0   0   0   1   0   0   0   0  63  11   0   0   4   0   0   2   0   0  16  1.85 0.79
  111 D    -3  -3   4   7  -8  -2   0  -5  -3  -6  -6  -2  -7  -8  -7  -4  -4  -8  -7  -8    2   2  20  61   0   1   5   1   1   0   1   3   0   0   0   1   1   0   0   0  1.89 0.87
  112 G     2  -1  -2  -1   0  -2   6   1  -3  -6  -3  -1  -4  -5  -5  -1  -1  -6   0  -5   17   3   2   3   2   1  43  10   0   0   3   3   0   1   0   4   4   0   3   0  0.79 0.52
  113 C    -5  -7  -8  -8   3  -6  -8  -8  -6  -1   7  -7   3  -3  -8  -6  -6  -7  -6  -3    1   0   0   0   5   0   0   0   0   3  81   0   6   1   0   0   0   0   0   1  1.98 0.88
  114 K    -3   0  -3  -6  -3  -3  -3  -7  -1   3   5   0  -2  -4  -6  -6  -4  -6  -5   0    2   5   1   0   1   1   2   0   2  15  54   6   1   0   0   0   1   0   0   7  0.99 0.53
  115 A     4   1  -1   0  -6   0   3  -3  -2  -5  -3   3  -3  -6  -5   1  -3  -5  -6  -4   30   6   2   4   0   4  21   1   1   0   3  15   1   0   0   9   1   0   0   1  0.66 0.46
  116 R     2   2   6  -4  -6  -1  -2  -5   4  -6  -6   2  -5  -4  -6  -2  -5  -3   2  -4   17  11  33   0   0   2   2   0   8   0   1  12   0   1   0   2   0   0   7   1  0.99 0.59
  117 G    -5  -5   4   0  -5  -3  -3   7   0  -9  -9  -3  -8  -8  -7  -4  -7  -8  -8  -8    1   1  16   6   0   1   2  68   2   0   0   2   0   0   0   1   0   0   0   0  1.88 0.88
  118 I    -6  -9  -8  -9  -7  -9  -9  -9  -9   8  -1  -8   0  -6  -9  -8  -6  -8  -7   1    0   0   0   0   0   0   0   0   0  83   6   0   2   0   0   0   0   0   0   7  2.65 1.08
  119 K    -2   0  -4  -3  -7   4   5  -6  -4  -2  -5   2  -4  -7  -6  -3   4  -7  -6  -2    3   5   0   1   0  15  35   0   0   3   1  10   0   0   0   2  21   0   0   3  0.99 0.63
  120 T    -4  -9  -9  -8  -5  -8  -8  -9  -9  -5  -7  -8  -9 -10   9  -6  -6 -10  -9  -5    2   0   0   0   0   0   0   0   0   1   1   0   0   0  94   0   0   0   0   1  3.41 1.46
  121 Y    -3  -6  -2  -7  -2  -3  -6  -7   3   2   0  -6   5   5  -7  -4  -4   5   3   2    2   0   2   0   1   1   0   0   6   9   8   0  14  24   0   1   1   8  10  12  1.06 0.55
  122 A     1  -7  -8  -8   0  -6  -7  -6  -8   2  -1  -7  -1  -6  -1  -6  -5  -8  -7   7   11   0   0   0   2   0   0   1   0   9   6   0   1   0   4   0   0   0   0  65  1.63 0.80
  123 T    -5  -7  -1  -6   1  -7  -6  -7  -8  -7  -7  -7  -4  -7  -7  -3   8  -9  -8  -4    1   0   3   0   2   0   0   0   0   0   0   0   0   0   0   2  88   0   0   1  2.70 1.25
  124 L    -6  -7  -7  -9  -7  -7  -8  -9  -8   3   6  -8   3  -3  -8  -8  -5  -4  -6  -3    0   0   0   0   0   0   0   0   0  15  74   0   7   1   0   0   0   0   0   1  1.92 0.87
  125 Y    -7  -8  -1  -7  -5  -7  -8  -9   3  -7  -3  -8  -4   6  -9  -6  -6  -2   9  -6    0   0   3   0   0   0   0   0   6   0   2   0   0  24   0   1   1   0  60   0  2.59 1.11
  126 H    -9  -6  -4  -7 -10  -4  -7  -9  12 -10 -10  -8  -9  -8  -9  -7  -9  -9  -3  -7    0   0   1   0   0   1   0   0  95   0   0   0   0   0   0   0   0   0   1   1  4.46 1.66
  127 W    -7  -9  -6 -10  -7  -7  -9  -5  -3  -7  -4  -8  -5   4 -10  -6  -8  12   2  -7    1   0   1   0   0   0   0   1   1   0   2   0   0  15   0   1   0  71   6   0  3.85 1.49
  128 D    -8  -8  -5   9 -10  -7  -1  -8  -6  -9 -10  -7  -9 -10  -8  -7  -6 -10  -9  -9    0   0   0  94   0   0   4   0   0   0   0   0   0   0   0   0   0   0   0   0  3.25 1.35
  129 L    -6  -7  -6  -6  -4  -6  -7  -8   2  -1   6  -7   3  -2  -6  -4   0  -6   1  -2    0   0   0   0   0   0   0   0   5   4  69   0   5   1   0   1   6   0   4   3  1.48 0.74
  130 P    -8  -9  -9  -8  -9  -8  -8  -9  -9  -9  -9  -8  -9 -10   9  -6  -8 -10  -9  -7    0   0   0   0   0   0   0   0   0   0   0   0   0   0  98   0   0   0   0   0  3.71 1.56
  131 L    -2  -4  -2  -4  -6   8  -1  -6  -2  -4   1  -4  -1  -4  -7  -2  -3  -3   0  -4    3   1   2   1   0  61   3   0   1   1  12   1   2   1   0   3   2   0   3   1  1.63 0.90
  132 T     5  -1  -2  -3  -2  -2   1  -2  -1  -2  -5  -1  -3  -4   0   0  -1   2   0   0   42   3   1   2   1   1   9   3   2   2   1   3   0   1   4   8   4   3   4   7  0.53 0.42
  133 L    -5  -8  -8  -9  -5  -6  -8  -9  -8   0   7  -8  -1  -1  -8  -8  -7  -2  -5  -3    1   0   0   0   0   0   0   0   0   4  87   0   1   3   0   0   0   1   0   1  2.17 0.97
  134 M    -3  -4  -4  -2  -5   7   5  -4   3  -7  -6  -4   0  -2  -7  -4  -4  -5   0  -3    3   0   1   2   0  40  34   1   5   0   1   0   2   2   0   1   1   0   3   3  1.47 0.82
  135 G    -4  -3   0   7  -4   0   3  -4  -3  -6  -5   1  -2  -7  -5  -3  -3  -6  -3  -5    2   2   5  51   0   4  20   1   0   1   1   7   1   0   0   1   1   0   1   1  1.37 0.71
  136 D    -1   3  -2  -2  -4   2   3  -6  -2   0   1   3   1  -2  -4  -4  -4  -5   1  -3    4  17   2   2   0   8  17   0   1   5  13  18   3   1   0   1   1   0   5   1  0.49 0.36
  137 G    -6  -7  -4  -3  -8  -5  -7   7  -6  -9  -9  -5  -8  -7  -7  -5  -6  -7   4  -8    0   0   1   2   0   0   0  83   0   0   0   1   0   0   0   0   0   0  11   0  2.46 1.08
  138 G    -4  -8  -7  -4  -8  -7  -8   8  -8  -9  -9  -8  -9  -7  -7  -3  -7  -8  -9  -9    1   0   0   1   0   0   0  93   0   0   0   0   0   0   0   3   0   0   0   0  2.81 1.19
  139 W    -9  -9 -10 -11  -9  -8 -10  -9  -9  -6  -3 -10  -1   5  -8  -9  -8  12  -4  -7    0   0   0   0   0   0   0   0   0   0   3   0   2  18   0   0   0  75   0   0  4.19 1.60
  140 A     1   0  -3  -4  -3  -1   0  -3  -5  -1   4  -2   0  -4  -2  -2   2  -4  -3  -1   10   4   1   1   1   2   7   2   0   2  44   2   2   0   3   3  12   0   1   3  0.53 0.40
  141 S    -3  -5   7   0  -4  -4  -3  -3  -1  -7  -8  -5  -7  -7  -7   4  -4  -5  -7  -4    2   1  55   6   0   1   2   2   2   0   0   0   0   0   0  26   1   0   0   2  1.77 0.90
  142 R    -2   6  -4   0  -6  -2   2  -5  -2  -4  -5   0  -6  -8   5  -1  -4  -8  -6  -5    3  37   1   5   0   2  12   1   1   1   1   5   0   0  26   5   1   0   0   1  1.16 0.67
  143 S    -1   1   0   4  -4   1   3  -2  -1  -3  -2   2  -4  -4  -5   0  -1  -6  -3  -3    5   7   4  22   0   6  21   2   1   1   5  10   0   1   0   7   3   0   1   2  0.48 0.35
  144 T    -4  -7  -3  -6   0  -6  -6  -7  -7   6  -2  -6   4   1  -7   0   3  -7  -5   1    1   0   1   0   2   0   0   0   0  41   4   0   9   5   0   7  19   0   0  10  1.16 0.62
  145 A     3  -5  -6  -6  -3   0  -6  -6  -3   4  -3  -5  -3  -6  -1  -2  -2  -7  -6   5   23   1   0   0   1   4   0   0   1  21   2   0   0   0   3   4   2   0   0  38  1.03 0.59
  146 H    -2  -1   2   5  -7   0   3  -2  -1  -5  -3   2  -3  -4  -2  -2  -2  -3   1  -5    4   3   8  28   0   4  20   3   2   0   3  11   1   1   3   2   3   0   4   1  0.65 0.43
  147 A     1   2  -4   5  -4  -4  -3  -6   3  -2  -2  -4  -5  -3  -4  -5  -5   7   4  -3   13  11   0  27   0   1   1   0   7   2   5   1   0   1   1   0   0  15  11   2  1.04 0.61
  148 F    -8  -9  -9 -10  -9  -9  -9 -10  -7  -4  -3  -9  -5   9 -10  -8  -8  -4   4  -7    0   0   0   0   0   0   0   0   0   1   2   0   0  84   0   0   0   0  11   0  3.29 1.29
  149 Q     3   1  -1  -2  -2  -1   2   0  -3  -3  -2   0  -3  -5  -5  -1   1  -6  -4   2   28   7   3   1   1   2  12   7   1   0   4   7   0   0   0   3   9   0   0  15  0.38 0.33
  150 R     0   1   2   6  -7  -3   4  -4   1  -5  -6  -1  -6  -4  -6  -3  -3  -7   0  -5    8   6   8  37   0   1  22   1   4   1   1   3   0   1   0   1   2   0   3   1  0.98 0.57
  151 Y    -8  -8  -9 -10  -6  -8  -9 -10  -3  -8  -4  -9  -7   4  -9  -8  -8  -5  10  -8    0   0   0   0   0   0   0   0   0   0   2   0   0  14   0   0   0   0  83   0  3.50 1.42
  152 A     7  -6  -7  -7   0  -7  -6  -5  -7  -7  -7  -7  -4  -8  -7   0   0  -8  -7   0   79   0   0   0   2   0   0   0   0   0   0   0   0   0   0   7   5   0   0   6  1.98 0.98
  153 K     0   4   0   4  -7   1   3  -1  -1  -5  -5   1  -4  -6  -5  -1  -1  -3  -4  -4    7  24   4  19   0   5  16   4   1   0   1   9   0   0   0   4   3   0   1   1  0.67 0.44
  154 T    -1  -3  -6  -7  -3  -4  -5  -6  -3   3   2  -3  -2   3  -6  -4   2  -6  -1   4    6   1   0   0   1   1   1   0   1  13  19   2   0  10   0   1  11   0   2  32  0.74 0.44
  155 V     0  -8  -8  -8   9  -8  -7  -8  -8   1   1  -8   2  -5  -8  -6  -4  -8  -7   4    8   0   0   0  42   0   0   0   0   6  15   0   4   1   0   0   1   0   0  22  1.89 0.84
  156 M     1  -6  -8  -8  -2  -7  -8  -4  -1  -3  -4  -7  -2   9  -8  -4  -2  -5   2   0   10   0   0   0   1   0   0   2   1   2   1   0   1  65   0   2   3   0   6   6  2.05 0.91
  157 A    -1   4  -1   1  -7   2   3  -3  -2  -6  -6   4  -3  -6  -5   0  -2  -1  -5  -6    5  17   3   9   0  10  21   2   1   0   0  21   1   0   0   5   3   1   0   0  0.75 0.48
  158 R     1   4   2  -4  -3  -1   3  -5   4  -5  -1  -1  -2  -4  -5  -1   1  -6  -1  -4   11  20   9   0   1   2  22   0   8   0   8   4   1   1   0   4   8   0   2   1  0.58 0.42
  159 L    -8  -8  -9  -9  -8  -9  -9  -9  -7  -2   3  -9  -4   8  -9  -8  -8  -1   4  -6    0   0   0   0   0   0   0   0   0   2  22   0   0  64   0   0   0   1  10   0  2.45 1.03
  160 G    -3  -5  -5  -3  -6  -7  -7   7  -4  -9  -9  -2  -8  -8  -5  -1  -6  -8  -8  -8    3   1   1   1   0   0   0  85   0   0   0   2   0   0   1   5   1   0   0   0  2.36 1.03
  161 D    -7  -6   0   8  -9  -4  -2  -1   0  -9  -9  -4  -9  -9  -2  -2  -4  -7  -9  -9    0   0   4  77   0   1   2   5   2   0   0   1   0   0   3   3   1   0   0   0  2.29 1.04
  162 R    -6   8  -5  -3  -6  -2  -3  -6  -3  -5  -2   3  -5  -7  -8  -5  -5  -8  -1  -7    0  71   0   2   0   1   1   1   1   1   4  13   0   0   0   1   1   0   2   0  2.08 0.97
  163 L    -4  -9  -9  -9  -4  -8  -9  -8  -9   1  -3  -9  -4  -7  -9  -8  -6  -9  -6   8    1   0   0   0   0   0   0   0   0   7   2   0   0   0   0   0   0   0   0  89  2.66 1.15
  164 D    -3   1  -1  -1  -8  -2  -2  -4  -1  -7  -4   7  -6  -6  -1  -2   0  -5  -4  -6    2   6   2   4   0   2   2   2   1   0   2  65   0   0   3   2   5   0   1   1  1.52 0.79
  165 A    -4   0   2  -1  -4  -2  -4  -6   7  -1  -1  -1   1   1  -6  -2   0   2   5  -4    1   5  10   3   0   2   1   0  22   3   7   4   3   5   0   2   5   3  21   1  0.86 0.51
  166 V    -8 -10 -10 -11  -9  -9 -10 -10  -9  -4  -7 -10  -8   2 -10 -10  -9  13  -1  -4    0   0   0   0   0   0   0   0   0   1   1   0   0   6   0   0   0  87   2   2  4.75 1.77
  167 A     0  -6  -4  -7  -2  -5  -6  -6  -5   6   0  -6   3   1  -7  -2   3  -6  -3   1    8   0   1   0   1   0   0   0   0  41   8   0   6   6   0   3  15   0   1   9  0.99 0.54
  168 T    -6  -8  -7  -7  -7  -7  -7  -7  -8  -2  -6  -7  -5  -8  -2  -3   8  -9  -8  -3    0   0   0   0   0   0   0   0   0   2   1   0   0   0   2   2  90   0   0   2  2.78 1.28
  169 F    -6  -7  -5  -8  -6  -4  -7  -8   2   5   3  -7   2   6  -8  -6  -6  -5  -2   0    0   0   1   0   0   1   0   0   4  27  22   0   4  33   0   0   0   0   1   6  1.41 0.66
  170 N    -6  -7   9  -4  -3  -6  -5  -6  -1  -8  -8  -6  -8  -9  -8  -4  -6 -10  -7  -7    1   0  92   1   1   0   1   0   1   0   0   0   0   0   0   1   0   0   0   0  3.25 1.37
  171 E    -7  -7  -3  -1  -7  -2   8  -8  -7  -9  -9  -5  -6  -9  -7  -6  -7  -9  -8  -9    0   0   1   3   0   2  93   0   0   0   0   0   0   0   0   0   0   0   0   0  2.90 1.31
  172 P    -2  -8  -8  -8  -9   0  -7  -6  -8  -2  -5  -7  -4  -5   9  -5  -6  -9  -6  -6    4   0   0   0   0   4   0   1   0   3   1   0   1   1  84   1   0   0   0   0  2.85 1.28
  173 W    -2   0   3  -2  -4   1  -3  -3   1  -1  -1  -1  -1   2  -5  -1  -2   8   2  -3    4   5  15   2   0   5   1   2   4   4   6   4   2   7   1   5   2  23   7   2  0.79 0.46
  174 C    -1  -4  -2  -4   6   0  -2  -3  -1   3  -1  -4   0  -3  -5   0   1  -2  -1   3    4   1   2   1  15   5   3   2   1  16   5   0   2   1   0   7  10   1   2  23  0.57 0.37
  175 A    -1  -6  -4  -5  -2  -1  -3  -5   1   3  -1  -5   1   5  -4   0   0  -3   2   2    6   0   1   0   1   2   2   1   4  13   4   0   3  25   1   8   5   0   7  16  0.60 0.38
  176 V     4  -6  -4  -6   7  -5  -5  -3  -6   1  -3  -6  -2  -2  -2   2   2  -4  -6   1   29   0   0   0  19   0   0   2   0   7   2   0   1   2   2  14  13   0   0   8  0.92 0.55
  177 W    -1  -1  -1  -1  -2  -1   0  -1   0   1   0  -1   2   2  -3  -1   0   4   2   1    5   3   3   3   0   3   5   5   3   8  10   3   6  10   1   5   4   7   6   9  0.12 0.12
  178 L     0  -2   0  -3   0   0  -1   1   2  -1   3  -2   2   1  -4  -2  -2  -1   1  -1    8   2   5   1   2   5   4  10   4   2  29   2   5   7   0   3   1   1   5   4  0.22 0.21
  179 S     0  -7  -2  -5  -1  -3  -6   7  -6  -5  -7  -6  -6  -5  -2   1  -4  -5  -4  -5    7   0   2   0   1   1   0  72   0   1   0   0   0   1   2   9   1   0   1   1  1.78 0.85
  180 H    -6  -6  -3  -4  -5  -4  -3  -8   5  -5  -6  -6  -7   0  -6  -4  -6  -1   9  -6    1   0   2   1   0   1   2   0  12   1   1   0   0   4   1   1   1   1  71   0  2.74 1.17
  181 L     1  -2   0   1  -2  -2  -1   4  -1  -1   0  -3   1  -1  -3  -1  -2  -1  -1  -1   11   2   4  10   1   1   4  30   2   3  10   1   3   3   1   4   2   1   3   4  0.29 0.23
  182 Y     0  -1   1   0  -3   0  -1  -2  -1   0   1  -1   1   0  -3   1   2   1   1   0    6   3   7   4   0   4   4   3   2   7  13   3   3   4   0  10  14   2   6   5  0.09 0.13
  183 G    -1  -5  -2  -1  -3  -5  -5   7  -7  -5  -5  -3  -3  -7  -6  -4  -3  -5  -6  -5    4   1   2   4   1   1   1  77   0   1   1   2   1   0   0   1   2   0   0   1  1.88 0.87
  184 V     0  -1   1  -1  -3   0   1  -2  -1   2   0  -1   0   0  -3   0   1   0   0   2    6   4   6   3   0   3   9   3   2  13   7   4   2   4   0   5   9   1   3  15  0.08 0.11
  185 H    -3  -3  -1  -2  -5  -1  -4  -4   8  -2  -1   0   2   4  -4  -2  -2   0   3  -4    3   1   3   2   0   3   1   1  32   2   7   5   5  18   1   3   2   1   8   1  1.06 0.56
  186 A     6  -5  -4  -4  -1  -5  -3  -4  -4  -5  -4  -5  -4  -5   4  -3  -4  -4  -2  -5   63   1   1   1   1   0   2   1   0   1   2   0   0   0  20   2   1   0   2   0  1.55 0.83
  187 P    -4  -5  -6  -4  -6  -5  -4  -5  -6  -7  -6  -5  -6  -5   9  -5  -3  -9  -5  -5    2   1   0   1   0   0   1   1   0   0   1   1   0   1  85   1   2   0   1   1  2.83 1.26
  188 G     0  -3   0  -2   0  -2  -4   7  -4  -4  -4  -3  -3  -1  -5  -3  -4  -7  -2  -5    7   2   5   2   2   2   1  65   1   1   2   1   1   3   1   2   1   0   2   1  1.38 0.69
  189 E    -2   4   0  -2  -5  -2  -1  -2   2   2   0   0  -1  -2  -3  -3  -2  -1  -1   1    2  26   4   2   0   1   5   4   6  13  11   6   1   1   1   1   2   1   2  10  0.36 0.28
  190 R    -1   2   2   0   5   0  -1  -2   1  -2  -4   3  -2  -4  -2   1   1  -3  -2  -2    4  10   9   4  14   4   3   3   3   2   1  16   1   1   2   9   8   0   2   3  0.37 0.28
  191 N    -3  -3   2   4  -3  -2  -1   0  -1  -5  -2  -4  -2  -4   0   5  -2  -7  -2  -4    1   1   8  22   1   1   4   6   2   1   5   1   1   1   4  37   2   0   1   1  0.73 0.51
  192 M     0  -1  -1  -1  -3  -2  -1   1  -1   0   0   0   0   0   4   0   0  -1  -1  -1    6   3   2   3   1   1   5  12   2   5  10   5   2   5  19   8   5   1   2   4  0.19 0.17
  193 E     0   2   0  -1  -4   0   1   1  -1  -1  -3   1  -3  -2   1   0   3   0  -1  -1    6  10   3   3   0   4   9  10   1   3   2  10   0   2   6   5  18   1   2   4  0.17 0.19
  194 A     2   0  -2   0  -4   0   4   2  -3  -3  -3   0  -2  -3  -1   0  -1  -2  -2  -2   14   4   2   5   0   4  29  13   0   2   2   5   1   1   3   5   5   1   1   2  0.39 0.32
  195 A     2  -1  -3  -1  -2  -2  -1   1  -2  -3  -3  -2  -1   0   5  -1   0  -4   0   0   20   3   1   3   1   2   4   9   1   1   2   2   1   4  27   4   5   0   3   6  0.51 0.36
  196 L    -2  -4  -3  -8  -4  -5  -7  -6  -1  -1   2  -6  -1   3  -6  -5  -6   3   8  -1    3   1   1   0   0   0   0   1   1   3  16   0   2  10   0   1   0   4  51   4  1.67 0.81
  197 A    -1   1  -2  -3  -4   3  -1  -5  -2   3   2   1   0  -3  -1  -2   0  -2  -3   0    6   9   2   1   0  13   3   0   1  19  19   8   2   0   3   2   5   0   1   5  0.32 0.27
  198 A     5  -7  -7  -7   7  -4  -7  -5  -7  -1  -4  -5  -1  -4  -6  -2  -2  -7  -5   4   38   0   0   0  18   1   0   0   0   3   1   0   2   1   0   3   3   0   0  30  1.40 0.72
  199 M     4  -3  -1  -5   0  -3  -5   3  -3   0  -3  -5   2  -4  -5   1   1  -2  -3   0   36   1   3   0   2   1   0  19   1   4   2   0   5   1   0   9   7   1   1   8  0.60 0.43
  200 H    -7  -2  -4  -5  -5  -4  -5  -7  11  -8  -8   0  -8  -5  -7  -7  -6  -4   3  -9    0   2   1   1   0   1   0   0  78   0   0   6   0   1   0   0   0   0   8   0  3.38 1.33
  201 H    -5  -4   7  -6  -8  -5  -6  -6   9  -4  -6  -6  -5  -5  -7  -3   0  -8  -1  -3    1   1  43   0   0   0   0   1  37   1   1   0   0   0   0   2   7   0   2   2  2.16 0.99
  202 I    -1  -6  -5  -6  -4   1  -3  -6  -4   3   4  -5   5  -2  -6  -4  -1  -6  -3   2    6   0   1   0   0   7   2   0   0  13  36   0  12   2   0   1   4   0   1  14  0.81 0.46
  203 N    -3  -7   1  -7   0  -4  -7  -6  -2   3   5  -7   2  -2  -6  -4  -4  -6  -5  -1    2   0   6   0   2   1   0   0   1  17  58   0   5   1   0   1   1   0   0   3  1.24 0.63
  204 L    -6   0  -5  -7  -4  -4  -6  -8  -4   0   6   2   2  -4  -7  -6  -5  -7  -4   0    0   5   1   0   0   1   0   0   0   4  63  13   4   0   0   0   0   0   1   7  1.30 0.67
  205 A     6  -7  -6  -6   1  -5  -6   0  -7  -7  -6  -6  -4  -7  -6   3  -3  -8  -7  -5   69   0   0   0   3   0   0   7   0   0   0   0   0   0   0  17   1   0   0   0  1.76 0.90
  206 H    -6  -7  -2  -7  -9   0  -4  -7  11  -5  -7  -7  -5  -8  -8  -2  -6  -9  -5  -9    1   0   2   0   0   5   1   0  85   1   1   0   0   0   0   3   1   0   0   0  3.71 1.44
  207 G     6  -7  -6  -7  -4  -6  -6   4  -2  -6  -5  -5  -6  -7  -6  -1  -4  -8  -6  -4   60   0   0   0   0   0   0  29   1   0   1   0   0   0   0   4   1   0   0   1  1.68 0.85
  208 F     2   3  -3  -3  -3  -1   0  -4   1  -3   1   4   1  -4  -5   0  -1  -4  -1  -4   16  14   1   1   1   2   7   0   3   1  16  22   3   0   0   7   4   0   3   0  0.42 0.34
  209 G     6  -5  -7  -7  -3  -6  -6  -1  -7  -2  -6  -6  -3  -7  -6   0   0  -8  -7   2   67   0   0   0   0   0   0   6   0   3   0   0   1   0   0   5   5   0   0  12  1.53 0.81
  210 V     0  -6  -7  -6  -4  -6  -6  -5  -4   1  -3  -6   0  -1  -7  -3  -1   4   6   5    8   0   0   0   0   0   0   1   0   6   2   0   2   2   0   2   3   5  23  42  1.24 0.66
  211 E    -2   4   0   0  -7   3   0  -4   6  -4  -5   3  -4  -6  -3  -1  -3  -7  -4  -5    4  22   4   5   0  13   7   1  16   1   1  18   0   0   1   4   1   0   0   0  0.86 0.52
  212 A     2  -1  -2  -4  -3  -3  -2  -5  -3   3   3  -2   2  -3  -5  -2   0  -4  -4   2   20   4   2   1   0   1   3   0   1  14  30   2   4   1   0   2   5   0   0  11  0.49 0.34
  213 S    -4  -5  -7  -8   1  -7  -6  -7  -3   1   1  -4   1   3  -8  -6  -7  -3   9  -3    1   1   0   0   3   0   1   0   1   8  12   1   3   9   0   0   0   0  57   2  1.94 0.89
  214 R    -5   7  -3  -4  -6  -3  -4  -6   3  -7  -6   3  -6   4  -6  -6  -6  -3   2  -7    1  50   1   1   0   1   1   1   7   0   0  14   0  15   0   0   0   0   7   0  1.62 0.79
  215 H     1   4  -2  -1  -6   3   4  -4  -2  -6  -5   3  -5  -5  -5  -1  -3  -6  -2  -6   11  18   2   3   0  14  22   1   1   0   1  17   0   0   0   5   1   0   1   0  0.77 0.50
  216 V     2   0   0  -2  -2  -1   1  -2   0  -1   0   2   1  -2   0   0  -1  -3  -2  -1   19   4   5   1   1   3   8   3   2   3   9  17   4   1   5   6   3   0   1   4  0.16 0.19
  217 A     0   0   0  -1  -2  -1  -1   0   1  -2  -3   2  -2   1  -4   1   1  -2   4  -1    6   6   4   4   1   2   4   8   3   2   2  13   1   5   0  11   9   0  14   5  0.21 0.21
  218 P    -2  -2  -2  -3  -5   7  -3  -1  -4  -3  -2   0  -2  -4   3  -1  -5  -7  -1  -3    4   2   2   2   0  49   1   4   0   2   4   6   1   1  13   4   1   0   3   2  1.18 0.71
  219 K    -2   0   3   2  -6   1   0   3   1  -6  -6   4  -5  -5  -2  -2  -2  -6  -5  -5    4   5  12  12   0   6   5  20   4   0   0  23   0   0   2   2   2   0   0   1  0.62 0.41
  220 V     1  -4  -4  -6  -3  -5  -5   7  -4  -3  -4  -5  -5  -5  -4  -2  -2  -7  -5  -3   12   1   1   0   1   1   1  68   1   2   2   1   0   0   1   4   3   0   0   2  1.56 0.77
  221 P    -3   2  -1  -3  -4   4   1  -4  -2  -2  -1   4   0  -3  -2   0  -1  -2  -2  -1    2  11   3   1   0  16   9   1   1   3   6  27   2   1   2   7   3   1   1   4  0.48 0.37
  222 V    -4  -8  -6  -8  -2  -6  -8  -8  -8   7   0  -6   0  -4  -8  -7  -5  -8  -4   4    1   0   1   0   1   0   0   0   0  57   7   0   2   1   0   0   0   0   0  28  1.86 0.82
  223 G    -2  -8  -6  -7  -8  -7  -8   7  -8  -9  -9  -7  -3  -5  -8   1  -4  -8  -7  -7    3   0   0   0   0   0   0  82   0   0   0   0   1   1   0  11   1   0   0   0  2.35 1.05
  224 L    -2  -7  -5  -8  -2  -7  -7  -6  -7   7   1  -6   2   0   0  -4  -1  -2  -3  -1    3   0   1   0   1   0   0   1   0  58  12   0   5   4   5   1   4   1   1   3  1.41 0.68
  225 V     2  -6   0  -5  -2  -5  -6  -5  -6  -1  -4  -4  -3  -6  -5   2   5  -7  -5   4   18   0   4   0   1   0   0   1   0   4   1   1   0   0   0  12  30   0   0  26  0.94 0.59
  226 L    -3  -5   1  -4  -1  -4  -4  -6   1   2   5  -6   1   0  -1  -3  -3  -6  -1   1    2   0   7   1   1   1   1   0   4  12  47   0   2   4   3   2   1   0   2  10  0.77 0.45
  227 N     0  -5   6   2   1  -2  -3  -2   2  -4  -4  -5  -4  -1  -3   2  -2  -4   0  -1    6   0  36  12   3   2   1   3   4   1   2   0   0   3   1  14   2   0   4   5  0.80 0.50
  228 A     1  -4  -3  -4   3  -2  -4   1   0   1   1  -4   1   1  -1   2   1  -3   0   0   11   0   1   0   7   2   0  10   2   7  14   0   3   5   4  16   8   0   3   6  0.23 0.23
  229 H     0  -1   1   2  -3   1   1  -1   2  -1  -2  -2  -1   1  -1   1   1   1   0  -2    6   3   7  12   0   6   7   4   5   3   3   1   2   5   3  13  10   2   4   3  0.15 0.17
  230 S    -3  -6  -2  -4  -4  -5  -6  -2   0  -4  -3  -5  -1   1   4  -2  -2  11   2  -2    3   0   2   1   0   1   0   3   2   1   2   1   2   5  18   3   2  43   5   4  1.89 0.89
  231 A     1  -1  -3  -5   3  -3  -5  -1   0   1  -2  -3   0   4  -1  -1  -1  -2   4   2   12   3   1   0   5   1   0   4   3   6   3   2   2  15   3   6   4   0  15  14  0.39 0.29
  232 I    -3   0  -5  -2  -6  -1   5  -5   0   1  -2  -2   1  -2  -5  -3  -2   1   5   1    2   5   0   2   0   3  35   1   2   7   4   2   3   2   0   2   3   2  17   9  0.71 0.48
  233 P     0  -7  -6  -5  -4  -5  -6  -4  -5  -6  -8  -6  -6  -6   9  -4  -4  -9  -7  -5    7   0   0   1   0   0   0   2   0   0   0   0   0   0  82   1   1   0   0   1  2.73 1.22
  234 A     3   0  -2  -3  -3  -2   0  -3  -2  -1   1   1  -1   1  -4  -1  -2   3   3  -1   25   5   2   2   0   1   5   2   1   4  16  10   1   5   0   3   1   4   9   4  0.29 0.26
  235 S    -4  -2   1   3  -5  -4  -3  -3  -3  -4  -6  -3  -5  -3  -3   4   5  -6  -4  -4    1   3   7  17   0   1   1   2   1   1   0   1   0   1   1  32  29   0   1   1  1.00 0.61
  236 D    -2  -1   4   4  -2   0   2  -2  -1  -5  -4  -1  -3  -4   1   0  -1  -6  -4  -5    4   3  20  24   1   3  12   3   1   1   2   4   1   1   8   8   4   0   1   1  0.62 0.41
  237 G    -1  -1   2   2  -4  -3  -1  -2  -1  -6  -5   0  -6  -5  -5   5   2  -7  -5  -4    5   4   9   9   0   1   4   2   1   0   1   6   0   0   0  44  12   0   0   1  0.84 0.56
  238 E     0  -2  -2   0  -5   0   3  -4  -3  -1  -3   1  -3  -3   5   0   1  -6  -4  -2    9   2   2   5   0   4  16   1   0   3   3   8   1   1  27   5   9   0   0   3  0.55 0.39
  239 A     3   0  -2   1  -4   0   5  -3  -3  -3  -2   1  -3  -6  -3  -1  -3  -4  -4  -3   20   5   1   7   0   4  36   2   1   1   4   7   1   0   1   4   1   0   1   2  0.65 0.45
  240 D    -4  -7   1   8  -4  -4  -2  -5   2  -6  -8  -6  -8  -7  -7  -3  -5  -9  -4  -6    2   0   6  79   1   1   2   1   4   1   0   0   0   0   0   2   1   0   1   1  2.42 1.06
  241 L    -1   2  -3  -4  -4   2   0  -5  -1   3   0   1   0  -4  -4  -3  -2  -2  -3   3    6  12   1   1   0   9   6   0   1  18   8  10   2   0   0   2   2   1   1  19  0.38 0.30
  242 K     2   1  -1   1  -5   1   4  -3  -2  -1   0   1  -1  -3  -4  -2  -2  -2  -3  -2   19   6   2   9   0   6  25   1   1   4   8   8   1   1   0   1   2   1   1   3  0.39 0.32
  243 A     7  -7  -6  -7  -6  -5  -4  -5  -7  -5  -3  -5  -3  -5  -6  -2  -4  -8  -6  -3   87   0   0   0   0   1   1   0   0   1   3   1   1   0   0   3   1   0   0   2  2.18 1.03
  244 A     6  -3  -4  -6   1  -4  -5  -4  -4  -4  -4  -4  -4  -6  -5   0   1  -4  -6   1   63   1   1   0   3   1   0   1   0   1   1   1   0   0   0   7   9   0   0   9  1.32 0.73
  245 E     0   2  -1   2  -7   3   4  -4   0  -3  -3   2  -1  -4  -5  -2  -3  -5  -2  -4    7  10   3   9   0  14  31   1   2   2   2  10   2   1   0   2   1   0   1   1  0.67 0.45
  246 R    -4   7   0  -2  -6  -1  -3  -6  -1   0   0  -1   0  -2  -7  -5  -2  -2  -1  -3    2  55   4   3   0   2   1   1   2   5  10   3   2   2   0   1   3   1   2   2  1.23 0.66
  247 A     5  -1  -3  -4  -1  -1  -3  -2  -2  -1  -2  -2   2   0  -5   0  -2  -1   3   0   41   4   1   1   1   2   1   3   1   3   4   3   4   5   0   8   2   1   9   6  0.52 0.40
  248 F    -4   1   1   4  -4   0  -1  -5   0   0   2  -2   4   2  -5  -3  -2   0  -1  -2    1   8   6  22   0   4   4   0   2   5  18   2  11   7   0   1   2   1   2   3  0.44 0.33
  249 Q     2  -2  -2   4  -3   4   2  -1  -2  -2  -1  -3  -2  -6  -5  -1  -2  -5  -5  -3   14   2   2  24   1  19  14   5   1   2   6   1   1   0   0   3   2   0   0   2  0.61 0.44
  250 F    -4  -5  -4  -6  -5  -4  -3  -7  -2   1   0  -6   0   8  -8  -4  -4   2   3  -2    1   1   1   0   0   1   2   0   1   7  10   1   2  56   0   1   1   2   7   3  1.65 0.76
  251 H    -2   0   0  -1  -2   2   1  -3   3  -1  -1  -1   3   2  -4  -1   0   3   2  -1    3   4   5   4   1   9   9   2   7   3   5   3   9   8   0   5   7   4   8   4  0.22 0.22
  252 N    -3  -4   5  -3   0  -4  -4  -3  -2   2   2  -5   0   3  -6  -3  -1   1   1   0    2   1  30   1   2   1   1   2   1  10  19   0   2  11   0   2   4   2   4   7  0.67 0.43
  253 G    -1   3   0   0  -7  -3  -3   6  -2  -6  -5  -3  -6  -3  -5  -3  -2  -1  -3  -6    5  18   4   5   0   1   2  52   1   0   1   1   0   1   0   2   2   1   1   0  1.16 0.63
  254 A    -3  -3  -6  -8  -3  -2  -8  -6  -4   0   1  -7   0   1  -7  -3  -6  12   1  -2    2   2   1   0   1   2   0   1   0   5  13   0   3   4   0   3   0  57   3   3  2.55 1.09
  255 F    -5  -8  -8  -9  -3  -7  -8  -7  -2   1  -3  -7  -1   8  -8  -6  -4   4   5  -1    1   0   0   0   1   0   0   1   1   6   2   0   2  58   0   0   2   5  16   4  2.08 0.91
  256 F     4  -6  -5  -7  -2  -5  -6  -2  -3   0   4  -6   5  -1  -5  -2  -1  -6  -2  -2   28   0   1   0   1   0   0   3   1   5  37   0  12   2   1   3   3   0   1   3  0.89 0.54
  257 D    -5  -5   3   6  -4  -2   2  -2   6  -7  -6  -3  -6  -6  -7  -3  -4  -6  -4  -8    1   0  11  47   1   1  12   3  17   0   1   2   0   0   0   2   1   0   1   0  1.56 0.78
  258 P    -1  -8  -8  -8  -9  -8  -7  -4  -8  -7  -4  -7  -2  -9   9  -5  -2  -9  -9  -3    6   0   0   0   0   0   0   1   0   0   2   0   1   0  83   1   3   0   0   2  2.80 1.26
  259 V    -2  -7  -5  -7  -4  -4  -7  -8  -4   6   3  -7   1  -1  -7  -3  -3  -7  -2   2    4   0   1   0   0   1   0   0   1  39  30   0   3   2   0   2   1   0   1  14  1.19 0.59
  260 F    -4  -5  -5  -7   0  -4  -7  -6  -1   1   1  -6   1   6  -7  -5   0  -1   5   2    2   0   0   0   2   1   0   0   1   8  15   0   3  28   0   0   6   1  18  15  1.03 0.54
  261 K    -3   2   1  -1  -4  -2  -2  -1   3  -3   0   3  -3   3  -5   1   0  -3   2  -4    1   9   7   3   0   1   2   5   6   1   9  18   0  12   0  11   5   0   8   1  0.37 0.31
  262 G    -5  -4  -4  -6  -9  -6  -8   8  -4 -10  -6  -3  -4  -8  -8  -6  -8  -9  -7  -8    1   1   1   0   0   0   0  91   1   0   1   2   1   0   0   0   0   0   0   0  2.67 1.15
  263 E    -2   1   1   6  -4  -1   1   0   1  -5  -6   1  -6  -6  -5  -2  -1  -5  -2  -5    4   8   5  40   0   2   9   6   3   0   0   9   0   0   0   3   5   0   2   1  0.85 0.51
  264 Y    -8  -8  -9 -10  -9  -6  -9 -10  -3  -6  -5  -9  -8   1  -9  -8  -8   4  10  -7    0   0   0   0   0   0   0   0   0   1   1   0   0   5   0   0   0   5  86   0  3.54 1.44
  265 P    -7  -7  -3  -5  -9  -8  -8  -7  -2  -9  -9  -8  -6 -10   9  -3  -4 -10  -9  -9    0   0   2   1   0   0   0   0   1   0   0   0   0   0  91   3   1   0   0   0  3.25 1.41
  266 A     1  -1  -2   3  -6   3   4  -4  -1  -3  -3   1  -5  -4   2  -1  -1  -5  -4  -3   12   3   1  15   0  10  24   1   1   1   3  10   0   1   9   4   3   0   1   2  0.51 0.39
  267 E    -1  -1  -1   1  -2  -2   2  -2  -3   2  -1  -2  -1  -2  -2   2   0  -2  -1   2    5   3   2   7   1   1  15   2   0  12   5   2   1   1   2  16   5   1   3  16  0.21 0.23
  268 M    -2  -5  -7  -6  -3  -6  -6  -5  -4   1   2  -7   9  -1  -6  -6  -3  -7   0   2    4   1   0   0   1   0   0   1   1   7  16   0  47   3   0   0   2   0   3  14  1.67 0.80
  269 M    -2   4  -4  -3  -3   1  -1  -4  -3   1   1   4   0  -1  -5  -3  -2   1  -3   0    3  21   0   1   1   5   3   1   1   8  12  28   2   2   0   2   2   2   1   6  0.58 0.39
  270 E     1   1   0   3  -6   1   3  -3  -3  -5  -5   3  -3  -5  -2   0   0  -1  -4  -4   10   6   5  15   0   5  21   1   0   0   1  17   1   0   2   7   5   1   0   1  0.51 0.37
  271 A    -1   3   0  -2  -3   1  -1  -2   0   1   1   0   0   0  -4  -2  -1   2   2  -1    6  16   5   2   0   7   3   3   2  10  15   5   2   4   0   2   3   3   8   4  0.17 0.17
  272 L    -1  -6  -6  -6  -2  -5  -5  -6  -3   3   3  -5   1   2  -4  -4  -2  -4   1   4    5   0   0   0   1   0   1   1   1  14  31   0   3   7   1   1   3   0   5  26  0.78 0.44
  273 G     2  -1  -2  -1  -6  -2   1   5  -2  -4  -6   2  -5  -6  -2  -1  -3  -1  -5  -5   16   4   2   4   0   2   8  40   1   1   0  11   0   0   2   5   1   1   0   1  0.75 0.46
  274 D    -1  -1   1   3  -4  -2   2  -1   0  -4  -4   0  -4  -5   0   4  -1  -4  -2  -4    5   3   6  15   0   1  12   4   2   1   1   6   0   0   4  31   4   0   1   1  0.51 0.40
  275 R    -2   7   0   0  -3  -2  -1  -4   1  -1  -3  -1  -3  -1  -4  -3  -3  -5   1  -3    4  52   4   6   1   2   3   1   3   4   3   4   1   3   1   2   1   0   4   2  1.06 0.58
  276 M    -1  -4  -3  -4  -4  -3  -4  -4  -4   0   6  -5   2  -1  -6  -4  -3   2  -3  -2    5   1   1   1   0   1   2   1   1   4  66   1   5   2   0   1   1   3   1   2  1.20 0.61
  277 P    -4  -2  -6  -2  -8  -4  -5  -4  -5  -6  -5  -3  -3  -6   8  -1  -5  -2  -5  -7    1   2   0   3   0   1   1   2   0   1   1   2   1   0  78   4   1   1   1   0  2.45 1.14
  278 V     0   1  -1   0  -4   0   2  -3  -1  -2  -3   2  -3   1   0   0   1  -3   1   0    7   6   2   6   0   4  16   1   1   1   2  14   0   5   4   8   8   0   5   9  0.20 0.21
  279 V    -5  -5  -4  -7  -5  -6  -5  -4  -4   3  -1  -6   1   8  -5  -7  -3   0  -1   1    1   1   1   0   0   0   1   2   0  14   6   0   3  57   1   0   2   1   1   8  1.70 0.77
  280 E    -3   0  -1  -2  -5   1   0  -5   0  -5  -5   0  -4  -6  -4   2   6   1  -3  -4    2   5   3   3   0   6   5   0   2   1   1   5   0   0   1  16  47   2   1   1  1.02 0.65
  281 A     1  -2  -2   3  -7   0   4  -5  -4  -6  -4   1  -6  -4   4  -1  -2  -4  -5  -5   11   2   2  16   0   4  22   1   0   0   2   9   0   1  22   5   2   0   0   1  0.73 0.49
  282 E     0  -2  -1   2  -7   0   5   3  -1  -5  -6  -1  -6  -6  -5  -1  -3  -5  -3  -5    8   2   3   9   0   4  40  21   1   1   1   3   0   0   0   4   2   0   1   1  0.87 0.55
  283 D    -7  -5  -5   6  -9   3   6  -7  -5  -9  -7  -5  -4  -9  -7  -6  -5   2  -8  -7    0   0   0  39   0  12  43   0   0   0   0   0   0   0   0   0   1   3   0   0  1.91 0.96
  284 L    -1  -1  -4  -4  -5  -2  -2  -5  -4   2   2   3   5  -1  -5   2  -2  -1  -4   0    4   4   0   1   0   1   2   0   0  12  19  16  13   2   0  15   2   1   0   6  0.47 0.36
  285 G     2   0  -1   2  -6   0   4  -3  -3  -3  -4   3  -3  -7  -4  -2  -1  -7  -5  -3   16   5   3   9   0   4  29   2   1   1   2  19   1   0   1   3   3   0   0   2  0.65 0.45
  286 I    -1   0  -3  -2  -3   0  -1  -5  -3   2   3  -1   3   1  -5  -2   0  -2   2   0    4   4   1   2   0   4   4   0   0  13  29   4   8   5   0   2   5   1   7   4  0.36 0.27
  287 I    -3  -6  -4  -8  -4  -7  -8  -8  -8   6   3  -7   2  -2  -8  -6  -5  -7  -6   3    2   0   1   0   0   0   0   0   0  47  24   0   4   2   0   0   1   0   0  18  1.51 0.71
  288 S     0   3   0  -5  -2   1  -4  -2   2  -3  -4   5  -2  -5  -5   1  -2  -7  -5  -4    8  17   5   0   1   5   0   4   4   2   2  39   1   0   0  10   2   0   0   1  0.85 0.53
  289 Q     0  -2   2  -2  -3   3  -1   6  -3  -6  -7  -4  -6  -3  -5  -2  -1  -7  -5  -4    8   2   9   2   1  12   4  51   1   0   0   1   0   1   0   2   3   0   0   1  1.10 0.62
  290 K    -1  -2  -2  -2  -3  -2  -4  -3  -6  -6  -7   0  -6  -7   4   5   4  -8  -6  -6    4   2   1   2   1   2   1   2   0   0   0   6   0   0  22  36  21   0   0   0  1.09 0.69
  291 L     1  -4  -2  -5  -1  -3  -5  -4  -2   2   1  -5   0   3   0   1   0   0   3   1   12   0   2   0   1   1   0   1   1  11  16   0   2  11   5  12   4   1  10   9  0.34 0.28
  292 D    -8  -6  -4   9 -10  -5  -2  -7  -6 -10  -9  -6 -10 -10  -7  -7  -7 -11 -10 -10    0   0   1  95   0   0   2   0   0   0   0   0   0   0   0   0   0   0   0   0  3.29 1.38
  293 W    -6  -9  -9  -8  -6  -9  -9  -8  -6  -4  -3  -9  -2   9  -9  -6  -6   4   4  -3    1   0   0   0   0   0   0   0   0   1   2   0   1  77   0   1   1   4  10   2  2.85 1.16
  294 W    -5  -7  -8  -8  -1  -6  -7  -8  -4   5   4  -7   1   5  -8  -7  -6  -1   2   1    0   0   0   0   1   0   0   0   0  25  33   0   2  21   0   0   0   1   7   8  1.25 0.61
  295 G     1  -8  -7  -7  -1  -7  -8   7  -8  -9  -9  -7  -4  -9  -8  -3  -5  -8  -7  -8   11   0   0   0   2   0   0  84   0   0   0   0   1   0   0   2   1   0   0   0  2.43 1.07
  296 L    -4  -7  -8  -8  -3  -5  -7  -8  -4   5   4  -7   3   1  -7  -7  -5  -4  -2   3    1   0   0   0   1   0   0   0   0  27  36   0   6   6   0   0   0   0   1  20  1.25 0.61
  297 N    -7  -7   9  -3  -9  -1  -6  -5  -4  -4  -9  -6  -8  -9  -8  -3  -5  -9  -8  -8    0   0  88   1   0   3   0   1   0   1   0   0   0   0   0   2   1   0   0   0  3.05 1.30
  298 Y    -4  -7  -2  -7  -4  -2  -6  -6   8  -1  -4  -7  -4   1  -7  -2  -1  -1   8  -3    1   0   2   0   0   2   0   1  28   4   2   0   1   5   0   3   4   1  43   2  1.91 0.89
  299 Y    -8  -8  -8  -8  -9  -7  -7  -9  -4  -8  -6  -8  -5   0  -9  -8  -8  -4  10  -8    0   0   0   0   0   0   0   0   0   0   1   0   0   3   0   0   0   0  94   0  3.88 1.54
  300 T    -1  -2   1  -4  -1   0  -4  -3   0  -4  -4  -4  -1   1  -6   3   6  -3   0  -4    4   3   5   1   1   4   1   2   2   1   2   1   2   6   0  17  45   0   3   1  0.94 0.61
  301 P     1   3  -3  -4  -2  -4  -4   0  -2  -4  -6  -4  -4  -5   2   4   4  -7  -5  -4   11  13   1   0   1   0   1   7   1   1   0   1   0   0  12  26  23   0   0   1  0.77 0.54
  302 M     0   2   1  -1  -2   0  -1  -2   1   0  -1   0   0   1  -3   0   0  -2   2   0    6  12   9   3   1   5   3   2   4   5   7   6   3   6   0   8   7   0   8   6  0.11 0.13
  303 R    -3   1  -2  -5  -2  -3  -4  -5  -1   1   2  -2   2   2  -4  -3  -1   0   6   1    1   8   2   1   1   1   1   1   2   8  17   2   4   9   1   2   5   1  26   9  0.64 0.40
  304 V     2  -5  -4  -7  -1  -5  -6  -4  -5   3  -3  -6   0  -3  -5  -4  -1  -6  -2   6   19   0   1   0   1   0   0   1   0  14   2   0   2   1   1   1   3   0   2  51  1.20 0.62
  305 A     1   3  -2  -4  -3   1   1  -2  -1  -4  -4   4  -3  -3  -4   1   1  -4  -1  -2   14  16   2   0   0   5   7   3   1   1   1  22   1   1   0  11  10   0   2   2  0.47 0.36
  306 D     2  -2   2   4  -4  -1  -1  -2   4  -4  -4  -1  -3  -1   1   0  -3  -3   2  -4   19   2   9  23   0   2   3   3   8   1   1   3   1   3   8   6   1   0   6   1  0.49 0.35
  307 D     0   0   2   3   1   0   0  -1   0  -1  -2   0  -2  -3   1   0   0  -3   0  -2   10   5  12  17   3   4   6   5   2   3   3   5   1   1   6   8   4   0   3   2  0.18 0.17
  308 A     1  -1   0   1  -2  -1   1   0  -2  -2  -3  -1  -3  -2   4   1   1   0  -3  -2   11   4   4   6   1   2   9   7   1   2   3   3   0   2  20  13   7   1   1   2  0.30 0.25
  309 T     0  -1   2   2  -2   0   1   0   0  -2  -2   0  -2  -2   0   1   2  -1   0  -2    7   3   9  10   1   3   8   6   2   3   3   6   1   2   5  10  14   1   4   3  0.14 0.16
  310 P     0  -2   1   1  -5  -1   1   1  -2  -1  -4   0  -4  -4   5   0  -1  -3  -2  -3    7   2   7   7   0   2   9  12   1   4   1   5   0   1  27   8   3   0   2   2  0.49 0.34
  311 G     0  -1   1   1  -1  -2   1   2  -2  -2  -2  -1  -2  -1   2   1  -1  -1  -1  -2    9   3   8   7   1   1  10  18   1   3   4   3   1   2   9  11   3   1   2   2  0.19 0.18
  312 V     0  -1   0  -1   0   0  -1  -1   0   1   0   0   0   0   0   0   0   0   1   1    6   3   4   3   2   4   3   5   2   9  11   5   1   5   5   7   8   1   6  10  0.02 0.03
  313 E    -1  -1   1   1  -3   0   2   0   0  -2  -1  -1  -1  -1   1   1   0   0  -1  -1    4   3   8   9   0   4  16   9   2   2   6   4   1   3   6   9   4   1   2   4  0.13 0.13
  314 F    -1  -2   0   0  -2  -1  -1  -1   1   0   0  -1   0   3  -1  -1  -1   3   3  -1    4   2   6   5   1   3   5   5   3   7  10   4   2  16   3   4   4   4   9   5  0.15 0.14
  315 P    -1   0   0   1  -3   0   0  -1  -1  -2  -1  -1  -1  -1   4   1   1  -2  -1  -1    6   4   4   9   0   3   5   5   1   2   8   3   1   3  20  10   7   1   3   5  0.22 0.19
  316 A     1   0   0   0  -1   0   1   1  -1  -1  -2   0  -1   0   1   1   0  -1   0  -1   10   5   4   6   1   4   8  10   2   3   4   4   1   5   8  12   6   1   3   5  0.08 0.09
  317 T    -1  -1   1   3  -3   0   0   0   0  -1  -1  -1  -2   0  -2   1   1   1   2   0    5   3   7  15   0   3   4   6   2   4   5   3   1   3   1  10   9   2   9   6  0.14 0.15
  318 M    -1   1   0  -1  -3   0  -1  -2   0   1   0   0   2   2  -1  -1  -1   2   2   1    3   7   6   4   0   4   3   3   2   7   8   5   6   8   3   5   3   3   8  11  0.09 0.11
  319 P    -1   0   2   1  -3  -1   1   0  -1  -3  -2   1  -3  -2   3   1   0  -3  -1  -2    5   4   9   8   0   2   8   8   1   1   3  10   1   2  16   9   6   0   3   3  0.25 0.21
  320 A     1  -1   1   3  -4   0   0   1  -1  -1  -2  -1  -2  -2  -1   0   0   0  -1   1   11   2   5  19   0   3   5   9   1   4   3   3   1   2   3   7   7   2   2  10  0.16 0.16
  321 P    -1   0  -1   2  -3   0   0   1   0  -2  -2   0  -1  -3   3   0   0  -2  -2   0    5   5   2  12   0   5   5  13   2   2   4   7   2   1  14   7   5   0   2   7  0.19 0.17
  322 A     0  -1   0   1  -1   0   0   1  -1  -1  -1   0  -1   0   2   0   0  -1   0   0   10   2   5  10   1   4   5  10   1   4   4   5   2   4   9   8   5   1   4   7  0.07 0.08
  323 V     0  -1  -1  -1  -2  -2   0  -1  -1   0  -1  -2  -1   0   4   0   0   1   0   1    9   4   3   4   1   1   6   5   1   7   5   2   2   4  19   6   5   2   3  11  0.18 0.16
  324 S     0   0   1   0  -2   0   0   1  -1   1  -1   0  -1  -1   0   1   0   1  -1  -1    7   6   7   5   1   3   7  11   1  10   5   5   1   2   5   9   6   2   2   4  0.05 0.07
  325 D    -1  -1  -1   2  -5  -1   1   3   0  -2  -2   0  -1  -2  -1  -1  -1   6  -1  -1    5   3   3  12   0   2   9  20   2   3   4   5   2   2   3   4   3  12   2   4  0.37 0.26
  326 V    -1  -1  -2  -1  -2  -1   1  -2  -2   0  -1   0  -1  -2   5  -2   0   0  -1   0    6   3   2   4   1   3   9   3   1   6   6   5   1   2  30   3   6   1   2   6  0.45 0.32
  327 K    -1   3  -1  -2  -5   2   0  -1   0  -2  -1   2  -2   0  -1   0   1  -4   1  -1    4  15   3   2   0   9   6   5   2   2   5  14   1   3   3   5  11   0   5   4  0.22 0.21
  328 T     1  -4   0  -4  -4  -3  -3  -1  -5  -5  -5  -3  -2  -3  -2   3   6   1  -3  -2   12   1   5   1   0   1   2   4   0   1   1   1   1   1   3  17  43   2   1   3  0.94 0.60
  329 D     2  -2   0   4  -2   0   1   1   1  -4  -3  -1  -1  -3   0   0  -1   0  -2  -2   16   2   4  22   1   3   9  10   3   1   3   3   2   1   4   7   3   1   2   2  0.31 0.26
  330 I    -2  -2   0  -2   0  -2  -2  -3  -2   0  -1  -3   6   1   0   3   0   4  -1   0    3   2   5   2   2   1   3   2   1   5   5   1  19   5   6  20   5   6   2   6  0.48 0.36
  331 G    -2  -2   1   2  -4  -3   0   5  -1  -5  -6  -2  -3  -3   0   1  -2   2  -2  -5    2   2   6  11   0   1   7  40   2   1   1   2   1   1   5  10   3   3   2   1  0.73 0.44
  332 W    -5  -4  -5  -6  -5  -4  -5  -7  -2  -4  -3  -5  -2   1  -4  -6  -4  12   1  -4    1   1   1   1   0   1   1   1   1   1   3   1   1   6   1   1   2  69   4   2  3.36 1.35
  333 E    -2  -2  -1  -2  -4  -1   3  -3   0  -3   3  -1  -2  -1   3  -1  -2  -3   0  -3    3   2   3   2   0   2  21   2   2   1  27   3   1   3  13   4   3   0   4   2  0.42 0.34
  334 V    -2   0  -4  -5  -3  -3  -7  -6  -3   6  -3  -3  -2  -1  -5  -4  -1  -3   2   5    3   5   1   1   0   1   0   1   1  36   2   2   1   2   1   1   4   0   6  33  1.12 0.58
  335 Y    -1  -2  -1   1  -1  -4  -2  -4   2  -2  -4  -5  -2  -1  -5  -2   1  -1   6   4    5   2   3   9   2   0   3   1   4   2   1   1   1   2   0   3  10   1  25  25  0.75 0.48
  336 A     0  -8  -7  -6  -3  -8  -4  -5  -6  -8  -9  -7  -7  -8   9  -3  -3 -10  -8  -6    7   0   0   0   1   0   1   1   0   0   0   0   0   0  83   2   2   0   0   1  2.83 1.32
  337 P    -3   0  -2   2  -7   2   3  -5  -3  -3  -4   1  -4  -2   2  -1  -3   8  -3  -4    2   4   2   9   0   9  18   1   1   2   2   9   0   2  10   4   2  20   1   1  0.86 0.54
  338 A     1  -6  -3  -4   0  -5  -5   7  -4  -6  -6  -7  -8  -4  -6   0  -3   0  -3  -4   11   0   1   1   2   0   1  68   1   1   1   0   0   1   1   6   2   1   1   1  1.66 0.83
  339 L    -5  -8  -9  -9  -4  -6  -8  -8  -8   3   5  -8   4   5  -7  -7  -5  -2  -2  -2    1   0   0   0   0   0   0   0   0  16  49   0  10  18   0   0   1   1   1   2  1.53 0.73
  340 H    -4   6  -3  -6  -2   1   0  -2   1  -5  -3   0  -5  -2  -6  -3   0  -6   5  -6    2  40   1   0   1   5   6   4   3   1   3   4   0   2   0   2   6   0  19   0  1.11 0.65
  341 T    -2   1   1   3  -5   0   2  -2   0  -3  -4   4  -3  -4  -5  -1  -3   4   0  -4    4   8   6  15   0   4  14   3   2   2   2  23   1   1   0   4   1   5   4   1  0.55 0.39
  342 L     0  -6  -7  -7  -3  -2  -4  -1  -2   2   4  -5   3   0  -7  -3  -1  -4  -3   2    9   0   0   0   1   2   1   5   1  11  38   0   7   4   0   2   4   0   1  14  0.70 0.42
  343 V    -3  -8  -9  -9  -2  -8  -9  -7  -9   1   6  -8   0  -4  -2  -7  -4  -8  -6   0    3   0   0   0   1   0   0   0   0   7  75   0   2   0   2   0   1   0   0   6  1.77 0.85
  344 E    -3   3   4  -1  -3   0   0  -4   0   0   0   2   3  -4  -5  -2   0  -6  -4   0    2  13  19   3   1   3   7   1   2   4   9  14   6   0   0   2   5   0   1   8  0.40 0.31
  345 T    -3   2   0  -1   0   0  -2   0   2  -2  -3   0   0   2  -1  -2  -1   7   5  -5    2   9   5   3   2   5   3   6   5   2   3   5   2   7   3   3   4  13  17   0  0.54 0.40
  346 L    -1  -5  -2  -2   0  -2  -2  -5   1   4   2  -5   2   1  -2  -1  -1   1   0   1    4   0   2   2   2   2   2   0   4  22  21   0   5   7   3   4   3   2   3  10  0.37 0.30
  347 Y    -1   2  -1   0   2   0  -2  -2   3  -2  -3   4  -1  -2  -2  -1  -1   2   2  -1    5   9   3   6   4   5   2   3   7   2   3  23   2   2   2   4   3   3   8   4  0.32 0.29
  348 E    -1   1   1   2  -5   1   2  -2   1  -2  -2   2  -1  -2  -1   0   0  -1  -2  -3    5   8   6  12   0   7  16   3   3   3   4  13   1   1   3   5   5   1   1   1  0.24 0.23
  349 R    -2   5   1   0  -5   1   1  -3   0  -3  -1   2  -1  -2  -5  -2   0  -5   0  -1    3  27   7   6   0   5  10   2   2   2   6  12   1   1   0   3   7   0   3   4  0.43 0.35
  350 Y    -5  -1  -5  -2  -3  -6  -5  -5  -2  -3  -5  -5  -6   1  -4  -5  -4   4   9  -4    1   3   1   2   1   0   1   1   1   2   1   1   0   4   1   1   1   4  73   1  2.51 1.11
  351 D    -2   0   4   0  -6   0  -1   4   2  -6  -5   1  -3  -6   2  -2  -2  -6  -4  -5    2   5  18   6   0   4   3  31   5   0   1   7   1   0  10   3   3   0   1   1  0.66 0.42
  352 L    -3  -1   5   1  -3  -2  -3   0   0  -1   0  -1  -1  -2   1  -1  -2  -2   0   0    1   3  31   8   1   1   1   6   2   3  11   4   1   1   7   4   2   1   3   8  0.43 0.34
  353 P    -2  -3  -4  -2  -2  -1  -3  -3  -2   1  -1   0  -1  -4   7  -4  -2  -6  -4  -2    4   1   1   3   1   3   2   3   1   9   6   6   2   1  51   1   3   0   1   4  1.15 0.64
  354 E    -1  -1  -2   0  -4  -1   2  -2  -2  -2  -2   0  -2  -2   5   0  -1  -2  -2  -1    6   3   1   6   0   3  12   3   1   3   5   6   1   2  32   6   5   1   1   5  0.54 0.35
  355 C    -5  -6  -7  -7   0  -6  -7  -4  -7   7   1  -6   3   1  -6  -4  -3   2  -3   2    0   0   0   0   2   0   0   1   0  49  13   0   7   5   0   2   1   2   1  14  1.31 0.63
  356 Y    -4  -6  -6  -7   0  -4  -4  -7  -2   2   0  -3   1   4  -6  -4  -4   2   8   0    2   0   0   0   2   1   1   0   1  11   9   2   4  15   0   1   1   2  41   6  1.35 0.67
  357 I    -5  -6  -6  -6  -1  -1  -6  -7  -6   7  -1  -6  -1  -3  -6  -4  -5  -6  -5   4    1   0   0   0   1   3   0   0   0  58   6   0   1   1   0   1   0   0   0  25  1.67 0.75
  358 T    -2  -3  -4  -5  -2  -3  -3  -4   0  -4  -3  -3  -2  -3  -4   0   7  -6  -2  -2    4   2   1   0   1   1   2   2   3   1   3   2   1   1   1   7  66   0   1   3  1.44 0.78
  359 E    -3  -3  -5  -4  -7  -2   8  -4  -2  -2  -7  -4   0  -7  -6  -2  -2  -7  -7  -7    2   1   0   0   0   1  80   1   1   3   0   1   2   0   0   2   2   0   0   0  2.11 1.02
  360 N    -6  -2   8  -1  -1  -4  -5  -3  -3  -4  -5  -5  -7  -3  -3  -1  -2  -8  -4  -6    0   2  75   3   1   1   0   2   1   1   1   0   0   1   2   4   3   0   1   1  2.17 1.01
  361 G    -4  -6  -5  -4  -7  -3  -3   7  -6  -7  -4  -2  -7  -7  -6  -2  -6  -7  -7  -7    1   0   0   1   0   1   2  85   0   0   2   3   0   0   0   3   0   0   0   0  2.21 0.94
  362 A     2  -2  -4  -4   3  -2  -4  -1  -2   1  -1  -3   3   2  -4  -1  -1   4   3   2   16   2   0   1   7   2   1   4   1   8   5   1   8  10   0   4   4   5   9  12  0.32 0.24
  363 C     3  -3   0   1   4  -1  -3   1  -3  -3  -4  -3  -2  -2   0   3  -1  -5  -3  -3   28   1   4   7   7   3   1  11   1   1   2   1   1   2   4  22   2   0   1   2  0.49 0.36
  364 Y    -1  -2   1   3   0   0   2  -2  -1  -2  -2  -3   1   2  -1   0   0   1   2  -1    4   2   7  16   2   4  12   4   2   3   3   1   3   8   3   6   7   2   8   4  0.21 0.19
  365 N    -1  -1   2   3  -3   0   1   0   1  -3  -3   1  -3  -2   3  -1  -1  -3  -2  -3    5   4  11  18   0   5   8   7   3   1   3   8   1   2  13   5   4   0   2   2  0.32 0.23
  366 M    -2  -1   2   4  -2  -1   1   1  -1  -2  -2  -1  -1  -2  -1  -1   0   0  -1  -1    4   4   8  26   1   2   9   9   2   3   3   3   2   2   3   5   7   1   2   5  0.30 0.21
  367 G    -1  -1   0   0  -2   0   2   1  -1  -1   0   0   1  -2   2   0   0  -1  -2  -1    5   4   5   6   1   4  13  12   1   3   8   7   4   2   9   5   7   1   1   4  0.10 0.10
  368 V     0  -2  -1   1  -2  -2  -1  -2  -2   0   0  -2  -1  -2   3   1   2  -1  -2   1    6   3   2   8   1   1   4   3   1   6   7   3   1   2  14  10  14   1   1  12  0.20 0.17
  369 E     0   1  -1   2  -3   0   2  -2  -1  -1   0   0  -1  -3   0   1   0  -3  -2  -1   10   9   2  14   0   3  14   3   1   3   9   5   1   1   4   9   5   0   1   5  0.15 0.15
  370 N    -1  -2   3   4  -3  -1   3  -1   0  -4  -3   1  -3  -3   0   0  -1  -5  -3  -4    5   2  15  22   1   3  17   5   2   1   3   7   1   1   4   5   4   0   1   1  0.49 0.32
  371 G    -1  -2  -1   2  -5   1   2   4  -2  -3  -4  -1  -4  -4  -1   0  -2  -3  -3  -3    5   2   3  12   0   5  13  33   1   2   2   3   0   1   4   7   2   0   1   3  0.54 0.34
  372 Q     1   1  -1  -1  -3   1   0   0  -1   0  -1   0  -1   0  -1   1   1  -2   0   0   14   8   3   3   0   5   7   6   1   7   4   6   1   4   2  11   9   0   3   7  0.06 0.09
  373 V    -4  -1  -6  -5  -2  -4  -5  -4  -6   3   4  -4  -1  -2  -5  -6  -1  -4  -2   4    1   3   0   1   1   1   1   2   0  15  41   1   1   2   1   0   3   0   1  24  0.97 0.51
  374 N    -3   0   4   4  -1   1   1  -5   5  -3  -4   1   0  -4  -3  -2  -2  -4   0  -3    2   4  18  18   1   7  10   1  14   1   2   7   2   1   1   3   2   0   3   2  0.65 0.42
  375 D    -6  -5  -3   9  -9  -7  -4  -7  -7  -8  -9  -7  -8  -9  -8  -7  -7  -9  -8  -8    1   1   1  93   0   0   1   0   0   0   0   0   0   0   0   0   0   0   0   0  3.25 1.38
  376 Q    -1  -2  -1   2  -4   2   1  -3   0   0  -2  -1  -2  -3   2  -1   3   0   1   0    5   1   3  13   0   8   9   2   2   5   3   4   1   1   9   4  17   1   5   6  0.24 0.25
  377 P    -1   1  -1   2  -3   0   1  -1   2  -2  -1   1  -1   1  -1  -1   0   1   2  -2    5   6   3  14   0   4  10   5   5   2   5   8   1   7   3   3   7   2   7   2  0.16 0.16
  378 R    -5   9  -5  -8  -4  -2  -7  -8  -7  -6  -8  -2  -8  -8  -8  -7  -6  -8  -5  -8    1  91   1   0   0   2   0   0   0   1   0   2   0   0   0   0   1   0   1   0  3.13 1.34
  379 L    -3  -4  -6  -7  -2  -1  -4  -5  -5   7  -1  -4   0  -4  -6  -3  -1  -2  -5   4    2   1   0   0   1   3   1   1   0  49   6   1   2   0   0   2   4   1   0  23  1.28 0.63
  380 D     0   1   2   3  -1   1   3  -2   0  -4  -4   1  -3  -2  -4   0  -1   0   1  -3    8   7   9  19   2   6  17   3   2   1   2   7   1   2   0   6   3   1   4   1  0.37 0.29
  381 Y    -3  -5  -2  -3   0  -2  -5  -5   1  -1  -2  -5   0   4  -5  -2  -3   2   8  -3    2   0   2   2   2   2   0   0   2   3   3   0   2  16   0   3   2   2  54   2  1.48 0.70
  382 Y    -2  -4  -4  -5   0  -4  -4  -5   4   2   3  -4   2   2  -5  -2  -2  -3   5   0    3   0   0   0   2   0   0   0  10  12  28   0   4   9   0   3   3   0  19   5  0.66 0.39
  383 A    -1   2   0   0   1   2   1  -1   1  -2  -2   2   0  -1  -3   0   0  -3   0  -1    4  15   4   6   3   9   7   4   4   2   3  17   2   2   0   5   4   0   4   4  0.19 0.18
  384 E     0   1   1   2  -1   1   1   2   0  -3  -2   0   0  -3  -3   1   0   1  -1  -2    8   8   6  11   2   5   7  15   2   0   4   5   3   0   0  11   5   2   2   2  0.15 0.14
  385 H    -2  -4  -1  -5   0  -1  -4  -5   8  -2  -3  -4  -1   1  -5  -2  -2   1   6  -3    3   0   2   0   2   2   0   0  36   2   2   0   2   5   0   2   2   2  31   2  1.43 0.68
  386 L    -3  -5  -6  -6  -4  -5  -5  -6  -5   4   5  -5   3   1  -5  -3  -1   0  -2   0    2   0   0   0   0   0   0   0   0  22  50   0   6   5   0   2   4   1   1   5  1.01 0.49
  387 G     0   0   2   1  -1   1   1   0   0  -1  -2   1   0  -2  -3   1   0  -1   0  -2    8   5  13   9   2   5  11   6   2   4   4   7   2   1   0   8   5   1   3   2  0.12 0.13
  388 I     3  -2   1  -2  -1   2   2  -1  -1  -2  -3  -2  -1  -2  -4   1  -1   1   1  -2   28   2   8   1   1   9  15   4   1   2   2   2   2   2   0   9   2   2   6   3  0.32 0.28
  389 V     0  -5  -5  -5   1  -4  -5  -3  -5   2   3  -5   4   0  -5  -3  -1  -4  -4   3    7   0   0   0   3   0   0   2   0  10  31   0  11   3   0   2   4   0   0  24  0.67 0.38
  390 A     0   0  -2  -3  -2   0  -2  -3   4  -2   3   1   0  -1  -4  -1  -3   0  -1  -2    9   5   2   1   1   5   2   2  10   2  34   9   2   2   1   5   1   1   2   2  0.36 0.29
  391 D    -1   3   0   2  -1   1   1  -3  -1  -3  -2   4  -1  -3  -2  -1  -1  -5  -2  -3    6  14   4  13   1   7   9   2   1   1   5  24   1   1   1   4   3   0   1   1  0.41 0.30
  392 L     7  -4  -4  -6  -1  -5  -5  -3  -6  -3  -3  -5  -2  -3  -5   0  -3   0  -6  -3   74   1   1   0   1   0   0   1   0   2   3   0   1   1   0   7   1   2   0   2  1.53 0.79
  393 I    -2  -2  -4  -6  -2  -3  -5  -6  -1   6   0   0   5  -3  -5  -4  -2  -2  -1   2    3   3   1   0   1   1   0   0   1  47   7   5  12   1   0   1   2   1   2  11  1.01 0.52
  394 R     0   3   1   1  -3   2   3  -2   0  -4  -3   2  -3  -5  -4  -1  -2   0  -2  -4    7  17   6   7   1   7  21   3   3   1   3  14   1   0   0   4   2   1   1   1  0.46 0.34
  395 D     0   0   0   0   2   1   0   0   2   0  -1   0   1  -2   1   0   0  -3   1   0    6   6   5   6   5   5   6   6   5   6   6   6   5   0   6   6   6   0   5   6  0.04 0.08
  396 G    -1   0   0   0  -5   0  -1   5   1  -5  -5   0  -4  -5  -4   0  -1  -5  -4  -1    4   4   5   4   0   4   4  47   4   0   1   5   0   0   0   7   4   0   0   4  0.70 0.39
  397 Y     1  -2  -3   0   4  -3  -3  -2  -1   1   0  -3   0  -1  -4   0  -1  -4  -1   4   11   2   0   5   9   0   0   2   2   8   5   0   2   2   0   9   3   0   2  37  0.39 0.31
  398 P    -2  -1   5   4  -1  -1   0  -3   0  -3  -4   0  -4  -4   2  -1  -1  -5  -1  -3    3   3  31  21   1   2   4   0   2   1   2   7   0   0  12   2   3   0   2   2  0.63 0.39
  399 M    -2  -4  -4  -5   1  -4  -4  -5  -1   3   1  -4   0  -1  -4  -2  -1  -4  -1   5    2   0   0   0   3   0   0   0   2  18  11   0   2   2   0   2   3   0   2  49  0.76 0.44
  400 R    -2   3  -1  -1  -4   1   0  -2  -1   0  -2   4  -1   0  -2  -1   0  -1  -2  -1    2  20   1   3   0   6   4   3   1   6   4  26   2   4   1   4   6   1   1   3  0.31 0.26
  401 G    -1  -3  -4  -4  -2  -3  -3   7  -2  -3  -4  -3  -2  -3  -5   0  -2  -5  -5  -3    4   1   0   0   1   1   1  72   1   1   1   1   1   1   0   6   2   0   0   2  1.42 0.66
  402 Y    -4  -5  -6  -6  -2  -5  -5  -6   0  -3  -3  -5  -2   2  -6  -4  -4   2   9  -2    1   0   0   0   1   0   0   0   1   2   2   0   1   6   0   1   1   2  76   2  2.37 0.95
  403 F    -3  -5  -3  -5   2  -3  -4  -4   0   0  -1  -4   1   7  -5  -2   3   0   3  -2    2   0   1   0   4   1   1   1   3   4   6   0   4  41   0   2  19   1   8   1  0.92 0.50
  404 A     4  -2  -2  -4  -2  -2  -3  -2   1   0  -1  -3   0  -1   0  -1   0  -4   1   3   35   2   1   0   1   2   1   2   4   4   6   0   2   2   4   2   5   0   6  22  0.35 0.32
  405 W    -6  -3  -4  -7  -6  -3  -6  -6  -2  -6  -5  -4  -1  -4  -7  -6  -4  13  -1  -7    0   2   1   0   0   2   0   0   1   0   1   1   2   0   0   0   1  85   1   0  4.03 1.35
  406 S     0  -4  -2  -4  -1  -1  -4  -2  -4  -5  -5  -3  -4  -3  -4   6   2  -6  -5  -4    7   0   2   0   1   2   0   2   0   0   0   1   0   1   0  71  10   0   0   0  1.36 0.71
  407 L    -2  -4  -5  -5  -2  -4  -5  -3  -4   0   5  -4   1   4  -3  -3  -2  -3   0  -1    4   0   0   0   1   0   0   2   0   4  56   0   2  20   2   2   2   0   2   2  0.91 0.46
  408 M    -3  -4  -3  -5  -2  -2  -4  -4  -3   2   3  -4   7   1  -2  -3   0   1  -2   0    1   0   1   0   1   1   0   1   1  10  31   0  31   5   2   1   6   2   1   5  0.84 0.46
  409 D    -5  -5   0   8  -6  -4  -1  -2  -4  -6  -6  -4  -6  -6  -5  -4  -4  -7  -6  -6    0   0   3  88   0   0   2   3   0   0   1   0   0   0   0   0   0   0   0   0  2.34 0.85
  410 N    -3  -2   7   0   0  -2  -2   0  -2  -3  -2  -1  -1  -1  -4   0  -2  -5  -4  -1    2   2  56   3   2   1   1   5   1   2   5   3   2   2   0   7   2   0   0   4  0.97 0.50
  411 F    -4  -5  -4  -5  -2  -5  -5  -5  -4  -1   0  -5   2   8  -5  -5  -4   5   2  -1    1   0   1   0   1   0   0   1   0   2   9   0   4  59   0   0   0   6   6   5  1.50 0.59
  412 E    -3  -1  -2  -2  -6   1   7  -4  -3  -6  -6  -3  -5  -6  -4   1  -4  -6  -5  -4    1   3   1   1   0   4  74   1   0   0   0   0   0   0   0  10   0   0   0   1  1.60 0.71
  413 W    -5  -4  -6  -7  -3  -6  -5  -2  -6  -4  -2  -6  -2   1  -6  -3  -3  12  -1  -2    1   1   0   0   1   0   1   4   0   1   5   0   1   6   0   3   2  69   1   4  3.00 1.01
  414 A     2   0   0  -1  -1   0  -1   1   0  -1   0   0   1  -1  -1   0   0  -3  -2  -1   21   5   5   4   1   3   3  10   3   4  11   4   4   2   2   7   7   0   1   3  0.06 0.09
  415 E     0   0   2   2  -2   1   2  -1   1  -3  -2  -1  -1   0  -2   2  -1   0   1  -2    6   6   9  11   1   6  13   3   4   1   4   3   1   5   1  16   2   1   5   1  0.18 0.17
  416 G    -1  -5  -3  -4   0  -5  -3   7  -5  -6  -5  -5  -5  -5  -5  -3  -5   2  -4  -5    5   0   1   1   2   0   2  80   0   0   1   0   0   0   0   1   0   3   1   0  1.79 0.70
  417 Y    -5  -4  -4  -5  -3  -4  -5  -6   1  -1  -2  -5   0   3  -6  -5  -4  -1   9  -4    1   1   1   1   1   1   0   0   3   4   4   1   2  11   0   0   1   0  68   1  2.04 0.79
  418 R     0   1   0   0  -4   1   0   0  -1  -3  -3   1  -2  -4  -3   2   3  -3  -3  -2    5   7   4   4   0   6   5   8   1   1   2  10   1   0   0  18  24   0   0   3  0.32 0.27
  419 M    -1  -1   0  -1  -3   1   1  -3  -1   0   0   2  -1  -2   1   0   0  -1   0   1    4   2   4   3   0   8  10   1   1   4   8  18   2   1   7   6   5   1   3  13  0.12 0.15
  420 R    -4   7  -3  -5  -4  -1  -4  -3   1  -7  -5   3  -4  -7  -4   0  -2  -2  -4  -6    1  63   1   0   0   2   0   2   4   0   1  16   0   0   1   6   2   1   0   0  1.60 0.74
  421 F    -5  -4  -5  -7  -3  -7  -5  -7  -5  -3  -2  -7  -1   8  -7  -5  -4   0   5  -5    0   1   0   0   1   0   1   0   0   1   2   0   1  68   0   1   1   1  20   0  2.27 0.88
  422 G    -4  -4  -5  -6  -7  -6  -4   8  -6  -8  -8  -6  -7  -7  -6  -5  -6  -1  -7  -5    0   1   0   0   0   0   1  95   0   0   0   0   0   0   0   0   0   1   0   1  2.57 0.95
  423 L    -4  -6  -6  -7  -1  -4  -6  -7  -6   2   6  -6   2   1  -6  -4  -4  -5  -4   0    1   0   0   0   1   1   0   0   0  12  67   0   4   6   0   1   0   0   0   5  1.25 0.57
  424 V    -3  -5  -1  -5   2  -2  -5  -5   3   2  -2  -5  -1   3  -5  -4   0  -1   5   3    1   0   3   0   5   2   0   0   8  13   1   0   1  10   0   1   5   1  24  25  0.78 0.44
  425 H    -2   1  -3  -3  -4  -1  -2  -1   6  -5  -5  -3  -4   2  -5  -1  -4   1   7  -5    3   6   1   2   0   3   3   6  22   0   0   1   0   8   0   5   1   2  37   0  1.16 0.57
  426 V    -4  -4  -5  -6  -3  -6  -6  -7  -5   3  -2  -6  -2  -3  -6  -5  -1  -2  -2   7    0   1   1   0   0   0   0   0   0  12   2   0   0   1   0   0   4   1   1  76  1.66 0.72
  427 D    -5  -5   4   8  -7  -2  -1  -4  -3  -7  -8  -5  -7  -8  -6  -3  -3  -8  -7  -7    1   0  17  76   0   1   2   1   0   0   0   0   0   0   0   1   2   0   0   0  2.18 0.88
  428 Y    -4   1  -5  -4  -6  -4  -5  -6   1  -3  -1  -4  -1   7  -1  -3  -4  -2   6  -4    1   9   0   1   0   1   0   0   4   1   5   0   2  44   4   2   0   0  25   0  1.36 0.62
  429 Q     0  -1   3   3  -4   0   2  -2   0  -4  -4   1  -3  -4  -1   1   2  -3  -4  -3    6   1  13  18   0   3  16   2   2   1   1  10   0   0   3   9  13   0   0   1  0.42 0.30
  430 T    -1  -4   4   5  -5  -3  -1  -4  -1  -5  -6  -3  -5  -6  -5   2   4  -6  -5  -5    5   0  20  30   0   0   2   0   1   0   0   1   0   0   0  12  27   0   0   0  1.01 0.54
  431 Q    -3   4  -2  -4  -2   3  -2  -1  -3  -4   2   0   1  -3   3  -3  -3  -5  -4  -4    0  26   2   0   1  16   1   6   0   0  25   5   3   1  13   1   0   0   0   0  0.62 0.42
  432 V    -1   1   0  -1  -3   0   3  -4  -2  -3  -4   4  -3  -5   2  -1   2  -5  -4  -2    4   7   3   3   1   4  17   1   0   1   1  28   0   0  10   2  16   0   0   2  0.53 0.35
  433 R    -6   9  -5  -6  -8  -4  -5  -7  -5  -7  -5   0  -6  -7  -6  -5  -6  -7  -6  -5    0  94   0   0   0   0   0   0   0   0   1   3   0   0   0   0   0   0   0   1  2.78 1.03
  434 T    -3  -2  -3  -4  -3  -1  -3  -5   1   3  -3  -2  -2  -1  -5  -1   5  -4   5   0    1   2   0   1   0   3   1   0   4  18   1   2   1   2   0   3  38   0  19   4  0.82 0.49
  435 V     0   0  -6  -6  -4  -3  -4  -6  -4   0  -1  -1   0  -3   7  -4  -4   0  -2  -1    8   5   0   0   0   1   1   0   0   5   6   4   2   1  59   0   0   1   1   4  1.45 0.65
  436 K    -5   3  -5  -5  -8  -3  -3  -6  -2  -7  -7   8  -6  -8  -6  -5  -3  -8  -4  -7    0  12   0   0   0   0   1   0   1   0   0  84   0   0   0   0   1   0   1   0  2.32 0.94
  437 N     1   1   0   2  -4   1   0  -2  -1  -2   1   2   1  -3  -2   0  -1  -4  -2  -2   16   7   4  14   0   5   5   1   1   1  15  15   4   1   2   6   3   0   1   1  0.19 0.20
  438 S    -2  -5  -3  -5  -5  -5  -5  -4  -5  -6  -4  -5  -6  -5  -5   7  -2  -7  -6  -5    2   0   1   0   0   0   0   1   0   0   1   0   0   0   0  91   2   0   0   0  2.17 0.96
  439 G     5  -5  -4  -5  -4  -2  -4   1  -4  -4  -3  -4  -3   2  -4  -1  -2  -2   1   0   58   0   0   0   0   2   0   9   0   0   2   0   0   9   0   4   1   1   6   7  0.93 0.51
  440 K    -1   2  -1  -1  -4   0  -1  -2   3  -1  -1   3  -1   1  -3  -1  -1   0   4  -2    4  13   2   3   0   3   4   4   8   3   7  17   1   6   0   4   3   1  17   2  0.30 0.23
  441 W    -2  -5  -7  -6  -3  -6  -3  -7  -1  -4  -3  -6  -2   4  -8  -4  -4  11   4  -1    3   1   0   0   1   0   2   0   1   1   3   0   1  16   0   1   1  53  10   5  2.45 0.89
  442 Y    -6  -6  -7  -8   0  -6  -7  -7  -3  -2   1  -6   0   5  -7  -5  -6   1   8  -4    0   0   0   0   2   0   0   0   0   2  12   0   2  22   0   1   0   2  57   1  2.05 0.80
  443 S     1   4  -2  -3  -4   2  -2  -2  -1  -5  -5   4  -2  -6  -3   2   0  -6  -3  -4   11  22   1   1   0   9   1   2   1   0   0  27   1   0   1  17   5   0   0   0  0.69 0.42
  444 A    -2   1   3   3  -5   2   2  -1   1  -5  -5   3  -3  -4  -4   0  -1  -3  -4  -4    3   6  15  17   0  10  13   5   3   0   0  17   1   0   0   6   3   0   0   0  0.52 0.32
  445 L    -4  -5  -6  -6  -2  -5  -6  -3  -3   4   2  -5   1   5  -6  -4  -2  -2   0   3    1   0   0   0   1   0   0   2   1  20  18   0   3  26   0   0   2   0   2  24  0.88 0.43
  446 A     0  -5  -6  -6   2  -5  -6  -5  -6   5   3  -5   1   1  -5  -2  -1  -5  -4   1    7   0   0   0   4   0   0   0   0  39  28   0   3   5   0   3   4   0   0   5  0.85 0.43
  447 S     2   3   4  -3  -2  -2  -2  -4   1  -5  -5   4  -4  -5  -4   0   1  -6  -4  -4   16  16  20   0   1   0   1   0   4   0   0  25   0   0   0   7   9   0   0   0  0.68 0.41
  448 G     1  -4  -2  -2  -2  -4  -3   6  -1  -6  -6  -2  -5  -6  -4  -2  -2  -5  -5  -4   12   0   1   2   1   0   2  73   2   0   0   2   0   0   0   2   2   0   0   1  1.41 0.51
  449 F    -4  -1  -2  -5  -5  -3  -5  -4   0  -2  -1  -1  -1   8  -5  -3  -4  -1   3  -3    1   3   2   0   0   1   0   1   2   1   2   4   1  67   0   2   0   0   9   1  1.40 0.45
  450 P    -2   0  -3  -3  -4  -2  -2  -2  -4   0  -1   0  -3  -4   7  -1   0  -5  -4  -2    2   6   0   1   0   1   1   4   0   5   8   7   0   0  53   4   5   0   0   3  1.05 0.33
  451 K    -1   2   0   2  -2   1   2  -2   0  -2  -1   2  -1  -2   1  -1   0  -4  -2  -1    4  12   4  11   1   6  16   2   2   0   6  16   1   1   7   0   5   0   0   6  0.21 0.11
  452 G    -3  -2   0   0  -5  -3  -2   5  -4  -5  -5  -3  -5  -5   6   0  -2  -5  -5  -4    0   3   4   6   0   0   2  40   0   0   0   0   0   0  36   5   2   0   0   1  1.11 0.39
  453 N     3  -1   3   1  -3  -1   0  -1   0  -4  -4   0  -3  -4  -1   2  -1  -4   0  -2   27   2  18   9   0   1   4   3   2   0   0   7   0   0   2  21   1   0   3   1  0.39 0.23
  454 H    -1  -1   2   2  -4   1  -1  -1   4  -3  -2  -1  -2   0   3   0  -1  -3   2  -3    5   2  10  12   0  10   1   4  16   0   5   1   0   3  14   4   4   0   8   1  0.31 0.16
  455 G     1  -3   0   1  -4  -1  -2   5   0  -4  -4  -2  -2  -4   1   0  -2  -4  -4  -2   15   0   3   8   0   2   2  53   2   0   0   0   1   0   6   4   1   0   0   2  0.71 0.23
  456 V    -1  -1  -1   1  -2  -2  -1  -2  -3   3   0  -2   0   0   0  -1   2  -3  -1   2    4   3   2  11   0   0   3   2   0  23   7   0   0   5   5   2  16   0   2  17  0.13 0.09
  457 A     2  -2  -2  -2  -2  -2  -2  -2  -2  -1  -1   0  -1   0   1   2   2  -2   2   0   26   0   0   0   0   0   0   0   0   0   4   4   0   4   8  16  17   0  12   9  0.25 0.13
  458 K     1   1  -1  -1   1   1   2  -2   2  -4  -3   5  -2  -4  -2   0  -2  -4  -3  -3   11   4   0   0   4   6  16   0   5   0   0  51   0   0   0   3   0   0   0   0  0.55 0.17
  459 G     3  -3  -2  -2  -2  -2  -2   5  -3  -3  -3  -2  -3  -4  -2   0  -1  -3  -3  -2   44   0   0   0   0   0   0  56   0   0   0   0   0   0   0   0   0   0   0   0  0.78 0.12

                      K         Lambda
Standard Ungapped    0.1381     0.3211
Standard Gapped      0.0607     0.2670
PSI Ungapped         0.1983     0.3175
PSI Gapped           0.0607     0.2670
