
Last position-specific scoring matrix computed, weighted observed percentages rounded down, information per position, and relative weight of gapless real matches to pseudocounts
            A   R   N   D   C   Q   E   G   H   I   L   K   M   F   P   S   T   W   Y   V   A   R   N   D   C   Q   E   G   H   I   L   K   M   F   P   S   T   W   Y   V
    1 M    -3  -3  -4  -5  -3  -2  -4  -5  -3  -1   0  -3  10  -2  -4  -3  -3  -3  -3  -1    0   0   0   0   0   0   0   0   0   0   0   0 100   0   0   0   0   0   0   0  1.96 0.44
    2 W     0   0   0  -3  -2  -2  -2  -3  -2   3   0   0  -1   0  -3   1  -1   6  -1   1    5   6   5   0   0   0   0   0   0  29   6   5   0   4   0  19   0  14   0   6  0.28 0.13
    3 D    -2   1   1   2  -3   1   0  -3   1   0  -2   4   0  -3  -2   1   0  -4  -3  -2    0   5   5  11   0   5   3   0   3   9   0  42   4   0   0   9   5   0   0   0  0.35 0.17
    4 L    -3   0   1  -5  -4  -3  -4  -5  -4   1   1  -1   8  -1  -5  -2  -1  -4  -2   2    0   5   8   0   0   0   0   0   0   6  10   5  47   1   0   2   3   0   1  12  0.92 0.44
    5 K    -1   4   1  -3  -5   0  -2  -4   0  -5  -2   5  -3  -3  -2   0  -2  -5  -4  -4    3  25   7   0   0   3   0   0   2   0   5  44   0   1   2   7   1   0   0   0  0.80 0.39
    6 S    -2   4   0  -3  -4   0  -1  -2  -3  -3  -3   3  -3  -4   0   3   1  -5  -2  -2    2  24   5   0   0   3   2   1   0   1   1  23   0   0   3  23   9   0   1   2  0.52 0.32
    7 E    -2   4  -2  -3  -1  -1  -1  -4  -1   0   1   1   1   2  -4  -1   0  -3   0  -1    2  29   1   0   1   1   4   0   1   6  13  10   4  12   0   2   7   0   2   3  0.34 0.24
    8 W    -3   0  -3  -5  -4  -3  -4  -2  -1   1   2  -1   0   4  -3  -2  -3   6   4  -1    1   7   1   0   0   0   0   2   1   8  23   4   2  18   1   3   1  11  14   2  0.53 0.29
    9 W    -1  -1  -4  -5   0  -2  -4  -2  -1   1   3  -2   2   4  -1  -3  -3   4   0   0    4   4   0   0   2   2   0   3   1   9  33   2   4  17   4   1   1   7   2   5  0.43 0.26
   10 A     2  -1  -3  -4   1  -2  -2  -3  -2   1   2  -2   1  -1  -1   1   0  -4  -3   1   18   3   1   0   4   1   1   1   1   9  25   2   4   2   2  11   6   0   0  10  0.22 0.19
   11 V     0  -4  -3  -5  -1  -3  -4  -1  -4   4   3  -4   1   0  -3  -2   0  -4  -1   2    9   0   1   0   1   1   0   4   0  23  29   0   2   4   1   3   6   0   2  14  0.43 0.27
   12 G     2  -2  -3  -3   1  -2  -3   2  -3   0   1  -1   1   1  -3   1   0  -3  -2   0   18   1   0   0   3   1   1  16   0   4  16   3   4   8   1  12   7   0   1   5  0.20 0.19
   13 F     0  -6  -6  -6  -5  -6  -6  -6  -5   3   3  -6  -2   6  -6  -4  -3   0  -1   1    8   0   0   0   0   0   0   0   0  13  31   0   0  34   0   1   1   1   1   9  1.03 0.49
   14 G     2  -2  -3  -4   2  -3  -3   2  -4   0   0  -3   0   1  -2   2   0   1  -2   0   18   1   0   0   4   1   0  16   0   5  11   1   2   6   1  17   5   2   1   8  0.24 0.23
   15 L    -1  -5  -6  -6   3  -5  -6  -5  -4   0   5  -4  -1   3  -6  -1  -1  -1  -2   1    5   0   0   0   7   0   0   1   0   5  49   1   1  10   0   5   4   1   1  11  0.79 0.44
   16 L     1  -5  -5  -5  -1  -4  -4  -3  -5   2   3  -4   2   3  -3  -2   0  -4  -2   2   12   0   0   0   1   0   1   2   0  13  31   0   5  12   1   3   5   0   0  14  0.51 0.33
   17 L     0  -2  -5  -5   0  -2  -5  -2  -5   2   3  -4   1   2  -2  -1   0  -4   0   2    6   2   0   0   2   2   0   3   0  11  34   0   2  10   2   5   4   0   2  15  0.43 0.29
   18 L     0  -4  -5  -5   3  -4  -5  -4  -1   2   3  -5   0   3  -3   0   0  -4  -1   1    7   1   0   0   6   0   0   1   2  10  34   0   1  12   2   7   6   0   2  10  0.49 0.32
   19 L     1  -3  -2  -4   1  -2  -3  -1  -2   1   3  -3   2   1  -3   0   1   0  -1   1   10   1   1   0   3   2   1   5   1   7  27   0   7   7   1   7   9   1   1   8  0.24 0.21
   20 A     3  -4  -1  -3   4  -2  -2  -2  -4   1  -1  -2  -1  -1  -1   2   1  -5  -2  -1   28   0   3   1   8   2   1   3   0   9   7   2   2   2   3  17   8   0   1   4  0.36 0.30
   21 A     3  -3   0  -3   3   0  -3   0  -4  -1   0  -3   0   0  -2   1   1  -2  -3   1   24   1   4   1   6   5   1   7   0   3  11   0   2   5   2   9   8   0   0  11  0.21 0.22
   22 S     1  -3   0  -1   1   1  -1   1  -2   0   0  -1  -1   1   0   1   1  -3   0  -1   12   0   4   2   3   7   3  10   1   6  11   3   1   6   4  13  10   0   3   2  0.08 0.13
   23 A     4  -3  -1  -3   1  -1  -2   0  -4  -1  -1  -2  -3  -1  -2   2   2  -3  -3   0   36   1   2   1   2   2   2   6   0   3   5   2   0   2   2  14  12   0   1   6  0.42 0.33
   24 Q     1  -1   0  -3   0   4  -1  -2  -1  -1   0   1  -1   1   0   0  -1  -4  -2   1   12   2   4   1   2  23   2   3   2   2   8   7   1   8   4   6   3   0   1   9  0.24 0.25
   25 A     2  -2   0   0  -1   0   0  -1  -1  -1  -1   0  -2  -1  -2   2   1   0  -1  -1   23   1   5   4   1   4   5   4   2   3   5   5   0   3   2  15   9   2   2   5  0.15 0.17
   26 G     3  -2   0   0  -1   2  -1   1   0  -3  -3  -1  -2  -2   0   0   2  -1  -2  -2   23   2   4   6   1  11   3  11   3   1   3   3   1   2   5   7  13   1   1   2  0.23 0.23
   27 G     1  -1   1   0  -2   1   1   1   1  -2  -1  -1  -1  -2   0   1   0   0  -1   0   15   2   6   4   0   7   7  11   3   2   5   2   1   2   4  13   6   1   2   6  0.10 0.13
   28 L     0  -1  -1   0   0   0   0  -1  -1   1   0   0   0   0   0   0   1  -3   0   0    8   2   2   6   2   6   4   4   2  12  12   6   2   4   5   6   8   0   3   8  0.03 0.05
   29 A     2  -2  -1   0  -2   2  -1   1  -2  -2  -2   1  -1  -3   1   1   0  -2  -2   0   22   2   3   4   1   9   3  12   1   2   4   8   2   0   6  10   6   0   1   6  0.17 0.18
   30 P     2  -1   0   0  -4   2   1  -1  -1  -1  -3   0  -2  -3   3   0   0  -4  -3   0   16   2   4   6   0   9  10   4   1   3   2   4   1   1  17   7   6   0   0   7  0.28 0.23
   31 H     0  -1  -1  -1  -3   2   1   2  -2  -2  -2   1  -2  -2   2  -1  -1  -4  -2  -1    8   3   3   4   0  11  10  17   1   2   4  10   1   2  12   4   3   0   2   4  0.23 0.20
   32 H    -1   1   1   0  -3   3   1  -2   2  -3  -4   3  -3  -3   3  -1   0  -2   0  -2    4   7   6   5   1  12   7   2   4   2   1  16   0   1  15   4   7   1   3   3  0.33 0.26
   33 Y    -1  -4  -5  -4  -6  -2  -3  -5  -1  -3  -3  -3  -2   4  -2  -3  -3   5   8  -2    6   1   0   1   0   2   2   1   1   2   2   2   1  14   3   3   1   7  47   3  1.45 0.67
   34 T     0   0  -1   0  -4   3   3  -1  -1  -2  -2   1  -2  -2  -1  -1   2  -4  -2  -1    6   4   3   5   0  12  20   4   1   2   5  10   0   2   3   4  13   0   1   4  0.27 0.24
   35 P     3  -4  -3  -1  -5  -1   0  -1  -5  -4  -5  -2  -4  -6   6  -1  -2  -6  -2  -4   21   1   1   3   0   3   7   4   0   1   1   2   0   0  45   4   2   0   1   1  1.15 0.60
   36 D     0  -2   3   3  -3  -2   1  -3  -2  -4  -3  -3  -3  -5  -2   1   4  -4  -4  -3    6   2  13  18   1   2   8   2   1   1   3   1   1   0   2  10  28   0   1   2  0.60 0.40
   37 W    -1  -1  -3   1  -5  -2  -2  -2  -2  -3  -1   0  -2  -1  -1  -2   1  10  -1  -2    6   3   1   7   0   2   3   3   1   2   6   5   1   2   4   3   8  37   2   3  1.23 0.58
   38 P     0  -2  -1   3  -5   0   4  -2  -2  -4  -4   0  -3  -4   2   0  -2  -5  -3  -4    9   2   2  16   0   4  29   3   1   1   2   7   1   1  12   6   3   0   1   1  0.57 0.37
   39 S     0  -3   1  -2  -5  -1  -1  -2   0  -5  -4  -2  -3  -4  -1   6   0  -6  -2  -3    7   1   5   2   0   2   4   2   2   1   2   2   1   1   3  56   5   0   2   2  0.96 0.57
   40 L    -2  -1  -4  -3  -4  -2  -3  -5  -2   1   5  -2   1  -2  -2  -2  -1  -5  -3   0    4   3   1   1   0   2   2   1   1   8  57   2   4   1   3   3   3   0   1   4  0.81 0.44
   41 D     0   0   2   4  -3   2   2  -1  -1  -4  -3   1  -2  -5  -3   1  -1  -5  -3  -2    6   6   9  22   0   8  11   5   1   1   2   9   1   0   1   8   4   0   1   4  0.38 0.27
   42 S     1   1   1   0  -2   3  -1  -2   0  -3  -4   2  -3  -3   1   1   2  -3  -4  -3   11   6   6   4   1  14   4   2   2   1   1  15   1   1   7  11  12   0   0   1  0.32 0.28
   43 R    -2   5   0  -1  -7   0  -1  -5   7  -5  -4   1  -3  -3  -1  -3  -3  -3   3  -4    4  25   4   4   0   4   4   1  26   1   2   8   1   1   3   2   1   0  10   1  1.01 0.54
   44 P     0   0  -1  -2  -6   2   4  -4  -2  -5  -5   2  -4  -6   4   0  -1  -2  -4  -3    7   4   2   2   0  10  26   1   1   1   1  10   0   0  22   5   4   1   0   2  0.70 0.44
   45 L     1   3  -2   0   2  -1  -2  -3  -3   0   1  -1   0  -3  -3   0   1  -3  -3   1   11  15   2   7   4   2   2   2   0   5  17   2   2   1   1   6   9   0   1  12  0.20 0.19
   46 P     1  -4  -3  -4  -7  -2  -2  -5  -3  -2  -1  -3   6  -6   7  -4  -3  -2  -6  -3   10   1   1   1   0   2   3   1   1   3   6   2  17   0  48   1   2   1   0   2  1.41 0.72
   47 R     2   0  -3   2  -5   5   4  -4  -2  -7  -5   1  -4  -7  -3  -1  -3  -7  -5  -5   14   4   1  10   0  22  28   1   1   0   1   9   0   0   2   4   2   0   0   1  0.86 0.53
   48 W    -5  -2 -10 -10  -9  -2  -6  -7  -5  -9  -7  -5  -8  -4 -10  -7  -7  13  -5  -9    1   3   0   0   0   2   1   1   0   0   1   1   0   1   0   1   0  88   0   0  4.71 1.70
   49 F    -5  -7  -7  -7  -7  -3  -7  -7  -3  -3  -2  -5  -2   8  -7  -6  -6   8   5  -5    1   0   0   0   0   1   0   1   1   1   5   1   1  50   0   0   0  21  14   1  2.31 0.92
   50 D    -2   4   1   2  -4   3   0  -3   0  -4  -3   2  -1  -4  -2  -2  -1  -6  -3  -4    4  23   6  13   0  13   5   2   2   1   2  12   2   1   2   3   5   0   1   1  0.52 0.36
   51 E    -3  -3   1   7  -7   1   3  -2   0  -7  -7   0  -7  -7  -5  -3  -3  -7  -7  -6    2   1   7  50   0   6  17   3   2   0   0   5   0   0   1   2   2   0   0   1  1.38 0.68
   52 A     6  -3  -2  -1  -3  -2  -5  -1  -3  -4  -1  -3   0  -4  -5  -1  -4   1  -3  -3   61   2   2   4   0   2   1   4   1   1   7   2   3   1   1   5   1   2   1   2  1.12 0.62
   53 K    -4   4  -3  -5  -8  -2  -4   0  -2  -8  -8   7  -7  -8  -7  -4  -2  -8  -7  -8    2  22   1   0   0   2   1   7   1   0   0  59   0   0   0   1   3   0   0   0  1.82 0.86
   54 F    -7  -8  -8  -9  -8  -8  -8  -9  -7   0   2  -8  -2   8  -9  -8  -7  -1   3  -2    0   0   0   0   0   0   0   0   0   5  21   0   1  59   0   0   0   1   9   3  2.20 0.92
   55 G    -4  -9  -5  -8  -3  -8  -6   8  -8 -10 -10  -8  -9  -9  -9  -2  -6  -9  -9  -9    1   0   1   0   1   0   1  92   0   0   0   0   0   0   0   3   1   0   0   0  2.82 1.21
   56 L    -5  -8  -2  -8  -4  -4  -8  -6  -5   6   2  -8   7  -1  -8  -8  -7  -8  -5   1    1   0   3   0   0   1   0   1   0  37  19   0  27   3   0   0   0   0   0   8  1.67 0.79
   57 F    -7  -5  -9 -10  -5  -9  -9 -10   0  -1  -3  -6   2   9 -10  -6  -9   4   3  -6    0   1   0   0   0   0   0   0   2   3   3   1   4  71   0   1   0   5   8   0  2.69 1.15
   58 V    -2  -8  -5  -9   0  -8  -8  -9  -8   7   0  -8   3   0  -6  -5  -1  -3  -3   3    4   0   1   0   2   0   0   0   0  52   8   0   6   4   1   1   4   1   1  17  1.53 0.73
   59 H    -7  -6  -6  -5   0  -5  -5 -10  11 -11  -8  -9 -10  -6 -10  -3  -4 -10  -4  -5    0   0   0   1   2   1   1   0  87   0   0   0   0   0   0   3   1   0   1   1  4.04 1.67
   60 W    -7 -11 -11 -12 -10 -10 -11 -11  -4  -5  -5 -11  -4   3 -11  -8  -3  13   1  -6    1   0   0   0   0   0   0   0   0   1   2   0   1  11   0   0   2  77   4   1  4.25 1.77
   61 G    -4  -9  -3  -2  -3  -9  -9   7  -9 -10 -10  -3  -2  -4  -9  -2  -3 -10 -10 -10    1   0   2   2   1   0   0  84   0   0   0   2   1   1   0   3   2   0   0   0  2.48 1.19
   62 V    -1  -8  -8  -8  -4  -5  -8  -6  -1   3   3  -3  -3  -4   4  -5  -3  -8  -4   4    6   0   0   0   0   1   0   1   2  15  23   2   1   1  22   1   2   0   1  23  1.01 0.59
   63 Y    -2 -10  -5  -3  -1   0  -6  -6  -1  -6  -7  -5  -4   2  -4   0  -6  -1   9  -2    5   0   1   2   1   4   1   1   1   1   1   1   1   8   1   8   1   1  59   3  2.15 1.10
   64 S     2 -10  -5 -10   1  -5 -10  -5  -4 -11  -7  -5 -10 -11 -10   7   1 -11 -11  -5   17   0   1   0   3   1   0   1   1   0   1   1   0   0   0  67   7   0   0   1  2.05 1.16
   65 V    -1  -5  -5  -6  -3   2  -2  -4  -2   2   0  -6   1  -7  -5  -3  -2  -8  -1   6    5   1   1   1   1   9   3   2   1  10   8   1   3   0   1   3   2   0   2  47  1.10 0.60
   66 P     1  -2  -3  -3  -2  -4  -4  -3  -2  -2   2  -2  -1  -2   6  -3  -2   2  -2  -2    9   2   2   2   1   1   1   3   1   2  15   3   1   2  41   3   3   2   1   3  0.94 0.59
   67 A     4  -3  -3  -2  -7  -3   0   5  -7  -7  -6  -1  -2  -8  -5   0  -4  -3  -4  -4   33   2   2   3   0   1   6  35   0   0   1   4   1   0   1   6   1   0   1   2  1.06 0.62
   68 W    -4   0  -4  -4   1  -1  -3   3   1   0  -3  -1  -1   4  -4  -3  -2   7   4  -2    2   5   1   2   2   3   2  18   3   5   3   4   1  13   1   2   3  14  12   4  0.73 0.43
   69 G     2  -1  -2  -1   1  -2   1   4   1  -3  -4  -1  -2  -6  -4  -1  -2  -6  -2   1   14   3   2   4   3   2   8  31   3   2   2   4   1   0   1   5   3   0   2  10  0.49 0.33
   70 S    -1  -3   1   1  -1  -3   2   1  -1   0  -2  -2  -1  -3   3   1  -1   3   0  -2    5   2   7   6   1   1  13   9   1   5   4   2   2   1  14  12   4   4   3   3  0.26 0.22
   71 E    -2  -2   0  -1  -3  -1   5  -2   0  -2  -4  -1  -2  -6  -3   2  -3   3  -2  -4    4   2   5   3   1   3  38   4   2   3   3   4   1   0   2  16   2   3   2   2  0.78 0.51
   72 W    -4  -4  -3  -2  -2  -6  -1   0  -1  -2  -4  -3  -2  -2  -4  -4  -4  11   0  -1    2   1   2   3   1   1   4   8   2   2   2   2   1   2   1   2   2  54   3   4  2.41 1.11
   73 F    -1  -3  -2  -2  -2   0  -2  -1  -2  -2  -2   0  -1   2  -2   1  -3   0   7  -2    5   1   2   3   1   4   3   6   1   3   5   5   1   9   3  10   2   1  31   3  0.73 0.44
   74 W     0   1  -3  -3  -2  -2  -2   1  -2  -1  -1  -1   1  -1   1  -1  -2   8   1  -3    7   7   1   2   1   2   4  12   1   4   8   3   3   3   7   5   3  20   5   2  0.62 0.37
   75 W    -2   2   2  -2   1   0  -2  -1   2  -2  -3   0   1  -1  -2   0  -2   7   3  -3    4  12  10   3   3   4   3   5   4   3   3   5   4   3   3   6   3  12   8   3  0.45 0.30
   76 H    -1   1   3   0  -1  -1   0  -1   4  -2  -2  -1   0   0  -1  -1  -1   3   3  -3    5   7  12   6   1   3   6   6   9   3   4   4   2   3   3   6   4   4   9   2  0.27 0.21
   77 W    -2  -2   0  -1  -1  -1  -1   0   0  -2  -1  -2   6  -2  -1  -2  -1   7   1  -1    5   3   5   3   2   3   5   7   3   2   7   3  19   2   3   4   4  13   5   4  0.64 0.41
   78 Q    -1   2   0   1  -5   1   0  -2   1  -1  -2   2   1  -1   0  -1  -1  -4   4  -2    4  10   5   7   0   7   5   3   4   4   4  11   3   2   5   4   4   0  15   3  0.22 0.23
   79 G    -1   0   0  -1   1   0   0   2   2   0  -2   0   1  -1   1  -1   0   2   0  -1    4   5   5   4   3   4   6  17   4   6   4   5   3   3   7   5   6   3   3   4  0.11 0.11
   80 E    -1   1   0   0  -6   1   2  -1   1  -1  -2   1   0  -1   1  -1  -1   2   0  -1    4   7   5   6   0   7  13   6   3   4   4   7   3   3   8   5   4   3   3   5  0.10 0.15
   81 Q    -1   0   0   1  -3   0  -1   2   0  -3  -3   2  -1  -2   2  -1   0   4   0  -2    4   5   5   7   0   4   4  17   3   2   2  12   1   2   9   4   6   7   4   3  0.24 0.19
   82 S    -1   0   1   1  -1  -1  -1   0   0   0  -1  -1   0  -2   1   2   0  -1   0   0    3   6   6   7   1   2   4   6   2   7   4   4   2   2   8  16   7   1   4   7  0.08 0.10
   83 S     0   0   0   1  -3   0   0   0   0  -2  -2   1   1  -3   4   1  -1   0  -2  -3    6   4   5   8   0   4   6   7   2   2   4   8   4   1  18  13   4   1   1   2  0.25 0.19
   84 A     1   1   0   1   0   0   1   1  -1  -2  -2   0  -3  -2   2   0   1   0   1  -2   11   7   5   7   2   4   8  10   2   2   3   6   0   2   9   5   9   1   5   3  0.12 0.12
   85 Y    -1  -1  -1  -1   0  -1  -1   0   2   0  -1  -2  -2   1  -1  -1   1   4   5   0    5   3   3   3   2   3   4   6   4   6   4   2   1   6   3   5   8   5  19   8  0.24 0.18
   86 V     1   0   0  -1  -2   0   2  -1  -1  -1  -2   0   0  -2  -2   0  -1   3   1   1   15   5   4   2   1   4  15   5   1   4   3   4   3   1   2   5   4   4   6  11  0.13 0.14
   87 R    -1   1   1   1  -3   2   3  -2   3  -1  -3   1  -2  -2  -2  -1  -2   5  -1  -3    6   7   6   7   1   9  19   3   7   4   3   8   1   1   2   5   3   7   2   2  0.32 0.23
   88 F    -3  -3  -3  -3  -3  -2  -1  -4   5   1  -1  -4  -1   4  -3  -4  -3   6   5  -2    3   2   1   2   1   2   4   2  15   9   5   1   2  16   2   1   2  11  19   3  0.88 0.43
   89 M    -2  -1  -2  -2  -3   1  -3  -3   7   1   0  -2   6  -3  -2  -2  -1  -2  -2   0    3   3   2   2   1   5   2   2  23   8   9   3  21   1   2   3   4   1   1   6  0.77 0.42
   90 K     0   3   2   0  -3   1   1  -2   1  -1  -1   2  -1  -2  -1  -1  -1  -2  -1  -1    6  15  10   4   1   7   8   2   3   4   6  14   2   2   3   4   3   1   2   3  0.18 0.16
   91 E    -1   2   1   2  -4   1   2  -2   0  -3  -3   2  -2  -2  -2  -1   0   0  -1  -3    5  13   7  11   0   7  15   3   2   2   3  15   1   2   2   3   5   1   2   1  0.30 0.23
   92 N     0   0   3  -1  -2  -1   1   0   1  -3  -2   0   0  -1  -2   0   2  -2   0  -1    9   5  15   3   1   2   8   9   4   1   3   7   2   2   1   5  16   0   3   4  0.18 0.18
   93 Y    -2   0  -1  -2  -5  -1  -2  -1   2  -2  -3   1  -4   2  -3  -2  -2   2   7  -2    3   5   3   3   0   3   3   5   5   3   2   9   0   8   2   3   3   2  34   3  0.72 0.42
   94 P    -1  -2  -4  -2  -4  -1  -2   4  -1   4  -2   1   0  -3   2  -3  -2  -2  -4   0    3   2   0   2   0   2   2  27   1  23   3   8   2   1  12   1   2   1   0   5  0.48 0.34
   95 P    -1  -2  -2  -1  -5  -1   1  -3  -2  -3  -3   1  -4  -2   6   1  -1  -3  -2  -3    5   2   1   3   0   2   9   2   1   1   2   9   0   2  40  11   4   0   2   2  0.82 0.47
   96 G    -1   1   1   3  -3   0   1   1  -1  -1  -2   1  -2  -3  -1  -1  -1  -3  -2   0    4   8   7  19   0   3   9  11   1   3   3   9   1   1   3   3   3   0   1   9  0.19 0.17
   97 F     1  -1  -1   1  -2  -1   1  -3   0  -2  -2   0  -2   5  -1  -1   0   1   0   0   11   4   2   7   1   2  11   2   2   1   2   6   1  25   3   4   6   2   2   7  0.28 0.25
   98 S    -1  -1  -1   2  -2   0   3   1  -1  -2  -3  -1  -3  -3   0   0   2   1  -1  -1    5   3   3   9   1   4  23   9   1   3   2   3   0   0   5   6  12   2   3   6  0.23 0.23
   99 Y    -4  -4  -7  -6  -7  -5  -5  -6  -3  -4  -6  -5  -3  -1  -7  -6  -6   4  10  -5    1   1   0   1   0   0   1   1   0   1   0   1   1   2   0   0   0   4  84   1  3.05 1.23
  100 A     1   0  -1   3  -5   1   2  -3   0  -4  -2   2  -1  -1  -2  -1  -1   2  -2  -3   13   5   2  18   0   7  15   2   2   1   3  12   2   3   1   4   3   3   1   2  0.32 0.28
  101 D     0   0   1   6  -6   1   2  -2  -1  -5  -5   2  -4  -6  -2  -1  -2  -4  -4  -4    8   5   5  38   0   6  11   3   1   0   1  11   0   0   2   4   2   0   1   1  0.74 0.46
  102 F    -2  -5  -4  -5  -3  -2  -4  -3  -3  -1   3  -4   0   7  -6  -4  -3   2   2  -1    4   0   1   1   1   3   1   2   1   3  26   1   2  41   0   1   2   2   6   4  1.00 0.53
  103 A     4  -2  -3  -2  -1  -2  -3  -2  -3   3  -1  -2  -1   0  -1  -2  -1  -4   1   0   39   2   1   2   1   1   1   3   0  17   6   3   1   3   2   1   3   0   6   6  0.42 0.34
  104 P     0   1   0   2  -3   0   1  -2   0  -4  -4   3  -3  -4   4   0  -2   2  -3  -4    8   6   4  11   1   4   8   2   2   1   1  18   1   0  21   6   2   3   1   1  0.48 0.34
  105 Q    -1   2   0   2  -4   3   1  -2   0  -3   0   1   2  -2  -1  -1   0   1  -2  -3    3  10   5  10   0  15  10   3   2   0   9   9   7   2   2   4   7   2   1   1  0.22 0.22
  106 F    -3  -6  -6  -6  -6  -6  -6  -5  -5  -3  -1  -6   1   9  -6  -5  -4   6  -1  -4    3   0   0   0   0   0   0   1   0   1   5   0   3  73   0   0   1   9   1   0  2.24 0.86
  107 T    -1   0   4   1  -4   0  -1  -3   0  -3  -3   2  -3  -4  -1  -1   3  -5  -2  -3    5   5  25   7   0   3   2   1   2   1   3  13   0   0   3   3  23   0   1   2  0.51 0.36
  108 A     4  -4  -3  -2  -1  -3  -3  -1  -5  -3  -2  -3  -2  -3   6  -2  -2  -1  -4  -3   34   1   1   3   1   1   1   4   0   1   3   1   1   1  40   1   2   1   1   1  1.11 0.59
  109 R    -1   0  -1   1  -3   1   4  -2  -1  -2  -3   1  -2  -4  -1   1   1  -4  -3   0    5   3   1   8   0   6  28   2   1   2   1   8   0   0   3  10  10   0   1   8  0.34 0.28
  110 F     0   1   2   0  -4   0   0  -1   1  -3  -1   3  -2   1  -1  -1  -2  -1   0  -2    7   8  11   5   0   3   7   4   4   0   5  23   1   8   3   4   1   1   2   2  0.21 0.19
  111 F    -3  -4  -3  -1  -2  -5  -3  -3  -4  -3  -2  -3  -3   8  -6  -4  -5   7   4  -3    3   1   1   3   1   0   2   2   0   1   3   1   0  54   0   1   0  13  10   1  1.56 0.66
  112 H    -2  -3   5   6  -2   0  -1  -4  -1  -5  -4  -2  -2  -3  -3  -1  -3  -1  -5  -4    3   1  25  49   1   3   3   0   1   0   2   1   1   1   1   4   1   1   0   1  1.20 0.58
  113 P     5  -5  -5  -5  -4  -4  -4  -3  -5  -2  -3  -3  -2  -3   6  -1  -2  -5  -5  -3   42   0   0   0   0   0   0   1   0   3   2   1   1   1  40   3   2   0   0   2  1.30 0.64
  114 E     0   0   1   4  -4   1   3  -2  -1  -3  -4   1  -3  -4  -2   0   0  -4  -2  -3    8   5   5  25   0   6  20   2   1   1   1  10   1   0   1   7   5   0   2   2  0.44 0.29
  115 E     1   0   0   1  -4   2   4  -1   0  -3  -3   1  -2  -2  -2   0  -1  -4  -2  -2   15   4   3   7   0  11  26   3   2   1   2   9   1   1   1   5   4   0   1   2  0.34 0.26
  116 W    -5  -3  -6  -7  -5  -5  -6  -6  -5   2   0  -6   0   2  -6  -6  -3  11  -1  -2    0   2   0   0   0   0   0   0   0  10   9   0   2   7   0   0   1  62   1   3  2.62 0.92
  117 A     4  -2  -2  -4   0  -3  -4  -3  -4   0   1  -3   2  -3  -4  -1  -1  -5  -4   3   37   2   2   0   2   0   0   1   0   5  11   1   6   0   0   2   4   0   0  27  0.57 0.40
  118 D     1   2   0   4  -4   1   1  -2   0  -3  -2   2  -2  -4  -2   0  -1  -4  -3  -3   11  14   3  24   0   6  10   2   2   2   3  12   1   0   2   6   2   0   1   1  0.36 0.27
  119 L     0  -3  -3  -3  -2  -2  -3  -4  -2   2   4  -3   1   0  -4  -2  -1   3  -1   0    8   1   1   1   1   2   1   1   1  14  45   1   3   4   0   2   5   4   2   3  0.48 0.32
  120 F     4  -4  -4  -5   1  -4  -4  -3  -4   0   0  -4   0   5  -4  -2  -2   1   0   1   38   0   0   0   3   0   0   1   0   6   7   0   2  26   0   1   1   2   3   8  0.69 0.43
  121 Q     0   2  -1   0  -2   1   1  -3  -1  -3  -3   5  -3  -3  -3  -1  -2  -4   0  -2   10  11   2   4   1   6   8   1   1   1   3  41   0   1   0   2   1   0   3   3  0.55 0.38
  122 A     1   1   2   3  -2   1   2  -1  -1  -3  -3   1  -2  -4  -3   0  -1  -4  -2  -3   15   8   9  18   1   6  14   4   1   1   3  10   1   0   0   4   2   0   1   0  0.30 0.24
  123 A     4   0  -1  -2   0  -2   0  -1  -3  -1  -2  -2   0  -1  -3   2   0   1   0  -1   41   4   3   0   2   0   7   3   0   3   2   0   2   2   0  16   4   2   3   3  0.32 0.28
  124 G    -2   0  -1  -1  -4  -1  -2   6   0  -5  -5  -1  -4  -1  -4   0  -3  -4  -4  -4    1   5   3   3   0   3   3  67   3   0   1   3   0   3   0   6   0   0   0   0  1.09 0.48
  125 A     2  -1  -3  -3   3   0  -1  -1  -2   0   0  -2   3   1   2  -1  -1  -3   0   0   21   4   0   0   7   4   4   4   0   4   7   0  12   6  11   4   4   0   3   4  0.19 0.21
  126 K     0   1   1   1  -2   1   1   0  -1   0  -1   1  -1  -2   1   0   0  -3  -2   0    7   7   7   7   0   7   7   7   0   7   7   7   0   0   7   7   7   0   0   7  0.08 0.07
  127 Y    -1  -1   1  -1  -3  -3  -3  -4   2  -1  -1  -3   1   2  -4  -1  -1   3   6  -1    4   4   8   4   0   0   0   0   4   4   4   0   4   7   0   4   4   4  39   4  0.60 0.36
  128 V     0  -2  -2   0   3  -2  -2   0   2   0   0  -2   2   1  -2   0   0  -2   2   0    8   0   0   8   7   0   0   8   7   8   8   0   7   7   0   8   8   0   7   8  0.08 0.12
  129 V     0  -2  -3  -4   0  -3  -4   0  -4   2  -1  -3   1  -1  -4  -2   0   1  -3   5    5   2   1   0   2   0   0   9   0  12   2   1   3   2   0   1   7   2   0  49  0.56 0.36
  130 L     0  -3  -3  -2  -3  -1  -2  -3  -3   2   2  -3   1   3   3   0  -1  -3  -1   0    6   0   0   3   0   2   1   1   0  12  23   0   4  14  15   7   2   0   1   7  0.29 0.21
  131 T    -2  -3  -2  -1   0  -2  -3  -3  -1   0  -1  -3   1  -2  -2  -1   5  -4  -3   3    1   0   1   3   2   2   0   2   1   5   4   0   4   1   1   2  48   0   0  22  0.69 0.44
  132 A     4  -3  -1  -3  -1  -2  -3   1  -3  -2  -2  -2  -2  -3  -2   2   3   0  -3  -1   35   0   3   0   1   0   0   8   0   1   3   0   1   1   1  19  20   2   0   4  0.47 0.34
  133 K    -2   1   1   0  -1   0   1  -3   1  -2  -3   5  -1  -4  -3   0   0   3  -3  -1    2   6   5   4   1   2   9   1   4   2   1  44   2   0   0   5   5   4   0   6  0.50 0.32
  134 H    -4  -3  -2   0  -5   0  -3  -4  10  -5  -2  -3  -1  -1  -4  -1  -2   2   1  -5    1   1   0   6   0   4   1   1  64   1   3   1   2   2   1   4   2   3   3   1  1.78 0.66
  135 H    -1  -1  -1  -2   0  -1  -1   0   9  -3  -3  -3  -4  -1  -4   0  -2  -4  -1  -3    5   2   1   2   2   2   3   6  59   2   2   0   0   2   0   6   2   0   1   2  1.47 0.61
  136 E    -1  -1   0   6  -4  -2   2  -2  -3  -5  -5  -1  -4  -4  -3   1  -3   3  -1  -4    6   4   3  50   0   0  13   2   0   0   1   3   0   0   0  11   0   4   2   0  0.90 0.44
  137 G     0  -3   1   0  -4  -1  -2   6   0  -4  -4  -3  -4  -4  -1   0  -3  -4  -1  -4    7   1   5   4   0   2   3  59   2   1   1   1   0   0   3   7   1   0   3   1  0.91 0.40
  138 F    -4  -5   0  -1   2  -4  -5  -5   1   0   0  -5   2   6  -5  -4  -1   3   4   0    1   0   4   4   5   0   0   1   4   5   6   0   5  37   0   0   4   4  11   6  0.87 0.44
  139 T     2  -1  -1  -1   4  -1  -2  -1   1  -1  -2  -1   0   0   1   0   1  -3   0  -1   20   3   3   4  10   3   0   5   3   3   4   4   3   5   7   5  11   0   3   4  0.16 0.17
  140 N     0   0   0  -2   2  -1   0  -3   2   0   0   0   1   1  -3   0   0   4   1   0    6   6   6   0   6   0   6   0   6   6   6   6   6   6   0   6   6   6   6   6  0.06 0.15
  141 W    -4  -1  -4  -5  -4  -4  -4  -2   0  -3  -2  -4   0   5  -5   0  -1   9   4   0    1   3   0   0   0   0   0   4   2   0   3   0   2  23   0   7   5  28  12   8  1.18 0.55
  142 P    -1   0   2   4   1  -1   0  -2   1  -4  -2  -1  -3  -2   2  -1  -2   3  -3  -4    4   6  10  31   4   2   6   3   4   0   4   3   0   2  12   2   2   4   0   0  0.46 0.31
  143 S     0  -1   1  -3   0  -2  -3  -3   1  -2  -1  -1  -1  -2  -1   4   3  -4  -1  -3    6   3   6   0   2   0   0   0   4   2   6   2   2   2   2  37  20   0   2   0  0.46 0.40
  144 A     0   1   0   1   0   0   1  -2   2  -4  -3   4  -3  -3   1   0  -1  -2  -2  -3    9   5   4   6   2   4   7   3   4   1   2  27   1   1   8   6   4   0   1   2  0.33 0.29
  145 V     0  -2  -1  -3  -1   0  -1  -1   4   0  -1  -3  -1   1  -3  -1   1   0   4   2    8   2   3   1   1   4   3   4   9   4   6   1   1   5   1   4   8   1  13  19  0.24 0.26
  146 S    -1  -2   0  -1  -2  -2  -2   0   0  -2  -3  -2  -1  -5   1   4   4  -5  -2  -3    5   2   4   3   1   2   2   6   2   2   2   2   1   0   6  28  28   0   1   2  0.56 0.46
  147 W    -1   0   2   3  -1   0   0   0   0  -2  -2   0  -1   0   0   0   0   3   1  -2    3   4  10  17   1   3   6   7   2   3   4   5   1   4   4   7   7   4   4   3  0.15 0.15
  148 N    -2  -1   3   2  -1  -1  -1  -2   2  -4  -3  -1   0   2   2  -1  -2   4   4  -4    2   4  13  12   1   2   4   3   4   0   3   3   3   7   9   5   3   5  17   0  0.42 0.36
  149 W    -2   1   2   0   0  -3  -2  -2   0  -1  -2  -1  -3   2   2  -1   0   5   3  -2    3   8  12   6   2   0   2   3   3   3   4   3   0   9  11   4   5   8   9   3  0.27 0.27
  150 N    -1   0   2   0   2   0  -2  -1   3   1  -1   0   1  -1  -3   0   0   2   0   0    5   4  12   7   4   4   0   4   7   9   4   7   3   3   0   8   5   3   3   6  0.11 0.16
  151 S     0   0   0   0   0   0   0   0   0   0  -1   0   0  -1   0   0   1  -3   0   1    8   4   3   4   3   4   5   7   3   6   4   6   4   3   5   9   8   0   3  12  0.03 0.06
  152 K    -1  -1  -1   2  -1  -1  -1  -2   0  -1  -2   2   3   0   0  -1   0   0  -2   2    6   4   3  12   1   3   4   4   2   3   3  10   7   3   5   4   7   1   2  14  0.18 0.17
  153 D     0  -1   2   3  -1   0   0  -1   3  -3  -3   1   0  -1  -2  -1  -1   1   0  -1    9   3  10  15   2   5   5   5   6   2   3   9   3   2   2   6   4   2   3   4  0.21 0.18
  154 V    -1  -1  -2  -2   0   0  -2  -2   0  -2  -1  -1   3  -1  -2   1   4   4   2  -1    5   4   2   2   2   4   3   4   2   3   6   3   7   2   2  10  23   4   6   5  0.34 0.29
  155 G    -1  -1   0  -2  -1  -1  -4   5   2  -3  -4  -3   1  -2   4  -3  -1  -7   0  -3    6   4   5   2   2   3   2  33   5   2   2   2   3   2  17   2   4   0   3   2  0.64 0.45
  156 P     1  -4  -2  -4   0  -3  -2  -3  -2  -1  -3  -3  -2   3   6   0  -3   0   2  -3   10   1   2   1   2   1   3   2   1   4   3   2   1  10  36   8   2   1   8   2  0.83 0.49
  157 H    -1   1   1  -1  -1   0  -1   2   3  -4  -2   3  -1  -2   0  -1  -2   2   1  -4    3   6   6   3   2   2   3  20   9   0   3  23   1   1   4   3   2   3   6   1  0.31 0.25
  158 R    -1   5   0  -2  -1   0  -1  -3   0   0  -3   2  -1  -2   1  -1   0  -4  -3  -1    4  37   3   2   1   3   2   2   2   5   2  13   1   2   7   2   6   0   0   4  0.48 0.33
  159 D    -4  -1   2   7   0  -3   0  -1   0  -5  -3  -4  -5  -6  -2   0  -1  -6  -5  -5    0   3   7  62   2   0   4   4   2   0   3   0   0   0   2   5   4   0   0   0  1.31 0.64
  160 L    -1  -3  -1  -3  -2  -1  -3  -1   0   2   1  -2   1   1   2  -1   0   3   1   1    4   0   3   0   0   3   0   5   3  18  15   0   3   5  11   4   4   5   4  11  0.17 0.16
  161 V     0   0  -2   0   3  -1  -1  -2  -2   1   0   0   2   1  -2   0   0  -2   1   0    8   8   0   8   7   0   0   1   0   8   8   8   7   7   0   8   8   0   7   8  0.07 0.11
  162 G     0   1   0  -1   0   0  -1   2   1  -1  -1   2   0  -1  -3   0  -1  -3   0  -1    9   8   3   3   3   4   3  19   3   3   4  15   3   3   0   5   3   0   3   4  0.13 0.14
  163 E    -1  -2  -1   1  -2   0   6  -3   0  -3  -2   0   0  -5   0  -2  -1  -5  -2  -3    5   2   3   6   1   3  49   2   2   1   5   5   3   0   5   3   3   0   1   1  0.73 0.49
  164 L    -4  -5  -5  -6   1  -2  -5  -3   0   1   4  -5   1   3  -5  -5  -2   5   1   1    0   0   0   0   2   2   0   2   2   8  44   0   3  11   0   0   2   8   5   9  0.80 0.44
  165 G     3  -1  -2  -2   0  -1  -1  -1  -1   0  -1   0   0   2  -3   1   0   1  -1   1   26   2   2   2   2   2   4   3   1   4   3   6   2  10   0  10   4   2   2  12  0.18 0.20
  166 A     0  -1   1   4  -1   1   3  -3  -2  -3  -4   2  -2  -3  -3  -1   1  -5  -3  -3    8   3   5  23   1   6  19   1   1   2   2  12   1   1   1   3   8   0   1   2  0.44 0.32
  167 A     6  -2  -2  -4  -1  -1   1  -2  -2  -3  -3  -2  -4  -5  -4   0  -1  -5  -3  -2   61   2   2   0   1   3   9   2   1   1   3   2   0   0   0   6   3   0   1   2  0.98 0.59
  168 V     2  -2  -2  -5   7  -4  -4  -2  -4   1  -1  -2   1   2  -4  -2   0  -4   0   1   15   2   2   0  27   0   0   3   0   8   5   3   3   8   0   3   6   0   4  11  0.65 0.40
  169 R    -2   5   0  -1  -1   0   0  -2   2  -1  -3   2  -4  -4  -2  -1  -1  -5  -1  -3    3  37   4   4   2   3   7   3   5   3   3  14   0   0   2   3   4   0   2   2  0.59 0.40
  170 K     1   2   1   0  -4   1   1  -1   1  -3  -3   4  -3  -4  -1  -1  -2  -5  -1  -2   11  10   6   4   0   6  10   5   3   2   2  29   0   0   2   3   2   0   2   2  0.38 0.31
  171 R     1   1   0  -1  -1   2   1  -1   3  -2  -2   0  -1  -1   2   0   0  -3   1  -1   11   9   3   3   1   9   9   4   7   2   3   5   1   2  10   4   4   0   7   5  0.14 0.16
  172 N    -3  -3   2   2  -5  -1  -1   6   2  -6  -6  -2  -5  -2  -2  -1  -2  -5  -5  -6    1   1   9  11   0   2   4  52   6   0   0   2   0   2   2   4   2   0   0   0  1.00 0.54
  173 I    -2  -2  -5  -5  -4  -4  -3  -3  -4   4   4  -4   5   0  -5  -4  -1  -4  -1   0    3   2   0   0   0   0   2   3   0  24  33   0  16   4   0   0   3   0   2   5  0.74 0.43
  174 R    -1   3  -1  -1  -4  -1  -1  -1   3  -2  -2   4   0  -4   1  -1  -1  -4   0  -2    3  16   2   3   0   2   3   5   8   3   4  26   3   0   7   4   3   0   4   3  0.35 0.29
  175 Y     0   0  -2  -4   0  -3  -2  -4   1   1   2  -2   2   4   0  -2  -1   1   1   0    7   6   2   0   2   0   2   0   4   7  18   3   6  17   5   2   4   2   5   7  0.22 0.21
  176 G     0  -4  -1  -2   3   0  -2   5   1  -1  -2  -4   1   0  -4  -1  -1  -4  -1  -2    6   0   2   3   6   4   2  46   3   3   3   0   4   4   0   5   4   0   2   3  0.64 0.43
  177 L     0  -1  -1  -3   0  -1  -2  -2   0   1   1  -1   1   3  -1  -1   1   2   0   1    9   3   3   0   2   2   2   2   2   6  16   3   3  18   3   2   9   3   2  10  0.16 0.18
  178 Y    -1  -2  -2  -5  -5  -4  -5  -3   3  -5  -3  -5   0   1  -5   1  -1   3   8  -2    4   2   2   0   0   0   0   2   6   0   3   0   2   4   0  12   5   3  50   3  1.31 0.69
  179 H    -2  -4  -2  -3  -1  -4  -1  -5   6  -4  -2  -3   0   4  -1  -1  -2  -3   6  -3    3   0   2   2   1   0   5   0  19   0   3   1   2  17   4   4   3   0  30   2  0.99 0.56
  180 S    -1  -2   0  -4  -1  -2  -2   0   7  -3  -3  -4  -4  -2  -1   5  -1  -1  -2  -3    3   1   3   0   1   1   1   7  23   1   3   0   0   2   3  41   3   1   1   2  0.88 0.58
  181 L     0   0   0  -2   0   1  -1  -1   4   0   2   0   0   0  -1   0  -1   3  -1  -1    6   5   4   2   2   8   2   4  10   6  19   5   2   4   4   6   3   4   2   3  0.12 0.15
  182 F     1  -1   1  -1   1  -1  -2   0   3   0  -2  -2   3   2  -1  -1   0   4   2  -2   10   3   6   3   3   3   3   7   7   5   4   3   6   7   4   5   5   5   6   3  0.18 0.15
  183 E    -1   0   0   0  -3   0   0  -1   2   0  -1   0   1   0   0   0   0   3   1   0    5   5   5   5   0   5   5   5   5   5   5   5   5   5   5   5   5   5   5   5  0.06 0.08
  184 W    -5  -4   0   2  -9  -1  -4  -3   2  -3  -5  -4  -1   0  -4  -3  -3  11  -1  -5    1   1   4  10   0   3   2   3   4   2   1   1   2   4   2   3   2  53   2   1  2.44 1.23
  185 F    -4  -1   1  -3  -1  -2  -1  -3   6  -2  -4  -3  -1   4  -4  -2   0   7   5  -5    2   4   6   2   1   2   4   3  15   2   2   2   2  15   1   4   5  14  15   1  1.03 0.59
  186 H    -4  -1   3   0   0   0  -2  -4   6  -3  -4  -1  -1   3  -3  -1  -2   5   3  -2    2   4  12   6   2   4   3   2  18   2   2   4   2  12   2   5   2   6   8   3  0.72 0.45
  187 P    -2  -1   1   1  -1   0  -1  -1   1  -8  -4  -2   0   0   6  -2  -2   3  -2  -3    5   4   6   6   1   4   5   5   3   0   2   3   2   4  37   4   3   3   2   2  0.79 0.57
  188 L     1   0   0   3  -1  -2  -1   1   1  -1  -1  -1   0   1   0  -1  -2   1   1  -2   10   4   4  17   2   2   3  12   4   3   7   3   2   5   4   5   2   2   5   3  0.18 0.15
  189 Y    -1  -1  -2  -1   0   0  -1  -1   2  -2  -4   0  -1   2  -2  -2  -2   5   6  -3    5   4   2   4   2   5   4   6   4   2   2   5   2   9   3   4   3   6  27   2  0.68 0.44
  190 L     0   0   0   0  -2   0  -1   0   1  -1   0  -1   1   0   3  -2  -1   5   1  -2    7   4   5   6   1   5   4   8   3   4   8   4   3   4  12   4   3   7   4   3  0.17 0.16
  191 L     0   0   1   1  -3  -2  -1   0   1   0  -2   0   0   0   2   0  -1   2   2  -2    7   5   6   9   1   2   5   7   3   6   4   7   2   3  11   6   4   3   6   3  0.12 0.12
  192 D    -2   1   1   3  -1  -1  -1  -1   1  -2  -3   0   1   1   2  -1  -2   2   2  -1    4   7   6  15   1   3   4   6   3   3   3   5   3   5  10   5   3   3   6   5  0.21 0.19
  193 K    -1   1   1   2  -2   0   0   0   0  -3  -3   2   0  -1   1   0   0   1   2  -2    6   7   5  10   1   3   6   9   2   2   3  10   2   3   7   6   6   2   6   3  0.12 0.14
  194 K    -1   1   1   1  -1  -1   0  -1   3  -3  -1   1   1   2   1   0  -1   3   0  -2    6   6   6   7   1   3   7   6   7   2   5   8   3   7   6   6   4   4   3   3  0.13 0.13
  195 N    -1  -1   4   2  -2  -1  -2   1   3  -4  -3   0  -2  -2   0   0   0   3   1  -3    6   4  15  11   1   3   3   9   5   1   3   5   1   2   6   8   6   4   5   2  0.30 0.25
  196 G     0  -1   2   2  -2  -1   0   2   0  -3  -3   1  -2  -1   1   0  -2   1   0  -3    9   4   9  10   1   3   5  15   2   2   4   8   1   3   8   6   3   2   3   2  0.20 0.19
  197 L    -1   0   0   1  -1   0   0  -1   1  -1  -2   1  -1   2   1  -1  -1   2   1  -1    6   5   4   9   1   4   6   5   4   3   4   9   1   9   8   4   5   3   5   4  0.12 0.13
  198 K    -1   1   0   2  -7  -1   0  -2   0  -2  -3   1   0  -2   3  -1   1   0  -1  -3    6   8   5  10   0   3   6   3   3   3   4  10   2   2  16   5   8   1   3   2  0.25 0.24
  199 T    -1   1   0   1   1   0  -1  -1   1   0  -2  -1   0   2   1  -1   1   2   1  -1    6   7   5   8   3   4   5   6   3   5   4   4   3   7   7   5   8   3   4   5  0.07 0.08
  200 Q    -1   0   0   0   2   0   0  -1   2   0  -1   0   2   1   0  -1   0   4   1  -1    5   5   5   5   5   5   5   5   5   5   5   5   5   5   5   5   5   5   5   5  0.09 0.08
  201 H     0   1   0   2  -3   1   3  -2   2  -2  -2   1  -1  -1   2  -2  -1   0   1  -2    8   7   4  10   1   6  15   3   4   2   4   7   2   2   8   3   3   1   5   4  0.20 0.19
  202 F     0   1   0   0  -2  -1   1  -2   0  -2  -2   0   1   3   0  -1  -2   2   5  -3    7   7   5   6   1   3   8   3   2   2   5   5   3  11   5   4   3   2  16   2  0.31 0.24
  203 V    -2  -1  -2  -1  -1  -2  -2  -1   1   0  -2  -1   1   3   0  -2  -2   5   5   1    4   3   2   3   1   2   3   5   3   5   5   4   3  11   5   3   3   6  17  11  0.42 0.28
  204 S     0   0   1   3  -2   1   1  -1   2  -2  -2   1  -1  -2  -1  -1  -1  -1   1  -1    7   6   7  13   1   5   9   4   4   3   4   8   2   2   3   5   5   1   5   5  0.14 0.14
  205 T    -2   0   0   3  -2   2   2  -1  -1  -1  -3   1   0  -2   1  -2  -1   0   0  -3    4   5   4  16   1   9  14   5   1   4   3   9   2   2   6   3   5   2   3   2  0.29 0.25
  206 K    -3  -1  -3  -2  -1   0   1  -4   2  -1  -1   3   0   1  -2  -3  -2   0   6  -1    2   4   2   3   1   4  10   2   4   4   6  17   2   6   3   2   3   1  20   5  0.53 0.36
  207 T    -1  -2  -1  -2   0   0  -1  -3   1   0   0  -1   4   0  -1  -1   0   7   1   0    6   3   4   2   2   4   5   2   3   6   9   3   9   3   3   4   5  14   5   8  0.36 0.29
  208 M    -2   0   0   0  -1  -1  -1  -2   2   0   2   0   1   2  -2  -2  -2   3   3  -1    3   6   4   6   2   2   4   2   6   4  21   6   4   7   2   2   2   4  10   3  0.19 0.19
  209 P     2  -2   0  -1   1   0   0   0   0  -2  -2  -1   1  -2   5  -1  -1  -6  -5  -3   16   3   5   4   3   5   5   7   2   2   4   5   3   2  27   3   4   0   0   2  0.46 0.38
  210 E    -2   2   0  -1   1   4   1  -2   3  -1  -2   0   1  -4  -1  -1  -1   2   1  -1    3  11   4   4   3  18  10   3   6   3   3   6   3   0   3   3   4   3   5   4  0.24 0.27
  211 L    -1   0   0   0   2   0   0  -1   2   0  -1   0   1   0  -3   0   0   3   1   0    5   5   5   5   5   5   5   5   5   5   5   5   5   5   0   5   5   5   5   5  0.06 0.10
  212 Y    -2   2  -1  -2  -1   0   1  -3   0  -1   0   2   0  -1  -3  -2   0   5   3  -2    3  12   3   2   1   4   8   2   2   4   8  15   2   2   1   2   5  10  12   2  0.33 0.29
  213 D    -2  -2  -1   2  -6   1   6  -1  -2  -2  -2  -2  -5  -2  -3  -2  -2  -6  -3  -3    3   2   3  10   0   5  48   6   1   3   5   2   0   2   1   3   2   0   1   2  0.79 0.55
  214 L    -1  -1  -2  -4   1  -1  -2  -2  -4   1   4  -1   2   0  -2  -2  -2  -4  -1   0    5   3   2   0   3   2   3   3   0   8  46   3   4   2   2   2   2   0   2   6  0.41 0.32
  215 V     0  -3  -1  -4   1  -1  -3  -2   0   3   1  -3   2   1  -1  -1   0  -3   0   2    7   0   3   0   3   2   0   3   2  19  16   0   5   5   3   5   5   0   3  18  0.24 0.22
  216 N    -1   0   2   2  -3   0   1  -1   1  -1  -1   0   0   0  -1   0   1  -3   0  -1    5   5   9  14   0   4   7   5   3   3   5   4   3   4   3   6  12   0   3   4  0.10 0.13
  217 R     0   0   1   0  -3   1   0   0   2   0  -1   0   1  -2   1   0   0  -2   1   0    6   6   6   6   0   6   6   6   6   6   6   6   6   0   6   6   6   0   6   6  0.05 0.08
  218 Y    -4  -6  -4  -3   0   0  -6  -3  -1  -3  -3  -3  -2   4  -3  -4  -4   1   9  -4    2   0   1   2   2   5   0   2   1   1   2   2   1  13   2   1   1   1  59   1  1.80 0.93
  219 K    -2   0   0   0  -2   1   0   4   2  -4  -3   2  -1  -1  -2  -2  -1   3   0  -2    2   5   4   6   1   6   5  28   4   0   2  12   2   2   2   2   3   4   3   3  0.30 0.28
  220 P    -2  -2  -3  -2  -1  -4  -3  -2  -5   2  -1  -4  -1  -2   6  -1   1  -6  -5  -1    2   3   1   2   1   0   2   3   0  13   5   0   1   2  44   4   8   0   0   4  0.94 0.59
  221 D    -1   0   0   6  -2  -1   2  -1  -2  -2  -4  -1   0  -3  -4   0  -3  -1  -3  -3    6   4   5  39   1   2  14   4   1   3   1   3   2   1   0   7   1   1   1   2  0.65 0.47
  222 L    -1  -3  -3  -3  -1  -2  -1   0   0   3   2  -3   2   0  -4  -2  -2  -4   0   2    4   1   1   2   1   2   5   7   2  20  23   1   5   4   0   2   1   0   3  15  0.31 0.26
  223 I    -3  -3  -5  -2   0  -4  -5  -4  -5   4   3  -5   4   1  -5  -3  -1   1  -1   2    1   2   0   3   2   0   0   1   0  23  32   0   9   6   0   2   3   2   2  11  0.64 0.41
  224 W    -5  -3  -4  -7   1  -4  -2  -7  -2  -6  -4  -6  -1   2  -7  -4  -1  12   3  -4    1   2   1   0   2   1   3   0   1   0   2   0   2   6   0   1   5  62   9   1  2.82 1.21
  225 S    -1   0   0   0   2   0   0  -1   2   0  -1  -2   1   1   0   0   0   3   1   0    5   5   5   5   5   5   5   5   5   5   5   0   5   5   5   5   5   5   5   5  0.07 0.11
  226 D    -9  -9  -3   8 -10  -9  -4  -4  -1  -4  -5  -4  -2  -2  -4  -4  -5  -1  -1  -2    0   0   2  74   0   0   2   2   2   1   2   2   1   2   1   1   1   1   2   3  2.31 1.18
  227 G    -2  -2  -1   0   0  -3  -4   4   0   1  -4  -6   3   2  -2   0   1   4   0  -2    4   3   3   5   2   1   2  27   2   7   2   0   6   8   3   6   9   4   3   3  0.47 0.32
  228 E    -2  -3  -2   2   1  -2   0   4  -2  -3  -5  -3  -2  -1   2   0  -2   5   1  -2    3   2   2  12   3   2   7  24   1   2   1   2   1   2  10   7   3   7   4   3  0.49 0.36
  229 W    -1  -2  -2  -3   1   0  -2   1   1  -1   0  -2   1   1   0  -2  -2   8   1  -1    5   3   2   2   3   4   3  12   4   4   8   3   3   5   4   3   3  19   5   5  0.58 0.37
  230 E     0  -1   1   2  -1  -1   1   1   1  -2  -2   0   0   0   3  -1  -1   1   0  -2    7   3   6  10   2   3  10   9   3   2   4   5   3   4  14   4   3   2   3   3  0.17 0.16
  231 C     1  -1   1  -1  -1   0  -1   0   2   1  -1   0   1   0   0  -1   0   1   0  -1   10   4   7   4   1   4   3   9   4   9   6   5   5   5   4   5   7   2   3   3  0.05 0.06
  232 P    -1  -1   1  -1  -6  -2  -1   0   0   0  -2  -2  -1  -3   5   1   1   3  -1  -2    6   4   6   4   0   2   4   8   2   6   4   3   2   2  23   9   9   3   2   3  0.36 0.30
  233 D     1  -2   0   3  -5   0   1   0  -1  -2  -3   0   0  -1   1   0  -1   4  -2  -2   10   2   4  19   0   3  10   8   1   2   3   5   2   2   8   6   4   5   2   3  0.26 0.24
  234 S    -1  -1   0   1  -4   0   2   0  -1  -1  -3   0  -1   1  -1   1   2   1  -1  -3    6   3   5   8   0   4  16   8   2   3   2   6   2   6   3  10  11   2   2   2  0.17 0.19
  235 Y     0   0   0   2  -2   0   1   0   2  -2  -1   0  -1   0  -1  -2   0   2   4  -1    7   4   4  10   1   5   7   7   5   2   6   6   1   4   3   3   5   3  12   4  0.16 0.14
  236 W    -1  -2  -2  -1  -2  -1   0  -3  -1  -1  -2  -1   0   1   1  -2  -3  10   1  -2    5   2   3   4   1   3   7   3   2   4   4   4   2   5   6   3   2  31   4   4  1.07 0.58
  237 N    -2   3   2   2  -7   4  -1  -1   2  -3  -4   1  -1  -3  -3  -3  -1   0   2  -3    4  13   9  12   0  14   5   5   4   2   2   9   1   1   1   2   4   1   6   2  0.45 0.33
  238 S     1  -1  -2   0  -2  -2  -2   1   0  -2  -1  -1   1  -2  -1   3   0  -2  -2  -1   13   4   2   5   1   2   3  11   2   3   7   4   3   2   4  22   6   1   2   4  0.22 0.21
  239 T     0   1   0   0  -3   1   2  -2  -2  -2   0   2   0  -2   1  -2   1   1  -1  -3    7   9   4   5   1   6  12   3   1   2   8  12   2   2   7   3   7   2   2   2  0.16 0.17
  240 E    -2   0  -1   1  -7   1   4  -1   1  -2  -3   1   0   0  -1  -2  -1   3   0  -2    4   5   4   8   0   6  26   6   3   3   4   7   3   4   3   4   3   3   3   3  0.35 0.28
  241 F    -2  -1  -1  -2   1  -1  -2   0   0   0   2  -2   2   4  -2  -2  -1   3   0   0    4   4   3   3   2   3   3   7   3   5  17   3   4  18   3   3   4   3   3   6  0.28 0.18
  242 L     1   0   0  -2  -1  -1  -1  -1   0   1   1  -1   1   1  -2  -2  -1   0   3   0   12   5   4   2   1   2   3   4   2   8  17   3   4   5   1   3   3   1  11   7  0.12 0.14
  243 A     4   2   0   2  -1   0   0  -2  -1  -3  -3   1  -5  -5  -3  -1  -1   1  -1  -3   33   9   4  10   1   3   6   2   2   2   2   8   0   0   1   5   4   2   3   2  0.43 0.39
  244 W    -2  -1  -2   0  -5  -1   0  -4   2   1   1  -1   3   1  -3  -2  -1   6   4  -1    4   3   2   5   0   2   6   1   5   7  13   4   8   4   2   3   3  10  13   3  0.41 0.32
  245 L    -2  -2  -3  -3   0  -3  -3  -3  -1   2   2  -3   1   2  -2  -3  -2   2   4   2    3   2   2   1   2   1   2   2   1  11  19   1   3   9   3   2   3   3  15  15  0.46 0.32
  246 Y    -2   4   1  -1  -6  -1  -1  -3   3  -2  -3   1  -1   1  -3  -2  -2  -1   5  -3    4  20   5   3   0   3   3   3   6   2   3   7   2   5   1   2   3   1  22   2  0.58 0.43
  247 N    -1   1   4   0  -4   0   0  -1   1  -1  -2   0   1  -1  -1   0  -1   2   0  -2    4   7  23   5   0   4   6   5   4   3   4   6   4   3   4   6   4   3   3   3  0.23 0.25
  248 E     0  -1   0  -1   1   0   0  -1   2   1   1  -1   0   0  -3  -1   0   2   1   0    9   4   4   3   4   3   5   4   7   8  14   4   3   3   0   3   4   3   5   8  0.03 0.10
  249 S     2   3   1  -2  -1   2  -2  -1   2  -1  -2   0  -1  -2  -3   1  -2   1   0  -1   15  15   6   3   1   7   2   5   4   3   5   6   1   2   2  11   3   2   3   4  0.23 0.20
  250 P     0  -1  -1  -1   0   1   0  -2   0  -1  -2   1   1  -2   4  -1  -1  -6  -2  -1    9   4   3   4   2   6   7   3   2   4   4   8   4   2  21   4   4   0   2   4  0.27 0.26
  251 V     0  -1   1   0   1   1   1  -1   0   1   0   2   0  -2  -2  -1  -1   1   0   0    7   3   7   5   4   6   7   4   2   7   9  12   2   2   2   4   3   2   3   7  0.07 0.07
  252 K    -2   1   2  -2   0   4  -2   1   0  -3  -3   1  -1  -2  -1  -2  -2   6  -1  -2    4   7  10   3   2  19   3  10   2   2   3   8   2   2   4   4   3   8   2   3  0.47 0.36
  253 D    -3   1   2   1  -1  -1  -1   2   0  -2  -2   0  -1  -7   5  -2  -3  -7  -2  -3    2   6   9   9   2   2   4  17   3   2   5   6   2   0  23   3   2   0   2   2  0.51 0.38
  254 Q    -1   1   2   2  -1   2   1   0   2   0  -3   2   0  -3  -2  -1   0   0  -1  -2    4   6   8  10   1   7   8   9   4   5   3  11   2   1   2   5   5   2   2   3  0.16 0.14
  255 V    -1   0   0   0   2   0   0  -1   2   0  -1   0   2   1   0  -1   0   4   1  -1    5   5   5   5   5   5   5   5   5   5   5   5   5   5   5   5   5   5   5   5  0.09 0.08
  256 V    -1  -1  -1  -6  -6   0  -1  -1  -6   3   0  -1   2   0   0  -1  -1  -7  -6   3    5   4   3   0   0   5   4   6   0  14  10   5   5   5   4   4   4   0   0  21  0.35 0.22
  257 V    -1  -1   1   0   0  -1  -1  -2   0   3  -1  -2   1   0  -2  -2   1   2  -1   3    5   3   7   5   2   3   4   3   2  14   6   3   3   4   2   3   8   3   2  19  0.24 0.16
  258 N    -2  -3   6   0   0  -1  -2  -2   0   1  -4  -2   0  -1  -7   0   0   0  -2   1    3   2  33   5   2   3   3   4   2   8   2   3   3   3   0   6   5   1   2   9  0.68 0.41
  259 D    -1  -1   4   4  -7  -2  -2   1   0  -2  -4   0  -2  -7  -2   1   1  -7  -1  -2    6   4  17  20   0   2   3  11   2   3   2   5   1   0   2   9   7   0   2   3  0.48 0.33
  260 R    -2   6  -1  -3   1  -1  -2  -2   1  -2  -2   0   0  -1  -2  -3  -2   0   1  -1    5  38   3   2   3   2   3   3   3   2   5   6   2   3   3   3   3   2   5   5  0.72 0.41
  261 W    -2  -3   0  -2   3  -1  -3  -2   0   1   0   1   0   0   0  -1  -2   7   2   1    3   1   4   3   6   3   2   4   2   6  10  10   2   4   5   5   2  12   6   8  0.36 0.23
  262 G    -2  -1   0  -1  -1  -1  -2   5   0  -2  -3   1  -1  -2  -1  -3  -1   2   1  -2    4   3   4   4   1   3   3  37   2   3   3   7   1   2   4   3   4   2   5   3  0.54 0.34
  263 Q    -1   0   0   0   2   0   0  -1   2   0  -1   0   2   1   0  -1   0   4   1  -1    5   5   5   5   5   5   5   5   5   5   5   5   5   5   5   5   5   5   5   5  0.09 0.08
  264 N    -2  -1   2   2   0  -1  -1   2   1  -2  -2  -1   0  -1   1  -1  -1   1   0  -2    4   4  10  12   2   3   5  17   3   3   5   5   3   3   6   5   4   2   3   3  0.18 0.16
  265 C    -1   0   0   0   2   0   0  -1   2   0  -1   0   2   1   0  -1   0   4   1  -1    5   5   5   5   5   5   5   5   5   5   5   5   5   5   5   5   5   5   5   5  0.09 0.08
  266 S     0   0   0   0   1   0   0   0   1  -1  -1  -1   1   0   1   0   0   2   1  -1    8   6   5   6   3   4   5   7   3   4   5   4   4   4   8   7   6   3   4   4  0.05 0.06
  267 C    -1  -2   0   0   4  -1   0   2  -1  -1  -2   0  -1   2   1  -1   0   1   0  -1    6   2   4   4   8   2   7  14   2   4   5   5   2   9   8   5   5   2   3   4  0.16 0.13
  268 R    -1   1   2   1  -5   0   0   0   2  -2  -2   2   1   0   2  -1   0   1   0  -2    4   8   8   6   0   4   5   6   5   2   5  12   4   4   9   4   5   2   3   3  0.16 0.14
  269 H    -2   0   1   0   1   1   0  -1   4   0  -1  -1   1   0   0  -1  -1   4   2  -1    4   4   5   5   3   5   7   6  11   5   6   4   3   3   5   4   3   5   6   5  0.18 0.15
  270 G     0  -1  -1  -1   1  -1  -1   4   1  -1  -2  -1   0  -1  -1  -1  -1   3   0  -1    7   3   3   4   3   3   4  29   4   3   4   5   3   3   3   4   4   3   3   5  0.31 0.23
  271 G    -1  -2  -1   5   0  -6  -2   4  -1  -2  -3  -2   0  -1  -3  -1  -2   1  -1  -2    6   2   3  24   2   0   3  28   2   3   3   3   2   3   2   4   3   2   2   3  0.63 0.41
  272 Y     0  -3  -3   5   0  -2  -2  -3   0   0  -3  -7   0   4  -3  -4  -3   1   4  -1    8   2   2  25   2   2   3   3   2   5   3   0   3  15   2   2   2   2  14   5  0.75 0.46
  273 Y    -1   0  -2  -2   0  -2  -1  -2   0   0   0  -2   1   3  -3  -3  -1   1   5   2    5   5   3   3   2   2   5   4   2   5   7   3   3  13   2   3   4   2  16  12  0.34 0.23
  274 N    -2  -2   1   2  -2  -1  -2  -2  -2  -3  -2  -3  -2  -4  -2   2   5  -1  -1   0    4   3   5  10   1   3   4   4   1   2   4   2   1   1   2  12  32   1   2   5  0.57 0.44
  275 C    -3  -3  -3   2   5  -3  -2  -2  -2  -1  -1  -3   3  -1   3  -2   3  -1  -1  -1    3   2   2  12   9   1   3   4   1   3   6   2   6   3  14   3  19   1   2   5  0.49 0.37
  276 E    -1  -3  -2  -3  -2  -2   5   1  -1  -2  -3  -2  -2   0   3  -1  -2   0   0  -2    5   2   3   2   1   2  30  10   2   3   4   2   1   4  14   5   2   1   3   4  0.53 0.42
  277 D    -5   0  -2   4  -2   2   5  -2   0  -9  -5  -3  -8  -3  -8  -3  -3   0   1  -4    2   5   2  23   1   7  38   4   2   0   2   2   0   1   0   2   2   1   5   1  1.14 0.72
  278 K    -1   0   0   0   2   0  -1  -1   2   0  -1   0   2   0   0  -1   0   3   1  -1    5   5   5   5   5   5   5   5   5   5   5   5   5   5   5   5   5   5   5   5  0.03 0.09
  279 Y     0  -1  -1  -1   0   1   0   2   1   1  -3  -1  -1   0  -2   0   0   1   2  -1    7   4   3   4   2   5   7  14   3  10   3   3   2   4   2   6   5   2   8   5  0.12 0.11
  280 R    -1   1   1  -1  -1   0  -1  -1   1   2  -1   0   1  -1   2  -1   0   1  -1   1    4   8   6   3   1   4   3   5   3  10   7   5   3   2  10   4   7   2   2  10  0.09 0.09
  281 P     0  -2  -1  -1  -8  -2  -1  -1  -1  -2  -1  -2   1   1   6  -1  -2  -8   0  -2    7   2   3   3   0   2   4   6   2   2   6   3   3   6  36   6   3   0   3   3  0.66 0.49
  282 H    -1   0   0   0   2   0   0  -1   2   0  -1   0   2   1   0  -1   0   4   1  -1    5   5   5   5   5   5   5   5   5   5   5   5   5   5   5   5   5   5   5   5  0.09 0.08
  283 S     0   0   0   0   0   0   0   0   1  -1  -2   0   0   1   0   0   1   2   1   0    6   4   4   5   3   4   7   8   4   3   3   6   3   5   6   7   9   3   5   6  0.05 0.06
  284 L     0  -1   0  -1  -5   0   0  -1  -1   2   1  -1   1   0   2  -1   0   1   0   0    6   4   5   4   0   4   5   5   2  12  12   4   3   3  10   3   6   2   3   6  0.08 0.08
  285 P    -2   1  -1  -1  -1   2  -1  -2   1   0   0   0   2  -2   3  -1   0   0  -1   0    3   7   3   4   1   8   5   3   3   5  11   5   5   2  15   5   5   1   2   6  0.16 0.17
  286 D    -1  -1   1   2  -1   0   0   1   1  -2  -3   0  -1  -2   2  -1   0   1   0  -2    4   4   7  12   2   4   7  10   3   2   3   7   2   2  10   5   7   2   4   3  0.14 0.17
  287 H    -2   3  -1   0   0   0   0   1   3  -1  -2   1   0   1  -2  -2  -1   1   1   0    3  15   4   5   2   4   5   9   7   4   4   7   2   6   3   3   4   2   4   7  0.18 0.15
  288 K    -1  -2  -2   2   0  -2  -3  -2   0  -3  -3   2   0  -1   5  -3  -2   3   2  -2    5   3   2  10   2   2   2   3   2   2   3  13   2   3  28   2   3   4   6   3  0.60 0.46
  289 W    -5  -4  -2  -4 -10  -9  -4  -4  -2  -2  -3  -4  -1   1  -3  -5  -4  12   0  -3    2   1   3   1   0   0   2   2   1   3   3   1   1   6   2   2   1  64   3   2  3.08 1.46
  290 E    -5  -4  -3  -2  -9   3   7  -4  -2  -3  -3  -4   0  -3  -8  -4  -3   4  -8  -3    1   1   1   2   0  12  56   2   1   2   3   2   2   2   0   1   2   5   0   2  1.56 0.91
  291 M     1  -4   1  -2   0  -1   0  -3  -1  -1  -1  -2   2   0  -7   2   4  -7   0  -1   10   1   5   2   2   3   5   2   2   3   7   2   5   4   0  14  25   0   3   4  0.43 0.34
  292 C    -1  -4  -1   2   9  -5  -3  -4  -2   0  -3  -2  -5  -6   0  -1  -1   1  -3   0    6   1   3  13  37   0   2   1   1   6   2   3   0   0   4   5   4   2   1   6  1.13 0.63
  293 T     0   1  -1   1  -4   0  -1  -2   0   1  -1  -2   3   0  -1  -1   2   0   0  -1    8   7   3  10   0   5   4   2   2  10   5   2   9   3   2   3  16   1   3   4  0.14 0.20
  294 S    -2   0  -1  -2   1  -1  -4   0  -1  -1  -4  -2   0  -1   0   2   5  -5  -1  -1    3   6   3   3   3   3   0   8   2   3   0   3   3   3   4  13  35   0   2   3  0.49 0.44
  295 V    -1  -1  -2  -2  -4  -2  -3  -1  -1   3   1  -2   4   0   0  -1   0   3  -1   1    4   3   2   2   0   2   1   5   2  20  12   1  12   3   4   4   7   5   2   8  0.27 0.25
  296 D    -1  -3   3   2   1   0  -1   0   1   0  -1  -3   0  -1  -2   1   0   2  -1  -2    5   0  17  12   3   3   2   8   4   7   6   0   3   3   2   9   5   3   2   3  0.19 0.21
  297 K    -1   1   2   2  -1   0   0   2   1  -3  -3   1  -1  -3   1  -1  -1   0  -1  -3    5   8   8  10   1   4   5  19   4   1   2   9   1   1   8   4   4   2   2   2  0.23 0.21
  298 A    -2   0   1  -1   0  -1  -1   3   3  -3  -2  -1  -3   0  -1   2   0   1   1  -3    3   5   6   4   2   2   4  20   6   2   5   4   0   4   2  17   5   2   5   2  0.23 0.23
  299 S     0  -2   0  -1   1   0  -2   1   2  -3  -3  -2  -2  -1  -1   4   2   2  -1  -2    6   2   4   3   3   4   2   9   4   2   3   2   1   3   3  30  11   2   2   2  0.34 0.29
  300 W    -1  -1  -5  -5   2  -4  -5   0  -4  -1  -2  -5   1   1  -5  -1  -1  10   2  -1    5   4   0   0   4   0   0   8   0   4   4   0   4   6   0   4   4  41   5   4  1.43 0.63
  301 G     0  -3  -1  -3   2  -1  -1   3   1  -1  -2  -1  -2   2  -1   1  -1   3   0  -1    8   0   3   0   6   3   3  21   5   3   3   3   0  10   3  15   3   4   3   3  0.21 0.21
  302 Y    -1  -1  -2  -2   1  -2  -4  -2   2  -2   0  -4   0   3  -5  -2  -1   6   6  -2    5   3   2   3   3   2   0   3   4   2   8   0   2  10   0   3   3  10  35   2  0.79 0.47
  303 R    -1   3   4  -1   0  -1  -1   0   1  -2  -3   1  -2  -3  -2   0   0   1   0   0    5  15  20   3   2   2   3   7   3   2   2   7   1   1   2   7   6   2   3   6  0.32 0.26
  304 R    -2   4   0   0  -2   0   1  -2   1  -3  -4   1  -2   0   2   1  -1  -1   0  -3    4  20   4   5   1   3   8   4   3   2   2  10   1   4  10  10   4   1   4   2  0.31 0.26
  305 D     0  -2   4   4  -5   1  -1   0   3  -3  -3  -2  -2  -3  -2   0  -1   3  -2  -3    8   2  18  20   0   6   4   7   6   1   3   2   1   1   2   6   4   3   2   2  0.46 0.32
  306 M     1  -1  -1   1   0   0   2  -1   0  -1  -1   0   2  -1   0  -1   1   2  -1  -1   10   3   3   9   2   5  14   4   3   4   5   4   6   2   4   4  10   3   2   3  0.12 0.13
  307 S    -1   0   2   1  -4   0   1   0   0  -3  -3   1  -2  -2   2   0   1  -1   0  -2    5   5  11   7   0   4  10   7   2   2   2   7   1   2   9   8   9   1   4   3  0.16 0.15
  308 M    -1   0  -1   4  -1  -1   0  -1  -1  -2   1  -1   0  -1   1  -1  -2   2   0  -1    6   5   4  22   1   2   6   6   1   2  11   4   2   3   7   4   3   3   3   5  0.22 0.15
  309 S     0  -1   1   2  -1   1   1   0   3  -2  -1   0  -1  -1  -1   1   0   0  -1  -1    7   4   6  11   1   5  10   6   6   2   6   5   2   3   3   9   6   1   2   5  0.10 0.08
  310 T    -1   0   0   0   2   0   0  -1   2   0  -1   0   2   1   0  -1   0   4   1  -1    5   5   5   5   5   5   5   5   5   5   5   5   5   5   5   5   5   5   5   5  0.09 0.08
  311 I    -3  -3  -3  -6  -5  -5  -3  -4   1   0   0  -4  -1   2  -3  -3  -2   7   7   1    3   2   2   0   0   0   2   2   3   5  10   1   2   7   2   2   3  14  33   9  1.07 0.60
  312 V    -2   1  -1  -2  -5  -1  -1  -3   0  -1   1   5   3  -2  -2  -3  -2  -1   1  -2    4   7   2   2   0   3   3   2   2   3  11  37   6   2   2   1   2   1   5   2  0.52 0.40
  313 D    -2  -3   1   1  -5  -2  -1  -2  -1  -6  -5  -1  -5  -6   2   4   4  -6  -2  -5    2   1   5   8   0   2   3   3   1   0   1   4   0   0  11  33  22   0   2   0  0.74 0.57
  314 E     2  -1   0  -2  -4  -2  -2  -1  -1   0  -1   0  -1  -2   3   1   1  -2  -2   0   18   2   4   2   0   1   2   5   1   6   6   5   2   1  16   9   9   1   1   8  0.22 0.23
  315 N     0   2   0   2  -2   1   2  -1   1  -3  -3   1  -2  -3  -1   0   1  -2  -2  -2    7  11   4  11   1   6  13   5   4   1   2  10   1   1   3   7   9   1   1   2  0.22 0.22
  316 E    -1  -1  -2   2  -6   2   4  -2   1  -3  -3  -1  -1  -1  -5   0   1   3   0  -2    5   3   1  11   0   8  31   3   4   1   2   3   1   3   0   5   7   4   4   4  0.47 0.40
  317 I    -2  -5  -3  -6   1  -3  -3  -5  -2   3   4  -1   1   0  -3  -4  -3  -1  -2   2    3   0   1   0   3   1   2   1   1  19  37   5   3   4   2   1   1   1   1  13  0.63 0.41
  318 I     0   0   0  -2   2   1  -2  -3  -2   0   0   0   1   1   1   0   0   4   1   0    6   6   6   0   6   6   0   0   0   6   6   6   6   6   6   6   6   6   6   6  0.11 0.15
  319 E    -1   3   0   0   2   2   0  -2   2  -2  -3   0   1   1  -2  -1   0   4   1  -2    5  14   4   5   4   9   7   4   5   3   3   5   3   5   3   4   5   5   4   3  0.22 0.17
  320 E     0  -1   1   0   0   1   0  -1   1   0   0   1   3  -1  -3   0   0   2   0  -1    6   3   6   5   2   6   7   5   3   4  10   9   9   3   0   6   7   3   3   3  0.08 0.12
  321 L    -2  -5  -6  -6  -5  -5  -6  -6  -6   1   5  -1   2   2  -6  -5  -2  -5   1  -1    4   0   0   0   0   0   0   0   0   8  60   4   4   7   0   0   3   0   4   4  1.13 0.58
  322 V     1  -1  -2  -2   1  -1  -1  -1  -4   3   0  -2   0  -2  -3  -1   0  -5  -2   4   12   3   2   2   2   2   4   4   0  19   6   2   2   2   1   3   4   0   1  27  0.33 0.26
  323 Q    -2   1   1   4  -2   1   2  -2   1  -3  -3   1  -2  -2  -4   0  -1  -5  -1  -2    3   8   6  28   1   6  11   3   3   1   2   7   1   1   0   7   4   0   2   4  0.40 0.31
  324 T     1  -3  -1  -4   4  -3  -3  -3  -2   3  -1  -2   1  -2  -4   0   3  -4  -2   2   11   1   3   0   9   1   1   2   1  17   3   3   4   1   0   6  19   0   1  17  0.40 0.32
  325 I     2   0  -1  -4   1  -2  -4  -3  -4   1  -1  -1   0  -1  -4  -2  -1   1  -4   5   16   5   4   0   3   2   0   1   0   8   5   3   2   3   0   3   4   2   0  38  0.49 0.37
  326 S     2  -2   0  -1   0  -1  -1  -1  -1  -3  -4  -1  -2  -5  -4   5  -1  -5  -2  -1   17   2   3   3   2   2   4   5   1   1   2   3   1   0   0  46   2   0   1   4  0.66 0.50
  327 L    -2   3   0  -2   3  -2  -2   0   1  -3  -1   4   0   0  -5  -2  -3   3  -1  -3    2  16   4   2   7   1   1   7   4   1   7  30   3   3   0   2   1   5   2   2  0.54 0.41
  328 G    -4  -3   4   1  -3  -3  -4   6  -3  -8  -8  -3  -7  -7  -4  -3  -4  -2  -7  -7    1   1  21   7   1   1   1  61   1   0   0   1   0   0   1   1   1   1   0   0  1.61 0.79
  329 G    -1  -4  -3  -6   1  -6  -6   7  -6  -3  -7  -4   0  -7  -6  -2  -4  -7  -7  -3    6   1   1   0   3   0   0  77   0   2   0   1   2   0   0   2   1   0   0   2  1.85 0.86
  330 N    -5  -3   8  -3   0  -2  -5  -4  -2  -3  -5  -3  -6  -5  -6  -3  -1  -7  -1  -3    1   2  76   1   2   1   0   1   1   2   2   1   0   1   0   1   4   0   3   3  2.10 0.97
  331 Y     0  -2  -2  -3   3  -2  -2  -3   2   1   0  -2   2   2  -3   0   0   4   2   1    8   0   0   0   8   0   0   1   8   8   8   0   8   8   0   8   8   8   8   8  0.20 0.16
  332 L    -1  -2  -1  -2   1  -1  -3  -3  -3   1   4  -1   2  -1  -3  -1  -1  -3  -2   0    5   0   3   3   3   3   1   1   0   3  55   3   5   0   0   3   4   0   0   4  0.35 0.24
  333 L    -1  -3  -4  -4  -2  -3  -3  -4  -3   2   4  -3   2   1  -1  -3  -2   2   1   1    4   0   0   0   0   0   1   1   0  15  48   0   5   6   4   1   0   3   4   7  0.44 0.23
  334 N    -1  -1   6   1   0  -2  -2   0   0  -2  -3  -1   1  -4  -3   0  -1  -4  -3  -2    3   2  53   7   2   0   0   6   2   2   2   3   4   0   0   7   2   0   0   2  0.71 0.37
  335 I    -1  -3  -2  -4  -2  -3  -3  -4  -3   4   0  -1   1   0  -3  -3  -1   3  -1   4    3   0   2   0   0   0   0   1   0  34   6   4   2   4   0   1   3   4   2  32  0.50 0.28
  336 G     0  -3   0  -2  -1  -3  -2   6  -3  -3  -3  -2  -3  -2   1  -1  -1  -4  -1  -3    5   0   5   1   2   0   1  61   0   1   2   1   0   2   7   3   3   0   2   2  0.83 0.36
  337 P     0  -1  -1  -2  -2   1  -1   0  -2   1   0   0   2  -2   2   0   1  -3  -2   1    9   0   0   0   0   9   1   9   0   9   9   9   9   0   9   9   9   0   0   9  0.10 0.09
  338 N    -2   1   1   2   0  -1  -1  -2   0  -4  -2   3   3  -2  -2  -1   2  -5  -1  -2    2   9   6  13   2   3   2   2   2   0   5  18   8   2   2   4  15   0   2   2  0.30 0.29
  339 K     2  -2  -2  -2   0   0  -2   1   0  -2  -2  -1  -1  -2   5  -1  -2   4  -1  -2   18   2   2   2   2   5   2   9   2   2   4   4   2   2  26   5   2   6   2   2  0.48 0.35
  340 D    -1  -1   2   6  -5  -1   2  -3   1  -4  -4  -2  -2  -3  -4   1  -1  -1  -2  -5    5   3  11  40   0   2  11   1   3   1   2   2   1   1   0   9   4   1   1   0  0.77 0.43
  341 G    -2  -2  -4  -2  -6  -5  -5   7   2  -6  -6  -5  -6  -6  -6  -4  -5  -6  -6  -6    3   3   0   3   0   0   0  81   5   0   1   0   0   0   0   1   0   0   0   0  2.06 0.81
  342 V     0   2  -1   0  -2   1   1  -2  -1  -1  -3   1  -1  -4  -1   1   3   0  -1  -1    9  10   2   4   1   7   8   3   1   3   2   6   1   0   2  13  21   1   2   3  0.22 0.21
  343 I    -4  -5  -5  -6  -4  -2  -5  -6  -1   6   1  -5   2   3  -3  -5  -2   2  -1   1    1   0   0   0   0   2   0   1   1  49  10   0   5  10   2   1   2   3   2   9  1.09 0.49
  344 V    -1  -2   0   3  -2  -1  -1  -4   1  -1  -4  -4  -3  -4   6  -2  -2  -6  -3  -1    4   2   5  13   1   2   4   1   3   4   2   1   1   1  43   4   3   0   1   4  0.98 0.54
  345 P     0  -3  -2   2  -2   1   2  -2  -1  -3  -2  -1  -2  -4   5  -1  -2  -2  -2  -1    8   1   1  10   1   7  16   3   1   1   4   4   1   1  27   5   2   1   1   5  0.52 0.36
  346 I     0   0  -2   0  -4   0   3  -1  -1   2  -1   0  -1  -1   1  -1  -1   1  -1   0    7   4   2   5   0   4  20   4   2  14   5   6   1   3   7   3   3   2   2   7  0.15 0.17
  347 F     1  -4  -2   0  -1   4   2  -4   1  -1  -3  -3   3   2  -3   1  -2  -4   1  -2   10   0   1   5   1  20  15   1   3   3   2   0   8   9   1   9   2   0   5   3  0.44 0.35
  348 Q     0   1  -3  -2  -2   3   2  -3  -3   2  -1   1   0  -2  -4  -2  -1  -2   1   2    9   7   0   2   1  13  14   1   0  10   6   7   2   1   0   2   4   1   6  14  0.25 0.25
  349 E     0   1   0   2  -2   2   4  -2  -1  -4  -4   1  -3  -4  -3   0   0  -3  -3  -4    8   8   3  10   1   8  29   3   1   1   1   9   0   1   1   6   7   0   1   1  0.48 0.36
  350 R    -2   5   0  -4  -3  -2  -3  -3  -3   2   0  -2  -2  -2  -2  -1   0  -6  -1   1    3  36   5   1   1   2   2   2   0  14   7   1   1   2   2   5   5   0   2  10  0.59 0.41
  351 L    -4  -7  -7  -2  -2  -7  -7  -8  -7   0   6  -7   2   1  -5  -7  -4  -2  -2  -2    2   0   0   2   1   0   0   0   0   5  73   0   4   5   1   0   1   1   2   3  1.54 0.75
  352 L     0   3  -1   0  -5   1   1  -2   0  -2   1   3  -1  -3  -4   0  -1  -5  -2  -3    8  19   3   6   0   5   9   2   2   2  16  15   1   1   0   5   3   0   1   2  0.31 0.26
  353 A     1  -1  -1   2  -5   3   4   1  -2  -3  -4   0  -4  -4  -3  -1  -2  -2  -2  -2   10   4   2  10   0  12  28  13   1   1   1   5   0   1   1   3   2   1   1   3  0.49 0.38
  354 V    -1  -6  -5  -7  -3  -6  -6  -5  -6   5   2  -6   6   0  -6  -4  -3  -6  -3   2    5   0   1   0   1   0   0   1   0  34  17   0  18   4   0   1   2   0   1  14  1.08 0.56
  355 G     0  -4  -5  -6  -6  -6  -4   7  -1  -7  -7  -3  -6  -7  -6  -2  -3  -2  -7  -7    6   1   0   0   0   0   1  82   1   0   0   2   0   0   0   2   2   1   0   0  2.10 0.91
  356 K     1   2   0   3  -5   2   2  -2  -1  -4  -3   3  -3  -5  -4   0  -1  -2  -3  -2   14  10   3  15   0   8  13   2   1   1   2  17   0   0   0   6   4   1   1   2  0.39 0.30
  357 W    -6  -4  -6  -8  -4  -7  -6  -5  -4  -7  -5  -6  -4  -1  -8  -7  -7  13   1  -6    1   1   1   0   0   0   1   1   0   0   1   1   0   3   0   0   0  83   4   1  4.22 1.52
  358 L    -4  -4  -3  -7  -5  -5  -6  -7  -3   2   5  -6   7  -2  -6  -5  -2  -1  -3   0    1   1   2   0   0   0   0   0   1   9  52   0  23   2   0   1   3   1   1   5  1.33 0.66
  359 Q     0   2   1   1  -5   2   0  -1   0  -4  -4   4  -3  -3  -3   1  -1  -2  -4  -4   10  10   6   8   0   8   6   4   2   1   1  29   0   2   1   9   3   1   0   1  0.46 0.34
  360 I     0   1  -2  -2  -3   0  -1  -3   0   2   0   1   0  -1  -2  -2   1  -2  -2   3    6   7   1   2   0   5   3   1   3  13   8  11   2   2   2   2   8   0   1  22  0.19 0.20
  361 N    -3  -3   7  -4  -1  -2  -2  -4   5  -4  -6  -4  -6  -2  -6  -1  -4  -3   3  -3    2   1  57   0   1   2   2   1  11   1   1   1   0   2   0   5   1   0  11   2  1.56 0.78
  362 G     0  -1  -2  -3  -4   0  -2   6  -3  -6  -6   0  -6  -6  -2   0  -4  -6  -4  -6    6   4   1   1   0   4   3  61   1   0   1   5   0   0   2   7   1   0   1   0  1.23 0.62
  363 E    -2  -2  -2   2  -5  -1   7  -3  -1  -5  -4  -2  -4  -6  -2  -1  -3  -7  -5  -4    4   2   1  11   0   2  61   2   1   1   2   2   0   0   2   4   1   0   0   2  1.28 0.72
  364 A     5  -3  -2  -5   3  -5  -5   0  -5  -4  -5  -5  -3  -3  -5   3  -2  -6  -6  -3   54   1   2   0   5   0   0   7   0   1   1   0   1   1   0  23   2   0   0   2  1.15 0.66
  365 I    -5  -7  -7  -8  -6  -7  -7  -8  -7   7   0  -7  -2   1  -7  -6  -2  -7  -3   4    0   0   0   0   0   0   0   0   0  63   5   0   1   5   0   0   2   0   1  22  1.77 0.79
  366 Y    -5  -1  -4  -4  -7  -5  -3  -6   2  -2  -5  -4  -4   4  -6  -5  -4  -2   9  -4    1   4   1   1   0   0   2   1   4   3   1   1   0  13   0   1   1   0  66   1  2.21 0.98
  367 A    -1  -3   2   2  -4  -2   1   5  -3  -7  -7  -1  -6  -7  -3  -1  -1  -6  -5  -6    5   1  11   9   0   2   9  50   1   0   0   3   0   0   1   4   3   0   0   0  0.99 0.54
  368 S     0  -3  -4  -3   0  -5  -5  -3  -6  -4  -5  -5  -5  -2  -6   2   7  -7  -6  -1    7   1   0   1   2   0   0   2   0   1   0   0   0   2   0  16  62   0   0   4  1.46 0.80
  369 K    -3   5  -2  -1  -4   1   0   0   0  -4  -5   3  -3  -5  -5   0   1  -1  -2  -2    2  35   1   3   0   6   5   7   2   1   0  15   1   0   0   8   9   1   1   3  0.66 0.44
  370 P     2  -1  -4  -4  -3  -3  -4   1  -3  -4  -5  -3  -3   0   7  -1  -3  -6   1  -3   14   4   1   1   0   1   1  10   1   1   1   1   1   4  48   4   2   0   5   2  1.16 0.62
  371 W    -1  -4  -1  -4   1  -5  -4   1  -2  -3  -2  -5  -2   0  -4   1   0  10   1  -3    5   1   3   1   3   0   1  11   1   2   4   0   1   3   1   9   7  41   3   2  1.50 0.69
  372 R     0   1  -1  -1  -4  -2   0  -1   0   0  -2   1  -1   0   4   0   0   1   0  -1    8   8   2   4   0   1   5   5   2   6   4   7   1   4  22   6   6   2   3   4  0.24 0.19
  373 V    -1  -1  -2  -3  -2   0  -2  -2   0   2   1  -1   0   3   0  -1   0   0   2   1    4   4   1   1   1   4   3   3   2  11  12   3   1  15   6   3   5   1   8  12  0.16 0.15
  374 Q     1  -1  -2  -1  -1   3  -1   0   0  -2  -2   0  -1   2   2   0   0   1   3  -2   11   2   1   3   1  13   2   7   2   2   4   4   1   8  11   7   5   2  10   3  0.20 0.20
  375 S     0  -1   2  -2  -1   0   0   2   0  -2  -2   1  -1  -2   2   0   1  -2  -1  -2    8   3  10   1   1   4   5  18   2   2   4   8   1   2  10   8   8   0   2   3  0.18 0.16
  376 E    -1  -2  -2   3  -3   3   4  -1  -1  -4  -2  -1  -2   0   1  -1  -1   1  -1  -4    6   2   1  14   0  13  25   5   2   1   4   2   1   4   8   5   3   2   3   1  0.42 0.33
  377 R    -1  -1   0   1  -3  -1   1   3  -1  -3  -2  -1  -2   0   1   0   1   2   0  -3    4   3   4   9   1   2   8  21   1   1   4   4   1   5   8   8   9   3   3   1  0.20 0.18
  378 N    -1  -1   2   1  -5  -2   0   2  -2  -3  -2  -1  -3  -1   2  -1   0   7  -1  -2    4   3   9   8   0   2   6  14   1   2   5   4   1   2  11   4   5  14   2   3  0.41 0.29
  379 K    -1  -2   1   1  -2  -1  -1   3  -1  -4  -3   0  -3  -3  -3   1   2   5  -2  -3    5   2   6   7   1   3   4  22   1   1   2   6   1   1   1  12  14   7   1   2  0.37 0.28
  380 T     0  -1   0   0   0   0   0   2  -1  -1  -1   0  -1  -1   1   0   0  -2  -1   0    6   3   5   5   2   5   5  19   1   5   5   7   1   3   7   6   6   1   2   7  0.09 0.08
  381 V     0  -1   1   2  -1   0   0  -1  -1  -1  -1  -1  -1   0   1   1   0   2   0   0    7   3   7  14   1   3   4   5   1   4   7   2   1   3   6  10   6   3   4   6  0.08 0.09
  382 V     0  -2  -2  -3   0  -2  -3  -1  -3   2   1  -2   0   2  -3  -2   0   1   0   4    6   2   2   1   2   2   2   5   0  14  12   2   2   8   1   2   5   2   3  26  0.29 0.18
  383 W    -2   6  -3  -3  -1  -2  -2  -2  -1  -3  -3  -1   0  -1  -1  -1   0   7   2  -3    4  36   1   1   2   1   2   3   2   1   3   4   3   3   4   4   6  13   6   2  0.82 0.41
  384 Y    -1  -2  -3  -4   1  -1  -3  -3  -1   0  -1  -2  -1   6  -3  -2  -1   1   6   0    6   2   1   1   3   3   2   2   1   4   5   2   1  27   1   3   4   2  24   6  0.77 0.37
  385 T    -3  -4  -2  -4  -4  -5  -3  -4  -5  -5  -3  -4  -6  -6  -4  -1   8  -7  -6  -3    2   1   2   1   0   0   2   2   0   1   3   1   0   0   1   4  78   0   0   2  2.04 1.00
  386 T     0   3  -2  -3  -1   3  -1  -2   0  -3  -3   1  -2  -2  -1   1   2  -2  -1   0    8  16   1   1   1  12   3   2   2   1   2   9   1   2   2  12  15   1   3   6  0.32 0.30
  387 K    -3   2   2   1  -5  -1  -3  -2  -2  -7  -5   6  -5  -7  -4  -1   1  -7  -6  -5    2  10  10   8   0   2   1   3   1   0   1  47   0   0   1   4   8   0   0   1  1.09 0.64
  388 D    -2  -2   1   3  -5  -2   1   5  -2  -7  -7   0  -5  -4   2  -3  -2  -7  -6  -6    3   2   7  18   0   2   9  37   1   0   0   7   0   1   9   1   2   0   0   0  0.86 0.53
  389 S    -3  -1   5   3  -7  -2  -1   2   0  -7  -6   2  -5  -6  -4   1   1  -7  -6  -6    1   3  25  18   0   2   4  15   3   0   0  12   0   0   1   8   7   0   0   0  0.77 0.50
  390 A     1   1   0  -2  -1  -2  -3  -4   0  -1  -2   3  -3  -3  -5   1   4  -6  -1   0   13   8   5   2   1   2   0   0   2   3   3  16   1   1   0   9  26   0   3   5  0.44 0.37
  391 V    -3  -4  -7  -6  -3  -6  -6  -5  -5   3   4  -5  -1   2  -7  -5  -2   0  -1   4    2   1   0   0   0   0   0   1   0  14  39   1   1   9   0   0   2   1   2  25  0.95 0.52
  392 Y    -8  -8  -3  -9   2  -8  -8  -9  -3  -6  -6  -8  -7   3  -9  -8  -6  -1  10  -7    0   0   2   0   3   0   0   0   1   1   1   0   0   9   0   0   0   1  82   0  3.26 1.36
  393 A     4  -6  -6  -7  -3  -6  -6  -3  -6   2   4  -6   0  -2  -6  -3  -4  -6  -2   2   33   0   0   0   0   0   0   2   0  11  33   0   2   1   0   2   0   0   2  13  0.91 0.55
  394 T    -4  -6  -4  -7  -4  -3  -5  -4   8   4  -1  -6   0   4  -7  -3   0   1   0  -2    1   0   1   0   0   1   0   1  32  25   5   0   2  17   0   2   5   2   2   2  1.38 0.70
  395 F     0  -5  -4  -4   2  -3  -5  -5  -2   2   1  -5   1   2  -3  -1  -2  -2   0   4    8   0   1   1   4   1   1   1   1  12  14   0   3  10   1   4   2   1   3  33  0.58 0.37
  396 L    -4  -1  -4  -4  -1  -3  -3  -6  -1  -1   4  -3   3   4  -2  -2   0   0   1  -2    1   3   1   1   1   1   2   0   2   2  38   2   7  19   2   2   7   1   4   2  0.69 0.43
  397 H    -1   0   2   3  -5   0   1   1   2  -4  -4   2  -2  -3  -1   0  -1  -5  -1  -3    5   4   9  20   0   4  10  10   4   1   1  11   1   1   2   8   4   0   3   1  0.33 0.26
  398 W    -2   1  -2  -3  -4  -1  -1  -3  -4  -2  -3   0  -3  -2  -1  -4  -1  11   1  -1    4   7   2   2   0   3   4   3   0   2   3   5   1   1   4   1   4  45   4   4  1.67 0.77
  399 P    -3  -5  -3  -3  -5  -2  -2  -3  -4  -4  -4  -3  -6  -4   8  -2  -3  -5  -3  -4    2   1   2   2   0   2   3   2   1   1   2   2   0   1  70   4   2   0   1   1  1.99 0.94
  400 E     1  -1   0   0  -4   1   3   0   0  -2  -2   1  -2  -3  -1   1   0  -3  -2  -2   11   3   3   6   0   6  18   8   2   2   4  10   1   1   3  10   7   0   1   3  0.19 0.19
  401 D    -1  -1   3   4  -4   0   1   2  -2  -4  -5  -1  -4  -4  -2   2   0  -3  -4  -4    4   3  14  24   0   3   7  15   1   1   1   3   0   1   2  13   5   0   1   1  0.53 0.38
  402 G    -2   1   2   1  -3   0   0   4  -2  -5  -5   1  -4  -4  -1   0   0  -6  -3  -5    3   7   9   7   1   3   5  34   1   0   1   9   0   1   3   8   6   0   1   1  0.54 0.37
  403 V    -2   1  -1  -1  -2   2   2  -3   0   0  -1   2  -2  -1  -1   0   2  -3  -1   0    3   8   3   3   1   8  12   1   2   5   6  13   1   3   2   6  14   0   3   8  0.16 0.19
  404 V    -2  -5  -4  -6  -3  -5  -2  -5  -3   4   4  -4  -1   2  -5  -5  -1  -6  -3   2    3   0   1   0   0   0   3   1   1  20  42   1   1   7   0   1   4   0   1  14  0.88 0.49
  405 N    -1   1   0  -1   0  -1   0  -3   0   1   0   0  -1   0  -1   0   2  -2   0   1    4   9   6   2   2   2   6   1   3   9   7   7   1   4   2   7  14   0   3  12  0.09 0.12
  406 L    -4  -4  -6  -7  -5  -5  -5  -6  -5   4   5  -5  -1   0  -4  -3  -1  -2  -5   3    1   1   0   0   0   0   1   0   0  23  44   0   1   3   1   3   3   1   0  16  1.04 0.56
  407 Q    -1   1   0   0  -4   0   0   1  -1  -2  -2   2  -4  -4   4   0   0  -3  -4  -3    6   9   3   5   0   4   6  10   2   3   3  13   0   1  18   8   5   0   0   2  0.29 0.25
  408 S     1   0   0   0   0  -1  -1   3  -1  -1  -1  -2  -1  -3   0   2   0  -3  -3  -2   10   4   5   5   2   3   3  22   1   4   7   2   1   1   5  16   5   0   0   3  0.21 0.20
  409 P    -2  -3  -4  -3  -3  -4  -4  -2  -4   2   3  -4  -1  -1   4  -4  -2  -3  -2   2    3   1   1   1   1   1   1   3   0  11  31   1   1   3  22   1   3   0   1  13  0.69 0.43
  410 K     0   0   1   0  -2  -1   0   1   0  -1  -1   2  -1  -1   3  -1  -1  -3  -2  -2    7   4   7   4   1   3   5  11   2   3   6  15   2   3  15   5   3   0   1   3  0.19 0.17
  411 M     1  -1   1   0  -1  -1  -1  -1  -1   1   0  -1   0  -1   1   0   0   0   0   0   14   3   7   4   1   3   3   5   1   8  12   4   2   3   7   6   7   1   3   6  0.03 0.05
  412 T     0  -1   3  -1  -4  -1   0   0  -3  -2  -1   2  -1  -3  -1   1   2  -2  -3  -1    7   3  13   3   0   2   5   9   0   2   7  11   1   1   4  11  15   1   1   4  0.21 0.22
  413 S     0   1   1   0  -6   1   0  -1  -1  -3  -4   3  -3  -5   3   1  -1  -3  -4  -1    7   6   6   5   0   6   7   5   2   1   1  20   1   0  13  10   4   0   0   5  0.35 0.30
  414 A     0  -2  -1  -2  -4  -1  -3   1  -4   4   0   0  -3  -2   0  -2  -2  -6  -4   3    7   2   3   2   0   3   2  13   0  22   7   6   0   2   6   3   2   0   0  20  0.35 0.28
  415 T     0   1  -1   1  -4  -1   0  -3  -4  -2  -2   3  -1  -5  -4   1   3  -6  -4   0    8   6   3   9   0   3   5   1   0   2   5  18   1   0   1  12  20   0   0   6  0.37 0.33
  416 K     0   2   0  -2  -3   1   1  -2  -2  -3  -5   3  -5  -5  -4   3   1  -1  -2  -2    8  11   4   2   0   5   9   3   1   1   0  17   0   0   0  22   9   1   2   3  0.46 0.38
  417 I     3  -5  -7  -6  -1  -4  -6  -6  -5   4  -2  -5  -2  -3  -6  -3  -4  -3  -1   5   22   1   0   0   2   1   0   0   0  22   3   1   1   1   0   2   1   0   2  40  1.18 0.65
  418 T    -2   2  -2  -3  -3   1   1  -4  -1  -2  -2   1  -2  -2  -4   2   4  -2   2  -1    2  11   1   1   1   5   9   1   1   2   4  10   1   2   1  14  22   1   7   4  0.39 0.35
  419 M    -2  -4  -4  -3  -2  -4  -5  -7  -4   1   5  -6   4   1  -7  -3  -5   2  -4   1    3   1   1   2   1   1   1   0   0   7  53   0   9   5   0   2   1   3   0  11  1.05 0.58
  420 L    -4  -6  -6  -2  -7  -6  -7  -6  -4   0   6  -7   0  -2  -5  -4  -2  -7  -5   0    2   0   0   3   0   0   0   1   0   5  73   0   2   2   1   2   3   0   0   7  1.55 0.79
  421 G     1  -2   0   1  -3  -3  -2   6  -1  -6  -5  -4  -4  -6  -4  -1  -2  -7  -4  -5   12   3   5   9   1   1   2  53   2   1   1   1   0   0   1   4   3   0   1   1  1.10 0.61
  422 M    -1  -2   2   1  -2  -1  -2   1   2  -3  -3  -1  -1  -2  -2   2   3  -3   2  -2    4   2  10   9   1   3   2   9   6   1   2   3   2   2   2  15  18   0   7   2  0.32 0.30
  423 E    -2  -1   2   3  -4  -1   1   4  -1  -5  -6   1  -5  -6   0   1  -3  -6  -4  -6    3   3  10  14   0   2   7  29   1   1   1   9   0   0   6  11   1   0   1   0  0.60 0.41
  424 G     0   0  -1  -1  -2   3   2   3  -2  -2  -4   2  -4  -5  -4   0   0  -6  -4  -2    9   4   2   4   1  11  15  21   1   2   1  14   0   0   0   6   5   0   1   2  0.41 0.34
  425 E     0   0   1  -1  -3   1   2  -4  -1  -4  -5   3  -4  -5   4   0   1  -6  -2  -2    9   5   6   4   1   6  12   1   1   1   1  16   0   0  19   7   8   0   1   2  0.47 0.38
  426 L    -3  -6  -6  -7  -1  -6  -6  -6  -5   3   5  -4  -1  -2  -3  -5  -3  -4  -6   4    3   0   0   0   1   0   0   1   0  14  49   1   1   2   2   1   2   0   0  22  1.14 0.62
  427 H    -1   0   0   1  -4   1   1  -3   0  -3  -1   3  -3  -4   2   1   2  -6  -5  -2    6   5   5   7   0   5  10   1   2   1   5  17   0   1  10  11  11   0   0   3  0.28 0.28
  428 W    -3  -4  -6  -7  -4  -4  -3  -4  -3  -1  -3  -3  -4   6  -4  -4  -3  10   3   1    2   1   0   0   0   1   2   1   1   3   3   2   0  26   1   2   2  32  10   8  1.71 0.82
  429 T    -1   1  -1  -2  -4  -1   2  -4   1  -1  -3   3  -2  -3  -3   2   3  -1  -1  -1    5   6   3   2   0   3  13   1   3   4   2  17   1   1   1  13  18   1   2   4  0.36 0.33
  430 Q    -1   2  -2  -2  -4   6   0  -4   2  -2  -2   0   0  -2  -1  -1  -1   0   0   0    5  12   2   2   0  31   5   1   4   2   4   6   2   2   3   5   4   1   3   6  0.54 0.42
  431 D    -1   0   2   3  -3   0   1  -3  -1  -1  -1   0  -2  -4  -5   1   2  -3  -4  -2    4   5  11  18   0   4  10   1   1   3   7   6   1   1   0  11  12   0   0   3  0.33 0.30
  432 P     1  -2   1   2  -5  -1   1   3  -1  -4  -4   1  -3  -5   1   1   0  -6  -4  -3   11   2   8  11   0   2  10  20   1   1   1   8   0   0   7  11   6   0   0   2  0.36 0.30
  433 L     0  -1   1   2  -2   0   1   2   1  -3  -2   0  -1  -2   0   0   0  -2  -2  -2    8   3   8  14   1   3   9  17   4   2   4   6   2   2   4   6   5   0   1   3  0.18 0.14
  434 E    -2   1   2   3  -5   1   2   2   0  -5  -4   2  -4  -3  -1   1  -1  -5  -4  -4    2   7   9  17   0   6  11  14   2   0   2  11   0   1   3   8   3   0   1   1  0.39 0.29
  435 G    -1   0   0   0  -4  -1  -1   5  -2  -2  -1  -1  -2  -4  -3  -2  -1  -1  -3  -1    5   5   5   5   0   3   4  43   1   3   6   3   1   1   1   3   4   1   1   6  0.57 0.33
  436 V    -4  -4  -5  -6  -3  -5  -5  -7  -4   3   5  -5   1  -1  -3  -4  -1  -1  -1   3    1   1   1   0   1   1   1   0   0  16  46   1   3   2   1   1   4   1   2  16  0.96 0.53
  437 L    -2   0  -1  -2  -4   0   1  -4   2   2   0  -1   0  -1  -4  -1   3  -1  -2   2    3   6   2   2   0   4  10   1   5  11   9   4   2   3   0   4  17   1   1  15  0.23 0.23
  438 I    -5  -5  -5  -8  -5  -5  -6  -7  -5   6   1  -5  -3  -2  -8  -4  -4  -2  -6   5    1   1   1   0   0   0   1   0   0  45  13   1   0   2   0   1   1   1   0  31  1.52 0.75
  439 T    -1   0   0   3  -4   2   1  -1   1  -2  -3   0  -2  -3  -3   1   3  -4  -2  -2    4   4   5  14   0   8  10   4   4   2   2   6   1   1   1  11  19   0   1   2  0.32 0.30
  440 L    -4  -4  -5  -6  -6  -5  -6  -6  -3   2   5  -6   2   1  -3  -4  -3  -6  -5   3    1   1   1   1   0   0   0   1   1  10  51   0   4   5   2   1   2   0   0  19  1.11 0.59
  441 P    -4  -5  -4  -3  -7  -4  -3  -3  -7  -4  -7  -6  -7  -7   8   0  -2  -7  -4  -5    2   1   1   2   0   1   2   2   0   1   1   1   0   0  75   7   3   0   1   1  2.32 1.13
  442 Q     2  -1   0   1  -3   1   2  -1  -3  -3  -3   2  -2  -3   1   0  -1  -4  -1  -1   15   3   5   8   1   7  16   4   0   1   3  11   1   1   6   7   4   0   2   4  0.23 0.22
  443 L     0   0   0   0  -3   1   1  -2  -1   1   0   1   0  -3  -2   0   1  -1  -1   0    7   5   5   4   0   7  10   2   1   9  12  10   2   0   1   8   8   1   2   5  0.09 0.11
  444 P     2   0   0  -1  -1  -1  -1  -3  -1  -1  -1   0   0  -3   4   0   0  -4  -2  -2   20   5   4   3   1   3   4   2   1   3   7   7   2   1  21   6   6   0   1   3  0.31 0.25
  445 P     0   0  -2  -1  -5  -1  -2  -2  -4   0  -2  -1  -2  -2   6  -1  -2   0  -4  -1    8   4   2   4   0   3   3   3   0   6   5   4   1   2  40   4   3   1   1   5  0.74 0.44
  446 G    -1  -1   3   5  -5   0   0   1   1  -4  -4  -1  -3  -4  -3   0   0  -4  -3  -3    5   3  11  34   0   4   6  11   3   1   2   3   1   1   1   7   5   0   1   2  0.64 0.41
  447 T     0   0   1   1  -3   1   1  -1   0  -2  -2   2  -1  -3   1   0   1  -4  -3  -1    9   4   6   9   0   8  10   3   2   3   4  11   1   1   8   7   7   0   1   4  0.17 0.16
  448 F    -1   0  -2   0  -1  -1  -2  -3   0   2   2  -1   2   2  -2  -1  -1  -2   2   1    4   4   1   5   1   2   2   2   2  12  24   3   6   7   2   4   3   1   6   8  0.18 0.13
  449 P     0   0  -1  -1  -3   0  -2   0  -2  -2  -2   0  -2  -2   6   0   0  -2  -2  -2    9   5   3   3   0   4   2   7   1   2   4   5   1   2  37   7   5   1   1   2  0.65 0.35
  450 V    -1  -1  -1   0   5  -2  -1   0  -2   0  -1  -2  -2  -2  -1   1   0  -1   0   2    4   3   3   6  12   2   3   7   1   6   5   2   1   2   3  12   5   1   3  18  0.20 0.17
  451 E    -1   0   0   3  -2   2   2  -1  -2  -3  -3   2  -3  -3   0   1  -1  -2  -3   0    5   5   5  15   1  11  15   4   1   1   2  11   1   1   4   9   3   1   1   6  0.28 0.21
  452 S    -1  -2  -1   0  -1  -2  -2  -3   5  -1  -1  -3  -3   1   0   0   1   5   5  -3    5   2   3   5   1   1   2   2  13   3   5   1   0   5   5   7   9   7  20   2  0.51 0.33
  453 A     5  -4  -5  -4  -1  -4  -5   0  -5   0  -3  -3  -3  -5  -1  -2  -3  -6  -5   3   52   1   0   1   1   1   0   6   0   4   2   1   1   0   4   2   1   0   0  21  1.04 0.60
  454 W    -3  -4  -4  -5  -1  -3  -5  -6   0   2  -1  -6  -3   2  -3  -2   0   9   5   0    2   1   1   1   1   1   1   0   3  11   5   0   1   7   2   4   6  30  17   7  1.33 0.66
  455 T     2  -4  -7  -7  -1  -5  -5  -3  -7  -3  -4  -6  -3  -6  -6  -2   3  -8  -6   6   17   1   0   0   1   0   1   2   0   0   0   0   0   0   0   2  15   0   0  59  1.46 0.80
  456 L    -5  -8  -8  -9  -7  -8  -8  -9  -7   4   4  -8  -3   6  -8  -7  -6  -3  -2   1    0   0   0   0   0   0   0   0   0  18  41   0   0  32   0   0   0   0   1   7  1.58 0.76
  457 K    -1   3  -5  -3  -5   0   3  -6  -6  -8  -7   7  -4  -8  -6  -4  -4  -8  -7  -3    5  16   0   1   0   4  16   0   0   0   0  54   0   0   0   1   1   0   0   2  1.51 0.81
  458 L    -5  -7  -8  -8  -6  -7  -8  -8  -8   6   4  -7   3   0  -8  -7  -4  -7  -6   2    0   0   0   0   0   0   0   0   0  43  33   0   6   3   0   0   1   0   0  14  1.53 0.72
  459 T    -1  -4  -3   2  -6  -1   5  -5  -1  -5  -6  -1  -5  -7  -5   1   4  -7  -5  -3    5   0   1  10   0   2  32   0   1   0   0   4   0   0   0  12  30   0   0   1  0.94 0.60
  460 K    -2   2   4   0  -5   0  -3   5   0  -4  -5   2  -3  -4  -3  -2  -2  -6  -5  -4    2  10  19   5   0   3   1  39   2   1   1  11   1   1   1   2   1   0   0   1  0.75 0.43
  461 V    -1  -5  -5  -6  -4  -5  -5  -6  -5   3   1  -5  -2   2  -5  -2  -1  -5  -2   6    4   0   0   0   0   0   0   0   0  15  10   0   0   8   0   3   3   0   1  56  0.97 0.45
  462 N    -3  -2   6   4  -4  -2  -1  -2   3  -5  -5  -2  -4  -5  -4   2  -2  -5  -3  -5    0   0  53  22   0   0   0   0   9   0   0   0   0   0   0  16   0   0   0   0  1.10 0.35

                      K         Lambda
Standard Ungapped    0.1359     0.3193
Standard Gapped      0.0386     0.2670
PSI Ungapped         0.1261     0.3176
PSI Gapped           0.0386     0.2670
