
Last position-specific scoring matrix computed, weighted observed percentages rounded down, information per position, and relative weight of gapless real matches to pseudocounts
            A   R   N   D   C   Q   E   G   H   I   L   K   M   F   P   S   T   W   Y   V   A   R   N   D   C   Q   E   G   H   I   L   K   M   F   P   S   T   W   Y   V
    1 M    -6  -6  -7  -8  -6  -5  -7  -8  -6  -1  -3  -6  11  -5  -7  -6  -5  -6  -6  -4    0   0   0   0   0   0   0   0   0   2   0   0  98   0   0   0   0   0   0   0  3.68 1.08
    2 P    -3  -5  -2  -5  -6   0  -4   0  -5  -4  -3  -1  -5  -6   7  -1   0  -7  -6   1    1   0   2   0   0   4   0   8   0   0   2   4   0   0  55   5   6   0   0  13  1.35 0.53
    3 R    -3   7   0  -3  -3   0   0   0  -1  -5  -4   2  -4  -5  -4  -2  -2  -5  -4  -5    0  65   4   0   1   2   4   8   1   0   0  11   0   0   0   1   1   0   0   0  1.21 0.45
    4 E    -3  -3  -3  -1  -6   2   7  -4  -3  -6  -5  -2  -5  -6  -3  -1  -4  -5  -5  -5    1   0   0   1   0   8  82   1   0   0   0   1   0   0   1   3   0   0   0   0  1.74 0.64
    5 I    -3  -5  -4  -5   4  -1  -5  -6  -2   6   1  -5   2  -2  -5  -4  -2  -5  -3   3    1   0   1   0   9   3   0   0   1  45  13   0   5   1   0   1   2   0   0  18  0.88 0.40
    6 I    -4  -6  -6  -7  -2  -6  -6  -7  -6   6   2  -6  -1  -2  -6  -5  -3  -6  -2   4    0   0   0   0   1   0   0   0   0  49  16   0   1   1   0   0   1   0   1  31  1.35 0.55
    7 T    -2  -3   0  -4   2   0  -3  -3   4  -2  -2  -3  -2   1  -3   3   4   1  -2  -1    1   0   4   0   4   3   0   1  10   1   4   0   0   6   1  22  33   2   1   5  0.56 0.39
    8 L    -4  -5  -6  -6  -1  -5  -6  -6  -6   5   3  -5   0  -1  -5  -5  -3  -5  -4   4    0   0   0   0   1   0   0   0   0  37  32   0   1   2   0   0   1   0   0  23  1.08 0.46
    9 Q    -2  -3  -1  -4   0   7  -1  -2   7  -5  -2  -3  -3   0  -3  -1  -4  -5  -2  -5    3   0   3   0   2  46   3   3  25   0   5   0   0   4   1   3   0   0   1   0  1.29 0.61
   10 L     0  -4  -4  -5  -1  -4  -4  -2  -4   4   2  -4  -1   1  -4  -3  -1  -4  -1   4    8   0   1   0   1   0   0   3   0  27  17   0   1   7   0   1   3   0   1  29  0.60 0.31
   11 G    -4  -6  -4  -5  -6  -5  -6   8  -6  -7  -7  -5  -6  -6  -6  -2  -5  -6  -6  -6    0   0   0   0   0   0   0  93   0   0   0   0   0   0   0   3   0   0   0   0  2.41 0.83
   12 Q    -5  -1  -1  -2  -7   9  -1  -1  -2  -7  -6  -1  -5  -7  -6  -4  -3  -6  -6  -4    0   2   2   2   0  79   2   5   1   0   0   3   0   0   0   1   1   0   0   1  2.18 0.94
   13 C     4  -7  -6  -7  10  -6  -6  -2  -6  -3  -5  -6  -5  -1  -4  -3  -2  -6  -2  -5   29   0   0   0  57   0   0   3   0   1   0   0   0   3   1   1   2   0   2   0  2.28 0.86
   14 G    -2  -7  -5  -6  -7  -6  -3   8  -6  -8  -8  -6  -7  -7  -6  -3  -6  -7  -7  -7    3   0   0   0   0   0   2  92   0   0   0   0   0   0   0   2   0   0   0   0  2.50 0.94
   15 N    -3  -5   7  -2   0  -5  -4  -4  -4   2  -4  -5  -5  -6  -6  -2  -1  -7  -6   2    2   0  58   2   2   0   1   1   0  13   2   0   0   0   0   2   4   0   0  15  1.46 0.73
   16 Q    -4  -1   1  -4  -4   9  -3  -5  -1  -8  -5  -2  -2  -8  -5  -2  -5  -7  -7  -6    1   2   6   1   1  76   1   1   2   0   1   2   1   0   0   3   1   0   0   1  2.22 1.05
   17 I    -3  -6  -6  -6  -2  -6  -6  -5  -6   6   2  -6   3  -2  -6  -2  -3  -6  -3   3    2   0   0   0   1   0   0   1   0  50  16   0   7   1   0   4   1   0   1  15  1.19 0.57
   18 G    -1  -4  -5  -4  -1  -2  -6   7  -7  -8  -4  -6  -7  -7  -7  -1  -3  -7  -7  -7    6   1   0   1   1   2   0  79   0   0   2   0   0   0   0   4   2   0   0   0  1.99 0.87
   19 F     0  -1   3   0   1   1   0  -2   3  -2  -1   0   0   0  -3   2  -1  -1   0  -3    9   3  13   5   3   6   7   2   8   1   7   4   2   4   1  17   4   1   3   1  0.19 0.21
   20 E     3   0  -2  -1   1   2   3  -2  -2  -4  -4   2  -2  -4  -3   1  -1  -6  -3  -3   26   5   2   3   3   8  19   2   1   1   1  12   1   1   1   9   3   0   1   2  0.43 0.35
   21 F    -3  -4  -6  -7   3  -3  -6  -6  -5   0   2  -6   1   7  -6  -5  -3   3   1   0    2   1   0   0   7   1   0   0   0   4  21   0   3  46   0   0   2   4   3   6  1.26 0.61
   22 W    -4  -4  -4  -2  -1  -6  -7  -5   1  -3   0  -7  -1   4  -4  -5  -4  11   1  -6    2   1   1   3   1   0   0   1   3   2   8   0   1  14   1   1   1  54   4   0  2.46 1.02
   23 K    -2   0   2   3  -6   3   4  -3  -1  -3  -5   2  -5  -6  -1   0  -1  -6  -5  -4    2   5   8  15   0  11  28   1   2   1   0  11   0   0   3   7   3   0   0   1  0.63 0.42
   24 Q    -1   0  -1  -2   1   1  -1  -2  -1  -1   3  -1   0  -1  -4  -1   1   1   0   0    6   5   3   2   3   6   4   3   2   2  30   4   2   3   0   4  10   2   3   7  0.18 0.20
   25 L     0  -5  -5  -5   0  -1  -5  -5  -4   3   3  -4   3   1  -5  -2  -2  -4   2   1    7   0   0   0   2   4   0   0   0  19  30   0   8   6   0   3   2   0   8   9  0.58 0.36
   26 C     1  -2  -2  -3   7  -2  -3  -3  -1   0   1  -3   0  -1  -4   1  -1   2   0  -1   14   2   2   1  24   2   2   2   2   5  14   1   2   2   0  11   4   3   4   4  0.53 0.34
   27 A     0   0   0   2  -4   3   1  -2   3  -2   0   1   0  -1  -3   1   0  -4  -1  -2    6   3   4  11   0  13  10   2   7   2   9   9   2   2   0  11   4   0   2   2  0.18 0.20
   28 E    -2   1   0   4  -5   0   4  -5   1  -1  -2   0  -4   0  -5  -1  -4  -5  -4  -1    4   6   4  23   0   4  29   0   4   4   4   4   0   4   0   4   0   0   0   4  0.60 0.39
   29 H     0  -1   1  -4   1  -1  -2  -2   7  -1   0  -1   0  -1   0  -1  -1   2   2  -2    7   3   6   0   3   3   3   3  28   3   8   3   3   3   5   5   3   3   6   3  0.52 0.34
   30 G     1  -2   1  -2   2  -1  -3   5   1  -4  -4  -2  -3  -1  -4  -1  -3  -6  -1  -4   11   3   6   3   4   3   2  45   3   1   2   3   1   3   1   5   2   0   2   1  0.79 0.49
   31 I    -1  -3  -3  -3   0  -2  -4  -7  -3   7   2  -4  -2  -3  -3  -2  -2  -1  -3   0    6   2   2   2   2   2   2   1   1  45  16   1   1   1   2   4   2   1   1   7  1.08 0.53
   32 S    -1  -2   4   4  -1   3  -2  -1   1  -5  -3  -2  -2  -2  -3   2  -1  -2  -2  -4    6   3  14  19   1  13   2   6   3   1   3   3   1   2   2  13   5   1   2   2  0.51 0.37
   33 P     0  -1   0  -2   0   1   0  -1   1  -4  -4   1  -1  -4   5   1  -1  -1  -2  -3    7   3   5   2   2   6   6   5   3   1   3   7   2   1  29  10   5   1   2   2  0.53 0.41
   34 E    -2  -1   2   5   0   0   1  -4  -1  -4  -2  -1  -3  -4  -3   1   2  -7  -2  -3    4   3   9  30   2   5   8   2   1   1   4   4   1   1   2   9  11   0   1   2  0.62 0.41
   35 G    -2  -3   0  -4   0  -3  -4   7  -3  -4  -5  -2  -7  -4  -2  -2  -3  -7  -4  -5    4   2   4   2   2   2   2  63   1   1   2   3   0   1   2   4   2   0   1   1  1.45 0.77
   36 I    -2   0   1  -2   1   3  -1  -3   0   1  -1   0   0   0  -2   1   2  -2   0   0    3   6   6   2   3  11   4   2   2   8   7   6   2   3   2  10  11   1   4   6  0.15 0.14
   37 V    -1  -1  -1  -2   0   0  -4  -3   1   0   2  -1   4   2   1   0  -2   1   4  -1    4   3   3   2   2   4   1   2   3   5  16   4   8   7   7   7   3   2  12   5  0.27 0.20
   38 E    -1   0   1   1   0   1   1  -2   1   0  -1   1  -1  -1   1   0   0  -4   0   0    5   4   6   8   2   6  10   3   4   7   5   8   2   2   6   7   4   0   4   6  0.07 0.09
   39 E     0  -1   1   3  -1   0   1   1   1  -6  -3   0  -1  -2   0   1   0   0  -1  -3    7   3   6  13   2   4   9  12   3   0   3   5   1   2   5  11   7   2   2   2  0.22 0.20
   40 F    -1   0   2   3   1   0  -1   0   0  -2  -2   0   0   1  -1   1  -1   2   1  -2    5   4   9  14   2   4   4   7   2   2   5   6   2   6   3   9   4   3   4   3  0.15 0.14
   41 A     0  -1   1   0   1   0   0  -1   2  -1  -2   1   0   0   0   1   0   2   0  -2    8   4   8   4   3   5   6   4   4   4   4   8   3   4   4  12   5   3   3   3  0.09 0.10
   42 T     0   0   0   0   2   0   0  -1   1   0  -1   0   1   0   0   0   0  -2   1   0    5   5   5   5   5   5   5   5   5   5   5   5   5   5   5   5   5   0   5   5  0.03 0.05
   43 E    -2  -2   1   2   1   0   2  -2   0  -1   0  -1  -1  -1  -1   1  -1   0   2  -2    4   3   6  12   3   4  12   3   2   4  11   4   1   3   4  10   5   1   6   3  0.14 0.15
   44 G     0   0   1   0   1   2   0   0   2  -1  -1  -1   0   1   0  -1  -1   1   2  -1    6   4   6   6   3   9   5   9   5   3   6   4   2   5   5   5   4   2   6   4  0.08 0.08
   45 T    -1   0   1   1   1   0   1  -1   1  -1   0  -1   0   1   0   0   1   2   0  -1    4   5   6  10   3   4   8   4   4   4   8   4   3   5   4   7   7   2   3   4  0.06 0.07
   46 D     0   0   0   0   2   0   0  -1   1   0  -1   0   1   0   0   0   0  -2   1   0    5   5   5   5   5   5   5   5   5   5   5   5   5   5   5   5   5   0   5   5  0.03 0.05
   47 R     0   2   2   0   1   1   0  -1   0  -3  -2   0  -1  -2  -1   2  -1  -4  -1  -3    9  13   9   5   3   6   7   3   2   2   5   6   1   2   3  17   3   0   2   2  0.19 0.22
   48 K    -1   0   0  -2   1  -1  -1  -1   0   1   0   1   0   2   1   0   0   0   0   0    4   5   5   2   3   2   2   4   3   9   7   9   2  10   7   9   4   1   3   8  0.04 0.08
   49 D    -1  -1   3   3   0   0   1   0   1  -2  -2  -1   0   0  -1   1   0   1   0  -4    3   3  14  14   2   3   9   7   3   2   3   3   3   5   4  11   5   2   3   0  0.20 0.22
   50 V     1   0   0  -3   1  -1  -1  -1   1  -1  -1   0   0   0   0   1   2   2   0   1   10   4   3   0   3   3   4   3   4   4   4   5   3   4   5  11  13   3   3  10  0.09 0.14
   51 F     0   0   0   0   2   0  -2  -1   2   0  -1   0   1   1  -3   0   0   3   1   0    6   6   5   6   5   5   0   6   5   6   6   6   5   5   0   6   6   5   5   6  0.07 0.12
   52 F    -4  -3  -3  -3   0  -2  -3  -4  -5  -2  -2  -3  -5   8  -3  -2  -2   1   3  -2    2   1   2   2   2   2   2   2   0   3   3   2   0  58   2   4   2   2   8   2  1.56 0.82
   53 Y    -2   1   2   0   0   0   0  -2   3  -2  -2  -1   0   0  -4   2   0   2   3  -2    3   9  12   5   2   4   5   3   7   2   4   3   2   5   0  15   5   2   9   3  0.24 0.25
   54 Q    -2   0   0   0   0   3   5  -3   1  -1  -3  -1   0  -5  -1   0  -1   1  -1  -1    3   5   5   4   2  11  31   2   3   3   3   3   2   0   3   6   3   2   2   5  0.43 0.38
   55 A     1  -1   0  -1   1  -1  -1   0   1  -1  -2  -1   1  -1   0   1   3   2   0  -1   11   3   4   3   3   3   4   6   4   4   5   3   3   3   4  11  15   2   3   5  0.12 0.13
   56 D    -1   0   1   1   1   1   1   0   1  -1  -2   0   1  -5   0   1   0  -6   0  -2    5   6   5   7   3   5  10   7   4   4   4   6   3   0   5  11   6   0   3   3  0.12 0.13
   57 D    -1   0   1   2   1   0   0   0   1  -1  -2   0   0  -1  -1   1   0  -4   0  -1    5   4   8  13   4   4   4   7   3   5   3   6   3   3   3  12   7   0   3   3  0.09 0.12
   58 E     0   0   1   0   2   1   0   0   2  -2  -1   0   1  -2   1   0   0  -3   1  -1    6   6   6   6   6   6   6   6   6   0   6   6   6   0   6   6   6   0   6   6  0.07 0.11
   59 H    -1   2   1  -1   3   1  -1  -1   1  -1  -2   4  -3  -2  -2  -1  -1  -1   0  -2    6  13   6   2   6   6   2   6   3   3   4  26   0   1   1   5   2   1   4   2  0.29 0.25
   60 Y    -3  -1  -2  -1  -1  -2  -3  -3   3  -2   0  -3   1   4   0  -2  -3   2   6  -1    2   4   1   3   1   1   1   3   7   2  10   1   3  16   5   3   1   2  29   3  0.65 0.39
   61 I    -1  -2  -1  -3   1   1  -1  -2  -1   2  -1   0   0   0  -2  -1   0  -3   1   4    3   2   3   1   3   8   4   2   2  11   2   5   2   3   1   3   5   0   6  34  0.25 0.24
   62 P     1  -1  -2  -3  -4   0  -1  -3   1  -3  -4  -3  -2  -1   7  -2   0   0  -2  -3   13   4   2   1   0   5   3   2   3   2   1   1   1   3  49   2   6   1   1   1  0.99 0.46
   63 R    -2   6   0  -3   3  -1  -2  -3  -1  -2  -1   2  -3  -2  -4  -1  -3  -4  -3  -2    2  55   5   1   6   2   1   2   1   2   5   9   0   2   0   4   1   0   0   3  0.87 0.46
   64 A     3  -1  -1  -2   2   0  -1   0  -2  -3  -2   0  -2  -3   1   1   0   3  -1  -1   34   4   3   2   6   4   2   5   0   0   2   5   0   0   7  11   5   5   2   4  0.27 0.24
   65 V     0  -3  -3  -3   0  -2  -2  -1   1   3   1  -2   2   0  -3  -1   1  -3  -1   3    5   0   0   0   2   0   2   5   5  21  11   2   5   3   0   4   8   0   2  22  0.23 0.20
   66 L    -1  -1   0  -3   2  -1  -2  -3   1   0   2  -2   1   4  -3  -1  -1  -2   1   0    6   3   5   0   6   3   3   1   4   4  26   0   4  21   0   3   4   0   5   3  0.22 0.20
   67 L     0   0  -2  -2   1  -1   0   0  -2   1   0  -1   1   0   2   0   0  -3  -2   1    6   8   0   0   4   0   6   8   0  12   8   0   4   6   9   8   8   0   0  13  0.07 0.09
   68 D    -1   0   1   5  -4   1   1  -1  -2  -1  -3   0  -3   0   0   0  -2   3  -2  -3    4   6   4  38   0   6   8   4   0   6   1   5   0   6   4   5   0   4   0   0  0.41 0.27
   69 L     0   0   1   0   2   1   0   0  -2   0   0  -1   1   0   1   0   0  -3  -2  -1    7   7   7   7   6   7   7   7   0   7   7   0   6   6   7   7   7   0   0   0  0.06 0.11
   70 E    -2  -1   1   4  -1  -1   5  -2   0  -3  -5  -1  -5  -3  -4  -1  -2  -5  -1  -3    3   3   5  24   2   2  40   3   2   2   0   3   0   2   0   3   3   0   3   2  0.79 0.54
   71 P    -1  -2  -1   0  -1   0   0  -2  -1  -1  -3  -2  -1  -3   6   1  -1   1  -5  -2    6   3   3   6   1   4   5   4   1   4   3   2   2   1  37   9   3   2   0   3  0.64 0.45
   72 R    -1   1   0   0   0   1   0   1   1  -1  -2   1   0  -3  -1   1   1  -3  -1  -1    3   7   3   6   2   7   6  11   4   5   4   9   3   0   2  14   9   0   2   3  0.10 0.14
   73 V     0   0  -2   0   1   0  -1  -1  -2   0   0  -1   0   0   0   1   2  -3   0   1    6   5   0   5   3   4   4   4   0   6   7   3   3   4   3  11  14   0   3  15  0.07 0.13
   74 I     0   0  -2   0   2   0   0  -1   2   0  -1   0   1   0   0   0   0   3  -2   0    6   6   0   6   5   5   6   6   5   6   6   6   5   5   6   6   6   5   0   6  0.06 0.11
   75 H    -1   0   4   3  -7   0   0  -2   1  -2  -3  -1   0  -1  -1   0  -1   2   0  -2    6   5  17  17   0   4   5   4   4   3   3   3   3   3   4   7   4   3   3   3  0.34 0.27
   76 S    -1   0   0   0   2   0   0  -1   2   0  -1   0   2   1   0  -1   0   4   1  -1    5   5   5   5   5   5   5   5   5   5   5   5   5   5   5   5   5   5   5   5  0.09 0.08
   77 I    -1  -3  -3  -8   0  -2  -4  -8  -8   5   1  -8   2  -1  -4  -3  -1   0  -2   4    5   2   2   0   2   2   1   0   0  29  14   0   5   3   1   2   5   1   2  23  0.88 0.46
   78 L    -2   5  -2  -3   0   2  -3  -3   0  -2   1   3   1  -1  -3  -1  -1   0  -2  -3    3  24   2   1   2   8   2   3   2   2  14  13   3   3   2   4   4   1   2   3  0.48 0.33
   79 N     0   1   2  -2   1   0  -2  -2   0  -3  -4   2   0  -1  -1   2   2   1  -2  -1    9   8  10   3   3   4   3   4   2   2   2  12   2   3   3  12  11   2   1   4  0.24 0.22
   80 S     0  -1   1   0   0  -1  -1   3   2  -2  -2   0   0  -5  -1   2  -1  -5  -1  -2    7   4   7   4   2   3   3  25   4   2   4   5   2   0   3  16   4   0   2   3  0.29 0.27
   81 P     0   0   0   1   0   0   0  -2   0  -2  -2   2  -1  -1   3   0   0   1   0  -1    9   4   5   9   3   5   4   2   3   2   3  12   2   3  13   8   7   2   3   4  0.16 0.18
   82 Y    -1   0   0   0   2   0   0  -1   2   0  -1   0   1   0  -3   0   0   3   1   0    5   5   5   5   5   5   5   5   5   5   5   5   5   5   0   5   5   5   5   5  0.06 0.10
   83 A    -1   3   0  -2  -1  -1  -1   3   1  -2  -2   1  -2  -3  -1   1  -2  -5  -1  -2    5  19   4   2   2   2   3  19   3   3   4   9   1   1   3  13   2   0   2   3  0.29 0.27
   84 K    -1   0   2   1   1   2   0   1   0  -1  -2   1   0  -1  -1   1  -1   4  -2  -2    4   6   9   7   3  10   5   9   3   3   3   7   2   2   3  12   3   5   1   2  0.15 0.18
   85 L    -1  -2  -1  -3   0  -1  -2  -2  -1   1   3  -1   2   1  -2  -2  -1   4   1   0    4   2   4   1   2   3   2   3   2   8  30   5   4   5   2   3   3   7   5   5  0.23 0.23
   86 Y    -3  -2  -3  -3  -1  -1  -5  -6  -1  -1  -1  -3  -1   6  -3  -3  -1   6   5  -2    2   2   2   2   2   3   0   0   2   4   7   1   2  35   2   2   4  11  16   2  1.05 0.62
   87 N    -1   3   3   2   0   1  -1  -2   3  -2  -1   0  -1  -2  -2   0  -2  -4   2  -4    4  14  16  11   3   5   3   2   7   2   5   6   2   2   2   7   2   0   6   1  0.30 0.28
   88 P    -2   0  -1  -2   1   0   0  -2   1  -2  -2  -1   0  -1   5   0  -1  -4   2  -2    3   5   2   2   3   4   7   3   4   2   4   4   3   3  29   7   3   0   9   2  0.46 0.37
   89 E     0   0   0   0   2   1   0   0   2  -2  -1   0   1  -2   0   0   0   3   1  -1    6   6   5   6   5   5   6   6   5   0   6   6   5   0   6   6   6   5   5   6  0.09 0.14
   90 N    -2  -2   5  -1   2   3  -2  -2  -1  -3  -2   0  -1  -3  -2   1  -1  -1   0  -3    3   2  30   4   4  12   2   3   2   2   5   5   1   1   2  12   4   1   4   2  0.54 0.44
   91 I    -1  -1  -1  -3   1  -1  -3  -2   1   2   2  -1   1   3  -3  -1   0  -4   0   1    3   4   3   2   3   3   1   3   4  13  20   4   3  11   1   5   5   0   3  10  0.18 0.17
   92 Y    -1  -2  -1  -5   1   0  -3  -3   1   3   0  -3   0   3  -2  -1  -1   2   2   2    4   2   3   0   2   5   2   2   4  20   9   1   2  11   2   5   3   3   7  13  0.31 0.26
   93 L     0  -1  -1  -4   3  -1  -2  -2   0   1   0  -1   1   1  -2   1   2   1   1   1    6   3   3   0   6   3   3   3   3   9   8   3   3   7   2  11  13   2   6   9  0.14 0.17
   94 S    -1  -2   1   0   0  -1  -2   3   1  -2  -2  -1  -1   1  -1   1   0   1   1  -1    4   2   6   5   2   3   2  23   3   3   4   3   2   6   3  11   6   2   4   4  0.18 0.19
   95 E    -1   0   0   0   3   2   0   0   1  -2  -2   3   0  -1  -1   0   1  -4  -1  -1    5   4   5   4   7   9   5   7   3   3   3  17   2   3   3   7   8   0   2   4  0.16 0.18
   96 H     0   0   1   1   0   2   2   0   1  -2  -2   0  -1  -2  -2   1  -1   2  -1  -2    6   4   6   6   2   8  14   6   4   3   5   5   1   2   2  12   3   3   2   3  0.13 0.15
   97 G    -1   0   1   0   0   0  -1   1   0  -1  -1   1   1  -1  -1   1  -1   1   1   0    3   4   8   6   2   4   4  14   2   3   4   8   4   2   3  11   3   2   4   7  0.07 0.09
   98 G     0   0   0   1   1   0   0   0   0  -1  -1   0   0   0   0   1   1  -3   1  -1   10   4   4   9   4   4   7   5   3   3   5   4   3   3   5   9  11   0   6   3  0.06 0.08
   99 G     0  -1   1   0   2   0  -1   5  -4  -5  -2  -1  -4  -5  -1   0  -1  -5  -5  -2    8   4   6   6   4   4   4  37   0   0   5   4   0   0   4   6   4   0   0   4  0.49 0.33
  100 A     3   0   1   0   1  -1   0   0   0  -2  -1  -1  -1  -1  -1   1   0  -4  -1  -1   25   4   7   4   3   3   5   7   2   2   6   2   2   2   2  13   4   0   2   4  0.14 0.17
  101 G     0   0   0   0   2   0   0   0   1   0  -1   0  -1   0   1   0   0  -2   1   0    6   6   5   6   5   5   6   6   5   6   6   6   0   5   6   6   6   0   5   6  0.03 0.06
  102 N    -2  -1   5  -1   1   0   0  -2   2  -2  -3  -2   1   2  -1  -1  -2   3   2   0    4   4  25   4   3   4   6   4   4   3   3   3   3   7   3   4   3   3   5   6  0.42 0.29
  103 N     0   1   2  -1   2  -1  -1  -2  -6  -1  -1  -1  -6   2   0  -1   1   5   2  -2    8   8  10   4   4   3   4   3   0   4   5   4   0   7   5   5   8   7   7   3  0.24 0.20
  104 W     2   0  -2  -6   1  -1  -3   1  -6  -3  -3  -1   0   1  -2   0  -3   9   0  -2   19   6   2   0   3   3   1   9   0   2   3   4   3   5   2   7   1  23   3   3  0.79 0.52
  105 A     4   0  -1  -2   1  -1  -2   0   0  -1  -3   0   0  -1  -2   0  -1   2   0  -2   33   6   3   3   3   3   3   7   2   3   3   5   2   3   3   6   4   2   3   3  0.37 0.30
  106 S    -1   0   0   0   2   0   0  -1   2   0  -1   0   2   1   0  -1   0   4   1  -1    5   5   5   5   5   5   5   5   5   5   5   5   5   5   5   5   5   5   5   5  0.09 0.08
  107 G    -3  -1   0  -1   0  -1  -3   5   4  -8  -4  -2  -7  -2  -2  -3  -1  -7   2  -7    3   4   5   4   2   3   3  43   9   0   2   3   0   2   3   3   4   0   7   0  0.96 0.54
  108 F    -7  -1  -1  -8   2  -1  -7  -2   5  -1  -2  -1   1   2  -2  -2  -2   2   7  -2    0   4   4   0   3   3   0   4  10   3   5   4   3   7   3   4   3   3  32   3  0.99 0.56
  109 S    -1   0   0   0   2   0  -1  -1   2   0  -1   0   2   0   0  -1   0   3   1  -1    5   5   5   5   5   5   5   5   5   5   5   5   5   5   5   5   5   5   5   5  0.03 0.09
  110 Q     0   0   0   0   2   0   0  -1   1   0  -1   0   1   0   0   0   0  -2   1   0    5   5   5   5   5   5   5   5   5   5   5   5   5   5   5   5   5   0   5   5  -0.00 0.06
  111 G     0  -1  -3  -1  -2  -2  -2   6  -6  -4  -4  -3  -3  -6  -4   0  -3  -6   0  -5    7   3   1   3   1   2   2  55   0   1   2   2   1   0   1   6   2   0   3   1  1.02 0.69
  112 E     1   1   0   0   0   0   0  -1   0  -2  -3   2  -2  -2   3   0  -1  -5  -1  -3   11   7   4   4   2   4   7   5   2   3   2  13   1   2  14   8   2   0   3   2  0.16 0.23
  113 K    -2   2  -2   1  -2   2   4  -3   0  -3  -2   2  -1  -4  -2   0  -2  -6  -2  -3    4   9   2   7   1   9  27   3   2   1   4  10   2   1   2   6   3   0   1   2  0.38 0.39
  114 I    -2  -2  -2  -3   0  -2  -3  -2   2   3   2  -3   3   0  -2  -3  -2   0   2   1    3   3   2   2   2   2   2   3   4  14  20   2   7   4   2   2   3   1   8  10  0.23 0.23
  115 H    -1   0  -2  -3   1   0  -1  -2   3   2   1   0   1   0  -3  -1  -2   0   0   1    4   6   1   1   3   5   4   4   9  14  13   5   3   4   1   4   2   2   3   8  0.09 0.15
  116 E    -1  -2   0   5  -2  -1   4  -2   1  -3  -4  -2  -2  -5   0  -1  -3   0  -2  -3    4   2   4  28   1   2  24   4   4   1   2   2   1   0   5   4   1   1   1   2  0.57 0.49
  117 D     0   0   1   1  -3   1   1  -1   0  -2  -1   0  -1  -2   0   1  -1  -4  -1  -1    6   6   5   7   0   8  10   5   2   2   7   6   2   2   5  14   3   0   2   3  0.06 0.14
  118 I    -1  -1  -1  -4   2  -3  -4  -1  -4   3   1  -1   1   1  -4  -1   0  -4   0   2    6   4   3   0   4   0   0   5   0  18  11   4   3   5   0   5   7   0   3  17  0.19 0.23
  119 F    -2  -2   0  -1   1   1   0  -1   0  -1   1  -1   4   1  -1   0  -1   2  -1  -1    4   3   5   3   3   6   6   5   3   3  15   3   8   6   3   7   3   3   3   4  0.07 0.13
  120 D     0   0   0   0   2   0   0   0   1   0  -1   0   1  -2   0   0   0  -3   1   0    5   5   5   5   5   5   5   5   5   5   5   5   5   0   5   5   5   0   5   5  0.01 0.08
  121 I     1   2  -1  -1   0   0   0  -2   1   0  -1   0   1  -2  -1   0   0  -3   0   0   11  14   3   2   2   4   6   3   4   7   6   5   5   0   2   7   4   0   4   6  0.03 0.12
  122 I     0  -2   0  -2   2  -2  -2  -2  -2   0   0   0   1   1   1   0   0   4   1   0    7   0   7   0   6   0   0   0   0   7   7   7   6   6   7   7   7   6   6   7  0.09 0.16
  123 D    -2   6  -1   0  -5   1   0  -2   1  -2  -3   0  -4   0  -4  -1  -1   1  -4  -4    3  45   3   6   0   5   5   4   3   2   3   3   0   4   0   3   3   2   0   0  0.65 0.52
  124 R    -2   3   0  -1   0   1  -1  -2   0  -2  -1   3   1  -1   0  -1  -1   1   0  -2    3  18   4   3   2   5   3   2   2   2   6  21   4   2   4   4   3   2   3   2  0.18 0.24
  125 E     1  -2  -1  -3  -1   3   4  -5  -1  -1   2  -2   2  -2  -2  -2  -1   0  -2  -1   10   2   2   0   1  12  23   0   1   3  18   2   4   2   1   2   3   1   1   3  0.30 0.36
  126 A     0   0  -2   0   2   1   0  -3   2   0   0   0   1   0   1   0   0  -2   1   0    6   6   0   6   5   5   6   0   5   6   6   6   5   5   6   6   6   0   5   6  0.02 0.11
  127 D    -2  -4  -1   3  -6   0   6  -2  -4  -2  -5  -1  -5  -5  -4  -1  -1  -5   0  -5    3   0   3  13   0   3  51   3   0   3   1   4   0   0   0   4   4   0   3   0  0.93 0.62
  128 G     1   1   2  -1   1   2   0  -1   1  -2  -2   0  -1  -2  -1   0   0  -4  -1  -2   13   7  12   3   4  11   4   4   3   2   3   6   2   2   2   6   4   0   2   2  0.11 0.18
  129 S     0  -3  -3  -2  10  -5  -6  -2  -6  -2  -2  -2   0  -6  -3   1   0   0  -6  -3    6   2   1   2  49   0   0   3   0   2   3   3   2   0   1  11   6   2   0   2  1.55 0.80
  130 D    -2  -1   0   6   0  -1   0   0   0  -5  -2  -2  -1  -2  -2  -1  -1  -6  -1  -3    3   3   3  48   2   2   5   6   2   0   4   2   2   2   2   3   4   0   2   2  0.79 0.56
  131 S     0  -1   1  -1   4   1  -1   1   0  -2  -1  -1   0  -1  -3   2   0   1  -1   0    6   4   8   2   8   6   2  12   3   2   5   2   2   3   0  16   6   2   3   7  0.14 0.20
  132 L    -2  -4  -2  -1   1  -2  -4  -3  -1   0   4  -2   1   2   1  -2  -2   1   0   0    3   0   2   4   2   2   0   2   2   3  43   2   3   8   7   3   2   2   2   6  0.43 0.36
  133 E    -2   0  -2   1   0   6   1  -2   2  -3  -3  -1   1  -2  -1   0   0   1  -2  -3    3   4   2   7   2  31   7   4   4   2   3   4   3   2   4   7   5   2   1   2  0.50 0.44
  134 G     0  -3  -2  -1   1  -3  -2   6   1  -3  -3  -5  -5  -3  -5   0   0  -6  -2  -2    6   1   2   3   3   1   3  51   4   1   2   0   0   1   0   8   7   0   1   4  0.88 0.55
  135 F     0   0   0   0   2   0  -2   0  -2   0   0   0   1   1  -3   0   0   4   1   0    6   6   6   6   6   6   0   6   0   6   6   6   6   6   0   6   6   6   6   6  0.07 0.12
  136 V     0  -2   0   0   2   0   0  -1   1   0  -1   0   1   0   0   0   0  -2   1   0    5   0   5   5   5   5   5   5   5   5   5   5   5   5   5   5   5   0   5   5  0.00 0.09
  137 L     0  -2   0  -2   2   0  -2   0   2   0   0  -2   1   1   1   0   0  -3  -1   0    7   0   7   0   6   7   0   7   6   7   7   0   6   6   7   7   7   0   0   7  0.03 0.13
  138 C    -1  -1  -1  -3   2  -1  -2  -1   0   2   1  -1   1   3   0  -1   0  -2   1   0    3   2   3   0   5   2   0   4   3  13  12   2   4  15   4   2   7   0   4   7  0.07 0.15
  139 H    -3   1   0  -3  -4   1  -1  -2   7  -3  -1  -1   2   1  -4   0  -1  -3   1  -2    0   7   5   0   0   5   3   3  32   0   6   2   7   6   0   7   4   0   4   3  0.51 0.43
  140 S     1  -1  -1  -1  -3  -1  -3   0  -3  -2  -4  -3  -3   0  -3   5   0  -4  -3  -2    8   4   2   3   0   2   0   6   0   3   1   0   0   5   0  53   3   0   0   2  0.58 0.50
  141 I     0  -1  -2  -3   1   0  -2  -3  -1   1   2  -2   2   1  -2   0  -1   0   1   1    7   4   1   0   3   4   0   0   2  10  19   0   8   6   2   6   3   1   5  11  0.08 0.15
  142 A     2  -3   0  -3   1   0  -1   4  -3  -2  -3  -3  -3  -2  -3   1   0  -4  -1  -2   20   0   3   0   3   4   3  34   0   2   2   0   0   2   0  12   4   0   2   2  0.40 0.34
  143 G    -1  -2  -3  -2   2  -2  -1   6  -4  -5  -5  -1  -4  -5  -4  -2  -3   2  -4  -4    3   2   0   2   4   2   4  64   0   0   1   4   0   0   0   2   0   3   0   0  1.04 0.54
  144 G    -1  -1  -2  -1  -4  -1  -3   6  -1  -3  -4  -2  -4  -4  -1  -1  -3   3  -1  -4    5   3   1   3   0   3   1  56   2   2   1   2   0   0   3   4   0   4   2   0  0.77 0.43
  145 T    -2  -2  -1  -3   1  -1  -1  -2   0   0  -2  -3  -2  -1  -1   0   5  -4  -3  -2    2   2   2   0   3   2   3   3   2   5   4   0   0   3   3   5  50   0   0   2  0.51 0.42
  146 G    -2  -1   0  -1   0  -3  -3   6  -3  -4  -4  -2  -4  -1  -4   0  -3  -4  -4  -4    1   4   5   3   2   0   1  63   0   1   1   2   0   3   1   5   1   0   0   1  0.99 0.49
  147 S     0  -3   1  -2  -3   0  -1   1  -3  -4  -2  -2  -3  -1  -3   5   0  -4  -2  -3    6   0   7   0   0   3   2   8   0   0   5   0   0   3   0  50   5   0   1   0  0.51 0.43
  148 G     0   0  -2   0   1   0   0   4  -3  -4  -4  -2  -3  -4   0   0  -1   3  -3  -4    5   5   0   5   4   4   5  41   0   0   1   0   0   0   5   8   4   4   0   0  0.46 0.33
  149 L     0  -2  -2  -3   2   0  -2   0  -2   0   0   0   1   1   1   0   0   4   1   0    6   0   0   0   6   6   0   6   0   6   6   6   6   6   6   6   6   6   6   6  0.07 0.15
  150 G     0  -1   0  -3   1  -2  -1   3   2  -1  -2   0   0  -1  -1   0   1  -3   0  -1    5   3   3   0   3   0   3  27   6   3   4   6   4   3   3   5  10   0   3   3  0.15 0.21
  151 S     2  -2   0  -2   2  -4  -3  -2   1  -4  -4  -2   0  -5  -1   4   3  -5  -5  -2   14   2   3   2   3   0   2   2   3   0   1   2   3   0   3  31  19   0   0   3  0.53 0.50
  152 Y     1   1  -1  -3  -1  -2  -3  -3   1  -1   2   0   0   2  -4  -1  -1  -3   3  -1   11   9   3   1   1   1   1   2   3   2  24   5   2   7   0   4   3   0  11   4  0.18 0.25
  153 L    -1  -5  -2  -3   0  -5  -5  -6  -5   3   4  -5   2   1  -5  -5  -1  -5  -1   2    4   0   2   2   2   0   0   0   0  17  39   0   4   4   0   0   3   0   2  12  0.66 0.46
  154 L    -1  -4  -3  -3   1  -1  -2  -3  -1   3   3  -2   3  -1  -5   0   0   1  -1   1    4   0   1   2   3   3   2   1   2  16  28   2   7   1   0   6   5   2   2   7  0.30 0.31
  155 E    -2  -1  -1   2  -5   1   5  -2  -1  -2  -3   0  -2  -5  -3   2  -1   1  -2  -2    3   3   2   9   0   7  32   3   1   3   2   4   1   0   1  14   3   2   2   3  0.45 0.46
  156 R    -1   2   0  -2   3   1   0  -2   1  -1   0   2   2  -2  -1  -1  -1   1   0  -1    3  12   4   2   6   6   5   2   4   4   8  13   6   2   3   5   3   2   3   4  0.10 0.18
  157 L    -2  -1   0  -4   1   0  -4  -2   1   2   3  -1   3   0  -1  -1  -1  -4   0  -1    3   3   4   0   3   4   0   3   3  12  27   3   7   4   3   4   3   0   3   3  0.19 0.25
  158 N     0   2   0  -1   2   0  -1   0   0  -1  -1   0   0   0  -3   1   0   3   0   0    6  15   5   3   4   3   4   6   3   3   6   4   3   3   0  11   4   4   3   6  0.05 0.14
  159 D    -1  -1   0   4   0   1   2  -1   0  -1  -2  -1   1  -4  -4  -1   0   1  -1   0    3   2   3  24   2   5  14   4   2   3   4   2   4   0   0   4   5   2   2   6  0.24 0.30
  160 R     0   0   0   0   2   0   0  -1   1   0  -1   0   1   0   0   0   0  -2   1   0    5   5   5   5   5   5   5   5   5   5   5   5   5   5   5   5   5   0   5   5  -0.00 0.06
  161 Y    -1  -1   0  -1   1  -4  -2  -2   2  -1  -1  -1   1   4  -5  -1   0  -3   6  -1    4   3   4   3   3   0   3   4   4   3   4   3   3  14   0   4   5   0  24   4  0.41 0.39
  162 P     0   0   0   0   2   0   0  -1   1   0  -1   0   1   0   0   0   0  -2   1   0    5   5   5   5   5   5   5   5   5   5   5   5   5   5   5   5   5   0   5   5  -0.00 0.06
  163 K    -2   0   0   1   0   0   0   0   0  -2  -2   4   0  -4   0  -1  -1   2  -1  -2    3   5   4   7   3   3   4   6   3   3   3  28   3   0   4   5   4   3   3   3  0.21 0.30
  164 K     0   1   0  -1   1   1   0  -1  -1   0  -2   3  -1  -2  -2   0   0  -4  -2   0    7   7   4   2   3   5   5   4   2   5   3  23   2   2   2   6   4   0   2   8  0.13 0.22
  165 L    -1   0   0   0   2   0  -1  -1   2   0  -1   0   2   0   0  -1   0   3   1  -1    5   5   5   5   5   5   5   5   5   5   5   5   5   5   5   5   5   5   5   5  0.03 0.09
  166 V     0   0   0   0   2   0  -1  -3   2   0  -1   0   1   1   1   0   0  -2   1   0    6   6   5   6   5   5   0   0   5   6   6   6   5   5   6   6   6   0   5   6  0.02 0.12
  167 Q    -1  -1  -1  -4   1   0  -2  -2   1   2   2  -1   2   3  -4  -2   0   2  -2   0    3   2   4   0   3   5   3   2   3  13  18   4   5  12   0   3   5   3   0   7  0.15 0.22
  168 T    -1  -2   3  -1   2   0   0  -2   0  -2  -2  -2  -1   0  -2   1   3   1  -1  -1    4   2  12   3   4   4   7   3   2   2   3   2   2   4   2  12  21   2   2   4  0.19 0.30
  169 Y    -2  -4   1  -4   3   0  -2  -2   0  -1  -1  -2   0   5  -2  -1   1   1   3  -1    3   0   6   0   6   4   3   3   3   4   4   3   2  22   3   5   8   2   9   4  0.29 0.32
  170 S     0  -3  -1  -2   3  -1  -1  -1  -3  -1  -1  -2  -1   2  -1   3   1  -4  -1   1    8   0   2   1   6   3   3   4   0   3   6   2   1   9   3  26   7   0   2   9  0.17 0.29
  171 V    -2  -5  -2  -3  -1  -2  -5  -5  -5   4  -1  -5   0  -1  -2  -1  -1  -5  -4   5    3   0   2   1   1   2   0   0   0  26   5   0   1   3   2   6   4   0   0  38  0.69 0.52
  172 F    -1  -1  -1  -3   1   0  -2  -1   1   1   0  -2   1   2  -1  -1   0   3   2   0    5   3   3   0   3   4   0   3   4  12  10   0   3  10   3   4   7   5   8   5  0.09 0.17
  173 P    -1  -1  -1  -4   1  -1  -1  -2  -3   0  -1  -3   0   0   6  -1  -1  -4   1  -1    5   3   3   0   3   3   3   3   0   5   5   0   3   3  36   4   4   0   5   5  0.52 0.42
  174 N     0  -2   1   0   1  -1  -2  -1   1  -2  -2  -2  -3   1   3   2   0  -4   1  -2    8   2   7   6   3   2   2   5   4   2   3   2   0   6  13  18   6   0   5   2  0.19 0.27
  175 Q     0  -1  -1  -2   2   0  -1  -2   2  -2  -1   0  -1  -2   4   2  -1   0  -1  -2    8   2   2   2   4   4   4   3   5   3   8   6   1   2  18  15   3   1   2   2  0.19 0.25
  176 D    -1   0   2   1  -3   0   0   0   0  -3  -3   2  -1   0   2   1   1   0  -1  -2    3   3   9   8   0   4   6   6   2   0   2  12   1   5   9  12   7   1   2   3  0.12 0.20
  177 E    -1  -1   0   0   0   2   2   0   0   0  -1   0   1   0  -1  -1   0   0   0  -1    5   3   5   4   2  10  13   6   3   5   6   6   4   4   2   4   4   2   3   4  0.02 0.08
  178 M     0   0   0   0   2   0   0  -1   1   0  -1   0   1   0   0   0   0  -2   1   0    5   5   5   5   5   5   5   5   5   5   5   5   5   5   5   5   5   0   5   5  -0.00 0.06
  179 S     0   0   1   0   2   1   0   0   2  -2  -1   0  -2   0   1   0   0  -2   1  -2    6   6   6   6   6   6   6   6   6   0   6   6   0   6   6   6   6   0   6   0  0.05 0.12
  180 D    -1  -1   0   4   1   1   0  -2   1  -1  -3  -1   0  -1  -2  -2   1   2  -1  -2    5   3   5  21   3   7   5   4   3   3   3   4   3   2   3   4   8   3   3   3  0.23 0.24
  181 V     0   0   0  -2   2   0   0   0   1   0  -1   0   1   0   1   0   0  -3  -1   0    6   6   5   0   5   5   6   6   5   6   6   6   5   5   6   6   6   0   0   6  0.01 0.09
  182 V     0   0   0  -2   2  -1   0   0  -2   0   0   0   1   0   1   0   0  -3  -2   0    6   6   6   0   6   0   6   6   0   6   6   6   6   6   6   6   6   0   0   6  0.01 0.09
  183 V     0  -1  -1  -3   2  -2  -3  -1  -3   1   1  -2   1   1  -3  -1   1  -3  -2   3    5   4   4   0   6   0   0   4   0   5  11   0   4   8   0   4  11   0   0  26  0.14 0.21
  184 Q     0  -1  -1   1   0   3   3  -1   0  -3  -3  -1  -3   0  -3   0  -1   1   0  -1    7   2   2   8   2  15  26   4   2   0   1   2   0   5   0   5   2   2   3   5  0.24 0.29
  185 P    -1  -3   0  -2  -1  -1  -3  -4   0  -1  -1  -3   0   0   6   0  -2   0  -1   1    5   1   5   1   2   2   0   0   2   4   4   0   2   4  39   6   2   2   2   9  0.62 0.43
  186 Y    -1  -1  -2  -5   0  -4  -4  -3   0  -2  -1  -2  -3   2  -5  -2  -4  -2   8  -2    5   4   2   0   2   0   0   2   2   2   5   2   0   7   0   3   0   0  56   2  1.21 0.68
  187 N    -3  -3   7   0  -4  -2  -2  -3   4  -4  -4  -2  -4  -4   0  -1   0  -4  -3  -4    1   1  57   4   0   0   1   1  10   1   1   1   0   0   5   4   4   0   0   1  1.06 0.50
  188 S     2  -2  -1   0   2  -1  -1   0  -2  -1  -2   0   0   0  -2   2   1   1  -2  -1   17   0   2   5   5   2   3   5   0   3   1   4   4   4   0  20  10   2   0   5  0.10 0.18
  189 L     0   0  -1  -2   3  -2  -2  -1  -2   1   1   0   2   0   0  -1   0  -3  -2   1    5   4   4   0   8   0   1   4   0  11  10   6   8   4   4   4   6   0   0  15  0.04 0.11
  190 L     0  -2  -2  -3   3  -2  -2  -2   2   1   0  -2   2   2  -2   0  -1   5   2  -1    9   0   0   0   8   0   1   1   9   9   9   0   9   9   0   9   0   8   9   1  0.16 0.16
  191 T     1  -1  -1  -2   4   0   0   0   2  -1  -1  -1   1  -1  -1   1   0  -3   0  -1   14   3   3   0   9   3   6   6   6   4   3   4   5   3   3   9   7   0   4   3  0.06 0.14
  192 L     0  -2   0  -2   2   0   0   0   2   0   0  -2   1   1  -3   0   0   4   1   0    6   0   6   0   6   6   6   6   6   6   6   0   6   6   0   6   6   6   6   6  0.06 0.16
  193 K     0   0   2  -2   1   1  -2  -2   7  -3  -4  -1  -1  -2  -1   0  -3   1   1  -3    7   5   8   3   2   6   3   4  23   2   2   4   2   2   4   7   2   2   5   3  0.54 0.40
  194 R    -1   0   0   0   2   0  -1  -1   2   0  -1   0   2   0   0  -1   0   3   1  -1    5   5   5   5   5   5   5   5   5   5   5   5   5   5   5   5   5   5   5   5  0.03 0.09
  195 L    -2  -7  -1  -7   1  -1  -7  -3   0   0   4  -7   3  -1  -1  -1   2   1  -7  -1    4   0   4   0   3   3   0   3   2   5  35   0   5   2   4   6  11   2   0   5  0.56 0.41
  196 T    -1   0   0   0   2   0  -1  -1   2   0  -1   0   2   0   0  -1   0   3   1  -1    5   5   5   5   5   5   5   5   5   5   5   5   5   5   5   5   5   5   5   5  0.03 0.09
  197 Q    -1   0   0   2   0   1   4  -2   1  -2  -2   0  -4  -2  -1  -1  -2   1  -1  -3    4   5   4  10   2   7  26   3   4   2   5   5   0   2   3   4   3   2   3   2  0.26 0.33
  198 N    -1  -1   3  -1   2  -1  -2  -1   5  -1  -2  -1   0   1  -2   0   0  -4   3  -1    4   4  13   3   4   3   3   4  13   3   4   3   3   5   3   8   6   0   9   3  0.22 0.28
  199 A    -1   0   0   0   2   0  -1  -1   2   0  -1   0   2   0   0  -1   0   3   1  -1    5   5   5   5   5   5   5   5   5   5   5   5   5   5   5   5   5   5   5   5  0.03 0.09
  200 D    -3   0   2   6   1   0   0  -3   0  -3  -3  -2  -6  -6  -5  -1  -1  -6  -2  -2    2   6   8  41   3   4   5   3   2   2   2   2   0   0   0   6   3   0   2   3  0.77 0.56
  201 C     0  -1  -1  -1   5  -1   0  -1   0   0   0  -3   2   0   0  -1  -1   2   0   0    9   3   3   3  15   3   6   5   3   6   8   0   6   4   4   4   3   3   3   6  0.15 0.21
  202 V     0  -1   0   0   3  -1  -1  -1  -3   1  -1  -1   1   0  -3   0   1  -4  -3   2    8   3   4   4   6   3   3   4   0   7   4   3   4   3   0   7  11   0   0  19  0.10 0.19
  203 V    -2  -4  -2  -2   0  -2  -4  -2  -3   2   1  -2   1   4  -2  -2  -1   1   1   2    3   0   2   2   2   2   0   3   0  13  15   2   4  20   2   2   3   2   3  13  0.27 0.28
  204 V     0   0   0   0   2   0  -2   0   2   0  -1  -2   1   0   0   0   0  -2   1   0    6   6   5   6   5   5   0   6   5   6   6   0   5   5   6   6   6   0   5   6  0.01 0.11
  205 L    -1   0   0   0   2   0   0  -1   2   0  -1   0   1   0  -3   0   0   3   1   0    5   5   5   5   5   5   5   5   5   5   5   5   5   5   0   5   5   5   5   5  0.06 0.10
  206 D     0  -1   2   4   1   1   1   0   1  -4  -2  -1  -4  -4   0  -1  -1  -5   0  -2    6   3   8  24   4   5  10   7   4   0   5   4   0   0   4   5   3   0   4   3  0.30 0.26
  207 N    -2  -3   7   0  -5   1   0  -4   1  -1  -2  -1   0   0  -5  -1  -3   1  -1  -1    3   0  47   4   0   7   5   0   3   4   4   3   2   4   0   3   0   2   2   4  0.81 0.54
  208 T    -1   0   0   0   2   0   0  -1   2   0  -1   0   1  -2   0   0   0   3   1   0    5   5   5   5   5   5   5   5   5   5   5   5   5   0   5   5   5   5   5   5  0.07 0.11
  209 A     4  -2  -1  -2   1   0  -2  -2   1  -1  -3  -2   0  -1  -2   2  -1   2  -1  -2   32   3   4   3   3   5   3   4   3   3   3   3   3   3   3  12   4   3   3   3  0.40 0.32
  210 L     0  -2   0  -2   2  -2  -2   0   2   0   0   0   1   1   1   0   0  -2   1   0    7   0   7   0   6   0   0   7   6   7   7   7   6   6   7   7   7   0   6   7  0.07 0.12
  211 N     0   0   0   0   2   1   0   0   2   0  -1   0   1   0  -2   0   0  -2   1   0    6   6   5   6   5   5   6   6   5   6   6   6   5   5   0   6   6   0   5   6  0.03 0.07
  212 R    -1   0   0   0   2   0   0  -1   2  -2  -1   0   1   0   0   0   0   3   1  -1    5   5   5   5   5   5   5   5   5   0   5   5   5   5   5   5   5   5   5   5  0.04 0.12
  213 I    -1  -1  -1  -4   1   0  -2  -4   0   4   0  -1   1   0  -1  -2   0   2   0   1    5   4   4   0   3   4   3   0   3  27   9   3   4   4   3   3   7   3   3   9  0.25 0.25
  214 A     0   0   0   0   2   0  -2   0  -2   0   0   0   1   1  -3   0   0   4   1   0    6   6   6   6   6   6   0   6   0   6   6   6   6   6   0   6   6   6   6   6  0.07 0.12
  215 T     0   0   0   0   2   0   0  -1   1   0  -1   0   1   0   0   0   0  -2   1   0    5   5   5   5   5   5   5   5   5   5   5   5   5   5   5   5   5   0   5   5  0.03 0.05
  216 D    -1   0   0   0   2   0   0  -1   2   0  -1   0   1  -2   0   0   0   3   1   0    5   5   5   5   5   5   5   5   5   5   5   5   5   0   5   5   5   5   5   5  0.07 0.11
  217 R    -1   1   2  -2   1   1  -1  -1   2  -1  -1   1   0  -1  -1  -1   1   3   1  -2    5   9  10   3   3   6   4   4   5   3   8   8   3   3   3   5   8   4   4   3  0.13 0.12
  218 L    -1  -1  -1  -2   0   0  -1  -1   0   0   3   0   1   1  -1  -1  -1   1   0  -1    4   2   3   2   2   4   3   6   2   5  31   5   3   6   3   5   3   2   3   4  0.16 0.18
  219 H    -1   1   1   0   0   1   0   1   2  -1  -1   2   1   0   0   0  -1  -3   0  -1    5   7   6   6   3   5   4   9   6   3   5  14   4   4   4   5   4   0   3   3  0.07 0.11
  220 I    -1   0   0   1  -3   0   0  -1   1   2   0   0   1   0  -1   0   0  -3   0   0    5   4   5   7   0   4   5   4   4  15  10   4   4   4   3   6   5   0   3   7  0.03 0.07
  221 Q    -1   0   0   0   2   0   0  -1   2   0  -1   0   2   1   0  -1   0   4   1  -1    5   5   5   5   5   5   5   5   5   5   5   5   5   5   5   5   5   5   5   5  0.09 0.08
  222 N    -2   2   2  -1   1   1   0  -2   1  -2  -3   2   0  -1  -2   0   0   2   0  -2    4  11  11   4   3   5   6   4   3   3   3  11   3   3   3   8   6   2   3   3  0.18 0.17
  223 P    -1  -1  -1  -2   0  -1  -3  -3  -1  -1  -3   0   0  -1   6  -2  -1  -8   0   0    6   3   3   3   2   3   3   2   2   4   4   5   2   2  38   4   4   0   3   7  0.70 0.53
  224 S     0   0   0   0  -3   1   0   0   1   0  -1   0   1   0   1   0   0  -2   1   0    6   6   5   6   0   5   6   6   5   6   6   6   5   5   6   6   6   0   5   6  0.03 0.06
  225 F    -1   0   0   0   2   0   0  -3   2   0  -1   0   1   1   0   0   0   3   1   0    5   5   5   5   5   5   5   0   5   5   5   5   5   5   5   5   5   5   5   5  0.08 0.12
  226 S     0   0   0   1   0   0   1   0   1  -1  -1   0   0  -1   1   1   0   1   0   0    6   5   4   9   2   4   8   6   3   4   3   4   3   3   6  11   7   2   3   6  0.05 0.07
  227 Q    -1  -1   3   3   0   2   0  -2   2  -1  -2  -1   0   0  -2   0  -1  -5  -1  -1    6   2  14  17   2   9   5   3   5   3   4   4   2   5   2   6   4   0   2   5  0.23 0.23
  228 I     0  -1   0  -3   1   0  -1   0   0   1   2  -3   3   1  -1   0   0  -3  -1   0    7   3   5   0   4   4   4   6   3   7  20   0  10   5   3   7   5   0   2   5  0.11 0.16
  229 N    -2  -2   7   0  -5   0  -2  -2   1  -1  -2  -1   0  -2  -1   0  -1  -6  -1  -2    4   2  44   4   0   3   3   3   3   4   3   3   3   2   3   6   4   0   2   3  0.77 0.53
  230 Q     0   2   1   1   1   2   0  -1   1  -1  -2   0   0  -1  -1   0  -1   1   1  -1    7  11   6   8   3  11   4   5   4   3   3   4   3   3   3   8   3   2   6   3  0.10 0.14
  231 L    -1  -3  -1  -3  -3   0  -1  -2   1   1   2   0   2   2  -1  -1   0   2   0   1    4   0   3   0   0   4   4   4   3   9  24   6   5   7   3   3   5   3   3   9  0.15 0.17
  232 V     0  -1  -1  -1   1  -1  -1  -1   0   3   0  -1   2   0   0   0  -1  -3   0   1    7   3   3   3   3   3   3   5   3  21   6   3   5   5   4   6   3   0   3  11  0.09 0.13
  233 S     0   0   1   0   2   1   0   0   2  -2  -1   0  -1   0   1   0   0  -3  -1  -1    6   6   6   6   6   6   6   6   6   0   6   6   0   6   6   6   6   0   0   6  0.06 0.09
  234 T    -1   0   0   0   2   0   0  -1   2   0  -1   0   2   1   0  -1   0   4   1  -1    5   5   5   5   5   5   5   5   5   5   5   5   5   5   5   5   5   5   5   5  0.09 0.08
  235 I     0  -5   0  -1   2   1  -2  -2   1   1   0  -1   2   0  -1  -1   1  -6   0   2    8   0   4   4   4   6   3   4   3   7   7   4   5   4   3   4   9   0   3  16  0.16 0.14
  236 M    -1  -1  -2  -2   1  -1  -3  -3  -1   2   2  -2   4   0  -1   0  -1   1  -1   1    4   4   2   3   3   3   1   1   2  14  18   2  12   4   4   7   3   2   1   8  0.22 0.22
  237 S     1  -2  -1  -2   3  -3  -2  -1   0  -1   0  -1   1  -1  -1   3   0   3   1  -2   11   2   2   2   6   0   3   4   2   3   8   3   3   2   4  29   4   4   5   3  0.26 0.30
  238 A     1  -2   0  -1   1   0   0   1   1  -1  -1  -1   1  -1   0   2   0   2  -2  -1   10   0   5   3   4   5   5  12   4   4   5   3   5   3   4  17   4   3   0   5  0.10 0.16
  239 S    -1  -3   0  -1   1   0  -1  -1  -3   2   1  -1   2   0   0   0   0  -3   0   1    5   0   4   3   4   4   4   3   0  14  16   3   7   3   4   8   5   0   4   7  0.09 0.13
  240 T    -1  -1  -1  -1   1  -1  -2  -2   0  -2   0  -2   1   0   0   0   5  -5   0  -2    5   4   3   3   3   3   2   2   2   2   8   3   3   5   5   7  36   0   3   2  0.41 0.38
  241 T     0   0   0   0   2   0   0  -1   1   0  -1   0   1   0   0   0   0   3  -2   0    5   5   5   5   5   5   5   5   5   5   5   5   5   5   5   5   5   5   0   5  0.05 0.09
  242 T    -1   0   1   0   2   0  -1  -1   0  -1  -1  -1   0  -1   2   2   1  -4   0  -1    4   6   6   5   5   3   3   5   3   4   5   4   3   3  11  16   8   0   4   3  0.12 0.16
  243 L    -1   0  -1  -4   0   0  -2  -2  -3   1   2  -1   1   2  -1   0   0   1   1   0    4   4   2   0   2   4   3   2   0   9  22   4   3  11   4   8   6   2   4   5  0.14 0.17
  244 R     0   0   0   0   2   0   0  -1   1   0  -1   0   1   0   0   0   0  -2   1   0    5   5   5   5   5   5   5   5   5   5   5   5   5   5   5   5   5   0   5   5  0.03 0.05
  245 Y    -2  -1   1  -1   2   0  -1  -2   1  -1  -2  -1   1   4   1   1   0   3   2  -2    3   3   6   4   4   5   4   4   4   4   4   4   3  14   6   9   5   4   7   3  0.21 0.17
  246 P    -1   0   0   0   0  -1   0  -1   1  -1  -1  -1   0   0   3   1  -1  -4   0   0    3   5   5   6   2   3   5   5   3   4   6   4   2   5  16  11   3   0   4   6  0.14 0.15
  247 G    -1  -1   0  -1   2   0   0   4   0  -2  -2   0  -4  -2  -1   1  -1   1  -4  -2    5   4   4   4   5   4   5  29   3   2   5   5   0   2   4  12   3   2   0   4  0.29 0.26
  248 Y     0  -1   1  -1   2   1   0   0   1  -2  -1  -1  -1   1   1   1   0  -3   2  -2    6   3   5   3   4   8   6   7   4   2   5   3   1   5   6  14   5   0   8   2  0.12 0.16
  249 M    -2  -1   0  -3   1   2  -1  -2  -1   1   3  -2   3  -2  -1   1   0  -1  -1  -1    3   3   5   1   3   9   3   3   1   7  25   2   7   1   3  11   6   1   2   4  0.20 0.23
  250 N     0   0   0   0   2   0   0  -1   1   0  -1   0   1   0   0   0   0  -2   1   0    5   5   5   5   5   5   5   5   5   5   5   5   5   5   5   5   5   0   5   5  0.03 0.05
  251 N     0   0   2   0   2   0  -1  -1   1   0  -1  -1   0   0   0   0   1  -3   0   0    8   4  12   5   5   3   3   4   4   5   4   4   3   3   5   8   8   0   3   7  0.06 0.10
  252 D    -1   0   0   0   2   0  -1  -1   2   0  -1   0   2   0   0  -1   0   3   1  -1    5   5   5   5   5   5   5   5   5   5   5   5   5   5   5   5   5   5   5   5  0.03 0.09
  253 L     0   0   0  -3   2   0  -2   0   2   0   0  -2   1   1   1   0   0   4   1   0    6   6   6   0   6   6   0   6   6   6   6   0   6   6   6   6   6   6   6   6  0.10 0.15
  254 I     0   1   1  -1   0   1   0   0   0  -1  -1   0   0  -1   0   1   1   3  -1  -1    5  10   9   3   2   6   3   7   2   4   7   5   2   3   4  11   8   4   2   4  0.07 0.10
  255 G     0   0   1   0   2   1   0   0   2  -2  -1   0  -2  -2   1   0   0  -3   1  -1    6   6   6   6   6   6   6   6   6   0   6   6   0   0   6   6   6   0   6   6  0.08 0.10
  256 L     0   0   0  -2   2   0  -2  -3  -2   0   0  -2   1   1   1   0   0   4   1   0    6   6   6   0   6   6   0   0   0   6   6   0   6   6   6   6   6   6   6   6  0.08 0.17
  257 I     0   0   0   0   2   0   0  -1   1   0  -1   0   1   0   0   0   0  -2   1   0    5   5   5   5   5   5   5   5   5   5   5   5   5   5   5   5   5   0   5   5  0.03 0.05
  258 A     1   0   0  -1   2   0   0  -1   0  -1  -1   0   1   0   0   1   1  -3   0   0   12   5   4   3   5   4   6   4   3   3   4   4   4   4   4  11  12   0   3   5  0.06 0.13
  259 S    -1   0   4   0   1   0  -1  -1   3  -1  -2  -1   2  -1  -1   1   0  -4   0  -1    6   4  20   5   3   4   3   3   7   3   4   3   6   3   3  10   5   0   3   5  0.20 0.23
  260 L    -2  -5  -2  -6   1  -1  -5  -6   0   1   5  -5   4  -1  -1  -2  -1   1   0  -1    3   0   2   0   3   2   0   0   2   5  50   0   9   2   3   3   3   2   3   4  0.77 0.50
  261 I    -1  -4  -4  -5   6  -1  -2  -3   0   2  -1  -2   0  -1  -1   0   1   1  -4   3    5   0   0   0  14   3   2   2   3  12   5   2   2   3   4   8   9   2   0  23  0.46 0.34
  262 P    -1  -1  -2  -3   1  -1  -4  -2  -1  -1  -1  -3  -1  -2   7   1  -1  -6  -5  -2    5   3   2   2   3   3   0   3   1   4   6   2   1   2  45  11   4   0   0   3  0.93 0.58
  263 T    -2  -2   0   0   2   0   0  -1   2   0  -1   0   1   1   0   0   0   3   1   0    0   0   5   6   5   5   6   6   5   6   6   6   5   5   6   6   6   5   5   6  0.08 0.14
  264 P     0   0   1   0  -3   1   0   0  -1  -2  -1   0  -2   1   1   0   0   4   1  -1    6   6   6   6   0   6   6   6   0   0   6   6   0   6   6   6   6   6   6   6  0.09 0.11
  265 R     0   0   0   0   2   0   0  -1   1   0  -1   0   1   0   0   0   0  -2   1   0    5   5   5   5   5   5   5   5   5   5   5   5   5   5   5   5   5   0   5   5  0.03 0.05
  266 L    -1   0   0   0   2   0  -2  -1   2   0  -1   0   1   1   0   0   0   3   1   0    5   5   5   5   5   5   0   5   5   5   5   5   5   5   5   5   5   5   5   5  0.06 0.11
  267 H    -2   1   1  -4   0   0  -2  -5   7  -2  -3   3  -4  -4   0  -2  -1   3   0  -1    3   6   6   0   2   4   2   0  28   2   2  19   0   0   4   3   3   4   3   6  0.75 0.50
  268 F     0   0   0   0   2   1   0  -3   2   0  -1   0   1   0   1   0   0  -2   1   0    6   6   5   6   5   5   6   0   5   6   6   6   5   5   6   6   6   0   5   6  0.05 0.09
  269 L    -2  -7  -7  -7   2  -6  -7  -2   2   1   3  -1   3   3   1  -1   0   3   1   0    4   0   0   0   3   0   0   4   4   9  23   4   5  10   7   5   5   3   4   7  0.46 0.26
  270 M    -2   1  -1  -1   2   0  -1  -2   1   0   0   0   3   0   0   1   1   2   0   0    3   7   3   3   4   4   3   3   3   6  10   6   6   4   4  10   8   2   3   6  0.08 0.08
  271 T     0  -2  -1  -2   2  -2  -3  -2  -1   2   1  -2   1  -1   1   1   2  -4  -3   1    8   2   2   2   4   2   0   3   2  11  12   2   4   3   8  10  14   0   0  10  0.17 0.19
  272 G     0   0   0   0   2   1   0   0   2   0  -1   0   1   0  -2   0   0  -2   1   0    6   6   5   6   5   5   6   6   5   6   6   6   5   5   0   6   6   0   5   6  0.03 0.07
  273 Y    -1   0   0   0   2   0   0  -1   2   0  -1   0   2   1   0  -1   0   4   1  -1    5   5   5   5   5   5   5   5   5   5   5   5   5   5   5   5   5   5   5   5  0.09 0.08
  274 T     2  -1  -1  -5   1  -1   0  -2  -5   1  -1  -2   1  -1  -1   1   2  -6   0   1   17   4   4   0   3   3   7   3   0   9   5   3   3   3   3  11  10   0   3   8  0.19 0.17
  275 P    -2  -2   0  -2   1  -1  -2  -1   0  -1  -2  -1   0  -5   7   0  -2  -6   0  -2    3   2   5   2   3   3   2   5   2   3   4   4   2   0  45   6   3   0   3   3  0.90 0.58
  276 L    -1   0   0   0   2   0   0  -3   2   0  -1   0   1   1   0   0   0   3   1   0    5   5   5   5   5   5   5   0   5   5   5   5   5   5   5   5   5   5   5   5  0.08 0.12
  277 T    -1   0   0   0   2   0   0  -1   2   0  -1   0   2   1   0  -1   0   4   1  -1    5   5   5   5   5   5   5   5   5   5   5   5   5   5   5   5   5   5   5   5  0.09 0.08
  278 T    -1  -1   0  -2   1  -1  -2  -2   1  -1  -2  -1   1   1   3   2   0  -6   0  -1    5   3   5   3   3   3   3   4   3   4   5   4   3   6  12  17   6   0   4   4  0.16 0.20
  279 D    -1   0   0   0   2   0   0  -1   2   0  -1   0   2   1   0  -1   0   4   1  -1    5   5   5   5   5   5   5   5   5   5   5   5   5   5   5   5   5   5   5   5  0.09 0.08
  280 Q     0   0   1   1   1   1   1   0   1  -1  -2   0   1   0  -1   0   0   2   0  -2    7   6   6   6   3   6  11   7   3   4   4   6   3   4   3   6   5   3   3   3  0.07 0.08
  281 S    -1   0   0   0   2   0   0  -1   2   0  -1   0   2   1   0  -1   0   4   1  -1    5   5   5   5   5   5   5   5   5   5   5   5   5   5   5   5   5   5   5   5  0.09 0.08
  282 V     0   1   0  -1   1   0   0  -1   1   0  -1   0   1   0   0   0   0   3   1   0    8   8   5   3   3   4   6   5   4   5   6   4   4   3   5   6   5   4   5   7  0.04 0.05
  283 A    -1   0   0   0   2   0   0  -1   2   0  -1   0   2   1   0  -1   0   4   1  -1    5   5   5   5   5   5   5   5   5   5   5   5   5   5   5   5   5   5   5   5  0.09 0.08
  284 S    -1   0   1   0   1   1  -1   0   2  -1  -2  -1   1   1   0   1   0   2   2  -1    4   5   6   4   3   6   4   6   5   3   4   5   4   6   4   9   6   3   6   4  0.09 0.10
  285 V    -1   0   0   0   2   0   0  -1   2   0  -1   0   2   1   0  -1   0   4   1  -1    5   5   5   5   5   5   5   5   5   5   5   5   5   5   5   5   5   5   5   5  0.09 0.08
  286 R     0   0   0   0  -3   1   0   0   1   0  -1   0   1  -2   1   0   0   3  -2   0    6   6   5   6   0   5   6   6   5   6   6   6   5   0   6   6   6   5   0   6  0.04 0.12
  287 K     0   0   1  -2   0   2  -2  -2   2  -2  -2   3   0  -1   1   0  -1   3   1  -3    7   4   6   3   2  10   2   3   4   2   5  17   2   3   7   8   4   4   4   3  0.25 0.22
  288 T    -1   0   0   0   2   0   0  -1   2   0  -1   0   2   1   0  -1   0   4   1  -1    5   5   5   5   5   5   5   5   5   5   5   5   5   5   5   5   5   5   5   5  0.09 0.08
  289 T    -1  -1   1   0   1  -1  -3  -1  -2  -2  -2  -1  -2  -3  -1   4   4   1  -1  -3    5   4   5   5   3   3   2   4   1   3   5   4   1   1   4  26  19   2   2   2  0.44 0.35
  290 V    -1  -1  -2  -2   2  -1  -1  -2  -1   1   0  -1   0   0  -1  -1   0   3  -1   3    4   3   1   2   4   3   4   4   2   6  10   4   2   5   3   4   6   5   2  24  0.18 0.19
  291 L     0   0   0   1   0   1   0  -2   0  -1   1   0   0  -1   1   0   0   1   0  -1    7   4   4   8   2   9   6   3   2   3  15   6   3   2   6   6   5   2   4   3  0.06 0.10
  292 D    -1  -1   1   3  -5   1   2  -1   1  -2  -2   0   0  -1  -1   1  -1  -4   1  -2    3   4   7  20   0   7  14   4   3   2   3   6   3   3   2  10   3   0   5   2  0.26 0.26
  293 V    -1  -1  -1  -4   0  -1  -2  -3   0   3   3  -2   2  -1  -2  -1   0   1   0   1    4   3   3   0   2   2   3   2   2  17  25   2   6   2   2   4   6   2   3   8  0.23 0.22
  294 M     0   0   0   0   2   0   0  -1  -2   0  -1   0   1   0   0   0   0   3   1   0    5   5   5   5   5   5   5   5   0   5   5   5   5   5   5   5   5   5   5   5  0.05 0.08
  295 R    -2   3   1   1   2   2  -1  -2   1  -1  -2   1   0   0  -2   0  -1   2   0  -3    3  15   8   8   4   8   3   3   3   4   4   8   3   4   3   6   4   3   3   2  0.19 0.19
  296 R    -1   0   0   0   2   0   0  -1   2   0  -1   0   2   1   0  -1   0   4   1  -1    5   5   5   5   5   5   5   5   5   5   5   5   5   5   5   5   5   5   5   5  0.09 0.08
  297 L     0   0   0   0   2   0   0  -1   1   0  -1   0   1   0   0   0   0  -2   1   0    5   5   5   5   5   5   5   5   5   5   5   5   5   5   5   5   5   0   5   5  0.03 0.05
  298 L    -1   0   0   0   2   0   0  -1   2   0  -1   0   2   1   0  -1   0   4   1  -1    5   5   5   5   5   5   5   5   5   5   5   5   5   5   5   5   5   5   5   5  0.09 0.08
  299 Q    -1  -1   0   1  -6   3   0  -2   1   0  -1   1   1   1  -1   0  -2   4   0  -1    5   4   5   7   0  13   5   3   4   6   6   8   3   5   3   7   3   5   3   4  0.18 0.17
  300 P     0   1   0   0  -1   1   0  -2   0  -2  -2   0   1  -3   5   1  -1  -6  -2  -2    8   6   4   5   1   6   5   2   3   2   4   6   3   1  24  11   4   0   2   3  0.35 0.32
  301 K    -1   1   1   1  -1   0   1   0  -1  -2  -2   2  -1   0  -2   0   1   1  -1  -2    5   9   7   7   1   4   8   8   1   3   4  12   1   5   2   8   8   2   2   2  0.11 0.13
  302 N    -3  -1   6   1  -1  -1  -2  -1   3  -3  -3  -2  -1  -2  -3   2  -1  -6  -1  -4    3   4  35   6   1   3   3   5   6   2   4   3   1   2   1  13   4   0   3   1  0.68 0.49
  303 V     0   0   0  -1   2   1  -1  -2   1   1  -1  -1   2   1   0   0  -1   3   0   0    7   5   4   4   5   7   4   3   3   7   5   3   6   5   4   7   4   4   3   7  0.07 0.10
  304 M    -1   0   0   0   2   0   0  -1   2   0  -1   0   2   1   0  -1   0   4   1  -1    5   5   5   5   5   5   5   5   5   5   5   5   5   5   5   5   5   5   5   5  0.09 0.08
  305 V     0  -1   0  -1   2  -2  -1  -2   0   1   1  -1   1   0   0  -1   0   2   0   2    8   2   4   4   5   0   4   3   2   6  13   3   4   4   4   5   6   3   4  15  0.07 0.10
  306 S     0   0   1  -1   1   0   0  -2   1  -2  -2   1   1  -4   1   2   0   1   0  -2    9   5   7   4   3   4   5   3   3   3   4   9   3   0   6  17   6   2   3   3  0.13 0.18
  307 T    -1   0   0   0   2   0   0  -1   2   0  -1   0   2   1   0  -1   0   4   1  -1    5   5   5   5   5   5   5   5   5   5   5   5   5   5   5   5   5   5   5   5  0.09 0.08
  308 G     0  -2   2   4   0  -2  -2   1   1  -1  -4  -2   0  -2   0   1  -1  -7  -1  -2    8   3  10  21   2   2   3  11   3   3   2   3   2   2   5  10   4   0   3   3  0.36 0.28
  309 R    -2   1   1   1  -1  -2  -1  -2   2  -1  -2   1   0  -2   5   0  -1   0  -1  -3    3   6   5   8   1   2   4   3   4   4   4   8   3   2  24   6   4   1   2   3  0.38 0.31
  310 D    -1   2   0   2  -1   0   0  -1   1  -1  -2   1   0   0   1   0   0   0  -1  -2    5  11   4  10   1   3   6   5   3   4   5   7   3   5   8   8   5   1   2   2  0.09 0.11
  311 R    -1   0   0   0   2   0   0  -1   2   0  -1   0   2   1   0  -1   0   4   1  -1    5   5   5   5   5   5   5   5   5   5   5   5   5   5   5   5   5   5   5   5  0.09 0.08
  312 Q     0   0  -1  -1   1   2  -1   2   1  -1  -2   0   0  -1   0   0  -1   2   0  -1    7   6   3   4   3   8   4  16   4   3   4   6   3   3   6   6   3   2   3   4  0.08 0.12
  313 T    -2   2   1  -1   0  -1   0  -2   0  -1  -2   2   0  -1   0   2   1   1  -1  -2    4  10   6   4   2   2   5   3   2   3   5  13   2   2   6  12   9   2   3   3  0.17 0.18
  314 N    -2   0   3   0  -1   0   0   0   2   0  -2   0  -1  -1  -1   1   1  -1   0  -1    4   6  12   5   1   5   7   7   4   5   5   5   1   3   3   9   8   1   3   4  0.06 0.10
  315 H    -2  -2   2  -1  -1   0  -1   2   4  -1  -2  -1   0   0   0   2  -2  -4   0  -2    4   3   8   4   1   5   4  13   9   4   4   4   2   3   5  14   3   0   4   4  0.18 0.18
  316 C     0   1  -2  -3   4  -1  -2  -3   0   0  -1   3   1  -1   0   0  -1   0  -1   0    8   8   2   2   8   2   2   2   2   4   7  14   4   3   4   7   5   1   2   7  0.17 0.16
  317 Y    -2  -4  -3  -4   3  -2  -5  -6   1  -1  -1  -5   2   2  -2   1   0   1   7  -1    4   1   2   1   6   2   1   1   4   3   7   1   4   6   2  10   6   2  29   4  0.79 0.55
  318 I    -1  -1  -2  -1   1  -2  -1  -1   0   1   1   0   3   1  -1   0   0  -3   0   0    4   3   0   3   4   0   3   5   3  10  13   7  10   7   3   7   5   0   3   5  0.03 0.14
  319 A     1  -1   0  -1   1   0  -1   0  -2  -1  -1   0   0  -1   0   1   1  -3   0  -1   14   3   4   3   3   3   3   8   0   3   7   4   3   3   3  13   9   0   3   4  0.03 0.12
  320 I     1  -1   0  -2   5  -1  -5  -1   1   1  -1  -1   1  -1  -2   0  -1   2   1   1   13   3   5   3   9   3   0   5   3   7   6   3   3   3   3   8   3   2   4   8  0.14 0.17
  321 L     1  -1   0  -1   3   0  -2  -2   2   0   1  -2   0   1  -2   0  -1   2   1   0   12   3   4   4   7   4   3   3   5   6  12   3   3   5   3   6   3   3   5   5  0.07 0.11
  322 N     1  -1   2  -2   1  -1  -2  -1   0   1   2  -3   2   0  -2   0  -1  -4  -1   0   11   4  11   2   3   2   3   4   3   7  22   0   5   3   1   5   4   0   2   7  0.15 0.19
  323 I    -1  -2   0  -2   0   0  -2  -1   0   3   1  -2   3   0   0   0   0  -4   0   1    4   2   4   3   2   4   2   4   2  18  13   2   8   5   4   6   5   0   3  10  0.13 0.16
  324 I    -1   0   0  -2   2   0   0  -1   2   0  -1   0   1   1   0   0   0   3   1   0    5   5   5   0   5   5   5   5   5   5   5   5   5   5   5   5   5   5   5   5  0.07 0.11
  325 Q    -2   5   1  -2  -1   1  -2   0   0  -2  -1   1   0  -2  -1   0  -1  -5  -1  -2    3  29   7   2   2   6   2   8   2   2   6   7   2   2   3   5   3   0   2   3  0.30 0.32
  326 G     0   0   0  -1   1  -1  -2   5   0  -2  -5  -1  -1  -2  -1  -1  -2  -5   0  -1    6   5   5   4   3   2   2  40   2   2   0   4   2   2   3   4   2   0   3   4  0.47 0.40
  327 E     0   0   0   0   2   0   0  -1   1   0  -1   0   1   0   0   0   0  -2   1   0    5   5   5   5   5   5   5   5   5   5   5   5   5   5   5   5   5   0   5   5  -0.00 0.06
  328 V    -1  -2  -1  -1   3  -1  -1  -1   0   2  -2  -2   2   0  -3  -1  -1  -6   0   3    5   2   3   4   5   3   4   6   2  11   4   3   5   4   2   4   4   0   4  20  0.18 0.18
  329 D     0  -2   1   2   0   0  -1  -2   1  -2  -1  -1   0  -2   0   2   0  -6  -1   0    7   2   6   9   2   4   5   3   3   2   7   3   2   2   5  17   6   0   2   8  0.09 0.18
  330 P    -2  -1  -1  -1   2   0  -1  -2   1   0  -1  -1   2  -1   3   0   1   2   0   0    4   3   3   4   4   5   4   4   4   6   6   3   4   3  14   7   7   2   3   6  0.09 0.15
  331 T    -1   0   0   0   2   0  -1  -1   2   0  -1   0   2   0   0  -1   0   3   1  -1    5   5   5   5   5   5   5   5   5   5   5   5   5   5   5   5   5   5   5   5  0.03 0.09
  332 Q     0   0   0   0  -3   1   0   0   1   0  -1   0   1   0   1   0   0  -2   1   0    6   6   5   6   0   5   6   6   5   6   6   6   5   5   6   6   6   0   5   6  0.03 0.06
  333 V     0  -2  -1   1   0  -2  -2  -1   1   3  -1  -2   0   0  -2  -1   0   1  -1   3    7   3   3   8   2   2   2   4   4  14   6   3   2   3   2   4   5   2   3  19  0.22 0.16
  334 H    -1   0   0   0   2   0  -1  -1   2   0  -1   0   2   0   0  -1   0   3   1  -1    5   5   5   5   5   5   5   5   5   5   5   5   5   5   5   5   5   5   5   5  0.03 0.09
  335 K     0   0   0   0   2   0   0  -1   1   0  -1   0   1   0   0   0   0  -2   1   0    5   5   5   5   5   5   5   5   5   5   5   5   5   5   5   5   5   0   5   5  -0.00 0.06
  336 S     2  -1   0  -1   1   1  -1  -1   0  -2  -2  -1   1  -1   0   0  -1   2   0  -1   17   4   5   4   3   7   4   4   3   3   5   4   3   3   4   8   4   2   3   5  0.04 0.13
  337 L     0   0   0   0   2   0   0  -1   1   0  -1   0   1   0   0   0   0  -2   1   0    5   5   5   5   5   5   5   5   5   5   5   5   5   5   5   5   5   0   5   5  -0.00 0.06
  338 Q     1   0   0   0   0   2   0  -1   0  -1   0   1   0  -1  -1   1   0  -3   0  -1   13   3   5   5   2   9   4   3   3   3   8   7   3   2   3  10   5   0   4   4  0.03 0.12
  339 R     0   1   1   0   0   0   0  -1   0  -1  -1   1  -1   0  -1   0   1   2   0  -1    5   9   8   4   2   4   7   5   3   3   5   8   2   4   3   7   8   3   3   4  0.03 0.09
  340 I    -2  -3  -2  -3   0  -3  -3  -3  -1   4   2  -3   2   1  -2  -3  -2   1  -1   2    4   2   2   2   2   2   2   2   2  23  17   2   5   5   2   2   3   2   2  14  0.43 0.29
  341 R     0   0   0   0   2   0   0  -1   1   0  -1   0   1   0   0   0   0  -2   1   0    5   5   5   5   5   5   5   5   5   5   5   5   5   5   5   5   5   0   5   5  -0.00 0.06
  342 E     0   0   2   1   0   1   2  -1   1  -1  -1   1   0  -2  -1   1   0  -4  -1  -2    5   5   9   6   2   6  12   4   4   4   5   7   2   2   2   9   6   0   2   2  0.07 0.14
  343 R    -1   3   0  -1  -1   1  -1  -2   0  -2  -2   3   0  -2  -1   0   0  -4   0  -2    4  17   5   3   2   5   3   2   3   3   4  21   2   2   3   7   4   0   3   2  0.21 0.28
  344 K    -2   3   3   0  -2   1   0  -1   2  -2  -3   2   0  -2   0  -1  -2  -1   0  -2    2  13  12   4   1   7   5   4   5   2   3  14   3   2   5   5   2   1   3   3  0.22 0.26
  345 L     0   1   0  -1  -1  -1  -1   0  -1  -1   0   0  -1  -2  -1   2   1  -4   0  -1    6   6   5   3   2   2   4   6   2   4   8   5   2   1   4  19  10   0   3   3  0.07 0.16
  346 A    -1   0   0   0   2   0   0  -1   2   0  -1   0   2   1   0  -1   0   4   1  -1    5   5   5   5   5   5   5   5   5   5   5   5   5   5   5   5   5   5   5   5  0.09 0.08
  347 N    -3   1   2  -1   0   3  -2  -3   1  -2  -3   1  -1  -2   1   1  -1   0   3  -4    3   7  10   4   2  12   3   3   4   2   3   8   2   2   6  11   4   1   9   2  0.29 0.27
  348 F    -3  -3  -8  -3   2  -2  -3  -3  -1  -2   0  -4   2   8  -4  -2  -3   1   3  -4    2   2   0   2   3   2   2   3   2   3   8   2   5  45   2   4   2   2   8   2  1.29 0.67
  349 I     0  -3  -7  -3   0  -3  -6  -3   0   2  -2  -1   1  -1   1  -2   0   1  -2   5    8   2   0   2   2   2   0   2   2  12   4   4   3   3   7   4   5   2   2  34  0.62 0.37
  350 P    -2  -3   0   4   0  -3   2  -3  -1  -4  -4   1  -1  -3   3   1  -1  -1   0  -4    4   2   4  21   2   1  14   2   2   1   2   8   2   1  15  10   4   1   3   1  0.53 0.39
  351 W    -8  -4  -3  -2  -8  -3  -4  -2  -1  -3  -2  -4  -7   1  -3  -2  -4  12   2  -4    1   1   2   3   0   2   2   3   1   2   5   2   0   6   2   3   2  57   6   1  2.68 1.25
  352 G     0  -1   2  -1   3  -1  -2   0   0   2   0  -2   2  -1  -1   1   0  -4  -3   0    6   3  12   4   8   2   2   6   2  13   7   2   6   3   2  10   5   0   0   7  0.12 0.17
  353 P    -2  -1  -2  -1  -5   1  -1  -3   0  -3  -3  -1  -1  -2   6   0   0  -6  -2  -3    3   3   2   4   0   7   4   3   2   2   3   4   2   2  44   7   5   0   2   2  0.88 0.58
  354 A     0   0   2   2   0   0   0  -1   1  -1  -2   0  -3  -1   1   0   1  -4  -1  -2   10   6   9  11   2   3   5   4   4   3   3   5   0   4   6   8  11   0   3   2  0.12 0.15
  355 S     1  -1   3   0   1  -1  -1   2   1  -2  -3  -1  -1  -2   1   2  -1  -4  -1  -2   10   4  14   5   3   3   3  15   3   2   3   3   2   2   6  15   3   0   3   3  0.19 0.21
  356 I    -1   0   0   0   2   0   0  -1   2   0  -1  -2   1   1   0   0   0   3   1   0    5   5   5   5   5   5   5   5   5   5   5   0   5   5   5   5   5   5   5   5  0.07 0.11
  357 Q    -1   1   0  -1   2   2   0  -1   1  -1  -1   2   0   0  -1   0  -1  -4   0  -1    5   9   4   3   4   9   3   5   4   3   4  16   3   4   3   7   4   0   3   4  0.09 0.16
  358 V    -1  -1  -1  -4   2   0  -2  -2   0   1   1  -1   0   2  -1  -1   1   1   1   2    4   3   2   0   5   4   3   2   3   7  11   3   2   9   3   5  10   2   5  17  0.14 0.17
  359 A     2  -2  -1  -2   1  -1  -1   2   1   0  -2   0  -1  -2  -2   1   0   4   0   0   15   1   3   2   2   2   3  16   3   5   4   5   2   2   1  12   6   5   3   6  0.16 0.19
  360 L    -2  -1   0  -4   0   0  -3  -5   3   3   2  -2   1  -1  -3  -2   0   1   1   2    3   4   4   0   2   4   1   0   7  19  17   2   3   3   1   3   5   2   6  13  0.31 0.26
  361 S     0  -1   2  -1   7  -1  -3  -1   2  -2  -2  -2  -4  -1  -1   1   1   2   0  -1    6   3   8   3  21   3   1   5   5   3   4   3   0   3   3   9   8   3   4   4  0.42 0.35
  362 R    -1   2   1   1  -2   1  -1  -1   2  -2  -3   1  -1  -1   0   2  -1   1   2  -3    4   9   8   9   1   6   2   4   5   2   2   9   1   2   5  13   4   2   8   2  0.21 0.23
  363 K    -1   1   0  -2  -2   4   0  -3   1   0  -2   1   0  -2  -2  -1   0   1  -2   1    5   8   4   2   1  18   6   2   3   6   4  10   2   2   2   5   5   2   1  12  0.21 0.23
  364 S    -1   0   0  -2   1  -2  -2  -3  -1  -2  -3  -1  -1  -2   5   3  -1  -6  -2  -4    6   5   5   3   3   1   3   2   2   2   3   3   2   2  31  21   4   0   1   1  0.66 0.51
  365 P    -1   0  -1  -1  -1  -2  -2  -3   0  -1  -3   0   0  -4   6  -1   0  -2  -3  -3    6   6   3   4   1   2   3   2   2   4   3   5   2   1  41   5   5   1   1   2  0.82 0.55
  366 Y     0   0  -1  -2   0   0  -2  -2   2   1   0  -1   0   2  -2  -1   2  -3   3   1    8   5   3   2   2   4   3   2   5   8   8   3   2   7   2   5  12   0  11  10  0.15 0.15
  367 L     0   0  -1  -1  -1   0  -1  -1  -1   1   1  -1   0   0   0   0   0   0   0   1    6   5   3   4   1   3   3   4   2   8  13   4   3   4   5   5   7   1   4  15  0.03 0.04
  368 P    -1  -2   0  -2  -1   1  -2  -1  -1   1   0   0   1   1   3   0   0  -3  -1   2    4   2   4   3   1   6   2   4   1   6   9   5   3   6  16   6   5   0   2  13  0.17 0.16
  369 S     0   0   2   0   0   0   0  -1   0  -2  -2   0   1  -3   4   1   0  -5  -2  -2    6   6   8   5   2   4   5   6   2   2   3   6   4   1  19  10   6   0   2   2  0.27 0.25
  370 A     0   0   1   1   1   1  -1   3   0  -2  -3   1   0  -1  -1   0  -1  -4  -1  -2    7   4   7   7   3   6   4  23   3   2   3   8   2   3   3   8   4   0   2   2  0.19 0.19
  371 H    -2  -1   1   0   2   2  -1  -1   4  -1   0  -1   0   1  -1   1  -1   2   1  -2    3   3   7   5   4   8   3   6   8   4   9   4   3   5   3  11   5   2   4   3  0.15 0.14
  372 R    -1   0   0   0  -3   0   0  -1   2   0  -1   0   1   0   0   0   0   3   1   0    5   5   5   5   0   5   5   5   5   5   5   5   5   5   5   5   5   5   5   5  0.06 0.08
  373 V    -1   0  -1  -1   1   0  -1  -3   1   1   0   0   2   0   0   0   0   2   1   0    5   6   3   3   3   4   4   0   3   8  11   5   9   4   4   6   7   3   4   7  0.06 0.11
  374 S     2  -2   0  -2   0  -2  -2  -2  -4  -2  -3  -2  -1   0  -2   5   0  -5  -4  -3   18   2   4   2   2   2   2   2   0   2   2   2   2   4   2  45   6   0   0   2  0.70 0.53
  375 G     2  -1  -2  -3   1  -2  -2   2  -4   0   1  -1   1  -1  -2   0  -1  -4  -2   2   18   3   2   1   3   1   2  14   0   3  17   3   3   2   1   7   2   0   1  17  0.18 0.21
  376 L     0  -4  -2  -2   5  -4  -4  -2  -1   1   2  -4   2   0  -5  -1   4  -5  -1   1    6   0   2   2  11   0   0   3   2   6  19   0   5   4   0   5  24   0   2   8  0.48 0.37
  377 M     0  -3  -1  -3   3   0  -3  -2   0   0   1  -1   4   2  -1   0  -1   1   0   1    7   0   3   0   6   5   0   3   2   3  17   4  13   9   2   8   3   2   3   9  0.17 0.20
  378 M     0  -4  -1  -4   2  -1  -4  -4  -4   2   4  -4   2   0  -1  -2  -1  -4   0   1    7   0   3   0   4   3   0   0   0  12  41   0   4   3   3   3   3   0   3  10  0.44 0.32
  379 A     0   0   0   0   2   1   0   0   2   0  -1   0   1   0  -2   0   0  -2   1   0    6   6   5   6   5   5   6   6   5   6   6   6   5   5   0   6   6   0   5   6  0.03 0.07
  380 N    -1   0   7  -3   2   1  -3  -1   2  -5  -5   0  -5  -5  -5   0   0  -6  -5  -5    5   5  49   0   5   5   0   5   5   0   1   5   0   0   0   7   5   0   0   0  1.06 0.51
  381 H    -2  -1   4   1   2  -2  -2   0   3  -3  -3  -2  -1   0  -2   3   1   1  -1  -3    3   3  18   6   4   2   2   7   6   2   2   2   2   4   2  20  10   2   2   2  0.37 0.33
  382 T    -1   1   0  -2   3   1  -4  -2  -5  -2  -3  -2   1  -6  -1   1   5  -6  -1  -2    5   6   4   3   6   7   0   4   0   2   3   2   4   0   3  10  37   0   2   3  0.62 0.49
  383 S     3  -1   1  -1   1  -1  -1   1   0  -2  -2  -2  -1  -1  -1   2   0  -4   0  -2   22   4   8   4   3   2   3   9   2   2   5   2   2   3   2  16   5   0   3   2  0.19 0.21
  384 I    -1  -5  -2  -5   3  -2  -5  -3  -1   5   0  -5   2   1  -2  -1  -1  -5  -4   2    4   0   2   0   5   2   0   2   2  33   8   0   5   7   3   6   4   0   0  14  0.64 0.38
  385 S     1   2   0  -3   1   1  -1   0   1  -1  -1   0   0  -1  -1   1   0  -3   1   0   12  11   4   0   4   6   3   6   4   4   5   6   3   3   3  10   5   0   4   8  0.07 0.12
  386 S     0   0   0   0   2   0   0  -1   1   0  -1   0   1   0   0   0   0  -2   1   0    5   5   5   5   5   5   5   5   5   5   5   5   5   5   5   5   5   0   5   5  0.03 0.05
  387 L     1   1  -1  -1   1   0   0  -1   0  -1   0  -1   0  -1   2   0   0  -3   1   0   14   7   3   4   3   3   6   3   3   4   9   3   3   3  12   4   5   0   5   6  0.08 0.10
  388 F     0   0   0  -2   2  -2  -2   0  -2   0   0  -2   1   1  -3   0  -1   4   1   0    7   7   7   0   7   0   0   7   0   7   7   0   7   7   0   7   0   7   7   7  0.07 0.15
  389 E     1   1   0   1  -1   2   1  -1   1  -2  -3   2   0  -2  -1   1   1  -4   0  -2   10   8   4   7   1   8  10   5   3   2   2  11   2   1   2  10   9   0   3   2  0.16 0.16
  390 R    -1   5   0  -1   2   1   0   0   1  -2  -2   1  -1  -2  -3  -1  -1   1  -1  -3    5  30   4   3   4   5   5   9   3   2   4   7   2   2   2   5   3   2   2   2  0.38 0.29
  391 T    -2  -3  -2  -3   1  -1  -5  -5  -1   3   3  -5   2   0  -5  -2   1   2   1   1    4   2   3   2   3   3   0   0   2  18  28   0   5   3   0   2   8   2   4  10  0.46 0.30
  392 C     0   0   0   1   2   0  -1   0   0   0   1   0   0  -1  -1   0   0  -3  -1   0    6   6   5  10   5   3   2   6   3   6  16   5   2   2   3   5   6   0   2   7  0.03 0.06
  393 R    -1   1   2   2  -5   1   2  -1   5  -3  -3   0  -1  -3  -4   1   0  -5   0  -3    4   7   8   9   0   7  15   4  13   2   3   5   2   1   0  10   6   0   3   2  0.35 0.29
  394 Q    -1   3   1  -1   0   4  -2  -3   0  -3  -4   5  -2  -4  -3  -1  -2  -1  -3  -4    5  13   6   3   2  19   2   2   2   2   1  30   1   1   1   5   2   1   1   1  0.69 0.48
  395 Y     2  -8  -7  -8   2  -7  -8  -1  -7   0  -2  -7   2   7  -8   0   0   3   3  -1   13   0   0   0   4   0   0   5   0   5   5   0   4  32   0   6   6   4   9   5  1.04 0.46
  396 D    -1   0   0   0   2   0   0  -1   2   0  -1   0   2   1   0  -1   0   4   1  -1    5   5   5   5   5   5   5   5   5   5   5   5   5   5   5   5   5   5   5   5  0.09 0.08
  397 K     1   1   1  -1   0   1  -1  -1   0  -2  -1   3   0  -1   0  -1   0  -4   1  -1   11   8   7   3   2   6   4   4   2   2   6  18   2   2   4   4   5   0   6   4  0.13 0.15
  398 L    -3  -2  -2  -6  -6   0  -2  -6  -6  -1   3  -1   8  -1  -1  -1  -2  -6  -1  -2    3   3   2   0   0   4   2   0   0   4  28   4  32   3   3   5   3   0   2   3  0.97 0.59
  399 R     0   0   0   0   2   1   0  -3   2   0  -1   0   1   1  -3   0  -2   4   1   0    6   6   6   6   6   6   6   0   6   6   6   6   6   6   0   6   0   6   6   6  0.10 0.15
  400 K     0   2   0   0   0   1   0  -1   1  -1  -2   2   0  -1  -3   0   0  -3   0  -1    8  12   5   6   3   4   5   4   4   3   3  16   3   3   0   8   6   0   3   3  0.11 0.14
  401 R     0   0   0  -2  -3   1   0   0   2   0   0   0   1   1  -3   0   0   4   1   0    6   6   6   0   0   6   6   6   6   6   6   6   6   6   0   6   6   6   6   6  0.08 0.12
  402 E    -3   4   1   1   1   1   0   1   1  -4  -2   3   1  -4  -4  -1  -3   2   0  -4    0  22   5   8   3   5   4  11   4   0   4  17   5   0   0   4   0   3   3   0  0.37 0.30
  403 A     5  -4  -1  -2   1  -1  -2  -1  -4  -1  -2  -3   0  -1  -1   0   1   2  -4  -1   54   0   3   2   2   2   2   2   0   3   3   0   3   2   3   5   7   2   0   4  0.59 0.45
  404 F    -4  -5  -2  -5   0  -5  -2  -5   2  -1  -1  -5   0   7  -5  -2  -4   2   6  -2    0   0   2   0   2   0   2   0   5   2   4   0   2  43   0   3   0   2  26   2  1.30 0.61
  405 L    -2  -4  -4  -4   1  -3  -4  -4  -4   2   4  -4   1   1  -4  -2   0   1  -1   3    3   0   0   0   2   0   0   0   0   8  40   0   3   5   0   3   5   2   2  24  0.51 0.32
  406 E    -3  -1   1   1   0  -1   1  -3   9  -5  -5  -1  -2   0  -4  -2  -3   0   2  -4    2   3   7   7   2   3   8   2  46   0   1   3   1   3   0   2   2   1   5   1  1.20 0.57
  407 Q    -4  -2   0  -3  -5   3  -2  -1   5  -3  -2   0  -1  -1  -3  -2  -2   9   1  -3    1   2   4   1   0  12   2   4  15   1   5   5   1   2   2   3   2  31   4   1  1.14 0.55
  408 F    -5  -5  -5  -5  -1  -4  -5  -5   0  -2  -2  -5   0   5  -5  -5  -3  -2   9  -4    1   1   0   1   2   0   1   1   2   2   3   1   2  19   1   1   2   0  62   1  1.96 0.75
  409 R    -1   0  -2  -1  -1   1   1  -2  -1   0   1   0   0   0  -3  -1   2  -1   0   2    3   5   1   2   1   6   9   2   1   2  13   7   2   4   1   2  17   1   3  17  0.11 0.16
  410 K     0   1   0  -1   0   2   0   3   0  -3  -3   3  -1  -3  -3   0  -2  -1  -1  -2    7   9   5   3   2   9   5  20   2   1   3  19   1   1   1   5   2   1   2   3  0.26 0.21
  411 E    -2  -3   0   1  -2  -1   6  -2   2  -2  -5  -2  -4   1  -3  -3  -2  -1   3  -3    3   0   4   7   1   2  47   3   6   2   1   2   0   5   1   1   2   1   9   2  0.80 0.49
  412 D    -2  -3   0   0  -5  -2  -2   6  -2  -4  -5  -2  -5  -2   0   0  -3  -5  -2  -4    3   2   4   6   0   1   2  60   1   1   1   2   0   2   4   6   1   0   2   1  1.05 0.52
  413 M    -3  -2  -2  -3   0  -2  -3  -1  -4   1   2  -2   8   0  -1  -2  -2  -4  -1   0    2   2   2   2   2   2   2   5   0   7  16   2  38   4   3   2   2   0   2   6  0.79 0.47
  414 F    -2  -2  -1   4  -2  -1   4  -1  -3  -3  -3  -2  -3   4  -4   0   0  -2  -2  -4    2   2   3  21   1   2  28   4   0   1   2   1   1  17   0   7   6   1   1   1  0.58 0.41
  415 K     0   0  -1   1  -1   2   5  -2  -3  -2  -2   1  -1  -4  -1   0  -2  -5  -4  -3    7   3   3   7   1   7  38   3   0   3   3   9   1   1   2   7   2   0   0   1  0.50 0.36
  416 D    -1  -1   1   3  -1  -1   2   2  -2  -1  -2  -2   4  -2  -2   0  -2  -4  -2  -2    5   2   7  17   1   2  16  14   1   3   3   1  12   1   1   7   2   0   1   2  0.31 0.26
  417 N    -2  -3   1   4  -2   0   5  -1   0  -2  -3  -2   0  -1  -3  -1  -2  -2  -1  -2    2   1   7  20   1   4  34   6   2   3   3   1   2   2   1   3   2   1   2   3  0.57 0.38
  418 F    -4  -2  -3  -6  -3  -4  -3  -6  -2   1   2  -4   1   8  -6  -4  -5  -3   0  -1    1   2   2   0   1   1   2   1   1   6  16   1   3  55   0   1   0   0   2   4  1.37 0.63
  419 D    -1  -2   0   2  -1   0   2  -1  -1  -2  -2  -1  -1  -3  -1   2   2  -3  -2  -1    5   1   4  13   1   5  12   5   2   2   4   2   2   1   3  16  15   0   2   4  0.22 0.19
  420 E    -3  -2  -2   0  -4   0   7  -3  -1  -4  -2  -3   2  -4  -2  -3  -3  -1  -4  -3    2   2   1   5   0   3  62   3   1   1   4   1   4   1   2   1   2   1   1   2  1.21 0.60
  421 M     2  -2  -2  -2  -1  -2  -2  -2  -2   0   1  -2   3   5  -2  -1  -1  -2   0   0   19   2   1   2   1   1   3   3   1   4  14   2   9  23   2   3   2   0   2   5  0.31 0.19
  422 D    -1   0   0   3  -3   1   3  -2  -1   0  -1   0   0   0  -1  -1  -1  -1  -1   0    4   5   3  17   0   5  20   2   1   6   7   4   2   5   2   4   3   1   2   6  0.18 0.15
  423 T     0  -1   1   2  -1   1   3  -2  -1  -3  -2   0   0  -2  -2   2  -1  -2  -2  -2    6   3   6  13   1   7  21   3   1   2   5   4   2   1   1  16   3   1   1   3  0.27 0.21
  424 S     5  -3   3  -3   3  -3  -3  -3  -3  -5  -5  -3  -2  -4  -4   4  -2  -6  -3  -5   44   1  12   1   5   1   1   2   1   0   0   1   1   1   1  26   2   0   1   0  0.97 0.62
  425 R    -1   5  -1  -4  -1  -1  -3  -4   0  -2   0   1   2   3  -4  -1  -2  -4   0  -1    6  34   2   1   2   2   1   1   2   2  11   7   5  13   1   4   2   0   3   3  0.54 0.36
  426 E    -1  -2   2   2  -5   0   6  -2   0  -4  -2  -2  -4  -5  -4  -1  -1  -5  -2  -3    6   1   8  12   0   3  47   3   2   1   4   2   0   0   1   4   3   0   1   2  0.83 0.50
  427 I    -1   1   1   3  -2   0   0  -2   0   0  -2   0  -1  -1  -3   1   1  -4  -1   1    3   8   8  18   1   4   4   2   2   7   3   5   1   3   1  10   9   0   2  11  0.16 0.17
  428 V    -3  -5  -5  -6   1  -5  -4  -6  -6   3   4  -5   4  -1  -5  -5  -2  -5  -3   4    1   0   1   0   3   0   1   0   0  15  33   0  10   2   0   0   2   0   1  30  0.95 0.51
  429 Q     1   1   1   0  -1   3   3  -3   1  -2  -1   0  -1  -3  -4   0  -1  -4  -1  -1   13   7   7   4   1  16  17   1   4   2   6   6   1   1   0   5   3   0   2   4  0.27 0.26
  430 Q     1  -2   2   4  -1   2   0  -2  -2  -4  -4  -1  -1  -2  -4   3   0  -2  -1  -4   12   1  10  20   2  11   5   3   0   1   1   3   1   2   0  19   5   1   2   1  0.44 0.36
  431 L    -3  -6  -5  -5  -1  -3  -2  -7  -6   3   5  -6   1  -2  -6  -5  -2  -6  -3   2    2   0   0   1   1   1   3   0   0  12  59   0   3   1   0   0   2   0   1  12  1.09 0.58
  432 I    -2  -3  -4  -4  -1  -1   2  -6  -3   6   0  -4   2  -3  -6  -2  -3  -5   2   2    3   2   0   1   1   2  12   0   0  40   8   1   4   1   0   3   1   0   6  15  0.77 0.48
  433 D     0  -1   2   4  -2   3   2  -2  -1  -4  -4   2  -2  -4  -4   1  -2  -6  -3  -4    8   2   9  19   1  12  14   3   1   1   2  14   1   1   0  10   1   0   1   0  0.46 0.36
  434 E    -2  -3   1   5  -1   1   5  -3  -2  -3  -4  -3  -3  -6  -4   0  -3  -4  -5  -4    4   1   5  26   1   6  39   2   1   2   2   1   1   0   0   6   1   0   0   1  0.94 0.59
  435 Y    -8  -8  -8  -9  -5  -7  -8  -9  -1  -5  -6  -8  -1  -1  -9  -8  -7  -1  10  -7    0   0   0   0   0   0   0   0   1   1   1   0   2   1   0   0   0   1  93   0  3.62 1.45
  436 H    -1   2   0  -1  -4   4   4  -4   1  -2  -4   3  -1  -6  -4  -1  -1  -6  -3  -2    6  11   4   3   0  17  23   1   3   2   1  16   2   0   0   4   3   0   1   3  0.54 0.39
  437 A     2  -2   0   0  -3   3   4  -3  -2  -5  -4   1  -3  -4  -3   1  -2  -6  -2  -4   18   2   5   5   0  11  30   1   1   0   2   6   1   1   1  11   2   0   1   1  0.57 0.43
  438 A     3  -4  -4  -4   3  -3  -3  -2  -4   1   2  -3  -1  -1  -4   0  -1  -4  -1   2   31   1   0   0   7   1   1   3   0   8  17   1   1   2   0   6   2   0   2  16  0.43 0.33
  439 T    -1  -2   0   1  -3   2   5  -1  -1  -2  -1  -2  -3  -5  -4   0   2  -5  -3  -2    4   1   5   7   0   7  38   5   1   2   6   1   0   0   0   6  13   0   1   2  0.52 0.39
  440 R     0   2   0   0  -4   2   0  -2  -1  -2  -2   2  -1  -3  -3   2   1  -2  -2  -2    9  12   4   5   0  11   5   2   1   2   3  14   1   1   0  17   8   1   1   2  0.25 0.23
  441 P     1  -3   0   4  -3   0   2  -2  -3  -1  -2   0  -3  -3   2   1  -1  -4  -2  -2   14   0   4  22   0   3  14   2   0   4   5   4   0   1  12   9   2   0   1   3  0.34 0.26
  442 D    -2  -2   4   5  -5   0   1  -3  -1  -3  -5  -2  -4  -5   0   2  -1  -5  -4  -4    3   1  18  36   0   3  10   1   1   2   1   1   0   0   4  15   3   0   0   1  0.77 0.41
  443 Y    -2  -4  -3  -3  -5   0  -2  -5  -1  -3  -3  -3  -2   4  -1  -1  -2   2   8  -3    3   0   1   1   0   4   2   1   1   1   2   2   1  17   3   5   2   2  50   1  1.29 0.59
  444 I    -2  -3  -4  -1  -3   0   0  -4  -3   3   3  -3   2  -1   1  -2  -2  -3   0   1    2   0   0   4   0   4   6   1   0  20  34   0   5   1   6   3   1   0   4   9  0.37 0.26
  445 S    -2  -2   3   4  -4   2   2   0   0  -4  -4   0  -3  -4  -1   1   1  -4  -1  -4    2   0  13  24   0   8  11   6   2   0   1   6   0   0   3  13   8   0   3   0  0.42 0.27
  446 W     1   0  -1  -1  -3  -2   0   0  -2  -2  -2  -2  -1   1   1  -2  -2   7   3   0   16   6   2   3   0   0   7   8   0   1   3   1   1   5   7   0   1  18  13   7  0.46 0.26
  447 G     0  -3  -1   3  -4  -2  -1   5  -3  -4  -5  -1  -4  -3  -4   0   0  -5  -3  -1    4   0   2  21   0   1   4  45   0   0   0   3   0   1   0   8   7   0   1   5  0.67 0.31
  448 T     0  -2   0   1   0   0   1   0  -1  -1   0  -2   2  -1  -2   1   1  -3   0   0    9   0   5  10   2   2  13   8   1   2   7   0   8   3   0  11  10   0   4   6  0.09 0.11
  449 Q    -1  -2  -1   4  -5   3   5  -1   0  -5  -5  -1  -4  -5   0  -1  -3  -5  -4  -5    5   0   1  23   0  16  41   5   2   0   0   2   0   0   4   2   0   0   0   0  0.83 0.38
  450 E    -2  -2  -2   4  -6   1   6  -3  -1  -5  -5   1  -4  -5  -2  -2  -3  -5  -4  -3    1   0   0  21   0   5  59   1   1   0   0   9   0   0   2   0   0   0   0   1  1.09 0.42
  451 Q    -2   0  -1   0  -5   4   5  -3   4  -5  -4   1  -3  -4  -3  -2  -2  -4  -2  -4    0   1   0   0   0  25  54   0  14   0   0   5   0   0   0   0   0   0   0   0  0.96 0.26

                      K         Lambda
Standard Ungapped    0.1353     0.3192
Standard Gapped      0.0367     0.2670
PSI Ungapped         0.1199     0.3176
PSI Gapped           0.0367     0.2670
