
Last position-specific scoring matrix computed, weighted observed percentages rounded down, information per position, and relative weight of gapless real matches to pseudocounts
           A  R  N  D  C  Q  E  G  H  I  L  K  M  F  P  S  T  W  Y  V   A   R   N   D   C   Q   E   G   H   I   L   K   M   F   P   S   T   W   Y   V
    1 M   -2 -3 -4 -5 -3 -2 -4 -5 -3  0  3 -3  8 -1 -4 -3 -2 -3 -2  1    0   0   0   0   0   0   0   0   0   0  23   0  71   0   0   0   0   0   0   6  1.17 0.32
    2 A    5 -1 -2 -1 -2 -2 -2  0 -3 -3 -3 -2 -3  0 -3  2  0 -4 -3 -2   65   3   0   3   0   0   0   6   0   0   0   0   0   4   0  15   4   0   0   0  0.66 0.28
    3 A    3  0 -2 -2 -3  0 -2 -3 -3 -2  0 -1  4  3 -1  1  0 -3 -2 -2   29   4   0   2   0   3   0   0   0   0   9   3  15  14   2  14   4   0   0   0  0.28 0.22
    4 T    1 -1  0 -1 -3  0 -1  2  0 -4 -4  0 -3 -4 -1  3  3 -4 -3 -3   14   2   2   2   0   5   2  18   2   0   0   5   0   0   2  28  18   0   0   0  0.42 0.24
    5 L   -1 -4 -4 -5 -3 -2 -4 -5 -4  1  4 -4  3 -1 -2  0  1 -4 -3  1    3   0   0   0   0   2   0   0   0   4  54   0   8   2   1   9   8   0   0   7  0.64 0.32
    6 L    1 -4 -4 -3 -1 -3 -4 -3 -2 -1  2 -2  5  2  3 -2  0 -4 -3  0   14   0   0   1   1   0   0   1   1   1  20   2  19  11  15   2   5   0   0   7  0.48 0.30
    7 A    3 -1 -2 -3 -1  0 -2  1 -3 -2 -2  0 -1 -3 -1  2  1 -4 -3  0   33   3   0   0   1   4   1  12   0   1   2   7   1   1   2  16   9   0   0   5  0.33 0.24
    8 A    3  3 -2 -1 -1 -2  2 -3 -1 -2 -2  0  0 -4  1  0  0 -4 -2 -2   32  19   1   2   1   0  12   0   1   1   2   4   3   0   7   5   6   0   1   2  0.37 0.26
    9 R   -2  5  0 -3 -4  0 -1  1  0 -4 -2  1 -1 -4  3  1 -1 -4 -2 -3    2  32   5   0   0   3   2  13   2   0   3   6   1   0  14  10   2   0   1   2  0.49 0.28
   10 G   -1 -2 -1 -1  0 -1 -1  4 -2 -3 -1 -1 -3  1 -2  1 -3 -2  5 -1    5   2   2   2   2   3   4  29   0   0   6   4   0   4   1  10   0   0  21   4  0.40 0.25
   11 A    1 -2  0  3 -3  0  0 -2 -3  0 -1 -1  1  0  2  0  0  1 -1 -2   17   2   4  20   0   3   5   2   0   6   6   3   5   6   9   5   4   2   2   0  0.18 0.17
   12 G    0  0  0 -2 -2 -1  0  3  0 -2 -1 -1  0  0  0  1 -1  1 -2 -2    7   6   4   1   1   3   7  29   2   2   8   3   2   5   5   9   3   2   1   1  0.20 0.15
   13 P    0  2 -3 -2 -5 -3 -2 -1 -2 -3 -3 -2  1 -3  7  0 -3 -6 -5 -2    9  13   1   2   0   0   2   4   1   1   2   1   3   1  47   9   0   0   0   3  1.02 0.45
   14 A    2 -2 -1 -2 -3  2  0 -1  1 -1 -1 -1  0 -2 -1  1  2 -1 -1  0   23   1   2   2   0  11   5   3   3   2   6   3   2   1   2  10  15   1   2   7  0.18 0.18
   15 P   -2  1 -2 -2 -5  1 -1 -3  0 -4 -3 -1 -1 -4  6  0  3 -1  0 -3    2   9   2   1   0   5   3   1   2   0   2   4   2   0  35   7  17   1   4   2  0.73 0.38
   16 A    1 -1 -1 -1 -3  0 -2  0 -3  1  0 -2  1 -1  1  0  2 -4 -2  2   12   4   2   2   0   5   2   6   0   7  10   1   4   2   6   7  15   0   1  15  0.11 0.14
   17 W   -1 -3 -2 -2 -1 -2 -1 -1  0 -1  1 -2  2  5 -1  0 -1  3  2 -1    5   1   1   2   2   1   4   5   3   2  13   2   6  27   3   8   3   5   5   2  0.31 0.23
   18 G    1 -1  1  1 -4 -2 -1  2 -2 -2 -2 -1 -2  0 -3  3 -1 -2  1 -1   10   3   7   7   0   1   2  19   0   2   3   3   1   4   0  26   2   1   5   4  0.27 0.23
   19 P   -2  0 -2 -3 -6 -3 -3 -3 -2 -2 -2 -1 -5 -4  7  0 -2 -6 -4 -2    3   6   2   2   0   1   2   2   1   3   5   4   0   1  60   6   2   0   0   2  1.41 0.59
   20 E   -1  0  1  2 -1  2  3 -1  3 -3 -3  0 -2 -3 -1  0 -1 -4 -2 -3    6   6   7  13   1   7  24   4   8   1   2   4   1   1   3   6   4   0   1   2  0.35 0.24
   21 A    1 -1  0  0 -4 -1 -1  4  0 -3 -2 -1 -1 -3 -1  1 -1 -3 -2 -2   11   4   5   5   0   3   3  35   2   1   4   4   1   1   4  11   2   0   1   3  0.36 0.23
   22 F   -1 -1 -4 -1 -2 -2 -1 -2  3 -1  1 -1 -1  5 -3 -2 -3 -1  4 -2    5   3   0   4   1   2   3   3   7   4  14   3   1  28   1   2   1   1  13   2  0.48 0.28
   23 T   -1  0  0  0 -1  5  0 -1 -1 -2  0  0 -3 -3  0  0  0 -3 -3  0    5   5   4   5   2  30   5   5   1   1   9   4   0   1   5   6   5   0   0   7  0.31 0.26
   24 P   -1 -1 -2 -2 -4  0 -1 -2  0 -1 -2 -1 -1 -3  5  0  0 -5 -4  3    5   4   2   2   0   5   3   3   2   3   3   4   1   1  26   6   5   0   0  26  0.49 0.31
   25 D   -1  0  1  4 -3  2  4 -2  0 -4 -3 -1 -2 -4 -3 -1 -1 -4 -2 -3    4   4   6  20   1   8  33   3   2   1   3   3   1   0   1   4   3   0   1   2  0.59 0.33
   26 W   -1 -1 -3 -3 -2  0 -2  0  3 -1 -2 -2 -2  2 -3 -1 -2  7  5 -2    4   3   1   2   1   5   3   7   8   3   4   2   1   7   1   6   2  16  22   3  0.65 0.33
   27 E    3  0  1 -1 -3  1  0 -2 -1 -3 -2  0  0 -2  1  2  1 -2 -2 -2   25   4   8   2   0   5   6   2   1   1   3   5   3   2   5  13  10   1   1   2  0.22 0.20
   28 S   -1  1  1 -1 -3 -1  0 -2 -2  0  0 -1  3 -3  4  1  0 -4 -2 -2    4   7   7   2   0   2   6   3   1   5   7   4   9   1  23  12   5   0   1   2  0.32 0.23
   29 R   -2  1  0 -1 -4  1  3 -1  0 -1 -2  2 -1 -1  2  0 -1 -3  3 -2    3   6   5   1   0   7  18   3   2   3   3  12   2   3   9   6   2   0  12   1  0.25 0.22
   30 E    2 -2 -2  0 -1  1  3 -2  0 -2 -2  0 -2 -1  1  0 -1 -3  2 -2   20   1   1   5   1   5  19   2   2   2   2   6   1   3   8   6   3   0   9   2  0.26 0.23
   31 V   -2 -2 -3 -1 -2 -3 -3 -4 -2  3  1 -3  3  1 -2 -2  1 -4 -1  3    3   2   1   4   1   1   1   0   1  19  11   1   7   7   2   2   9   0   2  26  0.39 0.26
   32 S   -1 -1  3  2 -2 -1 -1 -2  0 -3 -2  3  0 -1 -1  2 -1 -5 -2 -1    3   3  16   9   1   1   3   2   2   0   3  21   2   3   3  18   2   0   1   5  0.31 0.26
   33 T   -3 -1  5 -3 -4 -1 -2 -4  5 -4 -1  1  0 -5 -4  0  4 -6 -4 -4    1   3  25   1   0   2   1   0  13   0   6   7   2   0   0   6  30   0   0   0  0.85 0.51
   34 G   -1 -7 -3 -5 -2 -5 -5  7 -6 -8 -8 -5 -2 -6 -5 -3 -3 -7 -7 -7    6   0   1   1   1   0   1  85   0   0   0   0   1   0   0   2   2   0   0   0  2.15 0.88
   35 T   -1 -4 -4 -5 -5 -5 -3  4 -6 -2 -5 -3 -5 -6 -4  0  6 -6 -4 -4    5   1   0   0   0   0   2  29   0   3   0   1   0   0   1   7  50   0   0   1  1.28 0.68
   36 T    0 -6 -5 -6  2 -5 -6 -6 -6 -1 -3 -6 -5 -7 -3  2  7 -7 -6 -3    6   0   0   0   4   0   0   0   0   3   2   0   0   0   1  16  65   0   0   1  1.66 0.84
   37 I    0 -6 -5 -6  2 -4 -5 -5 -6  5  0 -4 -2 -4 -5 -2  3 -6 -5  3    8   0   0   0   5   1   0   1   0  33   9   1   1   0   0   3  18   0   0  21  0.87 0.48
   38 M   -2 -6 -7 -7  2 -6 -7 -7 -7  4  4 -6  4 -2 -7 -6 -3 -6 -5  4    4   0   0   0   3   0   0   0   0  20  31   0   8   1   0   0   1   0   0  31  1.13 0.56
   39 A    5 -6 -6 -6 -2 -6 -6  5 -7 -6 -5 -6 -6 -7 -4 -2 -5 -4 -2 -3   46   0   0   0   1   0   0  44   0   0   1   0   0   0   1   2   0   0   2   2  1.56 0.79
   40 V   -2 -7 -7 -7 -2 -6 -7 -7 -7  5  2 -5  5  3 -7 -5 -5  0 -4  4    3   0   0   0   1   0   0   0   0  32  15   1  12  12   0   0   0   1   0  23  1.17 0.58
   41 Q    2  1 -3 -4  0  1 -1 -3 -3  1 -2  4 -1 -5 -4  0  1 -3 -4  1   18   8   1   0   2   6   3   1   1   8   4  22   1   0   0   5   7   0   0  12  0.36 0.31
   42 F   -1 -5 -5 -7  3 -5 -7  4 -3 -4 -3 -6 -5  5 -7 -3  0 -2  5 -3    5   1   0   0   6   0   0  30   0   1   3   0   0  26   0   1   6   0  18   2  1.13 0.61
   43 D   -1  1  1  3 -7  2  1 -4 -2 -6 -5  5 -5 -6  0  0 -2 -7 -5 -4    4   7   7  15   0   8   9   1   1   0   1  32   0   0   5   6   2   0   0   1  0.70 0.46
   44 G   -5 -6  2  6 -8 -4  2  3  1 -8 -8 -2 -7 -6 -7 -3 -3 -8 -6 -4    0   0  10  47   0   1  11  21   3   0   0   2   0   0   0   1   1   0   0   2  1.39 0.72
   45 G   -3 -3 -4 -4  5 -7 -6  6 -5 -6 -6 -5 -7  4 -6 -4 -6 -1  1 -6    2   2   1   1  11   0   0  55   0   0   0   1   0  18   0   1   0   1   5   0  1.59 0.77
   46 V    0 -7 -5 -7  2 -7 -7 -7 -7  4 -3 -7 -3 -2 -7 -3 -1 -7 -2  7    7   0   0   0   3   0   0   0   0  17   2   0   0   2   0   2   3   0   1  61  1.53 0.73
   47 V    0 -7 -4 -8 -1 -7 -7 -5 -7  5  2 -7  2 -5 -7 -6 -3 -7 -6  5    7   0   1   0   2   0   0   1   0  30  17   0   5   0   0   0   1   0   0  36  1.21 0.61
   48 L   -3 -7 -8 -8 -2 -7 -8 -6 -8  5  4 -7  3 -1 -8 -7 -4 -7 -6  3    2   0   0   0   1   0   0   0   0  27  40   0   7   2   0   0   1   0   0  20  1.31 0.65
   49 G    6 -7 -5 -7  0 -3 -5  3 -7 -3 -5 -6 -3 -4 -3 -2 -4 -8 -7 -2   63   0   1   0   2   1   1  21   0   1   1   0   1   1   2   2   1   0   0   3  1.46 0.82
   50 A    5 -6 -4 -6  3 -6 -6  0 -6 -3 -6 -6 -4 -4 -6  3  1 -7 -3  1   44   0   0   0   5   0   0   8   0   1   0   0   0   1   0  22   7   0   1  10  1.04 0.67
   51 D   -7 -7 -3  8 -9 -6  2 -7 -3 -9 -9 -6 -8 -9 -5 -2 -3 -9 -4 -9    0   0   1  80   0   0  10   0   1   0   0   0   0   0   1   3   2   0   1   0  2.52 1.18
   52 S   -3  2 -1 -5 -3 -2 -4 -3 -2 -3 -2  2  1 -5 -6  3  5 -7 -6 -5    1  12   3   0   0   2   1   2   1   1   4  12   3   0   0  22  34   0   0   0  0.88 0.63
   53 R   -4  8 -3 -7 -5 -1 -5 -3  0 -5 -2  0  0 -7 -4 -2 -2 -8 -2 -4    1  67   1   0   0   2   0   2   2   1   5   5   2   0   1   3   2   0   1   2  1.74 0.92
   54 T    3 -2 -2 -4 -2 -1 -4 -2  0  0  1 -3  1  0 -4  0  2 -5 -2  1   29   2   2   0   1   3   1   3   2   5  16   1   3   4   1   6  11   0   2  10  0.34 0.31
   55 T   -1 -5 -1 -5  0 -4 -5  1 -3 -2 -5 -3 -4 -4 -6  5  5 -7 -6 -2    5   1   2   0   2   0   1   9   1   2   1   1   0   1   0  37  33   0   0   3  1.09 0.72
   56 T    1  0  1 -1 -1  0  0 -2 -1 -1 -2 -2  3 -2 -4  2  1 -2  2 -1   13   5   6   3   1   4   7   3   1   4   4   2   8   2   0  17   9   1   9   3  0.21 0.24
   57 G   -4 -3 -1  0 -7  0 -2  6 -2 -6 -6  0 -4 -7 -4  1 -4 -3 -5 -5    1   2   3   5   0   5   3  59   1   1   1   5   1   0   1  11   1   0   1   1  1.25 0.70
   58 S    0 -2  2 -2 -3 -1 -2  0  0  1 -1 -2  0  1  0  2  0 -2  4 -3    7   2  10   2   0   3   2   8   2   8   7   2   2   5   4  18   5   0  13   1  0.22 0.24
   59 Y   -3 -3 -1 -4 -3  1 -3 -3 -2  1  2 -3  3  3 -5  0 -1 -1  4  1    2   1   4   1   1   6   1   2   1   7  19   1   9  10   0   8   4   1  14   8  0.41 0.31
   60 I   -1 -3 -4 -1 -1 -2 -4 -5 -3  6  0 -3 -1 -3 -3 -4  1 -3 -5  4    5   2   1   3   1   2   1   1   1  37   7   2   1   1   1   1   7   0   0  24  0.81 0.47
   61 A    3  0  1 -2 -1 -1 -1 -1  2  0  0 -1  2 -2 -1  1 -1 -4 -1  0   23   6   6   2   1   3   4   3   5   5   9   3   6   1   3   9   2   0   2   8  0.14 0.17
   62 N   -2 -3  3  1  0 -2 -2 -3  1 -4 -4  0 -2  0 -3  4  3 -2 -1 -3    2   1  13   8   2   2   2   2   3   1   1   6   1   5   1  32  15   0   3   2  0.57 0.44
   63 R   -3  5  0 -1  0  1 -2 -3  1 -3 -4  4 -1 -3 -1 -1  0  0 -3 -4    2  32   4   3   2   6   2   2   3   2   1  22   1   1   3   4   6   1   1   1  0.68 0.44
   64 V   -1  0  4  3 -2 -1  0 -3  1 -3 -3  0 -2 -2 -4  1  1 -5  1 -1    4   5  19  17   1   2   6   2   3   1   2   5   1   2   0  12   7   0   4   6  0.35 0.29
   65 T    0 -3 -1 -2  5  0 -1 -2 -1  0 -1 -2  0  1 -3  1  1 -4  0  2    8   1   3   2  12   4   4   3   2   6   3   2   2   6   1  11   9   0   3  18  0.23 0.22
   66 D   -1  1  1  3 -2  2  2 -3 -1 -2 -3  2 -1 -2  2  1 -1 -2 -4 -2    3   6   6  14   1   8  13   1   1   2   2  11   2   2  10  12   4   1   0   2  0.29 0.25
   67 K   -4  3 -2 -5 -6 -1 -3 -4 -1 -6 -5  7 -2 -6  0 -3 -3 -1 -5 -6    1  13   1   0   0   2   1   1   1   0   1  68   1   0   4   2   1   1   0   0  1.58 0.80
   68 L   -2 -5 -3 -5 -1 -4 -5 -5 -2  5  2 -5  2  0  0 -1 -1 -5 -1  3    2   0   1   0   1   0   0   0   1  34  17   0   4   3   4   4   4   0   2  21  0.68 0.41
   69 T   -2 -1 -2 -3 -1 -1 -2 -3  5  1 -1 -2  1  4 -3 -1  1  0  3 -1    3   3   1   1   1   3   3   2  14   8   6   2   3  19   1   4  10   1  10   3  0.40 0.31
   70 P   -1  1 -1 -1 -1  3  2 -3  0 -2 -3  3 -1 -1  2 -1 -1 -4  0 -2    3   8   3   2   1  13  15   1   2   2   2  22   1   3  10   3   3   0   3   3  0.36 0.30
   71 I   -1 -4 -4 -5  0 -2 -4 -5  0  4  3 -4  2  0 -2 -2 -1 -4  0  2    4   0   0   0   2   2   0   0   2  31  25   0   4   3   2   2   3   0   3  16  0.56 0.36
   72 H   -1 -2  3  3 -1 -1 -1  1  3 -3 -3 -1 -3 -2  0  1  2 -4  0 -3    5   2  14  15   1   2   2  13   7   1   2   3   0   1   4  12  12   0   3   0  0.29 0.26
   73 D   -2 -1  1  5 -1  0  1 -1  1 -4 -3  0 -4 -4  3  1 -1 -5 -4 -4    3   3   7  31   2   3   8   4   3   0   3   7   0   0  13   9   3   0   0   0  0.51 0.34
   74 R   -1  1  2 -1  1  0 -1 -1  3 -3 -2  1  0  1 -1  0  0 -3  2 -1    4  10  12   4   3   4   3   4   9   0   4   7   3   8   3   5   6   0   8   3  0.14 0.17
   75 I    0 -2  0 -2  2  0 -2  0  2  0  0  0  1  1 -2  0  0 -2  1  0    6   0   6   0   6   6   0   6   6   6   6   6   6   6   0   6   6   0   6   6  0.02 0.13
   76 F    0 -1 -3 -4  1 -2 -3  0 -1  1  1 -3  1  2 -3 -2 -1  2  3  2   10   3   0   0   3   1   0   8   1   9  16   0   3  10   0   2   2   2  13  17  0.20 0.19
   77 C   -1 -3 -3 -4  5 -1 -1 -1 -3  2  2 -3  4  0 -4 -1  0  0 -1  2    4   0   0   0  15   3   3   4   0  10  18   0  14   4   0   3   4   1   2  13  0.33 0.24
   78 C    1 -3 -1 -3  6 -1 -2  3 -3 -1 -2 -3 -1 -3 -3  0  2 -4 -1  0   14   0   2   0  20   2   3  23   0   2   3   0   2   0   0   6  13   0   3   6  0.46 0.30
   79 R    0  0 -1 -2  1 -1 -2  0  1  0  1 -2  2  2 -3  0  0  1  2  0    8   6   3   2   3   2   0   6   4   4  12   0   7   9   0   9   5   2  10   7  0.07 0.11
   80 S    2 -1  0 -1  3 -1 -2 -1 -3  0 -2 -2 -2 -3  1  3  1 -4 -1 -1   17   3   5   3   8   3   0   4   0   6   3   0   0   0   6  24  11   0   2   4  0.25 0.23
   81 G   -1 -4 -3 -1  1 -4 -4  6 -4 -4 -2 -4  0 -5 -1 -1 -1 -4 -5 -1    4   0   0   4   4   0   0  64   0   0   4   0   3   0   3   4   3   0   0   4  1.05 0.48
   82 S    0  0  0  0  2  0  0 -1  1  0 -1  0  1  0  0  0  0 -2  1  0    5   5   5   5   5   5   5   5   5   5   5   5   5   5   5   5   5   0   5   5  0.03 0.05
   83 A    4 -4 -2 -4 -2  0 -2 -1  0 -1 -3 -3  0 -1 -1  0 -1  2  1  1   38   1   2   1   1   5   3   4   3   4   2   1   2   2   3   5   4   3   6  11  0.48 0.38
   84 A    6 -5 -3 -4  0 -4 -6  3 -6 -4 -7 -6 -6 -5 -3  2  1 -7 -7 -6   50   1   2   1   2   1   0  17   0   1   0   0   0   1   2  15   7   0   0   0  1.18 0.72
   85 D   -6 -5 -4  8 -8 -4 -2 -5  0 -4 -5 -7 -4 -3 -4 -5 -3 -8 -8 -4    1   1   1  80   0   1   3   1   2   1   2   0   1   1   1   1   2   0   0   2  2.42 1.15
   86 T    3 -2 -3 -5  6 -4 -5 -1 -3  1 -1 -4  1  2 -3 -1  3 -6 -2  0   20   2   1   1  15   1   0   5   1   7   5   1   3   7   1   4  18   0   2   8  0.56 0.40
   87 Q   -2  0  0  0 -3  6  1 -3 -1 -1 -1 -1 -1 -1 -4 -2 -1 -3 -2 -2    4   5   4   6   1  38   8   3   1   4   6   4   2   2   1   3   4   0   1   4  0.66 0.49
   88 A    2 -1 -1 -2 -1  1  0 -3  1 -1 -3 -2  1  2 -5 -1  2  3  3 -1   15   3   3   2   1   5   8   2   3   4   2   2   4   8   0   4  13   3  11   4  0.27 0.27
   89 V   -2 -6 -5 -3 -6 -4 -5 -7 -6  3  4 -6  2  2 -7 -4 -1  6 -3  2    4   0   1   2   0   1   1   0   0  13  35   0   5   7   0   1   4  11   1  14  0.92 0.53
   90 A    1 -2 -2 -2  0  0  0 -1  1  1 -1  0 -1 -2 -3  1  2 -2  0  1   14   2   1   2   2   4   6   4   3   9   6   5   2   1   1   8  14   1   3  12  0.14 0.17
   91 D   -3  4  1  3 -3  1  1 -3  2 -4 -3  2 -2 -4 -5 -1 -2 -6 -3 -3    2  23   6  17   1   6  10   2   4   1   3  14   1   1   0   4   3   0   1   2  0.59 0.42
   92 A   -2  1  0 -2 -4  0 -1 -4  1  2  2  0  2 -1 -2 -2 -1  0  3  1    4   7   4   2   0   4   4   1   4  10  18   5   5   2   2   2   4   2  12  10  0.21 0.20
   93 V    0 -6 -6 -7 -1 -6 -6 -4 -6  3  4 -4  2  1 -1 -4 -2 -6 -3  3    9   0   0   0   1   0   0   2   0  13  38   1   4   5   3   1   3   0   1  18  0.77 0.46
   94 T    0  4 -1 -1 -2  2  1 -1  0 -4 -3  3  0 -4 -1  1 -1 -1 -3 -3    9  20   2   3   1   8  10   4   2   1   2  15   2   1   3   9   3   1   1   1  0.36 0.31
   95 Y    1  0 -1 -2 -2  0 -1 -1  1 -1  0  0  0  0 -4  1 -1  0  3  0   12   6   3   2   1   5   4   4   3   4   8   7   3   4   0   9   4   1  13   6  0.12 0.14
   96 Q   -1  2  1 -1 -2  3  3 -4  3  0 -1  1 -1 -1 -5 -1 -2 -5  1 -3    4  12   7   3   1  13  16   1   6   5   5   9   2   3   0   4   2   0   5   2  0.33 0.29
   97 L    1  0 -2 -3  3 -2 -3 -4  1  1  3 -2  3  0 -5 -1 -1 -5 -2  1   10   5   2   2   6   2   2   1   3   9  28   2   7   3   0   5   4   0   1   8  0.33 0.26
   98 G   -2  2  2  0  0  3  2 -1  1 -2 -2  2 -1 -7 -2 -1 -1  0 -1 -2    4  11   8   5   2  11  13   5   3   3   5  11   1   0   2   6   4   1   3   3  0.26 0.22
   99 F   -2  0  0  0  0  0 -1 -3  0  0  3 -2  3  0 -2 -2 -1  2  0 -1    4   5   4   6   2   4   5   2   2   5  27   3   7   4   3   3   4   3   3   4  0.25 0.18
  100 H   -3 -1  1  0 -8  0 -1 -3  6 -2 -2 -2  0  2 -1 -2 -7 -7  7 -3    3   3   5   5   0   4   4   3  14   3   4   3   2   7   4   3   0   0  30   3  0.97 0.56
  101 S   -1  0  0  0  2  0  0 -1  2  0 -1  0  2  1  0 -1  0  4  1 -1    5   5   5   5   5   5   5   5   5   5   5   5   5   5   5   5   5   5   5   5  0.09 0.08
  102 I   -3 -1  0 -3  2 -1 -3 -4  2  1  3 -1  3  2 -3 -3 -3  1  2  0    3   4   5   2   4   3   2   2   5   8  25   4   7   8   1   3   2   2   6   5  0.38 0.24
  103 E   -2  3  1  1 -1  2  2 -3  1 -2 -2  1 -1 -2 -3  1  0 -5  0 -2    3  14   6   8   1  10  11   2   3   3   5   8   1   2   1   8   7   0   3   3  0.23 0.22
  104 L   -3 -1  3 -1 -2 -1  2 -3  5 -2 -1 -1  0 -1 -4 -1  1 -1  4 -4    2   3  14   4   1   3  12   3  12   2   7   3   2   3   1   4   9   1  11   2  0.48 0.33
  105 N   -3  0  3  1 -1  0  0  4  1 -8 -3  1 -2 -4 -4 -1 -3 -8 -2 -8    3   6  14   9   1   4   7  31   3   0   4   7   1   1   1   5   2   0   2   0  0.63 0.41
  106 E   -3  4 -1  0  0  0  3 -1  1 -2 -4  2  2 -2 -3 -1 -1 -7  0 -2    3  18   3   5   2   4  16   5   3   2   2  12   4   2   2   5   5   0   3   3  0.39 0.30
  107 P   -2  1  0  1 -1  1  2 -3  0 -2 -3  1 -1 -3  4  0 -2  0 -1 -2    4   8   4   7   1   6  14   2   2   3   3   8   1   2  19   7   3   1   2   3  0.33 0.29
  108 P   -1 -2 -1 -7  1 -1 -2 -3  1  3  0 -2  4 -1  4 -1 -1 -7  0  0    6   3   3   0   3   3   3   3   3  14   7   3  10   3  17   4   4   0   3   7  0.39 0.28
  109 L   -1  1  0 -1  1 -1 -1 -1  0 -2  0  0  0 -1  1  2  1  2  0 -1    5   9   4   3   3   3   4   6   3   3   8   5   3   3   8  15   9   3   4   4  0.12 0.14
  110 V   -1 -1 -3 -3  1 -4 -4 -5 -3  2 -1 -3 -2 -3  3 -3  1 -6 -3  5    5   4   1   2   3   1   1   1   1  10   6   2   1   1  13   2   8   0   1  38  0.68 0.47
  111 H    1  1 -1  0 -1  0  2 -2  2 -2 -2  2 -2 -2  0  1 -1 -1  1 -1   10   8   2   4   1   4  15   2   4   2   3  14   1   1   4  10   3   1   5   5  0.19 0.21
  112 T    3 -1 -1 -2  1  0  1  0  0 -3 -3 -1  1 -3 -2  1  2 -5 -2  0   23   3   2   2   3   5   9   8   2   1   2   4   4   1   2  10  13   0   1   6  0.25 0.27
  113 A    4 -5 -2 -3  3 -3 -5 -3 -2  1  1 -2 -1  0 -4 -1 -1 -1 -3  1   35   0   2   1   5   1   0   2   1   8  15   3   2   4   1   5   3   1   1  11  0.50 0.39
  114 A    5 -4 -1 -4 -1 -3 -3 -2  2 -2 -2 -3 -1 -3 -2  1  0 -2 -1  0   45   1   2   1   2   1   1   4   4   3   4   1   2   1   2  11   5   1   2   7  0.64 0.49
  115 S   -1  2  3 -2 -1  2 -1 -3  2 -2 -2  2 -2 -3 -5  1  1 -2  0 -2    5  10  16   1   1  11   3   1   4   2   4  11   1   1   0  11  10   1   3   2  0.34 0.32
  116 L   -2  0 -1 -3 -1 -1 -3 -3 -1  1  3 -2  3  1 -5  0 -1  2  1 -1    3   4   3   2   1   3   2   2   2   8  29   3   8   6   0   8   3   3   6   4  0.29 0.26
  117 F   -1 -3 -2 -5  1 -2 -5 -3  0  2  3 -3  2  2 -1 -3 -1  1 -1  1    5   2   2   0   3   2   0   2   2  12  32   2   4  10   3   2   4   2   2   8  0.40 0.31
  118 K    1  2 -1 -4  3  1 -2 -1  0 -2 -1  0 -1 -1 -1  3  0 -5 -4 -2   10  12   2   0   6   5   2   5   2   2   7   7   2   3   3  24   4   0   0   2  0.30 0.31
  119 E   -2  1  4  1 -1  2  0 -2  2 -2 -1  0 -1 -2  0  0  0  0 -1 -2    3   7  20   8   1   8   5   2   5   2   5   5   1   2   4   6   7   1   2   3  0.24 0.24
  120 M   -2 -1 -1 -5 -1 -1 -1 -5  2  3  2 -2  6  0 -5 -3  0  0  1  1    3   4   3   0   2   3   4   0   5  15  17   3  17   4   0   2   6   1   4   7  0.46 0.33
  121 C   -1 -3 -2 -6  3 -1 -3 -3 -1  1  4 -1  3 -1 -6 -1 -2 -5 -1  0    5   2   2   0   7   3   2   2   2   6  42   4   7   3   0   4   2   0   2   6  0.57 0.39
  122 Y   -1  0 -1 -2  1  1 -1 -2  3 -2 -3 -2  2  2  0 -1 -2  2  6 -2    6   5   3   3   3   5   4   4   5   3   3   3   4   6   5   4   3   3  24   4  0.50 0.35
  123 R   -1  1  0  0  1  2  1 -1  3 -5 -2  0  2 -1 -1  0 -1  2  1 -1    6   8   5   6   3  10   9   6   6   0   4   5   5   3   4   6   4   3   5   4  0.17 0.17
  124 Y    0  2  2 -4  0 -1 -2 -2  2 -2 -3  1  0  1  0 -1 -2  1  5 -3    8  10  11   0   2   2   2   3   4   2   2   8   2   6   4   5   2   2  21   2  0.42 0.36
  125 R   -2  0  0 -2  2  1  0 -1  2  0 -1  0  1  1  0  0  0  3  1  0    0   6   5   0   5   5   6   6   5   6   6   6   5   5   6   6   6   5   5   6  0.09 0.14
  126 E   -1  1  0  0 -4  2  0  2  1 -1 -2 -1  1  1  1  0  0  2  0 -2    3   7   5   4   0  10   4  15   3   4   3   3   3   6   7   5   5   3   3   3  0.09 0.17
  127 D    0  0  0  0 -3  1  0  0  1  0 -1  0  1  0  1  0  0 -2  1  0    6   6   5   6   0   5   6   6   5   6   6   6   5   5   6   6   6   0   5   6  0.03 0.06
  128 L   -1  0  0 -2  2  0  0 -1  2  0 -1  0  1  1  0  0  0  3  1  0    5   5   5   0   5   5   5   5   5   5   5   5   5   5   5   5   5   5   5   5  0.07 0.11
  129 M   -2  0 -1 -2  0  0 -2  0  1  0  1 -2  1  2 -2  0 -2  4  4 -1    3   5   3   3   2   4   2   7   3   4  12   2   3   9   2   7   2   5  16   5  0.23 0.22
  130 A    1 -1  0 -1  2 -1 -1 -1 -3  0 -1 -3  1  0 -1  0  0  2  0  2   13   3   5   3   5   3   3   4   0   6   5   0   4   4   3   7   7   3   4  19  0.12 0.17
  131 G    1 -1  1 -1  1  0 -1  1  1 -1 -1 -2  1  1 -1  0  0  2  0  0   13   3   8   3   3   4   4  11   3   4   3   0   4   6   3   6   5   3   4   9  0.07 0.12
  132 I   -1 -1  0 -1  2  0 -1 -1  2  0  0 -2  1  1  1 -1  0  3  1  0    4   3   5   3   6   4   4   5   5   5  12   0   4   6   8   4   7   4   4   7  0.08 0.10
  133 I    0 -3  0  0  2 -2 -2  0  2  0  0 -2  1  1  1  0  0  4  1  0    6   0   6   6   6   0   0   6   6   6   6   0   6   6   6   6   6   6   6   6  0.11 0.15
  134 I   -1 -3 -1 -4  1 -3 -3 -2  0  3  2 -3  2  0 -3 -1  0 -3  1  3    4   0   3   0   3   0   0   3   3  16  21   0   6   4   0   3   7   0   4  22  0.28 0.23
  135 A    2 -2  0 -1  3 -2 -1  1  1  0  0 -1  1 -1 -3  0 -1 -3  0  0   19   0   4   3   8   0   3  10   5   6   9   3   4   3   0   5   3   0   4   9  0.09 0.13
  136 G    1 -2 -2 -2 -5 -5 -3  6 -5 -3 -4 -5  1 -3 -5 -2 -2 -6 -6 -2    9   3   2   2   0   0   1  66   0   1   2   0   4   2   0   2   2   0   0   3  1.32 0.68
  137 W   -2 -1 -2 -2  1 -2 -4  2  0  1  0 -2  1  2 -1 -2 -2  6  3  0    3   3   2   3   3   2   0  14   2   7   8   2   4   7   3   3   2  12  10   7  0.31 0.26
  138 D   -1 -1  1  5 -5 -1  0 -1  1 -1 -2 -1  1 -1 -4 -1 -1  2  1 -1    4   3   5  32   0   3   4   5   4   4   4   4   4   3   0   4   4   3   4   5  0.38 0.32
  139 P   -1 -1  1  4  1  1  1  0  1 -1 -2  0  0  0  0 -1 -1 -4  0 -1    4   4   5  23   3   5   7   6   4   3   3   6   3   4   5   4   4   0   3   4  0.19 0.20
  140 Q   -1  1  1  2 -1  1  1 -1  1 -1 -2  1 -1 -1 -1  0  0 -4 -1 -1    4   6   8  15   2   5  10   5   4   3   3  10   2   2   2   5   6   0   2   6  0.14 0.16
  141 E   -1  0  1  1 -4  0  1  3  1 -2 -2  0  0 -1 -1  0  0 -4  0 -2    3   4   6   9   0   4   9  25   4   3   3   5   3   3   3   4   6   0   3   3  0.19 0.19
  142 G    0  0  0  0  2  1  0  0  2  0 -1  0 -2 -2  1  0  0  3 -2  0    6   6   6   6   6   6   6   6   6   6   6   6   0   0   6   6   6   6   0   6  0.08 0.11
  143 G   -1 -1 -1 -1  1  0 -1  3  0 -1 -2 -1  0  1  2 -1 -1 -3  2 -1    5   4   3   4   3   3   3  21   3   3   4   4   3   5  12   5   4   0   7   3  0.18 0.18
  144 Q   -1 -1 -3 -3 -1  4 -2 -1  5  0  0 -1 -1  1  0 -1 -2  1  2 -1    5   4   2   1   2  14   3   5  13   5   9   4   2   6   5   5   3   2   6   5  0.33 0.25
  145 V   -3 -4 -4 -9  1 -8 -4 -2 -2  3  4 -3 -1  2 -4 -3 -4 -8 -1  3    3   1   1   0   3   0   2   3   1  12  38   2   2   8   2   2   1   0   2  17  0.82 0.44
  146 Y   -2 -3 -3 -3  2 -8 -2 -2  0  1 -2 -2 -2  4 -4 -2 -3  1  7 -3    4   2   2   2   4   0   3   4   2   7   5   3   1  13   1   4   2   2  36   2  1.09 0.62
  147 S    0 -2  0 -1  2  1 -2  0  2 -2 -2 -3  1  0 -3  3  1  0  4 -1    7   2   5   4   4   5   3   7   4   2   4   2   3   3   2  18   8   1  12   4  0.27 0.24
  148 V   -3 -7 -3  2  1 -3 -7 -4  0  4 -1 -3  3  0 -3 -2  0  3  2  3    3   0   2  10   3   2   0   2   2  20   7   2   7   4   2   4   5   3   5  18  0.57 0.34
  149 P   -4 -3 -1  6  0 -3 -2 -3  2 -2 -4 -4 -2 -2  3 -1 -2  0  0 -3    2   2   3  42   2   2   3   3   4   3   2   1   1   2  14   5   2   1   4   2  1.01 0.62
  150 M    0 -3 -2 -1  1 -2 -3 -5  1  1  0 -2  2 -1  4  1 -1  2  1  0    8   2   2   4   2   2   2   1   3   7  10   3   4   3  21   9   4   2   5   6  0.34 0.28
  151 G   -2 -2 -1  1  0 -1 -1  2  3  1  1 -3 -2  0 -6  1 -2  0  0 -1    4   2   3   8   2   3   5  16   7   9  12   2   1   4   0  11   3   1   3   5  0.21 0.17
  152 G   -1 -4 -7 -2  1 -7 -4  7 -8 -4 -8 -7 -8 -8 -8 -3 -3  0 -8 -2    6   2   0   2   3   0   2  75   0   2   0   0   0   0   0   2   2   1   0   3  1.97 0.98
  153 M   -1  0  0  0  2  0  0 -1  2  0 -1  0  2  1  0 -1  0  4  1 -1    5   5   5   5   5   5   5   5   5   5   5   5   5   5   5   5   5   5   5   5  0.09 0.08
  154 M   -1  2 -1 -1  3 -1 -2 -2  1  0  0  0  2  0 -1  0 -1  2  2  0    5  13   4   4   6   3   3   3   3   5   8   5   5   5   3   6   4   3   7   7  0.14 0.12
  155 V   -2 -3 -2  1  0 -1  3 -2  0  1  0 -3  1  2 -3  0  1  1  1  1    3   2   2   7   2   2  16   3   2   7   9   2   3   8   2   6   7   2   5   9  0.18 0.16
  156 R   -1  2 -1 -2 -1  2  3 -2  0 -3 -3  3  0 -2  1  0 -1  0 -1 -3    6  11   3   2   2   7  17   4   2   2   3  15   2   2   6   6   5   1   3   2  0.33 0.29
  157 Q   -1 -1 -2  2  0  1  2  2 -1 -2  0  0  0 -3 -3 -1 -1  3  0  0    5   3   2  10   2   7  12  13   2   2   9   6   2   1   1   4   3   4   3   8  0.17 0.16
  158 S   -2  0  2  4 -2 -1  0 -3 -1 -4 -4  3 -2 -4  4 -1 -1 -1 -2 -4    3   4   9  18   1   3   5   2   2   2   2  14   1   1  18   5   4   1   2   2  0.53 0.39
  159 F    0 -2 -4 -8  3 -8 -5 -5  1 -2 -1 -3  0  6 -8 -4 -2  2  6 -1    8   3   1   0   5   0   1   2   3   3   7   2   2  24   0   2   3   2  26   5  1.11 0.60
  160 A    2  0 -3 -3  3 -2 -4 -1 -1  0 -2 -1 -1  3 -7 -1  2 -6 -1  2   16   5   2   2   5   2   1   5   2   6   4   4   1  12   0   5  11   0   2  14  0.35 0.24
  161 I    3 -4 -3 -4  4 -3 -1 -1 -4  1 -1 -3  1 -4 -4  1  2 -4 -4  1   25   0   0   0   9   0   5   5   0   7   5   0   4   0   0  12  12   0   0  10  0.33 0.29
  162 G    0  0  0  0  2  1  0  0  2  0 -1  0  1  0 -2  0  0 -2  1  0    6   6   5   6   5   5   6   6   5   6   6   6   5   5   0   6   6   0   5   6  0.03 0.07
  163 G    0 -2  1  1 -3  1  1  1 -1 -3 -3 -1 -2 -2  2  1  1  5  2 -2    9   0   9   9   0   9   9   9   0   0   1   0   0   0   9   9   9   8   9   1  0.24 0.14
  164 S    0 -1  1 -3 -1 -2 -3 -1 -2 -3 -3 -1  0  1 -3  4  3 -1  2 -3    6   3   6   1   1   1   2   5   1   1   3   3   2   6   1  33  16   1   6   2  0.45 0.35
  165 G    2 -1  2 -2  2 -5 -3  6 -5 -6 -6 -3 -2 -6 -3 -1 -2 -6 -6 -4   14   3   8   3   4   0   2  53   0   0   1   2   1   0   2   4   2   0   0   2  1.07 0.54
  166 S    1  1  2 -2 -1  1  0  0 -1 -4 -3 -2  1 -3 -1  4 -1 -5 -2 -2   11   8   8   1   1   5   6   6   1   0   2   2   4   1   3  32   3   0   1   3  0.38 0.32
  167 S    0 -1 -1  0 -1  0  2 -1  1 -1 -1 -1  1  1  0  1  0 -3  2 -1    6   2   3   4   2   5  15   4   3   2   7   4   4   5   5  12   7   0   7   3  0.10 0.13
  168 Y   -1  1 -1  0  0  0 -1 -2  1  0  1 -1  1  3 -1 -1 -1 -2  2 -1    5   7   3   7   3   5   4   3   3   4  13   3   4  13   3   4   3   0   9   4  0.09 0.11
  169 I    4  0 -4 -5  2 -4 -4 -1  2  2  1 -4  2 -4 -4  0  0 -5 -4  1   33   5   0   0   5   0   0   5   5  10  12   0   5   0   0   5   5   0   0   8  0.45 0.31
  170 Y   -2  0 -1 -2  0  3 -2 -2  0  0  1 -1  3  2 -4 -2 -1  1  4 -1    4   5   2   2   2  14   3   2   2   6  12   3   8   9   0   3   4   2  15   3  0.29 0.25
  171 G    0 -2 -1 -1  0 -1  0  4 -4 -5 -3 -1 -5 -6  3  2 -1 -5 -5 -3    7   2   3   3   2   2   6  34   0   0   3   3   0   0  15  15   3   0   0   2  0.61 0.39
  172 Y   -2 -3 -2 -3 -1 -2 -2 -3  1  3  1 -3  2  2 -3 -1  0  0  3  2    3   1   2   1   1   1   2   1   4  18  14   1   5   8   1   4   5   1   9  14  0.30 0.21
  173 V   -2 -6 -6 -7  5 -6 -6 -4 -6  0  5 -6  3  2 -6 -6 -3 -5 -2 -1    4   0   0   0  11   0   0   2   0   4  53   0   7   6   0   0   2   0   2   5  1.16 0.56
  174 D   -3  1 -2  5 -6  1  5 -3 -1 -6 -4  1 -5 -3 -5 -2 -3 -6 -3 -4    2   6   1  34   0   6  32   1   1   0   2   7   0   1   0   2   1   0   1   1  1.01 0.55
  175 A    1  1  2  0 -1  1  1 -2  0 -4 -3  1 -1 -3 -2  1  0 -4  0 -2   13   6  11   6   1   5  10   3   2   0   3  10   1   1   1  13   6   0   4   2  0.20 0.21
  176 T   -1  1  1  0 -1  2  1  0  2 -2  0  0  0  0 -3 -1 -1 -1  1 -2    4   9   8   4   1   9  11   8   5   2  11   5   3   5   0   4   3   1   5   3  0.11 0.14
  177 Y   -4 -4 -1 -4 -3 -4 -4 -6  2 -1 -1 -4 -2  4 -7 -4 -3  8  7 -2    1   1   4   1   1   1   1   0   4   4   5   1   1  14   0   1   1  18  35   3  1.46 0.73
  178 R   -2  4  1 -1 -3  0  1 -3  2 -4 -4  5 -1 -2 -2 -1 -1 -6 -3 -4    2  21   5   3   1   3   8   2   5   1   1  30   1   2   2   4   4   0   1   1  0.60 0.43
  179 E   -1 -2 -3  1 -3  0  3 -4 -2 -4 -4  2 -3 -1  5 -1 -3  4  0 -3    5   2   1   8   1   3  16   2   1   1   2  11   1   3  26   4   1   6   3   2  0.60 0.45
  180 G   -3 -1  4  5 -6 -2  1  3 -2 -5 -6 -1 -3 -5 -1 -1 -2 -7 -3 -4    1   3  18  30   0   1   8  19   1   1   1   4   1   1   4   4   2   0   1   1  0.77 0.50
  181 M   -3 -6 -4 -6  0 -2 -4 -4 -1  0  4 -4  8 -1 -5 -3 -4  0 -2 -1    3   0   1   0   2   2   1   1   2   5  32   1  37   2   1   3   1   2   1   3  1.32 0.72
  182 T   -3 -3  1  1 -2 -2  0 -2 -3 -6 -6 -2 -6 -4 -1  4  5 -7 -6 -5    2   1   6   8   1   2   5   4   1   0   0   2   0   1   3  27  37   0   0   1  0.93 0.64
  183 K   -1  0  0  0  2  0  0 -1  2  0 -1  0  2  1  0 -1  0  4  1 -1    5   5   5   5   5   5   5   5   5   5   5   5   5   5   5   5   5   5   5   5  0.09 0.08
  184 E   -1 -1 -1  2  1  1  5 -2  1 -2 -3 -1 -7 -1 -1 -1 -2 -8 -7 -2    5   4   3  12   3   7  31   3   3   3   3   4   0   3   4   4   3   0   0   3  0.54 0.38
  185 E   -1 -1 -1  2 -6  1  5 -2  0 -2 -5 -1 -1  0 -2 -1 -2  1 -1 -3    6   3   2   9   0   6  41   3   2   2   0   3   2   4   2   5   3   2   2   2  0.63 0.49
  186 C    6 -6 -3 -3  3 -5 -5  0 -1 -2 -1 -3  0 -6 -5 -2 -2 -6 -2  0   56   0   1   2   5   0   0   8   1   2   7   1   2   0   0   2   2   0   1   6  1.00 0.61
  187 L   -2  0 -2 -4 -1 -1 -1 -5 -1  3  1  1  1  2 -4 -1 -1 -4  1  2    3   6   2   0   1   3   5   0   2  16  13   9   3   7   0   3   4   0   5  17  0.26 0.21
  188 Q    0  1  2  3 -2  1  4 -3 -1 -3 -4  2 -2 -3 -1  0 -2 -1 -2 -3    7   7   8  13   1   5  24   2   2   1   2  10   1   1   3   6   3   1   1   2  0.38 0.31
  189 F    0 -2  0 -2  2  1  0 -3  2  0  0  0  1  1 -3  0  0  4  1  0    6   0   6   0   6   6   6   0   6   6   6   6   6   6   0   6   6   6   6   6  0.12 0.16
  190 T    2 -4 -4 -4  2 -3 -4  0 -4  2  1 -3  2  0 -4 -1  0 -4 -3  3   22   0   0   0   4   0   0   6   0  11  10   0   5   4   0   5   7   0   0  24  0.37 0.28
  191 A    1  1 -1 -1  0  0  0 -1  1  0  0  2  0 -1 -2  0  0  1 -1  0   10   9   2   2   2   3   4   3   3   5  11  14   2   2   0   9   6   2   2   8  0.06 0.09
  192 N   -2  2  1  2  0  2  1 -2  0 -2 -2  2  1 -2 -2 -1  0 -4 -2 -3    3  12   8  11   2  11   9   2   2   2   3  14   5   2   2   3   6   0   2   2  0.27 0.23
  193 A    4 -6 -5 -6  7 -5 -5 -2 -6  0 -2 -5 -1 -2 -5  1  0 -6 -2  0   38   0   0   0  21   0   0   2   0   6   3   0   2   2   0  12   5   0   2   7  0.96 0.53
  194 L   -3 -3 -5 -6 -4 -5 -3 -6 -5  4  3 -3  3  3 -5 -3 -2 -4  0  3    2   1   0   0   0   0   1   0   0  20  30   2   8  13   0   2   2   0   3  17  0.73 0.38
  195 A    0  1  0 -1 -1  0  0 -2  0 -1  0  2  0 -1 -3  1  1  0  1 -1    9   8   4   2   1   4   5   2   3   4  10  12   2   2   0  14   7   1   6   4  0.08 0.12
  196 L    1 -2  0  0 -2  1  1 -2  3 -2  1  0 -1 -2 -3  2 -1 -4 -1  0   14   1   3   4   1   6  11   3   7   2  13   5   2   1   0  15   3   0   1   7  0.15 0.18
  197 A    5 -5 -3 -3  0 -4 -4  2 -2 -1  1 -4 -1 -5 -3 -1 -1 -5 -5  1   46   0   1   1   2   0   0  12   1   4  12   0   1   0   1   4   4   0   0   8  0.65 0.44
  198 M    1 -1 -2 -3  0 -1 -2 -2 -4  3 -1  0  5  1 -4  0  1 -1  1  0   11   3   1   1   2   3   2   2   0  15   4   5  17   6   0   6  10   1   5   6  0.29 0.26
  199 E   -2 -1  0  2 -2 -1  3 -3  2 -3 -2  1 -1  1 -4  0  1 -1  3 -3    3   3   5  10   1   2  21   1   5   1   3   9   2   5   0   5   8   1  10   1  0.31 0.28
  200 R   -4  7  1 -2 -2 -2 -1 -4 -1 -5 -3 -1 -1 -3 -6 -2 -3  0 -3 -4    1  63   7   2   1   2   5   2   1   1   3   2   1   2   0   3   1   2   1   1  1.47 0.73
  201 D   -4 -6  0  7 -2 -3 -1 -2 -1 -5 -3 -2 -3  2 -6 -3 -3 -7 -6 -5    1   0   3  63   1   1   4   3   2   1   3   3   1   7   0   2   2   0   0   1  1.49 0.77
  202 G    2 -2 -1 -3  2 -2 -2  1 -4  2  1  0  0 -3 -1  0  0 -4 -3  0   17   1   3   1   5   1   2  13   0  12  13   6   2   1   3   7   5   0   0   7  0.17 0.18
  203 S    1  0 -1 -2 -2 -1 -2  1 -1  0  0 -1  0  0 -2  2 -2 -2  3  0   14   5   3   2   1   2   2  11   1   5  10   2   2   3   2  17   1   0  10   8  0.14 0.18
  204 S    0  0  0 -2  0 -4 -4 -4 -6 -3 -6 -3 -3 -7 -4  6  3 -7 -6 -2    6   4   5   2   2   1   1   1   0   2   0   1   1   0   1  50  19   0   0   3  1.03 0.70
  205 G   -1 -4 -5 -4 -6 -1 -3  6  0 -2 -2 -2 -1 -2 -2 -1 -4 -1 -3 -3    5   1   0   1   0   3   2  61   2   3   5   2   1   2   2   5   1   1   1   2  1.13 0.63
  206 G   -3 -4  3  4 -1 -3  0  4 -2 -4 -6 -2 -3 -4 -1  0 -2  4 -2 -5    1   1  15  23   2   1   6  25   1   1   1   3   1   1   3   8   2   5   1   1  0.71 0.47
  207 V   -1  0  3 -2  0 -1 -2  3 -1 -2 -3  2 -2 -1 -2  0  1 -3 -2  1    3   4  15   2   2   2   2  21   1   2   1  12   1   2   2   6   8   0   2  13  0.28 0.27
  208 I   -1 -6 -4 -4  0 -3 -6 -4 -3  4  1 -5  1  3 -3 -4 -3 -2  1  4    5   0   1   1   2   1   0   2   1  23  11   0   3  10   2   1   1   1   5  32  0.78 0.47
  209 R   -2  3  1  3 -4  3  3 -4  1 -1 -2 -1 -2 -2 -5 -2  0 -6 -1 -1    2  14   7  15   0  11  18   1   4   3   4   3   1   1   0   3   5   0   2   5  0.38 0.34
  210 L   -2 -5 -7 -7 -1 -6 -7 -7 -7  5  3 -6  3  1 -7 -5 -2 -3 -2  4    3   0   0   0   1   0   0   0   0  27  23   0   7   5   0   1   3   0   1  27  1.01 0.57
  211 A    3 -2 -3 -5  5 -3 -4 -1  1 -1 -2  1 -1  1 -4 -2 -1 -1  3  1   26   2   1   0  10   1   0   5   3   2   3   9   2   5   1   2   3   1  11  12  0.45 0.37
  212 A   -1 -4 -4 -4 -2 -3 -4 -6  2  4 -1 -1 -3 -1 -6 -2  2 -4 -2  4    4   1   0   1   1   1   1   0   5  25   4   5   0   2   0   3  14   0   1  31  0.75 0.48
  213 I   -3 -8 -8 -8 -3 -6 -8 -7 -8  7  1 -7  1 -2 -8 -7 -3 -7 -4  4    2   0   0   0   1   0   0   0   0  48  10   0   3   1   0   0   1   0   0  30  1.55 0.78
  214 A   -4  0  2  3 -3 -3 -2 -3 -2 -5 -5  0 -4 -7 -4  0  6 -7 -3 -5    1   5   8  15   1   1   2   2   1   0   1   7   0   0   1   8  47   0   1   1  1.02 0.67
  215 E    1  1 -1 -1 -4 -1  2 -2 -3 -4 -5  5 -5 -5  1  0 -2 -6 -5 -4   10   7   3   3   0   3  14   3   0   1   1  36   0   0   8   7   2   0   0   1  0.64 0.49
  216 S   -1 -2  2  5 -3  0  3 -2 -1 -6 -6  1 -4 -6 -4  0 -1 -2 -4 -6    4   1  10  34   1   4  16   3   1   0   1  10   0   0   0   7   4   1   1   0  0.76 0.52
  217 G   -3 -4 -3 -4 -7 -4 -2  7 -4 -6 -8  0 -7 -6 -7 -3 -4 -7 -3 -7    1   1   1   1   0   1   3  77   0   0   0   6   0   0   0   2   1   0   1   0  1.86 0.92
  218 V    0 -5 -3 -5 -2 -4 -4 -2 -3  3 -1 -3  0  1 -4 -2  0  5  2  5    7   0   1   0   1   0   1   3   1  18   4   2   2   5   1   2   6   7   6  34  0.65 0.42
  219 E   -3  3 -2 -1 -6  1  4 -5 -1 -2 -4  3 -3 -6 -4 -2  2 -1 -3 -1    2  15   1   4   0   5  28   1   1   3   1  16   0   0   1   2  13   1   1   4  0.60 0.47
  220 R   -4  5 -2 -2 -6 -1  3 -5  2  0 -3  2 -1 -4 -4 -1  1  0 -1 -2    0  31   1   1   0   2  18   0   4   6   2  11   2   1   1   5  11   1   2   2  0.63 0.44
  221 Q   -2  2 -1 -1 -3  2  3 -3  4 -2 -2  1 -2 -2 -2 -1  0 -1  0 -1    2  12   2   2   0   9  23   2  11   3   3   8   1   2   1   4   6   1   3   5  0.36 0.29
  222 V   -1 -3 -2 -1  0 -2  1 -3 -1  2  1 -1  0  3 -3 -1  2 -3  0  2    3   1   1   3   2   0  11   2   1  10  12   3   2  12   1   4  13   0   3  15  0.18 0.18
  223 L   -3 -2 -5 -3 -2 -3 -2 -5  0  3  3 -3  0  3 -4 -3 -2  1  3  2    1   2   0   2   1   1   3   0   3  17  27   1   1  12   1   1   2   2   8  13  0.50 0.34
  224 L   -2  1 -2 -1 -2 -1 -2 -2 -1 -1  1  1  0 -1  3  0  0 -4  0  0    1   9   2   4   1   2   1   2   1   3  16   9   3   2  18   8   7   0   3   6  0.19 0.20
  225 G    0 -1 -1 -1  0 -1  0  4  2 -3 -3  0 -4 -4  3 -1 -2 -5 -1 -4    8   4   2   3   2   2   6  32   6   1   2   4   0   0  15   5   2   0   2   0  0.46 0.32
  226 D   -2 -1  3  6 -6 -2  3 -4 -1 -6 -6 -1 -5 -6 -1 -2 -2 -6 -1 -5    3   3  11  47   0   1  18   0   2   0   0   3   0   0   3   2   2   0   3   1  1.08 0.55
  227 Q   -2  1 -1  2 -4  3  3 -4  0 -1 -3  2 -1 -3  0 -1  0 -5 -4 -2    2   6   2  11   0  15  23   0   2   4   2  14   1   1   5   4   6   0   0   2  0.40 0.29
  228 I   -2 -4 -2 -3 -3 -2 -2 -5 -3  3  3 -1  1  0 -4 -3 -1 -4  1  4    2   0   2   1   0   1   4   0   1  14  29   3   2   3   0   1   3   0   6  29  0.48 0.30
  229 P   -2 -3 -2  0 -6  1 -1 -2 -1 -4 -4 -1  0 -6  7 -2 -4 -6 -2 -4    4   1   2   6   0   7   3   3   2   1   1   3   2   0  62   3   0   0   1   1  1.50 0.63
  230 K    0  2  0 -1 -1  1  2 -2 -2 -2 -2  3 -1 -4  1 -1  0 -4 -3  0    8  10   3   2   1   6  18   1   0   2   3  21   1   0   6   2   6   0   0   8  0.27 0.21
  231 F   -1 -2 -4 -5 -1 -2 -3 -5 -3 -2  2 -2  3  6 -1 -1 -1  2  2 -2    6   2   0   0   1   1   1   0   0   0  24   3   7  35   3   4   3   2   7   1  0.60 0.34
  232 A    2  1 -2 -1  2 -1 -2 -2  4 -2 -1 -1 -2 -3 -3  2  0  5 -2  1   21   8   0   4   4   2   0   2  11   1   4   2   0   0   0  18   4   9   0  10  0.32 0.25
  233 V    0 -1 -1  0 -1  0  0 -3  1  0  0  0  0 -1  0  0  1 -2  2  1    6   1   2   4   1   5   4   0   4   5  10   9   3   1   5   4  13   0   9  13  0.07 0.10
  234 A    1  0 -1 -3 -1  0  0 -3  2 -1 -2  2 -1 -1  1  0 -1 -2  4 -3   16   3   2   0   1   3   6   0   6   3   4  18   1   1   5   7   2   0  21   0  0.30 0.24
  235 T   -1  2  0 -1 -3  0 -1 -3 -1  0 -1 -1 -1 -3  2  1  3 -3  1 -1    3  17   4   2   0   5   2   0   1   6   4   2   2   0  11  11  20   0   5   4  0.23 0.17
  236 L   -2  0 -2 -3 -3 -1  0 -4 -2  1  3 -2  0  1 -2 -2  0 -2  3  0    2   6   1   0   0   1   8   0   0  11  34   2   2   6   2   2   6   0  15   3  0.28 0.19
  237 P    0 -4  0 -4 -5 -4 -3 -4 -1 -5 -5 -3 -5 -6  8  0 -2 -6 -5 -5    9   0   4   0   0   0   0   0   2   0   0   0   0   0  76   8   1   0   0   0  1.99 0.51
  238 P   -2 -4 -4 -3 -5 -3 -3 -4 -4 -1 -4 -1 -4 -5  8 -2 -3 -6 -5 -2    2   0   0   0   0   0   0   0   0   4   0   5   0   0  86   2   0   0   0   2  2.19 0.42
  239 A    4 -3 -2 -2 -2 -2 -2  4 -3 -3 -3 -2 -3 -4 -2  2 -1 -4 -3 -2   45   0   0   0   0   0   0  41   0   0   0   0   0   0   0  14   0   0   0   0  0.67 0.15

                      K         Lambda
Standard Ungapped    0.1335     0.3184
Standard Gapped      0.0351     0.2670
PSI Ungapped         0.1148     0.3179
PSI Gapped           0.0351     0.2670
