
Last position-specific scoring matrix computed, weighted observed percentages rounded down, information per position, and relative weight of gapless real matches to pseudocounts
           A  R  N  D  C  Q  E  G  H  I  L  K  M  F  P  S  T  W  Y  V   A   R   N   D   C   Q   E   G   H   I   L   K   M   F   P   S   T   W   Y   V
    1 M   -2 -3 -4 -5 -3 -2 -4 -4 -3  1  2 -3  8 -1 -4 -3 -2 -3 -2  2    0   0   0   0   0   0   0   0   0   6  13   0  68   0   0   0   0   0   0  13  1.18 0.39
    2 A    6 -4 -3 -1 -3 -3 -3 -2 -4 -4 -4 -3 -3 -5 -3  1 -1 -5 -4 -1   85   0   0   4   0   0   0   0   0   0   0   0   0   0   0   6   3   0   0   2  1.31 0.60
    3 E   -2 -1 -3  2 -6  1  6 -4 -3 -5 -5  0 -4 -6 -2 -1 -1 -5 -5 -5    2   2   0   9   0   4  72   0   0   0   0   4   0   0   2   3   3   0   0   0  1.36 0.63
    4 P   -3 -2 -4 -4 -5  3 -1 -5 -1 -5 -4  2 -4 -6  7  0  0 -6 -5 -3    0   1   0   0   0  14   3   0   1   0   1  12   0   0  56   6   5   0   0   2  1.46 0.68
    5 R   -1  5 -2 -1 -5  3  1 -4  0 -4 -4  3 -3 -5  1  0  1 -5 -4 -3    4  33   0   2   0  12   9   0   2   0   0  16   0   0   6   7  10   0   0   1  0.67 0.44
    6 Q    0 -1 -1 -2 -5  5  2 -3 -3 -4 -2  1  0 -5  1  1  0 -5 -4 -3    6   1   1   1   0  38  16   1   0   0   3   9   3   0   6   9   6   0   0   1  0.70 0.51
    7 E   -2  0  0  4 -5  1  5 -2 -3 -4 -4  0 -1 -5 -2  0  0 -5 -4 -4    3   5   2  23   0   4  40   2   0   1   1   5   1   0   2   6   4   0   0   0  0.77 0.50
    8 F   -1  1 -2 -2 -3  1  0 -1 -2  0 -2  2  0  2  0  1  0 -3  0  0    3   6   1   1   0   6   7   4   0   6   2  18   2  13   4  16   3   0   3   6  0.17 0.22
    9 D    0 -2 -1  3 -4 -1  1 -2 -1 -2 -3  0 -3 -4  1  2  3 -5 -4 -2    9   1   2  16   0   1  10   1   1   3   1   6   0   0   8  21  19   0   0   1  0.42 0.37
   10 V   -1  0  0 -1 -3  0  0 -3 -2  0  0  1  2 -1  0  0  1 -3 -1  1    3   3   5   3   0   3   6   0   0   5  10  13   6   2   5   9  10   0   2  14  0.10 0.16
   11 M    0 -1 -3 -1 -4  2 -2 -2 -1 -1  0  1  5 -3 -2  1  2 -4 -3 -1    6   3   0   4   0  10   1   2   1   2  10  12  21   0   1  10  15   0   0   3  0.37 0.38
   12 E   -3 -3 -2  3 -6 -1  5 -3 -4 -6 -4  1 -3 -4  2  0 -1 -6 -5 -4    1   0   1  15   0   1  50   2   0   0   1   8   1   1   9   6   3   0   0   0  1.03 0.66
   13 D   -1 -1 -1  4 -5  0  2 -4 -4 -3 -4  3 -2 -5  1 -1  1 -6 -5 -2    3   2   1  31   0   3  15   1   0   1   1  20   1   0   7   4   9   0   0   2  0.68 0.49
   14 H   -2  0 -1 -1 -5  1  3 -2  5 -2 -3  2 -1 -4 -1  0  2 -5 -2 -1    3   4   1   2   0   7  18   2  19   3   1  12   1   0   3   6  15   0   0   4  0.49 0.41
   15 A    3  0  0 -1 -4 -1  0 -2  0 -2 -4  2 -4 -4  0  2  0 -5 -4 -2   32   4   5   4   0   2   6   2   2   2   0  14   0   1   4  17   4   0   0   1  0.43 0.40
   16 Q    0  0 -2 -2 -1  2  1  0 -2 -2 -1  2 -3 -2  3  0 -1 -4 -3  0    7   3   1   1   2  10   7   7   1   2   6  15   0   1  18   6   4   0   0   8  0.29 0.27
   17 G   -1 -1 -1  1 -4 -1  2  2 -1 -3 -2  1 -2 -3  3  1  0 -1 -4 -3    5   2   2   9   0   2  13  15   2   0   3  11   1   1  16  11   5   1   0   2  0.32 0.29
   18 D    0 -1  1  0 -4  2  2  0 -1 -2 -2  1 -2 -3  0  0  1 -1 -1 -1    6   1   6   4   0  11  17   8   1   2   3  11   1   0   5   7   8   1   3   5  0.18 0.22
   19 Y   -1  0 -1 -1 -4  0  2 -1  0 -3 -2  3 -2 -3  1  0  2 -4  1 -1    4   3   2   3   0   2  15   3   2   1   4  24   1   0   6   7  13   0   5   4  0.28 0.30
   20 T    1 -1  0 -1 -3  0  1  0 -3 -2 -1  1  0 -2  1  1  3 -4 -2 -1   10   2   4   2   0   3  10   6   0   2   7  11   3   1   6   9  19   0   1   4  0.18 0.23
   21 L    0  0 -1 -1 -4  0  2 -3  1 -1  1  2 -1 -2  1  0  1 -4 -2 -1    7   3   2   3   0   3  15   1   4   2  16  16   1   1   6   7   9   0   1   3  0.18 0.23
   22 Q    0  0 -1 -1 -4  2  0  0 -3 -2 -2  3 -3 -2  3 -1 -1 -4 -1 -1    8   3   3   3   0  12   6   8   0   2   3  19   0   2  17   5   3   0   2   4  0.33 0.31
   23 D    1 -1 -1  3 -4 -1  1  0 -1 -2 -3  0 -2 -4  1  2  1 -5 -4 -1   12   3   2  19   0   1   8   8   2   3   2   5   1   0   6  17   8   0   0   4  0.27 0.28
   24 Q    0  2 -2  1 -4  2  3 -1  0 -3 -4  2 -2 -5  1  1  0 -5 -4 -3    6  11   1   7   0  10  19   5   2   1   1  13   1   0   6  10   6   0   0   2  0.38 0.33
   25 E    0  0  0  0 -4  0  3  0 -2 -2 -3  2 -3 -4  2  0  0 -5 -3 -1    9   5   5   5   0   3  19   6   1   2   2  16   0   0  11   6   6   0   1   4  0.29 0.28
   26 G    0  0 -1  0 -3  0  1  2 -3 -1 -2  2 -2 -3  0  1  1 -4 -3  0    8   6   2   6   0   4   9  15   0   3   4  12   1   0   5  11   8   0   0   7  0.16 0.19
   27 D    0  0 -1  2 -4  2  1  0 -2 -2 -3  2 -2 -4  1  1  1 -5 -4 -1    5   4   2  14   0  12   8   7   1   3   1  13   0   1   6  10  11   0   0   4  0.28 0.29
   28 M    0  0  0 -1 -3  0  1 -1  0  0 -1  2  1 -3  1  0  0 -4 -3  0    7   5   4   2   0   2   8   5   2   6   6  15   5   1   7   9   7   0   0   9  0.10 0.15
   29 D    0  0  1  1 -4  0  2 -1 -1 -2 -3  1 -2 -3  2  1  1 -4 -3 -1    8   3   6   8   0   4  14   3   1   3   1   9   1   1  10  12  12   0   0   4  0.25 0.26
   30 P    1 -3 -2  0 -2  0  1 -2 -1 -2 -3  1 -1 -5  5  1  1 -5 -4 -2   14   1   1   4   1   4   8   3   1   2   2   7   1   0  27  11   9   0   0   3  0.53 0.42
   31 G    1 -1 -1 -1 -4 -1  1  1 -3 -2 -3  1 -1 -4  3  1  2 -5 -3 -1   11   2   2   3   0   3   8  11   0   2   1   7   1   0  17  12  13   0   1   4  0.33 0.31
   32 L    0  0 -1 -2 -2  1  0 -2 -1 -1  1  1  0 -2  3  0  0 -4 -2 -1    9   5   3   2   0   6   7   2   1   3  14  10   3   1  15   7   7   0   1   5  0.18 0.19
   33 K    1  1 -1  0 -4  1  1  0 -1 -2 -3  3 -2 -4  1  1  0 -5 -4 -1   11   7   2   4   0   6  10   6   2   2   1  19   1   0   9  12   5   0   0   4  0.27 0.28
   34 E    0  0  0 -1 -2  0  2  0 -1 -2 -3  2 -1 -3  2  0  0 -4 -2 -1    9   5   3   3   1   4  15   6   1   3   2  16   1   1  13   7   6   0   1   5  0.24 0.24
   35 S    0  0 -1 -2 -1 -1  1 -1 -1 -1 -2  2 -1 -3  2  2  2 -4 -2 -1    7   4   3   2   1   2   8   4   1   3   4  14   1   0  10  18  12   0   1   3  0.22 0.25
   36 P    1 -1 -1  0 -2 -1  0 -2 -3 -2 -4  1 -4 -3  6  0  0 -5 -5 -2   13   3   2   5   1   2   6   2   1   2   1   9   0   1  38   6   5   0   0   3  0.76 0.52
   37 L    0  0  0 -1 -3  0  1  0 -1 -1  0  1  0 -2  0  1  1 -4 -2  0    9   4   4   1   0   2  12   6   1   3  10  10   2   1   4  13  11   0   1   7  0.10 0.15
   38 Q    0  1 -1 -2 -4  2  1 -2 -1 -2 -2  3 -1 -3  1  1  2 -4 -2 -3    6   7   2   2   0   9  10   2   1   2   4  22   1   1   6  10  13   0   1   1  0.32 0.32
   39 T    0  0 -1 -1 -3  0  1 -1 -1  0 -1  1 -1 -4  3  0  2 -4 -3 -1    8   5   2   3   0   5   9   4   1   5   5  10   1   0  15   6  15   0   1   3  0.23 0.24
   40 P    0 -2 -2 -1 -5 -1  1 -2 -4 -4 -3  1 -2 -6  6  1  1 -6 -5 -3    7   1   1   3   0   2  10   3   0   1   2   8   1   0  39  11   9   0   0   1  0.86 0.58
   41 A    2  0 -1 -1 -3 -1  0 -2  0 -2 -2  1 -1 -3  1  2  1 -4 -3  0   16   4   3   3   0   2   5   3   2   1   4  11   1   1   8  18   9   0   0   9  0.22 0.26
   42 D    0  1  0  1 -4  0  2  0 -2 -2 -2  2 -2 -3  2  1  1 -4 -2 -1    8   6   3   7   0   4  13   6   0   2   4  14   0   1   9   9   8   0   1   3  0.20 0.21
   43 D    0 -1 -1  2 -2  0  2 -1 -1  0 -2  0 -3 -3  2  1  1 -4 -3 -1    9   3   3  10   1   3  14   5   2   5   3   5   0   1  11  12  10   0   0   5  0.21 0.23
   44 G    1  1 -1 -1 -2  0  0  2  0 -1 -1  2 -2 -2  1  1  1 -4 -3 -1   10   7   1   2   1   3   5  14   2   3   5  14   1   1   8  11   7   0   0   4  0.17 0.19
   45 S    0  1  0  0 -1  0 -1 -1  0 -2 -1  1 -1 -2  2  2  2 -4 -3 -1    7   8   3   4   1   3   3   4   2   1   5   8   1   1  12  17  12   0   0   5  0.20 0.23
   46 E    1  0 -1  1 -4  0  2 -1  0 -3 -2  1 -2 -3  2  0  0 -4 -2 -1   12   5   2   8   0   3  15   5   3   1   3  11   1   1  11   8   6   0   1   5  0.22 0.23
   47 E    0  0 -1 -1 -2  0  3 -2 -3 -2 -2  3 -1 -3  1  0  1 -5 -3 -1    8   5   2   2   1   2  18   2   0   2   3  20   2   1   7   8  11   0   0   5  0.30 0.31
   48 P    1  1 -2 -2 -5  0 -1 -2 -3 -3 -3  1 -2 -5  5  0  1 -6 -5  0   10   6   1   2   0   4   4   3   1   1   3  10   1   0  32   8   8   0   0   6  0.62 0.47
   49 G    1  1 -1 -1 -4  0  0  0 -1 -1 -2  2 -1 -3  3  0  0 -4 -2  0   12   7   2   3   0   5   5   6   1   2   2  12   1   1  15   7   7   0   1   9  0.21 0.22
   50 S    1  0 -1  0 -2 -1  2 -1 -1 -4 -3  1 -3 -4  1  3  2 -5 -4 -2   10   5   2   4   1   2  13   3   2   1   2   9   0   0   7  22  13   0   0   2  0.33 0.34
   51 E    1  1  0  0 -4  0  1 -2 -1 -2 -2  2 -1 -2  3  1  0 -4 -2 -1   10   6   3   4   0   4  12   2   1   2   3  13   2   2  13  12   5   0   1   5  0.23 0.24
   52 T    1 -1 -1 -1  0 -2  0 -1 -4 -2 -2  2  0 -2  1  1  3 -2 -2  1   10   3   2   3   2   1   7   4   0   1   3  14   3   2   8   8  20   0   1   9  0.23 0.28
   53 S    0  0 -1 -1 -4  0  0  0  0 -2 -3  1 -2 -2  3  2  2 -5 -2 -1    8   5   3   3   0   3   6   7   2   2   2   8   0   2  14  17  12   0   1   4  0.25 0.28
   54 D    0  0 -1  1 -4  1  1 -1  0 -2 -3  2 -2 -3  3  0  0 -5 -3  0    6   4   2   9   0   7   8   4   2   2   2  12   1   1  18   8   7   0   1   7  0.30 0.30
   55 A    1  0  0  0 -2 -1  0 -1 -1 -1 -1  1 -2 -2  2  0  0 -4 -1  0   12   5   3   5   1   2   7   4   1   4   6  12   0   1  10   7   7   0   2   6  0.07 0.15
   56 K    0  0 -1  0 -2  1  1 -2 -2 -3 -3  4 -3 -4  3  0  0 -5 -2 -2    6   3   2   4   1   6   9   3   1   1   2  25   0   0  14   8   5   0   2   3  0.35 0.39
   57 S    1  0 -1  0 -3 -1  1 -1 -2 -1 -2  2 -1 -4  1  2  1 -5 -4 -3   11   4   2   4   0   2   9   5   1   3   4  16   1   0   8  16   9   0   0   1  0.21 0.30
   58 T    1  1  0 -1 -2  0  0 -2 -1 -2 -2  1 -1 -3  2  1  3 -4 -3 -2   10   8   3   3   1   4   6   3   1   2   3   8   2   1   9  12  18   0   1   3  0.18 0.27
   59 P    1  0 -3 -2 -3 -2  1 -2 -2 -2 -3  0 -3 -4  5  0  1 -5 -2  0   10   6   1   1   0   1  11   3   1   2   2   6   0   1  29   5   7   0   1   7  0.48 0.46
   60 T    1  0  0 -1 -1 -1 -1 -2 -2 -2 -2  1 -3 -2  2  1  3 -5 -2 -1   11   4   4   2   1   3   4   3   1   2   3   8   0   2  11  11  20   0   1   4  0.22 0.31
   61 A    1 -1 -1 -1 -2 -1  0 -1 -1 -2 -2  1 -2 -3  3  1  1 -5 -3 -1   12   3   3   4   0   3   6   4   1   2   4  11   1   1  15  12   9   0   0   4  0.19 0.27
   62 E    0  0 -1  0 -4  1  2 -2 -1 -1 -2  2 -3 -3  1  0  1 -5 -4 -1    7   3   2   6   0   5  18   2   1   3   4  15   0   1   8   8   7   0   0   5  0.22 0.30
   63 D    0  0  0  1 -1  2  1 -2  0 -2 -3  2 -1 -3  2  1  1 -4 -2 -2    7   3   4   9   1   8   7   3   2   2   2  12   1   1  10  11   9   0   1   3  0.17 0.24
   64 A    0  0  0 -1 -2  0  1 -2 -2  0  0  2 -1 -3  2  1  1 -4 -2 -1    6   4   3   3   1   4   8   2   0   5   8  12   1   1  11  12   8   0   1   4  0.11 0.20
   65 T    0  0 -1 -1 -2 -1  0 -1 -2 -2 -2  1 -1 -2  2  1  2 -2 -2  0    8   3   2   3   1   2   8   4   1   2   4  11   1   1  10  11  16   1   1   6  0.14 0.23
   66 A    1  0 -1 -1 -1  0  0  0 -1 -1 -1  1 -2 -3  1  1  1 -4 -2 -1   11   6   2   3   2   4   6   7   1   3   4  12   0   1   8  12   7   0   1   5  0.09 0.17
   67 P    0 -2 -1 -2 -2  1  1 -2 -2 -1 -2  0 -1 -2  4  1  0 -5 -4 -2    8   2   2   1   1   8   8   3   1   3   3   7   1   1  23  13   7   0   0   3  0.35 0.37
   68 L    0  0  0 -1 -2  0  0 -1 -1 -2  0  1  0 -2  2  1  1 -4 -2  0    9   5   5   3   1   3   6   3   1   2   9   8   2   1  13   9   9   0   1   6  0.10 0.17
   69 V    0 -1 -1 -2 -1 -1  1 -1 -1 -1 -1  1 -1 -4  2  2  1 -4 -2  0    5   3   3   2   1   2   8   4   2   4   6  11   1   0  11  16  10   0   1   6  0.14 0.23
   70 D    0  1  0  1 -1  1  1 -2 -2 -2 -2  1 -2 -4  3  1  1 -4 -4 -1    9   6   3   6   1   5  10   3   1   2   4  11   1   0  13   9   8   0   0   4  0.19 0.25
   71 E    0 -1 -1  0 -4  1  1 -1 -1 -2 -2  2 -2 -3  3  1  1 -4 -3 -1    9   3   2   4   0   5  10   3   1   2   4  11   1   1  15  12   7   0   1   4  0.21 0.28
   72 G    1  2 -2 -1 -1  0 -1  0  0 -2 -2  1 -1 -3  2  1  1 -4 -2 -2   11  11   1   3   1   3   3   7   2   2   4  11   2   1  10  10  10   0   1   2  0.15 0.23
   73 A    1  0 -2 -1 -2  1  1 -1 -1 -1 -2  2 -2 -3  3  1  0 -4 -2 -1   10   6   1   2   1   5   8   4   1   3   4  14   1   1  14   9   6   0   1   5  0.17 0.24
   74 P    0 -1 -1 -2 -1 -1  1  0 -1 -1 -1  1 -2 -2  4  1  0 -4 -2 -1    8   2   2   2   1   2   8   6   1   4   6  10   1   1  20  10   7   0   1   4  0.21 0.26
   75 G    1 -1 -1 -1 -3  0  1  0 -1 -1 -2  1 -1 -2  1  2  1 -4 -3 -1   12   3   2   3   0   5   9   6   2   4   3  10   1   2   6  17   8   0   0   3  0.14 0.23
   76 E    0  1 -1  0 -3  0  0 -1 -1 -1 -2  1 -3 -3  1  1  1 -4 -1 -1    9   8   2   6   0   4   7   5   1   3   4  10   0   0   7  12  11   0   2   4  0.11 0.19
   77 Q    0  0  0 -1 -1  1  1 -1  0 -2 -1  1 -1 -2  2  1  1 -4 -2 -2    9   6   5   2   1   6   8   5   2   2   5  10   2   1  11  11   8   0   1   2  0.11 0.18
   78 A    1  0  0  0 -4  0  0  0 -2 -1 -2  1  0 -3  3  1  0 -4 -3  0   10   4   4   4   0   4   5   6   1   3   3  10   3   1  13  14   5   0   0   6  0.15 0.23
   79 A    1  1  0 -1 -2 -1  0 -1 -2 -1 -2  0 -1 -2  3  1  1 -4 -4  0   11   7   3   2   1   2   6   4   1   3   3   7   2   1  16  11   9   0   0   6  0.20 0.26
   80 A    1  0 -1 -1 -2  1  0  0 -2 -2 -1  1 -1 -2  2  1  1 -4 -2  0   16   5   2   2   1   5   6   5   1   2   5   8   1   1  11   9  10   0   1   6  0.12 0.20
   81 Q    0  2 -1 -1 -2  1  0 -1  1 -1 -2  2 -2 -2  2  1  1 -4 -2 -1    8  10   3   3   1   5   6   3   3   3   3  14   1   1  10   9   8   0   1   4  0.15 0.22
   82 A    1  0 -1 -1 -2  1  0 -1 -1 -2 -1  2 -1 -1  2  1  1 -4 -2 -1   11   3   2   2   1   7   5   4   1   1   5  13   1   2  10  13   9   0   1   4  0.15 0.23
   83 P    0 -1  0 -1 -1  0  0 -1  1 -2 -2  0 -2 -2  4  1  1 -4 -1 -2    7   2   4   2   1   4   6   4   4   3   4   6   1   1  24  11   8   0   3   2  0.30 0.32
   84 A    1  0  0 -1 -2  0  0  0  0 -2 -2  0 -1 -3  2  2  1 -4 -3 -1   12   5   4   2   1   3   7   5   2   2   4   5   2   1  12  15  11   0   0   4  0.16 0.23
   85 E    0  2 -1  0 -2  0  1 -1  0 -2 -2  2 -1 -1  1  0  1 -4 -1 -1    7  11   3   5   1   3   8   5   3   1   4  13   1   2   9   8   8   0   1   3  0.13 0.18
   86 I    0  0 -1 -1  0  0 -1 -1  0 -1 -1  1  0 -2  3  1  1 -4 -2  0    7   6   2   3   2   4   3   4   3   4   6  10   3   1  14  10   9   0   1   5  0.12 0.18
   87 P    0 -2 -1 -1 -1  0  0 -1 -1 -1 -2  1 -1 -4  4  1  1 -4 -2 -1    6   2   2   3   2   5   6   4   1   3   3   8   1   0  25  11   8   0   1   5  0.35 0.33
   88 E    1  1  0  0  0  1  1 -1  0 -2 -2  1 -3 -4  0  1  1 -4 -1 -1   11   7   4   4   2   7   8   5   2   2   4  10   0   0   4  13  10   0   2   3  0.14 0.19
   89 G    0  0  0 -1  0  0  0  1  2 -1 -1  0 -1 -1  1  0  1 -3 -1 -1    9   4   5   3   2   5   5  11   6   3   6   7   1   2   8   8  10   0   2   4  0.08 0.10
   90 T    0  0  0  0  1  0 -1  0  0 -1 -1  0  0 -1  1  1  1 -3 -2 -1    8   4   4   5   3   4   3   6   3   4   5   7   3   3   7  15   8   0   0   5  0.07 0.11
   91 A    0  0  0  0  2  0  0 -1  1  0 -1  0  1  0  0  0  0 -2  1  0    5   5   5   5   5   5   5   5   5   5   5   5   5   5   5   5   5   0   5   5  0.03 0.05
   92 A    1 -1  0 -1 -1  0  0 -1  0 -2 -1  1 -1 -2  3  2  1 -5 -4 -1   11   3   4   3   2   3   6   4   2   2   6  10   1   1  15  15  10   0   0   4  0.22 0.24
   93 E   -1  1 -1  0 -2  1  1 -1  1 -2 -3  1 -2 -3  3  1  1 -3 -2 -1    5   6   2   6   1   5  12   5   3   2   2   9   1   1  17   9   9   0   1   4  0.26 0.25
   94 E    0  1 -1 -1 -3  0  1 -1  0 -3 -1  2 -2 -3  3  1  1 -5 -4 -2    7   7   3   3   0   4  12   5   2   1   5  13   0   1  15  10   9   0   0   3  0.28 0.28
   95 A    1  1 -1 -1 -3  0 -1 -2 -3 -1 -1  1 -2 -2  2  2  0 -5 -3 -1   15   7   2   3   0   4   4   2   0   4   6  10   1   1  12  20   6   0   1   4  0.25 0.28
   96 G    0  0 -1 -1 -4  1  1  1 -1 -1 -2  1 -1 -4  3  1  0 -2 -3 -1    8   5   3   3   0   5   9  11   2   4   4   9   1   0  13  11   7   1   1   3  0.19 0.21
   97 I    0  1 -1  0 -2  0  0 -1 -2  0  0  2 -1 -2  1  1  1 -2 -2  0    7   7   2   4   0   4   4   4   1   4   9  13   1   2   9  12  11   1   1   6  0.11 0.15
   98 G    0  1 -2 -2 -4  0 -1  0 -2 -2 -2  2 -2 -4  3  2  2 -5 -3 -1    9   9   1   2   0   3   4   8   1   2   3  12   1   0  14  14  13   0   0   3  0.31 0.31
   99 D    1  0 -1  1  0 -1  0 -1 -3 -3 -2  1 -2 -3  4  1  1 -5 -3 -1   11   5   2   7   2   2   7   4   0   1   3   7   1   1  20  12  11   0   0   3  0.32 0.30
  100 T    1 -1  0 -1 -1  0  0 -1 -3 -2 -1  1 -2 -3  3  1  2 -5 -4  0   14   3   4   3   1   4   5   3   0   2   5  10   1   1  15  11  12   0   0   5  0.25 0.26
  101 S    0 -1  0  0 -2 -1  0 -1 -2 -2 -2  2 -3 -4  4  2  1 -5 -3 -2    8   3   4   6   1   3   5   5   1   2   4  13   0   0  20  15   8   0   0   3  0.35 0.33
  102 N    1  1  1 -1 -4  0  1  0 -1 -2 -2  1 -2 -3  2  2  1 -4 -2 -1    9   7   6   3   0   3   8   8   1   1   4   9   1   1  11  16   9   0   1   3  0.20 0.22
  103 L    0  0 -1  0 -1  0  1 -1  0 -1  0  1  0 -2  2  1  1 -4 -2  0    8   4   2   4   1   4   8   4   2   4   8  11   2   1   9  11  10   0   1   6  0.10 0.14
  104 E    0  0 -1  0 -3  0  1 -2 -1 -2 -2  1 -2 -3  4  1  0 -5 -3 -1    9   4   2   4   1   4  12   2   1   2   4  10   1   1  21  12   6   0   0   4  0.35 0.32
  105 D    0  1  0  2  0  0  0 -1 -1 -2 -3  2 -2 -4  2  1  1 -5 -4 -2    9   6   4  11   2   3   5   5   2   1   2  12   1   0  12  13   9   0   0   2  0.25 0.25
  106 Q    1  2 -2 -1 -4  1  0 -2  2 -2 -2  1  0 -4  3  1  1 -3 -4 -1   11  12   1   3   0   8   6   3   5   1   3  10   2   0  13  10   8   0   0   4  0.27 0.28
  107 A    1 -1 -2 -2 -4  1  0 -1 -1 -2 -3  2 -2 -3  4  2  1 -5 -3 -2   15   3   1   1   0   6   4   3   1   2   2  13   1   1  19  14  11   0   1   2  0.41 0.38
  108 A    1 -1 -2 -1 -2  0  0  0 -1 -1 -2  1 -2 -3  3  2  1 -5 -2 -1   11   3   1   2   1   3   6   6   1   4   3   8   1   1  18  17   9   0   1   5  0.29 0.29
  109 G    0 -1 -1  0 -4  0  0  0 -1 -2  0  1 -2 -2  2  2  2 -5 -4  0    8   3   2   4   0   3   5   7   2   1   8  10   0   1   9  18  12   0   0   6  0.17 0.23
  110 H    1  0  0  0 -2  0  0 -2  1 -2 -3  1 -2 -3  2  2  1 -2 -4 -1   14   5   4   6   1   3   6   2   4   2   1  10   1   1  12  16   7   0   0   4  0.25 0.27
  111 V    1  0 -1 -1 -2  0  0 -1  0 -1 -1  1 -2 -2  2  1  1 -2 -3  1   10   4   3   3   1   3   7   5   2   2   5  10   0   2  12   9  10   0   0  12  0.14 0.18
  112 T    1  1 -1 -1 -3  1  1 -2  0 -2 -2  2 -2 -3  3  0  2 -3 -3 -2   11   7   3   2   0   6   7   3   2   2   2  13   1   1  15   8  14   0   1   3  0.29 0.30
  113 Q    0  1 -1  1 -3  2  1  0  1 -2 -2  1 -1 -2  2  1  1 -4 -2 -2    7   7   3   7   0   9   8   6   5   1   4   8   1   1  10  12   8   0   1   2  0.18 0.20
  114 A    1  0 -1 -1 -4  1  0  0 -1 -1 -2  1 -1 -4  3  1  0 -5 -4  0   12   4   3   3   0   7   7   6   1   3   4  12   1   0  14  12   6   0   0   6  0.22 0.24
  115 R    1  2 -2 -3 -2  1  1 -2 -1 -3 -3  3 -4 -4  2  2  1 -5 -4 -2   10  13   1   1   1   5   8   2   1   1   2  16   0   1   9  17   9   0   0   2  0.40 0.38
  116 M    1  1  0  0 -1 -1  0 -2  0  0 -2  0 -1 -2  2  1  1 -4 -2  0   10   7   4   5   1   2   6   2   2   5   3   6   1   1  12  14  11   0   1   6  0.17 0.20
  117 V    1  0 -1  0 -2  0  0  0  0 -2 -2  1 -2 -3  2  2  1 -4 -3  0    9   4   3   5   0   5   7   6   2   2   4   9   1   1  12  17   9   0   0   6  0.19 0.21
  118 S    0  1  0  0 -1  0  0 -1 -2 -1 -2  0 -1 -2  2  2  1 -4 -2 -1    7   8   5   6   1   4   7   4   1   3   4   6   1   1   9  17  11   0   1   5  0.16 0.20
  119 K    0  0  0  0 -1  0  0 -1  0 -3 -2  2 -2 -4  3  2  1 -5 -4 -1    6   6   5   4   1   4   5   5   2   1   4  13   1   0  16  14  10   0   0   4  0.29 0.28
  120 G    0  1  0  1 -3  0  0 -1 -1 -1 -2  2 -1 -3  2  1  1 -4 -1  0    7   8   4   7   0   3   6   5   1   3   3  13   1   1  11  10   8   0   2   7  0.16 0.18
  121 K    0  0  0  0 -2  0  1  0 -2 -1 -2  2 -2 -3  3  1  1 -2 -3  0    8   3   3   5   1   3   8   7   1   2   3  13   1   1  15   9  11   1   0   6  0.22 0.23
  122 D    1 -1  0  0 -2  0  0  0  0 -1 -2  0 -3 -3  2  2  1 -1 -3 -1   11   3   3   6   1   3   5   6   3   3   3   7   0   1  10  20   9   1   0   4  0.19 0.22
  123 G    0  0 -1  0 -2  0  0  0 -1 -1 -2  1 -2 -2  3  2  2 -4 -3 -1    7   4   3   4   1   3   7   7   2   3   3   7   1   1  14  18  12   0   0   3  0.23 0.25
  124 T    0  1  0 -1 -2  1  0  0  0 -1 -2  1 -1 -2  2  2  2 -4 -2 -1    8   6   3   2   1   5   4   5   2   2   4   9   1   1  11  15  14   0   1   5  0.18 0.21
  125 G    0  0  0 -1 -3  0  0  0 -1 -2 -1  1 -1 -3  2  1  1 -4 -3 -1    8   5   3   2   0   5   6   8   1   2   8  10   1   1  13  12  11   0   0   3  0.18 0.20
  126 P    0 -2  0 -2 -4  0  0  0  0 -2 -2  1 -2 -3  4  1  1 -5 -3 -1    9   2   4   2   0   3   5   6   2   2   3   8   1   1  25  12  11   0   1   6  0.40 0.35
  127 D    0  1 -1  1 -4 -1  2  0 -1 -2 -2  2 -2 -2  2  1  1 -1 -2 -1    6   7   2   8   0   2  14   6   1   2   3  13   1   1  10  12   7   1   1   4  0.21 0.23
  128 D    0  1  0  1 -4  1  1 -1 -1 -2 -2  1 -1 -2  2  2  1 -5 -4 -2    6   7   4   8   0   5  11   4   1   2   2   9   1   1   9  16  11   0   0   2  0.23 0.25
  129 K    0  1  0  0 -3  0  0  0  0 -1 -2  1 -1 -2  2  1  1 -4 -2 -1   10   9   5   3   0   3   6   7   2   3   3  11   1   2  10  11  10   0   1   4  0.15 0.17
  130 K    0  1  0  0 -4  0  0 -1 -1 -2 -2  2 -2 -4  2  2  1 -4 -2 -1    6   7   5   4   0   4   6   4   1   2   3  15   1   0  12  15   9   0   1   6  0.23 0.24
  131 T    0  0 -1  0 -1  1  0 -2 -3 -1 -1  2 -1 -2  2  1  2 -4 -2 -1    9   3   3   5   1   5   5   2   0   4   4  13   1   1  12  12  15   0   1   3  0.21 0.24
  132 K    0  1  0 -1  1  0  1 -1 -1 -2 -1  3 -1 -4  2  0  1 -4 -2 -1    6   6   3   2   3   3   8   4   2   2   7  20   2   0  11   7   8   0   1   5  0.19 0.22
  133 G    0  0  0  0 -1  0 -1  0 -1 -2 -2  1 -1 -1  3  1  2 -1 -1 -1    8   5   3   4   1   3   4   9   1   2   2   9   1   3  14  11  14   1   2   4  0.18 0.20
  134 A    1  0  0  0  0  0  0  0 -2 -1 -1  1  0 -1  2  1  1 -3 -3 -1   16   4   3   4   3   3   7   6   0   3   4   8   2   3  10   9  10   0   0   5  0.12 0.15
  135 D    0  0  0  0 -1  0  0 -1  0 -1 -2  1 -2 -1  2  2  1 -3  0 -1    5   6   3   6   2   4   6   4   3   3   3   8   0   3   9  16  11   0   3   4  0.12 0.16
  136 G    0  1 -1 -1 -3  0  0  0  0 -1 -2  1  0 -1  2  1  1 -3 -1  0    9   8   3   3   0   3   5   9   2   2   3   7   3   2  11  12   8   0   2   7  0.12 0.14
  137 K    0  1  0  0 -1  1  1 -1  0 -1 -1  1 -1 -2  1  2  1  1 -2  0    8   7   3   4   1   5   8   3   3   2   5   9   2   1   6  16   8   2   0   8  0.10 0.15
  138 P    0 -1 -1 -1 -5 -1 -1 -2 -3 -2 -3  0 -3 -4  5  2  1 -6 -4 -1    9   4   3   3   0   2   3   3   0   2   2   6   1   0  31  17  11   0   0   3  0.63 0.49
  139 G    0  1 -1 -1 -2  0  1  1 -1 -2 -2  2 -2 -4  2  1  2 -3 -3 -1    8   9   2   2   0   4   9  10   1   2   3  12   0   0   9  10  14   0   0   4  0.21 0.24
  140 T    1  0 -1 -1 -2  0  0 -1 -2 -3 -2  1 -1 -4  3  2  3 -3 -4 -1   10   4   3   3   1   3   4   4   1   1   2   9   2   1  14  16  19   0   0   4  0.33 0.34
  141 K    0  3 -2 -2 -3  0  0 -2 -1 -1 -2  3 -3 -4  2  1  2 -3 -3 -2    9  15   1   2   0   4   5   3   1   4   3  17   0   0  11   9  13   0   1   2  0.33 0.33
  142 I    1 -1  0 -1 -3 -1  0 -1 -1  1 -1  0  0 -2  2  2  2 -4 -2 -1   12   4   4   2   0   1   4   4   2   9   5   5   2   1  11  17  13   0   1   4  0.17 0.22
  143 A    2  0  0 -1 -4 -1 -1  0 -1 -3 -3  1 -2 -3  3  2  1 -3 -3 -1   17   4   5   2   0   3   4   7   2   1   2   9   1   1  15  16   7   0   0   5  0.29 0.29
  144 T    1  0 -1  0 -4 -1  0 -2  0 -1 -1  1 -1 -3  1  2  2 -5 -3 -1   12   3   2   4   0   2   7   2   2   3   6  10   1   0   7  15  18   0   1   4  0.22 0.26
  145 P    0  1 -1 -4 -5  0 -2 -1 -1 -2 -3  0 -2 -3  5  1  1 -6 -3 -2    9   6   3   0   0   3   2   4   2   2   3   5   1   1  31  13  11   0   1   3  0.56 0.45
  146 R    0  3  0 -1 -4 -1  1 -1 -2 -3 -2  1 -2 -4  2  1  2 -5 -2 -1    7  16   4   2   0   2   9   3   0   1   4   9   1   0  11  13  12   0   1   4  0.29 0.30
  147 G    1  1  0 -1 -1  0  0  0 -1 -2 -2  1 -2 -4  2  1  1 -2 -1 -2   15   8   4   3   1   3   4   8   1   2   3  11   0   0  11  10  10   1   2   3  0.19 0.21
  148 A    1  0  0  0 -2  0  0 -1 -2 -1 -1  0 -2 -3  2  1  1 -3 -2 -1   16   6   4   4   1   4   5   5   1   3   5   6   1   1  12  11  11   0   1   5  0.16 0.19
  149 A    2  0 -1 -1 -2 -1  0 -1 -2 -2 -3  2 -3 -4  2  2  2 -5 -3 -1   17   5   3   3   1   2   4   4   0   2   1  14   0   0   9  15  16   0   0   4  0.31 0.32
  150 P    0 -1 -1  0 -4 -2  0 -1  0 -2 -2  0 -3 -2  4  2  2 -5 -3 -1    7   4   2   4   0   1   6   5   3   2   3   6   0   1  23  16  12   0   1   4  0.39 0.35
  151 P    0  0 -1 -2 -2  0 -1 -2 -3 -1 -1  1 -1 -4  4  1  1 -5 -1 -1    9   6   2   2   1   5   3   3   0   3   6   9   2   0  22  12  11   0   2   3  0.34 0.32
  152 G    1  1  0 -2 -3 -1 -1  0 -2 -1 -3  1 -2 -5  2  2  2 -5 -4 -1   12  10   4   1   0   3   3   6   1   3   1   9   1   0  13  15  14   0   0   4  0.31 0.31
  153 Q    0  2 -1 -2 -4  1  0 -1 -2 -2 -3  1 -2 -3  2  2  2 -5 -2 -2    9  14   2   2   0   8   4   4   1   2   2   9   1   1  10  16  12   0   1   2  0.30 0.31
  154 K    0  2  0 -1 -4 -1  1 -1  0 -2 -3  1 -3 -4  3  1  1 -5 -3 -1    8  11   4   3   0   2   8   5   3   2   2  11   0   0  14  13  11   0   0   4  0.28 0.28
  155 G    1 -1  0 -1 -4 -1  0  1 -2 -1 -2  0  0 -3  3  2  2 -5 -4 -2   10   2   4   4   0   2   6  11   1   5   2   4   2   1  15  14  15   0   0   2  0.27 0.29
  156 Q    1  0  0 -1 -2  0 -1 -1 -2 -1 -1  1 -1 -3  3  2  2 -3 -2 -2   11   4   4   2   0   4   4   3   1   3   5  11   1   0  15  14  13   0   1   2  0.25 0.27
  157 A    2  1 -1 -1 -3 -1 -1 -2 -1 -1 -2  1 -2 -2  2  2  1 -4 -2  0   17   7   2   2   0   2   4   1   1   4   2  11   1   2   9  15  11   0   1   6  0.22 0.26
  158 N    0  0  2  0 -4 -1  0 -1 -1 -3 -2  2 -3 -4  2  2  2 -5 -3 -1    8   5   9   4   0   1   4   4   1   1   4  12   0   0  12  14  16   0   0   4  0.30 0.31
  159 A    2 -1 -1 -2 -2 -2  0  0 -2 -1 -2  1 -1 -4  2  2  2 -5 -3 -2   17   3   3   2   0   1   6   6   1   3   4  10   1   0  12  14  14   0   1   3  0.26 0.29
  160 T    0 -1 -1 -1 -3  0  0 -2 -3 -2 -1  1 -2 -3  3  2  3 -5 -4 -1    8   3   2   3   0   4   6   3   0   2   5   8   1   1  18  14  18   0   0   4  0.34 0.34
  161 R    1  2 -1  0 -3  0  0 -1 -1 -3 -3  2 -2 -3  2  2  1 -3 -3 -1   10  12   2   4   0   5   6   4   1   0   2  13   1   1  11  15   9   0   0   3  0.27 0.28
  162 I    0  1  0  0 -4  0  0 -1 -2  0 -2  2 -2 -3  2  1  2 -4 -3 -1    8   9   5   5   0   2   4   4   1   7   4  12   0   0  11  11  15   0   0   3  0.21 0.24
  163 P    0  0 -2 -1 -5 -1  0 -1 -2 -3 -2  1 -3 -4  5  1  1 -6 -3 -2    7   6   2   3   0   2   6   5   1   1   3  10   0   0  32  11   8   0   1   3  0.60 0.46
  164 A    2  1 -1 -1 -2  0 -1  0 -3 -2 -2  1 -1 -3  2  2  2 -5 -4 -1   16   8   1   2   0   3   4   6   0   2   3   9   2   1   9  14  16   0   0   4  0.25 0.28
  165 K    0  1 -1  0 -3  0  0 -1 -1 -2 -2  2 -3 -4  2  2  2 -5 -3 -1    8   7   2   5   0   3   5   4   1   1   4  15   0   0  11  17  12   0   0   3  0.27 0.29
  166 T    1  0 -1 -1 -1  0  0 -1  0 -1 -2  1 -1 -1  2  1  1 -2 -2 -1   11   6   2   3   1   3   7   5   2   4   4  10   1   3  10  12  12   1   1   4  0.12 0.16
  167 T    1  1 -1 -1 -4  0  0 -2  0 -1 -2  2 -2 -3  2  1  3 -5 -4 -1   10   7   3   2   0   4   4   3   2   3   3  12   1   1  13  11  18   0   0   4  0.28 0.29
  168 P    1  0  0 -1 -4 -1 -1 -2 -2 -3 -3  1 -2 -5  3  2  2 -3 -3 -2   12   5   5   3   0   2   4   3   0   1   2  10   1   0  17  18  14   0   1   2  0.40 0.37
  169 T    1  0 -1  0 -2 -1  1 -1 -2 -1 -2  1 -2 -1  0  1  3 -4 -3  0   13   4   1   4   0   2   8   5   0   3   3   9   1   2   5  13  19   0   0   6  0.19 0.25
  170 P    0  0  0 -1 -2 -1  0 -2 -3 -2 -2  1 -2 -5  4  1  1 -4 -4 -1    9   4   3   4   1   2   6   3   0   2   3  10   1   0  24  13   9   0   0   4  0.43 0.37
  171 K    1  1  0 -1 -3  0 -1  0 -2 -2 -3  3 -2 -3  2  1  1 -5 -2 -2    9   8   3   2   0   3   2   6   1   2   2  20   1   1  12  13  11   0   1   3  0.30 0.31
  172 T    0  0 -1 -1 -4 -1  0  0 -1 -2 -2  2 -2 -3  2  1  3 -5 -3 -2    7   4   3   3   0   2   6   6   2   2   3  16   1   1  12  10  19   0   0   3  0.28 0.30
  173 S    1  0 -1 -1 -1 -1  1 -1 -3 -2 -2  0 -2 -4  3  2  1 -2 -4 -1   11   4   2   3   1   2   8   5   0   2   3   7   1   0  17  18  11   1   0   4  0.30 0.31
  174 P    0  1 -1  1 -4 -1  0  0  0 -2 -2  0 -3 -5  4  0  1 -2 -3 -2   10   8   3   7   0   3   5   7   3   3   3   7   0   0  23   7   8   1   0   3  0.35 0.31
  175 A    1  1  0  0 -3 -1  0  0 -1 -1 -1  1 -2 -3  2  1  1 -4 -3 -1   13   7   4   5   0   2   5   6   2   3   4   9   1   1  11  14   8   0   0   4  0.17 0.19
  176 T    1  0  0  0 -2  0  1  0  0 -2 -2  1 -1 -3  1  1  1 -3 -3  0   12   5   4   6   0   4   7   6   2   2   2   9   1   1   7  13  11   0   0   6  0.14 0.17
  177 M    1  1  0  0 -3 -1  0  0 -1 -1 -2  1 -2 -4  2  1  1 -4 -3 -1   10   7   5   4   0   2   4   8   1   3   4  11   1   0  10  14  11   0   0   4  0.18 0.20
  178 Q    1  2  1  0 -3  1  0 -1 -2 -1 -2  1 -1 -4  1  1  2 -4 -2 -1   11  11   6   4   0   6   5   5   1   3   3  10   1   0   8  11  12   0   1   3  0.18 0.20
  179 V    1 -1  0 -1 -2  0  0  0 -2 -1 -2  0  0 -2  2  2  1 -1 -2  1   10   3   4   3   1   3   5   8   0   3   3   7   3   1   9  16  10   1   1  11  0.13 0.17
  180 Q    0  0  0  0 -3  1 -1  0 -1 -2 -3  2 -2 -4  2  1  2 -4 -2 -1    9   6   4   5   0   6   3   8   2   2   1  13   1   0  12  10  12   0   1   5  0.22 0.24
  181 K    0  2  0 -1 -4  0  0 -1  1 -4 -3  3 -2 -5  1  2  1 -5 -3 -2    8  11   3   3   0   3   5   4   3   0   2  21   1   0   8  18   7   0   0   3  0.34 0.33
  182 K    1  0 -1 -1 -4  0  0  0 -1 -2 -3  3  0 -4  2  1  1 -4 -2 -1   10   4   2   3   0   4   4   7   1   3   2  20   2   0  13  12   8   0   1   5  0.26 0.27
  183 P    0  0  0 -1 -4 -1 -2  0 -3 -2 -4  1 -2 -4  4  2  1 -5 -4 -1    7   5   4   3   0   3   2   6   0   2   1   9   1   0  27  16  10   0   0   3  0.52 0.42
  184 P    1 -1  0  0 -3 -1 -1  0 -2 -2 -3  0 -2 -3  3  2  2 -5 -4 -1   12   2   4   5   0   3   3   8   1   3   2   7   0   1  17  15  15   0   0   3  0.33 0.31
  185 P    1 -1 -1 -2 -4 -1  0  0 -2 -3 -1  1  1 -3  4  1  1 -2 -3 -1   13   2   3   2   0   2   5   6   1   1   5   8   5   1  20  11  11   0   0   5  0.31 0.30
  186 A    2 -1  0  0 -3 -1 -1  1 -1 -2 -3  1 -2 -3  2  1  2 -2 -3 -1   18   3   3   5   0   2   4   9   1   2   2   7   0   1  10  12  16   1   1   4  0.24 0.26
  187 G    0  1  1  1 -2 -1  0  1 -1 -2 -2  1 -1 -3  2  1  1 -4 -3 -1    9   7   6   7   1   1   4  10   2   1   3   8   1   1   9  14  11   0   0   5  0.18 0.20
  188 A    1  0  1 -1 -3  0 -1 -1 -1 -1 -1  0  0 -4  2  1  3 -4 -2 -1   11   5   6   3   0   3   2   5   2   2   6   6   2   0  13  11  19   0   1   4  0.23 0.25
  189 K    0  1 -1  1 -4  0  0 -1 -3 -2 -3  3 -2 -3  2  1  1 -5 -4 -2    8   9   2   9   0   4   4   4   0   3   2  18   1   1  12  14   9   0   0   2  0.32 0.31
  190 S    0  0  0 -1 -4 -1  0  0 -1 -1 -2  1 -2 -3  2  3  2 -5 -4 -1    6   5   4   3   0   2   5   7   1   4   3   8   1   1  10  25  12   0   0   3  0.26 0.29
  191 E    0  1 -1 -1 -3 -1 -1  1 -2 -2 -2  1 -2 -4  3  2  1 -5 -3 -1    8   7   3   4   0   2   3  12   1   1   3   9   1   0  16  16   8   0   0   5  0.28 0.27
  192 R    0  2  0  0 -4  0  0 -1 -2 -3 -2  2 -2 -4  2  2  1 -5 -3  0    7  11   4   4   0   3   4   3   0   1   3  14   0   0  12  14  11   0   1   6  0.28 0.29
  193 G    1  0  0 -1 -4 -1 -1  1 -1 -2 -2  1 -1 -4  2  2  1 -5 -3 -2   14   6   3   3   0   2   2  12   1   1   3  10   1   0  11  14  11   0   1   3  0.25 0.27
  194 E    0  1 -1  1 -2 -1  1 -1 -1 -1 -2  1 -2 -3  2  1  2 -3 -3 -1    7   8   2   7   1   1   9   5   1   3   2  11   0   1  10  14  14   0   1   3  0.22 0.25
  195 S    0  0  0 -2 -2 -1 -2 -1  0 -2 -1  0 -3 -3  2  3  2 -5 -1 -2    8   4   4   1   1   2   1   3   2   1   6   7   0   1  10  28  15   0   2   2  0.34 0.36
  196 G    1  0 -1 -1 -4 -1 -1  1 -3 -1 -2  1 -2 -4  3  1  2 -5 -4 -1   10   4   3   2   0   2   4  10   0   4   2   9   1   0  16  12  18   0   0   3  0.31 0.31
  197 K    1  1  0  0 -2  1  0 -1 -2 -1 -3  2 -2 -3  1  1  2 -4 -3 -1   10   7   4   4   1   5   5   4   1   4   1  17   1   1   6  14  13   0   0   3  0.23 0.25
  198 S    0  0 -1 -2 -3 -1 -1  0 -3 -2 -2  1 -2 -3  2  3  3 -5 -3 -1    8   4   2   2   0   2   3   6   0   2   4   8   0   1  10  22  20   0   1   4  0.33 0.34
  199 G    0 -1  1 -1 -4 -1 -1  1 -1 -2 -2  2 -1 -4  2  1  2 -4 -2 -1    8   3   6   3   0   2   2   9   1   1   3  14   1   0  12  11  17   0   1   4  0.27 0.28
  200 D    0  0  0  0 -3 -1  0 -1  0 -1 -2  1 -2 -3  3  2  1 -4 -3 -1    9   5   3   5   0   1   6   4   2   3   3   9   0   1  14  17  11   0   0   5  0.24 0.26
  201 R    0  3 -1 -1 -4  0 -2 -1  0 -2 -3  2 -2 -5  2  2  1 -5 -4 -2    9  18   2   4   0   3   2   4   2   2   2  13   1   0  11  16  11   0   0   3  0.36 0.35
  202 S    0  1  0  0 -4 -1  0 -1  0 -2 -3  1 -1 -4  2  2  2 -1 -1 -1    6   7   5   5   0   2   4   3   2   2   2   9   1   0  12  18  14   1   2   4  0.26 0.28
  203 G    0  0 -1 -2 -2 -1 -1  1 -2 -2 -2  1 -2 -3  3  1  2 -2 -2 -2    8   5   3   2   1   2   2  14   1   2   4  10   1   1  16  12  13   1   1   3  0.27 0.27
  204 Y    1  0 -1 -1 -1 -1 -1  0  0 -2 -2  0 -2 -2  4  1  1 -4  0 -1   11   6   2   2   1   3   3   7   2   2   3   6   1   1  20  11  10   0   4   3  0.28 0.27
  205 S    1  1  0 -1 -4 -2 -1  0 -2 -2 -2  1 -3 -4  1  3  2 -5 -2 -2   10   6   5   3   0   1   2   8   1   2   4  11   0   0   6  23  14   0   1   2  0.29 0.32
  206 S    1  0 -1 -1 -2 -2 -1 -2 -2 -1 -2  1 -2 -3  2  3  2 -5 -4 -2   10   5   2   3   0   1   3   3   1   4   3   8   1   1  12  26  16   0   0   2  0.37 0.38
  207 P    2 -1 -1 -2 -2 -1 -1  0 -4 -1 -2  1 -3 -5  5  1  1 -5 -3 -2   15   3   2   2   1   2   3   8   0   3   4   7   0   0  27  11   8   0   1   3  0.48 0.40
  208 G    1  0  0 -1 -4 -1 -2  2  0 -1 -2  0 -2 -3  2  1  2 -4 -2 -2   12   7   4   3   0   1   1  17   3   4   2   5   1   1  10  13  14   0   1   2  0.23 0.26
  209 S    1  1 -1 -2 -1  0 -1  0 -3 -2 -2  2 -1 -4  0  2  3 -5 -4 -1    9   9   2   1   1   3   2   6   0   2   3  12   1   0   4  20  20   0   0   4  0.33 0.35
  210 P    0  0 -1 -3 -2 -1 -1 -1 -2 -3 -3 -1 -2 -5  6  1  1 -6 -4 -4    6   5   2   1   1   2   3   5   1   2   2   3   1   0  47  11   7   0   0   1  1.03 0.67
  211 G    1  0 -1 -1 -4 -1 -1  2 -1 -2 -3  2 -3 -4  2  1  1 -5 -4 -2   13   5   2   4   0   2   3  14   1   3   2  17   0   0  13  10   9   0   0   3  0.30 0.30
  212 T    0  0 -1 -2 -3 -1 -1 -2 -2 -1 -2  2 -3 -5  2  2  3 -5 -3 -2    9   4   2   1   0   2   2   3   1   3   3  15   0   0  10  19  23   0   1   2  0.43 0.41
  213 P    1 -1 -2 -2 -1 -2 -2 -1 -3 -2 -3  1 -4 -5  6  1  1 -6 -3 -1   10   3   2   2   1   1   2   5   1   2   2   9   0   0  38   9   8   0   1   4  0.76 0.54
  214 G    1  0 -1 -3 -2  0 -2  1 -2 -2 -3  1 -1 -2  3  2  1 -5 -4 -1   14   5   3   1   1   4   1  12   1   2   2   7   1   2  15  16  11   0   0   3  0.30 0.31
  215 S    1 -1 -1 -2 -4 -1 -2  0 -3 -3 -2  0 -2 -4  2  3  2 -1 -3  0   11   3   3   2   0   2   2   6   0   1   3   7   1   0  12  27  11   1   1   6  0.34 0.36
  216 R    0  2  0 -2 -3  0 -1 -1 -1 -3 -2  1 -2 -4  2  1  1 -4  0 -1    7  15   4   1   0   3   3   5   1   1   4  11   1   0  11  12  11   0   4   4  0.23 0.27
  217 S    0 -1  0 -1 -1  0 -1 -1 -2 -2 -1  1 -2 -3  3  3  1 -5 -3  0    9   2   3   2   1   3   4   5   1   2   6   8   1   1  13  24  10   0   0   6  0.26 0.30
  218 R    0  3  0 -1 -2  0 -1 -1 -1 -1 -2  2 -3 -2  2  1  0 -4 -2 -1    8  16   4   2   1   3   4   3   1   3   3  16   0   1   9  12   7   0   1   3  0.22 0.27
  219 T    0  0 -1 -1 -4 -2 -2 -1 -4  0 -2  0  0 -3  2  2  3 -5 -3  0    8   6   2   3   0   1   1   5   0   6   2   7   2   1  11  15  23   0   1   5  0.29 0.34
  220 P    0  0 -1 -2 -4 -1 -1  0 -3 -1 -2  1 -2 -3  5  0  1 -1 -4  0    8   4   2   2   0   2   3   6   0   4   4  10   1   1  28   8   7   1   0   6  0.41 0.37
  221 S    0  1  0 -1 -4 -1 -1  1  0 -2 -3  1 -3 -4  2  3  1 -5 -2 -1    7   7   4   3   0   2   4   9   3   2   2   7   0   0  10  23  10   0   1   4  0.24 0.29
  222 L    0  0 -1 -2 -1  0 -1 -1 -2 -2 -1  1 -1 -3  2  1  3 -4 -3  0    9   6   2   1   1   4   4   3   1   1   7  10   1   1  10  13  19   0   0   5  0.22 0.28
  223 P    1  1 -2 -1 -2 -1 -1 -2 -3 -2 -3  2 -2 -5  4  1  1 -5 -3 -2    9   7   1   4   1   2   3   3   0   2   1  15   1   0  22  13  11   0   1   2  0.45 0.41
  224 T    0  0  0 -2 -2 -1 -2  0  1 -1 -2  2  0 -3  1  2  3 -4 -3  0    6   5   4   2   1   1   1   6   4   3   3  12   2   1   8  15  19   0   0   5  0.22 0.29
  225 P   -1  0 -2 -1 -4 -1 -1 -1 -1 -1 -2  1 -2 -3  3  2  2 -5 -3  0    4   5   1   4   0   3   2   4   1   3   3   8   1   1  19  16  16   0   1   6  0.32 0.34
  226 P    0  1 -1 -2 -3 -1 -1 -1 -2 -2 -2  2 -2 -3  4  1  1 -5 -2 -1    6   6   2   2   0   2   3   5   1   2   4  13   1   1  24  13   9   0   2   5  0.37 0.34
  227 T    1  1 -1 -1 -3 -1 -1 -1 -2 -1 -1  1 -2 -3  0  2  2 -2 -3  0   10   8   2   3   0   2   3   4   1   3   7  11   0   1   5  18  16   1   0   5  0.19 0.25
  228 R    0  2 -1 -1 -4  0 -1 -1  0 -3 -3  2 -1 -2  3  1  0 -5 -4  0    8  13   3   2   0   5   2   4   2   1   1  12   1   1  17  12   6   0   0   7  0.32 0.31
  229 E    0  0  0  0 -1  0  0 -1 -1 -1 -2  0  0 -3  1  2  1 -4 -2  0    9   6   4   5   1   4   5   5   1   3   3   5   3   0   8  21  10   0   1   8  0.15 0.21
  230 P    1 -1  0 -1 -4 -1  0  0 -4  0 -3  1 -2 -5  4  0  1 -5 -4  0   10   3   4   3   0   2   7   7   0   5   2   9   1   0  21   8  12   0   0   7  0.34 0.31
  231 K    0  1 -1 -1 -2 -1 -1 -1 -3 -2 -2  3 -2 -4  2  2  1 -5 -3 -1    7   9   2   3   1   2   3   4   0   2   4  19   1   0  12  17  10   0   1   4  0.31 0.32
  232 K    0  2 -1  0 -4  1 -1 -2 -1 -2 -2  4 -1 -3  1  1  1 -5 -1 -2    6   9   2   4   0   6   3   2   1   1   4  28   2   1   7   8  11   0   2   2  0.35 0.34
  233 V    0 -1  0 -1 -1 -1 -1 -2 -2  0 -2  0 -1 -1  2  1  2 -1 -3  1    8   2   3   4   2   3   2   2   1   6   3   5   2   3  13  12  15   1   0  12  0.19 0.23
  234 A    2  0  0 -2 -1 -1 -1  0 -3 -2 -1  1 -2 -2  3  1  1 -4 -2 -1   18   6   4   1   1   2   2   9   0   2   5   8   1   1  18  10   7   0   1   4  0.27 0.26
  235 V    0  0 -1  1  0 -1  0  0 -1  0 -1  1 -1 -2  1  2  1 -4 -3  1    6   4   1   7   2   2   5   6   1   5   5   8   2   1   7  18  10   0   0  11  0.12 0.17
  236 V    0  0 -1  0 -3 -1 -1 -1 -1  0 -1  2 -1 -2  2  1  1  0 -1  0    8   4   2   4   0   2   3   4   1   5   7  14   1   2  13  10  11   1   2   7  0.14 0.17
  237 R    0  2 -2  0 -4 -1 -1 -3 -1 -3 -2  2 -2 -1  2  2  1 -4 -3 -2    6  14   1   4   0   2   4   1   1   1   3  15   1   3  12  16  10   0   0   3  0.28 0.31
  238 T    0 -1  2 -1 -3  0 -1  0  0 -2 -2  0 -1 -2  2  1  2 -4 -1 -1    9   3  10   2   0   3   3   5   2   2   4   7   2   2  11  11  15   0   2   3  0.13 0.21
  239 P    0 -1 -1 -1 -3 -1 -1 -1 -1  0 -1  0  0 -2  3  0  2 -4 -3 -1    9   3   3   3   0   2   4   4   2   7   5   5   2   2  19   7  15   0   0   4  0.20 0.25
  240 P   -1 -1  0  0 -4  0 -1 -1  0 -2 -2  1 -3 -4  4  0  1 -4 -3  0    5   3   5   6   0   5   3   4   3   2   3   8   0   0  24   8   8   0   0   7  0.31 0.32
  241 K    0  1  0  0 -3  1  1 -1  2 -1 -1  2  0 -2  1  1  0 -3 -1 -1    5   6   4   3   0   5   9   3   6   3   4  13   2   2   6   9   7   0   2   3  0.08 0.14
  242 S    0  0 -2 -1 -2  0 -1 -1 -3 -2 -3  3 -2 -1  2  2  1  0 -2 -1    6   4   1   2   1   3   3   3   0   1   1  19   1   2  10  20   9   1   1   4  0.25 0.33
  243 P   -1  0 -1 -1 -1 -1 -2 -2  0 -2 -3  1 -1 -4  5  1  1 -5 -2 -2    5   6   2   2   1   2   1   2   2   2   2   9   1   0  31  11  10   0   1   2  0.53 0.46
  244 S    2  0  0 -1  1 -1  0  1 -3 -2 -2  1 -2 -2  1  1  1 -4 -2 -1   17   4   4   2   3   1   4   9   0   2   3  10   0   1   8  13   8   0   1   4  0.12 0.21
  245 A    1  0 -1 -1  0  0 -1  1  0 -1 -1 -1  0 -3  1  2  1 -4 -3  0    9   4   2   3   2   4   2  10   2   3   5   4   2   0   8  18  10   0   0   6  0.10 0.19
  246 A    0 -1  0 -1  1  0  0  0 -2 -1 -1 -1  0 -1  2  1  1  1  0 -1    9   4   3   3   3   3   6   8   0   4   4   4   3   3  11  10   8   3   3   5  0.05 0.12
  247 K    0  0  1  0 -2  1  0  0 -1  0  0  0  1 -2  1  0  0 -3 -2  0    6   6   6   6   0   6   6   6   0   6   6   6   6   0   6   6   6   0   0   6  0.03 0.08
  248 S    0  0  1  0 -3 -1 -1  0 -1 -2 -2  0 -3 -4  3  2  1 -4 -2  1    7   5   7   4   0   1   3   6   2   2   2   6   0   0  14  15  10   0   1  10  0.18 0.26
  249 R   -1  3  0 -2 -4  1  0 -2 -3 -4 -3  3 -3 -5  2  1  0 -5 -4 -1    5  15   5   1   0   7   5   3   0   0   1  23   0   0   9   9   7   0   0   4  0.38 0.40
  250 L    0  0 -1 -1 -1 -2 -1  0 -3  2  0 -1 -1 -2  2  0  0 -3 -3  0    8   6   1   4   1   1   4   7   0  16  10   3   1   1   9   8   7   0   0   6  0.07 0.16
  251 Q    0  2 -1 -2 -1  2  0 -1 -1 -1 -1  1 -1 -1  3  1  1 -4 -2 -1    5  11   3   1   1  10   4   4   1   3   4   7   1   2  15  11   7   0   1   3  0.16 0.23
  252 A    1 -1 -2 -1 -3 -2 -2 -2  0  0 -2  0 -1 -3  3  1  1 -4 -2  1   11   3   1   3   0   1   2   3   3   5   3   5   1   0  16  14  10   0   1  12  0.21 0.28
  253 A    0  0 -1  0 -3  0  0  1  0  0 -1  0 -1 -2  2  1  1 -3 -2 -1    8   4   1   4   0   4   4  12   2   7   4   5   1   1   9  12  12   0   1   3  0.09 0.18
  254 P    0 -1  0  0 -3 -1  0 -2  1 -1 -1  1 -2 -1  3  1  1  0 -1 -1    7   2   5   5   0   2   4   2   3   4   7   8   0   3  14  14   9   1   1   5  0.12 0.20
  255 G    1  0  1  0 -2  0  0  0  0  0  0  0  0 -1  1  0  0 -3 -1  0   13   4   6   4   0   3   4   5   3   5   9   6   2   3   6   7   8   0   2   5  0.02 0.07
  256 P   -1  0 -1  0 -4  0 -1 -2  0 -2 -3  1 -3 -4  4  1  0  1  0 -2    4   5   2   4   0   4   4   2   2   2   2  11   0   0  26  14   5   2   3   3  0.39 0.39
  257 M    0  0  0 -1 -3  0  0 -1  0 -1 -1  1  1  0  0  1  1  2 -2 -1    7   4   4   3   0   3   5   3   3   3   6  14   4   4   5   9  12   3   0   4  0.05 0.14
  258 P   -1  0 -1 -1  1  0 -1 -1  0 -1 -2  1  0 -4  4 -1  0 -4 -3  0    4   5   3   3   3   3   4   4   3   4   4   9   3   0  28   4   5   0   0   7  0.35 0.33
  259 D    0  0  0  0 -2  0  0  0  1  0 -1  0 -1  0  1  0  0 -2  1  0    6   6   5   6   0   5   6   6   5   6   6   6   0   5   6   6   6   0   5   6  0.01 0.06
  260 L    0  0 -1 -2 -2 -2  0 -2 -2  0  1 -1 -1  1  1  0  0  0  0  0    9   6   2   1   0   0   6   2   0   5  16   4   0   7   9   7   7   1   4   7  0.04 0.13
  261 K   -1  0 -1 -1  2 -1  0 -2  0 -2 -3  3 -2 -4  2  2  0 -1 -2 -3    3   5   2   2   5   1   7   2   2   2   2  23   1   0  11  16   6   1   1   1  0.27 0.32
  262 N    1  0  2  0 -1 -1  0  0  1 -2 -2  1  0 -2  2  1  1 -3 -2 -2   11   4  11   3   1   2   4   5   3   1   2  10   2   2   9  10  11   0   0   2  0.11 0.17
  263 V    0 -2  0 -3 -3 -1 -1 -1 -3  1 -1  0 -2 -3  2  0  1 -4 -3  3    9   0   4   0   0   2   2   3   0   8   5   6   0   0  11   6  11   0   0  25  0.18 0.26
  264 K    0  1 -1  1 -3  1  0 -2  0 -2 -2  2 -2 -3  3  0  0 -3 -1 -1    7   8   2   8   0   7   4   2   3   2   3  17   0   0  13   4   7   0   2   4  0.18 0.22
  265 S    0 -2  0  0  0 -1 -1 -1 -3 -1 -2  1 -1 -4  0  4  0 -4 -3  0    7   0   3   4   2   2   3   3   0   4   3   8   2   0   5  36   4   0   0   7  0.26 0.34
  266 K    0  1 -1 -1 -4  0  0 -3  2 -4 -3  5 -3 -4  0 -1  0  3 -3 -2    7   5   3   2   0   3   5   0   5   0   2  42   0   0   5   2   4   4   0   2  0.51 0.44
  267 I    0 -1 -3  0  1 -1 -1 -2 -3  2 -2  0 -2 -3  4  0  0 -4 -2  1    7   3   0   4   3   2   3   2   0  19   2   6   0   0  21   7   4   0   1  10  0.26 0.27
  268 G    1 -1 -1 -1 -3  0  0  3 -3 -3 -3  0 -1 -3  1  1  1  1 -1 -2   10   2   2   2   0   3   5  27   0   0   2   4   2   0   8  11  12   2   2   2  0.26 0.27
  269 S    1 -2 -2 -3 -1  0 -1 -2 -3 -4 -3  0 -3 -4  2  4  0 -4 -4 -1    9   2   0   0   1   4   2   2   0   0   2   4   0   0  12  45   5   0   0   4  0.56 0.50
  270 T    0  0  0 -1 -2 -1 -1 -1 -2 -1  1  1  0 -1  2  0  1  1 -2 -1    8   3   4   3   0   0   2   4   0   2  14  10   2   2  13   6  12   2   1   3  0.10 0.17
  271 E   -1  0 -1  3 -3  0  2 -2  0 -2 -3  1 -3 -3  3  0  1 -4 -3 -2    4   5   1  17   0   3  12   2   3   3   2   7   0   0  16   5  11   0   0   2  0.29 0.27
  272 N    0 -1  5  0 -3 -1  0 -2 -2 -3 -3  0 -3 -4  2  1  0 -4 -3 -1    6   3  34   3   0   2   7   2   0   0   1   6   0   0  11   8   6   0   0   4  0.44 0.37
  273 L    1 -1 -1  0 -2 -1  0 -2 -2  0  0  0  1 -2  2  1  1 -3 -2  0   16   2   2   4   0   1   5   2   0   8   7   6   5   0  10  14   9   0   0   4  0.10 0.17
  274 K    0  0  0  1 -3 -1  0 -1  2 -2 -2  2 -2 -3  1  1  1 -3 -2 -2    8   3   3   8   0   0   5   3   6   2   4  19   0   0   7  10  12   0   0   2  0.16 0.21
  275 H    0 -1 -2 -1 -3  0 -1 -1  5 -3 -2  0 -3 -2  3  0  0 -3  3 -1    6   2   0   4   0   4   2   4  20   0   2   5   0   0  14   9   5   0  12   4  0.35 0.33
  276 Q    0  0  0  0 -3  1  0 -2 -2 -1 -2  2 -1 -1  0  1  1 -3 -2  0    8   4   4   4   0   9   3   2   0   3   2  20   1   3   4  13   7   0   0   7  0.11 0.19
  277 P   -1 -2 -3 -2  2 -1 -2 -4 -4 -4 -3 -2 -4 -1  6  0  0 -4 -4 -2    5   2   0   2   4   2   2   0   0   0   3   2   0   3  52   8   5   0   0   2  1.06 0.59
  278 G    0  0 -1 -1 -1 -1  0  3 -3 -4 -3 -1 -3 -4  2  2  0  2 -3 -3    6   6   2   3   1   1   7  28   0   0   1   3   0   0  11  15   6   3   0   0  0.33 0.29
  279 G   -1  0  0 -2 -3  0 -2  4 -1 -3 -1  1 -2 -3  1  0  1 -3 -3 -2    3   4   4   0   0   4   1  34   1   0   6   8   0   0   8   8   8   0   0   2  0.31 0.29
  280 G    0 -2 -1 -2 -3 -1 -1  4 -3 -3 -3  1 -3 -1  2  1  1 -4 -3 -3    6   2   2   0   0   1   4  34   0   0   2   8   0   2  12   8  10   0   0   0  0.41 0.34
  281 K    0  1  1  0 -3  1  0 -2  0 -2 -2  2 -2 -3  2  0  1 -3 -1 -2    5   6   9   4   0   8   4   2   3   1   4  18   0   0  11   7   8   0   2   2  0.18 0.21
  282 V    0  0  0  0  2  0  0  0 -1  0 -1  0 -1  0  1  0  0 -2 -1  0    6   6   6   6   6   6   6   6   0   6   6   6   0   6   6   6   6   0   0   6  0.01 0.07
  283 Q    0  1  0  0 -3  1  1 -2  0 -1 -2  2  0 -3  1  1  0 -3 -2 -1    5   5   3   4   0   8   8   1   3   3   3  21   2   0   8   9   6   0   0   3  0.16 0.20
  284 I    0 -2 -1 -1 -2 -1 -1 -1 -3  3  0 -1 -1 -2  0  0  1 -3 -3  1    7   0   3   3   0   3   3   3   0  29   6   4   0   0   4   7  10   0   0  11  0.15 0.24
  285 I    0 -1  0 -1 -1 -1  1 -2 -1  0 -1 -1 -1  1  3  0  0  1 -1  0    6   2   5   1   1   1  12   2   1   4   7   3   1   7  17   5   7   3   2   9  0.13 0.18
  286 N    0 -1  2  0 -3  0 -1 -1  2 -2 -2  1 -3 -3  1  3  1 -4 -2 -2    5   2  11   4   0   4   3   3   6   1   3   8   0   0   7  26   8   0   1   3  0.23 0.30
  287 K   -1  1 -2 -1  0  1  1 -3 -1 -2 -3  3 -3 -1  3  0  0 -4 -1 -1    3   6   0   3   2   5  10   0   1   1   2  23   0   2  15   9   6   0   3   4  0.29 0.31
  288 K    0  0 -1 -3 -4 -1  0 -2 -3 -2 -3  5  2 -4  2 -1  0 -4 -4 -2    8   4   3   0   0   2   6   3   0   1   1  38   5   0  10   4   6   0   0   2  0.47 0.43
  289 L   -1  0 -2 -2 -3 -1  0 -2 -2  0  2  1  0 -2  3  0  0 -3 -3  1    5   5   0   1   0   2   4   1   1   5  24  10   2   0  15   6   4   0   0   9  0.16 0.22
  290 D   -1 -1  0  4 -4  0  1 -2 -1 -2 -2  0 -2 -4  2  1 -1 -4 -2 -2    5   3   5  30   0   4   7   2   1   1   3   4   1   0  12   9   2   0   1   2  0.36 0.31
  291 L    0 -3 -3 -3 -3 -2 -1 -2 -2  0  1 -1 -1  4  2 -1  0  4  2  0    6   0   0   0   0   2   3   2   0   4  13   3   0  19  10   5   5   7   8   6  0.25 0.26
  292 S    0  0 -1 -1 -3 -1  0 -1 -1 -2 -3  2 -2 -3  0  3  1  1 -3 -2    8   4   2   1   0   0   5   5   1   1   2  18   0   0   4  27   9   2   0   3  0.25 0.30
  293 N    1  0  3 -1 -3  0  0 -1  3 -3 -3  1 -2 -3  1  1  0 -3 -1 -2   12   5  15   2   0   4   4   4  10   0   1   8   0   0   6  11   6   0   1   3  0.20 0.24
  294 V    3 -2 -2 -3  0 -2 -1 -2 -3  1 -1  0 -2 -3  0  0  1 -4 -3  3   28   1   2   0   2   1   3   1   0   6   2   6   0   0   4   4   8   0   0  25  0.28 0.33
  295 Q   -1  1 -2 -1 -3  3  0 -2  0 -2 -3  1 -3 -4  3  1  2 -4 -3 -1    4   9   1   2   0  16   5   1   2   1   2  11   0   0  15   8  12   0   0   3  0.32 0.32
  296 S    0  1  1 -1 -2  1 -1  0 -1 -1  0  1 -1 -2  1  0  1 -2 -2  0    8   8   8   0   0   8   0   8   0   0   8   8   0   0   8   8   8   0   0   8  0.07 0.09
  297 K   -1  2  0 -2 -3  0  0 -2 -2  0 -2  2 -2  0  2  0  1 -3 -2 -1    4  11   3   0   0   3   4   0   0   8   1  20   0   5  13   7   8   0   0   4  0.17 0.19
  298 C    0 -1  0 -1  3  0  0 -2 -2  1  0  0 -1 -1  1  0  0 -2 -2  0    6   3   5   0  10   3   9   1   0  12   8   6   0   3   6   5   8   0   0   8  0.04 0.11
  299 G    2 -1 -1 -1 -2  0 -1  2  0 -1 -1  0 -1 -3  1  1  0  0 -2 -2   19   2   2   2   0   3   3  20   2   5   5   6   2   0   8   9   5   2   0   0  0.13 0.17
  300 S    2 -1 -1 -2 -2  0 -1 -1 -2 -1 -2  0 -2 -3  1  3  1 -3 -3 -1   15   2   2   0   0   4   3   2   0   3   2   5   0   0   8  35   8   0   0   3  0.30 0.32
  301 K    0  0  0 -1 -2  0 -1 -2 -1 -1  0  2  0  0  1  0  1 -3 -2 -1   10   5   3   3   0   3   1   1   1   3   8  22   2   5   6   8  11   0   0   3  0.09 0.17
  302 D    0 -1  1  3 -3  0  1 -1 -1 -2 -2  2 -2 -3  1  1  0 -3 -3 -2   11   2   5  18   0   1   9   3   1   3   3  15   0   0   6   9   5   0   0   2  0.18 0.20
  303 N    0 -1  5 -2 -4  0  0 -1 -2 -4 -3  1 -3 -3  0  1 -1 -4 -2 -2    6   3  42   0   0   3   6   3   0   0   2   8   0   1   6   9   3   0   1   3  0.57 0.44
  304 I    0 -1 -1  0 -2 -1  0 -1 -2  1  0 -1  0 -1  1  0  0  0 -2  0   10   4   1   7   0   2   8   4   0  13  13   3   2   1   7   9   7   1   0   7  0.06 0.09
  305 K    1  0  0  0 -3  0  0 -2  0 -3 -3  4 -3 -1  0  1  2 -4 -2 -2   10   2   5   4   0   4   5   2   2   0   1  32   0   3   5  10  15   0   1   1  0.35 0.30
  306 H   -2 -1  0 -3 -4 -1  0 -4  6 -2 -4  1 -3 -2  3 -1 -2  1  4 -4    2   3   5   0   0   2   5   0  28   2   1   9   0   0  15   4   2   2  20   0  0.84 0.49
  307 V    0  1 -1 -2 -3  1 -1 -3 -2 -1 -1  2  0 -3  0  1  2  0 -2  1    5   8   2   0   0   7   3   1   0   2   4  18   3   0   5  11  15   1   0  13  0.20 0.22
  308 P    1 -1 -3 -3 -4  0 -1 -2 -4 -4 -4 -2 -4 -4  7 -1 -1 -4 -1 -4   10   4   0   0   0   4   4   3   0   0   1   2   0   0  61   3   3   0   2   1  1.45 0.62
  309 G    0  0 -1 -1 -1 -2 -1  3 -1 -4 -3  1 -3 -4  4  1 -1 -4 -3 -2    5   5   2   2   1   1   2  29   1   0   1  10   0   0  21  14   3   0   0   2  0.53 0.32
  310 G   -1 -1  1 -2 -3  0 -2  5 -3 -3 -2  0 -3 -4  1  0  0 -4 -3 -1    2   2   6   0   0   5   0  47   0   1   3   6   0   0   7   6   7   0   0   6  0.58 0.34
  311 G    0 -3 -2 -3 -3 -2 -2  5 -1 -4 -3  0 -3 -4  2  1 -1 -4 -4 -3    8   0   1   0   0   0   2  50   1   0   2   8   0   0  12   9   4   0   0   1  0.77 0.39
  312 S    0  1  1  1 -2  1  0  0  2 -1 -1  0  1 -2  1  0  0 -3 -2  0    7   7   7   7   0   7   7   7   6   0   7   7   6   0   7   7   7   0   0   7  0.09 0.10
  313 V    0  0  1  0 -2  1  0 -2  2  0 -1  0 -1  1  1  0  0 -2  1  0    6   6   6   6   0   6   6   0   6   6   6   6   0   6   6   6   6   0   6   6  0.06 0.09
  314 Q   -1  2  0 -1  0  3 -1 -3  0 -2 -3  3 -1 -4 -1  1  0 -4 -2 -1    5  10   3   2   2  18   2   0   2   3   2  24   2   0   3  12   6   0   1   3  0.36 0.32
  315 I   -1 -2 -1 -1 -3 -2 -3 -4 -4  5  0 -2  0 -1  1 -1  0 -4 -3  1    4   2   3   3   0   2   0   0   0  45   6   2   2   2   8   5   7   0   0   8  0.54 0.39
  316 V    0 -1 -1 -2 -3  1  0 -1 -2  1  0  0  0  0  3  1  0 -3 -1  0    6   2   2   0   0   9   6   3   0   8   7   5   2   4  16  10   7   0   1   9  0.18 0.18
  317 Y    0 -1  2  1 -3  1 -1 -1  1 -3 -2 -1  0 -3  2  2  2  1 -1 -2    7   2  11   8   0   7   3   3   4   0   3   3   2   0   9  19  12   3   2   2  0.24 0.24
  318 K   -1  0 -1 -1  0  2  1 -3  0 -1 -2  3 -1 -4  2  0  0 -4 -3  0    4   3   2   3   2  10   8   0   2   3   2  28   1   0  10   8   6   0   0   7  0.32 0.29
  319 P    0  0 -2 -3 -5  0 -1 -3  0 -4 -3  6  0 -5  3 -1 -2 -5 -4 -2    7   3   2   0   0   3   2   1   3   0   2  54   2   0  13   5   2   0   0   3  0.92 0.59
  320 V    0 -1 -3 -4 -1 -2 -2 -4 -4  1  2  1  0 -2  1 -2  1 -4 -3  2    9   2   0   0   1   1   2   0   0  10  26  11   1   0   8   2  11   0   0  18  0.29 0.26
  321 D   -2 -1  0  5 -4  2  1 -2 -1 -3 -2  0 -3 -5  2  0  1 -5 -4 -3    1   3   3  35   0   9   8   2   2   1   5   4   0   0  10   7  10   0   0   1  0.55 0.36
  322 L   -1 -2 -3 -4 -1 -1 -2 -2 -3  0  2  0 -1  3  1  0 -1  5  0  0    3   1   0   0   1   2   2   2   0   6  22   6   1  18   6   8   3  11   2   7  0.34 0.26
  323 S    0 -1 -2 -1  0  0 -1  0 -1 -2 -3  2 -3 -2  0  4  1  2 -2 -3    4   3   1   3   2   4   2   6   1   2   1  15   0   1   5  38   7   4   1   1  0.40 0.30
  324 K   -3 -1  4 -1 -5 -1  0 -2  3 -5 -5  4 -4 -5  1  0  0 -5 -3 -4    1   1  24   1   0   1   6   2   9   0   0  31   0   0   9   8   5   0   1   0  0.72 0.45
  325 V    3  1 -3 -4  0 -1 -1 -3 -4  0 -2 -1 -2 -4 -1  0  0 -4 -3  3   28   8   0   0   2   3   3   1   0   5   0   3   0   0   3   7   6   0   0  31  0.41 0.35
  326 T   -1  0  0 -2 -4  2 -1 -2  0 -3 -4  3 -2 -5  2  1  3 -5 -4 -2    5   3   5   1   0  13   2   2   2   1   0  24   0   0  12   9  21   0   0   2  0.51 0.38
  327 S    1 -4 -3 -2 -4  1 -3  0 -4 -5 -5 -3 -5 -6  4  5 -1 -6 -5 -5    9   0   0   2   0   6   0   5   0   0   0   0   0   0  19  57   2   0   0   0  1.15 0.67
  328 K   -1  1 -3 -4 -5 -2 -1 -4 -4 -5 -2  6 -4 -6  2 -1 -1 -6 -5 -5    4   6   0   0   0   0   2   0   0   0   4  65   0   0  11   4   4   0   0   0  1.27 0.65
  329 C   -2 -2 -4 -4  6 -3 -2 -4 -4  2 -2 -1 -2 -1  2  0 -1 -4 -3  3    1   2   0   0  23   0   3   0   0  12   1   5   0   3  10   9   3   0   1  27  0.66 0.40
  330 G   -2  0 -2 -1  1 -3 -3  6 -4 -2 -5  0 -4 -5 -2  0 -3 -5 -5 -2    2   5   1   2   3   1   1  64   0   3   0   5   0   0   2   8   0   0   0   2  1.11 0.52
  331 S    1 -2 -2 -2  0  0 -3 -3 -4 -1 -4  0 -4 -5  0  5  1 -5 -4 -4    8   2   0   1   2   3   0   0   0   4   0   4   0   0   4  64   6   0   0   0  0.99 0.58
  332 L    0 -1 -2  0  0 -1 -1 -3 -3 -1  2  2  1 -1  0  0  0 -3 -2 -1   10   1   0   6   2   2   1   0   0   0  32  21   3   3   5   7   6   0   0   1  0.23 0.24
  333 G    0 -2 -1  4 -3  0  2  0 -2 -3 -4  1 -3 -4  2  1 -1 -4 -3 -3    9   0   1  26   0   3  16   6   0   1   1  11   0   0  12   9   2   0   0   1  0.47 0.28
  334 N   -1  0  6 -1 -4 -2  0 -1 -2 -4 -4  1 -3 -4 -1  1  1 -4 -3 -4    5   4  54   0   0   0   4   3   0   0   1   8   0   0   3   8   8   0   0   1  0.93 0.45
  335 I    2 -1 -1 -2 -2 -2 -2 -3 -3  4  0 -2  0 -1  0  0  1 -3 -2  0   21   2   4   2   0   0   1   1   0  31   6   1   1   1   5   7  12   0   0   4  0.28 0.23
  336 H   -1  1  0  0 -3  0  0 -1  3 -3 -2  4 -2 -3  0 -1  3 -4 -2 -3    2   5   3   5   0   3   4   4   9   0   4  30   0   0   4   3  22   0   0   1  0.40 0.28
  337 H   -2 -3 -2 -3 -5 -1 -3 -4  8 -4 -3 -1 -4 -3  2 -2 -1 -4  4 -4    2   0   1   1   0   2   0   0  56   0   3   4   0   0  10   2   4   0  13   0  1.56 0.62
  338 K   -1  1 -2 -2 -4  1  0 -3 -2 -2 -2  5 -2 -4  0  1  0 -4 -3  0    3   6   0   0   0   5   6   0   0   1   3  46   0   0   3  10   6   0   0   8  0.54 0.34
  339 P   -1  0 -4 -2 -5  0 -3 -4 -4 -3 -3 -1 -4 -5  7 -1 -1 -5 -5 -4    4   5   0   3   0   3   0   0   0   1   2   3   0   0  69   4   3   0   0   0  1.74 0.63
  340 G    0  1  1  1 -2  1  0  1 -1 -2 -1  1 -1 -2  1  1  1 -3 -2 -2    9   9   9   9   0   9   1   9   0   0   9   9   0   0   9   9   9   0   0   1  0.15 0.09
  341 G    0  0 -1 -2 -2  1 -1  3 -2 -1 -2  1 -2 -3  1  0  0 -3 -3  0    6   6   0   0   0   7   0  36   0   6   1  12   0   0   6   5   6   0   0   7  0.29 0.16
  342 G    0 -1 -2 -1 -3 -2  0  4  1 -4 -4 -1 -3 -4  3  2 -1 -4 -3 -4    5   4   0   3   0   0   5  40   3   0   0   3   0   0  14  19   3   0   0   0  0.61 0.30
  343 Q   -1  1  2  2 -3  0  1  0  0 -2 -2  1  0 -3 -1  1  0 -3 -2 -1    4   8  12  13   0   3  13   7   2   0   3   9   3   0   2  10   5   0   0   6  0.18 0.12
  344 V   -1  0 -1 -3 -3  0  0 -2  0  1 -1  3  0  0  0  0  0 -4 -2  3    1   3   2   0   0   3   4   3   2   6   2  25   2   4   3   6   4   0   0  30  0.22 0.23
  345 E   -2  2  0 -3 -5  2  0 -2  0 -4 -3  5 -3 -5  0 -3 -1 -5 -4 -1    3   9   4   0   0   9   6   3   2   0   2  50   0   0   5   0   3   0   0   4  0.80 0.48
  346 V    0 -1 -2 -4 -3 -2 -2 -2 -4  5 -1 -1  0 -3  0 -1  0 -4 -3  1    9   3   2   0   0   2   2   3   0  46   2   5   2   0   4   4   7   0   0  10  0.49 0.34
  347 K   -1 -1 -2 -1 -4  1  4 -1 -2 -1 -1  1 -1  0  1  0 -1 -3 -1  0    4   3   0   2   0   8  32   5   0   2   4   7   1   5   8   8   2   0   2   8  0.28 0.24
  348 S   -1 -1  1  1 -3 -2  1 -1  2 -2 -4  0 -3 -4  2  3  2 -4 -1 -2    3   1   8   8   0   0   9   4   5   2   0   6   0   0  10  26  13   0   2   2  0.35 0.27
  349 E   -1  0 -1  0 -3  2  2  0  2 -1 -2  2 -1 -1  1 -1  0 -3 -1  0    4   4   1   3   0  12  14   8   6   2   2  15   1   2   6   3   5   0   1  10  0.16 0.16
  350 K    0  0  0 -1 -5  0 -2 -1 -3 -5 -4  6 -4 -5  1  0 -3 -5 -4 -4    8   4   4   3   0   2   0   4   0   0   0  61   0   0   8   5   0   0   0   0  1.05 0.54
  351 L   -1 -2 -3 -2  0 -1 -1 -1 -3  1  3  0  1 -1  0  0  0 -3 -2  2    3   0   0   2   2   2   4   4   0   5  32   6   4   1   6   7   5   0   0  17  0.19 0.19
  352 D   -2 -1  3  4 -4  0  2 -2  1 -2 -4  1 -3 -2  1 -1  0 -4 -1 -2    1   2  18  26   0   2  12   1   3   2   1   8   0   1   8   4   6   0   3   2  0.47 0.29
  353 F   -1 -2 -3 -1 -3 -2 -2 -2 -3  0  0 -1 -1  5 -2 -1 -1  5  1  0    4   2   0   4   0   2   2   3   0   5   9   3   1  38   2   5   4   8   2   5  0.50 0.30
  354 K   -2  2  0 -2 -4  0  0 -1 -2 -3 -2  5 -3 -3  1 -1  0 -4 -2 -3    2  13   4   1   0   3   6   4   0   1   3  42   0   0   8   4   5   0   1   1  0.53 0.32
  355 D    0 -1 -1  2 -3  0  2  1 -2 -2 -3  1 -2 -3  0  2  0  1 -2 -1    6   1   2  15   0   3  18  11   0   2   1  10   0   1   4  16   4   2   0   5  0.25 0.19
  356 R   -2  0  3  0 -4  0  0 -2  2 -4 -4  5 -3 -4  1 -1 -1 -4 -3 -3    2   4  14   3   0   2   5   3   6   1   1  45   0   0   7   3   3   0   0   1  0.68 0.38
  357 V    4 -3 -3 -3 -1 -1 -2  0 -3  0 -2 -3 -2 -3 -1  1  0 -4 -3  2   41   0   0   0   1   3   2   6   0   4   2   0   0   0   3  10   5   0   0  21  0.49 0.36
  358 Q    0  0 -2 -2 -4  4  0 -2  1 -2 -2  4  0 -4 -1  0  1 -4 -3 -3    6   3   1   0   0  24   5   1   3   2   2  31   2   0   3   6   8   0   0   0  0.55 0.38
  359 S    1 -4 -3 -3 -4 -2 -3 -3 -2 -5 -4 -1 -4 -5  4  5 -1 -6 -5 -4    8   0   0   0   0   1   0   1   1   0   1   3   0   0  21  61   3   0   0   0  1.24 0.67
  360 K   -1  2 -1 -3 -6 -2  0 -4 -4 -3 -5  6 -4 -6  0 -1 -3 -6 -5 -5    3   9   2   0   0   0   4   0   0   2   0  71   0   0   5   3   0   0   0   0  1.42 0.66
  361 I   -1 -1 -2 -2  3 -2 -3 -3 -4  3  0 -2 -1  0 -4 -1 -1 -4 -3  4    4   3   2   2   6   2   1   1   0  21   4   2   1   3   0   4   2   0   0  42  0.50 0.32
  362 G    0 -1 -1 -2 -4 -3 -1  6 -3 -5 -5 -2 -4 -5  2 -1 -3 -5 -5 -3    7   3   2   1   0   0   4  65   0   0   0   2   0   0  10   2   0   0   0   2  1.15 0.50
  363 S   -1 -3 -2 -3 -4 -1 -3 -3 -1 -4 -5 -3 -4 -1 -3  6  0 -5 -4 -1    2   1   0   0   0   2   0   0   1   0   0   0   0   3   1  79   5   0   0   4  1.37 0.70
  364 L   -1 -2 -2 -3 -3  0  0 -4 -2 -1  3  2  3 -1  1 -2  0 -3 -3  0    3   1   1   0   0   5   5   0   1   0  33  16  12   2   9   0   6   0   0   6  0.34 0.28
  365 D    0 -3  1  6 -4 -1  2 -2  0 -2 -5 -2 -4 -5 -2  1 -2 -5 -4 -3    8   0   6  49   0   1  12   2   2   3   0   2   0   0   2  13   0   0   0   1  0.89 0.45
  366 N   -2 -2  7  0 -4 -3 -2 -3 -2 -1 -3 -2 -4 -5  1  1 -2 -5 -1 -4    2   1  61   3   0   0   2   1   0   5   2   2   0   0   8  10   1   0   2   0  1.15 0.56
  367 I    1 -2  0 -3 -2 -3 -2 -3 -3  4  0 -1  1 -2  0 -2  1 -4 -3  2   16   2   5   0   0   0   2   0   0  29   8   3   4   1   5   0   8   0   0  18  0.33 0.25
  368 T    0  0  1  0 -2  0 -1  2  1 -3 -3  3 -3 -4 -1  1  1 -4 -2 -2    5   4   6   5   1   3   1  16   4   0   0  25   0   0   3  14  10   0   0   2  0.30 0.23
  369 H   -4 -1  0 -3 -5  1 -3 -4  9 -5 -2  1 -4 -4 -1 -1 -4 -4  1 -5    0   3   3   0   0   7   0   0  61   0   4   8   0   0   3   4   0   0   5   0  1.66 0.66
  370 V   -1  0 -1 -2 -3  1  1 -2 -1  0 -2  2 -1 -3  1  1  1 -4 -3  1    1   5   1   0   0   6   9   1   1   4   2  20   1   0   7  12  12   0   0  16  0.23 0.21
  371 P    1 -3 -3 -4 -5 -4 -4 -4 -4 -3 -3 -3 -4 -5  7 -1 -1 -5 -5 -4   12   1   1   0   0   0   0   0   0   1   3   0   0   0  73   4   3   0   0   0  1.95 0.70
  372 G    0 -2 -1 -1 -4 -1 -1  5 -3 -5 -5 -1 -4 -5  2  0 -1 -4 -4 -4    6   2   2   2   0   2   3  59   0   0   0   4   0   0   9   6   3   0   0   0  0.96 0.43
  373 G   -2 -4 -1  0 -4 -2 -1  6  0 -5 -5 -1 -4 -5  1 -1 -2 -5 -4 -5    1   0   2   6   0   2   4  66   3   0   0   3   0   0   7   4   1   0   0   0  1.15 0.48
  374 G   -1 -4  0 -2 -4 -3  0  6 -3 -5 -3 -3 -4 -5  1 -2 -2 -4 -4 -3    2   0   5   1   0   0   7  67   0   0   2   0   0   0   9   2   2   0   0   1  1.19 0.49
  375 N    0 -1  4  3 -3  1  0 -2  1 -3 -4  0 -2 -4  1  1  0 -4 -3 -3    7   2  30  16   0   8   3   2   4   0   1   5   1   0   6   9   5   0   0   1  0.48 0.29
  376 K    0  0 -1 -3 -3 -2 -1 -1 -3  2  0  2  0 -2 -1 -1 -1 -4 -3  3    9   4   3   0   0   0   3   4   0  15   4  16   2   1   3   2   3   0   0  31  0.24 0.22
  377 K   -2  1 -3 -3 -5  3  0 -4 -1 -4 -4  6  0 -5 -2 -2 -1 -5 -4 -4    2   4   0   0   0  15   4   0   2   0   1  61   3   0   2   1   4   0   0   0  1.11 0.54
  378 I    2 -3 -3 -3 -3 -2 -3 -4 -4  5 -1 -2 -1 -3 -3 -1  1 -4 -3  2   17   1   0   1   0   1   1   1   0  51   1   1   0   0   0   5   9   0   0  11  0.75 0.42
  379 E   -2 -1  0  0 -4  0  5 -2 -1 -2 -2  1 -3  2  0  0 -2 -3 -1 -2    1   1   3   3   0   1  45   2   1   2   4   8   0  13   4   6   1   0   2   3  0.53 0.35
  380 T   -1 -2  2  2 -2 -2  0  1  0 -3 -2 -1 -3 -4 -1  3  2 -4 -3 -2    2   0  12  11   1   0   5  13   2   0   2   3   0   0   2  26  17   0   0   2  0.38 0.27
  381 H    0 -1 -1  0 -4  2  2 -2  6 -3 -3  1 -1 -3  1  0 -1 -4 -1 -2    6   2   1   6   0  11  15   1  25   0   2  11   1   0   6   5   4   0   1   3  0.49 0.32
  382 K   -2  2  0 -2 -5  2 -1 -3 -2 -5 -4  6 -3 -5  0 -1 -3 -5 -4 -5    2   7   3   1   0   8   1   1   1   0   1  65   0   0   5   4   0   0   0   0  1.20 0.58
  383 L   -1 -2 -3 -2 -3 -2  1 -3 -3  0  3 -1  0 -2  2 -1  0 -3 -1  1    3   1   1   1   0   1  13   1   0   4  44   3   1   0  10   3   4   0   2   8  0.38 0.29
  384 T    0 -1  2  2 -3 -1  1 -3 -1 -2 -3  0 -1 -3  2  1  2 -4  0 -2    9   2  10  13   0   2  11   0   1   1   1   4   2   0  10  13  17   0   3   0  0.31 0.24
  385 F   -1 -3  0 -3 -4 -2 -3 -2  0 -1  0  0 -2  6  0 -2 -1  5  1 -1    6   0   4   1   0   2   1   2   2   3   6   5   0  40   4   3   5  10   2   4  0.63 0.36
  386 R   -1  4  0 -2 -4  0  1 -2 -2 -2 -1  4 -2 -4  1 -1 -1 -4 -3 -2    5  25   5   1   0   2   8   3   0   2   5  29   0   0   6   3   3   0   0   1  0.48 0.29
  387 E    0 -1 -1  1 -4  1  4  1 -2 -3 -4  1 -3 -4 -1  1  0 -3 -3 -2    9   1   1   9   0   6  34   9   0   1   1   8   0   0   3  11   4   0   1   3  0.43 0.29
  388 N    0  0  3 -1 -1  1  0 -2  2 -3 -3  3 -2 -4 -3  2  1 -4  0 -3    8   2  20   1   1   7   5   1   5   1   1  19   1   0   0  16   7   0   3   1  0.39 0.29
  389 A    4  0 -1 -3 -2 -2 -2  1 -3 -3 -3  1 -3 -4  1  1 -1 -5 -4  1   43   5   3   0   1   1   0   9   0   0   0   9   0   0   6  12   2   0   0  10  0.49 0.36
  390 K    0  1  0 -2 -4  2  0 -1 -2 -4 -2  4 -3 -4 -3  1  2 -5 -4 -2    8   5   4   1   0  10   3   3   1   0   3  40   0   0   0   9  12   0   0   2  0.54 0.37
  391 A    3 -4 -2 -2 -2 -3 -2 -1 -4  0 -3 -3 -3 -4  4  3 -1 -5 -4 -1   26   0   1   1   0   0   2   3   0   5   0   0   0   0  26  27   3   0   0   5  0.73 0.43
  392 K   -2  3  0 -2 -1 -1 -2  1 -3 -2 -3  5 -1 -5  1  0 -2 -5 -4 -4    1  17   5   1   1   2   1  11   0   2   1  43   2   0   7   5   2   0   0   0  0.68 0.41
  393 T   -1 -2 -2 -3  2 -1 -2 -2 -4  2 -2 -3 -2 -3  3  2  2 -4 -2  3    4   1   1   1   4   2   1   1   0  11   1   0   0   0  14  17  15   0   1  25  0.42 0.32
  394 D   -1 -2 -1  4 -4 -2  0  3 -2 -4 -1 -1 -1 -4  0 -1  0 -5 -4 -3    3   1   2  27   0   0   6  31   1   0   7   4   2   0   5   3   7   0   0   1  0.51 0.32
  395 H   -1 -2 -1  0 -4  0  0 -3  6 -4 -4 -2 -4 -4  1  4  0 -1 -2 -2    3   1   2   5   0   4   4   0  25   0   1   0   0   0   6  38   6   1   0   3  0.78 0.48
  396 G   -1 -1  1 -2 -4 -1 -1  3 -3 -3  0  2  0 -3  2 -1 -1 -4 -3 -1    5   1   9   0   0   1   2  28   0   0  12  20   3   1  10   2   2   0   0   3  0.35 0.27
  397 A    3 -3 -1  3 -3 -1 -1 -1 -3  0 -2 -1 -2 -4  1  1  0 -5 -4  0   37   1   2  19   0   1   2   3   0   5   2   2   0   0   6  10   4   0   0   5  0.43 0.33
  398 E    0 -1  4  2 -4 -1  2 -2 -1 -4 -3  2 -3 -4  0  1 -1 -5 -3 -3    7   1  26   9   0   1  17   1   1   0   2  18   0   0   5   8   2   0   1   1  0.51 0.33
  399 I    0 -2 -2 -3 -3  0 -1 -2  3  4  0 -2  1 -2 -4  0  0 -4 -1  1    8   1   1   1   0   4   3   3  10  39   6   2   3   0   0   6   6   0   1   7  0.37 0.30
  400 V   -1  0  1 -2 -1 -1 -1 -1 -2  0 -2  3 -2 -3  2  0  1 -2 -2  1    2   3   7   1   1   2   2   5   0   7   1  24   0   0  10   9  10   0   1  15  0.22 0.22
  401 Y    1 -2 -2 -3 -4 -1 -1 -1  6 -2 -2 -1 -1 -2  2  1  1 -3  3 -1   11   1   0   0   0   1   4   4  25   1   3   2   1   0  12   9   8   0  11   5  0.49 0.34
  402 K    0  0 -1 -1 -4  2  1  1  0 -3 -3  3 -3 -3  2  0  1 -2 -3 -1    6   3   1   1   0   9   7   9   2   1   1  27   0   0  12   6   9   0   0   4  0.34 0.26
  403 S    0 -3 -3 -2 -3 -1 -1  2 -1 -4 -3  0 -4 -5  5  3 -1 -4 -4 -3    8   0   0   1   0   2   4  14   1   0   2   6   0   0  30  27   2   0   0   1  0.74 0.42
  404 P   -1 -2 -1 -2 -4 -1 -2  4 -4 -4 -3  1 -4 -4  5  0  0 -5 -4 -3    4   1   2   1   0   2   1  36   0   0   2   9   0   1  30   5   5   0   0   1  0.85 0.42
  405 V    0 -2  1  1 -3  0  0  4 -2 -1 -2 -1 -2 -3 -1  0  1 -4 -3 -1    5   1   6   7   0   3   5  36   1   5   2   3   1   1   2   7   8   0   0   6  0.34 0.23
  406 V    0 -2 -1 -2  1 -1 -1  4  1  0 -1  0 -1 -3  0 -1 -1 -4 -3  0    6   2   1   1   4   2   4  37   4   5   5   7   2   0   6   3   2   0   0  10  0.33 0.23
  407 S    0 -1  1  1 -3  0 -1  0 -3 -2 -4  3 -3 -4  0  3  1 -4 -4 -3    5   2   8   8   0   3   1   8   0   2   0  19   0   0   4  31   9   0   0   1  0.42 0.32
  408 G    1 -2 -1 -1 -3 -1 -2  3 -3  2  0  0 -1 -2  0  0  0 -4 -3  1   11   0   1   2   0   3   1  24   0  14   6   6   1   1   3   8   6   0   0  13  0.18 0.18
  409 D   -1  0 -1  3 -3  0  2  0 -1 -2 -3  2 -2  0  1  1  1 -4 -3 -1    4   4   1  17   0   3  12   5   1   1   1  16   1   5   7   9   9   0   0   4  0.24 0.20
  410 T    1 -2  1  0 -3 -2  0 -1 -1  1 -2 -1 -1 -3  0  2  3 -4 -3  0   10   1   8   4   0   0   5   3   1   8   1   4   1   0   5  14  29   0   0   8  0.30 0.27
  411 S   -1 -1 -1  0 -3  2  2 -2 -1 -2 -3  1 -2 -3  2  3  0 -4 -2 -1    3   2   1   4   0   9  16   2   1   1   2   9   0   1  10  29   4   0   1   6  0.36 0.30
  412 P    0 -2 -1 -2 -5 -2  0 -2 -3 -3 -4  3 -4 -4  6  1 -2 -5 -5 -3    7   1   2   1   0   0   6   3   0   1   1  24   0   1  42   9   1   0   0   1  1.01 0.50
  413 R   -1  2  0 -2 -3  3  0 -2  5 -1  0  0 -1 -3 -2  1 -1 -3 -1 -1    4  15   4   1   0  15   6   1  18   4   8   4   1   1   1  10   2   0   1   4  0.35 0.27
  414 H   -1  3  0  0 -2  1  1 -1  1 -2 -2  2 -1 -3  1  0 -1 -3  1 -2    1  20   3   6   1   6   7   5   4   3   3  15   2   0   6   8   3   0   6   3  0.21 0.18
  415 L   -2 -2 -3  0 -3 -1  1 -2  0  0  2  0  0  0  1 -1 -1  5 -1 -1    2   1   0   5   0   2   9   3   3   5  32   6   1   3   9   5   3   9   1   1  0.26 0.23
  416 S    0  0  2 -1 -4  0 -1  0 -1 -3 -4  3 -3 -4 -3  4  1 -5 -4 -3    4   5  12   2   0   2   3   5   1   1   1  21   0   0   0  35   6   0   0   1  0.54 0.37
  417 N    2 -1  2 -1 -3  0 -1  1  1 -2 -2  0 -2 -2 -1  1  0 -4 -2 -1   24   2  13   2   0   4   3  11   4   1   1   6   1   2   2  12   7   0   1   5  0.21 0.20
  418 V    0  0 -1 -1 -2  1  0 -2  3 -1  0  2  0 -2 -2  0  0 -4 -2  2    6   4   1   2   0   9   5   3   9   2   8  14   2   1   1   5   5   0   0  22  0.16 0.19
  419 S    1 -3 -1 -2 -4 -2  0 -1  1 -5 -5  0 -4 -5  1  5 -1 -5 -4 -2    8   0   1   1   0   1   5   3   4   0   0   6   0   0   8  58   2   0   0   2  0.87 0.53
  420 S   -1  0 -2 -3 -4 -2 -1 -3 -3 -5 -5  4 -4 -5  1  4  0 -5 -4 -4    3   4   1   1   0   0   4   1   0   0   0  34   0   0   6  42   5   0   0   0  0.91 0.54
  421 T    1 -2 -2  0  1  0 -2 -3 -2  2 -2 -2 -2 -3  0  2  2 -4 -3  3    9   1   0   4   3   6   0   1   1  12   1   0   0   1   5  21  13   0   0  23  0.31 0.29
  422 G    1 -2 -2  0 -4 -2 -3  5 -2 -5 -4 -1 -4 -5  0  1 -1 -2 -3 -4    9   1   1   6   0   1   1  56   1   0   1   4   0   0   4  11   4   1   1   0  0.91 0.45
  423 S   -1 -4 -2 -3 -4 -2 -3 -1 -2 -5 -3 -1 -4 -5  2  6 -2 -6 -5 -5    2   0   0   0   0   1   1   4   1   0   3   4   0   0   9  73   0   0   0   0  1.30 0.69
  424 I   -2 -1 -2 -3 -1 -1 -1 -2 -3  3  3  0  2 -2  2 -2 -1 -4 -3  0    1   2   2   1   1   2   3   4   0  21  31   7   7   0   9   2   3   0   0   3  0.31 0.24
  425 D   -2 -2  4  5 -5  0  1  0 -3 -4 -3 -1 -4 -5 -2  1 -2 -5 -3 -4    2   1  25  34   0   3   8   6   0   0   2   3   0   0   2  11   1   0   1   1  0.76 0.41
  426 M   -1 -2  5 -2 -4  0 -2  0 -1 -2  0 -1  4 -2  0 -1 -2 -4 -2 -3    5   1  37   1   0   4   2   7   1   2   9   4  15   2   5   4   0   0   1   0  0.55 0.38
  427 V    2 -1 -2 -2 -2 -1 -3 -3  0  2  0 -2  2 -1 -3  0  0 -4 -2  3   19   3   1   2   0   2   0   1   2  14   9   0   6   2   0   8   6   0   0  26  0.28 0.24
  428 D    0 -1  1  3 -4  1  3 -1  0 -4 -4  0 -3 -5  0  0  0 -5 -4 -4    9   2   7  21   0   5  29   4   2   0   1   5   0   0   5   7   5   0   0   0  0.50 0.29
  429 S    1 -3 -1 -2 -2 -1 -2 -3  4 -3 -3 -2 -3 -4  1  4  1 -5 -2  0   11   0   1   2   1   2   1   0  12   0   1   1   0   0   7  47   6   0   1   7  0.64 0.41
  430 P   -2 -1 -3 -1 -5  3 -1 -4 -1 -5 -5  0 -4 -2  6  0  0 -5 -4 -3    1   2   0   3   0  14   4   0   1   0   0   5   0   2  54   6   7   0   0   2  1.30 0.52
  431 Q   -1 -2 -3 -1 -5  6 -1  0 -1 -4 -3 -1  0 -5  4 -2  0 -5 -4 -3    5   0   0   2   0  43   1   8   1   0   2   2   3   0  24   0   6   0   0   1  0.92 0.48
  432 L    0 -3 -3 -4 -3 -3 -3  2 -2  0  4 -1 -1 -2  1 -1 -2 -4 -3 -1    6   0   0   0   0   0   1  17   1   4  53   3   0   0   7   5   1   0   0   1  0.47 0.29
  433 A    2 -3 -1  2 -3 -1 -1  2 -3 -4 -4 -2 -3 -2  0  3 -1 -4 -3 -2   19   0   0  15   0   2   3  19   0   0   0   0   0   2   4  32   2   0   0   2  0.48 0.29
  434 T    0 -2  1 -1 -3 -1 -1  0 -3 -3 -3 -2 -1 -2  2  3  4 -4 -3 -3    4   1   5   3   0   2   2   6   0   0   0   0   1   2   9  23  43   0   0   0  0.59 0.33
  435 L   -1 -2 -2 -3  0  2 -1 -3 -2  1  3 -1  1 -2 -3  0  0 -3 -2  0    1   0   1   0   2  11   2   1   1   5  47   4   3   0   0   9   7   0   0   6  0.31 0.22
  436 A    4 -1 -3 -2 -2 -2 -1 -2 -3  1 -2  0 -1 -1  1 -1 -1 -4 -3  0   59   2   0   2   0   0   2   0   0  13   0   6   2   3   6   1   2   0   0   3  0.56 0.32
  437 D   -2 -1 -1  5 -4  2  3 -3 -2 -2 -4  1 -3 -4  2 -2  0 -5 -4 -3    2   2   0  37   0  13  20   0   0   2   0   8   0   0  10   0   5   0   0   0  0.70 0.29
  438 E   -1 -2 -1  3 -4  3  4 -3 -2 -3 -4  0 -3 -4 -3 -1 -1 -4 -3 -2    4   0   0  23   0  19  41   0   0   1   0   5   0   0   0   3   4   0   0   2  0.78 0.32
  439 V   -1 -3 -3 -3 -2 -2  0 -2 -3  1  0 -1 -1 -2  0 -2  3 -4 -3  4    2   0   0   0   0   0   6   2   0   2   7   3   0   0   5   0  22   0   0  51  0.46 0.25
  440 S   -1 -2 -1 -2 -2 -2 -1  0 -3 -3 -3 -2 -3 -4 -2  5  3 -4 -3 -1    0   0   0   0   0   0   2   7   0   0   0   0   0   0   0  61  26   0   0   3  0.81 0.34
  441 A    4  0 -2  1 -2 -1  0  1  0 -3 -3  0 -1 -1 -2  0 -1 -3 -2 -2   58   4   0   7   0   0   7  11   2   0   0   4   1   2   0   3   0   0   0   0  0.43 0.20
  442 S    2 -2  0 -2 -2  2 -1 -1 -2 -2 -3 -1 -2 -3 -2  3  1  3 -2  0   27   0   5   0   0  13   0   0   0   0   0   0   0   0   0  39   6   5   0   7  0.41 0.19
  443 L   -1 -3 -3 -3 -2  0  0 -1 -3  0  4 -2  1 -1 -3 -2  0 -3 -2 -1    5   0   0   0   0   4  10   4   0   0  73   0   0   0   0   0   5   0   0   0  0.50 0.20
  444 A    4 -2 -2 -2 -2 -1 -2  0 -2 -3 -3  1 -2 -3 -2  2  0 -4 -3 -2   70   0   0   0   0   0   0   5   0   0   0   9   0   0   0  12   4   0   0   0  0.62 0.22
  445 K    0  1 -1 -1 -3  1  1 -1 -2 -3 -3  4 -1 -4 -2  1  1 -4 -3 -3    4   6   1   0   0   3   6   3   0   0   0  54   1   0   0  14   8   0   0   0  0.50 0.17
  446 Q   -2  0  1 -1 -4  7  2 -3 -1 -4 -3  0  1 -4 -3 -1 -2 -3 -3 -3    0   0   6   0   0  76  14   0   0   0   0   0   4   0   0   0   0   0   0   0  1.13 0.29
  447 G   -1 -3 -2 -2 -4 -3 -3  6 -3 -5 -5 -3 -4 -4 -3 -1 -3 -4 -4 -4    1   0   0   0   0   0   0  99   0   0   0   0   0   0   0   0   0   0   0   0  1.63 0.26
  448 L   -2 -3 -4 -4 -2 -3 -3 -4 -3  1  4 -3  1  0 -3 -3 -2 -2 -2  2    0   0   0   0   0   0   0   0   0   0  87   0   0   0   0   0   0   0   0  13  0.69 0.13

                      K         Lambda
Standard Ungapped    0.1253     0.3037
Standard Gapped      0.0310     0.2670
PSI Ungapped         0.1012     0.3174
PSI Gapped           0.0310     0.2670
