
Last position-specific scoring matrix computed, weighted observed percentages rounded down, information per position, and relative weight of gapless real matches to pseudocounts
           A  R  N  D  C  Q  E  G  H  I  L  K  M  F  P  S  T  W  Y  V   A   R   N   D   C   Q   E   G   H   I   L   K   M   F   P   S   T   W   Y   V
    1 M   -2 -3 -4 -5 -3 -2 -4 -4 -3  2  3 -3  8 -1 -4 -3 -2 -3 -2  0    0   0   0   0   0   0   0   0   0  10  31   0  59   0   0   0   0   0   0   0  0.98 0.26
    2 S    1  3  0 -3 -3 -1 -2 -3 -3 -4 -4  0 -3 -5 -3  3  4 -5 -4 -3   13  19   4   0   0   2   0   0   0   0   0   3   0   0   0  25  35   0   0   0  0.70 0.37
    3 T   -2 -6 -1 -6 -5 -4 -4 -7 -1 -1  5 -5  5 -4 -6 -1  0 -6 -3 -2    4   0   3   0   0   1   1   0   2   1  63   0  13   0   0   4   6   0   1   1  1.16 0.61
    4 K   -5 -4 -5  0 -8  1  7 -7 -5 -7 -2  1 -3 -5 -6 -1 -4 -8 -7 -5    0   1   0   4   0   6  70   0   0   0   4   7   1   0   0   5   1   0   0   1  1.69 0.86
    5 K   -2  3 -1 -1 -3  3  2 -4  0 -5 -4  4  0 -6 -4 -1  0 -1 -4 -5    3  17   2   3   0  14  15   1   2   1   1  25   2   0   0   5   6   1   0   0  0.67 0.45
    6 S    4 -5  2 -3  2 -2 -1  0 -1 -4 -4 -4  1 -5 -4  3 -2 -6 -5 -3   36   0   8   1   4   1   4   8   2   1   2   0   3   0   1  24   2   0   0   1  0.69 0.50
    7 P   -3 -6 -7 -2 -1 -6 -4 -6 -7  6  2 -3  5 -2 -1 -4 -4 -1 -5  1    2   0   0   2   1   0   1   1   0  43  18   2  14   1   4   1   1   1   0   9  1.14 0.59
    8 E    0 -1  0  1  0  1  3 -1 -1  0 -1  0 -1  0 -4  0 -1 -3 -2  0    8   2   4   9   2   5  24   4   2   5   7   6   1   4   0   5   3   0   1   7  0.19 0.20
    9 E    0 -2  1  1  1 -1  1  0 -2 -2 -1 -1  1 -4 -4  1  4 -1 -3 -1    9   2   6   7   3   2  10   7   1   2   6   3   3   0   0  10  25   1   1   4  0.27 0.28
   10 L   -3 -7 -8 -8 -6 -7 -5 -8 -7  6  4 -7  4 -2 -7 -7 -4 -1 -4  2    2   0   0   0   0   0   1   0   0  37  35   0   8   1   0   0   1   1   1  14  1.33 0.66
   11 K   -3  1 -5 -5 -3 -2 -5 -6 -6  6 -1  0  2 -2 -6 -3  0 -2 -4  3    2   9   0   1   0   2   0   0   0  37   5   6   6   1   0   1   6   1   0  21  0.85 0.51
   12 R    0  0  2  4  0  0  2 -2 -1 -4 -2  2 -2 -1 -4  1  0 -6 -2 -3    7   5   8  21   2   3  13   2   1   0   5  12   1   3   0   9   5   0   1   2  0.33 0.29
   13 I    0 -5 -1 -6  1 -2 -6 -5 -4  4  0 -4  0 -2 -6 -2  3 -6 -3  4    8   0   4   0   3   2   0   0   0  18   9   1   2   2   0   2  15   0   1  32  0.70 0.46
   14 F   -8 -5 -9 -9  0 -8 -4 -9 -7 -6 -4 -4 -6  9 -9 -5 -8 -5  3 -4    0   1   0   0   2   0   1   0   0   0   1   1   0  82   0   1   0   0   9   1  2.98 1.23
   15 E   -3 -2  1  1 -1  3  0 -3  8 -5 -3  0 -2 -1 -6 -3 -3 -5  3 -4    2   2   5   7   2  12   7   2  33   1   3   5   1   2   0   2   2   0  11   1  1.00 0.57
   16 K   -3  2 -1 -2 -1  4  1 -4  1 -3 -3  5  1 -6 -4 -1  0 -6 -5 -3    2  10   3   2   1  19   7   1   3   1   3  32   3   0   1   5   5   0   0   2  0.74 0.49
   17 Y   -4 -4 -3 -5  1 -6 -6 -7  4 -6 -5 -4 -6  3 -4 -3 -6 -1  9 -6    1   1   2   1   2   0   0   0   7   0   1   1   0  11   1   3   0   1  65   0  2.33 1.05
   18 A    5 -4 -5  1  1 -3 -3 -4 -5 -3 -5 -4 -2 -4 -5  4  0 -6 -6 -3   43   1   0   7   3   1   2   1   0   1   1   1   1   1   0  29   5   0   0   2  1.04 0.65
   19 A    0  1  0 -1  0  0 -1  2 -1 -1 -2  2 -1 -2 -2  1  0  0 -4  0    7   8   4   3   2   3   4  18   1   4   4  13   2   2   1  11   6   2   0   6  0.15 0.16
   20 K   -2  3  0  1  0  2  1  0  1 -2 -3  3 -2 -3 -2  0  0 -5 -2 -3    3  14   3   9   2   7  10   6   3   2   2  18   1   1   2   6   6   0   1   2  0.30 0.25
   21 E   -3 -2  0  5 -1 -1  3 -2  1 -4 -4 -1 -3 -4 -3 -1 -2 -2 -1 -2    3   3   5  34   1   3  20   4   3   1   2   4   1   1   1   4   3   1   2   3  0.70 0.43
   22 G   -2 -3  0  1  3 -2 -1  6 -5 -6 -6 -1 -2 -3 -1  0 -3 -5 -3 -3    2   2   4   7   5   2   4  53   0   0   1   4   1   1   4   6   1   0   1   2  0.98 0.54
   23 D   -3 -2  3  5  0 -2  1  0  3 -3 -4  1 -1 -3 -3 -1 -4 -6 -2 -2    2   2  13  32   2   2   9   7   6   2   2   7   1   1   2   4   0   0   1   4  0.68 0.41
   24 P   -2  1 -1 -1  6 -2 -2  0  0 -3 -2  4  0 -2  0  0 -1  0  1 -2    3   8   3   3  14   2   3   8   2   1   4  22   2   1   5   6   3   1   4   2  0.39 0.28
   25 D   -1 -1  1  3  0 -1  1  2  2 -1 -2  0 -1 -1 -1  0 -1  0  0 -2    6   3   6  16   2   3   8  15   4   3   5   5   2   3   2   8   4   1   3   2  0.16 0.14
   26 Q    0  0  0 -1  0  0 -1 -1  3 -2 -2  2  0 -1 -1  0  3 -3  1 -1    9   3   5   3   2   3   2   5   7   2   3  14   3   2   2   6  20   0   6   4  0.17 0.19
   27 L   -3  0 -4 -4 -3 -3 -3 -4  1  2  4 -1  2  1  0 -1 -3 -3 -2  0    1   5   0   0   0   0   0   0   5  10  46   5   6   5   5   5   0   0   0   6  0.47 0.29
   28 S   -1 -1  2  2  1  0  0  0  1 -1 -3  0  0 -3 -3  3  0 -3  0 -1    4   3  10  11   3   3   4   8   3   3   1   4   3   0   0  25   5   0   5   3  0.20 0.18
   29 K    0  0  0 -2  2  0  0  0  2  0 -1  0  1  0  0  0  0 -2  1  0    6   6   5   0   5   5   6   6   5   6   6   6   5   5   6   6   6   0   5   6  0.04 0.08
   30 D    0  1  0  1 -2  1  3  1 -1 -3 -4  3 -2 -4 -1  0  0 -1 -2 -3    9   7   5   9   1   5  19   9   1   2   1  17   1   0   2   5   5   1   1   1  0.28 0.23
   31 E   -2 -3 -3  2 -7  0  7 -3 -2 -6 -6 -1 -6 -6 -5 -3 -3 -6 -6 -6    3   1   1   8   0   3  72   2   1   0   0   2   0   0   0   2   2   0   0   0  1.70 0.80
   32 L   -2 -5 -6 -6 -5 -5 -6 -6 -5  0  5 -5  3  5 -3 -5 -3 -4 -3  0    3   0   0   0   0   0   0   0   0   3  53   0   8  22   2   0   2   0   0   5  1.13 0.56
   33 K   -1  2 -1 -3 -1  0 -1 -3  0 -2 -2  6 -1 -5 -1 -1 -1 -5 -2 -2    6  11   2   1   1   3   3   2   3   2   5  46   1   0   3   5   3   0   2   2  0.68 0.45
   34 L    1  1  0  1 -1  3  3 -2  1 -3 -2  2 -1 -3 -3 -1  0 -5 -2 -2   11   5   5   8   1  12  19   2   3   1   3  13   1   1   0   4   6   0   1   2  0.30 0.27
   35 L    0 -3 -6 -6 -4 -5 -5 -2 -5  0  5 -5  5  3 -5 -3 -2 -4 -2 -1    8   1   0   0   0   0   0   3   0   3  52   0  13  11   0   2   2   0   1   3  0.92 0.54
   36 I   -2 -3 -6 -4 -1 -5 -5 -6 -5  3  4 -5  4  0 -2 -5 -2 -5  0  2    3   1   0   1   1   0   0   0   0  14  44   0  12   3   2   0   2   0   3  12  0.84 0.48
   37 Q   -2  2  1  0  0  3  3 -2  1 -2 -1  2  0 -1 -2 -1  1 -4 -2 -3    2   9   8   4   2  12  18   2   3   2   6  12   3   2   2   2   9   0   1   1  0.25 0.24
   38 A    1  1  1  0  0  2  1 -2 -1 -2 -2  2 -2 -4 -1  1  1 -4 -3 -2   11   9   7   5   2   9   8   2   1   2   4  17   1   0   3   8   9   0   0   1  0.22 0.21
   39 E   -2 -2  0 -1 -2  3  6 -3 -1 -2 -1 -2 -4 -2 -2 -2 -2 -5 -4 -2    2   2   5   3   1  12  49   1   1   3   8   2   0   2   2   2   2   0   0   3  0.82 0.51
   40 F    0  0 -2  0  2 -1  0  0 -2  0  0 -1  1  1  1  0  0 -2  1  0    7   7   0   7   6   0   7   7   0   7   7   0   6   6   7   7   7   0   6   7  0.04 0.10
   41 P    0  0 -2 -3  1  0 -2  1  2 -3 -3 -2  1 -1  5  0 -1  1 -1 -3    8   5   3   2   3   5   3  12   4   2   3   3   4   3  24   7   4   2   3   2  0.42 0.32
   42 S   -1 -1  3  2  0  1 -1  0  4 -2 -2 -1  1 -2  0  0 -1  1 -1 -2    6   3  12  13   2   7   4   7   8   2   4   4   3   2   5   8   4   2   2   3  0.22 0.18
   43 L   -1 -1 -1 -2  0 -2 -1 -1 -4  2  0 -1  0  5  0 -2 -2  1  1  1    5   3   3   2   2   2   4   5   0  13   7   4   3  24   4   2   3   2   4   9  0.32 0.24
   44 L    0  0  0  0  2  0  0  0 -1  0 -1  0  1  0  1  0  0 -2  1  0    6   6   5   6   5   5   6   6   0   6   6   6   5   5   6   6   6   0   5   6  0.03 0.06
   45 K    0  0  0  0 -3  1  0  0  1  0 -1  0  1  0  1  0  0 -2  1  0    6   6   5   6   0   5   6   6   5   6   6   6   5   5   6   6   6   0   5   6  0.03 0.06
   46 G    0  0  0  0  2  0  0 -1  1  0 -1  0  1  0  0  0  0 -2  1  0    5   5   5   5   5   5   5   5   5   5   5   5   5   5   5   5   5   0   5   5  0.03 0.05
   47 P   -1  1  0 -1  1  2  0 -2  1 -2 -5  1 -1 -2  5  0 -1 -5 -1 -1    6   7   4   3   3   8   6   3   4   3   1   8   2   2  24   6   4   0   2   5  0.38 0.32
   48 N   -1  0  1  3  0  0  1  0  4 -2 -3  0 -1 -2  0 -1 -1  1  0 -2    5   5   6  16   2   4   9   7  10   2   3   6   2   2   6   4   3   2   3   3  0.20 0.20
   49 T    2 -1 -1  0 -1  0  1 -1 -1 -2 -2  0 -1 -1 -1  1  2 -4  1  0   17   3   3   6   1   3  10   5   1   2   4   5   2   2   2   8  13   0   6   7  0.12 0.17
   50 L   -1 -3 -3 -3 -4 -2 -3 -4 -5  3  3 -3  0  0 -3 -2 -2  1 -1  4    4   1   1   1   0   2   1   2   0  17  25   2   2   3   2   3   2   2   2  26  0.55 0.38
   51 D   -2 -3  0  6 -7  0  4 -2 -2 -7 -5  1 -3 -7 -3 -2 -2 -7 -3 -5    4   2   5  37   0   4  24   3   1   0   1   8   1   0   1   4   3   0   1   1  1.01 0.64
   52 D    0  2 -1  2  3  0  2 -2  1 -1 -2  1  0 -1 -2 -2  0  2  0 -1    7   9   3   9   5   4  13   3   3   4   5  10   3   3   3   3   5   2   3   4  0.16 0.14
   53 L   -2 -2 -1 -7  1 -1 -2 -2  1  3  2 -1  4  1 -7 -2 -1  2  0  1    4   3   3   0   3   3   3   4   3  17  16   3  10   6   0   3   4   3   3   9  0.40 0.24
   54 F   -1  1 -2 -2 -2  1  0  0 -1  0  0  0  1  1  1  0  0 -2  1  0    1   7   0   0   0   7   7   7   0   7   7   7   7   7   7   7   7   0   7   7  0.06 0.11
   55 Q   -1  0  1 -1  1  3  1 -1  1 -2 -2  3  0 -1 -4  0 -1  4  0 -2    4   5   7   4   3  12   7   4   3   3   3  19   3   3   0   6   4   6   3   3  0.25 0.23
   56 E   -1 -1  1  2  0  1  1 -1  1 -1  0  1  0  0 -3  0 -1 -3 -1 -1    4   3   7  13   2   6  12   5   3   3  11   9   3   5   0   7   2   0   2   2  0.11 0.13
   57 L    0 -4 -2 -5  0 -2 -3 -5 -5  0  5 -2  3  1 -5 -3 -2  1  0  0    7   0   2   0   2   2   2   0   0   4  52   2   6   5   0   2   2   2   3   6  0.71 0.44
   58 D   -6 -2 -1  8 -7 -5 -1 -1 -5 -7 -7 -5  0 -7 -6 -3 -5 -7 -1 -4    0   2   3  78   0   0   3   4   0   0   0   0   2   0   0   1   0   0   3   1  2.10 0.92
   59 K    0  2 -1  0  0  1  1 -2 -1  0 -1  1 -1 -1 -1  0  1  2  0  0    5  11   2   6   3   7  10   2   1   5   7  10   1   2   2   7   9   3   3   6  0.08 0.11
   60 N   -5 -3  6  6  0 -1 -2 -4 -1 -7 -4  0 -6 -7 -4 -1 -3 -7 -3 -7    0   1  36  41   2   2   2   1   1   0   2   5   0   0   1   4   1   0   1   0  1.44 0.72
   61 G   -1  2  1 -2  0  1 -1  3  3 -2 -3  2 -1 -4 -2  1 -1 -2 -4 -4    3   9   6   2   2   6   3  24   8   3   2  12   2   1   2  12   3   1   0   1  0.34 0.28
   62 D   -4 -5  4  7 -7 -2  0 -4 -2 -7 -7 -1 -7 -7 -1 -1 -3 -8 -3 -5    1   0  15  61   0   1   5   1   1   0   0   3   0   0   3   5   1   0   1   1  1.58 0.77
   63 G   -1 -1  1  1  1  1  0  5 -2 -6 -5  1 -3 -2 -5  0 -3 -6 -5 -6    4   4   7   8   3   7   6  41   1   0   1  10   1   2   0   5   1   0   0   0  0.70 0.44
   64 E   -2  2 -1 -2  0  3  3 -3  0 -3 -2  4 -1 -4 -4 -1  0 -2 -1 -3    2   8   2   1   2  12  22   2   2   1   4  24   2   1   0   3   6   1   2   2  0.49 0.39
   65 V   -5 -7 -7 -8  2 -7 -4 -8 -7  5  2 -7  0 -5 -7 -6 -5 -7 -2  5    0   0   0   0   4   0   1   0   0  33  16   0   1   0   0   0   0   0   2  43  1.46 0.66
   66 S   -3 -3  2  6 -1 -3  0 -2 -2 -7 -7 -2 -6 -2 -5  2  0 -7 -4 -5    1   1  10  50   2   1   5   3   1   0   0   2   0   2   0  16   5   0   1   1  1.17 0.59
   67 F   -8 -8 -8 -9 -2 -4 -8 -9 -6 -3 -2 -8 -1  9 -9 -8 -7 -4  0 -6    0   0   0   0   1   1   0   0   0   2   3   0   1  90   0   0   0   0   3   0  3.09 1.10
   68 E   -2 -1  2  2  0  3  3 -1  1 -4 -4  2 -2 -4 -2  0  0 -5 -3 -3    2   3  10  11   2  12  19   4   4   1   1  14   1   0   2   6   6   0   0   1  0.42 0.31
   69 E   -4 -5 -1 -1 -9  0  8 -4 -1 -8 -8 -4 -3 -8 -6 -2 -6 -8 -7 -8    1   0   3   3   0   3  84   1   2   0   0   0   1   0   0   3   0   0   0   0  2.22 0.94
   70 F   -5 -7 -8 -8 -2 -7 -8 -8 -5 -3 -1 -7 -5  8 -8 -7 -7  0  6 -3    1   0   0   0   1   0   0   0   0   1   5   0   0  69   0   0   0   1  21   1  2.44 0.87
   71 Q   -1 -5 -5 -6 -1 -3 -4 -4 -4  1  3 -3  5  1 -4 -2 -2  5 -3  3    5   0   0   0   1   1   1   1   0   8  32   1  15   5   0   2   2   7   0  18  0.73 0.39
   72 V    1  0  0  0  0 -1 -1 -1 -2  0  1  0  0 -2 -3  1  1 -3 -1  1   11   5   4   5   2   2   2   3   0   5  20   4   2   1   0  12   9   0   2   9  0.08 0.11
   73 L   -1 -3 -5 -6  0 -1 -5 -4 -3  1  4 -5  5  3 -4 -3 -2 -4 -1  0    6   1   0   0   2   3   0   2   1   6  41   0  15  13   1   1   2   0   1   5  0.74 0.40
   74 V   -3 -5 -6 -7 -2 -5 -6 -6 -6  4  3 -6  4 -1 -6 -4 -2 -6 -3  5    1   1   0   0   1   0   0   0   0  26  23   0  10   2   0   1   1   0   0  35  1.09 0.50
   75 K    3 -3 -3 -5  1 -1 -3  3 -4 -3 -2 -1 -2  4 -5  0  0 -4 -2 -1   25   1   1   0   3   2   1  20   0   1   3   4   0  22   0   6   7   0   0   3  0.53 0.35
   76 K    0  3  1 -1  1  1  0  0 -1 -3 -3  3  0 -4 -2  0  0 -2 -1 -2    6  15   7   3   4   6   6   8   1   1   2  20   3   0   1   7   6   0   2   2  0.26 0.21
   77 I   -2 -6 -5 -7 -5 -6 -6 -7 -6  3  5 -6  2 -1 -6 -5 -3 -5 -2  3    4   0   1   0   0   0   0   0   0  15  53   0   4   2   0   0   1   0   1  21  1.12 0.51
   78 S    6 -5 -5 -5 -1 -4 -5 -4 -5 -4 -3 -4 -4 -4 -5  0  4 -6 -3  0   57   0   0   0   1   0   0   0   0   1   2   0   0   1   0   7  26   0   1   5  1.21 0.59
   79 Q   -4  2 -3 -3 -6  6  1 -5 -3 -6 -5  5 -4 -6 -4 -3 -4 -6 -5 -5    0   9   0   0   0  42   6   0   0   0   0  43   0   0   0   0   0   0   0   0  1.45 0.52

                      K         Lambda
Standard Ungapped    0.1328     0.3096
Standard Gapped      0.0622     0.2670
PSI Ungapped         0.2033     0.3175
PSI Gapped           0.0622     0.2670
