
Last position-specific scoring matrix computed, weighted observed percentages rounded down, information per position, and relative weight of gapless real matches to pseudocounts
            A   R   N   D   C   Q   E   G   H   I   L   K   M   F   P   S   T   W   Y   V   A   R   N   D   C   Q   E   G   H   I   L   K   M   F   P   S   T   W   Y   V
    1 M    -6  -6  -7  -8  -6  -5  -7  -7  -6  -3  -2  -6  11  -5  -7  -6  -5  -6  -6  -4    0   0   0   0   0   0   0   0   0   0   0   0 100   0   0   0   0   0   0   0  3.75 1.25
    2 S     3  -4   0  -3  -4  -2  -4  -3   0  -5  -5  -3  -4  -2   0   6   0  -1  -2  -5   20   0   5   1   0   1   0   0   2   0   1   1   0   2   4  58   4   1   2   0  1.04 0.62
    3 R    -3   6  -4  -5  -6  -2  -3   1  -3  -5  -4   2  -4   1  -1  -1   0   6  -2  -5    1  44   0   0   0   1   1  10   0   0   1  13   0   7   3   4   5   9   1   0  0.98 0.54
    4 Q    -2   5  -2  -3  -4   2  -2  -3  -1  -2  -2   2  -3   0  -1   1  -1  -4  -3  -1    2  38   1   1   0   8   1   1   1   3   3  12   0   5   3  12   3   0   0   5  0.63 0.37
    5 V    -2  -1  -5  -5  -4  -2  -4  -2  -4   3   0  -3   0   6  -3  -2  -3  -3   0   2    3   4   0   0   0   2   0   4   0  19   6   1   2  37   1   3   1   0   2  12  0.77 0.41
    6 V     0  -3  -3  -2  -3  -1  -4   0  -4   1   0  -4   2   3  -2  -2  -2  -4  -1   4    9   1   1   2   0   3   0   9   0   5   7   0   4  14   2   2   1   0   2  38  0.47 0.33
    7 R    -2   6  -1  -4  -5   2  -3  -4   0  -5  -5   3  -4  -5  -2   1  -2  -5  -3  -5    3  43   3   0   0   9   0   1   2   0   1  20   0   0   2  12   2   0   1   0  1.04 0.56
    8 S     3  -2  -2  -2  -2   2  -2   1   1  -2  -2  -2  -2  -3   0   2   1  -1  -2   2   22   1   1   2   1  10   1  11   4   1   3   1   1   0   4  16   7   1   1  14  0.27 0.28
    9 S    -3  -5  -1  -5  -3  -5  -5  -5  -1  -7  -5  -4  -1  -7  -4   7  -2  -7  -6  -6    1   0   2   0   1   0   0   0   2   0   1   1   1   0   1  88   1   0   0   0  2.12 1.05
   10 K    -3   2  -4  -5  -7  -2  -3  -4  -1  -4  -4   7  -5  -7  -1  -1  -4  -7  -6  -4    2  11   0   0   0   1   1   1   2   1   2  68   0   0   4   5   0   0   0   1  1.57 0.80
   11 F    -6  -7  -6   1  -7  -6  -6  -7  -5  -3  -1  -7  -1   7  -7  -6  -6   3   6  -2    0   0   0   8   0   0   0   0   0   1   6   0   1  48   0   0   0   4  27   3  1.85 0.85
   12 R    -4   7  -3  -6  -7  -3  -3  -6  -5  -7  -5   5  -6  -7  -4  -5  -4   0  -6  -7    1  62   1   0   0   1   1   0   0   0   1  29   0   0   1   0   1   1   0   0  2.03 0.97
   13 H    -6  -4   5  -4  -7  -4  -5  -5   9  -5  -7  -4  -6   1  -7  -4   0  -2   2  -7    0   1  27   1   0   0   0   1  48   1   0   1   0   6   0   1   6   1   6   0  2.09 1.00
   14 V     1  -6  -6  -6  -2  -5  -6  -5  -6   3   2  -5   0  -3  -5  -3   1  -2  -3   5   12   0   0   0   1   0   0   1   0  14  19   0   1   1   0   1   8   1   1  40  0.87 0.53
   15 F     0   0  -1  -3  -3   1  -1  -4  -1  -1   0   1  -3   5  -5  -1   0  -3   4   0    6   5   3   1   1   7   4   1   1   2   7   8   0  22   0   4   7   0  13   7  0.35 0.31
   16 G     1  -4  -5  -5   2  -5  -5   6  -3  -2  -2  -4  -1  -4   2   0  -1  -1  -3  -2   10   1   0   0   5   0   1  51   1   3   4   1   1   1   9   6   4   1   1   3  0.94 0.57
   17 Q    -1   0  -2  -1  -2   4   1  -5   0  -1  -4   3  -3  -3  -4  -1   2   4  -3   1    4   4   2   3   1  19   9   0   2   3   1  19   0   1   0   3  14   5   1   9  0.50 0.42
   18 P     1  -3  -2   0   0  -1  -1  -3  -3  -1  -3  -3  -2  -4   5  -1   1  -6  -3   1   11   1   2   5   2   3   4   2   1   4   2   1   1   1  33   5  11   0   1  12  0.64 0.45
   19 A     2  -3  -2  -1   0  -1  -2   0  -1  -1   1  -2   0   0   2   1  -1   3   0   0   21   0   1   3   2   3   1   7   1   3  14   1   2   4  10   9   4   4   3   7  0.18 0.20
   20 K    -2   2   0  -4  -5   1  -2  -1   4  -4  -4   5  -3  -5   2  -1  -1  -5  -4  -4    2  10   4   0   0   5   2   4  10   1   2  38   0   0  10   5   4   0   0   1  0.77 0.51
   21 A     0   4  -1  -2  -5  -1  -2  -3   0  -3  -2   4  -3  -3   2   0   0  -5  -4  -2    7  21   3   2   0   2   1   2   2   1   4  26   0   1  10   8   7   0   0   3  0.52 0.39
   22 D    -2   0   2   4  -5  -1   4   0   0  -5  -3  -2  -4  -3  -2   1  -2  -5  -2  -2    3   4   9  20   0   2  29   7   2   0   3   2   0   1   2  10   2   0   1   3  0.56 0.40
   23 Q     0  -1   1   0  -2   3   2   0   1  -3  -1   0  -1  -2  -1   0   2  -2  -2  -2    8   2   7   6   1  12  13   8   3   1   7   5   1   2   2   4  14   0   1   2  0.18 0.21
   24 C    -2  -2   0  -3   6   1  -4  -2   6  -3  -2  -2  -2  -2  -2   0  -1   7   1  -2    3   2   4   1  17   6   1   3  16   2   4   2   1   2   2   6   5  15   4   3  0.87 0.50
   25 Y    -6  -6  -6  -5  -6  -6  -5  -7   0   4  -1  -6   0   4  -2  -4  -2   4   7  -1    0   0   0   1   0   0   1   0   2  18   6   0   2  18   2   1   2   6  35   4  1.35 0.70
   26 E    -2   1  -1   4  -3   0   2  -2  -1  -3  -3  -2  -3  -1   1   1   3  -3  -1  -3    2   7   2  19   0   4  15   3   1   2   3   2   1   3   6   9  17   0   2   1  0.39 0.34
   27 D    -2  -5   6   4  -2  -1   0   2  -3  -4  -6  -2  -6  -6  -5  -1  -1  -6  -4  -4    3   0  31  24   1   3   6  16   1   1   0   2   0   0   0   4   4   0   1   2  0.96 0.58
   28 V    -2  -5  -5  -5   0  -6  -5  -5  -4   5   3  -5  -1  -2  -5  -4  -2  -1  -5   4    3   1   0   1   2   0   1   1   0  28  31   1   1   2   1   1   2   1   0  24  0.95 0.54
   29 R    -3   5   0  -4  -2   1  -3  -5   1  -4  -5   3  -5  -5   4   1  -2  -7  -3  -4    2  28   4   1   1   7   1   1   4   1   1  18   0   1  18   9   3   0   1   2  0.85 0.58
   30 V    -1  -4   0  -4  -3  -4  -3  -2  -2   4   1  -2   0  -4   1  -1   0  -6  -5   3    5   1   6   1   1   0   2   4   1  23  14   2   2   0   7   6   5   0   0  21  0.44 0.33
   31 S     1  -2   1  -3  -1  -2  -2   1  -1  -2   0  -3  -4  -4  -2   3   3  -1  -4   0   10   2   6   1   1   1   2  11   2   1  11   1   0   0   2  20  18   1   1   7  0.32 0.33
   32 Q     0   1   1   0  -2   1  -1   0  -2  -3  -2   1  -2  -1  -1   2   2   1  -3  -2    8   9   8   4   1   5   3   7   1   1   4   8   1   2   4  17  12   2   1   3  0.17 0.21
   33 T     0  -1   2  -2  -4   0  -2   0   2  -1   0  -2  -1   0   1   2   1  -2   0   0    6   3   9   1   0   4   1   8   6   4   8   1   1   4   7  16  10   0   2   6  0.14 0.19
   34 T     2  -3  -1  -4  -2   0  -3   0   1   0  -2  -4  -5  -4   2   3   3  -2  -5   0   16   2   3   1   1   4   2   8   3   6   4   0   0   1   9  19  16   1   0   5  0.38 0.37
   35 W    -2  -4   0  -1  -1   0  -1   1   3  -2  -1  -3  -2  -1   1   0   1   7  -2  -2    2   1   4   3   1   4   4  13   7   3   7   1   1   3   7   9   8  17   1   4  0.48 0.37
   36 D    -3  -4  -2   6   3  -2   3  -1   0  -5  -5  -3  -4  -3  -1   1  -2  -3  -1  -5    2   1   1  40   5   2  17   5   2   1   1   2   1   1   3   9   3   0   3   1  0.92 0.60
   37 S     1  -2   0   0   1  -1  -2   2  -1  -3  -2  -2  -4  -3  -2   3   0  -3  -4   0   10   2   4   5   3   3   2  18   2   2   4   2   0   1   2  26   5   0   0   8  0.34 0.33
   38 G    -2  -1   5   1   1   1  -2   0   2  -5  -4  -2  -2  -4  -1   0   1  -3  -2  -2    4   3  29   8   3   6   2   8   5   1   2   2   1   1   3   8   9   1   2   3  0.51 0.40
   39 F    -1  -3  -1  -3   0  -2  -2   1   1   1   1  -2   1   3   0   0   0   0   0   0    5   1   3   1   2   2   1  11   4   8  15   2   4  12   4   8   6   1   3   5  0.13 0.15
   40 C    -1  -4  -3  -2   5  -4  -4  -4  -1   4   3  -6  -1   2  -6  -4  -3  -6  -4   2    5   1   1   3  13   1   1   2   1  23  22   0   1   9   0   1   1   0   0  14  0.76 0.46
   41 A     4   0  -3  -2   1   2  -2  -3   0  -3  -4   3  -3  -5  -2   1   0  -6  -3  -1   33   4   1   2   3   8   2   2   2   1   2  15   0   0   2  11   5   0   1   5  0.51 0.43
   42 V     3  -3  -4  -4   4  -4  -3   2  -3  -2  -3  -3  -2   2  -2   0  -1  -2  -1   2   27   1   1   1   9   1   2  14   1   2   1   2   1   8   2   7   3   1   2  16  0.48 0.38
   43 N    -4  -5   6  -3  -6  -5  -3  -2   6  -5  -6  -4  -6  -7  -4   4   0  -7  -3  -7    1   0  33   1   0   0   1   3  18   1   1   1   0   0   1  32   5   0   1   0  1.46 0.86
   44 P     0   0   0   0   1   0  -1   1  -1  -4  -4  -1  -5  -4   4   3   1  -1  -3  -3    8   4   4   4   3   3   4   9   1   1   1   4   0   1  19  20   9   1   1   2  0.39 0.36
   45 K    -1   1   1   3  -2   0   0  -1   2  -5  -2   4  -2  -3  -3   1  -1  -5  -2  -4    5   7   6  17   1   4   4   4   4   0   5  23   1   1   1  11   4   0   1   1  0.40 0.34
   46 F    -3   1  -1  -2  -1  -3  -2  -1   2  -3   0  -3   0   5  -4  -1  -3   6   4  -1    2   9   3   2   1   1   3   6   4   1   8   2   2  21   1   6   1  10  15   4  0.60 0.42
   47 V    -2  -3  -4  -3  -1  -3  -4  -3  -2   3   1  -2   2   1  -5  -2  -1   1  -1   5    2   1   1   2   1   1   1   2   1  15  14   2   4   6   0   3   3   2   2  35  0.59 0.40
   48 A     6   0  -2  -4  -1  -3  -3  -2   0  -1  -3  -3  -2  -2  -3   1  -1  -2  -1  -2   55   5   2   1   1   1   1   3   2   3   3   1   1   1   1   9   4   1   2   3  0.83 0.58
   49 L    -1  -2  -5  -3   0  -2  -3  -3  -4   2  -1  -3   0   5  -4   1  -2   0   1   3    4   2   0   1   2   2   2   3   0  13   6   1   2  22   1  11   2   1   3  23  0.50 0.37
   50 I     0  -1   2  -4   1  -2  -4  -3   0   2  -2  -2  -3   0   4   0  -2  -5  -2   2    9   3   9   0   3   1   0   2   2  11   3   2   0   3  21   8   2   0   2  16  0.41 0.35
   51 C     0  -2  -2  -3   0  -2  -3  -2  -1   0   1  -2  -2   0   1   0   1   7   0   1    7   2   2   2   2   2   1   3   2   4  17   2   0   4   7   9   8  15   2  10  0.36 0.30
   52 E    -1  -1  -1   2  -4   2   2  -1  -1  -2  -1   0   0   2  -1   1  -1   1   0  -2    5   2   3  14   0   9  13   4   2   2   5   5   2  10   2  12   4   2   2   2  0.19 0.22
   53 A     2  -2  -1   0   0  -1  -2   2   1  -1  -3  -2  -1  -2  -1   2   0  -4  -1  -1   17   2   2   6   2   2   2  19   3   3   2   2   2   2   3  17   6   0   2   5  0.23 0.25
   54 S     0  -1   1  -1   0  -1  -1   0   1  -1  -2  -1  -3  -1   1   3   1  -4  -1  -2    8   3   6   3   2   2   2   8   4   4   3   3   0   4   7  26   9   0   2   2  0.20 0.28
   55 G     0  -2   0   1   0  -1  -2   5   0  -2  -3  -2  -1  -2  -1   0   1  -5  -1  -2    5   2   4   7   2   2   2  40   2   2   3   2   2   2   3   5   9   0   2   4  0.45 0.37
   56 G     0   0   0   0   2   1   0   0   2   0  -1   0   1  -2   1   0   0  -3   1   0    6   6   5   6   5   5   6   6   5   6   6   6   5   0   6   6   6   0   5   6  0.04 0.08
   57 G    -2   0   0  -1  -2  -1  -2   5  -1  -3  -3   0  -3  -3  -3   1  -1   0  -3  -3    4   5   4   4   1   3   2  42   2   2   3   7   1   1   2   9   4   2   1   2  0.65 0.37
   58 A     2   2  -3   3   0   1  -2  -3   0  -1  -1   0  -1  -5  -1   0   0  -6  -3   0   16  10   1  17   2   6   2   2   2   3   7   5   2   0   3   8   6   0   1   8  0.25 0.24
   59 F    -2  -2  -1  -1  -2  -3  -5  -3  -1   3   2  -2   0   4  -4  -4  -2   0  -3   2    3   2   3   3   1   1   0   3   2  17  21   3   2  18   1   1   3   1   1  14  0.53 0.32
   60 L     3  -1  -4  -5   2  -1  -4   1  -6   0   1  -3   1  -4  -6  -1   2  -6  -1   1   25   4   1   0   4   3   1  10   0   6  13   2   3   0   0   4  14   0   2   8  0.39 0.32
   61 V    -4  -4  -5  -5  -2  -5  -5  -5  -8   4   0  -4  -5  -2  -4   1  -1  -1  -3   6    2   1   1   1   1   1   1   1   0  20   8   1   0   2   1  11   3   1   1  45  1.10 0.60
   62 L    -1   2  -3  -4   0  -1  -3   1   2   2   2  -1   0   1  -2  -2  -2   3  -2   0    5  10   1   1   2   3   2  10   4  13  21   4   2   5   2   3   2   4   1   6  0.23 0.19
   63 P    -3   0  -1   0  -1  -2   0  -3  -5   1   0  -1  -4  -4   5   2  -3   0  -5  -1    2   6   3   5   1   2   7   2   0   7   9   4   0   1  31  13   2   1   0   5  0.60 0.44
   64 L    -2  -2  -3  -1  -1  -1  -4  -4   1   0   3  -4   0  -2  -2  -3  -1   7   1   1    4   3   2   5   1   3   1   1   4   6  30   1   2   1   3   3   4  15   4   8  0.64 0.40
   65 G     0  -2   2   5  -2  -2   1   0   2  -5  -5  -1  -6  -5  -5   2  -1   2  -4  -5    7   2  10  30   1   2   9   7   5   1   1   5   0   0   1  12   4   3   1   1  0.66 0.45
   66 K     1   1   0   1   1   1   0  -2   2  -3  -4   4  -2  -1  -2   0   0  -1  -2  -1   10   6   5   7   3   7   5   3   4   2   2  24   1   3   2   5   6   1   1   4  0.29 0.24
   67 T     0  -1  -3  -2  -1   0  -1   0  -1  -2  -3   0  -2  -1   3  -1   3  -2  -1   0    8   3   1   2   2   4   5   6   2   2   3   7   1   3  15   5  21   1   3   7  0.28 0.26
   68 G    -3   0  -3  -2  -1  -1  -2   5  -2   0  -4  -2  -1  -3  -4  -1   2  -1  -6   0    1   5   1   2   1   3   3  43   1   5   1   3   2   1   1   6  12   1   0   7  0.72 0.45
   69 R    -3   6  -1  -2  -6  -2  -2   1  -3  -4  -3   4  -3  -6  -2  -3  -2   0  -5  -2    2  39   3   2   0   1   3  11   1   1   3  20   1   0   2   2   3   2   0   4  0.95 0.54
   70 V    -1  -2  -2  -4   0   1  -3  -1  -1   2   3  -1   0  -2  -3  -3  -1   2   0   2    4   2   2   1   2   6   2   6   1  12  28   4   2   1   1   2   4   3   3  13  0.30 0.22
   71 D    -1  -1  -2   3  -2  -1   0   1  -1  -3  -4  -2  -6  -5   5  -1  -3   6  -4  -4    6   3   2  15   1   3   7  10   1   2   2   2   0   0  28   4   2   9   1   1  0.76 0.48
   72 K    -1   1  -1   4  -3   0   0  -2   0  -1  -3   2   0  -3   2  -1  -1  -2  -3   0    5   6   3  22   1   4   6   3   2   4   3  11   2   1   9   5   4   1   1   7  0.29 0.23
   73 N     0  -1   1   0   3   0   0   1   1   0  -1   0   0  -2   0   1   0  -2  -2   0    7   3   8   6   6   4   4  11   4   5   4   5   2   1   4   9   7   0   1   8  0.08 0.09
   74 A    -1  -1  -2  -2   0   0  -1   0   1   1   0  -1   0   0   1  -1   0   1   1   1    5   3   1   2   2   4   4   9   5   8  11   3   3   4   7   5   4   2   6  11  0.04 0.06
   75 P     0  -1  -2  -4   0   1  -1  -1  -2  -1  -1  -1   0  -3   6  -1   0  -3  -3   0    7   4   2   1   2   7   4   5   1   4   6   4   3   1  35   4   5   0   1   6  0.59 0.38
   76 T    -2   0  -3  -2  -1  -2  -3  -2  -1   0   2   0  -1  -1   3   0   3  -3  -2   1    3   6   1   3   2   2   1   3   1   4  18   5   1   2  13   5  20   0   1   8  0.27 0.24
   77 V    -1  -4  -5  -6   0  -5  -4  -3  -5   2   4  -5   1   2  -5  -3  -1  -2   0   3    5   1   0   0   2   0   1   2   0   9  39   0   3   9   0   2   4   1   3  18  0.68 0.39
   78 C    -2   2   0  -1   3   1   1  -3   1   0   0   1  -1  -3  -3   0   0  -2  -2   0    2  10   4   3   7   6  12   2   3   6  11   9   1   1   1   7   7   0   1   8  0.13 0.15
   79 G     1  -4  -3  -2   1   1  -3   6  -3  -4  -4  -4  -5  -3  -3  -1  -3  -6  -4  -1   11   1   1   2   3   6   2  55   1   1   2   1   0   1   1   5   2   0   1   5  1.07 0.57
   80 H    -4  -4   2  -5   0  -2  -3  -3  10  -5  -4  -3  -2  -5  -6  -3  -4  -6  -2  -5    1   1   8   1   2   2   1   2  69   1   2   2   1   0   1   2   1   0   1   1  2.63 1.04
   81 T    -1   0  -1  -2  -3  -1  -2   2  -3  -3  -4   2  -1  -4  -1   2   4   0  -3  -3    5   4   2   2   0   3   3  18   1   1   1  11   1   0   3  17  23   2   1   1  0.44 0.36
   82 A     2  -2   1   2  -2  -1  -1   3  -1  -4  -4  -1  -3  -4  -3   2  -2  -5  -3  -2   18   2   6  11   1   3   3  25   2   1   2   3   0   0   1  16   2   0   1   3  0.45 0.34
   83 P     1  -1   0   0  -2   1  -1  -1  -1  -3  -2  -1  -1  -1   4   1   0   4  -2  -1   10   4   5   5   1   7   4   6   1   1   3   2   1   3  18  11   7   6   1   4  0.28 0.24
   84 V    -3  -6  -6  -6   2  -6  -6  -3  -6   4   0  -6  -1  -2  -6  -5  -3   0  -5   6    2   0   0   0   4   0   0   2   0  19   7   0   1   2   0   0   2   1   0  58  1.45 0.68
   85 L    -1   1   1  -2   0   1  -2  -2   0  -1   2  -2   1  -1  -3   0   2   2   0   0    4   7   7   2   2   8   1   3   2   3  20   2   4   2   1   7  15   3   3   6  0.16 0.20
   86 D    -1  -2  -2   6   2  -4  -1  -3  -2  -4  -5  -4  -6  -4  -3   3  -2  -7  -4  -3    4   2   1  48   4   0   3   2   1   1   1   1   0   1   2  23   2   0   1   2  1.18 0.67
   87 I    -2  -5  -5  -6  -2  -5  -5  -3  -2   3   2  -5   1   4  -5  -3   0   1   0   4    3   0   0   0   1   0   0   2   1  13  16   0   3  20   0   2   5   2   3  27  0.70 0.41
   88 A     4  -2  -2   3   2   1   1  -2  -2  -3  -4   1  -2  -5  -2   0   0  -5  -5  -1   33   1   1  15   4   6   7   2   1   1   1   8   1   0   2   7   5   0   0   5  0.45 0.36
   89 W    -3  -3  -7  -7  -6  -6  -7  -7  -2   0  -2  -7  -2   7  -7  -4  -4   9   1  -2    3   1   0   0   0   0   0   0   1   5   4   0   1  49   0   1   1  26   3   3  2.11 0.89
   90 C     0  -4   3   3   3  -4  -2  -3   3  -5  -4  -4  -1  -3  -5   5  -1  -1  -2  -4    6   0  13  15   7   0   2   1   6   0   2   0   1   1   0  38   3   1   2   1  0.80 0.52
   91 P    -3   0  -2  -2  -5  -2  -3  -3  -2  -5  -3  -3  -5  -5   8  -2  -3  -2  -2  -5    2   5   2   2   0   2   2   2   1   1   3   1   0   0  68   4   2   1   1   1  1.86 0.83
   92 H    -2   0  -2   0   1  -2  -2  -2   3  -2  -1  -2  -1   7  -2  -3  -2   2   1  -2    3   5   2   5   3   2   2   3   6   2   5   2   1  43   2   2   3   2   3   3  0.80 0.37
   93 N    -3  -3   5   6  -2  -2  -2   1   1  -4  -4  -2  -3  -3  -5  -1  -2  -6  -2  -4    2   1  24  38   1   2   2  10   4   1   1   2   1   2   0   4   2   0   2   2  0.96 0.53
   94 D    -2  -1   0   5  -3  -1   1   3  -1  -4  -4  -1  -3  -3   1   0  -1  -5  -3  -3    2   3   3  29   1   3   8  22   1   1   2   3   1   1   8   7   3   0   1   2  0.54 0.36
   95 N    -2   2   4   1  -1   2   0  -1   2  -3  -3   1  -2  -2  -1   0   0  -2  -1  -3    2  10  18   8   1  10   5   6   6   1   2   9   1   2   3   7   6   1   2   2  0.28 0.24
   96 V    -3   4  -3  -4   2   0  -2  -3   0   2   2  -1   1  -1  -4  -2   0  -1   0   1    1  22   1   0   5   4   2   2   2  12  19   2   4   3   0   2   6   1   3  11  0.33 0.27
   97 I    -2  -3  -6  -6  -2  -5  -6  -6  -6   4   4  -5   0  -1  -3  -4  -3  -5  -4   3    4   2   0   0   1   0   0   0   0  26  41   0   1   2   2   1   1   0   0  17  0.99 0.51
   98 A     6  -5  -5  -5  -1  -4  -4  -3  -5  -1  -3  -4  -1  -2  -4   0  -2   2  -3   3   60   0   0   0   1   0   0   1   0   3   2   0   1   2   0   5   2   3   1  17  1.10 0.61
   99 S    -2  -3  -4  -1   0  -4  -4  -4  -5  -1  -3  -4  -4  -5  -2   5   4  -6  -5   2    2   1   0   3   2   0   0   0   0   3   3   0   0   0   2  46  23   0   0  13  0.97 0.61
  100 G     3  -5  -3  -3   5  -5  -5   5  -5  -3  -3  -5  -5  -5  -5   0  -3  -6  -5  -1   24   0   1   1  10   0   0  42   0   2   2   0   0   0   0   8   2   0   0   4  0.98 0.55
  101 S    -1  -1  -2  -2   4  -1  -4   1  -1  -5  -3  -3  -5  -4  -2   5   0   2  -2  -4    4   4   1   2  10   2   0  10   1   0   2   1   0   1   2  50   4   3   1   1  0.87 0.56
  102 E    -1   0   0   4  -2   0   4  -1  -1  -3  -3  -1  -4  -4  -4   1  -2   0   0  -2    5   4   4  26   1   3  26   5   1   1   2   2   0   1   0   9   2   2   3   3  0.53 0.37
  103 D    -2  -3   0   7   0  -2  -2  -2   1  -3  -3  -2  -5  -6  -5  -2  -2  -6  -6  -3    4   2   3  65   2   2   2   3   3   2   3   2   0   0   0   2   3   0   0   2  1.41 0.70
  104 C     0  -1   0  -1   4   0  -1   4   0  -4  -2   0   0  -2  -2   1   0   0  -2  -4    7   3   4   3  10   4   3  32   2   0   3   5   2   1   2  10   5   1   2   0  0.39 0.29
  105 T    -1   0   0  -1   0  -1   0  -1   0  -1  -1   1   2  -2  -1   1   4  -4  -1  -1    4   4   4   3   2   3   4   4   2   2   6   8   7   2   2   9  29   0   2   3  0.23 0.24
  106 V     0  -4  -4  -4   2  -3  -4  -1  -4   4   1  -4   3   1  -4  -1   0  -3   1   3    6   0   0   0   5   0   0   5   0  24   8   0   7   5   0   5   5   0   5  23  0.40 0.26
  107 M     0   0   0  -3   2   0  -2   0   2   0  -1   0   1   1   1   0  -2   4   1   0    6   6   6   0   6   6   0   6   6   6   6   6   6   6   6   6   0   6   6   6  0.09 0.15
  108 V    -1   0  -3  -3   1  -1  -1  -2   0   2   2  -2   1   0  -3  -1   0  -3  -2   2    3   5   0   0   4   3   5   3   2  16  24   0   4   3   0   4   5   0   0  20  0.23 0.21
  109 W    -2  -5  -5  -2   0  -1  -5  -5   0  -1  -2  -1   0   1  -5  -2  -1  11   1  -1    3   0   0   3   2   3   0   0   2   4   3   3   2   5   0   3   4  51   4   5  1.77 0.76
  110 E    -1   1   1   4   1   1   1  -2   2  -2  -2   0  -2  -3  -4   0   0  -1  -2  -3    4   6   7  28   3   5   9   3   4   2   4   6   1   1   0   7   5   1   1   2  0.34 0.28
  111 I     1  -2  -3  -4  -1  -3  -2  -3   0   4   1  -1   0  -1  -1  -2   0   2  -2   3   13   2   1   0   1   0   3   1   3  27  11   4   1   2   3   2   5   3   1  18  0.34 0.28
  112 P    -1   0  -1   0  -1  -1   1  -1  -1  -3  -3  -2  -2  -5   6   0  -1  -5  -3  -3    5   5   3   4   2   3   8   4   1   1   3   2   1   0  42   7   4   0   1   2  0.79 0.49
  113 D    -1  -1   1   2   0   0   2  -1   0  -1  -2   0   0  -1   1   0   1  -4  -1  -1    5   3   6  14   3   4  13   4   3   4   3   5   3   3   6   6  10   0   3   4  0.13 0.16
  114 G    -1  -1   0   1   2   0   1   3   1  -3  -2  -1   0   0   0   0  -1  -4   0  -2    4   3   5   9   5   4   8  20   4   0   4   3   3   4   5   8   4   0   3   3  0.17 0.18
  115 G     0  -2  -1   0   0   0   1   4   0  -2  -1  -1  -1  -1  -2  -1   0   1   0  -1    7   3   3   6   2   5   8  25   2   2   6   4   2   3   2   5   7   2   4   4  0.22 0.17
  116 L    -1   0   0   0   2   0   0  -1   2   0  -1   0   2   1   0  -1   0   4   1  -1    5   5   5   5   5   5   5   5   5   5   5   5   5   5   5   5   5   5   5   5  0.09 0.08
  117 M     0  -1  -1  -1  -1   0   1  -2   1   0   0   0   0  -1   0   1   2  -5  -2   1    7   3   2   4   1   4   8   3   3   5   9   6   2   2   5   9  13   0   1  11  0.11 0.11
  118 L    -1   2  -1  -1  -2   2   2   1   0   0  -1   0   0  -3  -1  -1   0   1  -2  -1    6  10   3   3   1  10  15   9   2   5   7   5   2   1   4   5   5   2   2   4  0.15 0.15
  119 P    -3  -1   3   1   0  -1   1  -4   0  -4  -4  -1  -2  -4   3   1   3  -6  -2  -1    3   3  15   7   2   3   9   2   2   1   2   5   1   1  13  10  15   0   1   4  0.43 0.34
  120 L    -1  -1   1   0   0  -1  -1  -1   0   1   2  -1   1  -1  -2  -1   0   0  -1  -1    6   3   7   7   2   3   5   6   2   9  19   3   4   2   2   5   6   2   3   4  0.09 0.07
  121 R    -1   0   1   1   0  -1   1  -1   0  -1  -2  -1   0   0   1   1   2  -4  -1  -1    5   5   6   8   2   3  10   5   2   3   4   4   3   3   7  10  12   0   2   5  0.11 0.12
  122 E     0  -1   0   2   1   1   3  -2   0  -2  -3   0   0   0  -1   0   0   3  -1  -2    7   4   5   9   3   5  19   3   3   3   3   5   2   4   4   6   6   3   2   4  0.21 0.20
  123 P    -1   0   0   0   2   0   0  -1   2   0  -1   0   2   1   0  -1   0   4   1  -1    5   5   5   5   5   5   5   5   5   5   5   5   5   5   5   5   5   5   5   5  0.09 0.08
  124 V     0   0  -2  -1  -1  -1   1  -1  -1   1   1  -1   0  -2  -1   0   0  -1  -1   2    6   4   2   3   1   2  12   4   2   8  14   4   2   2   2   6   7   1   2  15  0.08 0.09
  125 V     1   0  -1  -1   1   0   0   0   0   0   0   1   0   0  -2   0   0   0  -1   1   11   6   2   3   4   5   5   6   3   3   8   9   2   4   2   5   6   1   2  14  0.03 0.06
  126 T    -1  -1  -1   0  -1  -1   0  -4  -1   1  -2   0  -1  -2   3  -1   3  -5  -2   1    4   4   3   6   1   3   7   1   1   7   4   6   2   1  13   5  20   0   1  10  0.25 0.23
  127 L    -5  -3  -4  -4  -2  -2  -6  -4  -6   0   6  -6   2   2  -7  -4  -5  -6  -2  -2    1   2   1   1   1   2   0   1   0   4  67   0   4   9   0   1   0   0   1   3  1.35 0.70
  128 E    -1   1  -1   0  -2   2   2  -1   1  -2  -3   2  -2  -3   1   1   1  -5  -1   0    3   6   3   4   1   8  15   4   4   2   2  11   1   1   7   9  10   0   2   6  0.20 0.21
  129 G    -1  -4  -3  -3  -1  -2  -3   6   0  -4  -3  -2  -2  -1   0  -3  -3  -3  -3  -4    6   1   2   1   1   2   2  61   2   1   3   3   1   3   4   2   2   0   1   2  1.20 0.66
  130 H    -4  -4  -3  -3   0  -1  -1  -2  10  -7  -6  -1  -7  -3  -4  -1  -4  -7  -2  -5    2   1   2   2   2   2   4   4  66   0   1   5   0   1   1   4   1   0   1   1  2.43 1.10
  131 T    -1  -1   0   0  -2   2  -1   1   0  -3  -3  -1   1  -2  -2   2   3  -2  -2  -3    5   3   5   4   1  11   4  11   2   1   2   4   3   2   2  18  17   0   2   2  0.28 0.29
  132 K    -3   4   0   3  -1  -2   0   1  -1  -6  -4   3  -3  -2  -5   0  -2  -2  -3  -4    2  22   5  15   2   1   7  12   2   0   1  17   1   2   0   7   2   1   1   1  0.56 0.41
  133 R    -2   5  -1  -3  -2  -1  -2  -2  -2  -3  -3   4  -3  -1   0  -1  -2   4   0  -3    3  26   3   1   1   3   2   3   1   2   3  24   1   2   5   5   3   5   3   2  0.60 0.45
  134 V    -3  -7  -8  -8   0  -4  -7  -5  -8   4  -1  -3  -1  -1  -3  -4  -4  -8  -6   6    2   0   0   0   2   1   0   1   0  19   5   2   1   3   2   1   1   0   0  57  1.46 0.79
  135 G    -1   0   2   0   0  -1   1   2   0  -2  -1  -2  -2  -1  -4   0   1   3   1  -2    5   5   9   6   2   2  12  14   2   3   7   1   1   3   0   6   9   4   5   3  0.13 0.19
  136 I     1  -2   0  -1   2   0   0  -1   1   0  -1  -2  -1   0  -3   2   1   0   0   0   11   2   5   2   5   3   5   4   4   5   7   2   2   5   0  18   8   1   3   7  0.08 0.15
  137 V    -2  -4  -1  -5   1  -4  -4  -3  -5   3   2  -2   1  -1  -2  -2  -1  -5  -4   4    3   0   3   0   3   0   0   2   0  19  19   3   3   2   3   2   3   0   0  32  0.59 0.35
  138 A     2   0  -1   0   1   1   1  -1   1  -1  -1   1  -1  -3  -1   0   0  -3  -1   0   20   6   3   4   3   6   8   3   4   3   6   9   2   0   3   7   5   0   2   6  0.10 0.13
  139 W    -3  -6  -6  -3   0  -6  -6  -3   1  -1  -2  -6   0   7   0  -5  -5   8   2  -2    3   0   0   2   2   0   0   2   3   3   4   0   2  42   6   0   0  21   5   3  1.55 0.70
  140 H    -3  -4   3  -3  -1  -1  -4  -4   8  -5  -3  -3  -5  -2  -5   4  -3  -2   0  -6    1   1  13   1   1   2   0   1  40   1   3   2   0   2   0  27   1   1   3   0  1.46 0.73
  141 T    -3  -3  -3  -4  -6  -2  -3  -5   0  -6  -5  -3  -6  -2   8   0  -3  -7  -6  -6    2   2   2   1   0   2   1   1   2   0   1   1   0   2  74   6   2   0   0   0  2.16 0.95
  142 T    -1  -3   0   4   1  -1  -2  -2   1  -2  -1  -3   0  -1  -1   1   3  -5  -2   0    4   1   4  25   3   3   1   2   4   2   5   1   3   2   2   8  21   0   1   7  0.37 0.31
  143 A     4  -4  -1  -1  -1  -2  -4   3  -4  -2  -4  -3  -4  -5  -4   1   0  -5  -4   1   36   0   3   3   1   1   0  25   0   2   1   1   0   0   0   8   5   0   0  10  0.64 0.41
  144 Q     0   1   1   2   1   1   1  -2  -1  -3  -2   2  -2  -3  -2   2   0  -2  -2  -2    6   9   6  11   4   7  10   1   1   1   3  13   1   1   1  16   5   0   1   2  0.25 0.22
  145 N    -2   2   5   1   0   0  -2   1   1  -3  -3  -1  -3   0  -3  -1  -2  -1   1  -2    3  10  26   9   3   4   1  13   4   1   2   3   1   5   1   4   2   1   5   3  0.36 0.26
  146 V    -2  -1  -4  -5  -1  -3  -4  -5  -3   4   2  -4   1  -3  -1  -4  -1  -2  -3   4    2   4   0   1   1   1   1   1   1  27  20   1   2   0   3   1   4   1   0  29  0.70 0.38
  147 L    -1  -4  -4  -4   0  -3  -4  -4  -4   1   4  -4   2   1  -1  -3  -3  -3   1   2    6   0   0   0   2   0   1   1   0   6  50   1   4   5   3   1   1   0   5  15  0.59 0.34
  148 L     3  -3  -3  -4   0  -3  -3  -2  -1   1   1  -3   1  -1  -1   0   0   1  -1   1   28   0   0   0   2   0   0   2   2   7  16   0   3   2   2   8   6   2   2  11  0.20 0.27
  149 S     0  -4  -3  -1   1  -1  -3  -1   0  -1  -3  -3  -3  -4  -4   5   2  -5  -1   0    5   0   0   2   3   2   0   5   2   3   3   0   0   0   0  45  13   0   2   6  0.55 0.51
  150 A     2  -1   0  -1   1   0   0   2  -3  -1  -2  -2  -2  -1  -1   1   0  -3   0  -1   19   3   4   3   3   4   6  16   0   4   4   0   0   3   3  10   5   0   3   4  0.09 0.20
  151 G     0   0   0  -1   2  -1  -1   1   1  -1  -2  -1  -2  -1  -1   2   0  -3   0  -1    8   4   3   3   5   3   3  13   4   4   3   3   0   3   3  20   5   0   3   5  0.09 0.19
  152 C    -1   0   0   0   2   0  -1  -1   2   0  -1   0   2   0   0  -1   0   3   1  -1    5   5   5   5   5   5   5   5   5   5   5   5   5   5   5   5   5   5   5   5  0.03 0.09
  153 D    -4  -6  -1   7  -7  -3   0   0  -1  -6  -7  -3  -6  -3  -3  -2   0  -7  -3  -6    2   0   2  64   0   1   5   6   2   0   1   1   0   1   1   3   6   0   1   0  1.64 0.80
  154 N    -2   1   3  -2   1   0  -1   1   1  -3  -3   2   0  -2  -1   1   0   0   1  -4    2   7  14   2   3   3   3  12   4   1   3  13   2   2   4  12   5   1   5   1  0.22 0.23
  155 V     0  -1  -2  -3   0  -1  -1  -2  -2  -2  -1   1  -1  -3  -5   2   5  -1  -3  -1    7   3   1   1   2   3   4   3   1   2   7   8   1   1   0  13  33   1   1   4  0.45 0.37
  156 I    -1  -4  -1  -4   0  -2  -4  -2   0   4   1  -4   1   0  -2  -3  -1  -4  -1   4    6   0   4   0   2   2   0   4   2  30   9   0   2   3   2   0   2   0   2  28  0.45 0.30
  157 M    -1   4  -1  -2   1   0  -1  -1   1   1   0   1   0   0  -3  -1  -1   0   0   0    3  28   3   2   3   3   2   4   5  10   9   9   2   4   0   2   2   1   3   5  0.22 0.20
  158 V    -2  -2  -5  -5   0  -4  -4  -5  -4   4   3  -4   2   0   0  -2  -1  -4  -1   2    2   2   0   0   2   0   0   0   0  31  28   0   5   4   4   2   2   0   2  14  0.59 0.34
  159 W     0  -2  -5  -6   1  -5  -5  -5   1  -2  -2  -5   0   1  -5  -5  -2  11   1  -2    7   2   0   0   2   0   0   1   3   2   4   0   2   5   0   1   3  58   4   3  2.29 0.83
  160 D    -4  -3   4   7  -6  -2  -1  -3   0  -3  -4  -3  -5  -3   0  -2  -2  -6  -5  -3    1   2  16  57   0   2   3   1   2   2   2   1   0   2   4   2   2   0   0   2  1.32 0.67
  161 V     2  -3  -3  -4   2  -3  -3  -3  -2   3   1  -2   0   0  -1  -1   1  -4  -2   3   16   1   1   0   5   0   1   1   1  15  10   2   2   4   3   4   8   0   1  25  0.33 0.26
  162 G     0   0   1   1  -2   1   3   0   1  -3  -3   1  -2  -1  -2   1   0  -1  -2  -2    8   6   5   6   1   6  19   8   4   1   2   7   1   2   1  14   4   1   1   2  0.21 0.20
  163 T    -1   0   0  -1  -2   1  -2  -2   2  -2  -2   0  -2  -3  -3   1   5  -5  -3  -2    5   5   4   3   1   7   2   2   4   2   5   6   1   1   1  12  37   0   1   2  0.50 0.40
  164 G    -1  -2  -2  -2   0   1   0   6  -3  -6  -3  -1  -1  -2  -2  -1  -2  -2  -3  -4    4   2   2   2   2   7   6  52   1   0   4   3   2   2   2   4   2   1   1   1  0.86 0.52
  165 A     1   0  -1   0  -3   3   3  -1  -1  -4  -3   1  -2  -5  -3   0   2  -5  -2  -2   11   4   2   5   1  13  22   5   1   1   2  10   1   0   1   7  12   0   1   3  0.38 0.33
  166 A     1  -1   0   0   3   1   2  -2  -1  -1  -1  -1  -1  -4   1   1  -2  -2  -3   0   14   3   4   4   6   7  15   3   1   4   7   3   1   0   8  12   2   1   1   6  0.19 0.21
  167 M    -1  -1  -2  -2   0  -1  -2  -4  -1   3   2  -1   1  -1   0  -2  -1  -2  -3   3    5   4   1   2   2   3   2   1   2  16  23   5   3   2   4   3   2   0   1  19  0.28 0.22
  168 L    -1   1  -1  -3   0   1  -2   0   0   2   1   0   0   0  -1   0  -1   0   0   0    5   7   3   1   2   8   2   9   2  12  14   6   2   5   3   6   4   1   4   7  0.05 0.09
  169 T    -1   0  -1  -2   1   0   2  -2  -1  -2  -2  -1  -2  -5  -2   2   4  -2  -4   1    5   6   3   2   3   4  11   3   2   2   4   3   1   0   2  16  24   1   0   9  0.34 0.33
  170 L    -3  -2  -3  -3   1  -2  -4  -2  -3   3   4  -3   1   1  -3  -2  -2  -4  -3   1    2   2   1   1   3   2   1   3   1  17  39   2   3   6   1   3   3   0   1   8  0.56 0.31
  171 G     0   0   1   1  -3   0  -1  -1  -2   0  -2   0  -1  -2   3   1   1  -1  -3  -1    6   4   6   6   1   5   4   5   1   5   4   6   1   1  16  13   9   1   1   4  0.20 0.15
  172 P    -1  -1   0  -1  -1  -1   0  -1  -1   1   2  -1   0   1   1   0  -1  -1   0   1    5   2   4   3   1   2   6   5   2   7  23   4   1   7   7   7   4   1   2   8  0.07 0.06
  173 E    -1   1   0   3   1   2   2  -2   1  -1  -2   1  -2  -2   0  -1  -1  -4  -2  -1    4   6   5  16   3   8  16   3   3   3   4   9   1   2   4   5   3   0   1   4  0.22 0.18
  174 V    -1  -3  -1  -1   2  -1  -1   5   0  -1  -1  -2   0  -1  -2  -1  -1  -5  -4  -1    5   1   2   3   4   3   4  41   2   4   6   3   3   3   3   4   3   0   0   5  0.51 0.33
  175 H    -2  -5  -1  -2   0  -4  -2  -1   9  -2  -3  -2   0   0  -1  -1  -3   0  -1  -3    3   1   3   3   2   1   3   5  50   3   3   2   2   4   3   4   2   1   2   2  1.54 0.72
  176 P    -1  -1   0   1  -1   0   1  -1  -1  -2  -2   1  -1  -2   2   2   3  -5  -2  -3    4   3   4   8   1   5   7   5   1   2   3   8   1   2  12  14  17   0   1   1  0.26 0.26
  177 D     0  -2   1   5   0  -1   1   0   0  -2  -4   0  -2  -2  -2   0  -1   1  -2  -3    7   3   7  34   2   2   7   8   2   2   2   5   1   2   2   8   3   2   1   2  0.52 0.36
  178 T    -1  -1  -1  -2   1   2  -1  -1   0   1  -1   0   1  -1   0   1  -1   3   0  -1    5   3   3   3   3  11   4   6   3   9   7   7   4   3   4  10   4   4   3   5  0.11 0.10
  179 I     0  -2  -2   0   2  -2  -2   0  -2   0   0   0   1   1   1   0   0  -2   1   0    7   0   0   7   7   0   0   7   0   7   7   7   7   7   7   7   7   0   7   7  0.06 0.11
  180 Y    -2  -1  -1  -2   1   2  -2  -3   3  -2   0  -2   1   3  -2   0   0   4   2   0    3   3   3   3   3  10   3   3   5   3   9   3   3  12   3   7   5   6   7   7  0.29 0.19
  181 S     0  -3   0   1   2  -2  -3  -1  -1  -4  -1  -3  -1  -3  -4   5  -1  -2  -1  -4    7   1   4   7   4   1   1   4   1   1   7   1   2   1   1  49   3   1   2   1  0.75 0.51
  182 V     0  -5  -5  -5   1  -3  -5  -3  -5   3   2  -4   3   0  -2  -2  -1   0  -2   4    9   0   0   0   3   1   0   2   0  13  21   0   7   3   2   3   3   1   1  28  0.54 0.33
  183 D     3  -2  -1   0   2  -1  -1  -1   1  -3  -2  -1  -1  -2  -4   3  -1  -5  -4  -1   28   1   3   6   4   2   4   3   3   1   4   3   1   2   0  26   3   0   0   4  0.41 0.33
  184 W    -6  -3  -6  -7  -1  -6  -3  -2  -6  -2  -2  -6  -5   6  -7  -2  -6  11   1  -2    1   2   0   0   2   0   2   4   0   2   4   0   0  27   0   4   0  44   4   4  2.27 0.91
  185 S    -2  -2   5   1   0  -2  -2  -3   1  -3  -4  -1  -5  -3  -2   5  -2  -6  -5  -5    2   2  24   7   2   2   3   2   4   2   2   4   0   1   2  38   2   0   0   0  0.87 0.55
  186 R    -2   0  -2  -2   1  -1  -2  -3   3  -2  -3  -3   1  -1   5   0   0   3   2  -2    4   5   2   3   3   3   3   2   7   2   3   2   4   3  31   6   5   3   7   2  0.59 0.41
  187 D    -3  -3   3   6   1  -2  -2  -3  -1  -3  -4   0  -6   0  -1  -2  -1   1   0  -2    2   2  12  44   3   2   2   3   1   2   2   6   0   4   4   4   3   2   3   3  0.86 0.52
  188 G    -2  -2  -2  -2   1  -6  -3   7  -6  -7  -3  -6   1  -7  -2   0  -2  -7  -7  -7    3   3   2   3   3   0   2  66   0   0   3   0   3   0   2   6   3   0   0   0  1.48 0.76
  189 G     0   1   2   1  -1   0  -1  -2   1  -2  -2   1  -1  -2  -2   3   1  -5  -2  -2    6   8  10   7   1   4   3   2   4   3   4  10   1   1   2  23   7   0   1   2  0.26 0.25
  190 L    -2   2  -1  -4  -1   1  -2  -4   1   0   2   0   2   0  -3  -1   1   0   1  -1    2  14   3   0   2   6   2   0   4   5  24   5   6   4   1   4   8   1   4   3  0.24 0.22
  191 I    -2  -4  -5  -5   1  -4  -5  -3  -4   4   4  -4   1   2  -2  -2  -1  -4   0   2    2   0   0   0   3   0   0   2   0  21  39   0   2   7   2   3   3   0   3  11  0.63 0.36
  192 C     4  -2  -3  -4   3  -4  -4  -1  -4  -1  -2  -4   0  -1  -1   0  -2   0  -1   2   44   2   1   0   7   0   0   4   0   2   4   0   2   2   2   5   2   2   2  17  0.59 0.41
  193 T     0  -1  -3  -4   1  -3  -3  -2  -4  -1  -1  -2  -3  -1  -4   4   4  -4   0   0    5   3   0   0   3   0   0   3   0   3   5   2   0   2   0  36  25   0   3   8  0.59 0.43
  194 S     1  -2  -2  -2  -1  -2  -2   3  -1  -1  -2  -3  -1  -2  -1   1   2  -4  -2   1   14   1   1   1   1   1   1  24   2   4   3   0   2   1   3  12  15   0   1  10  0.30 0.25
  195 C     0  -4  -2  -2   7  -4  -4   0  -1  -4  -2  -2   1  -2  -4   4   1   0  -4  -2    5   0   2   2  21   0   0   7   1   0   4   2   3   2   0  35   9   1   0   3  0.77 0.48
  196 R    -2   3  -1   0  -2   0  -1  -1  -1  -3  -3   5  -1  -2  -3   1  -2   1  -1  -3    3  14   3   5   1   4   2   5   1   1   2  37   2   2   1  10   1   2   2   2  0.51 0.36
  197 D    -2  -2   1   7  -6  -1  -1   0  -4  -5  -3  -1  -5  -2  -5  -1  -2  -6  -5  -3    3   2   5  57   0   2   3   7   0   0   3   4   0   2   0   5   2   0   0   2  1.15 0.61
  198 K    -1   2   1   0   1   1  -1   0   1  -4  -2   4  -1  -1  -3   0  -1   1  -1  -2    3  13   5   4   3   6   2   8   3   0   3  28   2   2   0   8   3   2   2   2  0.32 0.29
  199 R    -1   2   0  -3   0   1  -1  -2   2  -1  -2   1   3  -1  -1   0   3  -4  -1  -1    5  11   3   0   2   5   3   2   5   3   3   9   8   3   2   5  22   0   2   4  0.22 0.26
  200 V    -1  -2  -2  -5   1  -2  -4  -2  -4   4   2  -4   1   0  -2  -2  -1  -4   0   3    4   2   2   0   3   2   0   3   0  25  21   0   3   3   2   2   4   0   4  19  0.42 0.31
  201 R    -2   6  -1  -4   1  -1  -1  -3   1   0  -3   1  -1  -2  -1  -2  -2   1  -1  -1    3  45   3   0   3   3   4   2   4   5   2   6   1   2   3   3   2   2   2   5  0.73 0.50
  202 I    -1  -3  -3  -5  -3  -3  -4  -4  -2   4   2  -4   0   0   0  -3  -2  -4  -1   4    3   1   1   0   0   1   0   1   1  29  21   0   2   3   4   1   2   0   1  25  0.62 0.38
  203 I    -2  -5  -6  -6  -1  -5  -3  -5   0   2  -1  -5  -1   3  -1  -5  -2  10   3  -1    4   0   0   0   1   0   2   0   3  12   6   0   1  10   3   0   3  39   9   4  1.56 0.70
  204 E    -3  -2   1   7  -1   0   1  -4  -2  -6  -6  -2  -5  -6   0  -1  -4  -6  -1  -6    1   2   7  60   2   4   9   0   1   0   0   2   0   0   5   4   0   0   3   0  1.34 0.68
  205 P     2  -2  -4  -4  -2  -1  -4  -3  -4  -1  -3  -3  -2  -3   6  -1   0  -5  -2   1   17   3   0   0   1   3   0   1   0   4   3   1   1   1  43   5   5   0   1  10  0.94 0.53
  206 R     0   6  -1  -2  -5   2   1  -2   1  -3  -3   0  -2  -4   0   0  -1  -5  -2  -2    8  41   2   2   0   7   8   3   4   1   2   4   1   0   5   6   3   0   2   2  0.60 0.41
  207 K     0  -1   0   0  -2   0  -1  -2  -2  -2  -3   0  -1  -1  -2   2   4  -5  -4  -2    8   3   3   6   1   5   3   3   1   2   3   6   1   3   2  18  30   0   0   2  0.39 0.35
  208 G    -1  -2   0  -2  -2   0  -1   6   0  -4  -4  -2  -5  -5  -1   1  -2  -2  -3  -4    4   2   4   2   1   4   4  52   2   1   1   2   0   0   4  12   2   1   1   1  0.90 0.52
  209 T     0   1   0   0  -2   2   2  -1  -1  -3  -1   2  -1  -1   1   1   1  -4  -2  -2    7   6   4   5   1   8  14   4   1   1   5  12   1   3   6   9  10   0   1   2  0.16 0.17
  210 V    -1   0   0   0   2   0   0  -1   2   0  -1   0   2   1   0  -1   0   4   1  -1    5   5   5   5   5   5   5   5   5   5   5   5   5   5   5   5   5   5   5   5  0.09 0.08
  211 V     0   0  -2  -2   1   0  -2  -2  -1   1   1  -1   0  -1   2  -2  -1   1  -1   2    7   5   2   2   3   4   3   4   2   9  14   4   3   2  10   4   5   2   2  15  0.16 0.14
  212 A     0   0  -1  -2   0   2  -2   0   1   0   1   0   0  -1  -2   0  -1   1  -1   1    9   6   3   2   2   9   2   8   4   6  12   5   3   2   2   8   3   2   2  10  0.08 0.09
  213 E    -2   0  -2  -3  -1   3   3  -2   0  -1  -3   0  -2  -8  -3   1   3  -2  -4   0    4   4   2   2   1  13  19   4   2   3   3   5   1   0   2  11  16   1   1   6  0.44 0.38
  214 K    -1  -1  -3  -2   1  -1   1  -3  -1  -2   1   0   0   0   3   1   0   1   0   0    5   3   2   2   2   3   8   2   1   3  15   5   2   5  14   9   6   2   3   6  0.18 0.17
  215 D    -1  -3  -1  -1  -1   0   1   2  -2  -1   2  -1  -1   1  -3  -2   1   0  -2  -2    6   1   3   4   2   4   9  15   1   3  20   4   1   6   2   3   8   1   1   3  0.18 0.16
  216 R     0   0   0   0   1   0   0   1   0  -1   0   0   0  -1   1   0   0  -3  -2  -1    7   5   4   4   3   5   7  10   3   4   8   7   4   4   6   7   5   0   0   5  0.04 0.05
  217 P     0  -1  -1  -1   3  -1  -1   3   2  -1  -2  -1   0   0   0   0  -1  -4   0  -1    9   3   3   3   7   3   3  26   5   3   3   3   3   4   4   6   4   0   3   5  0.21 0.21
  218 H    -1   0   0   0   2   0   0  -1   2   0  -1   0   2   1   0  -1   0   4   1  -1    5   5   5   5   5   5   5   5   5   5   5   5   5   5   5   5   5   5   5   5  0.09 0.08
  219 E    -1   0   1   2  -6   0   1   0   3  -1  -2   1   0  -1  -1   0   0  -6   1  -1    4   4   6  12   0   4   9   8   5   3   4   7   3   3   3   7   5   0   5   4  0.15 0.14
  220 G    -2  -3   1   0  -7  -3  -4   5   1  -7  -4  -6  -2  -1  -3   3  -3   4  -2  -7    4   2   6   5   0   1   2  41   3   0   2   0   1   3   2  17   2   6   1   1  0.97 0.57
  221 T     1  -2   0   0   0  -5  -2  -1   1   0  -2  -2  -1   0   1   2   1   3  -1   2   10   3   4   5   2   0   3   6   3   5   3   3   2   5   6  14   7   4   2  15  0.19 0.18
  222 R    -3   4  -1  -2   0  -1  -1  -1   0   0  -3   3   2  -1  -2  -1  -2   3   0   1    2  18   3   2   2   3   4   4   2   5   3  18   4   2   3   5   2   4   3  10  0.36 0.26
  223 P    -1  -2  -1  -1   0  -2  -3   0   0   0  -2  -2  -1  -2   1   1  -3   3  -1   4    5   3   3   3   2   2   2   8   2   5   4   3   2   2   8  12   2   3   3  25  0.30 0.27
  224 V    -1   0   0   0   2   0   0  -1   2   0  -1   0   2   1   0  -1   0   4   1  -1    5   5   5   5   5   5   5   5   5   5   5   5   5   5   5   5   5   5   5   5  0.09 0.08
  225 R    -1   4  -2  -2   1   0  -2  -3   0  -1  -3   2   1   0  -5   3  -1   0  -1  -2    5  24   2   2   3   3   2   2   2   5   2  13   4   3   0  19   3   1   2   3  0.44 0.36
  226 A     1  -2  -2  -1   2  -4  -3  -1  -5   2  -1  -4   1  -2  -2  -2  -1   1  -4   5   13   3   2   4   4   0   2   5   0   9   6   0   3   2   2   3   3   2   0  36  0.50 0.36
  227 V     3  -2  -2  -5   1  -1  -2  -3  -1   2   0  -2   0   0  -4   0   1   4  -1   2   23   2   2   0   3   3   2   2   1  10   7   2   2   4   0   7   7   6   2  15  0.31 0.27
  228 F    -3  -7  -2  -5   1  -3  -4  -7  -2  -4  -3  -7  -2   7  -2  -2  -6  10   2  -3    3   0   3   1   3   2   1   0   1   1   2   0   1  37   2   3   0  31   6   2  1.92 0.93
  229 V     0  -4  -3  -2   2  -4  -4  -2  -1   1   2  -2   1  -2   0   3   0   1  -1   1    8   0   1   3   4   0   0   2   1   6  21   2   4   2   4  24   5   2   2   9  0.31 0.31
  230 S    -1  -2  -1   2   0  -2  -3   3   1  -4  -3   0  -3  -3   4   0  -2  -1  -3  -4    4   3   3  12   2   2   1  25   4   1   3   6   1   1  22   6   3   1   1   1  0.58 0.43
  231 E    -3  -2   3   6  -6  -2   0   1   1  -4  -4  -1  -3  -6  -3   0  -1  -7  -1  -4    2   2  14  40   0   2   6  10   3   1   2   3   1   0   2   6   3   0   2   1  0.86 0.55
  232 G    -1   0   0   0   2   0   0  -1   2  -2  -1   0   1   0   0   0   0   3   1  -1    5   5   5   5   5   5   5   5   5   0   5   5   5   5   5   5   5   5   5   5  0.08 0.12
  233 K    -1   3   2   0  -1   2  -1  -1   3  -2  -2   2  -1  -2  -2   0   0  -1   0  -3    3  20   9   5   1   8   3   4   6   2   3  10   2   1   1   6   6   1   4   1  0.25 0.21
  234 I    -1   1  -2  -2   0  -1  -2   0   0   2   1  -1   2   0  -3  -1   0   1   1   1    5   9   2   1   2   3   2   6   3  14  15   4   6   3   0   2   8   2   5   9  0.09 0.12
  235 L    -2  -4  -5  -5   1  -4  -5  -2  -5   4   4  -2   0   2  -2  -4  -2  -4  -3   2    3   0   0   0   3   0   0   4   0  21  36   3   2  10   2   0   2   0   0  12  0.63 0.36
  236 T     2  -2  -2  -4  -3  -2  -1  -3  -1   0  -1  -2  -1  -2  -4   1   4  -4  -1   2   16   2   2   0   0   1   4   2   1   5   7   2   1   1   0   8  28   0   2  16  0.38 0.32
  237 T     0  -2  -3  -2   0  -4  -4  -3  -1   0  -2  -4  -3  -2  -4   4   4  -5  -4   2    6   2   0   2   2   0   0   2   2   5   4   0   0   2   0  28  27   0   0  15  0.62 0.44
  238 G     0  -4  -5  -5  -3  -5  -6   7  -3  -3  -5  -5  -6  -6  -6  -1  -4  -1  -4  -3    6   1   0   0   1   0   0  76   1   2   1   0   0   0   0   5   1   1   1   2  1.79 0.81
  239 F    -1  -4   0  -5  -1  -3  -5  -1   0  -2  -2  -5  -2   6  -3   4  -2   0   0  -2    4   1   4   0   1   1   0   6   2   3   3   0   1  37   1  27   2   1   3   2  0.91 0.53
  240 S    -1  -2   1   3  -2  -2  -1   1  -2  -2  -3  -2  -1  -1  -3   3   1   1   0  -1    3   1   8  15   1   1   3  11   1   2   3   2   2   3   1  25  10   2   3   4  0.32 0.26
  241 R     0   3   0   2   0   0  -1  -1  -1  -2  -2   2  -1  -2   0   0   0  -3  -2  -1    7  16   5  10   2   3   3   5   1   2   4  16   1   2   4   8   5   0   1   4  0.18 0.14
  242 M     0   0   1   0   0   0  -1   0   0  -1  -1   0   3   0  -1   1   0   2   0  -1    6   6   6   4   2   4   3   8   2   3   4   6  12   4   2  12   4   4   3   4  0.09 0.11
  243 S     0   2   2  -2  -1   0  -1   0   1  -1  -3  -1  -1  -3  -2   4   0  -3  -2  -3    6  12   9   2   1   5   2   8   3   3   2   3   1   1   2  32   5   0   2   1  0.37 0.29
  244 E    -3  -1  -1   5  -2   0   3  -1  -1  -1  -3  -1  -1  -3  -4  -1  -1  -2  -2   0    2   3   2  34   1   5  19   4   1   4   2   3   2   1   0   4   3   1   1   7  0.57 0.39
  245 R    -4   7  -1  -3  -2   0  -2  -3   1  -6  -3   2  -5  -4  -2  -2  -3  -1  -2  -6    1  60   3   1   1   3   3   2   3   0   2  10   0   1   2   3   1   1   2   0  1.38 0.72
  246 Q    -3  -1  -4  -3  -1   5   3  -4  -2   1  -1  -1  -1  -3  -4  -2   4  -5  -3  -2    1   3   0   1   1  23  17   1   1   7   6   3   1   1   0   2  27   0   1   2  0.67 0.50
  247 V    -1  -4  -2  -1   2  -4  -4  -4  -4   4   1  -4   1   1  -4  -2  -1   6   2   3    4   0   2   4   4   0   1   1   0  23  10   1   3   4   0   2   2  10   6  21  0.53 0.32
  248 A     1   2   1  -1   1   0  -1   0   0  -1  -2   1  -1   0  -1   0  -1   1   0  -1   13  14   9   4   3   2   2   7   3   3   3   9   2   4   3   6   3   2   4   3  0.07 0.11
  249 L     0   0  -3  -3   1   0  -2  -3  -2   1   2   0   1   0  -3  -2   1  -2   0   2    9   6   0   0   4   4   0   1   0   9  23   5   4   4   0   0  11   0   4  14  0.16 0.16
  250 W    -1   0  -3  -4   3   0  -1  -2   1  -1  -2  -1  -3   0  -4  -1  -3   9   2  -1    4   7   0   0   7   4   5   4   4   4   4   4   0   4   0   5   0  31   7   4  0.86 0.40
  251 D    -1  -1   1   5   1   0   1  -2   0  -2  -4  -1  -3  -4   0   0   1  -4   0  -2    3   3   7  34   3   4   8   3   2   3   1   4   0   0   4   4  10   0   4   2  0.41 0.28
  252 T     1  -1   0  -1  -1   0  -1   1  -1   1  -1  -1  -1  -1   2   0   1   0  -1   0   16   2   5   2   1   3   3   9   1   9   6   2   1   2   9   7   8   1   1   8  0.08 0.10
  253 K     0   3   0   1   1   1   1   0   1  -3  -3   2  -1  -1  -2  -1   0  -6  -6  -3    8  16   4   8   3   7   9   7   3   2   3  10   2   3   2   5   5   0   0   2  0.27 0.22
  254 H    -2   0   3   1   0   0  -2  -2   1  -2  -3   0   0   0  -2   1   4   1  -1  -3    4   5  13   9   2   4   2   4   3   2   3   5   2   4   3   9  21   2   2   2  0.35 0.29
  255 L    -1   0   0   0   2   0   0  -1   2   0  -1   0   2   1   0  -1   0   4   1  -1    5   5   5   5   5   5   5   5   5   5   5   5   5   5   5   5   5   5   5   5  0.09 0.08
  256 E    -1   1   0   1   1   2   2  -1   1   0  -2   0   1  -6  -1   1   0  -7  -6  -2    6   7   5   8   3   9  12   6   3   6   4   7   4   0   3  10   5   0   0   3  0.19 0.18
  257 E     0  -1   0   0   4   2   3  -3   0  -3  -2   2  -1  -3  -1   0   1  -1  -6  -3    7   3   4   6   7   8  16   3   2   2   5  11   2   1   4   8   8   1   0   2  0.30 0.26
  258 P    -1  -1  -3  -4   0   0  -4  -2  -1   3   0  -3   0  -3   5  -2  -2  -1  -2   1    6   4   1   1   2   4   1   4   2  13  10   2   2   1  29   4   3   1   2   8  0.60 0.41
  259 L    -2   0  -2  -3  -1   2  -3  -2   0   2   3  -1   1  -3  -3  -3  -1  -1  -2   2    4   5   2   2   2   9   2   4   2  12  26   4   3   1   1   2   4   1   1  13  0.37 0.24
  260 S     0  -3  -2  -2   2  -2  -2   2   1   0  -3   1  -1  -2  -3   1   4   0  -1  -2    8   2   2   2   4   2   2  14   4   5   3   8   2   2   2  11  21   1   2   3  0.34 0.28
  261 L    -3   0  -2  -1  -2  -1   0  -1  -1  -2   2   0   0   1   1   0   2   1  -2   0    2   5   2   3   1   3   6   6   2   2  22   5   2   6   7   6  11   2   1   6  0.17 0.17
  262 Q    -2  -1  -1  -2  -1   1   2  -3   3  -1   0   0   0  -2   3  -1   0   0  -2  -1    3   2   3   2   1   6  13   2   6   4  10   7   2   2  13   5   5   1   1   5  0.14 0.23
  263 E    -1   0  -1   0  -1   0   2   1  -1  -2   1  -1   0   0   0   0   1   0  -1  -1    4   4   3   5   1   5  15  10   1   2  12   2   2   3   4   6   9   1   2   4  0.04 0.13
  264 L    -2  -2  -2  -3   0   0  -1   0   3   2   2  -2   1   0  -4  -2  -1   0   0   0    3   2   2   2   2   4   4   7   6  13  23   3   3   3   1   3   4   1   3   7  0.14 0.17
  265 D    -2  -2  -1   5  -6  -1  -2   3   3  -3  -4  -2  -1  -2  -1  -1  -2  -6  -1  -3    3   2   3  29   0   2   3  24   6   2   2   2   2   2   4   5   2   0   2   2  0.57 0.49
  266 T    -2  -2  -1  -1  -1   1  -1   1   7  -1  -3  -3  -1  -1  -2   0   0  -6  -1   0    3   2   3   4   1   6   3  12  27   4   2   2   2   2   3   7   7   0   1   6  0.53 0.47
  267 S     0  -1  -1   0   0  -1  -1   0   3  -3  -3  -2  -1  -2  -2   4   1   0  -1  -3    7   4   3   6   2   3   3   8   8   2   3   2   1   2   2  28   8   2   2   2  0.28 0.37
  268 S    -1   0   1   0   1  -1  -2  -1   0  -4  -3  -1  -1  -2   2   3   1   0   0  -2    5   4   7   5   3   2   2   4   2   0   2   3   2   2  11  24   9   1   3   3  0.23 0.32
  269 G     0  -1  -1  -2  -1  -1  -3   4  -1  -2  -3  -3  -2  -2  -2   2  -1   4  -2  -1    7   4   2   3   1   3   2  29   2   2   3   2   1   2   3  15   3   6   1   5  0.38 0.36
  270 V    -1  -4  -4  -7  -1  -3  -4  -5   0   3  -2  -4  -1  -3   0  -2   0   0  -3   6    4   1   1   0   1   2   1   1   2  13   3   1   2   1   5   3   6   1   1  45  0.81 0.62
  271 L    -2  -1   0  -3   2  -1  -3  -4  -2   0   3  -1   1   0  -2  -1   0   4   0   1    3   4   5   1   4   2   1   1   1   5  26   3   3   4   2   5   6   6   3  11  0.20 0.25
  272 L     0  -2   0  -2   1  -1  -3  -3  -1   1   0  -3   3   1  -5   4  -1   0   0   0    8   2   4   2   2   2   1   2   1   8   8   1   6   7   0  28   3   1   3   6  0.27 0.35
  273 P    -3  -4  -4  -4  -1  -6  -6  -7  -2  -1  -2  -4  -1  -2   6   1  -3  -2  -4   4    2   1   1   1   1   0   0   0   1   4   4   1   2   2  33   9   1   1   1  30  1.01 0.76
  274 F     1  -3  -1  -1   1  -1  -1  -1   1   0   0  -1   1   3   0   0  -1  -2   1   1   10   0   3   3   3   3   3   3   5   3   7   3   3  14   5   8   3   0   5  12  0.06 0.17
  275 F    -1  -1  -4  -2   1  -1  -4  -2   1  -1  -2  -2   0   5  -1  -2  -1   5   4  -1    4   4   0   3   3   3   0   3   3   3   3   3   3  24   4   3   3   7  15   4  0.45 0.41
  276 D    -2  -2   0   5   0  -2  -2  -2  -1  -4  -4  -4  -5   2  -2   3  -3   2  -1  -3    3   2   3  36   2   1   1   3   2   1   1   0   0   8   2  25   1   3   2   2  0.73 0.56
  277 P    -1  -1   0   0  -1  -2   1  -3   0  -3  -3  -1  -2  -3   6   1  -2  -5  -1  -3    5   4   4   5   2   2  10   2   3   1   3   3   1   1  38  10   1   0   2   2  0.72 0.49
  278 D    -3  -2   0   6  -2  -1  -1   0   2  -5  -4  -3  -3  -6   1  -1  -2  -1  -5  -3    2   2   3  52   1   2   2   7   4   0   1   1   1   0   7   4   2   1   0   2  1.00 0.62
  279 T    -2  -2   2   1   0  -2  -2   3  -4  -2  -1  -2  -4  -2  -4   2   3  -5  -4  -3    2   2   9   6   2   2   2  24   0   2   6   2   0   2   0  14  22   0   0   1  0.41 0.38
  280 N    -1   2   3   0  -2   1  -1   2   2  -3  -3   1  -2  -4  -2   1  -1  -4  -3  -2    3  11  14   4   1   5   4  18   5   1   1  10   1   0   2  12   4   0   0   3  0.31 0.27
  281 I    -1   0  -1  -2   2   1  -1  -1   2   1   1   0   2   0  -1  -1   0   1   0   0    4   5   3   1   5   6   3   5   6   7  13   6   6   4   3   4   5   3   3   9  0.04 0.07
  282 V    -1   0  -1  -1   1   0  -1  -2   0   1   2  -1   3   0  -1  -1   0  -3  -2   1    4   6   3   3   3   4   3   3   3   6  22   4   9   4   3   4   5   0   0  11  0.09 0.12
  283 Y    -1  -4  -4  -4  -4  -3  -1  -4  -3   2   1  -4   1   2   0  -1   1   3   4   1    6   0   0   0   0   0   4   0   0  15  14   0   4  10   4   4  10   4  14   9  0.37 0.27
  284 L     2  -3  -3  -3   1  -3  -3  -1  -3   1   2  -3   1   0   0   0   0  -3   0   2   19   0   0   0   3   0   0   4   0   5  20   0   3   5   4   8   4   0   4  20  0.20 0.21
  285 C     1  -1  -1  -1   1  -2  -1   0  -1  -1  -2   0  -2   0  -1   3   1   2  -1   0   12   2   1   2   4   0   2   6   1   3   2   5   0   5   2  31   7   4   2   7  0.22 0.25
  286 G     0  -2  -1   1   3   1   1   0  -2   0  -2  -1  -1  -3   2   1   1  -3  -2   0    9   0   0   9   8   9   9   9   0   9   1   0   0   0   9   9   9   0   0   9  0.14 0.11
  287 K     0   0   0   0   2   0   0   0  -1   0  -1   0   1   0   1   0   0  -2   1   0    6   6   5   6   5   5   6   6   0   6   6   6   5   5   6   6   6   0   5   6  0.03 0.06
  288 G    -2   0  -1   1   2  -1  -1   4   1  -2  -2   0   1   0  -2  -1  -1   3   1  -2    3   5   3   6   4   3   4  24   3   3   4   5   4   4   3   4   5   3   4   4  0.25 0.19
  289 D     0   1   1   1  -3   1   1   1   3  -3  -3   0  -2  -2  -2   1   1  -2   2  -2    9   9   9   9   0   9   9   9   9   0   1   0   0   0   0   9   9   0   9   1  0.19 0.12
  290 S    -1   2   2  -1   0   1  -1   2   0  -3  -3   1  -1  -3  -1   1   1  -1  -2  -2    2  13  10   2   2   7   2  16   2   1   2   8   1   1   3  13   9   1   1   2  0.24 0.22
  291 S    -1   0   2  -4  -4   0  -2  -2   0   0  -1   0   0  -2  -4   2   5  -5  -2  -2    4   4  10   0   0   3   2   3   2   5   5   5   2   2   0  12  36   0   2   3  0.50 0.38
  292 I    -2  -5  -3  -6   0  -5  -5  -3  -5   6   1  -5   1  -1  -2  -3   0  -5  -1   4    2   0   2   0   2   0   0   2   0  40  10   0   4   2   3   2   5   0   2  24  0.89 0.47
  293 R    -3   5   0  -3  -1   0  -1  -1   3  -2  -2   1   1   0  -3  -2  -2   3   0  -3    2  35   4   1   1   4   3   4   7   3   4   9   3   4   1   3   3   4   4   1  0.53 0.36
  294 Y     0  -3  -3  -5   2  -4  -4  -3  -1   2   2  -2   1   2  -2  -1  -1   2   4   1    8   1   1   0   4   0   0   2   2  12  16   2   4   9   2   4   3   2  18   8  0.39 0.27
  295 F    -3  -6  -6  -6  -1  -5  -2  -6  -1  -2  -1  -6   1   4  -3  -3  -2   9   6  -2    2   0   0   0   1   0   3   0   2   3   6   0   3  15   2   2   3  25  29   3  1.52 0.71
  296 E    -2  -3   0   4  -6   0   5  -1   0  -3  -6  -1  -5  -2  -1  -2  -2  -6  -3  -5    3   1   4  22   0   3  45   5   2   1   0   2   0   2   3   3   2   0   1   0  0.93 0.56
  297 I     1  -3  -4  -5  -2  -3  -4  -3  -2   3   1  -4   0   1  -1  -2  -1  -1   1   3   14   1   0   0   1   1   0   1   1  19  14   0   2   7   3   2   4   1   6  23  0.40 0.29
  298 T     1   0   1   1   0   1   1  -2   0  -2  -2   0  -1  -3  -1   1   2  -4  -2  -1   10   5   7   7   2   8  10   3   2   2   4   4   1   1   2  13  12   0   1   5  0.15 0.17
  299 S    -1   0   2   2   0  -1   0  -1   0  -3  -2  -1  -1  -2   1   1   3  -1  -2  -3    4   4   9  13   2   3   6   3   2   1   3   4   1   2   7  11  22   1   1   1  0.28 0.27
  300 E    -1   1  -1   3  -5  -1   2   3  -1  -2  -4   0  -3  -5  -2   1  -2  -5  -3  -2    3   7   3  15   0   2  16  26   1   3   1   5   1   0   2   9   2   0   1   3  0.44 0.33
  301 A     1  -1   1   1  -1   2   2  -1   0  -3  -3   1  -1  -3   1   1   0  -2  -2  -2   14   2   6   6   1  11  12   3   2   1   3   9   1   1   6  13   4   1   1   3  0.22 0.22
  302 P    -1  -1  -3   0   3   0  -1  -2  -2  -3   0  -2  -1  -2   6  -1  -1  -5  -4  -3    5   3   1   5   6   5   5   3   1   1   9   3   2   2  39   4   4   0   0   2  0.74 0.43
  303 F    -1  -2  -2  -3   0  -1  -3  -3   2   2   1  -2   0   2  -2  -1  -1   2   4   2    6   2   1   1   2   2   2   2   5  11  11   2   2  10   2   4   4   2  16  13  0.27 0.20
  304 L    -1   0  -2  -2   0   0  -1   0   0   1   2  -1   1   1  -1  -1   0   1  -2   1    4   5   1   2   2   6   3   8   3   9  18   4   3   8   2   4   5   2   1  10  0.08 0.10
  305 H     0   0  -1  -1   0   0   0   0   4  -1  -1  -1  -1   0  -1   1   2  -4   0  -1    6   4   3   4   2   5   5   7  12   4   5   4   1   4   3  10  14   0   3   4  0.15 0.15
  306 Y    -1  -1  -2  -2  -1   0   0  -3  -1  -2   1  -1  -2   2   4  -1  -1   2   3  -2    5   3   2   2   2   4   5   2   2   2  14   3   1   8  22   4   4   3  10   3  0.38 0.30
  307 L    -1  -3  -1  -2   2  -1   0  -4  -2   0   4  -2  -2   0  -3  -2  -1  -5  -2   1    5   1   4   2   4   3   8   1   1   4  44   2   1   3   1   3   3   0   1   8  0.53 0.36
  308 S    -1  -2   2   0  -5   1   0   3  -1  -4  -3  -2  -2  -2   0   2   1  -3  -2  -3    5   2  11   4   0   5   7  20   1   1   3   3   1   2   5  15  10   0   1   1  0.32 0.29
  309 M    -1  -2  -1  -1  -2   0   2   2   5  -2  -1  -2  -2  -4   0   0   1   1  -2  -3    5   2   3   3   1   5  13  16  14   3   6   3   1   1   5   7   8   2   2   2  0.31 0.26
  310 F    -3  -1  -3  -5   1  -2  -3  -3   6  -1  -1  -3   0   5  -6   0   0  -1   5  -3    2   4   1   1   3   2   2   2  18   4   5   1   2  19   0   7   7   1  18   2  0.86 0.50
  311 S    -1   1   1   1  -5   1   0   1   0  -2  -2   1   0  -3   0   2   2  -5  -2  -1    4   9   6   7   0   5   5  10   2   2   3   8   3   1   4  13  13   0   1   4  0.18 0.20
  312 S    -1  -2   0   0   1  -2  -2   1   3  -2  -2  -3   0   0  -1   4   1   1  -2  -2    5   3   4   5   3   2   2  10   6   3   5   1   3   4   3  28   8   2   2   2  0.31 0.29
  313 K     0  -1   0   0   0  -1  -1   1   1  -1  -2   0  -2  -3   2   2   1   3  -2   1    7   3   5   5   2   3   3   9   3   3   3   6   1   1   9  14   8   4   1  11  0.16 0.18
  314 E    -1  -1   0   2  -2  -1   2  -1  -1  -1  -2  -2  -3  -1  -4   1   1   2  -2   2    5   4   5  11   1   3  14   4   2   3   4   3   0   3   1   9   7   3   1  17  0.21 0.21
  315 S    -1  -2  -1  -6  -4   2  -5  -2  -1  -2  -1  -5  -2  -3   5   3   1   3  -1  -3    5   2   4   0   0   7   1   3   1   2   6   1   1   1  29  20   7   4   3   2  0.73 0.53
  316 Q     0  -5  -2  -5  -2   5  -4  -3   4   1  -3  -5  -3   0  -4   2   0  -2  -2   3    6   0   2   1   1  21   1   2   9   8   3   0   1   3   1  15   6   1   1  17  0.65 0.46
  317 R     0   4  -2  -3  -2   2  -3  -3  -1  -1   0   2  -2  -4  -6   0  -1  -1  -4   3    7  20   2   1   1   9   2   2   1   4   8  11   1   1   0   8   4   1   1  18  0.42 0.32
  318 G     4  -6  -4  -4   0  -4  -7   6  -4  -8  -8  -7  -5  -6  -7   0  -3  -2  -5  -4   27   1   1   1   2   1   0  53   1   0   0   0   0   0   0   8   2   1   0   1  1.54 0.83
  319 M     0   0  -2  -3   2   0   0  -1   2   0  -1   0   1   1   0   0   0   3   1   0    6   6   0   0   5   5   6   6   5   6   6   6   5   5   6   6   6   5   5   6  0.08 0.13
  320 G     1   0   0  -1   3   1  -1   1   2  -1  -2  -2   1  -1  -2   1  -1   2   0   0   10   5   4   4   6   5   4  11   4   4   4   3   4   3   3  11   4   3   3   8  0.11 0.11
  321 Y    -2  -1  -1   3   0  -1  -1  -1   0  -1  -1  -2   0   3   2   0  -1   3   0  -2    4   3   2  17   2   2   3   5   2   3   7   3   3  14  10   8   3   4   3   3  0.24 0.24
  322 M    -1  -1   0   2   2   1  -2  -1   2  -1   1  -1   4   0  -2  -1  -1   1  -3  -1    4   3   4  13   4   6   2   5   5   3  12   4  12   5   2   5   3   2   0   5  0.17 0.20
  323 P    -2  -2  -1   0   0  -1  -2   1   0  -2  -3  -2  -1  -2   5   1   2  -5  -1  -2    3   2   3   6   2   3   3  11   3   2   2   2   2   2  26  10  13   0   2   3  0.44 0.38
  324 K    -2   0  -2  -1  -6   0  -2  -3   0   1  -3   6  -1  -6  -1  -1  -1  -6  -5   2    3   5   2   3   0   4   2   2   2   6   2  40   2   0   3   4   4   0   0  14  0.68 0.49
  325 R    -3   6   0  -1  -2   0  -2  -3   2  -1  -3   1  -2  -2  -3  -1   1   1  -1  -3    2  38   5   4   1   4   2   3   4   3   3   8   1   2   2   4   9   2   2   2  0.66 0.47
  326 G     0  -1  -1  -3   0  -2  -2   1  -1   3   1  -2   0  -1  -3   0  -1  -4   0   1    9   3   4   1   2   2   3  12   1  19  16   2   2   2   1   6   3   0   3   9  0.18 0.17
  327 L     0  -3  -3  -6   6  -3  -4  -4  -2  -1   2  -6   0  -5  -4  -3  -2   8  -1   3    7   2   1   0  14   1   1   1   1   4  19   0   2   0   1   2   2  18   2  20  0.99 0.58
  328 E    -3   0   3   6  -1  -3  -1  -2  -2  -6  -4  -3  -2  -4  -1   3  -2  -6  -6  -4    3   4  13  38   1   1   3   3   1   0   2   2   1   1   3  20   3   0   0   2  0.91 0.59
  329 V     0  -3  -5  -5  -2  -3  -3   1  -1   1  -1  -4  -2  -2  -1  -1   1  -1  -3   5    8   1   0   0   1   1   2  13   1   8   5   1   1   1   3   6   8   1   1  38  0.57 0.42
  330 N     2   1   1  -1  -2  -1  -1  -1   0  -2  -4   1   3  -3  -3   4  -2   0  -3  -3   14   8   5   3   1   3   5   5   2   3   2   8   6   1   2  25   3   2   1   2  0.39 0.32
  331 K     0   0   0   2  -1   0   1  -2   0  -2  -4   2  -2  -3  -3   2   3   0  -1  -3    7   5   4  10   1   3   8   4   3   2   2  10   1   2   2  16  15   1   2   2  0.28 0.25
  332 C    -1  -3   1   4   6  -2  -3   3   1  -3  -4  -4  -7  -3  -7  -2  -2  -8  -2   0    6   2   6  21  14   2   2  22   3   2   2   2   0   1   0   3   3   0   2   7  0.78 0.46
  333 E    -2  -1   0  -3   0   1   6  -3   0  -8  -5   0  -1  -3  -1   1  -1  -1  -3  -4    4   4   4   2   2   7  41   3   2   0   2   7   1   1   3   9   4   1   1   2  0.83 0.57
  334 I    -2  -4  -3  -3   3  -3  -2  -5   0   4   0  -4  -1   1  -3  -2   4   1  -2   3    3   1   2   2   6   1   3   1   2  17  10   1   2   5   2   4  19   2   1  16  0.55 0.34
  335 A     2  -2  -2   1  -1  -1  -3   0  -2   3   1  -2   2   1  -2  -1  -2   0  -3   1   15   3   2   8   1   2   1   6   1  15  11   2   5   6   2   4   2   1   1  10  0.22 0.16
  336 R    -3   7  -4  -3  -1   1  -2  -4  -1  -5  -6   2  -2  -4  -5  -4  -4  -9  -3  -5    3  57   1   2   1   7   3   2   2   1   1  11   1   1   1   2   2   0   1   1  1.61 0.88
  337 F     1  -3  -3  -7   2  -4  -4  -3  -2   3   0  -2   0   4   0  -2   3  -7  -3   1   10   1   1   0   4   1   1   2   1  12  10   3   2  14   5   3  18   0   1   9  0.49 0.32
  338 Y    -5  -4  -7  -8  -3  -4  -4  -4  -2   0   4  -7   0   2  -5  -4  -7   8   5  -1    1   1   0   0   1   1   1   2   1   5  33   0   2   7   1   2   0  18  18   5  1.30 0.71
  339 K    -3   3  -1   2  -1   2   1  -3  -2  -2  -3   4  -2  -4  -3  -1  -2  -6  -3  -2    2  17   3  12   1   8   8   2   1   2   2  25   1   1   1   5   3   0   1   3  0.56 0.40
  340 L     0  -5  -3  -4   0  -3  -4   4  -5  -1   4  -4  -1  -2  -3  -3  -2   0  -5   1    7   0   1   1   2   2   1  27   0   4  32   1   1   1   1   1   3   1   0  11  0.63 0.42
  341 H    -3  -3   1  -1  -1  -1   0  -1   8  -1  -4  -4  -3  -3  -6   0   3   3  -1  -3    3   1   7   3   1   2   7   4  33   3   2   1   1   1   0   6  17   4   2   2  1.02 0.63
  342 E     1  -1   1   2  -3   1   0  -1  -2  -3  -4   0  -3  -4  -1   2   3  -6  -4  -3    9   3   7  11   1   5   5   6   1   1   1   7   1   1   3  16  21   0   1   1  0.38 0.36
  343 R    -2   1   3   1  -3  -1  -1   2  -1  -5  -4   1  -2  -4  -1   2   1  -3  -2  -3    3   6  15   9   1   2   3  17   2   1   2   9   1   1   3  14   7   1   2   2  0.35 0.31
  344 R     0   1   0  -2   0   0  -1   0  -2  -3  -2   1  -1  -3  -2   3   2   3  -1  -1    9   7   5   2   2   3   4   7   1   1   4   9   2   1   2  19  12   5   2   4  0.22 0.24
  345 C    -3  -4  -3  -4   4  -4  -4  -3  -4   4   0  -4  -2  -5  -5  -2  -1  -2  -5   5    3   1   2   1   8   1   1   2   1  23   9   1   1   0   0   4   4   1   0  35  0.92 0.50
  346 E    -3   1   0  -1  -3   2   5  -2   1   0  -2  -1  -3  -2  -4  -1  -2   3   0  -1    2   7   4   4   1   8  31   4   3   5   4   4   1   2   1   4   2   4   4   5  0.45 0.36
  347 P     0  -2  -1  -5  -4  -1  -3  -3  -3  -4  -4  -2  -1  -5   6   4  -1  -3  -3  -2    8   2   3   1   0   3   2   2   1   1   2   2   2   1  36  24   4   0   1   4  0.96 0.66
  348 I    -4  -5  -5  -4  -2  -4  -5  -3  -4   5   2  -7  -1  -3  -7  -4  -2  -3  -3   5    1   1   1   1   1   1   1   2   1  28  15   0   2   1   0   1   2   0   1  39  1.23 0.65
  349 A     3  -2  -1  -4  -3   0  -3   1   0  -1  -3  -4  -2  -4   0   4   0  -7  -4  -2   19   2   2   1   1   4   2  10   2   3   2   1   1   1   5  33   6   0   0   3  0.56 0.46
  350 M    -2  -2   0  -2   1   0  -2  -2   1  -1  -1  -2   3   5  -1  -2   0   4   2  -1    3   3   4   3   3   4   4   3   3   4   6   3   6  24   3   4   6   5   6   5  0.46 0.29
  351 T    -2  -1  -1  -1   1   1  -1  -2   1   1  -2  -1   0  -1   4   0   2  -7   0  -1    4   4   3   4   3   5   5   3   3   8   5   4   3   3  18   7  11   0   4   4  0.26 0.23
  352 V    -1  -2  -2  -2   1  -2  -2  -2  -1   1   2  -4   1   0   1  -1  -2   1  -1   3    4   2   2   2   3   2   3   3   2   6  20   0   3   4   8   5   2   2   2  25  0.29 0.27
  353 P    -3   1  -1   2  -6   0   1  -3   3  -2  -3   0  -1  -6   6  -2  -1  -7  -6  -3    2   7   3  12   0   4  10   2   7   2   3   5   2   0  33   3   3   0   0   2  0.75 0.53
  354 R    -2   5  -1  -2  -6  -1  -2   4   0  -6  -2   0  -1  -6  -6  -2  -2  -6  -2  -2    2  30   3   2   0   3   3  33   2   0   4   5   1   0   0   3   3   0   2   3  0.83 0.53
  355 K     0   0   0   0  -3   1   0   0   2   0  -1   0   1  -2   0   0   0   3   1   0    6   6   5   6   0   5   6   6   5   6   6   6   5   0   6   6   6   5   5   6  0.07 0.10
  356 S     0   1   0   0   1   0   0  -1   1  -1  -1   1   1  -1   0   2   1  -3   0  -1    8   7   3   5   3   4   5   3   4   3   5   8   4   3   4  16   8   0   3   4  0.07 0.12
  357 D     0  -1   0   2   0   0   2   0   1  -1  -1   0  -1  -1  -1   0  -1   1   1  -1    7   3   3  13   2   4  15   6   3   3   5   6   2   2   3   8   3   2   5   6  0.11 0.13
  358 L     1  -2  -1   0   0  -1   0   0  -1  -1   0  -1   0   2  -2   0   0   5   1   0   10   2   3   6   2   2   6   8   2   4   9   4   2   8   3   7   5   6   5   6  0.11 0.10
  359 F    -3  -3  -3  -6   1  -6  -6  -3   0   0  -3  -3  -5   7  -3  -1  -2  -5   2   3    3   2   2   0   3   0   0   3   2   4   3   2   0  40   2   6   3   0   7  19  1.08 0.59
  360 Q    -2  -2   1  -4   0   6  -3  -1   6  -3  -2  -3   0  -3  -4   0  -1   1  -1  -1    4   3   5   1   2  32   2   5  14   2   4   2   2   1   1   7   4   2   3   4  0.86 0.53
  361 E    -1  -2  -1   4  -2  -3   1  -3  -1  -6  -4  -1  -6  -3   1   5  -1  -7  -3  -3    6   2   3  19   1   1   9   2   1   0   2   4   0   1   7  34   4   0   1   2  0.69 0.50
  362 D    -3  -6  -2   7  -7  -5   1  -4   0  -3  -5  -2  -1  -7  -6  -2  -4   0  -7   3    2   0   2  48   0   0   8   2   2   1   2   2   1   0   0   4   1   1   0  22  1.31 0.71
  363 L     2  -4  -5  -3   1  -3  -2  -3  -5   3   3  -2   0  -2  -3  -2  -1  -5  -2   1   20   0   0   1   3   1   3   2   0  19  29   2   2   1   1   2   3   0   1   8  0.48 0.34
  364 Y    -3  -6  -2  -6  -6  -6  -3  -4  -4  -2  -3  -6  -1   7  -3  -3  -2  -4   7  -4    2   0   2   0   0   0   3   2   0   2   3   0   2  42   2   2   3   0  33   1  1.76 0.81
  365 P    -3  -3  -5  -1  -3  -2  -3  -1  -1  -3  -5  -2  -6  -6   6   4  -2  -6  -3  -3    2   1   0   4   1   2   2   5   2   1   1   3   0   0  41  30   2   0   1   2  1.17 0.70
  366 P    -3  -2  -1   4  -1  -2  -1  -3   1  -1  -4   0  -1  -3   6  -1  -2  -6  -5  -2    2   2   2  22   1   2   4   2   3   3   2   5   2   2  37   4   2   0   0   3  0.90 0.55
  367 T     1  -2  -1   1   2  -1  -2  -2  -4  -1  -1  -3  -3  -2  -3  -1   5  -5   1   1   10   2   2  10   4   2   2   3   0   3   6   1   0   1   1   3  36   0   4  10  0.45 0.38
  368 A     1   2  -2  -2  -1  -1  -2   0  -2   0  -1  -1  -1   1   2   0   1   0   0   1   12  13   1   1   1   3   2   8   1   5   5   3   1   7   9   5   8   1   2  12  0.11 0.14
  369 G     1   0  -1   1  -1  -1  -3   2  -3  -2  -4   0  -2  -3  -3   3   1   2  -4  -3   13   5   2   8   1   2   1  18   1   2   1   5   1   1   1  27   7   3   0   2  0.40 0.35
  370 P     0   0   0   0   0   0  -3   1   0  -2  -1  -2  -1  -1   2   0   1   5   0  -1    6   5   4   7   2   4   1  13   2   3   6   1   2   2  12   8   9   8   3   4  0.20 0.20
  371 D    -1  -1   0   1  -3   1   3  -2   0   1  -2   1  -2  -2  -2   0   1   3  -3   1    4   3   4   6   0   5  18   3   2   9   3   9   1   2   1   6   9   4   1  11  0.19 0.21
  372 P     2  -1  -4   0  -3  -1  -4  -4  -3  -2  -3  -2  -2  -1   6   0  -1  -1  -4  -3   16   3   1   6   1   2   1   2   1   2   3   2   1   3  43   6   4   1   1   1  0.96 0.59
  373 A     4  -1  -2   0   0  -2  -2   0  -5  -3  -2  -4  -2  -5   0   3   1  -3  -5  -2   33   3   2   5   2   1   2   7   0   2   3   1   1   0   5  21   8   0   0   3  0.53 0.42
  374 L    -1  -3  -3  -4   1   1  -3   0  -2   1   3  -1   4  -2  -3  -1  -1  -1  -1   0    4   1   1   1   3   7   1   7   1   9  29   4  10   1   2   5   4   1   2   7  0.33 0.26
  375 T    -1  -2  -2   0  -5  -3   0  -2  -5  -1  -3  -4  -2  -3  -2   4   5  -7  -4  -3    4   2   2   5   0   1   6   4   0   3   3   1   1   1   2  30  33   0   1   2  0.78 0.56
  376 A     5  -5  -2  -1  -1  -2  -2   1  -5   0  -3  -4  -2  -2   0   2  -2  -6  -4   0   41   0   2   3   1   2   3  10   0   5   3   1   1   2   4  12   2   0   1   7  0.56 0.42
  377 E     0   0   0   4  -5   1   3  -2   0  -2  -4   0  -3  -6  -4   1  -1  -6  -4  -3    7   6   4  26   0   7  15   3   3   2   1   5   0   0   0  13   4   0   1   2  0.51 0.38
  378 E     0  -2  -2   2  -6   3   5   0  -2  -6  -2  -2  -5  -6  -2  -1  -1  -6  -3  -3    7   2   1  12   0  13  39   6   1   0   5   2   0   0   2   4   3   0   1   2  0.74 0.51
  379 W    -5  -5  -8  -8  -7  -7  -5  -7  -7  -3  -5  -4  -6   1  -4  -2  -5  12   1  -4    1   1   0   0   0   0   1   0   0   2   1   1   0   5   1   4   1  74   4   2  3.63 1.43
  380 L    -2  -1  -4  -4  -3  -1  -3  -4  -2   3   3  -3   3   5  -3  -4  -3   2  -2  -1    3   3   1   1   0   3   2   1   1  13  32   2   6  21   1   1   2   2   0   3  0.63 0.39
  381 G     2   0   1   2  -1   2   1  -1  -3  -3  -2   0  -2  -5  -3   2  -2  -5  -3  -3   17   6   7  12   2   9  10   5   0   1   3   6   1   0   1  17   2   0   0   1  0.31 0.29
  382 G    -2  -5  -3  -2  -1  -2  -4   7  -3  -5  -6  -2  -6  -4  -1  -2  -3  -6  -3  -6    3   1   1   3   1   2   1  72   1   1   1   2   0   1   4   3   2   0   1   0  1.64 0.80
  383 R     0   0   0  -1  -2   1   0  -1   2   0  -2   3  -1  -4   1   0   1  -4  -3  -1    7   4   4   2   1   6   7   5   6   6   3  21   1   0   6   6   8   0   0   5  0.19 0.20
  384 D    -3  -2   5   4  -4   0   0  -2  -4  -3  -4  -3  -2  -6  -2   1   1  -6  -2  -3    1   2  31  21   0   5   5   3   0   1   2   1   1   0   2  11   9   0   2   2  0.76 0.50
  385 A     2   1  -1  -1  -1   1  -1   2  -1  -2  -2   2  -2  -4   0   1  -1  -4  -4  -1   20   9   2   3   1   6   3  14   1   2   3  11   1   1   4  11   3   0   0   6  0.22 0.22
  386 G     0   0  -1   1  -3   2   2   0   0  -3  -2   1  -2  -2   2   0  -1  -2  -3  -2    9   5   3   7   0  10  16   7   2   1   4   8   1   1  11   6   3   1   0   3  0.22 0.21
  387 P    -2  -2  -4  -3  -4  -2  -3  -4  -1  -1   0  -5  -2  -1   7  -4  -4  -6  -1   2    3   3   1   1   0   2   1   1   2   3   9   0   1   3  52   1   1   0   2  13  1.27 0.69
  388 L    -1   1   1  -2  -3  -1  -1  -2  -1   1   1   1   0  -1   1  -1  -1  -1  -2   1    5   8   7   2   0   3   4   2   2  11  17   9   1   2   9   4   2   1   1  13  0.12 0.14
  389 L    -1   2  -2  -3  -4  -2  -2  -3  -4  -1   3   1   2   1  -4  -1   1  -2   0  -1    4  13   2   1   0   1   3   1   0   2  31   9   5   6   0   6   9   0   3   3  0.33 0.30
  390 I    -2  -3  -4  -3  -3  -1  -2  -4  -3   4   0  -2   3   0  -5  -3  -1  -5  -2   4    3   1   1   1   0   2   3   1   1  25   9   3   8   4   0   1   4   0   1  31  0.66 0.40
  391 S    -1   1   1   2  -3  -3  -1  -4  -3  -5  -4  -2  -5  -5   0   6  -2  -2  -5  -3    5   6   5  12   1   1   4   1   1   0   1   2   0   0   6  51   2   1   0   2  0.91 0.61
  392 L    -4  -3  -5  -3  -1  -3  -3  -6  -2   0   5  -5   5   2  -3  -5  -3  -1  -2  -2    1   2   0   1   1   1   2   1   1   5  55   0  13   8   2   1   1   1   1   2  1.03 0.56
  393 K    -1   3   1   1   1   2   1  -3   0  -4  -3   3  -3  -3  -2   0  -2   1  -4  -3    4  17   7   9   3  10   7   1   2   0   3  21   1   1   1   8   2   2   0   1  0.42 0.32
  394 D    -2  -3  -2   3  -3  -4  -1  -3   0  -3  -5  -2  -5  -6   7   1  -1  -6  -5  -4    4   2   2  15   1   1   4   2   2   2   1   3   0   0  46   9   4   0   0   1  1.13 0.63
  395 G     1  -2   0   1  -3  -1   1   2  -1  -1  -1   0  -1  -2   1   0   0  -4  -2   0   11   1   4   9   0   2  11  18   1   3   6   5   2   1   6   8   4   0   1   7  0.13 0.14
  396 Y    -1  -2   0   1  -1   0   0   2   0  -2  -2   0  -1   1  -3  -1   0   3   3  -1    4   1   5   9   1   4   4  17   2   2   4   6   1   6   1   4   8   4  13   4  0.18 0.18
  397 V     0   1  -1   0  -2   1  -1  -2  -2   1   0   0   5  -3  -2  -1   0  -2  -2   1    6   7   3   6   1   6   3   3   1   8   9   4  19   0   1   4   4   1   1  12  0.23 0.24
  398 P    -1   0   0   0  -5   0   0   1  -2  -2  -3   0  -3  -5   5   1   1  -5  -5  -2    4   6   4   5   0   4   5  11   1   3   2   6   1   0  29   9   9   0   0   2  0.51 0.37
  399 P     0  -1  -1  -1  -1   0   0  -1   0  -2  -2   1  -4  -4   5   0   1  -3  -3  -2    7   3   3   3   1   5   5   4   3   2   4   9   0   1  28   8  10   0   1   3  0.43 0.32
  400 K     1   0  -1  -1  -1   0   0   0  -1  -1   1   1  -1  -1   1   0   0  -2  -2  -1   14   4   3   3   1   3   5   6   2   2  16  12   1   2   7   7   6   1   1   5  0.08 0.12
  401 S    -1  -1   0   0  -2  -1  -1  -2   0  -2  -2   1  -3  -1   2   4   1  -5   0  -1    4   2   5   4   1   2   4   3   2   2   5   9   0   2   9  29   8   0   4   4  0.27 0.29
  402 R    -1   3  -1  -1  -4   2   2  -1   0  -3  -2   2  -1  -1   0   1   0  -4  -3  -2    6  15   2   3   0   8  14   4   2   1   5  14   2   3   5  10   5   0   1   2  0.24 0.23
  403 E     2  -1  -1   0  -4   1   3  -1   1  -3  -2  -1  -2  -3   2   1   0  -4  -3  -1   19   3   3   5   0   5  18   4   3   1   3   3   1   1  10   9   5   0   1   4  0.26 0.25
  404 L     0  -1  -1  -2  -1   0  -1  -1   0   0   1   0   0   0   3   1   0  -2  -2   0    8   2   2   1   1   5   3   3   2   5  16   7   2   5  13  10   5   0   0   8  0.12 0.14
  405 R     0   1  -2  -2   0  -1   0  -1   1  -1  -1   3  -1  -1   3   0   0  -2  -2  -1    7   8   1   2   2   2   6   4   4   4   5  19   2   2  13   8   6   1   1   5  0.19 0.18
  406 V     0  -1  -1  -1  -2  -1   0  -2  -2   1   0  -1  -1  -1   2   0   0  -4  -2   3    9   3   2   3   1   2   6   2   1   6   9   4   1   2  10   8   6   0   1  21  0.14 0.16
  407 N     1   0   2   0  -1   0   0  -1   0  -1  -1   0   0  -2  -1   1   1  -3  -1   1   11   4  11   4   1   3   7   4   3   3   5   4   3   1   3  11   8   0   1  13  0.08 0.12
  408 R     0   2   0  -2  -4   2   0  -1   0  -2  -3   3  -2  -2   2   0   1  -4  -2  -1    7  11   4   2   0   9   6   4   2   3   2  17   1   1   8   8   8   0   2   5  0.22 0.21
  409 G     0   0   0  -2  -3   0  -1   2   1  -2  -3   2  -2  -2   2   1   1   1  -3  -2    8   4   3   1   0   4   3  13   4   2   2  16   1   2  11  11   8   2   1   3  0.23 0.21
  410 L     0   0   0  -1   0   0   0  -1  -1   0   0   0   0  -1   1   1   0  -1  -1   1    8   4   5   3   2   4   4   3   1   5  12   7   2   2   8  10   6   1   1  12  0.05 0.06
  411 D     0  -1   1   2   0   0   1   0  -2  -1  -1   0  -1  -2   2   1   1  -4  -3  -1    7   3   7  10   2   4   9   6   0   4   5   5   2   1  11  11   7   0   0   6  0.14 0.13
  412 T     0  -1   0  -1  -1   0   0  -1  -1   0   1  -1  -1  -1  -1   2   2  -4  -2   0    8   3   4   2   1   4   6   4   2   5  14   4   1   3   2  17  13   0   1   7  0.10 0.14
  413 G     1   0   0   0  -1   0   0   1   0  -1  -1   1  -1  -2   2   1   0  -3  -1   0   11   4   5   5   1   4   7   9   3   3   7   9   1   1   9   9   6   0   2   6  0.07 0.08
  414 R     0   1   1  -2  -2   1  -1  -2   1  -1  -2   2  -2  -3   3   0   1  -2  -3  -1    7   7   7   2   1   7   4   3   3   3   5  14   1   1  15   8   7   0   0   5  0.21 0.20
  415 R     0   1   0  -1  -2   0   0  -2   1  -1  -2   2  -2  -2   2   1   1  -2  -2  -1    8   7   4   3   1   4   7   3   3   3   3  13   0   2  12  11   8   1   1   5  0.17 0.17
  416 R    -1   2   1   0  -4   2   1  -2   1  -2  -2   2  -1  -1   1   1   0  -4  -3  -1    5  10   6   4   0   8   8   2   4   3   3  15   2   3   8   9   6   0   0   5  0.19 0.19
  417 A     2  -1  -1  -1   0   0   1  -1  -3  -1  -1   0   0   0   1   2   0  -4  -1   0   16   2   3   3   2   5   9   4   0   3   4   6   2   5   7  14   7   0   2   7  0.11 0.15
  418 A     2  -2   0  -2  -4   1   0   0  -1  -1  -2   0  -2  -1   3   0   1  -4  -3   0   20   1   4   2   0   6   5   6   1   3   4   6   1   2  13   8   8   0   1   8  0.20 0.21
  419 P     0  -3  -2  -3  -5   0  -1  -3  -3  -3  -1   1  -1  -2   6   1  -1  -6  -4  -3    8   1   2   1   0   4   4   2   0   1   6   8   1   2  41  10   4   0   1   2  0.82 0.53
  420 E     1   0   0   0  -3   0   2  -1  -1  -1  -2   1  -1  -3   1   1   0  -4  -2   0   12   5   3   5   0   4  14   4   1   4   4   8   1   1   8  13   6   0   2   5  0.14 0.16
  421 A     1   1  -1   0  -2   1   0   0  -2  -2  -2   1  -1  -3   0   2   0  -4  -2  -1   15   9   2   4   1   7   5   6   1   2   4   9   1   1   5  16   5   0   1   5  0.15 0.18
  422 S     1  -2   0  -1  -4  -1   1   0  -1  -1  -3   2   0  -3  -1   2   2  -3  -3   0   13   1   5   3   0   3   8   7   1   4   2  11   2   1   2  16  13   0   1   6  0.19 0.22
  423 G     0  -2   1   0  -4   1   1   0  -3  -1  -2   1  -2  -2   2   2   2  -2   0  -2    7   1   6   4   0   5  10   8   0   3   3   8   1   2   8  14  13   0   3   3  0.18 0.20
  424 T     1  -1   0  -1  -2  -1   1  -1  -1  -1  -1   1  -1  -2   0   2   2  -2  -1   0   10   3   4   3   1   2   8   4   1   4   5   8   1   2   5  16  12   0   2   9  0.10 0.14
  425 P     0  -1  -1  -1  -2   0   1  -2  -1  -1  -1  -1  -1  -3   5   1  -1  -5  -4  -1    8   4   3   4   1   5   8   3   1   3   8   4   2   1  25  12   4   0   0   5  0.36 0.29
  426 S     0   0   0   1  -3   1   1  -1  -2  -2  -1   0  -2  -3   1   3   1  -3  -3  -1    8   4   4   9   0   5   9   3   1   3   6   7   0   1   6  22   7   0   1   4  0.18 0.21
  427 S     0   0   1   0  -4   2   1  -1  -2  -1  -2   1  -3  -2   0   2   1  -4   0  -2    6   4   7   5   0   9  10   3   1   3   4   7   0   2   5  18   7   0   4   2  0.17 0.22
  428 D     0   1   0   2  -5   1   2  -2  -1  -1  -4   2  -1  -3   1   0  -1  -2  -3  -1    9   8   4  12   0   6  14   3   1   3   0  14   1   1   7   5   4   1   1   6  0.25 0.24
  429 A     1  -1   0   0  -3   0   1  -1  -2  -1  -1   1  -1  -1   2   1   1  -4   0  -1   13   3   3   6   0   3  11   3   0   3   6   7   1   3   9  12  10   0   3   3  0.14 0.17
  430 V    -1   0  -3  -1  -3   0   0  -3  -3   2   2   0  -1   0  -1  -2  -1  -2   0   3    4   4   1   4   0   4   6   1   0  11  18   5   1   4   4   3   4   0   3  21  0.17 0.18
  431 S     1   1   1   0  -4   3   2  -2  -2  -4  -2   1  -4  -3  -1   2   0  -3  -1  -3   11   6   6   5   0  14  12   2   1   1   4   9   0   1   3  16   6   0   2   2  0.29 0.29
  432 R    -2   2  -1   0  -6   2   4  -4  -1  -3  -3   3  -3  -4  -2   1  -1  -3  -2  -1    3  12   2   5   0  10  24   1   1   1   3  16   1   1   2   9   4   0   2   4  0.45 0.37
  433 L    -1  -1  -3  -4  -4   0  -2  -5   0   1   4   2   2   0  -1  -1  -2  -3  -4   1    5   4   1   0   0   4   2   0   2   6  38  12   4   4   4   4   2   0   0   8  0.37 0.31
  434 E    -1   0  -2   0  -1   3   2  -3   0  -2   0   3   0  -3   0   0   0  -3  -1  -1    4   5   1   5   1  12  17   1   2   2  10  17   2   1   4   6   6   0   2   3  0.24 0.26
  435 E    -1   0  -2   4  -6   2   4  -2  -3  -5  -5   2  -5  -5  -1   0  -3   0  -4  -5    6   6   1  21   0   8  30   4   0   0   1  12   0   0   3   5   1   1   1   0  0.72 0.51
  436 E    -3  -2  -1   1  -7   1   6  -3  -3  -3  -3  -1   1  -7  -3  -2  -2  -7  -4  -5    2   2   2   7   0   6  58   2   0   2   3   4   4   0   2   2   3   0   0   1  1.19 0.73
  437 M    -3  -4   0  -3  -3   0  -1  -5  -4   4   2  -3   4   1  -1  -2  -2  -5  -3   2    2   0   6   1   0   5   5   0   0  22  19   1  12   6   3   3   2   0   0  12  0.46 0.35
  438 R    -1   4   0   0  -5   1   1  -3  -2  -2  -2   3  -1  -5   0   0   0  -5  -3  -1    6  20   4   5   0   6   7   2   1   2   3  21   2   0   5   6   5   0   1   4  0.36 0.30
  439 K     1   2   1   0  -5   0   1  -2  -1  -3  -3   4  -1  -4  -2   2  -2  -5  -2  -4    9  10   5   6   0   4   7   2   1   1   2  29   1   1   2  16   1   0   1   0  0.47 0.37
  440 L     0  -4  -5  -5  -5   0  -1  -5  -5   0   5   0   4  -3  -4  -1  -3  -5  -2   1    7   1   0   0   0   5   3   0   0   5  48   7   8   1   1   4   1   0   1   7  0.69 0.47
  441 Q    -1   2   1   0  -4   3   1  -4  -1  -4  -5   5  -3  -1  -2   0  -3  -6  -3  -4    4  11   6   5   0  11   9   1   1   1   1  35   1   3   1   7   1   0   1   1  0.65 0.47
  442 A     4  -1  -1   2  -5  -1   2  -3  -1  -2  -2   0  -4  -4  -2   2   0  -6  -4  -2   34   3   2   9   0   2  14   1   1   2   4   6   0   1   1  13   5   0   0   2  0.46 0.40
  443 T    -1   2  -3  -2  -4   1   1  -5  -2   1   0   1   3  -3  -2  -1   3  -5  -3  -1    4  12   1   2   0   7   9   0   1   7   8  10   8   1   2   4  20   0   0   3  0.32 0.31
  444 V     0  -2  -3  -2  -4   0  -2  -4  -3   4   1  -2   1  -1  -2  -2  -1  -5  -2   4    6   3   1   2   0   4   3   1   0  27   9   2   3   2   2   3   2   0   1  27  0.47 0.34
  445 Q     2   1   0  -2  -1   2   2  -2  -2  -2  -1   3  -3  -5  -3   1  -1  -5  -4  -1   19   8   4   1   1  10  12   2   1   2   6  18   0   0   1  10   4   0   0   4  0.32 0.31
  446 E    -1  -1   0   1  -5   3   4  -1  -2  -5  -3   3  -4  -3  -2   1  -1  -6  -3  -3    5   2   4   6   0  13  26   4   0   0   2  17   0   1   2  12   3   0   1   1  0.51 0.41
  447 L    -2  -1  -4  -3  -4   5  -3  -6   3   0   3   0   1  -1  -5  -3  -3  -5  -3   0    4   2   0   1   0  27   1   0   7   4  33   6   4   2   0   1   1   0   0   5  0.69 0.50
  448 Q    -3   0  -1   3  -4   3   4   1  -1  -4  -3   1  -4  -4  -3   0  -1  -6  -5  -4    1   4   3  13   0  12  31  10   1   1   2   9   0   1   1   6   4   0   0   1  0.59 0.43
  449 K     1   1   2   1  -3   1   2  -3  -1  -1  -2   3  -2  -4  -2  -1  -1  -5  -4  -2   12   7  12   7   0   5  14   1   1   3   4  19   1   0   2   3   3   0   0   3  0.29 0.27
  450 R    -4   6  -1  -2  -6   2   2  -4  -2  -4  -4   3  -2  -6  -3   0  -2  -6  -5  -4    0  42   2   2   0  10  13   1   1   1   2  14   1   0   1   7   3   0   0   1  0.97 0.59
  451 L    -3  -4  -2  -1  -2  -1  -1  -4  -3   6   2  -3   2  -1  -5  -2  -4  -5  -2   1    1   0   2   4   1   3   4   1   1  45  15   2   6   3   0   3   0   0   1   9  0.74 0.46
  452 D     1   2   0   3  -2   1   2  -3   1  -3  -4   2  -4  -5  -4   1   0  -6  -4  -4   13  12   3  17   1   5  11   1   3   1   1  15   0   0   0  12   5   0   0   0  0.45 0.36
  453 R     1   1   0   1  -1   2   2  -4   1  -5  -4   3  -4  -4   2   0  -2  -6  -4  -3   11   6   4   8   1  10  11   0   4   0   1  23   0   1  10   7   2   0   0   1  0.46 0.36
  454 L    -4  -5  -2  -3  -5  -1  -1  -4  -2  -1   6  -4   2  -4  -6  -4  -5  -5  -3  -1    1   0   2   1   0   2   6   1   1   1  74   1   5   0   0   1   0   0   1   3  1.26 0.68
  455 E    -3   0  -3  -2  -7   1   6  -6  -4  -6  -3   1  -5  -7   3  -2  -1  -7  -6  -6    2   4   1   1   0   4  56   0   0   0   3   8   0   0  15   3   4   0   0   0  1.23 0.68
  456 E     0   1   1   1  -6   5   4  -4  -3  -5  -1   0  -2  -6  -4   0  -3  -6  -5  -4    8   6   6   6   0  29  27   0   0   0   6   4   1   0   0   5   1   0   0   1  0.75 0.49
  457 T    -3   1  -2   1  -2   5   3  -4  -3  -1  -1   2   0  -3  -2  -1   1  -5  -4  -2    0   6   1   8   1  25  17   0   0   4   6  14   2   1   1   4   9   0   0   2  0.48 0.36
  458 V     0  -4  -5  -5  -3  -4  -5  -5  -5   2   3  -2   3  -1  -1  -2  -1  -4  -3   4    6   0   0   0   0   0   0   0   0  12  34   2   8   2   3   2   3   0   0  28  0.63 0.36
  459 Q     1   3  -2  -3  -5   3   2  -4  -3  -5  -5   4  -4  -5  -4   1   0  -5  -4  -4   14  13   1   0   0  14  15   0   0   0   0  29   0   0   0  10   4   0   0   0  0.67 0.41
  460 A     2  -1  -2  -1  -3   0   4   1  -2  -2  -2   0  -3  -4  -3   2   0  -4  -3  -2   25   3   0   0   0   2  33   9   0   2   2   4   0   0   0  14   4   0   0   2  0.42 0.27
  461 K    -2   4  -1  -2  -5   3   1  -3  -2  -4  -4   5  -3  -5  -3  -2  -2  -4  -3  -4    0  19   0   0   0  18   8   0   0   0   0  54   0   0   0   0   0   0   0   0  0.89 0.27

                      K         Lambda
Standard Ungapped    0.1355     0.3186
Standard Gapped      0.0368     0.2670
PSI Ungapped         0.1203     0.3179
PSI Gapped           0.0368     0.2670
