
Last position-specific scoring matrix computed, weighted observed percentages rounded down, information per position, and relative weight of gapless real matches to pseudocounts
            A   R   N   D   C   Q   E   G   H   I   L   K   M   F   P   S   T   W   Y   V   A   R   N   D   C   Q   E   G   H   I   L   K   M   F   P   S   T   W   Y   V
    1 M    -2  -2  -3  -4  -2  -1  -3  -3  -2   1   3  -2   5   3  -3  -2  -1  -1   0   0    0   0   0   0   0   0   0   0   0   0  23   0  55  21   0   0   0   0   0   0  0.37 0.03
    2 G     2  -3  -1  -2  -3  -2  -2   6  -3  -4  -4  -2  -3  -4  -2   0  -2  -3  -3  -3   21   0   0   0   0   0   0  79   0   0   0   0   0   0   0   0   0   0   0   0  1.00 0.11
    3 A     3  -1  -1   1  -2   1   1  -1  -2  -3  -3   1  -2  -3  -1   2   0  -3  -2  -2   46   0   0   8   0   7   9   0   0   0   0   7   0   0   0  22   0   0   0   0  0.35 0.10
    4 G     1   0  -1  -2  -3   0  -2   5  -2  -4  -4  -2  -3  -4  -3  -1   0  -3  -3  -3   15   6   0   0   0   7   0  67   0   0   0   0   0   0   0   0   6   0   0   0  0.82 0.16
    5 A     2  -2   0  -2  -2  -1  -2   4  -2  -2  -1  -1  -1   0  -2   1   0  -2  -2  -1   20   0   6   0   0   0   1  35   0   0   7   0   0   6   0  12   7   0   0   3  0.28 0.07
    6 L    -2  -3  -4  -4  -2  -3  -4   0  -3   2   3  -3   1   1  -4  -2  -2   7  -1   0    0   0   0   0   0   0   0  10   0  14  40   0   4   4   0   4   0  19   0   5  0.55 0.16
    7 A     1  -2  -2  -2  -2  -1   0   1   1  -2  -1   0  -2   0  -3   2  -1   5   3   0   12   0   0   0   0   0   6  11   3   0   4   6   0   3   0  20   0  11  12   9  0.24 0.12
    8 L    -1   1  -1  -3  -2  -2  -3  -4  -3   1   3  -2   2   2  -3  -1   0  -3  -1   0    3  10   4   0   0   0   0   0   0   6  45   0   4  11   0   6   6   0   0   5  0.29 0.15
    9 G     2  -3   0   1  -3   0  -2   5  -3  -4  -4  -2  -3  -1  -3  -1  -1   3  -3  -3   17   0   3   7   0   6   0  53   0   0   0   0   0   3   0   3   3   5   0   0  0.73 0.23
   10 A     1   0  -1   0  -2  -1   1  -2   0   0   0  -1  -1  -3   1   2   1  -4  -2   1   13   4   0   4   0   0  11   0   3   5   9   3   0   0   6  25   7   0   0  11  0.15 0.12
   11 S     1  -3   1  -2  -3  -2   0   3  -2  -1  -3  -2  -1  -2  -3   3   2  -4  -3  -2   10   0   8   0   0   0   5  21   0   3   2   0   2   2   0  34  13   0   0   0  0.41 0.22
   12 E     1  -2  -1   0  -3  -1   1   0   0  -2  -2  -1   1  -2  -2   3   0  -3   2  -1   11   0   2   4   0   1  13   5   2   2   2   3   5   0   0  33   5   0   8   4  0.24 0.17
   13 P    -1  -2   0  -1  -3  -2  -1   1  -3  -2   1  -1  -2  -3   4   1   2  -4  -1  -1    2   0   5   1   0   0   4  11   0   0  17   3   0   0  23  11  16   0   2   4  0.34 0.17
   14 C     1  -2  -2   0   1   0   0   2  -2   1  -1  -2   1  -1  -2   0   0  -3   0   0   11   0   0   6   4   3   8  15   0  14   4   0   5   1   0   9   7   0   3   8  0.09 0.09
   15 N    -1   0   5   2  -4   0   0  -1  -2  -3  -2  -1  -3  -4   0   2   1  -5  -4  -3    4   3  35  13   0   2   5   3   0   2   3   2   0   0   3  15   9   0   0   0  0.49 0.23
   16 L    -2  -3  -2  -3  -3  -1  -2   0  -3   1   2  -3   2   1   1  -1  -1   2   1   1    0   0   2   0   0   3   1  10   0  10  27   0   7   4   6   6   3   3   7  11  0.19 0.14
   17 S     2  -2   1   0   0   0  -1  -2  -3  -3   0  -1  -2  -3  -2   3   3  -4  -3  -2   18   0   5   5   1   5   3   1   0   0   9   3   0   0   1  23  22   0   0   1  0.31 0.21
   18 S     0  -2   0   0  -1  -2  -1   1   0  -2  -1  -2  -2  -3   1   3   3  -4  -2  -2    6   1   5   4   1   0   4   9   2   3   6   0   0   0   7  29  21   0   1   1  0.31 0.21
   19 A     3  -2   0  -1  -2  -2  -1  -1  -1  -1   0  -2  -2  -3   2   2   1  -4  -2   1   28   1   4   2   0   0   3   3   1   2  11   0   0   0   9  15   8   0   1  12  0.24 0.18
   20 A     2   1  -2   0  -3  -2   0  -2   0  -2  -1  -2  -1  -3   3   1   1   0  -3  -1   23   8   1   4   0   0   7   1   2   1   6   0   2   0  16  12  10   2   0   4  0.28 0.19
   21 P    -1   0  -2   1  -4  -2   1   1   1  -4  -2  -2  -3  -3   5   0   1  -5  -2  -3    5   5   1   7   0   0   9  12   4   0   5   0   0   1  34   5  10   0   2   2  0.60 0.27
   22 L    -2  -2  -2  -3  -3  -1  -2   1  -1   1   3  -3   0  -1   1   0  -1   4   1  -1    0   1   1   1   0   3   1  11   1   6  38   0   1   1   7   9   3   7   4   3  0.31 0.21
   23 P    -2   0   0   0   0  -2   0  -1  -4  -4   0  -3  -1  -2   6  -1  -2  -5  -4  -3    3   7   5   5   2   1   5   5   0   0  11   0   2   2  47   3   2   0   0   1  0.89 0.35
   24 D    -1  -1   3   3  -4   2   0  -1   2  -3  -3  -1   0  -3   2   1   0  -4  -3  -2    5   2  16  20   0   9   5   3   6   1   2   1   3   1   9  10   4   0   0   3  0.32 0.19
   25 G     1  -2   1   0   1  -1  -1   4  -2  -2  -1  -2  -2  -4  -2   1  -1  -4  -2  -1    9   1   8   4   3   2   4  35   1   1   8   1   1   0   1  12   3   0   1   6  0.34 0.20
   26 A     1  -3   2  -1   0  -2  -1  -1  -2  -1   0  -2   0  -1   1   2   2  -4  -2  -1   11   0  14   3   3   1   2   4   1   3   9   1   3   2   7  16  16   0   1   4  0.18 0.16
   27 A     2  -1   0   0  -1  -1  -1   0  -2   0   1  -1  -1  -1   0   2   1  -4  -3   0   17   2   4   6   1   1   2   7   1   4  14   1   0   2   3  18  12   0   0   5  0.12 0.13
   28 T     0  -2   2  -2   3  -3  -1  -1   0  -2  -2  -3  -1  -3  -3   3   4  -1  -1   0    5   1  12   1   6   0   3   3   3   1   2   0   1   0   0  20  29   1   2   8  0.42 0.29
   29 A     1   0   1   0   0   0   0   0   2  -2  -1  -1   0  -1   0   1   1   1  -1  -1   13   6   9   4   2   4   4   6   5   1   5   1   4   2   3  15   8   2   2   4  0.08 0.09
   30 A     1  -1   0   1  -3  -1   0   1  -2  -2  -2  -1  -1  -1   0   1   2   3  -1  -1   13   3   3   7   0   2   7  14   1   1   2   2   2   4   5  13  14   4   2   4  0.15 0.13
   31 R     0   1   3   0  -1  -1   0   1  -2  -2  -2  -2  -2  -2   0   1   3  -4  -2  -2    6  10  15   4   1   2   5  11   0   1   4   0   1   2   4  12  19   0   1   2  0.22 0.18
   32 L     0  -2   1   0   0   0  -1   0   0  -1   1  -2   0   0   0   1   1   2   0  -1    7   1   7   4   2   3   3   7   3   3  17   0   2   3   5  13  10   3   2   4  0.06 0.09
   33 L    -1  -1  -1  -1  -1   0  -1   0  -2   0   2  -1   1   0  -1   0   1  -2  -1   0    4   3   3   2   1   5   3   9   0   6  25   2   3   3   3   7  14   0   2   3  0.08 0.11
   34 V     0  -2   3   1  -2  -1   0  -1  -2   0   0  -1   0  -1  -1   1   2  -1  -2   1    7   1  17   7   0   1   5   4   0   5   9   1   2   2   2  11  13   1   1  10  0.13 0.13
   35 L    -1  -2   4   1  -1   0   0  -2   0  -1   1  -2  -1   0   0  -1   1  -4  -2  -1    3   1  24   8   1   4   5   2   2   2  18   0   1   5   6   4  11   0   0   4  0.24 0.20
   36 A     2  -1  -1   0  -1  -1  -2   1  -3  -2  -1  -2  -2  -2  -2   3   0   4  -1  -2   18   4   2   6   1   3   2  10   0   2   7   1   1   1   1  28   4   6   1   2  0.29 0.23
   37 S     1  -3   3  -1  -2   1  -3  -2  -1  -3  -3  -3  -4  -4  -2   4   2   0  -1  -1    9   1  12   3   1   5   0   2   2   1   2   0   0   0   2  40  13   1   2   3  0.55 0.35
   38 P     0  -3   1   0  -3  -1  -1   1  -2  -2  -1  -2  -3  -3   4   1   2   0  -3  -2    8   0   7   5   0   2   3   9   0   2   6   2   0   1  23  10  16   1   1   1  0.39 0.24
   39 P     0  -3   4  -1   1  -2   0   0  -1  -3  -2  -2  -2  -3   3   2   1  -5  -3  -2    8   0  26   3   4   0   6   6   1   1   4   1   1   1  13  13   8   0   0   3  0.41 0.26
   40 A     2  -2   1   0  -1  -1  -1   1  -1   0   0  -2  -1  -2   0   2   0  -4  -2   0   19   1   7   4   1   2   2   8   1   5   8   1   1   2   5  20   4   0   1   8  0.15 0.15
   41 S     0  -2   2   0  -1  -1  -1   0  -3  -2  -3  -2  -2  -4  -2   4   3  -5  -4  -2    6   1   9   5   1   3   4   6   0   2   3   1   1   1   1  35  18   0   0   3  0.48 0.33
   42 L     0  -2   0   0  -1  -1   0  -1   0   0   1  -1   0   1   0   0   1   1  -1   0    8   1   5   6   1   2   7   4   2   4  14   1   1   6   5   9  12   2   2   8  0.04 0.07
   43 L     0  -1  -1   0   2  -1  -1  -1  -1  -1   1  -2   0  -1  -1   1   2   0  -2   0    9   4   3   4   5   1   3   5   1   3  14   1   2   2   3  10  20   2   1   7  0.10 0.13
   44 P     1  -2   0   1   1  -1   0   0  -1  -2  -3  -2  -2   0   4   1   0  -3  -2  -2   13   2   4   7   4   2   7   9   1   2   2   1   1   4  23  10   5   0   1   2  0.33 0.21
   45 P     1  -3   2   1  -4  -1  -1   1  -1  -3  -2  -2  -2  -3   5   0   0  -2   0  -2   10   1  10   6   0   2   3  12   1   1   5   1   1   1  28   6   5   1   4   3  0.44 0.26
   46 A     1  -1   1   0   1   0   1   1  -1  -2  -1  -1  -1  -1   1   1   0   1  -1  -1   11   2   9   6   3   4   8  10   1   2   4   2   1   4   6  11   7   2   1   4  0.09 0.09
   47 S     1  -1   1   0  -1   0   0   1   0  -2  -2  -1   0  -2   1   2   1   0   0  -2   10   2   8   6   1   4   6   9   2   3   4   1   3   2   5  18  10   1   3   2  0.12 0.13
   48 E     0  -1   2   2  -3   0   2   0  -1  -2  -2  -1  -2  -1   1   1   1  -4  -2  -1    8   3  10  12   0   3  16   5   1   2   3   2   1   2   6  10  10   0   1   4  0.19 0.15
   49 G     0  -1   0   2  -1  -1   0   1   1  -1  -2  -1  -1  -1   1   1   0   1   0  -1    9   3   5  12   1   2   6  13   4   4   4   1   1   3   5  14   6   2   3   3  0.11 0.10
   50 S     0  -1   0   0  -3   0   0   0  -2  -2  -2  -2  -1  -3   2   2   2  -1  -1  -1    8   2   5   4   0   4   7   6   0   1   4   1   1   1  12  21  14   1   2   4  0.24 0.21
   51 A     0  -1   0   1   0  -1   0   0   0   0  -1  -1  -2  -2   2   2   1  -3  -2  -1    7   2   3   9   2   1   7   9   2   5   6   2   0   2  11  17   8   0   1   4  0.13 0.12
   52 P     0   0  -1   0   0  -1   0   0  -3  -2  -2  -2  -2  -3   5   0  -1  -1  -3  -2    9   4   3   4   2   2   6   7   0   2   4   2   1   1  34   8   4   1   1   3  0.54 0.29
   53 L    -1   0  -3  -3  -3  -1  -3  -2  -1   0   2  -1   1   2   0  -1  -2   1   4   1    4   7   1   1   0   2   1   3   1   3  19   3   3   8   4   5   1   2  18  11  0.25 0.20
   54 S    -1   0   0   1  -1  -1   0  -1   2  -4  -3  -2  -3  -2   2   4   1  -1  -3  -3    4   5   3   9   1   2   5   5   5   1   3   1   0   2  10  36   9   1   0   1  0.44 0.33
   55 Q    -1  -1  -1  -1  -3   0   0  -2   0   0   2  -1   0  -1   3   0   0   0  -1   1    5   3   2   3   0   6   5   3   2   4  22   2   2   2  15   5   7   1   2   9  0.15 0.14
   56 Q     1   0  -1  -1  -2   1   0   0  -1   0   0  -1  -1  -2   2   0   1   2  -2   0   12   6   3   2   0   7   8   6   1   6   9   1   0   2  10   7   8   3   1   9  0.09 0.10
   57 W     0   1  -2  -2  -3   0   1  -1   0   0   0  -1  -2   1  -2  -1   0   6   0   1    6   8   1   2   0   5   9   4   2   4   9   3   0   6   1   5   5  14   3  14  0.25 0.19
   58 T     1   0   0  -1  -2   0  -1  -2  -1   0   0   0   0  -2  -1   1   2  -2  -1   1   11   5   5   3   1   4   3   1   1   6  10   6   3   1   2   9  14   1   1  13  0.07 0.10
   59 A     1  -5  -4  -4  -1  -4  -4  -4  -5   4   1  -3  -1  -2  -3  -2   0  -2  -1   4   14   0   1   1   1   0   0   1   0  28   9   1   1   1   1   3   5   0   2  31  0.65 0.36
   60 G     1  -4  -4  -4  -1  -3  -4  -1  -4   2   2  -4   0   1   0  -1   0   0  -1   2   15   0   0   0   1   0   0   5   0  13  25   0   2   7   5   4   5   1   2  12  0.30 0.22
   61 M    -1  -2  -4  -5  -3  -1  -3  -3  -4   3   3  -1   2  -1  -3  -2   1  -2   0   2    4   2   0   0   0   3   1   1   0  20  29   5   5   2   1   2   9   0   3  13  0.40 0.26
   62 G     3  -4  -3  -4   0  -4  -3   3  -3   0  -1  -4  -2  -2  -3   2   1  -3   1   0   26   0   0   0   2   0   1  24   0   5   5   0   1   1   1  14   7   0   6   5  0.44 0.31
   63 L     0  -5  -5  -5   1  -4  -5  -2  -5   3   2  -4   1   2  -4  -1   1  -2  -1   3    8   0   0   0   3   0   0   3   0  18  22   0   3   8   1   4   7   1   1  21  0.47 0.28
   64 L     1  -5  -5  -6   1  -5  -5  -4  -5   3   2  -5   0   4  -2  -3  -1  -4  -3   3   10   0   0   0   3   0   0   1   0  16  22   0   2  15   2   2   3   0   0  23  0.60 0.34
   65 L    -2  -5  -6  -6  -2  -4  -3  -5  -4   1   5  -5   4   2  -4  -4  -2  -4   1   0    2   0   0   0   1   0   2   1   0   7  54   0  11   7   1   1   2   0   4   5  0.93 0.46
   66 A     1  -4  -3  -4   3  -4  -4   2  -4   1   0  -4  -1  -1  -3   2   1  -3  -2   2   12   0   0   0   6   0   0  18   0   9   7   0   1   3   1  19   9   0   1  13  0.35 0.28
   67 L     1  -5  -5  -5   0  -4  -5  -3  -4   3   3  -5   0   2  -3   0   0  -3  -3   2   10   0   0   0   2   0   0   1   0  17  31   0   2  10   1   7   4   0   0  14  0.51 0.31
   68 I    -2  -6  -6  -6  -3  -5  -6  -4  -6   5   3  -6   3   2  -6  -4  -2  -5  -4   3    2   0   0   0   1   0   0   1   0  39  23   0   7   7   0   1   2   0   0  16  1.02 0.46
   69 V     0  -5  -2  -4   1  -5  -5  -6  -6   6  -2  -5   3  -1  -2   0   0  -6  -5   1    9   0   2   1   3   0   0   0   0  51   2   0   6   2   3   7   6   0   0   8  0.96 0.48
   70 L    -1  -5  -5  -6   0  -5  -5  -4  -5   3   4  -5   1   2  -5  -3  -1  -3  -3   3    6   0   0   0   2   0   0   1   0  16  37   0   2   9   0   1   3   0   0  23  0.73 0.36
   71 L     2  -4  -4  -5   1  -4  -4  -1  -4   2   2  -4   3   2  -3  -1  -1   0  -3   2   17   0   0   0   3   0   0   5   0   9  21   0   7   8   1   4   4   1   0  19  0.37 0.25
   72 I     2  -5  -4  -5  -3  -5  -5  -2  -6   1  -4  -5  -3  -6  -5   1   6  -6  -6  -1   19   0   0   0   0   0   0   3   0   8   0   0   0   0   0   8  58   0   0   3  1.29 0.65
   73 V    -1  -6  -6  -6  -2  -5  -6  -5  -6   5   1  -6   0   0  -6  -5  -1  -6  -4   5    4   0   0   0   1   0   0   1   0  33  13   0   2   3   0   0   3   0   0  40  1.12 0.50
   74 V     1  -5  -5  -5   2  -5  -5   0  -5   2   2  -5  -1   4  -5  -3  -1  -4  -2   3   12   0   0   0   4   0   0   6   0  12  19   0   1  21   0   1   3   0   0  19  0.57 0.33
   75 G    -2  -7  -5  -5  -7  -6  -7   8  -7  -7  -8  -6  -4  -6  -7  -2  -6  -1  -7  -7    2   0   0   0   0   0   0  93   0   0   0   0   1   0   0   2   0   1   0   0  2.49 0.90
   76 N    -7  -6   9  -4  -8  -4  -5  -6  -5  -9  -9  -5  -8  -8  -7  -4  -4  -9  -7  -8    0   0  99   0   0   0   0   0   0   0   0   0   0   0   0   0   1   0   0   0  3.30 1.17
   77 V     1  -4  -4  -5   0  -4  -4  -1  -5   3   2  -4   1   0  -4   1   1  -3  -3   2   11   0   0   0   2   0   0   5   0  16  24   0   3   3   0  11   7   0   0  17  0.41 0.28
   78 L    -4  -6  -7  -8  -2  -6  -7  -8  -7   0   6  -7   2   3  -7  -6  -4  -5  -4   0    1   0   0   0   1   0   0   0   0   3  77   0   5   9   0   0   0   0   0   4  1.62 0.68
   79 V    -5  -7  -8  -8  -6  -7  -7  -8  -8   1  -2  -7  -3  -5  -7  -6  -3  -8  -6   8    0   0   0   0   0   0   0   0   0   6   2   0   0   0   0   0   1   0   0  91  2.38 0.92
   80 I    -5  -7  -7  -7   6  -6  -7  -7  -7   6   1  -6   1   0  -7  -5  -4  -6  -4   2    0   0   0   0  18   0   0   0   0  48  14   0   3   3   0   0   0   0   0  12  1.46 0.61
   81 V     2  -4  -5  -6  -1  -5  -5  -5  -2   3   3  -5   1  -1  -5  -3  -1  -1  -1   3   17   0   0   0   1   0   0   0   1  19  31   0   4   2   0   1   4   1   2  18  0.63 0.36
   82 A     6  -5  -5  -5   0  -5  -5  -4  -6  -2  -3  -5  -5  -3  -5   3   0  -7  -6   0   60   0   0   0   2   0   0   0   0   2   2   0   0   1   0  22   4   0   0   5  1.24 0.65
   83 I    -4  -6  -7  -7  -3  -6  -7  -7  -7   5  -1  -4  -1   3  -4  -6  -4  -6  -2   6    0   0   0   0   0   0   0   0   0  30   3   1   1  10   1   0   0   0   1  52  1.45 0.63
   84 A     1  -1  -3  -4   4  -3  -4  -2  -2   2   1  -2   1   2  -4   0  -1   0   2   1   14   3   0   0   9   1   0   3   1  11  17   2   3   9   0   6   3   1   8   9  0.26 0.21
   85 K    -2   4  -2  -4   1  -2  -3  -4   2  -1   2   1   0  -1  -4  -1   3  -3  -1   0    2  24   1   0   3   1   0   0   5   4  18   9   2   2   0   3  18   0   2   6  0.40 0.31
   86 T    -3  -2   2   2  -3  -1   3  -4   3  -3  -4  -3  -3   3  -4   0   1  -3   2   0    0   1  10  12   1   2  20   0   7   1   0   1   0  14   0   7   9   0   7   8  0.47 0.34
   87 P    -4   7  -3  -5  -7  -1  -2  -4   2  -7  -6   4  -5  -7   1  -1  -2  -7  -5  -6    1  52   1   0   0   2   1   1   5   0   0  23   0   0   6   5   2   0   0   0  1.38 0.65
   88 R    -1   4   1  -3  -3   2  -2  -3   3  -3  -5   3  -3  -4  -1   1  -1  -5   0  -4    6  21   7   1   1  10   1   1   8   1   0  20   0   0   3  12   4   0   3   1  0.52 0.35
   89 L    -6  -6  -7  -8  -6  -6  -7  -8  -7  -1   7  -7   2  -1  -6  -7  -5  -6  -5  -2    0   0   0   0   0   0   0   0   0   2  90   0   4   2   0   0   0   0   0   1  2.00 0.80
   90 Q    -5   7  -4  -6  -6   4  -4  -6   5  -7  -6   1  -6  -7  -6  -5  -5  -3  -5  -7    0  59   0   0   0  20   0   0  13   0   1   6   0   0   0   0   0   1   0   0  1.91 0.81
   91 T    -2   1   3  -4  -2   0  -4  -3  -1  -2  -5   0  -3  -4  -4   3   5  -6  -4  -2    3   8  12   0   1   4   0   2   2   2   0   6   0   0   0  18  39   0   0   3  0.75 0.48
   92 L    -1   0  -2  -5  -4  -1  -4  -5  -4   2  -1  -2   0  -2   4  -3   1  -5  -2   4    5   5   2   0   0   2   0   0   0  13   5   2   2   2  23   1   8   0   1  29  0.62 0.38
   93 T     0  -4   0  -5  -1   1  -4  -2  -3  -4  -5  -4  -4  -3  -1   2   6  -6  -4  -4    8   0   4   0   1   7   0   3   0   0   0   0   0   1   3  17  54   0   0   0  1.13 0.63
   94 N    -6  -5   9  -3  -4  -5  -5  -3   1  -8  -8  -4  -5  -6  -7  -2  -3  -8  -2  -4    0   0  86   1   0   0   0   1   3   0   0   0   0   0   0   3   1   0   1   1  2.59 1.01
   95 L    -2  -3  -3  -6   3  -5  -6  -5  -1   1   1  -5   1   3  -5  -2  -3   3   7   0    4   1   1   0   5   0   0   1   1   7  11   0   4  11   0   3   1   3  41   5  1.09 0.53
   96 F    -6  -7  -8  -8  -4  -7  -7  -8  -5  -3   3  -7  -2   8  -6  -7  -6  -4   3  -4    0   0   0   0   0   0   0   0   0   1  30   0   0  60   0   0   0   0   7   1  2.04 0.79
   97 I    -4  -7  -7  -7  -4  -6  -7  -7  -7   6   3  -6  -2  -2  -6  -6  -2  -6  -3   3    1   0   0   0   0   0   0   0   0  52  21   0   0   1   0   0   2   0   1  21  1.43 0.61
   98 M     1  -4  -5  -6  -1  -4  -5  -2  -5   1   2  -5   3   0  -4  -3  -1   0  -4   5   12   0   0   0   1   0   0   3   0   5  16   0   7   5   1   1   4   1   0  42  0.69 0.40
   99 S    -3  -5   4  -5  -4  -5  -5  -4  -5  -7  -7  -5  -6  -7  -6   7  -3  -7  -6  -6    1   0  16   0   0   0   0   1   0   0   0   0   0   0   0  79   1   0   0   0  2.01 0.92
  100 L    -6  -7  -8  -8  -6  -5  -7  -8  -7  -3   7  -7   0  -4  -7  -7  -5  -6  -6  -4    0   0   0   0   0   0   0   0   0   0  95   0   2   0   0   0   0   0   0   0  2.23 0.89
  101 A     7  -6  -6  -7  -3  -6  -6  -3  -6  -6  -6  -6  -6  -2  -6  -1  -4  -7  -6  -5   92   0   0   0   0   0   0   1   0   0   0   0   0   2   0   3   0   0   0   0  2.21 0.96
  102 S     0  -5  -5  -6   2  -5  -5  -6  -6   3   1  -5   2   0  -5  -1   1  -4  -4   5    8   0   0   0   5   0   0   0   0  16  11   0   4   4   0   4   7   0   0  39  0.76 0.42
  103 A     6  -5  -5  -6  -2  -5  -5  -4  -6  -4  -6  -5  -5  -5  -5   3   2  -1  -6  -3   64   0   0   0   1   0   0   1   0   1   0   0   0   0   0  20  11   1   0   1  1.43 0.73
  104 D    -7  -7  -4   9  -9  -6  -4  -6  -6  -8  -9  -6  -8  -9  -4  -5  -6  -9  -8  -8    0   0   0  98   0   0   0   0   0   0   0   0   0   0   1   0   0   0   0   0  3.14 1.16
  105 L    -4  -6  -7  -7   2  -5  -6  -6  -6   2   5  -6   3   4  -7  -6  -3   0  -4  -1    1   0   0   0   4   0   0   0   0  10  58   0   6  16   0   0   1   1   0   3  1.22 0.57
  106 V    -2  -6  -6  -7   2  -5  -6  -4  -6   1   5  -6   3   1  -6  -3  -1  -3  -4   0    3   0   0   0   3   0   0   2   0   5  61   0   8   7   0   3   4   0   0   4  1.08 0.53
  107 M    -4  -4  -3  -7  -2  -6  -6  -7  -7   1   1  -6   2  -3  -6  -4  -1  -6  -5   7    0   1   1   0   1   0   0   0   0   6  12   0   5   1   0   1   4   0   0  68  1.43 0.63
  108 G     4  -5  -4  -5  -2  -5  -5   6  -5  -5  -6  -5  -5  -6  -5   1  -2  -6  -6  -4   35   0   0   0   1   0   0  52   0   0   0   0   0   0   0   9   2   0   0   1  1.39 0.62
  109 L     0  -5  -5  -5   3  -4  -5  -3  -5   2   3  -4   1   0  -5   0   1  -2  -3   2    7   0   0   0   6   0   0   2   0  11  36   0   3   3   0   7   9   0   0  17  0.54 0.32
  110 L    -1  -5  -6  -6   2  -5  -5  -4  -5   1   4  -5   0   3  -5  -4   0  -3  -3   3    4   0   0   0   4   0   0   1   0   8  46   0   1  12   0   1   5   0   0  17  0.78 0.40
  111 V     0  -6  -5  -4   2  -6  -6  -2  -6   1  -2  -6  -3  -2  -4  -1  -3  -6  -5   7    7   0   0   1   5   0   0   4   0   6   1   0   0   1   1   5   1   0   0  68  1.31 0.61
  112 V    -4  -6  -7  -8  -4  -4  -7  -8  -7   1   2  -6  10  -3  -7  -5  -3  -6  -6   0    1   0   0   0   0   1   0   0   0   7  15   0  68   1   0   0   1   0   0   7  2.37 0.92
  113 P    -5  -7  -4  -6  -5  -6  -6  -6  -7  -5  -5  -6  -6  -6   9  -2   0  -9  -8  -6    0   0   1   0   0   0   0   0   0   1   1   0   0   0  86   4   5   0   0   0  2.80 1.04
  114 F    -4  -6  -6  -7  -1  -6  -4  -4  -4   0   2  -6   1   7   1  -5  -4   2   0  -1    1   0   0   0   1   0   1   2   0   6  20   0   3  49   7   0   1   2   2   4  1.24 0.55
  115 G     3  -2   1  -2  -3  -2  -3   1  -2  -3  -4  -1  -1  -2  -4   4   0   2   0  -2   22   1   6   2   0   1   1   9   1   1   0   3   2   2   0  35   4   3   4   3  0.51 0.37
  116 A     3  -3  -5  -5  -3  -2  -4  -4  -5   3   3  -4   3  -2  -5  -2  -1  -4  -4   2   31   1   0   0   0   2   0   1   0  15  24   0   8   1   0   2   4   0   0  12  0.62 0.38
  117 T     1  -3  -4  -3  -2  -3  -2  -3  -2   2   2  -3   1   0  -1   0   2  -3   1   3   10   0   0   1   1   1   2   1   1  12  17   0   3   3   2   7  11   0   6  23  0.29 0.23
  118 I    -2   1   2  -1  -3   1  -1  -3   1  -1  -1  -1   0   1  -3   0   0   0   5   0    3   8  12   4   0   7   3   1   3   3   6   2   2   4   1   7   4   1  21   8  0.26 0.23
  119 V    -1  -2  -1   1  -2   1   4  -3  -1   0   0  -2  -1  -3  -4   1   1  -1  -3   0    4   1   3   6   1   5  34   1   1   6  10   0   1   1   0  11   7   1   1   6  0.36 0.29
  120 V    -2  -5  -4  -6  -3  -5  -5  -6  -5   4   3  -4   1   0  -5  -3  -1   0  -2   4    3   0   1   0   0   0   0   0   0  23  31   1   3   3   0   1   3   1   1  30  0.80 0.40
  121 W    -1  -1   0  -2  -1  -1  -1  -1   0  -1   1  -1   2   0  -2   1   2  -1   2  -1    4   3   5   1   1   2   4   4   3   1  16   2   8   4   1  12  18   1   7   4  0.13 0.17
  122 G    -2  -1   2   0  -4   0  -1   5   1  -5  -5  -1  -3  -3  -3  -1  -2  -3  -3  -4    1   3  10   6   0   5   4  53   3   0   0   3   0   1   1   4   2   0   1   1  0.87 0.42
  123 R    -2   2  -1  -1   4   0   1  -2   2  -2  -2   1   0  -1  -3  -1   1  -1   4  -1    2  13   2   4   9   5   8   2   5   2   2   8   2   1   0   4   8   1  16   5  0.24 0.20
  124 W    -7  -7  -6  -4  -7  -7  -7  -7  -7  -7  -3  -5  -6  -1  -2  -5  -5  13  -3  -6    0   0   0   1   0   0   0   0   0   0   3   1   0   2   2   1   1  87   0   0  4.22 1.24
  125 E    -2   0  -1  -2  -2  -1  -1  -2   0   1   0  -1   0   2   4  -1   0   0   2   1    1   4   3   1   0   2   4   2   3  11   9   3   3   8  19   3   5   1   7  10  0.22 0.16
  126 Y    -3  -4  -3  -5  -5  -4  -5  -5   1  -2   3  -4  -1   7  -6  -4  -4   1   3  -3    2   1   1   1   0   1   0   0   4   1  26   1   1  51   0   1   0   2   7   1  1.28 0.53
  127 G    -3  -3   0  -2  -3  -5  -4   7  -3  -6  -6  -4  -6  -5  -1   0  -4  -3  -4  -4    1   2   3   3   1   0   0  75   0   0   0   0   0   0   4   8   0   0   0   1  1.55 0.60
  128 S    -1   2   0   1  -3   1   1  -2   0  -1  -1   1  -1  -1   2   0   0   0  -1  -2    5  12   4   8   0   6   9   2   2   3   6   7   1   2  12   8   7   1   2   2  0.16 0.11
  129 F     0  -2  -1   0  -2  -1   0  -1   1   1   0  -2   0   2  -1  -1   1   1  -1   2    8   2   2   5   0   1   8   4   4  10  11   1   1  10   2   3   9   2   1  16  0.07 0.10
  130 F    -1  -4  -5  -5  -1  -4  -5  -4  -2   0   3  -4   4   4  -3  -4  -2   7   0   1    4   0   0   0   1   0   0   1   1   4  26   0  10  22   1   0   3  15   2   9  0.78 0.36
  131 C    -5  -7  -7  -7  12  -7  -8  -7  -7  -5  -6  -7  -6  -6  -7  -5  -5  -6  -2  -5    0   0   0   0  96   0   0   0   0   0   0   0   0   0   0   0   0   0   2   0  4.05 1.10
  132 E    -1   0   2   4  -4   0   1  -2  -1  -3  -1   2  -3  -2  -1  -1  -1  -2  -2  -2    3   4   9  32   0   4   6   1   1   1   8  14   0   1   2   4   4   0   2   2  0.38 0.24
  133 L     0  -4  -5  -5  -2  -3  -4  -4  -4   4   2  -4   3   3  -4  -3  -1  -3  -1   3    7   0   0   0   0   1   0   1   0  26  22   0   7  13   0   1   3   0   1  18  0.57 0.29
  134 W    -3  -4  -4  -7  -6  -4  -6  -6   4  -2  -3  -6  -1   2  -7  -4  -2  11   3  -2    2   1   1   0   0   0   0   0  10   2   2   0   2   7   0   1   2  58   8   3  2.47 0.78
  135 T     0  -2   0  -3  -1  -2  -3  -1   1   2   1  -2   1  -1  -1  -1   2  -1  -1   1    8   2   4   0   1   1   0   4   4  18  18   1   3   1   2   4  18   1   1   9  0.16 0.15
  136 S     2  -3  -2  -3   4  -2  -3  -1  -3  -1  -2  -3  -1   0  -3   3   2  -1   1   0   20   0   1   0   9   1   0   3   0   2   2   0   1   5   0  31  11   1   4   7  0.41 0.29
  137 V     0  -4  -3  -4   2  -3  -4  -3  -4   1   3  -3   3   3  -3  -1   0  -1  -2   1    7   0   1   0   5   0   0   1   0   7  33   0   8  15   1   6   5   1   0  10  0.40 0.24
  138 D    -3  -4   0   8  -6  -1  -1  -4  -2  -5  -3  -3  -3  -4  -4  -3  -3  -6   0  -4    1   0   4  78   0   2   2   1   1   0   3   0   1   1   0   1   1   0   3   1  1.71 0.61
  139 V    -2  -3  -3  -5  -3  -3  -4  -4  -2   3   0  -4   0   0  -3  -2  -1  -1   2   5    1   1   1   0   0   0   0   1   1  13   7   0   2   3   1   2   3   1   9  52  0.72 0.35
  140 L    -1  -3  -3  -4   1  -3  -4  -3  -3   1   3  -3   4   1  -4  -1   1   1   0   1    5   0   1   0   3   0   0   2   0   5  38   0  14   6   0   3   9   2   2   9  0.42 0.25
  141 C     0  -4  -3  -4   7  -4  -4  -3  -4  -1   3  -4   2   3  -4   0  -2  -2  -1  -1    8   0   1   0  28   0   0   2   0   1  26   0   5  13   0   7   2   0   1   3  0.74 0.34
  142 V    -2  -5  -4  -4   9  -4  -3  -3  -5  -2  -3  -4  -3  -3  -3   3   1  -5  -4   0    1   0   0   0  51   0   2   1   0   2   1   0   1   1   1  21   8   0   0   8  1.54 0.56
  143 T    -1  -4  -2  -4  -4  -2  -3  -3  -2  -2  -3  -3  -1  -2   0   1   7  -5  -3  -2    4   0   1   0   0   2   1   1   1   2   1   0   2   2   4   9  66   0   1   1  1.09 0.51
  144 A     5  -4  -4  -4   0  -3  -3  -2  -4  -1  -3  -3  -3  -4  -3   1   1  -5  -4   1   63   0   0   0   2   0   0   2   0   3   2   0   0   0   0  10   7   0   0  10  0.89 0.44
  145 S    -2  -4  -3  -4  -1  -3  -4  -4  -4  -5  -6  -4  -5  -6  -4   7  -1  -6  -5  -5    1   0   0   0   1   0   0   0   0   0   0   0   0   0   0  93   2   0   0   0  1.95 0.77
  146 I    -3  -5  -5  -5  -4  -5  -5  -6  -5   7  -1  -4   2  -3  -5  -4  -1  -5  -4   2    1   0   0   0   0   0   0   0   0  74   3   1   5   0   0   1   4   0   0  10  1.49 0.55
  147 E    -2  -4  -2  -5  -1  -3  -3  -4  -3   0   4  -4   3   3  -4  -3  -2   4   0   0    3   0   2   0   1   1   2   1   0   4  46   0   9  14   0   1   1   6   3   5  0.63 0.31
  148 T    -3  -3   6  -2  -1  -3  -3  -3   7  -4  -3  -3  -4  -5  -4   1   3  -5  -3  -4    1   0  36   1   1   0   0   1  28   1   2   0   0   0   0  12  16   0   0   0  1.17 0.51
  149 L    -3  -5  -6  -6  -4  -5  -5  -6  -5   1   6  -5   2  -2  -4  -5  -4  -4  -4   0    1   0   0   0   0   0   0   0   0   6  81   0   4   1   1   0   0   0   0   5  1.37 0.53
  150 C    -1  -5  -4  -5   9  -4  -5  -2  -5  -2   0  -4   0   0  -5  -1   0  -4  -4   2    4   0   0   0  49   0   0   3   0   1  10   0   2   4   0   5   6   0   0  14  1.32 0.48
  151 V     4  -4  -4  -4   4  -3  -3  -2  -4   1   1  -3   2   1  -3  -1  -1  -4  -3   2   37   0   0   0   8   0   0   2   0   5  13   0   5   6   0   2   2   0   0  17  0.46 0.28
  152 I    -3  -5  -5  -5  -4  -5  -5  -6  -5   7   0  -5  -1  -3  -5  -5  -3  -5  -4   2    2   0   0   0   0   0   0   0   0  80   5   0   1   0   0   0   1   0   0   8  1.66 0.58
  153 A     4  -3  -2  -3   0  -3  -3  -2  -4  -4  -4  -3  -4  -5  -3   6   0  -5  -4  -3   30   0   1   0   2   0   0   2   0   0   1   0   0   0   0  58   4   0   0   0  1.09 0.51
  154 L    -2  -3  -4  -4  -2  -3  -4  -4  -3   3   3  -4   1   1  -4  -3  -2   0   0   4    1   1   0   0   0   1   0   1   1  18  33   0   3   5   0   0   2   1   3  28  0.60 0.28
  155 D    -4  -4   0   8  -5  -2   1  -3  -2  -5  -5  -3  -5  -5  -4  -3  -4  -6  -3  -5    1   0   2  81   0   1   7   1   1   0   1   0   0   0   0   1   0   0   1   1  1.90 0.63
  156 R    -5   8  -2  -5  -6  -2  -3  -5  -2  -6  -5  -1  -5  -6  -5  -4  -4  -6  -5  -6    0  93   1   0   0   0   0   0   1   0   0   1   0   0   0   0   0   0   0   0  2.41 0.79
  157 Y    -4  -4  -5  -6  -1  -5  -5  -6   1  -4  -3  -5  -4   3  -6  -5  -5   1   9  -3    1   1   0   0   1   0   0   0   3   0   2   0   0   8   0   0   0   1  79   1  2.36 0.76
  158 L    -3  -1  -4  -5   1  -3  -4  -4   0   2   2  -2   1   1  -4  -2  -2   8   2   0    1   4   1   0   4   1   0   0   2  12  21   3   3   6   0   2   2  23   8   8  0.74 0.31
  159 A     5  -3  -3  -4   0  -2  -3   0   0  -2  -2  -2  -2  -3  -3   2  -1  -4  -1  -1   59   0   0   0   2   1   0   7   2   1   3   1   0   1   0  12   3   0   2   4  0.74 0.39
  160 I    -3  -5  -5  -5  -3  -5  -5  -4  -5   6   0  -5   0  -3  -5  -4  -2  -5  -4   4    1   0   0   0   0   0   0   1   0  55   6   0   1   0   0   1   1   0   0  30  1.22 0.47
  161 T    -1   0  -1  -3   4  -1  -2  -3  -1  -1  -1  -1   0  -3  -3   1   5  -4  -2   0    4   5   2   0   9   3   1   1   2   2   4   4   2   1   0  13  40   0   1   7  0.48 0.30
  162 S    -2   3   1   3  -2   1  -1  -3   3  -3  -3   1   0  -1  -3   0  -1   1   1  -3    2  19   8  18   1   7   1   1   8   1   2  10   2   2   0   8   2   2   6   1  0.35 0.22
  163 P     0  -5  -4  -3  -1  -3  -4  -4  -3  -2  -5  -4  -5  -5   8  -3  -4  -6  -5  -4    7   0   1   1   1   1   0   1   1   2   1   0   0   0  79   2   0   0   0   1  2.19 0.68
  164 F    -3  -4  -3  -3  -3  -4  -4  -5  -2   2   4  -4   2   4  -5  -4  -2  -3  -1   1    1   0   2   2   0   0   0   0   1   9  53   0   5  16   0   1   2   0   1   7  0.76 0.34
  165 R    -1   2   0   0  -2   2   0  -2   3  -3  -2   2  -1  -2  -3   1   1   1   0  -2    5  16   4   4   0   9   6   2   8   1   2  12   2   1   0  10  10   2   4   3  0.21 0.16
  166 Y    -3  -2  -3  -5  -2  -3  -3  -4   3  -2  -3  -4  -3   0  -5  -2  -3   0   9  -4    2   2   1   0   1   1   1   1   5   2   1   0   1   2   0   3   2   1  73   1  1.92 0.67
  167 Q     1   2   1  -1  -2   0  -1  -1   1  -2  -2   1  -2  -4   3   1   0  -4  -2  -1   10  15   6   2   1   4   3   5   4   2   3   7   1   0  15  11   5   0   1   4  0.24 0.19
  168 S     0   3   0  -2  -2   1  -1  -2   1  -2   0   0   1  -3  -1   2   1  -2  -2   0    8  17   4   1   1   8   3   2   4   2   8   5   4   0   2  14   9   0   1   6  0.18 0.19
  169 L    -3   4   0  -3  -3   0  -2  -4   2   1   0   3   0   0  -3  -1  -1   2   0  -2    1  21   4   1   0   4   1   1   5   9  10  22   2   3   1   3   4   3   4   1  0.38 0.28
  170 L    -4   5  -2  -4  -1   1  -4  -5  -3   0  -1  -1   7  -2  -5  -2  -3   0  -3   2    1  29   2   1   1   5   0   0   1   5   4   3  26   2   0   3   1   1   0  14  0.85 0.48
  171 T    -3   0   1  -3  -4  -4  -4  -3  -2  -4  -5  -2  -5  -6  -2   2   7  -6  -5  -4    1   6   6   1   0   0   0   2   1   1   0   2   0   0   2  17  61   0   0   0  1.36 0.70
  172 R     0   3   0  -2  -2  -1  -1  -1   1  -1  -2   3  -2  -2   3   0   1  -2  -3  -2    6  17   5   1   1   2   2   3   3   3   3  17   0   1  16   7   8   1   0   3  0.32 0.24
  173 A    -2   5  -1  -4   0   0  -3  -1  -1  -4  -2   4  -3  -2  -1   0   0   0  -3  -3    3  36   3   0   2   3   1   4   1   0   3  24   1   2   4   6   5   1   0   1  0.71 0.42
  174 R    -3   7  -3  -4  -2  -1  -4  -5   1  -3  -1   2   0  -3  -5  -3   0  -3  -5   0    1  56   1   1   1   2   0   1   3   1   6  10   2   1   0   2   6   0   0   6  1.14 0.57
  175 A     4  -3  -4  -5   1  -3  -4  -3  -5   2  -1  -4   3  -4  -4  -1   0  -5  -4   3   36   2   0   0   2   1   0   1   0  12   3   0   7   0   1   5   4   0   0  25  0.69 0.42
  176 R     1  -1  -2  -4   2  -2  -3   0  -3   1   1   0   1   1  -3  -1   0   1   0   1   16   4   2   0   5   1   0   8   0  10  17   6   5   7   0   2   4   2   3   9  0.14 0.15
  177 A     0  -2  -3  -4   1  -3  -4  -1  -4   3   2  -2   1   2  -4  -2   0  -1   0   2   10   2   1   0   3   1   0   4   0  19  18   3   4   8   0   3   4   1   3  17  0.29 0.21
  178 L    -1  -4  -4  -6   0  -3  -5  -3  -4   2   2  -1   7   0  -6  -1  -1  -5  -1   1    6   0   0   0   2   1   0   2   0  10  18   5  33   3   0   4   4   0   2   9  0.82 0.48
  179 V    -4  -7  -5  -7   0  -7  -7  -5  -7   7   2  -7   3  -4  -7  -4  -3  -7  -5   2    1   0   1   0   2   0   0   1   0  58  17   0   5   0   0   1   1   0   0  13  1.52 0.69
  180 C     3  -5  -3  -5   3  -4  -4   0  -5   2   1  -4   0   0  -4   0   0  -5  -4   2   27   0   1   0   6   0   0   8   0  12  13   0   2   5   0   8   5   0   0  14  0.43 0.33
  181 T     1  -4  -2  -5   3  -3  -4   0  -3   2   2  -4   1   1  -4  -1   0   0  -2   2   12   0   2   0   7   0   0   9   0  15  18   0   3   6   0   5   6   1   1  14  0.29 0.24
  182 V     1  -6  -5  -6   3  -5  -6  -6  -6   3  -1  -5  -2  -4  -4  -1   0  -6  -5   6   12   0   0   0   7   0   0   0   0  15   4   0   1   0   1   6   5   0   0  48  1.01 0.55
  183 W    -5  -4  -9 -10  -8  -8  -9  -4  -8  -8  -8  -9  -7  -5  -9  -9  -8  13  -2  -4    1   1   0   0   0   0   0   1   0   0   0   0   0   0   0   0   0  93   1   2  4.92 1.67
  184 A     0  -5  -5  -5   1  -4  -5  -1  -5   4   2  -5   1  -1  -5  -1   1   1  -2   3    7   0   0   0   2   0   0   5   0  22  23   0   3   3   0   4   7   2   1  20  0.52 0.33
  185 I     0  -5  -4  -5   2  -2  -5  -3  -3   3   3  -5   0   2  -5  -1  -1   1   1   2    7   0   0   0   4   2   0   2   0  20  26   0   2   7   0   4   3   2   5  16  0.49 0.32
  186 S     3  -5  -4  -5  -1  -3  -3  -1  -5  -6  -6  -3  -3  -7   2   6   0  -7  -6  -3   20   0   0   0   1   1   1   3   0   0   0   1   1   0  11  55   4   0   0   1  1.22 0.71
  187 A     4  -5  -4  -5  -1  -4  -5  -1  -5   2   1  -4   0   3  -2   0  -1  -4  -2   1   32   0   0   0   1   0   0   4   0  10  14   0   2  15   1   7   4   0   0  10  0.49 0.36
  188 L     1  -5  -5  -6   3  -5  -5  -2  -5   2   3  -5   1   2  -5  -1  -2  -2  -3   2   12   0   0   0   6   0   0   3   0  11  34   0   3   7   0   4   2   1   0  17  0.57 0.36
  189 V    -3  -6  -5  -6   0  -6  -6  -6  -6   6   1  -4   0   1  -6  -4  -2   0  -1   3    2   0   1   0   2   0   0   0   0  53  10   1   2   5   0   1   2   1   2  17  1.20 0.57
  190 S     1  -5  -3  -5   3  -4  -3  -1  -5   0  -4  -4  -1  -3  -3   6   0   3  -1  -4   11   0   0   0   6   0   2   5   0   5   1   0   1   1   1  54   5   4   2   1  0.99 0.62
  191 F    -1  -5  -4  -6   2  -5  -5  -3  -3   3   1  -5  -1   6  -4   0   0   2   0   0    4   0   1   0   4   0   0   2   1  14  15   0   1  32   0   8   5   2   2   7  0.68 0.40
  192 L    -1  -6  -6  -6   1  -4  -5  -1  -6   0   2  -5  -2  -3   6  -1  -2  -6  -3   0    6   0   0   0   3   0   0   5   0   6  17   0   1   1  44   5   3   0   1   7  1.04 0.56
  193 P     0  -3  -7  -7   0  -2  -6  -4  -7   0  -1  -6  -2  -3   7  -1  -1  -1  -2  -2    9   2   0   0   2   2   0   2   0   5   5   0   1   1  57   4   4   1   1   3  1.50 0.88
  194 I    -2  -4  -4  -6  -2  -3  -5  -6  -2   5   3  -5   0   0   0  -3  -2   1  -4   1    4   1   1   0   1   1   1   1   1  36  24   0   2   4   6   2   2   2   0  10  0.82 0.47
  195 L    -1  -2  -2  -3  -1   0  -2  -3   1   2   1  -2   2   4  -1  -1  -1   0   1   2    6   2   2   1   1   5   2   2   4  11  14   2   6  16   3   4   4   1   4  12  0.24 0.18
  196 M    -2  -3  -2  -3  -2  -2  -3   0  -1   1   3  -2   3   3  -2   0   0   3   0   0    2   1   2   1   1   2   1   9   1   6  25   2   9  10   2   8   5   4   3   6  0.28 0.24
  197 H    -2  -2   0  -2  -2   0  -1   4   1  -1  -1  -1   0   1  -2  -1  -2   5  -1  -2    2   2   4   3   1   4   4  32   3   3   7   4   2   7   2   4   2   9   2   2  0.46 0.32
  198 W    -3  -2   0  -3  -2  -2  -2   2  -2  -1  -1  -2  -2   1  -4  -2  -3  10  -2  -3    3   3   4   2   1   2   3  14   1   4   8   3   1   5   1   3   2  37   1   2  1.32 0.69
  199 W    -3  -1   3   0  -5  -2  -2  -2   5  -2  -3   1  -2   0  -3  -1  -2   8   3  -3    2   3  13   5   0   2   3   3  13   3   3   8   1   4   2   4   3  17   9   2  0.72 0.44
  200 R    -2   3   1   0  -4   1   1  -3   0  -1  -2   2  -1  -2  -1   0   1   0   0  -1    3  17   6   5   0   7   7   2   2   3   4  13   1   1   3   6  10   2   4   3  0.22 0.21
  201 A     1  -1   0   1  -3  -1   0  -1   1   0  -1   0  -1  -1   2   0   1   0  -1   0   11   3   4   7   0   2   6   5   3   7   5   6   2   3  11   8  10   1   2   5  0.09 0.10
  202 E    -1  -1   0   2  -4   0   1   2   0  -2  -2   0  -1  -1   1   0   0   2   1  -1    4   3   4  11   0   4  10  14   2   2   3   5   1   2   8   6   6   3   5   6  0.14 0.15
  203 S     0   0   1   0  -1   0   0   0   1   0  -2   0   0  -1   2   1   0  -3  -1  -1    8   5   8   6   1   4   6   7   4   7   4   4   2   4  10  10   5   0   2   4  0.09 0.09
  204 D    -1   0   1   3  -4   0   3  -1   2  -2  -2  -2  -1  -1   1  -1  -1  -1   0  -1    4   5   5  16   0   5  16   5   4   3   5   2   1   3   8   5   3   1   3   5  0.22 0.19
  205 E    -1   0   1   2  -4   0   2   0   2  -2  -1  -1  -1  -2   0   0  -1  -1   0  -1    4   5   6  11   0   5  16   7   4   3   6   4   2   2   5   7   4   1   3   4  0.14 0.13
  206 A     1  -1   0   0  -1   0   0   1  -1   0   0  -1  -1   0   0   0   0   0   0   0   11   2   6   5   1   4   8  10   1   4  10   3   2   3   5   8   4   1   4   6  0.03 0.04
  207 R    -1   2   1   0  -3   1   0  -1   0   0  -1   0   0  -1   0   0   0  -1   2   0    5  10   8   5   0   7   5   4   2   6   6   6   2   2   5   6   6   1   7   7  0.07 0.08
  208 R     0   2   1   0   0   1   1  -1   0  -1  -1   1  -1  -1   0   0   0  -1   0  -1    6  13   6   5   2   6   9   3   2   4   5   9   1   3   5   7   6   1   3   5  0.09 0.08
  209 C     0   0   0  -1   4   0  -1  -1   0   1   0  -1   0  -1  -1   0   1  -2  -1   1    8   4   5   3   9   4   4   5   2   7   9   3   2   2   3   9   8   1   2  10  0.08 0.07
  210 Y    -1   0  -1  -1  -1   0   0  -1   1   1   0   0   0   1   1   0   0   0   2   0    5   5   2   4   1   4   6   5   3   8   9   5   2   6   7   6   6   1   9   8  0.04 0.05
  211 N    -1   0   2   1   0   1   1  -1   2  -1  -2   0   0  -1   1   1   0   0  -1  -1    6   4  11   8   3   6   8   5   4   4   4   7   2   3   6   9   6   1   1   4  0.09 0.08
  212 D    -2  -1   2   4   3  -1   2   0   2  -1  -3  -1  -3  -3   0   0  -1   0  -2  -2    4   3   8  21   6   3  11   6   5   4   3   3   0   1   5   6   4   2   2   3  0.29 0.20
  213 P    -2  -2   0   1  -2  -1   1  -1   1  -2  -3  -1  -2  -2   5   1   0   2   0  -1    4   3   4   7   1   3  10   4   3   3   3   4   1   2  25  10   5   2   3   5  0.37 0.27
  214 K    -2   1   0   1   3   1   1   1   1  -3  -3   0  -1  -1   1  -1   1   2  -1  -3    3   6   5   9   7   6   9  11   4   1   2   5   1   2   8   5   9   3   2   2  0.21 0.19
  215 C    -1  -1   0  -1   3   2   1  -2  -1   0  -1   0   0  -1  -2   0   2   1   0   1    4   4   4   3   7  11   8   3   1   5   5   6   2   2   2   7  11   2   3   9  0.13 0.14
  216 C    -3  -6  -4  -8  11  -4  -8  -4  -8  -2  -5  -5  -4  -8  -5  -7  -2  -8  -8  -3    3   1   1   0  80   1   0   2   0   2   1   1   1   0   1   0   2   0   0   2  3.61 1.51
  217 D    -1   0  -1   1  -4   2   2  -1  -1   0   0  -1   0  -1  -1   0  -1  -4  -1   0    5   6   2   9   0   8  13   4   2   7  10   4   3   2   3   7   4   0   2   8  0.10 0.12
  218 F    -4  -7  -4  -7  -6  -5  -3  -6  -2   2   3  -5  -1   6  -3  -3  -4   1   3   2    2   0   1   0   0   1   2   1   1  10  23   1   1  29   2   2   1   2   9  13  0.99 0.55
  219 V    -1  -1   2  -1   0  -1  -1  -3   0   0  -1  -2   0   0  -1   3   2  -3  -1   0    5   3  11   3   2   2   4   2   2   6   5   2   2   3   3  22  14   0   2   7  0.24 0.25
  220 T    -2  -2   0   1  -5   3   1  -4  -1  -1   0  -1   0   0  -1   0   1  -1   0   2    2   2   4   9   0  15   8   1   1   2   8   4   2   4   3   7   7   1   4  14  0.21 0.23
  221 N    -5  -3   6   4  -8  -1   1  -4   2  -5  -6  -3  -5  -5  -2   1  -1  -8  -5  -6    1   2  38  20   0   3   9   1   5   1   1   1   0   1   2   9   4   0   1   1  1.18 0.72
  222 R    -1   2  -2  -4  -5   1  -2  -4  -2   1   0   2   0   0   3  -1   0   2  -1   1    4  10   2   0   0   5   2   1   1   9   8  15   2   4  14   4   5   3   2   8  0.25 0.23
  223 A     0  -3  -1  -1  -5  -3  -1   3  -2   1  -2  -3  -1   0   2   0   1   4   1   0    9   1   3   4   0   1   3  19   1   8   4   1   1   3   9   6   9   5   5   7  0.22 0.22
  224 Y    -5  -6  -9  -7  -9  -8  -6  -6  -3  -3  -5  -8  -7   5  -9  -5  -6   3   9  -6    1   0   0   0   0   0   1   1   1   1   1   0   0  17   0   1   1   3  70   1  2.90 1.33
  225 A     3  -2  -4  -5  -3   2  -5  -1  -1   1   0  -2   0  -4  -5  -1   2  -6  -2   3   22   2   1   0   0  10   0   5   1   9   8   3   2   0   0   4  11   0   1  19  0.40 0.35
  226 I    -3  -7  -6  -8  -3  -6  -8  -6  -4   6   3  -7  -1   0  -5  -4  -2  -4  -5   4    2   0   0   0   1   0   0   1   0  36  26   0   1   4   1   2   2   0   0  22  1.24 0.65
  227 A    -2  -5  -6  -7   1  -6  -5  -2  -2   2   0  -6   0   5  -6   0   0  -3   5   2    3   1   0   0   2   0   1   3   1  13   8   0   2  20   0   7   5   0  21  13  0.84 0.51
  228 S     2  -4  -3  -1   0  -5  -6  -1  -6  -2  -2  -5  -6  -3  -6   6   0  -7  -2  -2   18   1   1   4   2   0   0   4   0   3   5   0   0   2   0  50   5   0   2   3  1.02 0.70
  229 S     2  -6  -3  -4   0  -4  -4  -3  -6  -4  -4  -5  -4   1  -4   5   3  -7  -3  -1   16   0   1   1   2   1   1   2   0   1   2   0   0   5   1  44  18   0   1   4  1.01 0.69
  230 V    -1  -6  -6  -7   4  -6  -6  -3  -6   3   3  -6   3   3  -6   0   1  -6  -5   2    6   0   0   0   8   0   0   2   0  13  24   0   6  12   0   8   9   0   0  13  0.68 0.43
  231 V     0  -7  -4  -7   1  -6  -6   3  -7   3   1  -6  -1   1  -5  -1  -2  -6  -5   3    6   0   1   0   3   0   0  25   0  18  11   0   1   5   1   5   3   0   0  21  0.71 0.45
  232 S     2  -6   0  -4   2  -6  -3  -3  -6  -3  -3  -6  -5  -3  -5   6   1  -8  -4  -3   18   0   4   1   3   0   2   2   0   2   3   0   0   1   1  50   9   0   1   2  1.09 0.73
  233 F    -9  -9  -5 -10  -3  -9  -9 -10  -3  -2  -4  -9  -2   9 -10  -9  -9  -6   1  -5    0   0   1   0   1   0   0   0   1   2   2   0   1  86   0   0   0   0   5   1  3.26 1.38
  234 Y    -6  -8  -8  -9  -2  -8  -8  -5  -2  -1  -2  -8  -2   6  -9  -8  -6   5   8  -1    1   0   0   0   1   0   0   1   1   4   5   0   1  25   0   0   0   7  48   5  2.14 1.01
  235 V     0  -7  -3  -7  -3  -7  -7  -2  -7   6   3  -7  -1  -1  -7  -4  -1  -7  -4   2    7   0   1   0   0   0   0   3   0  40  25   0   1   2   0   1   3   0   0  14  1.11 0.57
  236 P    -8  -9  -9  -9 -10  -8  -8  -9  -9 -10 -10  -4  -9 -10   9  -5  -5 -10 -10  -9    0   0   0   0   0   0   0   0   0   0   0   1   0   0  96   1   1   0   0   0  3.62 1.62
  237 L     0  -6  -6  -7   5  -6  -7   0  -4  -1   4  -6   4   2  -7  -1  -1  -6  -5   0    7   0   0   0  11   0   0   7   0   3  40   0   8   8   0   5   4   0   0   5  0.84 0.50
  238 C     1  -6  -3  -6   2  -6  -6  -3  -6   3   3  -6  -1   2  -3  -1   1  -6  -4   2   10   0   1   0   4   0   0   3   0  18  25   0   1   8   2   5   9   0   0  15  0.57 0.37
  239 I    -2  -7  -7  -7  -4  -7  -4  -6  -7   5   1  -7   1  -1  -7  -2  -3  -7  -6   5    4   0   0   0   0   0   2   1   0  32  11   0   3   3   0   3   2   0   0  39  1.27 0.63
  240 M    -6  -8  -8  -9  -5  -7  -8  -9  -8   3  -1  -8  10  -5  -9  -5  -1  -8  -6  -1    1   0   0   0   0   0   0   0   0  15   5   0  68   0   0   1   4   0   0   4  2.85 1.22
  241 A    -1  -6  -6  -6   3  -6  -6  -4  -6   4   3  -6   1   0  -6  -1  -1  -6  -3   3    5   0   0   0   6   0   0   2   0  19  30   0   4   4   0   5   5   0   1  18  0.76 0.42
  242 F    -1  -5  -6  -5   1  -5  -6  -1  -5   2   0  -4  -3   5  -5  -2  -1  -1   2   3    6   1   0   1   3   0   0   5   0  13   9   1   0  27   1   3   4   1   7  18  0.70 0.40
  243 V     0  -4  -4  -6   2  -5  -6  -6  -6   2   3  -5   3   2  -6  -2   2  -5  -4   3    7   1   1   0   4   0   0   0   0  10  23   0   8   7   0   3  11   0   0  23  0.66 0.40
  244 Y    -7  -7   0  -7  -4  -7  -8  -8  -1  -7  -6  -6  -7  -3  -8  -6  -6  -1  10  -6    0   0   5   0   1   0   0   0   1   0   1   1   0   1   0   1   0   1  86   0  3.38 1.39
  245 L     1  -4  -5  -5   4  -3  -5   0  -2   1   0  -4  -1   2  -5  -1  -1   6   4   1   11   1   0   0   8   1   0   8   1   8   8   1   1   8   0   5   5  10  12   9  0.49 0.32
  246 R    -3   6  -2  -6  -1   1  -3  -4   1  -4  -1   4  -3  -1  -6  -2  -4  -4  -6  -4    2  42   2   0   1   6   1   1   4   1   6  23   1   3   0   4   1   0   0   1  1.11 0.62
  247 V    -5  -6  -9  -9  -3  -8  -9  -9  -9   8  -1  -8   0  -6  -8  -6  -1  -8  -7   2    1   0   0   0   1   0   0   0   0  75   4   0   2   0   0   0   4   0   0  12  2.29 0.97
  248 F    -6  -7  -8  -9  -1  -3  -8  -8  -2  -2  -1  -4  -1   7  -9  -4  -4   2   8  -1    0   0   0   0   1   2   0   0   1   2   6   1   1  34   0   2   1   3  41   4  1.92 0.88
  249 R    -3   5  -2  -4   1   2  -3  -4   1   0   0   2   0  -1  -5  -2  -1  -1  -2   1    2  28   2   0   3  10   0   1   3   6  10  14   2   2   0   2   4   1   1  10  0.53 0.38
  250 E     3  -3  -3  -5  -5  -4   1  -3  -3   3  -1  -3  -2  -1  -4  -2   1  -6  -2   3   21   1   1   0   0   0  11   2   0  17   6   2   1   2   1   3   9   0   1  21  0.48 0.36
  251 A     6  -4  -5  -7  -4  -6  -6  -5  -5   1   1  -6  -2  -7  -6  -2   0  -8  -7   0   64   1   0   0   0   0   0   0   0   8  11   0   1   0   0   3   6   0   0   6  1.37 0.75
  252 Q    -3   6  -1  -2  -4   2  -3  -5   0  -1  -3   3  -2  -4  -6  -1   0   1  -2  -1    2  36   3   3   0   8   1   0   2   3   3  18   1   1   0   4   7   2   1   5  0.79 0.49
  253 K    -1   0   0   0   2   0   0  -1   2   0  -1   0   1   0  -3   0   0   3   1   0    5   5   5   5   5   5   5   5   5   5   5   5   5   5   0   5   5   5   5   5  0.06 0.10
  254 Q    -2   4   0  -4  -5   4  -1  -2   4  -1  -1   0   1  -4  -5  -1  -1  -5   0  -1    4  20   3   0   0  20   4   4  11   4   5   5   4   0   0   5   4   0   3   4  0.50 0.38
  255 V     1   0  -1  -1   0  -1  -1  -2   0   1   0  -1   2  -1  -1   0   1  -3  -1   1   16   6   2   3   2   3   4   2   2  10   7   3   6   2   2   6  11   0   2   9  0.08 0.12
  256 K     0   0   0   0  -2   1   0   0   1   0  -1   0   1   0   1   0   0  -2   1   0    6   6   5   6   0   5   6   6   5   6   6   6   5   5   6   6   6   0   5   6  0.03 0.06
  257 K     0   2   0   0   0   1   0  -1   0  -1  -1   2   1  -1   0   0   0   1  -2  -1    6  10   4   4   3   8   7   5   3   3   7  12   4   4   4   7   4   3   0   3  0.08 0.12
  258 I    -1   0   0   0   2   0   0  -1   2   0  -1   0   2   1   0  -1   0   4   1  -1    5   5   5   5   5   5   5   5   5   5   5   5   5   5   5   5   5   5   5   5  0.09 0.08
  259 D     0   0   0   0  -2   1   0   0   1   0  -1   0   1   0   1   0   0  -2   1   0    6   6   5   6   0   5   6   6   5   6   6   6   5   5   6   6   6   0   5   6  0.03 0.06
  260 S     0   2   0  -1   1   1  -1  -1   2  -1  -2   1   1   0   0   1   0   2   0  -1    7  10   5   4   3   6   4   4   4   4   5   8   4   4   4  10   5   3   3   4  0.09 0.09
  261 C    -1   0   0   0   2   0   0  -1   2   0  -1   0   2   1   0  -1   0   4   1  -1    5   5   5   5   5   5   5   5   5   5   5   5   5   5   5   5   5   5   5   5  0.09 0.08
  262 E    -1   2   0  -1   1   1   0  -1   2  -1  -2   0   1   0   0   0   0   2   0  -1    4  11   5   4   3   6   7   5   5   4   5   6   3   4   4   7   6   3   3   4  0.09 0.09
  263 R    -1   0   0   0   2   0   0  -1   2   0  -1   0   2   1   0  -1   0   4   1  -1    5   5   5   5   5   5   5   5   5   5   5   5   5   5   5   5   5   5   5   5  0.09 0.08
  264 R    -1   0   0   0   2   0  -1  -1   2   0  -1   0   2   0   0  -1   0   3   1  -1    5   5   5   5   5   5   5   5   5   5   5   5   5   5   5   5   5   5   5   5  0.03 0.09
  265 F    -1   0   0   0   2   0   0  -1   2   0  -1   0   2   1   0  -1   0   4   1  -1    5   5   5   5   5   5   5   5   5   5   5   5   5   5   5   5   5   5   5   5  0.09 0.08
  266 L     0   0   0   0   1   1   0  -1   2  -1  -1   0   1   0   0   0   0   2   0  -1    7   6   5   4   4   5   6   5   5   4   6   7   4   4   5   6   6   3   4   5  0.05 0.05
  267 G    -1   0   0   0   2   0   0  -1   2   0  -1   0   2   1   0  -1   0   4   1  -1    5   5   5   5   5   5   5   5   5   5   5   5   5   5   5   5   5   5   5   5  0.09 0.08
  268 G    -1   0   0   0   2   0   0  -1   2   0  -1   0   2   1   0  -1   0   4   1  -1    5   5   5   5   5   5   5   5   5   5   5   5   5   5   5   5   5   5   5   5  0.09 0.08
  269 P     0   0   1   0   2   0   0   0   2  -1  -1   0   0  -1   1   0   0   2   0  -1    7   5   6   5   4   4   6   7   5   4   5   5   3   3   6   8   5   3   3   4  0.03 0.06
  270 A    -1   0   0   0   2   0  -1  -1   2   0  -1   0   2   0   0  -1   0   3   1  -1    5   5   5   5   5   5   5   5   5   5   5   5   5   5   5   5   5   5   5   5  0.03 0.09
  271 R     0   0   0   0   2   0   0  -1   1   0  -1   0   1   0   0   0   0  -2   1   0    5   5   5   5   5   5   5   5   5   5   5   5   5   5   5   5   5   0   5   5  -0.00 0.06
  272 P    -1   0   0   0   2   0  -1  -1   2   0  -1   0   2   0   0  -1   0   3   1  -1    5   5   5   5   5   5   5   5   5   5   5   5   5   5   5   5   5   5   5   5  0.03 0.09
  273 P    -1   0   1   0   1   1   0   0   2  -1  -1   0   1  -1   1   0   0   1   0  -1    4   6   6   5   3   6   5   7   5   3   6   4   3   3   6   8   5   2   3   4  0.01 0.07
  274 S     0   1   0   0   1   0   0   0   1   0   0   0   0  -1   0   0   0   1   0  -1    6   7   6   4   3   5   5   6   4   6   7   5   3   3   5   6   7   2   3   4  -0.01 0.03
  275 P    -1   0   0   0   2   0  -1  -1   2   0  -1   0   2   0   0  -1   0   3   1  -1    5   5   5   5   5   5   5   5   5   5   5   5   5   5   5   5   5   5   5   5  0.03 0.09
  276 E     0   0   0   0   2   1   0  -1   2  -1  -2   0   1   0   0   0   0   2   0  -1    6   6   5   5   4   5   5   5   5   4   4   5   4   3   5   7   5   3   3   4  0.01 0.07
  277 P    -1   0   0   0   2   0  -1  -1   2   0  -1   0   2   0   0  -1   0   3   1  -1    5   5   5   5   5   5   5   5   5   5   5   5   5   5   5   5   5   5   5   5  0.03 0.09
  278 S     0   0   0   0   1   0   0  -1   1   0  -1   0   1   0   0   0   0   2   0  -1    6   5   5   5   4   4   5   5   4   5   7   5   4   4   5   8   6   3   3   5  -0.01 0.04
  279 P    -1   0   0   0   2   0  -1  -1   2   0  -1   0   2   0   0  -1   0   3   1  -1    5   5   5   5   5   5   5   5   5   5   5   5   5   5   5   5   5   5   5   5  0.03 0.09
  280 S     0   0   0   0   2   0   0  -1   1   0  -1   0   1   0   0   0   0  -2   1   0    5   5   5   5   5   5   5   5   5   5   5   5   5   5   5   5   5   0   5   5  -0.00 0.06
  281 P     0   0   0   0   1   0   0   0   1  -1  -1   0   0   0   1   0   0  -2   0   0    7   6   5   4   3   5   5   6   5   4   5   5   3   4   6   8   6   0   3   5  0.01 0.04
  282 G    -1   0   1   0   1   1   0   0   3  -1  -1   0   0   0   1   1   0   1   0  -2    5   6   6   4   2   5   5   6   6   4   5   5   2   4   6   9   7   2   3   3  0.03 0.08
  283 P     0   0   1   0   1   1   0   0   2  -1  -1   0   1  -1   1   0   0  -4   0  -1    6   6   6   5   4   5   5   6   5   4   6   5   3   3   7   8   5   0   4   4  0.03 0.06
  284 P    -1   0   0   0   2   0   0  -1   2   0  -1   0   2   1   0  -1   0   4   1  -1    5   5   5   5   5   5   5   5   5   5   5   5   5   5   5   5   5   5   5   5  0.09 0.08
  285 R    -1   0   0   0   2   0  -1  -1   2   0  -1   0   2   0   0  -1   0   3   1  -1    5   5   5   5   5   5   5   5   5   5   5   5   5   5   5   5   5   5   5   5  0.03 0.09
  286 P     0   0   0   0   2   0   0  -1   1   0  -1   0   1   0   0   0   0  -2   1   0    5   5   5   5   5   5   5   5   5   5   5   5   5   5   5   5   5   0   5   5  -0.00 0.06
  287 A    -1   0   0   0   1   0   0  -1   2  -1  -1   0   1   0   0   0   0   2   0  -1    5   5   5   5   4   5   5   5   5   4   6   5   3   4   5   9   6   3   3   4  0.00 0.06
  288 D    -1   0   0   0   2   0  -1  -1   2   0  -1   0   2   0   0  -1   0   3   1  -1    5   5   5   5   5   5   5   5   5   5   5   5   5   5   5   5   5   5   5   5  0.03 0.09
  289 S    -1   0   0   0   2   0  -1  -1   2   0  -1   0   2   0   0  -1   0   3   1  -1    5   5   5   5   5   5   5   5   5   5   5   5   5   5   5   5   5   5   5   5  0.03 0.09
  290 L    -1   0   0   0   2   0  -1  -1   2   0  -1   0   2   0   0  -1   0   3   1  -1    5   5   5   5   5   5   5   5   5   5   5   5   5   5   5   5   5   5   5   5  0.03 0.09
  291 A    -1   0   1   1   2   0   0  -1   1  -1  -1   0   1   0   0   0   0   2   0  -1    5   5   6   7   4   4   5   5   4   4   5   6   4   4   5   6   5   3   3   4  0.01 0.06
  292 N    -1   0   0   0   2   0  -1  -1   2   0  -1   0   2   0   0  -1   0   3   1  -1    5   5   5   5   5   5   5   5   5   5   5   5   5   5   5   5   5   5   5   5  0.03 0.09
  293 G    -1   0   0   0   2   0  -1  -1   2   0  -1   0   2   0   0  -1   0   3   1  -1    5   5   5   5   5   5   5   5   5   5   5   5   5   5   5   5   5   5   5   5  0.03 0.09
  294 R    -1   0   0   0   2   0  -1  -1   2   0  -1   0   2   0   0  -1   0   3   1  -1    5   5   5   5   5   5   5   5   5   5   5   5   5   5   5   5   5   5   5   5  0.03 0.09
  295 S    -1   0   0   0   2   0   0  -1   2   0  -1   0   2   1   0  -1   0   4   1  -1    5   5   5   5   5   5   5   5   5   5   5   5   5   5   5   5   5   5   5   5  0.09 0.08
  296 S    -1   0   0   0   2   0   0  -1   2   0  -1   0   2   1   0  -1   0   4   1  -1    5   5   5   5   5   5   5   5   5   5   5   5   5   5   5   5   5   5   5   5  0.09 0.08
  297 K    -1   0   0   0   2   0   0  -1   2   0  -1   0   2   1   0  -1   0   4   1  -1    5   5   5   5   5   5   5   5   5   5   5   5   5   5   5   5   5   5   5   5  0.09 0.08
  298 R    -1   0   0   0   2   0   0  -1   2   0  -1   0   2   1   0  -1   0   4   1  -1    5   5   5   5   5   5   5   5   5   5   5   5   5   5   5   5   5   5   5   5  0.09 0.08
  299 R    -1   0   0   0   2   0   0  -1   2   0  -1   0   2   1   0  -1   0   4   1  -1    5   5   5   5   5   5   5   5   5   5   5   5   5   5   5   5   5   5   5   5  0.09 0.08
  300 P    -1   3   0  -2  -1   1  -1  -1   1  -2  -2   2  -1  -1   1   0   0  -1  -2  -1    5  16   4   2   1   6   4   6   3   3   5  13   1   3   6   8   6   1   2   5  0.19 0.18
  301 S    -1   2   1  -1   0   2   0  -1   2  -1  -1   1   0  -1  -1   1   0   1  -2  -1    6  11   6   3   2   9   6   4   4   3   5   8   3   3   3   9   6   2   2   6  0.11 0.12
  302 R     0   3   0  -1   0   0  -1  -1   1  -1  -1   2   1  -1  -2   1   0   1  -1  -2    7  15   5   3   2   4   4   5   3   3   7  11   4   3   2  10   6   2   3   3  0.15 0.14
  303 L     0   1   0  -1   0   0  -1  -1   2   1   0   1   1   0   0   0  -1   1  -1  -1    7   6   5   3   2   5   3   4   5   8  11  10   4   4   5   8   4   2   2   4  0.06 0.07
  304 V     0   0   1  -1   1   0  -1  -2   2   0  -1   1   1   1  -1   1   0   2   0   0    8   6   6   3   3   5   4   3   4   4   6   7   4   6   3  13   4   3   3   6  0.07 0.09
  305 A    -1   0   0   0   2   0  -1  -1   2   0  -1   0   2   0   0  -1   0   3   1  -1    5   5   5   5   5   5   5   5   5   5   5   5   5   5   5   5   5   5   5   5  0.03 0.09
  306 L    -1   2   1  -1   1   0  -1  -2   1  -1  -1   1   1   1   0   1   0  -5   0   0    5  11   6   3   3   5   4   4   3   4   6   9   3   5   4   9   7   0   3   7  0.08 0.09
  307 R    -1   0   0   0   2   0   0  -1   2   0  -1   0   2   1   0  -1   0   4   1  -1    5   5   5   5   5   5   5   5   5   5   5   5   5   5   5   5   5   5   5   5  0.09 0.08
  308 E     0   0   1   0   2   1   0   0   2  -2  -1   0   1  -2   1   0   0  -3   1  -2    6   6   6   6   6   6   6   6   6   0   6   6   6   0   6   6   6   0   6   0  0.05 0.14
  309 Q    -1   1   0   0   1   1   0  -1   2  -1   0   0   1  -1   0   1   0  -3   1   0    3   8   4   5   3   6   4   3   6   3   9   6   4   3   3  10   5   0   6   6  0.05 0.09
  310 K     0   0   1   0  -2   1   0   0   2   0  -1   0   1  -2   1   0   0  -3  -2   0    6   6   6   6   0   6   6   6   6   6   6   6   6   0   6   6   6   0   0   6  0.06 0.08
  311 A     2   0   0   0  -2   0   0   0   1   0  -1   0   0   0   0   1   1  -3  -2   0   20   6   3   4   0   4   5   5   3   5   7   5   3   4   3   8   8   0   0   5  0.06 0.11
  312 L    -1   0  -2   0   2   0   0  -1   2   0  -1   0   1   0   0   0   0   3   1   0    5   5   0   5   5   5   5   5   5   5   5   5   5   5   5   5   5   5   5   5  0.06 0.10
  313 K    -2   3   0  -1   1   1  -1  -1   0  -1  -1   3   0   0  -1   0   0  -4  -3  -1    3  17   4   3   3   5   3   4   3   4   5  22   3   4   3   6   5   0   0   4  0.25 0.25
  314 T     0   0   0  -2  -2   1   0   0  -1   0   0   0   1   1   1   0   0  -2   1   0    6   6   6   0   0   6   6   6   0   6   6   6   6   6   6   6   6   0   6   6  0.04 0.08
  315 L    -1   0  -1  -3  -2  -2  -1  -1  -3   2   2   0   2   0   0  -1   0  -3  -2   0    5   6   4   0   0   0   4   5   0  12  27   5   5   4   6   4   6   0   0   6  0.12 0.15
  316 G     1  -1  -2  -3  -1  -1  -2   4   1  -1  -1  -1   0  -1  -1   1   0  -3  -1  -1   14   3   0   0   2   2   0  32   4   3   7   3   2   3   3   9   7   0   2   3  0.27 0.22
  317 I    -1   0  -2  -1   1  -2  -2  -3   0   2   0   1   2   1  -3  -1   1   2   0   1    4   5   0   5   3   0   0   1   3  14   5  12   6   7   0   4  10   3   3  11  0.10 0.14
  318 I    -1  -1   1  -3  -3  -2  -3  -1   1   3   0  -2   2   0   0  -2   0  -3  -2   2    5   5   7   0   0   0   0   5   5  25   7   0   6   4   4   0   5   0   0  19  0.22 0.21
  319 M    -1  -1  -3  -1   0  -3  -3  -3  -3   2   1  -3   5   1  -3  -2  -1  -3   1   3    2   4   0   4   2   0   0   2   0   9  11   0  19   6   0   3   3   0   5  28  0.35 0.27
  320 G     0   0   0  -2   2  -2  -3   4  -3   0   0   0  -1   0  -3   0  -1  -3  -3   0    7   5   6   0   5   0   0  37   0   5  10   5   2   4   0   5   2   0   0   6  0.29 0.21
  321 V     2  -3  -2  -3   3   0  -2   1  -3   0   0  -2   0  -1   0   0   1  -4  -3   2   24   0   1   0   7   4   1   9   0   5   6   1   2   2   3   8   8   0   0  17  0.17 0.19
  322 F    -2  -5  -5  -6  -4  -5  -5  -5   1  -1   1  -5   1   8  -5  -4  -4  -2   2  -1    4   0   0   0   0   0   0   0   3   2  10   0   4  69   0   0   0   0   4   3  1.53 0.61
  323 T     0  -3  -3  -4   0  -3  -3  -1  -3   3   2  -1   2   2  -3  -1   0   1  -1   2    7   0   0   0   2   0   1   4   0  22  21   3   6   8   0   3   4   2   1  14  0.24 0.19
  324 L     0  -3  -3  -4   0  -3  -2  -2   0   3   2  -3   0   1  -1  -2  -1  -3  -2   2    9   0   0   0   2   0   4   4   3  26  20   0   1   7   2   2   2   0   0  18  0.28 0.22
  325 C     0  -3  -4  -5  10  -4  -5  -4   1  -2  -1  -4   0  -1  -3  -1   0  -1  -4  -1    7   1   0   0  59   0   0   0   4   2   6   0   2   3   1   5   5   1   0   3  1.58 0.61
  326 W    -2  -2   1  -2   3   1   0   0  -2  -1   0   0   2   1  -3  -1   0   4   2   0    1   0   7   0   7   7   8   8   0   0   8   8   7   7   0   1   8   7   7   8  0.13 0.16
  327 L    -1  -4  -4  -5   1  -1  -4  -1   0   1   4  -4   2   2  -1  -2   0   0   0   0    4   0   0   0   3   3   0   5   3   5  43   0   4   9   2   2   6   1   3   6  0.40 0.29
  328 P    -2  -1  -5  -5   0  -4  -4  -3  -5  -5  -3  -4  -5  -1   8  -4  -2  -6  -5  -1    3   4   0   0   2   0   0   2   0   0   2   0   0   3  73   0   2   0   0   4  1.95 0.75
  329 F    -2  -5  -1  -5   1  -5  -5  -5   1   0  -1  -5  -3   7  -5  -1  -4   3   4  -2    3   0   3   0   3   0   0   0   3   4   6   0   0  53   0   5   0   4  13   2  1.26 0.55
  330 F    -3  -3  -1  -5  -1  -2  -3  -4   0   0  -1  -4  -1   7  -5   0  -1   3   1  -1    2   1   3   0   1   1   1   1   2   6   4   0   1  54   0   8   3   3   4   3  1.04 0.49
  331 L    -1  -4  -4  -4   0  -2  -4  -3  -4   3   2  -3   1   1  -4  -1   1  -3  -2   3    3   0   0   0   2   2   0   2   0  20  24   0   3   7   0   5  11   0   0  18  0.40 0.26
  332 A     0  -2  -1  -2   3  -1  -2  -2  -2   1   1  -2   1   0  -1   0   1   3  -1   1    6   1   3   2   7   2   1   2   1   8  19   1   4   4   3   7  11   4   1  12  0.12 0.13
  333 N    -1  -3   4  -3  -2  -2  -2  -2   0  -1  -2  -1   0   2  -1   0   0   4   5  -2    6   0  20   0   1   1   3   3   2   3   4   4   3   7   3   8   5   6  20   3  0.38 0.29
  334 V    -2  -2  -4  -3   2  -3  -3  -4  -4   2   3  -2   1   1   0  -1   1   0  -2   2    2   2   0   1   4   0   0   0   0  14  29   3   3   5   5   4   8   1   0  15  0.31 0.23
  335 V    -1  -2  -4  -4   2  -3  -4  -4   0   4   2  -3   1  -1  -2  -1   1   2  -1   2    4   2   0   0   4   0   0   1   3  26  20   0   2   2   2   4   8   3   2  15  0.37 0.26
  336 K     0   1   0   0   0   0   0   0   1  -1   0   0   0   0  -2   1   1  -1   1   0    4   8   4   7   3   3   4   5   6   3   8   6   2   3   1  11  10   1   5   7  0.03 0.06
  337 A     4  -2  -2  -3   2  -3  -3   0   0  -2  -2  -3  -2  -1   4   1   0  -5  -2   0   31   1   2   1   4   1   1   6   2   1   3   1   1   3  18  12   4   0   1   7  0.46 0.35
  338 F    -2  -5  -3  -4   1  -4  -5  -2  -1   2   2  -4   1   5  -4  -2  -3   0   0   2    3   0   1   1   3   1   0   4   2  12  15   1   3  30   1   3   1   1   3  16  0.62 0.37
  339 H    -3  -3   0  -4  10  -3  -1  -4  -1  -1  -1  -4   1  -1  -2  -2  -1   0  -2  -3    2   2   4   1  47   1   4   2   2   4   7   1   3   3   3   4   4   2   2   2  1.46 0.69
  340 R     0   1   1   0  -1   0   0   2   0  -4  -4   1  -3  -4   3   2  -1  -3  -3  -4    8   7   7   6   1   4   5  15   3   1   2   7   1   1  15  13   4   0   1   1  0.32 0.26
  341 D    -2  -3   0   2   7  -1   1  -1   0  -2  -3  -3  -1   0  -3   2   1  -1   1  -2    2   1   4  11  21   3   8   4   2   2   2   2   1   5   1  13   9   1   4   3  0.50 0.34
  342 L     0  -2  -1  -2   8   0  -2  -4   1  -2   0  -2  -2   0   1  -1   0   0   1  -1    6   2   4   2  31   4   3   1   4   2   8   3   1   3   7   5   5   1   5   4  0.75 0.42
  343 V    -2  -3  -2  -4   5  -3  -5  -5  -2   4  -1  -3   1   0  -1  -2   0   1  -2   4    4   2   2   1   9   1   1   1   1  25   4   2   4   4   3   3   5   2   1  25  0.67 0.37
  344 P    -3  -5   0  -1  -7  -2  -3  -4   2  -4  -4  -3  -3  -4   7   2  -3  -3  -3  -3    2   1   5   4   0   2   2   2   4   1   2   2   1   1  53  13   2   0   1   2  1.40 0.75
  345 D    -1   0  -1   3  -3  -1   1  -1   1  -2  -2   0  -2  -2   3   1  -1  -3  -1  -2    5   5   3  19   0   3  10   4   3   2   4   6   1   2  17   9   3   0   2   3  0.34 0.27
  346 R     0  -1  -2  -1  -3  -1   0  -2   1   2   0  -1  -1  -1  -1   0   2   5   0   1    8   3   2   3   0   2   7   2   3  10  10   3   1   2   3   6  11   9   4   9  0.19 0.17
  347 L     0  -6  -5  -5  -2  -5  -5  -4  -6   1   4  -5   1   0  -4  -5  -1   3  -3   4    9   0   1   1   1   1   1   1   0   6  34   1   4   4   1   1   4   3   1  27  0.85 0.46
  348 F    -3  -2  -3  -2  -6  -3  -2  -3   0   0  -2  -3   3   6  -7  -1  -2   3   4   1    2   3   2   3   0   2   3   2   2   5   4   2   6  33   0   4   2   4  11  10  0.83 0.46
  349 V     1   0   1   2  -3   0   0  -2  -1  -2  -2   1  -1  -3  -2   3   1  -3  -3  -1   10   4   6  12   0   3   7   3   1   2   4   9   1   1   2  19  10   0   1   4  0.23 0.23
  350 F     1  -6  -7  -7  -1  -7  -7  -5  -7   4   1  -7  -1   5  -5  -3   0  -1  -2   4   10   0   0   0   1   0   0   1   0  21  12   0   1  19   1   2   6   1   1  23  0.89 0.49
  351 F     0  -6  -6  -7   2  -6  -6  -5  -6   2   2  -6  -1   6  -7  -1   1  -2  -2   2    7   0   0   0   3   0   0   1   0   9  21   0   1  26   0   5  10   1   1  13  0.81 0.46
  352 N    -4  -6   1  -6  -2  -4  -5  -5   0   0   2  -3  -1   5  -6  -2   4  -5   0   0    1   0   8   0   1   1   1   1   3   5  22   2   1  19   0   3  22   0   4   7  0.69 0.43
  353 W    -7 -10 -10 -11  -3  -9 -10 -10 -10  -2  -2 -10  -3   0 -10  -6  -6  13  -4  -5    1   0   0   0   1   0   0   0   0   2   5   0   1   3   0   1   1  84   1   1  4.45 1.73
  354 L    -5  -8  -8  -8  -2  -7  -5  -7  -8   2   6  -8   2   1  -8  -6  -5  -2  -6  -1    1   0   0   0   1   0   1   1   0  11  70   0   4   5   0   1   1   1   0   5  1.65 0.78
  355 G     0  -8  -4  -7   0  -5  -7   7  -3  -6  -4  -7  -5  -8  -1  -2  -2  -8  -8  -3    8   0   1   0   2   1   0  72   1   0   2   0   0   0   4   3   3   0   0   2  1.80 0.86
  356 Y    -6  -8  -5  -8  -8  -7  -8  -8   1  -7  -4  -8   0   1  -6  -7  -6   6  10  -7    1   0   1   0   0   0   0   0   3   0   2   0   2   6   1   0   1   8  75   0  3.02 1.23
  357 A     1  -6  -6  -6   6  -5  -6  -4  -6   2   2  -6   1   3  -4   0  -1  -3  -1   2   12   0   0   0  16   0   0   1   0  12  16   0   3  14   1   8   4   0   2  11  0.70 0.39
  358 N    -6  -6   9  -3  -4  -4  -6  -5  -6  -8  -7  -3  -8  -8  -7  -1  -6  -8  -8  -8    1   0  87   1   0   1   0   1   0   0   1   2   0   0   0   5   0   0   0   0  2.97 1.22
  359 S    -2  -6  -5  -6  -1  -6  -6  -6  -7  -7  -8  -6  -7  -8  -4   8  -3  -8  -7  -7    3   0   0   0   1   0   0   0   0   0   0   0   0   0   1  91   1   0   0   0  2.56 1.16
  360 A     4  -4  -5  -4   5  -5  -5   0  -5  -3   0  -5   2   1  -4   0   3  -5  -5  -2   33   1   0   1  10   0   0   6   0   1  10   0   5   6   1   8  15   0   0   2  0.66 0.43
  361 F    -2  -6  -7  -7   4  -6  -6  -5  -6   4   4  -6   4   1  -6  -5  -3  -6  -5   2    3   0   0   0   7   0   0   1   0  20  40   0   9   6   0   1   1   0   0  11  1.05 0.50
  362 N    -7  -6   9  -5  -8  -6  -6  -6  -5  -4  -8  -6  -7  -8  -7  -5  -2  -8  -7  -8    0   0  93   0   0   0   0   0   0   2   0   0   0   0   0   0   3   0   0   0  3.18 1.20
  363 P    -6  -7  -7  -7  -8  -7  -7  -7  -7  -2  -8  -7  -7  -8   9  -4  -6  -8  -8  -5    0   0   0   0   0   0   0   0   0   3   0   0   0   0  92   2   0   0   0   1  3.24 1.23
  364 I    -2  -6  -6  -6   0  -5  -6  -5  -6   5   2  -6   2   4  -5  -5  -4  -1  -1   2    3   0   0   0   2   0   0   1   0  35  20   0   5  15   1   0   0   1   1  15  0.99 0.45
  365 I    -6  -7  -7  -7   0  -7  -7  -7  -7   8   2  -7  -2  -3  -7  -6  -4  -6  -6   0    0   0   0   0   2   0   0   0   0  70  18   0   1   1   0   0   1   0   0   6  1.96 0.75
  366 Y    -7  -7  -7  -7  -7  -6  -7  -7  -4  -6  -6  -7  -6   1  -7  -7  -6  -3  10  -6    0   0   0   0   0   0   0   0   0   0   0   0   0   4   0   0   0   0  91   0  3.52 1.21
  367 C     4  -5  -3  -5   5  -4  -4  -2  -5  -1  -2  -4  -3  -2  -1   0   4  -5  -4  -2   37   0   1   0  11   0   0   2   0   4   3   0   1   2   3   7  25   0   0   2  0.83 0.47
  368 R    -5   0  -4  -6  -3  -4  -6  -6   0  -2   1  -5   2   8  -6  -2  -3   2   3  -3    0   5   1   0   1   1   0   0   2   2  13   0   4  52   0   3   2   2  10   1  1.42 0.59
  369 S    -2  -2   7  -2  -4  -4  -4  -4   2  -5  -5  -3  -2  -4  -5   3  -2  -3   0  -5    4   2  56   1   0   0   0   1   5   1   1   1   1   1   0  19   2   0   3   1  1.46 0.67
  370 P    -1   5  -2  -3  -6   0  -2  -3   0  -3  -3   4   0  -6   3  -1  -2  -6  -3  -3    6  32   1   1   0   3   2   2   2   1   2  21   2   0  14   4   2   0   1   1  0.74 0.43
  371 D    -4   0   0   6  -4   0   3  -3  -1  -2  -5  -1  -6  -6  -4  -1  -1   2  -6  -4    1   5   3  45   0   3  19   2   1   3   1   3   0   0   1   5   4   3   0   1  1.00 0.52
  372 F    -8  -8  -6  -9  -8  -9  -9  -9  -4  -3  -3  -9  -3  10  -9  -8  -8  -5   1  -6    0   0   0   0   0   0   0   0   0   1   2   0   1  92   0   0   0   0   3   0  3.30 1.14
  373 R    -5   8  -3  -7  -9   1  -5  -6  -4  -8  -8   1  -7  -8  -7  -5  -6  -8  -5  -8    1  83   1   0   0   5   0   0   0   0   0   8   0   0   0   1   0   0   0   0  2.53 1.00
  374 K    -1   4   0  -1  -4   1   1  -2   1  -2  -2   3  -1   0  -3  -1  -1  -5  -2  -3    5  26   4   2   0   7   8   3   3   2   3  18   1   5   1   5   4   0   1   1  0.41 0.28
  375 A     6  -5  -4  -5   0  -5  -2  -3  -6  -5  -6  -4  -5  -6   0  -1   0  -7  -6  -1   75   0   0   0   2   0   2   2   0   0   0   0   0   0   5   4   5   0   0   4  1.52 0.73
  376 F    -5  -7  -7  -8  -2  -7  -7  -7  -6  -2  -1  -7  -2   9  -8  -7  -6  -4   2  -3    1   0   0   0   1   0   0   0   0   3   6   0   1  81   0   0   0   0   5   1  2.62 0.92
  377 Q    -2   4  -3  -4  -3   2  -3  -3  -1  -1  -1   5  -1  -4  -4  -2  -2   3  -2  -1    3  19   1   0   1   7   0   2   1   4   5  39   1   1   0   3   2   4   1   4  0.72 0.42
  378 R    -2   4   2  -1  -4   0   0  -3   0  -2  -2   4   0  -4  -4   1  -2  -5  -3  -3    3  24   9   3   0   4   5   2   2   3   4  25   3   0   0   9   1   0   1   2  0.54 0.34
  379 L    -3  -5  -4  -6  -5  -4  -6  -5  -4   6   4  -5   2   0  -6  -4   0  -5  -1   1    2   0   1   0   0   1   0   1   0  39  32   0   5   4   0   1   6   0   2   7  0.99 0.46
  380 L    -4  -6  -5  -6  -2  -5  -6  -7  -6   3   5  -4   1   3  -6  -5  -2  -2  -4   0    1   0   0   0   1   0   0   0   0  12  63   1   3  10   0   0   2   0   0   5  1.24 0.54
  381 C    -2   2  -3  -4   8  -1  -3  -1   0  -3  -1  -1   1   0  -1   1   1  -1  -2  -3    3  10   1   0  30   3   1   6   2   1   5   4   3   3   3  11   9   1   1   1  0.70 0.36
  382 C    -3   2  -4  -5  10  -3  -5  -1  -3  -3  -2  -1  -2  -1  -1  -1  -4  -1  -1  -3    1  11   0   1  55   1   1   5   1   1   3   4   1   2   3   4   1   1   2   2  1.71 0.64
  383 A    -1   3  -1  -2   3   2  -1   0   2  -2  -1   2   0  -2   0   0  -2   0  -1  -1    5  16   3   2   7  10   1   7   5   1   6  16   2   1   4   5   2   2   2   4  0.22 0.18
  384 R    -2   4  -1  -2   5  -1  -1  -3  -1  -2  -1   2  -2   2  -2  -1  -2   3   2  -2    1  25   2   2  14   3   3   2   1   2   5  12   1   8   2   4   1   4   6   3  0.43 0.27
  385 R    -2   5  -2  -2   3   0  -1  -3  -1  -2   0   2  -1  -1   1  -1  -1  -1  -1  -2    3  32   2   1   8   3   2   2   1   2   8  14   1   2   6   5   2   1   2   2  0.44 0.28
  386 A     0   2   2  -1   3   1  -1   0   0  -2  -2   0  -2  -1   0   1   1   1  -1  -2    8  12  10   2   7   7   2   7   2   2   4   6   1   2   5  11   7   2   2   2  0.14 0.13
  387 A     0   0   1  -1   1   0  -1   0   0   0   0   0   0   0   0   0   0   2   0  -1    9   6   9   3   3   4   1   6   3   8   9   7   2   4   5   8   5   4   3   2  0.03 0.05
  388 C    -1   1   2  -2   5  -1  -1  -1   1  -2  -2   0   0  -1  -2   1   1  -1   0  -2    5   9  10   2  16   2   4   3   3   2   3   5   3   2   2   9  11   1   3   3  0.24 0.19
  389 R     0   5  -1  -3   0   0  -1  -3  -1  -3   0   2   1  -2   0  -1  -2   0  -1  -2    7  34   3   1   2   3   3   2   1   0  12  11   5   2   4   4   2   1   2   3  0.41 0.27
  390 R    -1   6  -1  -1   0   0  -2  -2   0  -4  -2   2  -2  -4  -4  -1  -1  -2  -2  -5    4  52   2   3   2   3   2   3   2   1   4  11   1   1   1   3   4   1   2   0  0.94 0.45
  391 R    -1   4   1   0  -1   1   0  -1   1  -2   0   1  -2  -2  -2   0  -1  -2  -2  -2    4  30   6   6   2   7   4   4   4   2  10   6   1   2   2   6   2   1   1   1  0.29 0.21
  392 A     1   1   0  -1  -2   0   0   2   1  -2  -2   0  -2  -2   1   1   1  -1   1  -2   10   9   4   2   0   3   6  14   3   2   3   4   1   1   6  14   8   1   6   2  0.13 0.11
  393 A     1   0  -2   0   1   0  -1  -2   0  -1  -1  -1  -1   0   0   3   1  -2   0  -1   11   7   1   5   4   5   3   2   2   3   6   3   2   4   4  25   9   0   4   2  0.15 0.16
  394 H     0   0   0   2  -2   0   0   0   3  -1  -1  -1  -1  -1   1   0  -1  -2   1  -1    9   5   3  12   1   4   5   8   8   4   7   3   1   3   6   8   2   0   7   4  0.08 0.08
  395 G    -1   0  -1  -1  -1   1  -1   3   1  -1   0   0   1   0  -2   1   1  -2  -2  -1    3   4   2   3   2   6   3  24   3   3   9   4   4   4   1  12   9   0   1   5  0.14 0.13
  396 D    -1   0   2   1  -2   0   0   0   2  -1   0  -1  -1   0   0   2   0  -1   0  -2    3   5  10  10   0   3   4   8   5   3  10   3   1   3   4  19   4   1   2   2  0.11 0.12
  397 R    -1   3  -1  -1  -1   3  -1  -2   1  -2  -1   1   2  -1  -1   1   0   0  -1  -1    3  19   2   2   1  13   3   2   4   2   5   7   5   3   2  14   5   1   2   4  0.23 0.19
  398 P    -1   1  -1  -2  -2  -1  -1  -1   2  -2  -2  -2   4  -1   4   2  -1  -3   1  -2    5  10   3   2   1   2   3   5   5   2   3   1  12   3  19  14   4   0   5   3  0.31 0.23
  399 R    -1   6  -2  -3  -1   0  -2  -1  -2  -5  -2   2   0  -3  -2   1  -2   0  -3  -4    5  45   2   1   1   3   2   6   1   0   3   9   2   1   2  12   2   1   1   1  0.75 0.39
  400 A     1   0   2  -1   1   1  -1   0   1  -2  -1  -1   0  -1   1   1   1  -4  -1  -2   12   5  13   2   4   5   3   6   4   1   7   3   2   2   7  12   9   0   2   1  0.13 0.12
  401 S    -1   0   0   1  -2   1  -1   0   0  -4  -4  -2  -2  -4   0   4   2  -1  -2  -1    2   5   4   9   1   6   3   6   2   0   1   1   1   0   5  32  11   1   1   5  0.35 0.27
  402 G     0   3   0   0   1  -1  -1   2   2  -3  -2  -1  -3  -3  -2   2   0  -4   0  -2    7  17   5   4   3   3   4  15   5   0   3   1   0   1   1  19   5   0   3   2  0.25 0.20
  403 C     0   0  -1  -1   3  -1  -1  -1   1  -3  -3  -1   2   0  -3   3   1  -4   2  -2    8   6   3   4   7   2   4   5   3   1   1   2   7   5   0  22  10   0   7   2  0.23 0.21
  404 L     0   0   0   0  -2   0   0   1  -1   0   0  -1   0   0   1   0   0  -1   0   0    5   6   3   4   1   6   4  11   1   7  11   2   2   3   9   7   6   1   3   9  0.04 0.04
  405 A     1   2   0  -2   0   0  -1   1   0  -4  -3   0  -1  -4   1   3   1  -5  -2  -3   11  14   4   1   2   4   3  10   3   0   3   4   1   0   6  25   7   0   1   1  0.30 0.23
  406 R     0   3   1  -2  -3   0  -1  -1   0  -2  -1   1  -3  -1   0   1   1  -3   2   0    7  18   6   2   0   5   3   4   1   1   5   8   0   2   5  12   8   0   9   6  0.17 0.16
  407 A     1   1   3  -1  -4   1  -2  -1  -2  -1  -2  -2  -2  -1  -2   3  -1  -4   2  -2    9   7  14   2   0   7   1   5   0   4   3   1   1   3   2  29   3   0   7   3  0.32 0.26
  408 G     0   0   2  -3  -4  -1  -1   3   0  -2   0  -1   2  -3  -2   2   1  -4  -3  -3    9   5   9   0   0   2   2  24   2   1   8   2   7   1   2  18   7   0   1   1  0.30 0.22
  409 P    -2   1  -3   0  -3   2   1  -2  -1  -1  -3  -2  -1  -1   5   0   2  -5  -4  -1    2   8   0   4   1   9  10   2   1   3   2   2   1   4  26   8  13   0   0   5  0.47 0.28
  410 P     1   1  -1   0  -4  -3  -3  -2   0  -2  -2  -3  -1  -4   5   1   1  -5  -4   1   13   8   3   6   0   0   1   2   2   1   4   0   1   1  28  12   7   0   0   9  0.52 0.30
  411 P     0   2   0  -4  -4  -1  -2  -3   0   0   0  -3  -1  -3   5   1  -1  -5  -1  -2    6  10   4   0   0   2   2   2   2   6  11   1   1   1  33  11   4   0   2   2  0.58 0.31
  412 S     0   2  -1  -3   1   2  -2  -3   1  -3  -2  -1  -1  -1  -1   4   1  -5  -4   0    7  10   3   0   3   9   1   1   3   1   3   2   1   3   3  36   8   0   0   6  0.41 0.30
  413 P     0   2   1  -2  -4   2  -2  -1  -1  -1  -2   1   0  -4   4  -1   0  -5  -2  -1    8  13   8   1   0   9   1   5   1   3   4   8   2   0  23   2   7   0   1   5  0.38 0.24
  414 G     1   1  -1   0   2  -1  -2   3   0  -2  -1  -2  -2  -2  -1   2   2  -4  -4  -2   11   8   2   4   4   1   2  21   3   2   5   1   1   1   2  18  12   0   0   2  0.25 0.20
  415 A     2   1   1  -2  -1  -1  -1   0   1  -2  -2  -1  -1   1   1   2   1  -4  -1   0   18   7   6   1   1   1   3   6   4   1   3   1   2   6   6  16  10   0   1   6  0.15 0.15
  416 P    -1   1   2   0  -2   0  -1   0  -3  -1  -1  -2  -1  -3   1   3   1  -4   0  -1    4   7  12   4   1   4   3   5   0   3   6   1   1   0   8  26   7   0   4   4  0.22 0.20
  417 S     1  -1  -1  -2  -3   0  -2  -1  -2   1   1  -1  -1  -3   1   2   2  -4  -2  -2   10   4   1   2   0   4   2   4   1   9  16   4   1   0   8  20  13   0   1   1  0.18 0.18
  418 D    -1  -1   0   2  -1   0   1   0   2  -4  -3   2  -2  -4   2   0   2  -4  -2  -3    5   2   3  15   1   2  11   8   5   0   2  14   1   0   9   7  12   0   1   1  0.28 0.19
  419 D    -2   0   0   4  -1   1   0   0   1  -2  -1  -1  -3  -4  -1   2  -1  -5  -4   0    0   6   3  30   1   6   3   7   3   1   8   2   0   0   2  15   3   0   0   9  0.34 0.23
  420 D    -1   0   0   1   0   0   0   1  -3  -1  -2  -1  -3  -4  -1   4   1  -4  -2  -1    2   4   4   8   2   3   6   9   0   4   5   3   0   0   3  34   8   0   1   5  0.26 0.21
  421 D    -1  -1   0   4  -4  -1   1  -2  -1  -2  -3  -1  -3  -4   0   3   1  -5  -4  -1    4   3   4  28   0   1   8   2   1   3   1   2   0   0   5  23  10   0   0   4  0.46 0.26
  422 D    -1   1   2   2   0  -1   1   0  -3  -2  -2   0  -3  -3   4   0  -1  -4  -3  -1    3   7  10  12   2   1   9   7   0   2   4   4   0   1  20   9   3   0   0   5  0.31 0.17
  423 D     0   0   1   3  -3  -1   0  -1   0  -2  -1   0  -1  -1   1   1   1  -4  -1  -1    5   5   7  21   0   1   5   3   2   1   6   4   1   3   7  14   8   0   2   6  0.18 0.13
  424 A     1  -2   1  -2   0   0  -2   0  -1  -1  -1   0  -1  -3   3   3  -1   0  -3  -2   12   2   6   2   2   4   0   8   1   4   7   6   2   0  17  24   2   1   0   2  0.28 0.18
  425 G     0  -1   1   1  -1  -1   0   3   2  -4  -4  -2  -3  -2   2   2  -1  -4  -2  -3    7   3   6   9   1   1   6  26   6   0   0   0   0   2   8  18   3   0   1   2  0.36 0.20
  426 T     0   0   2   0  -1   1  -1  -1   0  -1  -1   0  -1  -1  -1   2   0  -3   1  -1    9   4  12   6   1   6   2   3   3   4   5   4   1   3   3  22   5   0   5   3  0.12 0.11
  427 T    -2  -2  -2  -1  -4   4   2  -3   0  -3  -1  -1  -1  -2  -1   3   3   0  -3  -1    0   0   0   3   0  20  16   0   2   0   5   2   1   2   2  23  17   1   0   5  0.44 0.28
  428 P     0   1   0  -2  -4   1  -1   1  -3  -4  -3  -1  -3  -4   5   0   0  -4  -1  -1    5   7   4   2   0   7   3  12   0   0   2   2   0   0  35   7   7   0   3   4  0.60 0.25
  429 P     0   1   0   2  -3  -1   0  -2   0  -3  -2  -1   0  -2   3   1   1   0  -1  -1    6  11   4  12   0   2   7   2   2   0   2   0   3   2  15  12  12   2   1   5  0.24 0.15
  430 A     0   0   1   0   0   0  -1  -1   1  -2  -1  -1  -2  -2  -3   2   2  -3   2   0    4   4   7   4   2   3   3   4   3   0   8   2   0   0   0  17  19   0   8  10  0.14 0.14
  431 R     1   4   0   1  -3   0  -1  -3   3  -3  -3   1   0  -4   0   1  -1  -4  -3   0   13  25   4   7   0   4   3   0   9   0   0   8   2   0   4  10   2   0   0  10  0.31 0.19
  432 L     1   0  -1  -2  -3   0  -1  -2  -3   0   2  -2   2  -2  -3   2   0   1  -3   0   10   5   2   2   0   3   2   1   0   6  26   0   6   0   0  23   5   2   0   5  0.21 0.17
  433 L     0  -1   0   0  -2   1   1  -2  -2  -1   0  -1   1  -3   0   2   1  -3  -2   0    8   3   5   6   0   8  10   0   0   2  13   2   4   0   3  19   6   0   0  10  0.12 0.11
  434 E     0   1   2   0   0   0   2  -2  -2  -3  -1   1   0  -1  -2   2   0  -4  -3  -1    9  10   9   4   2   4  14   1   0   0   4   8   2   2   0  20   6   0   0   3  0.19 0.13
  435 P    -1  -1  -2   0  -3  -2   3  -2  -3  -3  -2  -2   0  -2   5   2   1  -4  -3  -1    4   4   0   5   0   0  19   3   0   0   3   0   4   2  26  15  10   0   0   4  0.48 0.23
  436 W    -1   0   2  -1   0  -1  -2  -3  -2  -3  -2   0  -1   0   0   3  -1   5   3  -2    4   4  12   2   2   1   0   0   0   0   2   5   2   3   4  32   2  10  12   3  0.42 0.25
  437 T     1  -1  -2  -1  -3   0   0   0  -2  -2  -1   0  -2  -3   4   2   0  -3  -3   0    9   2   0   3   0   5   7   6   0   1   5   6   0   0  20  23   3   0   0   8  0.32 0.16
  438 G     1  -2   2   1  -3  -2  -1   3   2  -1  -3  -2  -2   0   0   1  -1  -3  -2  -1   10   1  11  10   0   0   2  28   5   3   1   1   0   5   3   9   2   0   0   6  0.25 0.14
  439 C    -1  -4  -3  -4   7  -3  -2  -1  -3  -1  -2  -3   0   1   0  -1   1  -3   3   1    5   0   0   0  32   0   3   6   0   2   0   0   3   5   5   4  10   0  10  12  0.62 0.25
  440 N    -1   1   5  -1  -4  -1  -1   0   5  -3  -2  -2   0  -3   0   1  -2  -4  -2  -2    3   7  32   0   0   0   3   7  16   0   5   0   3   0   5  14   0   0   0   3  0.48 0.23
  441 G     0   2   1  -1  -3  -2  -2   3  -2  -1  -1   0  -2  -1  -3   1  -2   3  -1  -1    6  12   6   3   0   0   0  31   0   4   7   6   0   3   0  11   0   5   2   3  0.26 0.14
  442 G     1   1   1  -2  -3   0   0   3   1  -2  -3  -1   0   0  -2   0   0  -3  -2  -1   15   8   9   0   0   3   8  26   3   0   1   0   3   5   0   7   6   0   0   4  0.22 0.12
  443 T     1  -1  -1  -2  -2   0  -1   1  -2  -1  -1  -2   1  -2  -2   2   3  -3   0   1   11   3   0   0   0   3   3  10   0   0   6   0   5   0   0  20  23   0   4  10  0.21 0.15
  444 T     1   0   1  -1  -2   1   2  -2  -2  -1  -1   0  -1  -3   1   1   2  -3  -2   0   11   5   6   0   0   6  15   0   0   3   6   3   0   0   7   7  21   0   0   9  0.18 0.11
  445 T     1  -2   0  -2   2   1   0  -1   2  -1  -1  -2  -2   0   1   1   3  -3  -2  -2   13   0   3   0   6   9   3   2   6   4   6   0   0   6   7  11  25   0   0   0  0.20 0.14
  446 V     0  -1   0   0  -2  -2  -1  -1  -2   2   1  -2   0  -2   0   0   1  -3  -2   1    7   3   7   6   0   0   3   3   0  24  10   0   0   0   4  10  10   0   0  12  0.11 0.09
  447 D    -1   0   3   3  -4   0   0   2   1  -3  -3   0  -3  -4  -3   0  -2  -4  -3   0    3   6  15  24   0   3   3  20   4   0   0   7   0   0   0   3   0   0   0  11  0.35 0.16
  448 S     1   0  -1  -2   1   1   0  -2  -2  -1  -2   1   0  -1   0   3   2  -3  -2  -2   15   3   0   0   4   7   5   0   0   4   0  10   3   4   4  32  12   0   0   0  0.25 0.15
  449 D     0  -1   2   4   1   0   2  -1  -2  -2  -1  -1  -2  -3  -2  -1   0  -4  -3   0    8   3  12  27   4   4  17   4   0   0   5   0   0   0   0   0   4   0   0   9  0.27 0.12
  450 S     2   0  -1   0  -2   0   1   1   1  -3  -3   0  -3  -4  -2   3   1  -4  -3  -3   23   3   0   4   0   3   8   8   4   0   0   5   0   0   0  34   7   0   0   0  0.37 0.18
  451 S     0   1   0  -1  -3   2   1  -2  -2  -4  -4   1  -3  -4   1   4  -1  -4  -3  -3    3   6   4   0   0   8  11   0   0   0   0  10   0   0   7  51   0   0   0   0  0.57 0.24
  452 L    -2  -2  -2   0  -3  -2  -2  -3   1   1   3   1   1   0   0  -1   0  -2   1   0    0   0   0   8   0   0   0   0   4   8  37  14   5   4   4   4   4   0   4   3  0.16 0.11
  453 D     1   0   0   4  -3   2   1  -2   3  -3  -3   1   0  -4  -2   1   0  -4  -2  -3   13   5   0  30   0  12   3   0  10   0   0  10   4   0   0  10   4   0   0   0  0.38 0.14
  454 E     0   1   2   0  -4   3   4  -1   3  -4  -4   0  -3  -4  -2   1  -1  -4  -2  -3    5   9  13   0   0  15  35   4   9   0   0   0   0   0   0  10   0   0   0   0  0.51 0.17
  455 P    -1   2  -2  -2   2  -1  -2  -3   1   0   0  -1  -2  -3   4   2   0  -4  -2   0    0  17   0   0   5   0   0   0   5   5  10   0   0   0  23  26   4   0   0   5  0.39 0.15
  456 G    -1  -2   1   0   6  -2  -1   2   2  -3  -3  -2  -3  -4   0   2   2  -4  -3  -3    0   0   5   5  21   0   4  17   8   0   0   0   0   0   5  20  15   0   0   0  0.42 0.16
  457 R    -2   5  -2  -2  -4   0   1  -3  -2  -2  -1   2  -2   0   0   1  -1  -3  -2  -1    0  45   0   0   0   0  10   0   0   0   6   9   0   6   5  13   0   0   0   5  0.44 0.17
  458 Q     0   2  -1  -2  -3   3   0  -2  -2  -2  -1   1  -1  -3   3   1  -1  -3  -3  -1    6  12   0   0   0  21   4   0   0   0   9   9   0   0  16  17   0   0   0   5  0.32 0.12
  459 G    -1   0  -1  -2  -2   1  -1   3  -2  -2  -3  -1  -2   0  -2   2   2  -3  -2   0    0   6   0   0   0  10   0  32   0   0   0   0   0   6   0  22  15   0   0   9  0.31 0.13
  460 F    -1  -2  -1  -2   3  -1  -2  -2   1   1  -1   0   2   1   1   3   1  -3  -1  -1    0   0   0   0   9   0   0   0   4  12   0   5  10   7   7  36   9   0   0   0  0.23 0.13
  461 S     2   0   2   2  -2  -1  -1  -1  -1  -1  -2   0  -2   0  -2   1  -1  -3  -2  -1   31   4  14  17   0   0   0   0   0   7   0   6   0   7   0  12   0   0   0   0  0.19 0.08
  462 S     1   1   2   1  -2   0   1  -1  -1  -3  -3   0  -2  -3  -2   3   1  -4  -3  -2   15   9  12   8   0   0  13   0   0   0   0   0   0   0   0  37   7   0   0   0  0.34 0.10
  463 E    -1   1  -1   0  -3   0   4   0  -1  -3  -1   0  -2  -3   3   0  -1  -3  -3  -2    0   9   0   0   0   0  46   9   0   0  11   0   0   0  16   9   0   0   0   0  0.42 0.09
  464 S     0  -1   0  -1  -2  -1  -1  -1  -2  -3  -3   1  -2  -3  -2   5   2  -4  -2  -2    0   0   0   0   0   0   0   0   0   0   0  11   0   0   0  79  11   0   0   0  0.61 0.13
  465 K    -1   2   0  -1  -3   3   1  -2  -1  -3  -3   5  -1  -3  -1   0  -1  -3  -2  -3    0   0   0   0   0  17   0   0   0   0   0  83   0   0   0   0   0   0   0   0  0.53 0.02
  466 V    -1  -2  -3  -3  -1  -2  -3  -3  -3   2   1  -2   4  -1  -3  -2   0  -3  -1   4    0   0   0   0   0   0   0   0   0   0   0   0  32   0   0   0   0   0   0  68  0.32 0.02

                      K         Lambda
Standard Ungapped    0.1372     0.3240
Standard Gapped      0.0403     0.2670
PSI Ungapped         0.1317     0.3172
PSI Gapped           0.0403     0.2670
