
Last position-specific scoring matrix computed, weighted observed percentages rounded down, information per position, and relative weight of gapless real matches to pseudocounts
            A   R   N   D   C   Q   E   G   H   I   L   K   M   F   P   S   T   W   Y   V   A   R   N   D   C   Q   E   G   H   I   L   K   M   F   P   S   T   W   Y   V
    1 M    -7  -7  -8  -9  -7  -6  -8  -8  -7  -4  -3  -7  11  -6  -8  -7  -6  -7  -7  -5    0   0   0   0   0   0   0   0   0   0   0   0 100   0   0   0   0   0   0   0  4.13 1.57
    2 S    -3  -4  -3  -4  -3  -5  -4  -4  -2  -7  -5  -5  -7  -8   8   3  -5  -8  -4  -7    1   1   1   1   0   0   1   1   1   0   1   0   0   0  70  20   0   0   1   0  2.17 1.04
    3 S    -3   6  -3  -5  -2   3  -3  -2   5  -6   0  -2  -4  -3  -2  -2  -5  -1  -1  -4    2  48   1   0   1  12   0   3  13   0   8   0   0   1   3   2   0   1   2   1  1.12 0.68
    4 E     0   1  -2  -1   2  -3   0   5   1  -2  -4  -1  -2  -4  -1   1  -2  -5   0  -3    6   7   1   2   5   0   7  40   4   2   1   2   1   1   3  10   2   0   3   2  0.53 0.38
    5 Q    -4   1  -2  -1  -7   7   0  -6   5  -7  -4   1  -3  -7   1  -4  -5  -7  -3  -7    1   8   1   3   0  50   5   0  13   0   1   9   1   0   8   0   0   0   1   0  1.43 0.83
    6 K    -2   1   0  -2  -7   0   1  -5  -5  -4  -6   7   0  -7  -5  -3  -2  -7  -6  -6    3   6   5   2   0   3   7   1   0   1   0  67   2   0   0   2   2   0   0   0  1.49 0.82
    7 S    -1   2   3  -4  -5  -2  -4  -2   1  -1  -5  -2  -2  -4  -5   6  -2  -6  -3  -5    3  10  11   0   0   1   0   3   3   3   1   2   1   1   0  57   2   0   1   0  1.06 0.71
    8 Q    -2   1  -2  -2  -6   3   2  -2   0  -5  -2   6  -4  -5   1  -2  -3  -1  -4  -5    2   6   1   1   0  12  11   3   3   0   5  44   0   0   7   1   1   1   0   0  0.83 0.55
    9 H    -1   2  -1  -2   1   0  -2  -2   4  -2   3  -3  -2  -2  -1  -1  -1  -4   0  -2    5  14   2   2   3   3   3   3  13   1  33   0   0   1   3   4   3   0   3   2  0.35 0.35
   10 C    -3   5  -2  -4   6  -1  -3  -3   5  -2  -2  -2  -2   0  -2  -1  -2   1   1  -3    1  34   1   1  17   2   1   2  12   2   3   1   1   3   2   5   2   2   6   2  0.85 0.55
   11 K     4   0  -1  -3  -4   0   0  -1  -4  -2  -3   3   1  -5  -1   1   1  -5  -3  -1   34   4   2   1   0   4   5   4   0   2   2  17   3   0   2   9   8   0   0   3  0.41 0.37
   12 P    -2   5  -1  -2   1   1  -2  -3   2  -2   0  -1  -2   0   2  -1  -2  -5  -4  -2    4  34   3   2   3   5   1   2   6   2  11   2   1   4  12   5   1   0   0   2  0.50 0.40
   13 E    -1  -2  -4   1  -6   1   6   0  -4  -5  -6   1  -2  -6  -2  -2  -3  -2  -5  -3    5   2   0   7   0   5  56   6   0   1   0   9   1   0   2   2   1   1   0   2  1.07 0.68
   14 E    -1   1  -1  -1  -3   3   3  -1  -2  -5  -5   5  -4  -6  -3  -2  -2  -6  -3  -3    4   6   2   2   1  11  19   5   1   0   1  40   0   0   1   2   2   0   1   2  0.80 0.56
   15 G    -2   5   0   3   2   1   0   1   4  -5  -5  -2  -4  -3  -2  -1  -3  -5  -2  -4    3  30   3  15   4   5   6  11   9   0   1   1   0   1   2   4   1   0   2   1  0.62 0.46
   16 V    -1   3   0  -4   1   2  -2  -3   5  -2   2  -2  -3   1   0  -1  -2   1  -1  -2    4  19   4   0   3  11   1   2  13   1  18   1   0   6   5   3   1   2   1   3  0.39 0.36
   17 E    -4   1  -3  -4  -7   7   2  -4   2  -4  -3   1  -5  -6  -2  -1  -5  -2  -5  -6    1   7   1   1   0  54  12   2   4   1   3   7   0   0   2   4   0   1   0   0  1.37 0.83
   18 A     4  -3   0   2  -2  -2  -2  -1  -4  -2  -3  -2  -2  -5  -1   0   2  -6  -4   0   41   1   4  11   1   1   2   5   0   2   2   2   1   0   3   6  11   0   1   7  0.50 0.44
   19 Q    -4   5  -3  -3   0   5  -2  -3   1  -5  -2  -1  -4  -1   3  -2  -4  -1  -3  -3    1  28   1   1   2  29   2   2   3   0   5   2   0   3  14   3   1   1   1   2  0.90 0.63
   20 E     0   1   0   0   1   0   1   3  -2  -2  -3  -1  -1  -4  -2   2   0  -4  -1  -2    7  10   4   5   3   4   9  20   1   3   1   2   2   0   1  17   7   0   2   2  0.24 0.25
   21 E    -3  -3  -2   2  -6   2   6  -2  -1  -6  -6   1  -3  -6  -2  -2  -2  -6  -4  -3    2   1   2  10   0   7  54   4   2   0   0   9   1   0   2   2   2   0   1   2  1.12 0.70
   22 A     3  -1   0   0  -4  -1  -1  -1  -4  -1  -3  -1  -2  -3   1   1   3  -5  -3  -1   23   3   4   6   0   2   4   4   0   4   2   4   1   1   6  11  22   0   1   3  0.31 0.32
   23 L    -4   1  -4  -3  -2   7   1  -5   1  -6  -2   0  -3  -6   0  -1  -3  -2  -1  -3    1   6   0   1   1  55   8   1   3   0   4   4   1   0   4   5   1   1   2   2  1.31 0.81
   24 G     1  -2  -1   3  -2  -2  -1   4  -1  -2  -5  -3  -4  -5  -2   2  -1   0  -2  -2    9   2   2  14   1   1   4  34   1   2   1   1   0   0   2  16   3   1   1   3  0.56 0.41
   25 L    -2  -2  -3  -2   1   0  -2  -3   2  -1   4  -2   1  -2   1  -1  -1   1  -4  -1    4   2   1   2   3   5   2   2   5   2  45   2   2   1   7   5   3   2   0   3  0.45 0.36
   26 V    -1   1  -1  -1  -4   2   2  -1   0  -2  -1   0   2  -3  -1   0  -1  -4  -2   2    5   8   2   3   0  11  17   4   2   1   4   6   5   1   4   7   4   0   1  14  0.18 0.22
   27 G     0  -1   0   3  -1  -2   1   4  -1  -3  -3  -2  -2  -3  -3   0  -2  -1  -4   0    9   3   4  17   1   1   8  29   1   1   2   2   1   1   1   8   1   1   0   7  0.41 0.33
   28 A     4  -2  -1  -1  -4  -2  -1   0  -4  -2  -2  -2  -1  -1  -2   0   1   3  -4   0   42   2   3   4   0   1   4   6   0   1   4   1   2   3   2   5   8   3   0   8  0.46 0.39
   29 Q    -2  -1  -3  -3   0   8   2  -3   2  -6  -3  -2  -2  -2  -3  -3  -5  -1  -2  -4    4   3   1   1   2  58  10   2   4   0   2   2   1   2   2   2   0   1   1   1  1.41 0.84
   30 A     3  -3  -2  -1  -3  -1   0   0   0  -1   0  -3  -1   0   0   0  -1  -4  -2   2   28   0   1   3   0   3   5   7   2   3   9   0   1   3   5   8   2   0   1  14  0.23 0.25
   31 P    -1  -2  -2  -2  -1  -1  -1  -3  -1  -1  -1  -1  -2  -1   5   2   3  -5  -2  -1    6   2   1   2   1   2   4   2   1   3   6   4   1   3  24  14  18   0   1   4  0.44 0.37
   32 T     3  -1  -1  -1  -3  -1   0  -1  -3   0  -1  -1   0  -2   0   1   1   1  -3   1   27   3   3   4   0   3   6   5   0   5   5   4   2   2   4   9   9   2   0   9  0.17 0.22
   33 T     3  -2  -3   0   0   0   0   0  -1  -2  -2  -2  -1  -1   0   1   1  -4  -2  -1   28   2   0   5   2   5   7   6   2   2   4   2   2   3   4  12  10   0   1   4  0.23 0.27
   34 E     1  -1  -2   0   0   0   4   0   0  -2  -2   0   0  -4   1   0  -1   0  -1   0   11   2   1   4   2   3  28   6   2   1   4   6   2   0   6   7   3   1   2   8  0.25 0.26
   35 E     0   0  -1   0   1   0   3   0   1  -1  -2   0   0   1   0   0  -1   2  -3  -1   10   4   3   4   3   3  22   6   3   3   3   5   3   6   5   5   4   3   0   4  0.15 0.18
   36 Q     0   0   1   0   2   1   0   0   2   0  -2   0   1  -3   1   0   0  -3  -2   0    6   6   6   6   6   6   6   6   6   6   1   6   6   0   6   6   6   0   0   6  0.09 0.12
   37 E     1  -1  -2   1  -2   0   5   0  -4  -4  -2   1  -2  -4  -1   0  -1  -5  -5  -3   10   3   1   7   1   3  38   7   0   1   4   7   1   1   3   6   4   0   0   2  0.54 0.41
   38 A     3  -2  -2  -2   0  -1   1  -2  -1  -3  -3  -1  -1  -1   1   3   1  -5  -2  -2   24   2   1   2   2   2  10   2   2   1   3   3   1   2   7  20   9   0   2   3  0.34 0.33
   39 A     1  -2  -2  -3  -2  -1   0   0  -1  -1  -1  -1  -4  -2   4   2   2  -5  -3  -2   13   2   2   1   1   2   7   6   1   3   6   3   0   2  18  17  11   0   1   3  0.32 0.31
   40 V     1  -2  -1  -3   1  -1   0  -2   0  -3  -1  -2  -1  -1   2   3   1   2  -2   0   11   2   2   1   3   2   7   2   2   1   7   1   2   2  12  25   8   3   1   6  0.29 0.30
   41 S     1  -2  -2  -2   2  -1  -1  -3  -1  -3  -1  -3  -2  -2   3   5   0  -5  -4  -2    9   2   2   2   4   2   4   2   2   2   6   1   1   2  12  39   5   0   0   3  0.58 0.46
   42 S     0  -4  -4  -3  -1  -2  -1   0   0  -4  -4  -3  -5   0   1   6   0  -5  -5  -4    6   1   0   1   1   1   5   6   2   1   2   2   0   4   8  52   5   0   0   1  0.91 0.63
   43 S     0  -2  -2  -2   1   0  -2  -2  -1  -3  -2  -2  -2  -1   2   5   0  -5   0  -2    7   3   1   2   3   3   2   3   1   2   4   2   1   3   9  41   6   0   3   3  0.54 0.44
   44 S     0  -2  -2  -1   2   0  -1  -1   1  -3  -2  -2  -4  -2   2   4   1  -4  -2  -1    8   2   1   3   3   4   4   4   3   2   3   2   0   2  12  34   9   0   1   4  0.43 0.37
   45 P     1  -3  -2  -1   1   0  -2  -3  -1  -1  -1  -2  -4  -1   6   1  -1  -4  -2  -1   10   1   2   3   3   5   2   2   1   4   5   2   0   3  33  12   4   0   2   5  0.58 0.39
   46 L    -1  -1  -1  -1  -1   0  -1  -2   1  -1   2  -2  -1   0   1   1  -1   0  -1   1    5   4   2   3   1   4   3   4   3   3  25   2   1   4   8  13   3   1   2   9  0.13 0.16
   47 V     0  -1  -1  -1   1   0  -1  -1  -2   1   0  -1   1   1   1   1   0   0   0   0    6   3   3   4   4   3   4   4   1   7  12   4   3   8   6  12   4   1   2   8  0.03 0.06
   48 P    -1  -2  -1   0  -4   2   1   1  -1  -3  -2  -1  -3  -4   4   1  -1   0  -2  -2    6   2   3   4   0   9  10  12   1   2   5   3   0   0  24  10   4   1   1   3  0.40 0.32
   49 G     0  -2  -1   2   0   0   0   3  -1  -1  -2  -2  -3  -3   1   1  -1  -1  -2   1    8   2   2  11   2   5   5  21   2   3   4   1   0   1   6  12   3   1   1  10  0.19 0.20
   50 T     0  -1   1  -1   0  -2  -2  -2  -2   1  -2  -2  -3  -2   2   2   3  -4  -2  -1    9   3   8   3   2   2   2   3   1   8   4   1   0   2   9  19  19   0   2   5  0.27 0.28
   51 L     0  -1  -2  -1   0   0   1   0  -1  -1   0  -2   0  -2   3   1   0   1  -1  -1    6   2   1   4   2   4   8   7   1   4  12   2   2   2  17  11   5   2   2   5  0.17 0.18
   52 E    -1   0  -3   1  -2   4   4   0  -1  -3  -3   0  -1  -2  -1   0  -1   1  -4  -2    5   5   0   6   1  17  24   8   2   1   2   6   2   2   3   7   3   2   0   3  0.40 0.35
   53 E     0   0   1   1  -1  -1   4   0   0  -3  -3  -1  -2  -2  -4   3  -1  -5  -3  -2    8   4   5   8   1   2  28   6   2   2   2   3   1   2   0  18   4   0   1   3  0.41 0.36
   54 V     0  -1  -2  -1  -1  -1   0   0  -1  -1   0   0   1  -1   1   1   0  -3  -1   2    8   2   1   3   1   3   5   7   1   3  11   5   3   2   7  12   5   0   2  16  0.08 0.13
   55 P     0  -3  -1  -3  -1   1  -2  -2  -1  -3  -2  -3  -5  -2   6   3  -1  -6  -2  -4    7   1   2   1   1   7   3   3   1   2   5   1   0   2  35  21   3   0   2   1  0.79 0.56
   56 A     3   0  -3   0   0   0  -1   0  -2  -2  -3  -1  -2  -5   0   3   0  -5  -5   0   27   6   0   5   2   4   3   6   1   2   2   3   1   0   4  20   6   0   0   8  0.34 0.34
   57 A     3  -1  -2  -2   1  -2  -1  -1  -2  -1  -2  -2  -4  -2   1   3   1   1  -2   0   24   4   2   3   3   1   3   5   1   3   4   1   0   2   6  20   9   2   1   7  0.28 0.30
   58 E    -1   0  -2  -1   0   1   2   3   0  -3  -3  -1  -1  -2   2   1  -2   2  -4  -2    5   5   2   3   3   6  14  21   2   1   3   4   2   2  10   9   2   2   0   3  0.25 0.26
   59 S     2   0  -1   1  -1  -1  -1  -1  -1  -1  -2  -1   2  -2  -1   2   2  -5  -2  -1   16   5   2   7   1   3   3   4   1   4   4   3   5   2   3  18  12   0   2   4  0.19 0.23
   60 A     2  -1  -1   0   1   0  -1  -2  -1  -1  -1  -1   0  -2   4   0   0   1  -1  -1   16   4   2   6   3   3   3   3   2   3   7   3   2   2  17   8   6   2   2   3  0.20 0.21
   61 G    -1   0   1  -1   3  -1  -1   2   0  -1  -3  -1  -4  -5  -1   3  -1  -5  -1  -1    5   5   6   3   6   3   5  17   2   3   2   3   0   0   3  27   3   0   2   4  0.34 0.32
   62 P     0   0   0   0   2   0   0  -1   1   0  -1   0   1   0   0   0   0  -2   1   0    5   5   5   5   5   5   5   5   5   5   5   5   5   5   5   5   5   0   5   5  0.03 0.05
   63 P    -1  -2  -5  -2  -2  -3  -4  -4  -1  -4  -1  -3  -3  -3   6   3  -3  -1  -4  -1    4   3   0   3   1   1   1   1   2   1   7   1   1   1  41  23   2   1   1   4  1.07 0.70
   64 Q    -2   1  -1  -4  -2   7   1  -3   1  -5  -4   1  -3  -6  -3   0  -4   2  -4  -4    4   8   2   1   1  45  10   2   4   1   2   7   1   0   2   6   1   2   1   2  1.09 0.72
   65 S     0   0   0   0   2  -1   1   2  -2  -2  -3   0   0  -5  -1   3   0   0  -3  -1    6   5   5   4   4   2  11  15   1   2   3   4   2   0   3  23   4   1   1   4  0.26 0.27
   66 P     0  -3  -2  -3  -1  -3  -3  -4  -3  -4  -1  -3  -6  -1   7   3  -2  -7  -3  -4    7   2   2   2   1   2   1   2   1   1   6   2   0   3  43  21   2   0   1   2  1.10 0.72
   67 Q    -3   1  -5  -3  -3   7   2  -2   0  -6  -2  -1  -3  -6   1  -1  -3   1  -3  -2    2   6   0   2   1  44  10   3   2   0   5   3   1   0   7   5   2   2   1   3  1.03 0.69
   68 G     0   4  -2  -1  -2  -1   0   3  -3  -4  -3   0  -3  -4  -1   2  -1  -2  -5  -3    6  18   2   4   1   2   7  23   1   1   3   6   1   1   4  16   3   1   0   2  0.44 0.36
   69 A     4  -1  -4  -2   1  -1  -1  -1  -2  -1  -2  -1  -2  -1   1   1   0  -1  -5   0   34   3   0   2   2   2   4   5   1   3   5   3   1   3   6  10   6   1   0   6  0.37 0.32
   70 S    -1   0  -3  -1   4   2  -2  -2  -1  -2  -1  -3  -1  -1   3   3   0   0   0  -2    5   5   1   3   7   8   3   4   1   3   5   1   2   3  15  21   5   1   3   3  0.31 0.31
   71 A     1  -2  -2  -2   0   0  -1  -1  -1  -3  -2  -2  -3  -1   3   4  -1  -1  -4  -3   13   2   2   2   2   4   4   4   1   1   5   3   1   3  13  32   4   1   1   2  0.47 0.41
   72 L     0   0  -2  -2  -3  -2  -2  -3  -1  -1  -1  -2  -1  -1   3   3   3  -1  -2  -1    7   5   2   2   1   2   2   2   1   4   7   2   2   3  12  24  15   1   1   5  0.34 0.33
   73 P    -1   0  -3  -2  -2   1  -2  -1  -2  -2  -2  -3  -2  -2   5   3   2  -5  -2  -3    4   5   1   2   1   5   3   4   1   3   4   1   1   2  27  18  14   0   2   2  0.58 0.46
   74 T     0   0  -1  -3   1  -1  -2  -2  -3  -1  -3  -1  -2  -2  -1   3   5  -5  -5  -1    7   6   2   1   3   3   2   3   1   4   3   3   1   2   3  21  29   0   0   4  0.50 0.42
   75 T     3  -2  -1   0   0  -1  -1  -1  -2  -2  -2  -3  -3  -2   2   2   2  -5  -3   0   22   3   2   5   2   3   3   6   1   2   4   1   1   2   8  13  15   0   1   7  0.28 0.28
   76 I     1   0  -1  -1   0  -1  -1   0  -2   1  -1  -1   3  -1  -1   1   0  -1  -2   0   13   6   2   4   2   3   4   6   1   8   6   3  10   3   3  12   4   1   1   8  0.09 0.14
   77 S     3   0  -1  -1  -2  -1   0   0   0  -2  -2  -2  -1  -3  -1   2   1  -2  -4  -1   26   5   3   4   1   2   6   6   2   2   4   3   2   1   3  16   8   1   0   4  0.27 0.28
   78 F     2   0  -1   0   1  -1  -1   1   0  -2  -2  -1  -3   0   0   2   0  -4  -1  -1   17   6   2   6   3   3   3  11   2   3   3   3   0   4   5  16   5   0   2   4  0.16 0.19
   79 T     1   0  -1  -1  -2   0  -1   0  -2   0  -3  -2   0  -1   1   2   3  -5  -4   1   11   5   3   3   1   5   4   7   1   5   2   2   2   3   7  14  16   0   0  10  0.19 0.22
   80 C     0  -1  -3  -1   0   0   0  -1   1  -2  -1   0  -1  -2   2   3  -1  -6  -3  -1    9   3   1   4   2   5   5   5   3   2   7   5   1   2  12  25   4   0   1   4  0.26 0.29
   81 W     0   1  -2  -2   4   0  -1   1   2  -3  -1  -3   1  -3  -1   2  -2   5  -2  -2    7   8   2   3   9   4   4  10   5   2   7   2   4   1   3  15   3   8   2   3  0.34 0.26
   82 R    -1   2   0   0   0  -1  -1  -1  -2  -1  -3   0  -1  -2   1   4   1  -6  -5  -2    4  11   5   5   2   3   3   5   1   4   2   5   2   2   6  29   9   0   0   3  0.36 0.34
   83 Q    -2   4  -1  -2  -2   4   0   0   2  -2  -4   2  -2  -3   0   0  -2   1  -1  -3    3  16   3   3   1  17   6   7   4   3   2  12   1   2   5   7   3   2   3   2  0.42 0.33
   84 P     0  -1  -2   0   1  -2  -1  -1  -1  -3  -2  -2  -5  -1   3   4  -1  -6  -1  -2    6   3   2   6   3   2   3   4   1   2   5   3   0   3  16  31   4   0   3   3  0.44 0.41
   85 N     0   0   2   4  -1   1   2  -1   1  -2  -3  -1  -1  -2   0   0  -1   1  -2  -2    7   5   8  18   1   6  12   6   4   3   3   3   2   2   4   7   4   2   2   3  0.26 0.22
   86 E    -1   0   0   2   0   1   4  -1   0  -2  -2   1   0  -2  -1  -1  -1  -5  -4  -1    5   4   4   9   2   5  26   5   2   2   3   8   2   2   4   5   4   0   0   6  0.26 0.28
   87 G     0  -1   0   0   1   0   0   2   2  -1  -2  -1   0   0   0   0  -1   2   0  -1    7   3   5   6   3   4   6  15   4   4   5   3   3   3   5   8   4   3   3   4  0.09 0.09
   88 S     0   0   0   0   2   0   0  -1   1   0  -1   0   1   0   0   0   0  -2   1   0    5   5   5   5   5   5   5   5   5   5   5   5   5   5   5   5   5   0   5   5  0.03 0.05
   89 S    -1   2   1  -1  -1   2   0  -1   0  -2  -2   1   0  -3  -1   3  -1  -7   0  -2    5  10   7   4   1   7   6   6   2   3   4   8   3   1   3  20   4   0   3   4  0.22 0.22
   90 S    -2   0   2   0   2   0  -1   1  -2  -2  -5  -1  -2  -4  -2   5  -1  -1  -4  -3    4   5   8   5   3   4   4  11   1   2   2   4   1   1   2  36   4   1   1   2  0.60 0.46
   91 Q    -3   0  -2  -1   0   7   1  -1  -1  -2  -2   1  -3  -3   1   0  -5  -8  -2  -4    2   5   2   4   2  37   9   5   1   2   4   7   1   1   7   7   1   0   1   1  0.84 0.58
   92 E    -2   0   0   4  -2   0   3   0  -2  -3  -4   0  -2  -7  -1   1   0  -7  -2   0    4   5   4  18   1   4  18   7   1   2   2   6   1   0   4   9   5   0   2   7  0.36 0.30
   93 E    -1  -2   0   2  -2   3   5  -1  -2  -3  -4   0  -2  -3  -1   0  -5   0  -2  -2    6   3   4   9   1  10  31   5   1   2   2   5   1   1   3   8   1   1   2   4  0.55 0.43
   94 E    -1   0   0   0  -8   1   5  -2  -1  -2  -4   1  -1  -4  -3   1  -2  -8  -1  -5    6   4   4   6   0   5  36   4   2   3   2   7   2   1   2  10   3   0   2   1  0.63 0.47
   95 G     1   2   0   1   0  -2   0   2   0  -3  -3   0  -1  -6  -1   2  -1  -6  -2  -1    9  10   5   8   2   2   6  16   2   2   3   5   2   0   4  13   4   0   1   4  0.22 0.20
   96 P     1  -1  -2  -2  -1  -1  -2  -2   0  -3   0  -2  -1  -3   4   3   0  -1  -2  -2   10   4   2   3   1   3   3   3   2   2   9   2   2   1  20  21   5   1   1   3  0.40 0.36
   97 S    -2   1   1   0   2   3  -1  -1   1  -3  -2  -1  -1  -2  -1   4  -2  -7  -2  -3    4   7   6   5   3  12   5   6   3   2   4   3   1   2   4  26   3   0   2   2  0.38 0.34
   98 T     2  -1  -1  -1   0   1  -1  -2   1  -2  -2  -2  -1  -1   0   2   3  -6  -1  -1   14   3   3   3   2   5   5   3   3   3   5   2   2   3   5  16  16   0   2   4  0.24 0.24
   99 S     1   0  -2  -2   1   1   0  -3   0  -2  -2  -2   0   0   0   4  -1   3  -1  -2    9   5   2   3   3   6   6   2   2   3   4   2   2   4   5  30   4   3   2   3  0.38 0.34
  100 P     0   1  -2  -1   0   3  -1  -2   1  -2  -2   0   0  -1   3   0   0   1  -1  -3    8   8   2   4   2  11   5   3   4   2   5   5   2   3  16   8   6   2   3   2  0.25 0.25
  101 D     0   0   1   1   1   1   0   0   2  -1  -2   0   0   0   0   0  -1   2   0  -1    6   5   8   9   3   6   6   6   5   3   4   4   3   4   4   8   4   3   3   4  0.09 0.09
  102 A    -1   0   0   0   2   0  -1  -1   2   0  -1   0   2   0   0  -1   0   3   1  -1    5   5   5   5   5   5   5   5   5   5   5   5   5   5   5   5   5   5   5   5  0.03 0.09
  103 E     0   0   0   0   0   2   3  -1   1  -1  -2   0   0  -5   1   0   0   1  -4  -2    7   4   4   6   2  10  21   6   4   3   5   4   2   0   6   5   5   2   0   3  0.21 0.23
  104 S     0   0   2   0   2   0  -1  -1   2  -1  -2   0   0   0   1   2   0  -6   0  -1    7   5  10   5   4   4   4   5   4   4   4   5   3   4   7  14   6   0   4   4  0.12 0.13
  105 L    -1   0   0   0   2   0   0  -1   2   0  -1   0   2   1   0  -1   0   4   1  -1    5   5   5   5   5   5   5   5   5   5   5   5   5   5   5   5   5   5   5   5  0.09 0.08
  106 F    -2   0  -2   0   1   0  -2  -1   2  -1   2  -1   0   0   2   1  -1  -1   0  -1    2   5   2   5   4   4   2   4   4   3  18   4   2   4  12  13   4   1   3   4  0.15 0.16
  107 R    -2   4   0  -2  -3   3   0  -3   0  -1  -2   2  -1  -3   0   1   0  -2  -1  -2    4  20   4   2   1  11   7   2   2   4   4  10   1   1   6  11   6   1   2   3  0.30 0.26
  108 E    -1  -1   0   5  -3   0   3  -1   1  -3  -4  -1  -1  -6  -2  -1  -1  -6  -1  -1    4   3   4  30   1   4  18   5   3   1   1   4   1   0   2   4   4   0   3   5  0.56 0.39
  109 A     1  -1  -1   0  -1   0   2  -2  -1  -1   0   0  -2   0   3   0   0  -4  -3   0   11   3   3   5   1   3  12   2   1   3   9   5   1   5  14   8   6   0   1   6  0.16 0.17
  110 L    -3  -2  -6  -4  -1  -2  -3  -5  -2   2   5  -2   1   0  -2  -3  -1  -6  -5   1    2   2   0   1   1   2   2   1   1  11  48   3   3   4   3   2   3   0   0   8  0.75 0.42
  111 S    -1  -1   2   4   1   1   1  -3   2  -3  -3   0  -1  -3  -3   1   1  -6  -1  -3    6   4   9  22   3   6   9   2   4   2   3   5   2   1   1   8   8   0   2   2  0.37 0.28
  112 N    -3   4   1   1   0   1   3  -2   1  -3  -3   2   1  -4  -4  -2  -3   0  -3  -1    3  18   6   7   2   6  15   4   3   2   4  12   3   1   1   3   2   1   1   5  0.38 0.27
  113 K    -3   1   0  -3   0  -2  -1  -4  -1  -2   0   6   2  -1  -1  -2  -1  -1  -2  -3    2   6   5   2   2   1   4   1   1   2  10  40   5   3   3   4   4   1   2   2  0.62 0.42
  114 V     2  -3  -6  -3   1  -6  -3  -4  -6   2  -1  -2   2  -1  -3  -1   1  -7  -6   5   15   1   0   2   2   0   2   1   0  10   4   2   4   2   1   4   8   0   0  39  0.74 0.44
  115 D     2  -1   2   0   0  -2   0   0   1  -1  -2   0  -1  -2  -2   1   1   1  -1   0   19   3  10   5   2   1   6   6   3   4   3   5   1   1   2  12   7   2   2   6  0.15 0.17
  116 E     0  -1   1   3  -1   0   3  -3   0  -2  -1   1   3  -2  -2   0  -1  -5  -1  -2    7   2   7  15   2   3  19   2   2   2   6   7   7   2   2   6   3   0   2   3  0.27 0.23
  117 L    -1  -2  -4  -5   1  -1  -2  -5  -4   0   4  -4   1   0  -1  -2  -1   1   0   1    5   2   0   0   4   3   3   0   0   4  46   0   3   3   3   3   4   2   4  10  0.48 0.34
  118 A    -1  -7   0  -7   2   0   0  -1  -7   1  -1  -7   4  -7  -7  -1  -1  -7  -7   5    5   0   4   0   4   4   6   5   0   7   7   0   8   0   0   5   5   0   0  38  0.86 0.41
  119 H    -1   0   0   0   2   0   0  -1   2   0  -1   0   2   1   0  -1   0   4   1  -1    5   5   5   5   5   5   5   5   5   5   5   5   5   5   5   5   5   5   5   5  0.09 0.08
  120 F    -3  -5  -1  -6   0  -2  -5  -6   0  -2   0  -3   1   7  -3  -3  -3  -3   6  -2    2   0   3   0   2   2   0   0   2   2   9   2   3  39   1   2   2   0  24   3  1.18 0.64
  121 L     0  -3  -5  -5   0  -2  -5  -3  -5   3   4  -5   3   0  -2  -4  -2   0  -4   1    7   2   0   0   2   2   0   2   0  14  44   0   8   4   3   0   2   1   0   7  0.67 0.44
  122 L    -3  -3  -3  -3  -1  -1  -5  -4  -2   1   5  -3   1   0  -2  -2  -3  -5  -4   0    2   1   1   2   2   3   0   2   1   7  58   2   3   3   2   3   2   0   0   6  0.81 0.52
  123 R     0  -1   0  -1   0   0  -1  -2   1   0   0  -1   0   2  -1   0  -1   1   2   0   10   3   6   3   3   3   4   3   3   7  11   2   3   9   2   8   3   2   7   8  0.04 0.09
  124 K    -1   1   2   0   1   0  -1  -1   1  -1  -1   3   1  -1  -4  -1  -1   2   0  -1    6   6  11   4   3   3   3   5   4   3   5  22   4   3   0   4   3   3   3   4  0.18 0.20
  125 Y     0   0   0   0   2   0   0   0   2   0  -1  -1  -1   1  -2   0   0  -2   1   0    6   6   6   6   6   6   6   6   6   6   6   0   0   6   0   6   6   0   6   6  0.01 0.10
  126 R    -2   3  -1  -2  -1   4   0   0   3  -1  -2   2  -2  -2  -3  -1  -2   1  -1  -3    2  16   3   2   1  21   6   7   6   4   3  14   1   2   1   4   2   2   2   2  0.41 0.36
  127 A     0   1   0  -1  -1   1   0  -2   1  -2  -1   3   4  -3  -2   0   1  -4  -3  -2    6   7   5   3   2   5   4   2   4   2   5  19  14   1   1   6  10   0   0   3  0.26 0.29
  128 K    -4   2   1  -1  -6   1  -1  -2   0  -5  -3   6   0  -2  -5   0  -2  -6  -5  -3    0  12   6   3   0   5   4   4   3   0   3  46   2   2   0   7   2   0   0   2  0.81 0.55
  129 E    -1  -1  -1  -1   0   3   4   0   0  -2  -1   0   1  -2  -2  -2  -2  -4   0  -2    6   3   3   2   2  13  31   7   2   3   6   5   3   1   2   2   2   0   3   3  0.34 0.33
  130 L    -1  -2   0  -4   0   0  -2  -2   2  -1   0  -2   0  -1   5   0  -1  -5  -1  -1    4   2   4   0   2   5   2   3   6   4  10   2   2   2  33   7   3   0   2   5  0.52 0.39
  131 V    -1  -4  -3  -1   1  -1  -3  -4   1   4   0  -1   2   0  -1  -1   2  -4   0   1    4   0   0   3   3   3   0   0   3  28   6   3   6   4   4   5  12   0   4   9  0.32 0.28
  132 T    -1   1   0  -3   1   0  -2  -1   1  -1  -1   1   1  -1  -1   1   3   2   0   0    4   8   4   0   3   5   0   3   3   3   4  10   3   3   3  10  21   3   3   7  0.16 0.21
  133 K    -4   5  -2  -2  -2   2   0  -3   0  -3  -2   5   1  -1  -3  -3  -2  -1  -3  -4    1  26   2   2   1   8   5   1   2   1   4  32   3   3   1   1   3   1   1   1  0.74 0.50
  134 A     3  -1   0  -1  -1  -1   1  -1  -2  -2  -2   0  -2  -4  -1   2   1  -5  -4  -2   26   4   5   3   1   2  10   4   1   2   4   5   1   0   3  18   7   0   0   2  0.26 0.28
  135 E    -2  -3  -1   5  -6   0   5  -2  -1  -4  -3  -2  -2  -6  -5  -2  -3  -6  -3  -4    3   1   3  32   0   3  40   3   2   1   3   2   1   0   0   2   1   0   1   1  1.09 0.63
  136 M    -4  -2  -5  -3  -5  -4  -3  -6  -1   4   1  -2   8  -4  -2  -5  -2  -5  -4   1    0   2   0   2   0   0   2   0   2  26  13   2  36   0   2   0   3   0   0   8  1.19 0.63
  137 L    -2  -1  -2  -5  -4  -1  -3  -3  -1   1   4  -2   2  -1  -2  -2  -1   1  -1   1    2   4   2   0   0   3   2   2   2   7  44   2   5   2   2   3   4   2   2  11  0.47 0.35
  138 E    -2   1   1  -1  -5   0   1  -3   3  -2  -3   5  -1  -5  -4  -1  -1   0  -1  -3    3   7   7   2   0   4   8   2   7   3   2  38   2   0   0   4   3   1   2   2  0.58 0.44
  139 R    -1  -1   2   1   3  -1  -1  -1   2   0  -1   0   1   0  -3   0  -1   1   0   1    3   3  10   9   6   3   3   4   6   6   5   5   5   4   0   9   4   2   3   9  0.07 0.13
  140 V    -1  -1  -5  -1   2  -5  -5  -5  -5   3  -1  -5   1   0  -1  -1   0   3  -4   5    6   4   0   4   4   0   0   0   0  15   6   0   4   4   4   4   4   4   0  35  0.58 0.38
  141 I    -2  -2   1   0   0  -1  -2  -1   1   3   1  -2   1   0  -1   0   1  -4  -1   0    3   2   7   6   2   2   2   6   4  18  15   2   4   4   3   6   8   0   2   4  0.12 0.16
  142 K    -2   1   0  -1   2   3  -1   0   1  -1  -3   3   0  -1   0  -1  -2   2   0  -2    3   7   5   4   3  10   4   9   3   4   3  16   2   2   5   4   3   2   3   3  0.19 0.20
  143 N    -2   0   1   3   1   0   1   0   1  -2  -3   3   1  -6  -2  -1  -1   3   0  -2    3   6   6  16   3   4   7   6   3   3   3  14   4   0   3   5   4   3   3   3  0.28 0.23
  144 Y    -3  -2   1  -1   2  -1  -1  -2   4  -2  -3  -1   0   2  -2  -2  -2   2   6  -2    3   3   6   4   4   3   4   3   9   3   3   4   3   6   3   4   3   3  26   3  0.65 0.38
  145 K     0   0   1   0   2   1   0   0   2   0  -1   0   1  -3   1   0   0  -3  -2  -2    6   6   6   6   6   6   6   6   6   6   6   6   6   0   6   6   6   0   0   0  0.08 0.11
  146 R    -1   2   2   3  -1   1   2   0   1  -3  -4   3  -2  -3  -2  -1  -3  -6  -2  -3    5   9   9  18   1   5  12   6   3   1   1  16   1   1   2   4   1   0   2   2  0.38 0.32
  147 C    -1   1  -1  -1  -1   1  -1  -3   6  -1   0  -1   0  -1  -3  -1  -2   1   3   1    5   8   3   3   1   7   4   2  19   4   9   3   2   2   2   4   2   2   9   9  0.35 0.29
  148 F    -3  -7  -7  -7   2  -3  -7  -7  -1  -1  -1  -4  -1   8  -4  -2  -2   0   3  -2    3   0   0   0   4   2   0   0   2   4   5   2   1  55   1   4   3   1  10   3  1.63 0.83
  149 P    -1   1   0  -1  -2   0  -1  -3   0  -3  -2   0  -2  -3   6   0   0  -6  -2  -3    6   7   5   4   1   4   4   2   2   2   5   6   1   2  34   8   5   0   1   2  0.58 0.46
  150 V    -1   0   0   0   2   0  -1  -1   2   0  -1   0   2   0   0  -1   0   3   1  -1    5   5   5   5   5   5   5   5   5   5   5   5   5   5   5   5   5   5   5   5  0.03 0.09
  151 I     0  -1  -1   0   1  -3  -4  -2  -4   5   0  -3   1   0  -4  -2  -1  -4  -3   2    8   4   4   5   3   0   0   3   0  38   6   0   3   4   0   3   4   0   0  14  0.43 0.32
  152 F     0  -2  -2   0   2  -2  -2   0   2   0   0  -2   1   1   1   0   0  -2   1   0    7   0   0   7   7   0   0   7   7   7   7   0   7   7   7   7   7   0   7   7  0.08 0.13
  153 G    -2   2   1   0   1   1  -1  -1   1  -2  -2   2   2   1  -1   1  -1   2   0  -2    4  11   6   6   2   5   5   4   3   3   4  11   4   5   3  10   4   2   3   3  0.12 0.15
  154 K    -2   4  -1  -1   1   2   2  -2   2  -1  -2   2   1   0  -7  -1  -2  -7   0  -2    3  19   3   3   3   7  12   3   4   3   5  11   3   4   0   4   3   0   3   3  0.32 0.28
  155 A     0   0   1   0   2  -1   0   0  -2   0  -1   0  -1   0   1   0   0  -3  -2   0    7   7   7   7   6   0   7   7   0   7   7   7   0   6   7   7   7   0   0   7  0.04 0.07
  156 S     0   0   0  -2   4   0  -1   0   1  -2  -3   0  -4  -2  -2   4   0  -5  -2  -2    7   4   4   2   7   4   3   8   3   2   3   6   0   2   2  30   5   0   1   2  0.32 0.33
  157 E    -2   0  -1   1  -5   1   4  -3   0  -2  -3   1  -1   0  -3  -1  -2   0   2  -2    3   5   3   8   0   5  28   2   2   2   3  10   2   4   1   5   3   1   6   3  0.34 0.33
  158 S    -1   1   0  -1   3   0  -1  -2   3  -1   0   0   0   0  -3   1   1   2   0  -1    3   9   4   3   7   3   3   3   9   3   8   5   3   5   0  10  10   3   4   3  0.11 0.14
  159 L    -1  -1  -2  -2  -2   1  -1  -2  -2   1   1   0   2   1   2  -1   1  -2  -1   1    1   0   0   0   0   9   1   1   0  10  10  10   9   9  10   1  10   0   0  10  0.06 0.10
  160 K    -2   1   1  -1   1   1   4  -3   1  -2  -2  -1   0  -1  -2  -2  -2   2   0  -2    3   6   7   4   3   6  28   3   3   3   4   5   2   3   3   3   3   2   3   3  0.35 0.26
  161 M     0   0   0   0   2   0   0  -1   1   0  -1   0   1   0   0   0   0  -2   1   0    5   5   5   5   5   5   5   5   5   5   5   5   5   5   5   5   5   0   5   5  -0.00 0.06
  162 I    -1  -1  -1  -1   0  -1  -2  -1  -1   2   0  -1   2   0  -1   0   0  -3  -2   3    3   2   3   3   2   2   0   4   2  11   7   5   6   4   2   8   3   0   0  31  0.11 0.17
  163 F    -3  -4  -4  -4   2  -3  -2  -4  -3  -1   0  -2  -2   7  -4  -2   0   2   3  -1    1   0   0   0   4   0   3   1   0   3   8   3   0  50   0   3   6   3   8   3  0.81 0.43
  164 G     0   1  -1   1   3   1  -1   0   2  -2  -1  -1  -1  -2  -2   1   1  -2   2  -2    9   9   0   9   8   9   1   9   9   0   9   0   0   0   0   9   9   0   9   1  0.11 0.12
  165 I    -1  -1  -4  -4   1  -3  -4  -4  -3   3   2  -3   2   2  -4  -2  -1  -2   2   2    4   3   0   0   4   0   0   0   0  25  18   0   5  11   0   3   3   0   8  12  0.34 0.26
  166 D    -1  -1   0   2  -1   1   3  -1   0  -1  -2   0  -1  -1  -2   0  -1   2  -1  -1    5   3   4  15   2   5  25   5   2   5   3   5   2   2   0   5   2   3   2   4  0.19 0.18
  167 V    -1  -3  -4  -4  -3  -3  -2  -2   0   1   4  -3   3   0  -4  -3  -1  -3   0   2    4   0   0   0   0   0   3   4   3   7  41   0   9   3   0   0   4   0   3  16  0.41 0.29
  168 K    -2   2   0  -2  -1   0  -1  -3   0   0  -2   5   0  -2  -4  -1   0  -1  -2   1    2   9   3   1   1   4   2   1   2   5   3  39   2   1   0   4   5   1   1  10  0.47 0.36
  169 E     0   0   1   0  -2   1   0   0   2   0  -1   0  -1  -2   1   0   0  -2   1   0    6   6   6   6   0   6   6   6   6   6   6   6   0   0   6   6   6   0   6   6  0.06 0.07
  170 V    -1  -2  -2  -1   0  -2  -1  -2  -1   2   1  -2   1  -1  -2  -1  -1  -4  -1   4    4   2   2   3   2   2   3   3   1  12  13   3   3   3   2   4   4   0   2  32  0.28 0.25
  171 D    -2  -1   2   5   0   0   2  -1   1  -5  -5   0  -5  -2  -1   0  -1  -5  -1  -2    2   3   8  37   2   3  11   5   4   0   0   5   0   2   3   6   3   0   2   3  0.62 0.42
  172 P     0   1   0  -1   1   0  -1  -1   0  -3  -2   0  -4  -2   5   1   0  -5  -1  -2    7   7   4   3   3   3   3   4   2   2   4   7   0   2  27  12   6   0   2   2  0.41 0.32
  173 A     0   0   0   0   2   0   0  -1   1   0  -1   0   1   0   0   0   0  -2   1   0    5   5   5   5   5   5   5   5   5   5   5   5   5   5   5   5   5   0   5   5  -0.00 0.06
  174 S    -1   0   1   0   1  -1   0   2   1  -2  -2   1  -1  -2  -1   2   1  -5  -4  -2    5   6   7   5   3   3   5  13   3   2   3  10   2   2   2  18   8   0   0   3  0.18 0.21
  175 N    -3   0   1  -1   0   2  -1   0   7  -1  -3   0   1  -1   0   0  -2  -5   0  -5    2   5   7   4   2   8   3   7  30   4   3   6   3   2   4   6   2   0   2   0  0.66 0.47
  176 T    -1   0   0  -2   2   0   0  -1   2   0  -1   0   1   1   0   0   0   3   1   0    5   5   5   0   5   5   5   5   5   5   5   5   5   5   5   5   5   5   5   5  0.07 0.11
  177 Y    -2  -1  -5  -2   1  -1  -2  -2   1   0  -2  -1   0   3  -6  -1  -2   2   7  -2    3   3   0   3   3   3   3   3   3   5   3   4   3   9   0   4   3   3  37   3  0.78 0.56
  178 T     0  -1  -2  -2  -3  -1  -1  -1  -1   3   0  -1   1   0  -1  -2   0  -1  -1   2    7   3   2   2   0   3   5   4   1  21   8   3   4   5   2   2   6   1   2  16  0.15 0.18
  179 L    -3  -2  -2  -5   1  -2  -3  -3  -1   1   4  -2   1   2  -2  -2  -1  -4   0   0    2   2   2   0   3   2   2   2   2   5  48   3   3   7   3   3   4   0   4   5  0.51 0.39
  180 V    -2  -2  -1  -2   1  -1  -2  -3  -1   2   0  -1   1   2  -2  -1   0  -4   0   4    3   2   3   2   3   3   3   2   1  12   5   3   4   7   1   4   5   0   3  33  0.30 0.30
  181 T    -1   0   3   0   1   0  -1  -1   1   0  -2   0   0  -3   1   1   1  -4  -1  -1    3   4  18   3   3   3   3   3   3   8   4   4   3   0   8  13   7   0   3   3  0.15 0.22
  182 C     0   0   1   1   1   1   0  -1  -3   0  -1   3   0  -3   0   0   1  -4  -3  -1    7   3   6   7   4   6   4   3   0   6   5  19   3   0   4   5  12   0   0   4  0.12 0.20
  183 L    -1  -1   0  -1  -3   0  -1  -2   0   0   2  -1   2   1  -1  -1  -1   2   0   0    4   3   5   4   0   3   4   3   3   5  25   3   6   5   4   5   3   3   3   5  0.06 0.14
  184 G    -1   0   0   2   1   1   1   0   1  -1  -1   0  -2  -3   1   0   0  -4   0  -1    5   6   5  11   3   5  11   9   3   3   5   6   0   0   6   6   5   0   3   3  0.07 0.14
  185 L    -1  -1   0  -1   0  -1  -1  -2   0   0   2  -1   0   0   0   0  -1   1  -1  -1    4   3   4   3   2   3   5   2   2   5  26   4   2   4   6   7   4   2   2   4  0.05 0.14
  186 S    -1  -1  -1   0   0   0   1  -1   0  -1  -2  -1  -4  -5   3   2   2  -5  -1  -2    5   3   3   5   2   4   8   5   2   4   5   4   0   0  13  15  14   0   2   2  0.17 0.27
  187 Y     0  -1   0   0   1   0   0  -1   1  -1  -1  -1   0   0   1   0   0   1   3  -1    6   3   5   5   4   4   8   4   3   4   7   4   2   4   6   7   4   2  12   3  0.06 0.14
  188 D    -1  -1   1   3   0   0   1  -1   1  -2  -2  -1   0  -1   1   0  -1  -4  -1  -1    5   2   8  18   2   3  11   5   3   3   4   4   2   2   6   5   4   0   2   4  0.13 0.20
  189 G     0  -1   0   1   1   0   2   3   2  -2  -2   0  -4  -1  -1  -1  -2   2  -1  -2    6   3   4   7   3   3  16  20   5   2   3   5   0   2   2   4   2   3   2   3  0.19 0.25
  190 L     0   0   0   0   2   0   0  -1   1   0  -1   0   1   0   0   0   0  -2   1   0    5   5   5   5   5   5   5   5   5   5   5   5   5   5   5   5   5   0   5   5  -0.00 0.06
  191 L    -2  -1  -1  -1   1   0  -2  -2   0   0   2  -1   3   0   0  -1  -1   2   0   1    3   3   3   3   2   4   3   3   3   5  22   4   6   3   5   4   4   3   3   9  0.12 0.14
  192 G    -1   1   1   0   1  -1   0   0   2  -1  -2  -1   0   0   0   2  -1   2  -1  -2    4   7   7   6   3   2   5   6   4   4   4   3   3   4   5  17   4   3   2   3  0.11 0.16
  193 N    -1  -1   1   3   1  -1  -1   1   1  -2  -3  -1   0  -1   0   1  -1   2  -1  -1    4   4   6  14   3   3   5  11   3   3   3   4   3   3   5  10   4   2   3   4  0.11 0.16
  194 N    -1   0   0   0   2   0  -1  -1   2   0  -1   0   2   0   0  -1   0   3   1  -1    5   5   5   5   5   5   5   5   5   5   5   5   5   5   5   5   5   5   5   5  0.03 0.09
  195 Q    -2   1   1  -1   1   3   0  -2   1  -2  -1   1   0   0   1  -2  -2   4  -1  -2    3   7   6   4   3  12   7   3   3   3   7   8   3   3   7   3   3   5   3   3  0.15 0.20
  196 I    -2   0  -1   2  -1   0   2   3   1   1  -3  -2  -2  -4  -4   0  -1  -1  -4  -1    3   6   2  10   1   4  12  24   4   7   2   3   1   1   1   6   5   1   1   5  0.29 0.26
  197 F    -1   1  -1  -1   2  -1  -2  -2  -1   0   1   0   4   1  -2  -1   0   0   1   0    4   7   3   3   4   3   2   3   1   6  13   5  12   7   2   5   7   1   6   5  0.11 0.15
  198 P     0  -3  -2  -3  -2   0  -1  -4   1  -3  -3  -3  -2  -4   7   0  -1  -6  -2  -4    9   1   2   2   1   4   4   1   3   1   3   1   1   1  51   6   4   0   1   1  1.18 0.67
  199 K    -3   3   0  -2  -1   1  -1  -3   0  -2  -2   6  -1  -2  -3  -2  -1  -5   0  -3    2  12   3   2   2   6   3   2   2   3   4  43   1   2   1   2   4   0   3   2  0.70 0.47
  200 T     0   0   2  -1  -1   1  -2  -1   0   0  -1  -1   0  -1  -1   0   3  -1  -1  -1    7   5  10   3   1   5   2   3   3   7   6   4   3   2   3   5  23   1   3   3  0.14 0.18
  201 G    -2   0  -2  -1   0  -2  -1   5   2  -1  -3  -2  -2  -5  -3   0  -1  -5  -4   0    3   6   2   3   2   1   4  44   5   4   2   2   1   0   1   7   3   0   0   7  0.61 0.41
  202 L    -2  -5  -5  -6  -1  -2  -5  -6  -5   1   5  -1   0   3  -2  -3  -4  -4   0   0    4   0   0   0   1   2   0   0   0   7  53   4   2  12   2   2   0   0   3   5  0.85 0.50
  203 L    -2  -4  -4  -4   1  -1  -1  -2  -4   1   5  -4   1  -3  -1  -1  -1  -4   0   0    4   1   0   1   3   3   4   3   0   5  52   1   2   0   3   4   3   0   3   6  0.56 0.41
  204 I    -2  -4  -1  -1   1  -4  -2  -2   1   3  -1  -1   7   1  -5  -1  -1   2   0   0    3   0   3   4   3   0   3   3   3  14   5   3  25   5   0   4   3   3   4   6  0.44 0.42
  205 I     0  -1  -1  -1   1  -1  -2  -2   0   1   1  -1   2   0   0  -1   0   1   0   1    7   3   3   4   3   3   0   3   3  10  12   3   7   5   4   4   5   2   4  11  0.03 0.11
  206 V    -1  -4  -2  -3  -1  -4  -4  -5  -4   4   1  -2   0  -1  -3  -2   0  -4   0   3    6   0   2   1   1   0   0   0   0  30  15   2   2   2   1   3   4   0   4  24  0.50 0.36
  207 L    -2   0  -3  -5  -4  -1  -4  -3  -4   0   5  -4   0  -1   0  -3  -2   0  -1  -1    2   5   2   0   0   3   0   2   0   4  63   0   2   2   5   2   2   1   2   3  0.75 0.47
  208 G     1  -2  -1   0   2   0  -2   4  -3  -2  -3  -2   0  -4  -3   2   0   1  -2  -2    9   2   2   5   4   4   2  33   0   2   2   2   3   0   0  21   4   2   1   2  0.43 0.32
  209 T    -1  -3  -2  -3   2  -1  -2  -2   0   2   2  -2   2   1  -1  -2   0  -3   0   2    4   0   2   0   5   2   2   2   3  14  19   2   8   6   2   2   7   0   3  16  0.19 0.17
  210 I    -3  -4   0  -1  -3  -3  -3  -4  -4   5   1  -3   2   0   0  -1   0  -4  -3   1    1   0   5   5   0   0   0   1   0  42   9   0   5   5   5   5   5   0   0   8  0.47 0.33
  211 A    -1  -3  -1  -3   1  -1  -3  -4   3   0   1  -1   2   4  -1  -1  -1   3   2  -1    4   0   3   0   3   3   0   0   9   4  11   3   8  24   3   5   3   3   7   4  0.33 0.24
  212 M    -3  -1  -5  -6   1  -1  -5  -4  -1   1   2  -2   8  -2  -3  -3  -2   2  -4   1    2   4   0   0   2   2   0   2   1   8  20   2  36   2   1   2   3   2   0   8  0.99 0.61
  213 E    -1   0   4  -1  -1   1   2  -2   1  -2  -2   3   0  -2  -4   1  -2  -5  -1  -3    5   3  21   3   1   5  12   2   3   3   3  17   2   2   0  11   2   0   2   2  0.36 0.34
  214 G    -2  -1   2   1   0  -1   0   5   1  -6  -6  -1  -5  -6  -2  -1  -2  -6  -1  -3    3   3  11   8   2   2   7  44   3   0   0   4   0   0   2   4   2   0   2   3  0.75 0.50
  215 D    -2   0   5   2  -1  -1   0   3   1  -2  -3  -1  -1  -5  -2  -1  -1  -5  -1  -3    3   5  27   9   2   2   5  19   3   3   2   3   2   0   2   5   4   0   2   2  0.48 0.37
  216 S    -1   3  -2  -2   6   0  -1  -2   1  -2  -3   0  -1  -1   1   1   0   0   0  -1    4  15   2   1  17   5   4   2   3   2   2   4   2   3   6  11   5   2   3   5  0.33 0.30
  217 A     2  -2  -1  -2   2  -1  -2  -2  -3   2   0  -1   1  -1  -1  -1   0  -4  -1   2   20   2   3   2   4   3   2   2   0  14   9   3   5   2   3   4   4   0   2  13  0.14 0.19
  218 S    -1   0   0  -1   1   0  -1  -2   1  -1  -1   1   0  -1   1   2   2  -4  -1  -2    3   4   3   4   4   3   4   2   4   4   7   8   3   2   8  16  17   0   2   2  0.15 0.20
  219 E     0   1   1   1   2   1   0   0   2  -2  -1   0  -2  -2  -2   0   0   4  -2  -1    7   7   7   7   6   7   7   7   6   0   7   7   0   0   0   7   7   6   0   7  0.12 0.13
  220 E     0   0   0   0  -2   1   0   0   1   0  -1   0   1   0   1   0   0  -3  -1   0    6   6   5   6   0   5   6   6   5   6   6   6   5   5   6   6   6   0   0   6  0.01 0.07
  221 E     1  -1   0   2   0   1   3  -2   0  -1  -1   1   0  -1  -3   0   0  -3  -1   0   11   2   3  12   2   6  19   3   3   3   4   7   3   2   0   6   4   0   2   6  0.15 0.16
  222 I    -1  -4  -4  -1  -3  -4  -4  -2  -4   4   3  -4   3   0  -4  -4  -1  -4  -3   3    4   0   0   4   0   0   0   4   0  23  27   0   7   4   0   0   4   0   0  20  0.57 0.34
  223 W    -4  -2  -3  -4  -1  -3  -4  -6  -1  -2  -1  -2  -1   0  -7  -4  -3  12   2  -4    1   3   2   2   1   2   2   0   1   2   6   3   2   4   0   2   2  57   6   2  2.37 1.04
  224 E    -1   1   1   1  -1   2   4   0   3  -3  -2   1  -1  -2  -2  -1  -2  -4  -2  -2    4   6   8   7   1   7  26   6   6   1   3   9   1   1   1   4   2   0   1   2  0.32 0.28
  225 E     1  -2  -2  -3   0  -2  -3  -3   3   0  -1  -1   1   5  -4  -1  -1  -3   2   2   11   2   2   1   2   2   1   1   6   3   5   3   4  26   0   4   4   0   6  15  0.40 0.31
  226 L    -1  -2  -2  -2   3   1   0  -3  -2   1   1  -1   2   1   2  -1  -1  -2  -1   1    1   0   0   0   9   9  10   1   0  10  10   1   9   9  10   1   1   0   0  10  0.09 0.11
  227 G    -1   1   3  -1   4   1   0  -1   1  -1  -2   0  -3  -1  -3   1   0   2   0  -2    4   9  18   3   8   5   6   4   3   3   3   6   0   3   0   9   4   3   3   3  0.17 0.18
  228 V    -1   3   0   0  -1   0   0  -2   0   0  -1   2   3  -1  -1  -1   0  -4  -1   1    6  17   5   4   1   3   4   3   2   4   5  12   8   2   2   4   4   0   1  11  0.13 0.15
  229 M     0   1  -2  -2  -2   1  -2   0  -2   0   0   0   2   1  -2   0   0   4   1   0    7   7   0   0   0   7   0   7   0   7   7   7   7   7   0   7   7   7   7   7  0.10 0.13
  230 G    -1  -1  -1   0   0   0   0   4   0  -2  -1   0  -3  -1  -1  -1  -1   1  -1  -1    3   4   3   6   3   4   7  33   2   2   6   5   0   3   3   4   4   2   2   6  0.25 0.22
  231 V    -1  -1  -2  -1   2  -3  -2  -2  -3   3   1  -1   2   0  -2  -2  -1  -3   0   3    3   3   2   5   5   0   3   3   0  19  13   3   6   3   2   2   3   0   4  20  0.21 0.20
  232 Y    -2  -1   0   0   1  -1  -1  -1   3   0   0  -2  -1   1  -2   0  -1   3   5  -1    2   4   4   5   3   3   3   4   7   5   8   2   1   5   2   8   3   4  18   5  0.24 0.22
  233 D     1  -1   0   2   1  -1   1  -1  -1  -2  -2  -1  -3  -2   3   1  -1  -4  -2  -1   13   3   5  13   4   3   7   4   1   2   4   4   0   1  17   9   3   0   1   5  0.24 0.22
  234 G    -2   1   1   1   0   0   1   4   0  -2  -3  -1   0  -1  -3  -1  -2   1  -1  -2    4   7   6   8   2   4   8  28   2   2   3   4   2   3   2   5   3   2   3   3  0.34 0.28
  235 R    -1   3  -2  -1   0   1   1   0   0  -1  -2   3   1  -1  -2   0  -1   1  -1  -1    4  13   2   4   2   5   7   6   2   4   4  16   3   3   2   7   4   2   2   5  0.16 0.17
  236 E    -3   1   1   1   2   2   3  -2   2  -2  -3   3   0  -2   0  -2  -2   1   0  -3    2   7   6   7   4   8  15   3   4   3   3  14   2   2   4   3   3   2   3   3  0.27 0.26
  237 H    -4   0   0   0  -1  -2  -2  -3  10  -8  -3  -1  -7  -7  -3  -2  -2   2   1  -8    2   5   4   6   2   2   3   2  48   0   3   4   0   0   2   4   3   2   5   0  1.74 0.90
  238 T    -1   0   0   0   2   0  -1  -1   2   0  -1   0   2   0   0  -1   0   3   1  -1    5   5   5   5   5   5   5   5   5   5   5   5   5   5   5   5   5   5   5   5  0.03 0.09
  239 V    -2  -1  -6  -1   2   0  -1  -2   1   4   0  -1   2   1  -1  -6  -1  -6   2   1    4   4   0   4   3   4   4   3   3  20   9   3   5   6   3   0   4   0   6   9  0.29 0.22
  240 Y    -2  -3  -2  -2   1  -2  -2  -2   0   0   1  -1   0   6  -2  -2  -2   1   3  -1    3   1   2   2   3   2   2   3   2   5  12   4   2  31   2   2   3   2  10   3  0.44 0.33
  241 G    -1  -1  -2  -1  -5  -1   1   6  -4  -2  -3  -2  -1  -5  -4  -2  -4   1  -5  -3    4   4   2   3   0   2  11  51   0   2   2   3   2   0   0   2   0   2   0   2  0.80 0.56
  242 E    -2  -1   3   4  -5   0   2  -2   1  -2  -3  -1  -1  -1  -1   0  -1  -5  -1  -4    2   2  13  25   0   4  14   2   4   2   3   3   2   3   3   6   2   0   2   0  0.38 0.38
  243 P     0  -2  -2  -1   1  -1  -3  -2   0   1  -2  -1  -3  -1   5  -1   0   1  -1   1    7   3   2   4   3   2   0   3   2   8   4   3   0   3  29   3   6   2   2  10  0.39 0.37
  244 R    -2   4  -1  -1  -4   0   0  -2   0  -2  -1   3   0  -4  -1  -1  -1   2  -1  -2    3  22   2   3   0   2   6   3   3   3   6  21   3   0   3   5   4   3   2   2  0.28 0.32
  245 K    -2   2   0   1  -5   1   1  -2   0  -5  -5   5  -1  -5   0  -1  -1  -5  -2  -2    3  12   3   9   0   5   9   2   2   0   0  32   2   0   5   3   3   0   2   2  0.47 0.43
  246 L    -1  -4  -2  -4  -1  -1  -2  -5  -1   0   4  -2   0   2  -3  -2  -2   0   0   0    6   0   2   0   1   3   3   0   1   5  44   3   2  10   1   3   2   1   2   5  0.39 0.38
  247 L    -3  -5  -5  -6  -4  -3  -3  -3  -5   5   3  -5   1   0  -5  -3  -2  -5  -2   2    1   0   0   0   0   1   2   2   0  34  30   0   3   3   0   2   2   0   2  12  0.79 0.53
  248 T    -1  -2  -1  -1   1   0  -2  -3   0  -1  -3   0   1  -1  -2   0   5   2  -1  -1    5   3   4   4   3   4   3   3   3   4   3   6   3   3   3   7  29   2   2   4  0.34 0.35
  249 Q    -1   0   1   0   1   1   3  -2   1  -2  -6   2   1   0  -1   0   0  -7   0  -2    6   4   7   4   3   5  16   4   3   3   0  11   3   4   3   7   6   0   3   4  0.19 0.23
  250 D    -2  -1   0   4  -5   0   3  -2   0  -2  -2   0  -1  -1  -4  -2   1  -4   0   0    3   3   3  23   0   3  18   4   2   3   3   5   2   2   0   3   9   0   4   7  0.31 0.34
  251 W    -3  -2  -6  -7  -6  -6  -6  -3  -6  -4   3  -6   3   7  -7  -2  -3   6   1  -2    2   2   0   0   0   0   0   3   0   0  22   0   6  36   0   3   2  11   4   2  1.17 0.69
  252 V    -2  -3  -5  -5   1  -1  -2  -6  -6   1  -1  -2   1  -2  -3  -3   0  -6  -5   6    3   1   0   0   3   3   3   0   0   7   3   2   4   1   2   2   5   0   0  55  0.88 0.60
  253 Q    -2   3  -1  -2  -2   5  -1  -1   0  -5  -2   4  -2  -5  -4  -1  -2   3  -2  -5    2  15   3   2   1  24   3   4   2   0   4  21   1   0   0   3   2   3   1   0  0.57 0.49
  254 E     0   0   0   0  -3   1   0   0   2  -2  -1   0   1  -2   1   0   0   3   1  -1    6   6   5   6   0   5   6   6   5   0   6   6   5   0   6   6   6   5   5   6  0.05 0.14
  255 N    -1   0   0   0   2   0   0  -1   2  -2  -1   0   1   0  -3   0   0   3   1  -1    5   5   5   5   5   5   5   5   5   0   5   5   5   5   0   5   5   5   5   5  0.04 0.13
  256 Y    -2  -3  -3  -3   2  -2  -3  -1   3  -2   0  -3  -2   2  -3  -1  -2   4   6   0    1   0   0   0   5   0   1   5   8   0  11   1   0   5   0   5   1   7  34   7  0.46 0.29
  257 L    -1   0  -3  -3  -2   0  -2  -3  -2   2   2  -2   1   1   0  -2   1   2   1   0    4   5   0   0   0   4   0   1   0  12  30   0   4   5   4   1   9   4   5   4  0.14 0.15
  258 E    -1   0   0   0  -3   1   3   0   0  -1  -1   0   0  -3  -2   1   1  -3  -2  -1    3   5   3   4   0   4  25   7   3   2   6   3   2   0   0  11  10   0   0   4  0.14 0.17
  259 Y    -2   2  -2  -2   3  -1  -2  -4   0  -2  -2   0   0   0  -4  -2  -1  -2   6   0    2  11   2   2   6   2   2   0   2   2   3   7   3   2   0   3   4   0  33   6  0.46 0.38
  260 R    -2   3  -1  -2   0   2   2  -3   0  -2  -2   1  -1  -2   0  -1   1   2  -2  -2    2  20   1   2   2  11  12   1   2   2   5   9   1   1   4   4   8   3   1   3  0.22 0.25
  261 Q    -1   0  -2   0   2   0   0  -3   2   0  -1   0   1   1   0   0   0   3   1   0    5   5   0   5   5   5   5   0   5   5   5   5   5   5   5   5   5   5   5   5  0.05 0.14
  262 V    -1   0   0   0  -3   0   0  -1   1   0  -1   0   1   0   0   0   0   3   1  -1    5   5   5   5   0   5   5   5   5   5   5   5   5   5   5   5   5   5   5   5  0.02 0.09
  263 P     0  -1   0  -1   1   0   0   0   1  -1  -2  -1  -3  -1   4   0   0  -4   0   0    7   3   4   3   3   4   6   6   4   4   4   4   0   3  22   6   7   0   3   6  0.22 0.24
  264 G    -2  -1   3   3   0   0   0   1   1  -2  -3   0  -3  -1   0   0  -1  -4   0  -2    3   3  18  15   2   5   5  13   3   3   2   7   0   2   4   4   4   0   3   4  0.24 0.24
  265 S     0  -2   2   1   1  -1  -2   1   0  -3  -3  -2  -1  -5  -2   4   2  -5  -2  -2    5   2   9   7   3   2   3  10   2   2   2   2   2   0   2  32  11   0   2   2  0.40 0.38
  266 N    -3  -1   2   6  -2  -1   3   0   0  -4  -3  -2  -2  -3  -3  -1  -3  -1  -2  -4    1   3  10  37   1   2  17   6   2   1   3   2   1   1   2   4   2   1   2   1  0.74 0.52
  267 P    -2  -2  -1   0  -6   0  -1   0  -1  -3  -2  -1  -5  -3   7   0  -1   0  -6  -3    3   2   3   5   0   4   5   7   1   1   4   4   0   1  46   6   4   1   0   2  0.95 0.63
  268 A     1  -3  -1   0  -5   1   0  -3  -1   0  -3  -1  -1  -3   5   0  -1  -6  -5   0   12   1   3   5   0   6   7   2   1   5   3   3   1   1  30   6   4   0   0   7  0.50 0.41
  269 R    -2   4  -2  -1   4   0   2  -3   2  -1  -2   1  -4  -3  -3   0   0  -1  -2   0    2  20   1   3   8   4  16   2   6   4   3   7   0   1   1   7   6   1   1   6  0.35 0.34
  270 Y    -4  -2  -3  -3   0  -2  -5  -6   1   0  -2  -2   1   4  -3  -1  -2   2   7  -1    1   2   1   1   2   2   0   0   3   6   4   2   3  14   1   4   2   2  41   4  1.08 0.67
  271 E    -3  -2  -1  -1  -3   0   6  -3  -1  -2  -3   0   0   1  -5  -3  -2  -2  -1   0    1   2   3   3   1   4  51   2   1   2   3   6   2   5   0   2   3   1   2   6  0.86 0.63
  272 F    -7  -7  -3  -7  -2  -7  -7  -7  -5  -1  -1  -7  -5   8  -7  -4  -6   1   7  -3    0   0   2   0   1   0   0   0   0   4   6   0   0  50   0   2   0   1  31   2  2.11 1.01
  273 L    -2   2  -2  -2   0   0  -1  -3   0  -2   3   0   0   0  -3   1   0  -4  -2  -1    2  10   1   2   2   5   4   2   2   1  33   6   2   3   1  13   6   0   1   3  0.27 0.30
  274 W    -4  -3  -8  -8  -2  -7  -8  -6  -7  -4  -1  -8  -2  -2  -8  -8  -5  13  -1  -4    2   2   0   0   1   0   0   1   0   1   7   0   1   1   0   0   1  76   2   2  3.69 1.56
  275 G     1  -2  -1   1   3  -2  -1   1  -2   1  -1  -2  -1  -2  -2   1   1   5  -1   1   11   1   0  11  10   0   1  11   0  11   1   1   0   0   1  11  11  10   0  11  0.18 0.11
  276 P     0   0  -1  -1   1   0   1  -2  -3  -1  -1   0   0  -1   5   0   0  -4   0  -1    8   4   3   3   3   3   8   3   0   3   5   4   3   3  25   8   6   0   3   4  0.31 0.20
  277 R     0   6  -1  -3   0   2  -1  -1  -3  -4  -2   1  -3  -4  -1  -1  -1   2  -3  -4    7  47   3   0   2   8   3   4   0   0   3   5   0   0   4   3   4   3   0   0  0.67 0.39
  278 A     5  -3   0  -2  -3  -3  -2  -1  -3  -2  -2  -1  -3  -2  -1   1  -1  -4  -3   0   54   0   4   2   0   0   2   3   0   2   2   4   0   2   2  12   3   0   0   6  0.56 0.39
  279 L    -2   1   2  -1   1   0   0  -3   6  -2   0  -1   1   1  -3  -2  -1  -3   3  -3    2   7  12   2   3   3   7   0  21   2  10   3   4   5   0   2   3   0  12   0  0.37 0.29
  280 A     2  -1  -1  -1  -1  -1  -1  -2   3   0   1   0   0  -2  -3   0   0  -3  -1   0   24   3   3   4   1   3   3   1   8   4  17   6   2   1   0   4   4   0   2   8  0.12 0.17
  281 E    -3  -4  -4  -1  -2   0   7  -3  -1  -3  -4  -1  -5  -6  -1  -3  -2  -6  -3  -3    2   0   0   1   1   3  74   2   1   1   2   2   0   0   3   1   2   0   1   2  1.47 0.76
  282 T    -1  -4  -2  -3  -1  -2  -4  -3  -4   3  -1  -2  -1   1  -2   0   5  -4  -2   1    4   0   1   1   1   2   0   1   0  17   5   2   1   6   2   4  42   0   1   9  0.63 0.43
  283 S    -1  -2   1   1   0  -2  -2  -1  -3  -2  -3  -1  -1  -4   0   5   2  -5  -3  -1    3   2   5   6   2   1   1   4   0   2   2   3   1   0   4  46  11   0   1   4  0.56 0.43
  284 Y    -3   0  -1  -2  -6   0   0  -5  -2  -4  -4   7  -2  -4   1  -1  -2  -2   0  -3    2   4   3   2   0   3   5   0   1   1   2  60   1   1   6   3   2   1   3   2  1.10 0.63
  285 V    -1   1  -2   0  -2   0   1  -3  -1   0   0   1   7  -1  -3  -2  -1   0  -1  -1    5   8   1   4   1   3   8   2   2   4   5   9  32   2   1   3   4   1   2   4  0.52 0.40
  286 K    -1   1   0   1  -2   2   2  -3  -1  -5  -3   5  -2  -3  -4  -1  -1  -6  -5  -4    4   7   4   7   1   9  10   2   1   0   2  43   1   1   0   4   3   0   0   1  0.73 0.48
  287 V    -1  -5  -5  -4  -1  -5  -5  -3  -6   4   2  -5   1  -2  -5  -3  -2  -5  -4   5    4   0   0   1   1   0   0   3   0  19  16   0   4   1   0   1   2   0   0  47  0.93 0.50
  288 L    -3  -3  -4  -4  -2  -4  -5  -6  -3  -1   6   0   1  -1  -3  -4  -3  -1  -3   0    2   1   1   1   1   1   0   0   1   3  69   6   3   2   1   1   1   1   1   4  1.09 0.59
  289 E    -2   0   1   1  -6   2   5   0   0  -4  -4   2  -3  -5  -3  -1  -2  -6  -3  -3    2   4   6   7   0   7  42   7   2   1   2  12   1   0   1   3   1   0   1   2  0.70 0.47
  290 H    -4  -3  -4  -7  -3  -4  -4  -6   1  -1  -1  -4  -1   8  -5  -2  -2   0   4  -1    2   1   1   0   1   1   1   1   4   3   5   1   1  58   1   3   2   1  10   4  1.49 0.72
  291 V    -2  -4  -6  -6  -1  -5  -4  -5  -5   3   4  -5   3   2  -4  -4  -2   3  -3   4    3   0   0   0   1   0   1   1   0  15  33   0   6   8   1   1   2   4   0  25  0.77 0.45
  292 V     4  -4  -3  -2   5  -3  -3  -1  -1  -3  -1  -3  -3  -2  -3   2   0  -5  -3  -2   41   1   1   2  12   1   1   4   2   1   7   2   0   1   1  15   5   0   1   3  0.63 0.46
  293 R    -2   2   0  -2  -6   2   2  -3  -1  -5  -3   5   1  -6  -4   0  -1  -2  -3  -4    3   9   4   2   0  10  10   1   1   0   2  40   3   0   1   8   3   1   1   1  0.74 0.50
  294 V    -2  -5  -4  -4  -2  -3  -4  -5  -4   5   2  -5   2  -1  -5  -3  -1  -5  -2   4    3   0   1   1   1   1   1   0   0  30  19   0   5   2   0   2   3   0   1  29  0.84 0.47
  295 N    -4  -3   4  -2  -4   1  -3  -4   4  -1  -1  -1   2  -1  -4   1  -1  -2   5  -2    0   1  22   2   0   5   1   1  11   3   5   4   5   2   1  10   3   0  19   3  0.62 0.46
  296 A    -2   1   3   2  -2  -1   0   4   0  -6  -6   2  -3  -6  -4   0  -3  -6  -4  -4    2   8  13  12   1   2   6  29   2   0   0  15   1   0   0   7   1   0   1   1  0.61 0.42
  297 R    -2   2   0  -1   0   0  -1  -1  -3   0  -3   3  -1  -3  -3   0   4  -5  -3  -1    2  12   5   3   2   3   4   4   0   5   1  18   2   1   1   8  25   0   1   4  0.35 0.33
  298 V    -1  -1   1   4  -2   0   2  -1  -2   0  -3  -1  -2  -4   1   0  -1  -6  -3   1    4   2   6  28   1   3  12   4   1   5   1   3   1   0   6   5   4   0   1  12  0.35 0.31
  299 R    -2  -3  -6  -5  -4  -3  -5  -7   0  -4  -2  -4  -1  -5   8  -1  -3  -3  -5  -5    4   2   0   1   0   1   1   0   2   1   5   1   2   1  71   5   2   1   0   1  1.99 0.98
  300 I    -2   2   1  -1  -2   2   1  -1  -1  -1  -3   1  -3  -4  -2   3   1  -2  -1  -2    2  13   6   3   1   9   8   4   1   5   2  10   0   0   1  22   8   1   2   2  0.28 0.29
  301 A     2  -3  -1   2   2  -1  -1  -3   2  -4  -4  -2  -2   0  -3   4   0  -5   0  -2   18   1   2  12   4   3   2   1   6   1   1   2   1   4   1  31   5   0   4   2  0.45 0.40
  302 Y    -7  -5  -7  -5  -1  -7  -7  -6  -1  -3  -1  -5  -3   7  -8  -3  -6   9   4  -5    0   1   0   1   1   0   0   0   2   1   5   1   1  45   0   3   0  26  12   1  2.11 0.94
  303 P    -1  -2  -2  -4  -6  -1  -3  -2  -2  -3  -1   0  -3  -6   7   1   1  -2  -5  -2    5   2   2   1   0   3   1   3   1   1   6   7   1   0  45  10   8   1   0   2  0.97 0.57
  304 S     1  -2   0  -1  -1  -1   0  -2   1  -2   0  -1  -1   0   1   2   0  -4  -1   0   13   2   3   3   2   3   7   2   5   1  12   4   1   4   6  20   6   0   2   5  0.12 0.17
  305 L    -5  -1  -3  -5  -1   6  -3  -5   4  -3   3  -1  -2  -3  -1  -2  -4   6  -1  -2    0   3   1   0   1  32   1   0   9   1  25   3   1   1   3   3   1  10   2   3  0.91 0.60
  306 R    -3  -4  -4  -2   2  -3  -5  -7   3  -4  -4  -5  -2   2  -4  -1  -6   2   9  -4    2   1   1   3   4   1   1   0   5   1   1   1   1   5   1   5   0   2  64   1  1.98 0.95
  307 E     0   0   1   0   0   1   5  -3  -1  -4  -3   2   0  -3  -4  -2  -2  -6  -2  -4    7   5   6   5   2   6  39   2   1   1   3  14   2   1   1   2   2   0   1   1  0.63 0.45
  308 A    -2  -2  -2   2  -4   1   6  -3  -4  -3  -4   1  -4  -6  -5  -3  -3   0  -6  -3    4   2   1  10   0   6  55   2   0   2   1   9   0   0   0   1   1   2   0   2  1.13 0.66
  309 A     6  -4  -5  -3  -1  -4  -3  -4  -3  -1  -4  -5  -1  -6  -3  -1  -1  -7  -4   0   70   1   0   1   1   0   2   0   1   4   2   0   2   0   1   4   3   0   0   6  1.29 0.74
  310 L    -3  -2  -4  -4  -2  -1  -3  -5  -1  -1   5  -2   3  -2  -6  -2  -2   3  -4   1    2   2   1   1   1   3   2   1   2   2  55   3   6   1   0   3   2   3   0  11  0.77 0.49
  311 L     0   5  -3  -2  -3   1   1  -1  -4  -1  -3   3  -1  -6  -5  -1  -2  -1  -5  -4    9  35   0   2   0   6  10   6   0   4   2  16   1   0   0   5   2   1   0   1  0.65 0.45
  312 E    -3  -3  -3   6  -7   0   5  -3  -2  -4  -5  -2  -3  -5  -4  -2  -4  -7  -4  -4    2   1   1  47   0   4  32   2   1   1   1   2   1   1   1   2   1   0   1   1  1.33 0.72
  313 E    -2  -3  -2   0  -2   1   7  -2  -5  -5  -5  -2  -2  -7  -4  -3  -4  -7  -6  -2    3   1   2   5   1   6  70   3   0   1   1   1   1   0   1   1   1   0   0   3  1.51 0.81
  314 E     0   0  -3  -2  -6   3   6  -2  -3  -4  -5   2  -4  -4  -4  -3  -3  -6  -5  -3    8   4   1   1   0  11  53   3   0   1   1  11   0   1   0   1   1   0   0   2  1.03 0.60
  315 E    -4  -1  -2   2  -8   1   7  -3  -4  -7  -7   0  -6  -7  -4  -3  -3  -7  -6  -7    0   2   2  10   0   6  71   2   0   0   0   5   0   0   0   0   1   0   0   0  1.66 0.78
  316 G     0   7  -2  -4  -6  -1  -2   3  -4  -4  -5  -1  -4  -6  -5  -2  -3  -6  -5  -3    7  63   2   0   0   2   1  20   0   1   0   1   0   0   0   2   1   0   0   2  1.30 0.57
  317 V    -2  -4  -5  -5  -2  -4  -4  -5  -5   4   1  -4   2  -2  -4  -3  -2  -4  -3   5    0   0   0   0   0   0   0   0   0  27   8   0   4   0   0   0   0   0   0  61  0.89 0.29

                      K         Lambda
Standard Ungapped    0.1298     0.3113
Standard Gapped      0.0431     0.2670
PSI Ungapped         0.1409     0.3170
PSI Gapped           0.0431     0.2670
