
Last position-specific scoring matrix computed, weighted observed percentages rounded down, information per position, and relative weight of gapless real matches to pseudocounts
            A   R   N   D   C   Q   E   G   H   I   L   K   M   F   P   S   T   W   Y   V   A   R   N   D   C   Q   E   G   H   I   L   K   M   F   P   S   T   W   Y   V
    1 M    -1  -2  -3  -3  -2  -1  -2  -3  -2   1   2  -2   6   0  -3  -2  -1  -2  -1   2    0   0   0   0   0   0   0   0   0   0   0   0  75   0   0   0   0   0   0  25  0.39 0.04
    2 E    -1   0   0   1  -4   2   6  -2   0  -4  -3   1  -2  -4  -1   0  -1  -3  -2  -3    0   0   0   0   0   0 100   0   0   0   0   0   0   0   0   0   0   0   0   0  0.83 0.04
    3 R    -1   3  -1  -2  -2   3   0  -3  -1   0   2   1   1  -1  -2  -1  -1  -2  -2  -1    0  32   0   0   0  25   0   0   0   0  43   0   0   0   0   0   0   0   0   0  0.26 0.02
    4 W    -3  -3  -4  -5   5  -3  -4  -3  -3  -3  -2  -4  -2   0  -4  -3  -3  11   1  -3    0   0   0   0  17   0   0   0   0   0   0   0   0   0   0   0   0  83   0   0  2.19 0.09
    5 P     1   1  -2  -2  -2  -1  -1  -2  -2  -1  -2  -1  -2  -3   6  -1  -1  -4  -3   0   14  15   0   0   0   0   0   0   0   0   0   0   0   0  55   0   0   0   0  16  0.94 0.06
    6 W     1  -2   1  -2  -3  -1   1  -2  -2  -3  -2  -2  -2   2  -3  -1  -2   9   1  -3   21   0  12   0   0   0  12   0   0   0   0   0   0   9   0   0   0  47   0   0  1.04 0.11
    7 P     1  -2  -2  -2  -1  -2  -2  -2  -2   1  -1  -2   0   1   2   1   1  -2   1   1   17   0   0   0   0   0   0   0   0  14   1   0   0   8  11  11  11   0   8  18  0.15 0.03
    8 S     0  -2  -2  -3  -3  -2  -2  -3   3  -2  -1  -2  -2   2  -3   1   0   0   7  -2    6   0   0   0   0   0   0   0   7   0   7   0   0   5   0  12   6   0  55   0  0.70 0.16
    9 G     1  -2  -1  -2   2   0  -2   3  -2  -2  -2  -1   1  -3  -2   2  -1  -3  -3  -1   15   0   0   0   6   5   0  29   0   0   0   0   8   0   0  29   0   0   0   5  0.34 0.10
   10 G     1  -2  -1  -2   3  -2  -2   3  -2  -1   0  -2   1  -2   1   2   0  -3  -2  -1    9   0   0   0  10   0   0  25   0   0  13   0   6   0   6  22   4   0   0   5  0.23 0.08
   11 A     2  -3  -3  -3  -2  -2  -1   0  -3   2   1  -2   0  -1  -3  -1  -1  -3   0   3   29   0   0   0   0   0   5   7   0  18  12   0   0   0   0   0   0   0   4  26  0.23 0.11
   12 W    -1  -3   0  -4  -3  -3  -3  -3  -2  -3  -1  -3   2  -1  -4   1   2  10   3  -3    3   0   4   0   0   0   0   0   0   0   5   0   7   0   0  11  16  42  11   0  1.22 0.27
   13 L     0  -3  -3  -3  -2  -2  -1  -1  -3   1   3  -3   0   0  -3   0   0  -2   0   1    8   0   0   0   0   0   4   4   0   7  47   0   0   3   0   7   3   0   5  13  0.25 0.11
   14 L     0  -3  -3  -4   6  -3  -4  -1  -3   2   1  -3  -1   2  -3  -1  -2  -2   1   2    9   0   0   0  24   0   0   4   0  12  15   0   0  12   0   3   0   0   4  17  0.39 0.14
   15 V    -1  -3  -4  -4   4  -3  -2  -4  -3   1   1  -2  -1   5  -4  -3  -2  -2   1   3    4   0   0   0  11   0   4   0   0   5  11   3   0  32   0   0   0   0   2  27  0.44 0.16
   16 A     3  -2  -1  -2  -2  -2  -2   2  -3   0   0  -1  -1  -3   2   0   1  -3  -3  -1   31   0   3   0   0   0   0  18   0   7  13   4   0   0  10   3   9   0   0   3  0.24 0.11
   17 A     2  -3  -2  -3  -2  -1  -2   1  -3   2   1  -2   2  -1  -3   0   0  -3   0   1   25   0   0   0   0   3   0  12   0  18  12   0   9   0   0   3   3   0   3  10  0.19 0.11
   18 R     2   0  -1  -1  -2  -1   0  -1  -2  -1   0  -1   2  -2   3   1   1  -3   0  -1   26   8   3   3   0   0   4   2   0   2   7   0  10   0  14   8   8   0   3   0  0.20 0.11
   19 A     3  -3  -2  -3  -2  -2  -2   0  -3   0  -1  -2  -1  -2   2   0   1  -3   1   2   35   0   0   0   0   0   0   8   0   2   3   0   0   0   9   3  10   0   6  23  0.29 0.16
   20 L    -1  -3  -3  -4  -2  -3  -3  -4  -3   2   4  -3   2   2  -3  -2   0  -2  -1   2    3   0   0   0   0   0   0   0   0  11  45   0   7  10   0   3   5   0   0  14  0.43 0.16
   21 L    -2   1  -1  -3  -2  -2  -2  -1  -2   0   2  -1   0   1  -1   1  -1  -2   1   2    0  11   3   0   0   0   0   4   0   3  32   2   0   6   2  15   0   0   5  17  0.17 0.14
   22 Q     0   3  -1  -1  -3   2  -1   1   1  -3  -3   2  -2  -2   2   0  -1   1  -2  -2    6  18   0   3   0  13   0  12   4   0   0  17   0   2  10   8   2   2   0   3  0.28 0.14
   23 L    -1  -3  -4  -4  -3  -2  -3  -4  -3   2   3  -2   2   3  -4  -1  -2   4   1   1    4   0   0   0   0   2   0   0   0  13  30   1   7  15   0   5   0   6   5   9  0.39 0.16
   24 L     0  -2  -3  -4  -1  -3  -3  -3  -1   1   3  -2   0   2  -2   1  -2   4  -1   2    6   2   0   0   1   0   0   0   2   5  32   2   0   9   2  16   0   8   0  14  0.29 0.17
   25 R     0   3   1  -2   2   0  -1  -1  -1  -1   0   1  -2  -3  -3   1   1   1  -1  -2    6  24   7   0   6   2   2   4   1   2  10  10   0   0   0   9  13   2   1   0  0.21 0.14
   26 S     0   1   2   0  -3   1  -1   1  -2  -3  -2   1  -2   0  -2   2   0  -3  -2  -2    7  10   9   5   0   7   0  11   0   0   4   8   0   5   0  25   6   0   0   3  0.21 0.14
   27 D    -1   0   1   3  -3   2   2  -1   2  -2  -2  -1  -2  -3   0   1  -1   2  -1  -2    3   3   5  21   0  12  13   4   5   2   5   1   0   0   5  12   2   3   2   3  0.25 0.14
   28 L    -2  -1  -3  -4  -3  -3  -3  -2  -3   1   3   0   1   2  -2  -3  -1   0   0   3    1   4   1   0   0   0   0   2   0   6  36   7   2   9   2   0   2   1   3  23  0.35 0.20
   29 R    -1   4   1  -1  -3   1  -1   0   2  -1  -2   1  -2  -1  -3   1  -1  -3   1  -2    4  25   7   3   0   7   1   6   6   4   4   9   0   2   0  15   1   0   5   1  0.25 0.16
   30 L    -1  -2  -3  -4   0  -3  -3  -3  -3   0   4  -1   1   2  -3  -1  -2   0   2   1    5   2   1   0   2   0   1   1   0   2  49   4   2   7   1   4   0   1   9   7  0.43 0.23
   31 G     1  -1   0  -2   3  -2  -2   2  -2  -2  -2  -2   0   2  -1   2   1  -3   0  -1   14   2   3   1   7   1   1  17   0   2   2   1   2  10   2  19   7   0   2   5  0.19 0.15
   32 R     0   1  -2  -2  -3  -1  -1  -1   0   0   0   1   1   2   0  -1   0   3   0   0    6  12   0   1   0   2   1   6   2   4   9   9   4  11   6   4   8   5   3   7  0.09 0.09
   33 P     0   2  -2  -1  -3   0  -2  -2  -1   1  -1   0   0  -3   3   0   1  -1  -2   1    6  17   0   2   0   5   1   3   2   8   4   4   2   0  17   7   9   1   1  10  0.24 0.16
   34 L     0  -1  -2  -3   3  -2  -3  -3  -2   1   2  -2   2   3  -4   0  -1   0   0   1    6   3   1   1   7   1   1   1   1   7  27   1   6  15   0  10   3   1   1   8  0.25 0.17
   35 L     1  -2  -4  -5   0  -4  -4  -3  -4   2   3  -4   1   2  -5  -3  -3   4  -1   2   14   3   1   0   2   0   0   1   0  10  36   0   3   7   0   0   0   6   1  17  0.53 0.28
   36 A     1  -2  -2  -4  -2  -1  -1  -1  -3   1   2  -3  -1   1  -3  -2  -1   4   2   2   11   2   1   0   0   4   3   4   0   9  24   0   0   7   1   2   3   6   8  14  0.23 0.17
   37 A     1  -2  -1  -1   3  -2  -1   1  -3   0  -2  -1  -2  -1  -1   2   1   5   0   1   10   1   2   3   7   0   3  12   0   5   1   3   0   2   3  17  10   8   3  10  0.21 0.17
   38 L     0  -4  -5  -5  -2  -2  -4  -3  -4   1   4  -4   2   3  -4  -2  -2  -3  -1   1    7   0   0   0   1   2   1   2   0   8  45   0   5  12   1   2   2   0   2  10  0.56 0.29
   39 A     2  -3  -3  -4  -1  -2  -2   0  -1   2   1  -3   1   0  -2  -1  -1   1   0   2   23   1   0   0   1   1   1   8   2  12  17   1   3   4   1   4   3   2   2  13  0.19 0.16
   40 L     0  -3  -4  -3   1  -3  -4  -3  -3   2   3  -2   0   2  -3  -2  -1  -1   1   2    7   1   0   1   4   0   0   2   0  12  27   2   1  10   1   2   4   1   6  19  0.35 0.20
   41 L     0  -2  -4  -3   0  -3  -4  -3  -4   2   3  -4   1   1  -1  -1   0   1   1   1    7   2   0   1   2   0   0   1   0  12  39   0   3   6   4   5   5   2   5   8  0.37 0.22
   42 A     2  -2  -2  -3   0  -1  -3   0  -1   0   0  -2  -2   3   0   1   0   2   0   1   22   2   1   0   2   2   0   7   1   5  11   2   0  13   4   9   6   3   3   9  0.16 0.15
   43 A     2  -3  -1  -3   0  -2  -2  -1  -3   2   2  -2  -1   0  -1   0   0  -3  -1   1   18   0   2   1   2   1   1   5   0  10  26   1   0   3   3   6   7   0   2  13  0.20 0.16
   44 L     0  -2  -2  -3  -1  -3  -2   0   0   2   3  -2   2   1  -1  -2   0  -2  -1   1    6   2   2   0   1   0   2   8   3  11  30   1   5   6   3   2   5   0   1  11  0.19 0.15
   45 D     0  -2   0   1   0   1   1   1   0  -1  -1  -1  -1  -1   0   1   0   1   0   0   10   1   4   7   2   6  11   9   2   3   7   0   0   2   5   9   6   2   5   8  0.06 0.07
   46 W    -1  -1  -2  -4  -4  -1  -3  -3   0  -1   1  -3   0   3   2  -1  -2   7   3   0    4   4   2   1   0   3   1   2   2   3  14   0   2  10  11   4   2  18  12   5  0.56 0.27
   47 L    -1  -2  -2  -4   2  -3  -2  -4  -1   2   4  -2   1   1  -4  -2  -1   0   1   2    4   2   2   0   4   1   2   1   1   9  40   2   4   4   1   2   2   1   4  12  0.39 0.23
   48 C     0  -1  -4  -5   7  -4  -4  -2  -3   1   1  -3  -2   0   0   0   0   4   0   0   10   3   0   0  25   0   1   3   1   7  15   1   0   3   4   8   5   6   3   6  0.53 0.28
   49 Q     0  -1   1  -1   2   1  -1  -1   2   0  -1  -2   0   1  -3   1   0   4   1  -1    8   2   7   2   5   8   2   4   5   6   5   1   2   8   1  13   5   8   5   4  0.14 0.14
   50 R     0   0  -1  -1   0   0  -1  -2  -1   0   1  -1   0   2  -2   0   1   1   1   0    9   6   3   2   2   5   3   1   2   2  19   3   2  10   1  10   8   2   4   7  0.07 0.09
   51 L     0  -4  -2  -3   2  -3  -4  -2  -2   2   2  -4   3   3  -3  -2  -1   1   2   1    7   0   2   1   5   0   0   2   1  12  24   0   8  12   1   3   3   2   6   9  0.33 0.21
   52 L    -1  -2  -3  -4   1  -3  -3  -1  -3   1   4  -3   1   0  -3  -1  -1   3  -1   1    5   2   1   0   4   1   1   5   1   7  40   1   3   4   1   5   3   4   2  12  0.38 0.23
   53 P     0  -2  -1  -2   0  -1  -1   0  -1   1   0   0   0  -1   3   1   0   0  -1   0    6   1   2   1   2   3   2   9   1  10   9   6   2   3  17  12   7   2   1   5  0.16 0.12
   54 P     0  -2  -2  -1   0  -2  -1   1  -3   0   1  -2  -1   0   2   1   1   3  -1   0    8   2   0   4   2   1   2  10   0   4  16   1   1   3  10  15   8   5   2   5  0.14 0.15
   55 P     1  -2  -2  -4   2  -2  -2  -1  -1   0   2  -2  -1   1   1   0  -1   0   1   1   13   2   1   0   5   1   2   4   1   5  23   1   0   7   6   6   3   1   5  13  0.16 0.15
   56 A     1  -3  -3  -4  -1  -2  -3   0  -2   2   1  -3   1   1  -1  -1   0   4   1   2   15   1   1   0   1   1   1   7   0  11  16   0   4   5   3   4   5   5   4  16  0.21 0.17
   57 A     2  -3  -3  -3   0  -2  -3   2  -3   1   1  -3  -1   1  -4   0   0   3   1   1   20   0   0   0   2   1   1  15   0   7  15   0   1   7   0   7   5   4   4  10  0.22 0.19
   58 L     0  -5  -5  -4   1  -4  -5  -3  -4   2   4  -4  -1   2  -3  -2  -1   0   1   1    7   0   0   1   3   0   0   2   0  14  42   1   0   8   1   2   3   2   5   9  0.56 0.31
   59 V     2  -4  -4  -5   2  -4  -4  -2  -4   3   1  -4   0   2  -2  -1  -1  -4   0   3   16   0   0   0   4   0   0   3   0  15  14   0   2   8   1   4   3   0   3  24  0.41 0.26
   60 V     0  -4  -4  -5  -1  -4  -4  -2  -5   3   2  -4   0   2  -5  -1   1  -4  -2   3    8   0   0   0   1   0   0   3   0  15  22   0   1   9   0   5   9   0   1  24  0.47 0.28
   61 L     1  -4  -5  -5  -2  -4  -4  -2  -4   1   4  -4   0   3  -3  -2   0  -4  -1   1   15   0   0   0   1   0   0   3   0   7  38   0   2  11   1   2   6   0   2  11  0.51 0.30
   62 A     2  -2  -2  -3   2  -3  -3   0  -3   1   1  -2  -1   1  -2   1   1   1   0   1   20   1   1   1   5   0   0   6   0   7  12   2   1   8   2  11   7   2   4  10  0.17 0.16
   63 G     0  -3  -3  -4   1  -3  -3   1  -1   2   2  -2   0   1  -2  -1   0   0   0   1    7   1   0   0   4   1   1  14   1  16  19   2   2   6   1   5   4   1   3  12  0.20 0.16
   64 A     1  -3  -4  -4   1  -3  -4  -4  -3   2   2  -3   0   1  -4   0   0  -4  -1   3   14   1   0   0   3   0   0   1   0  13  21   1   1   7   0   9   7   0   1  20  0.36 0.25
   65 G     0  -2  -1  -3   3  -3  -2   2  -1   0   1  -1  -1   0  -2   1  -1  -1   1   1    9   2   2   0   8   0   1  15   1   5  13   3   1   4   1  12   3   1   7  12  0.15 0.15
   66 W    -3  -2  -5  -6   3  -4  -4  -2   1  -1   2  -3  -3   3  -6  -3  -2   8   5  -2    2   2   0   0   7   0   1   3   3   3  19   2   0  12   0   2   3  19  20   2  0.99 0.45
   67 I    -2  -2  -3  -5   0  -3  -4  -4  -3   2   3  -1  -1   3  -3  -2  -1   2   3   1    2   3   1   0   2   1   0   1   0  12  33   5   0  13   1   3   3   3   9   9  0.47 0.27
   68 A     1  -2  -3  -3  -1  -3  -2  -2  -2   2   2  -2   1   1  -2  -2   0   3   2   2   12   2   1   1   1   0   2   3   0  12  20   1   3   6   1   2   5   4   7  14  0.22 0.17
   69 L    -2   1  -3  -3  -2  -2  -2  -2   0   2   2  -2   0   2  -3  -1  -1   2   3   1    3  11   0   1   1   1   2   3   3  10  22   1   2   7   1   4   3   2  12  11  0.26 0.20
   70 S    -1   2   0   0  -2   0   0  -2   0  -2  -1   0  -1   0  -3   1   0   5   2   0    5  12   5   6   1   3   5   3   2   2   5   6   1   4   1  11   7   8   7   7  0.16 0.14
   71 R    -1   4  -1  -3  -1  -1  -3  -3   1   0   1   0   0   1  -4  -1  -1   4   3  -1    4  25   2   1   1   2   0   1   3   5  12   6   2   6   0   4   4   6  11   3  0.34 0.25
   72 L    -2   1  -2  -4  -1  -1  -3  -3  -2   0   3  -1   2   3  -2  -2   0   3   1   0    3   8   1   0   1   2   1   1   1   4  29   4   7  15   2   3   5   4   4   4  0.32 0.22
   73 A     0   1  -1  -1   0   0   1  -1  -1   1   0   0   0   0   0   0   0   0   1   0    5  11   1   2   2   3   9   5   0  10  11   6   2   4   3   7   5   1   6   5  0.03 0.06
   74 R    -1   5   0   0  -3  -1  -1  -2   1  -2  -2   2  -2  -2   1   0  -1  -1  -2  -2    5  35   4   5   0   2   4   3   3   2   4   9   0   2   7   6   4   1   1   2  0.42 0.28
   75 P     0   2   1  -2  -2   1   0  -1  -2   0  -1   2  -1  -2   1   1   0  -2   0  -2    6  14   7   1   1   7   5   4   0   5   4  12   1   2   8  12   5   1   3   2  0.16 0.15
   76 P    -1   1  -2  -1  -1   0   0  -1  -1  -1   0   2  -1   0   3   0   0  -3  -1  -1    4   9   1   4   1   5   4   3   2   4  10  14   1   5  16   6   7   0   1   5  0.16 0.14
   77 R    -2   4   0  -2  -3   0  -2  -3   1   0  -1   2   0  -2   0  -1   0  -1  -1   1    2  26   4   2   0   4   1   2   3   4   5  16   2   2   4   3   7   1   2  11  0.31 0.23
   78 L    -2  -2  -3  -3  -1  -1  -1  -2  -2   3   2  -1   3  -1   0  -1  -1  -4  -3   3    2   2   1   1   1   3   4   3   1  15  20   4  10   2   4   5   2   0   0  20  0.28 0.21
   79 P    -2   1   1   3  -2  -1   0  -1   0  -3  -4   0  -2  -4   4   2   0  -6  -4  -3    1   7   6  16   1   2   5   4   3   2   1   4   1   0  24  16   4   0   0   2  0.53 0.33
   80 V     0  -3  -2  -3  -1  -2  -2  -2  -2   1   1  -3   4  -1   2   1   1  -4   0   1    7   1   1   1   1   1   1   3   1   7  14   1  14   2  11  10   8   0   4  11  0.27 0.23
   81 A     1   1   1   1  -3   1   1   0   1  -3  -3   1  -2  -4  -1   2   1  -3  -2  -2   10   7   8   8   0   6   7   6   4   1   1  10   1   0   3  14   9   0   1   2  0.21 0.18
   82 T    -1   1   2   2  -5   1   0   3  -1  -5  -4   2  -3  -4  -1   0   0  -3  -4  -4    4   6   9  11   0   7   6  25   2   0   1  11   1   1   3   7   6   0   0   0  0.39 0.28
   83 R    -4   4  -4  -3  -8   1  -2  -3  -2  -7  -5   7  -6  -7   0  -3  -4  -7  -5  -7    1  19   1   1   0   5   2   2   1   0   1  58   0   0   6   2   1   0   0   0  1.54 0.75
   84 A     3  -3  -2  -5   1  -4  -5  -3   1   0  -3  -4  -4  -1  -2   1   3   0   3   3   26   1   1   0   2   0   0   1   3   5   1   0   0   2   2  10  16   1   9  18  0.50 0.38
   85 V     0  -8  -8  -8  -4  -7  -7  -8  -8   4  -3  -7  -1  -5  -7  -6  -4  -2  -6   7    9   0   0   0   0   0   0   0   0  18   2   0   1   0   0   0   1   1   0  68  1.88 0.84
   86 L    -5  -7  -8  -8  -4  -7  -8  -8  -7   0   6  -7   0   4  -8  -7  -6  -3  -3   2    1   0   0   0   0   0   0   0   0   4  62   0   2  17   0   0   0   0   1  13  1.56 0.72
   87 I    -6  -8  -9  -9  -4  -8  -8  -9  -9   7  -3  -8  -4  -5  -8  -5  -6  -8  -7   5    0   0   0   0   0   0   0   0   0  66   1   0   0   0   0   1   0   0   0  31  2.30 0.95
   88 T    -6  -7  -6  -7  -7  -7  -6  -8  -8  -5  -7  -7  -4  -7  -7  -1   8  -9  -8  -4    0   0   0   0   0   0   0   0   0   0   0   0   0   0   0   4  94   0   0   1  2.91 1.29
   89 G    -5  -6  -6  -5  -8  -8  -8   8  -8  -9  -9  -7  -8  -9  -8  -5  -7  -8  -9  -8    0   1   0   0   0   0   0  97   0   0   0   0   0   0   0   0   0   0   0   0  2.98 1.20
   90 C     4  -8  -8  -8  10  -7  -8  -5  -8  -5  -7  -7  -7  -8  -7  -1  -2  -8  -8  -2   30   0   0   0  57   0   0   1   0   0   0   0   0   0   0   5   3   0   0   3  2.63 1.08
   91 D    -2  -5  -2   6  -7  -5  -2  -2  -6  -8  -8  -6  -7  -6  -6   5  -1  -8  -7  -7    3   0   1  42   0   0   2   3   0   0   0   0   0   0   0  45   3   0   0   0  1.68 0.87
   92 T    -3  -2  -4  -5  -4  -5  -6  -1  -3  -6  -6  -4  -4  -6  -6   7   4  -8  -7  -5    1   2   0   0   0   0   0   4   1   0   0   1   0   0   0  66  22   0   0   1  1.74 0.94
   93 G    -5  -5  -6  -6  -8  -8  -8   8  -8  -9  -9  -6  -8  -9  -5  -6  -6  -8  -9  -9    0   1   0   0   0   0   0  97   0   0   0   0   0   0   1   0   0   0   0   0  2.93 1.20
   94 F    -6  -8  -8  -9  -7  -8  -8  -9  -6   6   0  -8   0   7  -8  -8  -6  -6  -2  -2    0   0   0   0   0   0   0   0   0  43   7   0   2  44   0   0   0   0   1   2  2.11 0.90
   95 G    -5  -8  -7  -7  -9  -8  -8   8  -8 -10 -10  -8  -9  -9  -8  -5  -8  -9  -9  -9    1   0   0   0   0   0   0  98   0   0   0   0   0   0   0   1   0   0   0   0  3.06 1.25
   96 K    -2   4   2  -4  -4  -1  -1  -6   4  -4   1   2  -1   2  -5  -3  -5   0   3  -4    3  20  12   0   0   3   3   0  10   0  14  13   2   7   0   1   0   1  10   0  0.60 0.42
   97 E     4  -1  -2   0  -2  -1   2  -2   0  -2   1  -2   0  -4  -4   0  -2  -6  -3  -2   33   3   1   6   1   3  15   3   2   2  15   1   2   1   0   7   2   0   1   2  0.38 0.34
   98 T     0  -6  -5  -6   2  -5  -6  -6  -5   2   4  -5  -1  -1  -6  -1   4  -4  -5  -2    9   0   0   0   4   0   0   0   0   9  37   0   1   3   0   3  29   0   0   2  0.92 0.56
   99 A     7  -7  -7  -7   1  -6  -6  -6  -7  -5  -5  -6  -5  -5  -6  -1  -1  -8  -7   1   78   0   0   0   3   0   0   0   0   0   1   0   0   0   0   4   5   0   0   9  1.88 0.94
  100 K    -3   3  -2  -3  -2   1   1  -5  -1   1   2   4  -1  -3  -4  -3  -2  -4  -3  -1    2  15   1   1   1   5   8   0   2  10  22  23   1   1   0   1   2   0   1   4  0.48 0.35
  101 K     0   4  -3  -2  -3   1   1  -4   5  -3   0   2   0  -3  -5  -2  -1  -1   1  -3    9  25   1   2   1   6   7   1  12   1   9  11   2   1   0   2   4   1   6   2  0.50 0.36
  102 L    -3  -7  -8  -9   4  -7  -8  -8  -8  -4   6  -8   1   3  -8  -7  -6  -6  -4  -4    2   0   0   0   7   0   0   0   0   0  75   0   3  12   0   0   0   0   1   0  1.89 0.87
  103 D     4  -2  -2   4  -2  -2  -3  -4   3  -2   0  -3  -3  -4  -5  -1  -3  -6  -2  -1   33   2   2  25   1   1   1   1   8   2  10   1   1   1   0   4   1   0   1   5  0.67 0.46
  104 A     1   3   0   0  -3   2   2  -1   0  -5  -4   3  -4  -5  -4   1  -2  -6  -5  -3   13  15   4   6   1   9  14   5   2   0   2  16   0   0   0  10   2   0   0   1  0.43 0.33
  105 M     0   4   1  -2  -3   1   0  -4   1  -3   1   2   3  -4  -5  -1  -2  -6  -3  -3    9  20   6   2   0   7   6   1   3   1  16  15   7   0   0   4   1   0   1   1  0.41 0.34
  106 G    -5  -4  -1  -2  -8  -5  -5   8  -5  -9  -9  -4  -8  -9  -8  -5  -7  -8  -8  -9    0   1   3   2   0   0   1  90   0   0   0   1   0   0   0   1   0   0   0   0  2.57 1.10
  107 F    -4  -5  -6  -5   2  -7  -7  -7   3  -1  -1  -7   2   6  -8  -6  -6   7   6  -2    2   0   0   1   3   0   0   0   6   3   5   0   5  33   0   0   0  15  21   4  1.60 0.75
  108 T    -3   4   1  -2  -1   2  -1  -4   5  -1  -2   0  -3  -2  -1  -2   3  -3   0  -2    1  20   6   2   2   8   4   1  12   4   3   6   0   2   3   3  18   0   3   3  0.48 0.37
  109 V    -6  -9  -9  -9  -7  -8  -8  -9  -9  -1  -4  -8  -5  -7  -8  -8  -3  -9  -7   8    0   0   0   0   0   0   0   0   0   2   1   0   0   0   0   0   2   0   0  95  2.84 1.20
  110 L    -3  -7  -8  -8  -5  -7  -8  -8  -3   3   0  -7  -3   7  -7  -7  -6   0   5   0    2   0   0   0   0   0   0   0   1  15   8   0   0  46   0   0   0   1  20   6  1.73 0.78
  111 A     7  -7  -7  -7  -3  -6  -7   2  -7  -6  -6  -6  -7  -8  -4  -3  -5  -8  -7  -5   83   0   0   0   1   0   0  13   0   0   1   0   0   0   1   1   0   0   0   1  2.14 1.03
  112 T     2  -6  -5  -6   1  -6  -6   5  -7  -6  -5  -6  -4  -7  -6   1   5  -7  -7  -4   14   0   0   0   3   0   0  40   0   0   1   0   0   0   0  10  31   0   0   1  1.28 0.71
  113 V     2  -6  -7  -6   9  -7  -7  -4  -6  -2  -3  -7   4  -1  -7  -1  -4  -7  -4   4   15   0   0   1  37   0   0   2   0   2   2   0   8   2   0   4   1   0   1  26  1.64 0.78
  114 L    -5   7  -4  -6  -7  -3  -5  -7  -2  -4   4  -3  -3  -2  -6  -4  -5  -7   0  -3    1  52   1   0   0   1   0   0   1   0  34   1   1   2   0   1   1   0   3   2  1.58 0.80
  115 D    -3   2   3   3  -3  -1  -2  -4   0  -5  -4   1  -4   0  -4   1   3  -3  -2  -4    1  12  16  17   0   2   1   1   2   0   1   9   0   5   1  10  18   0   1   1  0.58 0.41
  116 L    -1  -2  -3  -1  -3   2   3  -3  -2  -1   1   0  -1  -4   4  -1   0  -4  -4  -1    6   2   1   4   0   8  17   2   1   3  12   6   1   1  23   5   5   0   0   5  0.41 0.31
  117 N     0  -1   1   3  -4   2   4  -1  -1  -4  -4   1  -4  -4  -3   1   0  -5  -4  -4    9   3   7  15   0   8  24   4   1   1   2   8   0   1   1   9   6   0   0   1  0.46 0.33
  118 G     0   0  -1   3  -3  -2  -1   3   0  -4  -3   1  -3  -4  -3   2  -2  -4  -4  -3    7   5   2  17   1   1   4  26   2   1   2  10   1   0   1  14   3   0   0   1  0.46 0.30
  119 P     1   0  -1   0   0   0   2  -1  -2   0   0   1   2  -2   1  -1  -1  -3  -2   0   12   5   2   6   2   3  13   6   1   6   9   9   6   1   7   4   2   0   1   6  0.09 0.11
  120 G     0  -2  -1   3  -5   1   2   4  -2  -5  -4   0  -4  -4  -3  -1  -1  -5  -4  -4    8   2   3  14   0   6  14  32   1   1   1   6   0   1   1   5   4   0   0   1  0.55 0.35
  121 A     4   0  -1   0  -3  -1   1  -1  -2  -3  -3  -2  -1  -4  -1   1  -1  -4  -3  -1   41   6   2   5   0   3   8   4   1   1   3   2   2   1   3  10   4   0   1   4  0.46 0.33
  122 L    -1   0  -2  -1  -3   2   0  -4  -2   0   4   1  -1  -1  -3  -2  -1  -2  -3  -1    6   6   2   4   1   8   6   1   1   4  39  10   1   2   1   2   3   0   1   4  0.36 0.27
  123 E    -1   2   0   1  -4   2   3  -2   1  -2  -1   2  -2  -2  -3   0   0  -4  -2  -2    6  11   4   7   0   8  21   2   3   2   5  11   1   1   1   6   5   0   1   3  0.27 0.21
  124 L     0  -1  -2  -2  -3  -1   1  -3  -3   0   5  -1  -1  -2  -3  -2  -2  -4  -3  -2    8   3   2   3   0   3   9   2   0   3  51   5   1   1   1   3   2   0   1   2  0.60 0.35
  125 R     1   3  -2  -1  -4   2   1  -2  -2  -2  -1   3  -1  -2  -2  -1   0  -3  -2  -1   11  17   1   3   0   8  10   2   1   2   7  18   1   1   1   4   5   0   1   4  0.29 0.22
  126 A     2   1   1   0  -1   1   1   1  -1  -2  -2   1  -2  -2  -2   1  -1  -2  -2  -1   20   7   6   5   2   6   9  10   1   2   3   8   1   1   1  10   2   0   1   3  0.17 0.16
  127 R     0   1   0   0   1   1   1  -1   0   0   0   1  -1  -1  -1   1   0  -2  -1   0    9   7   5   3   4   6  11   5   2   5   9   9   1   2   1   9   5   0   1   6  0.05 0.07
  128 C     1  -2   0   0   6  -1  -1   1   0  -2  -1   0  -1  -1  -2   1   1  -3   0  -2   13   2   4   4  17   3   5   9   2   2   5   5   1   3   1  12   8   0   3   2  0.26 0.19
  129 S     0  -1   0  -1  -3  -1  -2   1  -1  -2  -2   0  -3  -2   0   5  -1  -3  -2  -3    7   3   4   4   1   2   2  11   2   3   4   5   1   1   5  40   4   0   1   2  0.46 0.34
  130 P    -1  -1   0   2  -3  -1   2   2  -1  -3  -2   0  -3  -3   3   1  -2  -4  -3  -2    6   3   4  14   0   3  11  15   2   1   4   6   0   1  13  11   2   0   1   2  0.29 0.22
  131 R    -2   5   3  -2  -3   0  -2   1   0  -4  -3   1  -3  -3  -3   0  -2  -5  -4  -4    3  33  16   2   1   4   3  12   2   1   2   7   0   1   2   7   3   0   1   1  0.65 0.39
  132 L    -3  -5  -6  -6  -1  -5  -5  -5  -4   4   4  -5   1   1  -5  -5  -3  -3  -3   3    1   0   0   0   1   0   1   1   0  21  42   1   3   6   1   0   1   0   1  19  0.98 0.48
  133 K    -2   2  -2  -1  -2   1   1  -4   4   0  -2   2  -2  -1  -4  -1   3  -3   0  -1    2  10   2   4   1   6  11   1  12   5   3  10   0   2   0   5  18   0   3   5  0.33 0.28
  134 L     0  -4  -5  -5  -1  -3  -4  -3  -5   2   0  -5  -1  -3   4  -2   3  -2  -2   3    9   1   0   0   1   1   1   1   0  11  10   0   1   1  19   2  17   0   1  23  0.62 0.41
  135 L    -3  -4  -6  -6  -3  -4  -4  -6  -1   3   4  -5   0   2  -6  -5  -3  -2  -1   4    1   1   0   0   0   1   1   0   1  18  35   0   2   9   0   0   1   1   2  26  0.89 0.47
  136 Q    -1   2  -2  -2  -3   4   1  -3   0   1   0   1  -1  -3   2  -1  -1  -5  -2  -1    5   9   1   2   0  23   9   1   2   7  10   7   1   1   9   4   3   0   1   3  0.31 0.28
  137 M    -4  -5  -7  -8   1  -5  -7  -6  -7   0   5  -7   6   0  -7  -6  -4  -6  -4   0    1   0   0   0   2   0   0   1   0   4  60   0  20   3   0   0   1   0   0   6  1.54 0.73
  138 D    -7  -7   1   9  -9  -6  -3  -7  -4  -9  -9  -6  -9  -9  -7  -4  -7  -9  -8  -9    0   0   6  91   0   0   1   0   0   0   0   0   0   0   0   1   0   0   0   0  3.03 1.23
  139 L    -4  -7  -8  -8  -5  -7  -7  -8  -8   3   0  -7  -2  -3  -5  -7  -4  -7  -3   7    1   0   0   0   0   0   0   0   0  13   9   0   1   1   1   0   1   0   1  72  1.92 0.86
  140 T    -1   0  -2  -3   2  -5  -4  -4  -7  -5  -4  -5  -5  -7  -6   0   7  -7  -7  -4    6   5   2   1   3   0   1   1   0   0   2   0   0   0   0   6  71   0   0   1  1.76 0.90
  141 K    -4  -1   3   6  -2   0  -1  -5  -3  -5  -6   3  -3  -6  -6   2  -4  -5  -5  -4    0   3  15  37   1   4   2   0   0   1   0  16   1   0   0  17   0   0   0   2  1.07 0.61
  142 P     0  -2  -1   3  -4   2   3  -3   0  -4  -4  -2  -4  -5   3   1   0  -4  -3  -4    7   2   2  18   0   9  20   1   2   1   2   2   0   0  16   9   5   0   1   1  0.56 0.40
  143 E     1  -1   0   3  -4   2   4  -2  -2  -5  -5   0  -4  -4  -4  -1  -1  -6  -4  -4   13   3   4  19   0   8  31   3   1   1   1   6   0   1   0   4   4   0   1   1  0.66 0.44
  144 D    -1  -3  -2   3  -6   4   0  -4   1  -6  -6  -4  -3  -7  -5   5  -1  -7  -5  -5    4   1   1  15   0  15   6   1   3   0   0   1   1   0   0  48   3   0   0   0  1.11 0.68
  145 I    -3  -3  -6  -6  -1  -5  -6  -6  -7   6   0  -6   0  -4  -5  -5  -4  -2  -4   5    2   2   0   1   2   0   0   1   0  43   6   0   2   0   0   0   1   1   0  39  1.48 0.67
  146 S     2   1   0   2  -4   2   2  -3   0  -3  -2   2  -2  -4  -3   0   0  -4  -4  -2   15   9   4  11   0  10  14   1   2   1   3  11   1   1   1   6   6   0   0   3  0.30 0.26
  147 R     3   2   1   0  -2   2   2  -3  -2  -4  -4   2  -3  -5  -4   0  -1  -5  -4  -3   22  13   7   5   1   8  13   1   1   1   1  14   0   0   0   7   3   0   0   2  0.42 0.33
  148 V     6  -5  -5  -5   4  -4  -5  -2  -6  -3  -1  -5  -3   0  -5  -2  -1  -6  -5   1   60   1   0   0   7   0   0   3   0   1   6   0   1   4   0   2   3   0   0  10  1.16 0.64
  149 L     2   0  -4  -4  -2  -2  -3  -3  -1   1   1  -1   0   2  -3  -3  -1  -2   1   4   15   6   0   1   1   1   2   1   1   5  14   5   2   8   1   1   2   0   5  29  0.36 0.28
  150 E     1   1   1   2  -3   3   4  -2   0  -4  -3   2  -3  -5  -4   0  -1  -5  -4  -3   14   7   5  10   0  11  24   2   2   1   2  11   1   0   0   5   3   0   0   1  0.44 0.33
  151 I     0   0  -2  -1  -3   1   1  -3   1   0   0   0   0   2  -3  -1   1   2   2   0    6   6   1   2   0   6  11   1   3   7   8   4   2  11   0   3  10   3   8   5  0.14 0.15
  152 T    -2  -5  -6  -5  -5  -2  -5  -5  -7   4   0  -4  -2  -4  -6  -5   0  -6  -5   6    3   0   0   0   0   2   1   1   0  23   7   1   1   1   0   0   6   0   0  53  1.33 0.64
  153 K     0   2  -1  -1  -4   1   2  -2  -2  -1  -1   4  -1  -3  -3  -1   1  -4  -3  -2    6  11   2   3   0   6  16   2   1   4   6  24   1   1   1   5   8   0   0   2  0.34 0.27
  154 A     2   1   1   1  -3   2   3  -2  -1  -1  -3   2  -2  -4  -3   1   0  -5  -4  -2   16   6   6   7   0   7  17   2   1   3   2  12   1   0   0  12   5   0   0   2  0.31 0.26
  155 H     0   1   1  -1  -2   2   1  -3   4   0   0   1   0  -2  -3   0   0  -1  -1  -1    8   7   7   3   1  10   9   1  10   6   9   9   2   1   0   5   6   1   2   4  0.17 0.17
  156 T    -1  -2  -2  -2   2  -2  -1  -3   0   0   4  -3  -1   0  -2  -1   2  -2  -1   1    4   2   1   3   4   1   5   2   2   3  39   1   1   3   2   4  12   1   2   9  0.34 0.26
  157 A     0  -2  -1   1   0   0   1   4  -1  -5  -4   1  -4  -5   2   0  -1  -5  -4  -4    6   2   3   7   2   3   9  33   1   0   1  11   0   0  10   5   4   0   0   1  0.51 0.33
  158 S    -1   0   3   2  -3   1   1   3   0  -3  -3   0  -3  -3  -1   0  -1  -3  -2  -3    6   4  13  11   0   6  10  23   2   2   2   4   0   1   3   7   3   0   1   1  0.33 0.23
  159 T     0   2   1  -1  -1   0   0   1   0  -1  -1   2  -1  -2  -2   0   1  -2   0  -1    5  11   6   3   1   3   6  12   3   5   5  16   1   1   2   5   8   0   3   4  0.12 0.11
  160 G    -1   2  -1   0  -1   0   0   4  -1  -3  -4   0  -3  -4   1  -1   0  -4  -4   0    4  12   3   5   1   4   6  32   2   1   1   6   0   1   7   3   5   0   0   6  0.38 0.25
  161 L    -5  -6  -5  -7  -5  -6  -6  -7  -7   3   6  -6   0  -1  -5  -5  -5  -6  -5   1    0   0   1   0   0   0   0   0   0  17  70   0   1   2   0   1   0   0   0   7  1.55 0.70
  162 W    -3  -2  -3   4  -3  -5  -4  -4   3  -4  -3  -5  -4   0  -6  -4  -4  10   2  -3    3   2   1  25   1   0   1   1   7   1   3   0   0   4   0   1   1  40   5   2  1.84 0.80
  163 G     4  -5  -4  -5   1  -5  -5   5  -5   0  -3  -5   0  -4  -5  -1  -4  -6  -3   2   34   0   0   0   3   0   0  36   0   4   2   0   2   1   0   3   0   0   1  12  0.94 0.53
  164 L    -5  -6  -7  -7  -3  -6  -3  -7  -7   2   6  -6  -2  -3  -7  -6  -5  -6  -5   3    0   0   0   0   0   0   2   0   0  10  66   0   0   1   0   0   0   0   0  19  1.50 0.70
  165 V    -5  -7  -7  -7  -4  -6  -7  -7  -7   4  -2  -2  -2  -1  -7  -6  -5  -7  -4   7    0   0   0   0   0   0   0   0   0  20   2   4   1   3   0   0   0   0   0  69  1.82 0.81
  166 N    -3  -6   9  -4  -1  -5  -5  -5   0  -5  -7  -2  -7  -8  -6  -2  -4  -8  -7  -3    3   0  84   0   2   0   0   0   2   1   0   2   0   0   0   2   0   0   0   2  2.57 1.08
  167 N    -6  -6   9  -3   0  -5  -6  -6  -5  -6  -4  -6  -5  -6  -7  -3  -2  -8  -7  -5    0   0  89   0   2   0   0   0   0   0   2   0   0   0   0   1   2   0   0   1  2.85 1.17
  168 A     7  -6  -6  -6  -5  -5  -5  -4  -1  -6  -5  -2  -6  -7  -4  -2  -5  -7  -6  -5   90   0   0   0   0   0   0   1   2   0   1   2   0   0   1   2   0   0   0   0  2.21 0.99
  169 G    -2  -6  -4  -4  -7  -6  -3   7  -4  -8  -8  -6  -7  -8  -7  -4  -6  -7  -8  -8    3   0   1   1   0   0   2  91   0   0   0   0   0   0   0   1   0   0   0   0  2.51 1.01
  170 L    -3  -3  -5  -6  -1  -3  -5  -2  -3   5  -1  -5   0   1  -5  -4  -1  -1   4   3    2   1   0   0   1   1   1   4   0  37   3   0   2   5   0   1   4   1  14  21  0.87 0.46
  171 N     1  -2   1  -2   0  -1  -2   3  -1  -2  -1  -2   0   1  -1   1   1   1  -1  -2   14   2   6   2   2   2   1  23   1   2   7   1   3   6   3  13   7   2   2   3  0.21 0.17
  172 M     1  -2   0  -1   2   1  -1   1  -1   0   1  -1   2  -2  -2   0  -1  -2  -1   0   15   2   3   3   5   9   3  12   2   6  13   2   6   1   1   7   2   0   2   6  0.10 0.12
  173 V     0  -2  -1  -2   0  -2  -2  -2  -1   1  -1  -2   1   1   2  -1   1  -3   2   2    8   2   3   2   2   1   2   3   2  10   4   2   3   6  12   4  10   0   7  17  0.18 0.16
  174 V     0  -1   0  -2   0  -2  -2   2  -1   0   0  -2   1   2   0   0   0   1   1  -1    6   2   4   1   3   2   1  20   2   5  11   1   4  12   4   6   7   2   4   5  0.13 0.13
  175 A     3  -5  -4  -4  -2  -5  -5   6  -5  -5  -4  -4  -4  -3   1   0  -4  -6  -5  -4   20   0   0   1   1   0   0  59   0   1   2   1   0   2   6   6   1   0   0   1  1.33 0.66
  176 D     0  -4  -1   1  -1  -3   2  -3  -2  -3  -1  -3  -1   1   6  -2  -2  -2   0  -2    6   1   3   6   1   1  14   2   1   2   6   1   1   6  38   2   3   1   3   3  0.72 0.43
  177 V    -1  -4  -1   0  -2  -3  -3  -3  -4   2   2  -4   0   2  -4  -2   0  -1  -2   3    6   0   4   6   1   1   2   1   0  12  20   0   2  10   1   3   6   1   1  25  0.37 0.27
  178 E    -4  -4  -4   3  -8  -2   7  -5  -3  -6  -5  -4  -3  -6  -4  -4  -5  -3  -6  -6    2   0   0  17   0   1  73   1   1   0   1   1   1   0   1   1   1   0   0   0  1.96 0.94
  179 L    -2  -5  -3   2  -1  -3   0  -4  -1  -1   1  -4   0   2  -5  -3  -2   9   0  -2    3   0   1  10   2   1   8   2   2   3  15   1   2   9   0   2   3  31   3   3  1.06 0.53
  180 S    -1  -3  -2  -3   2   1  -3  -3  -2   1   3  -3   2  -1  -2   0   2  -3  -2   2    4   0   2   1   5   6   0   2   1   7  29   0   5   2   2   6  13   0   1  13  0.33 0.27
  181 P    -2  -2  -1   1  -3  -3  -2  -4  -2  -4  -4  -2  -5  -5   5   3   4  -7  -4  -4    2   3   3   6   1   1   3   1   1   1   1   2   0   0  29  23  23   0   0   1  0.93 0.58
  182 V    -1   0  -3   0  -3  -1   0  -3  -1   2   1   0   4  -2   0  -2   0  -2  -2   1    4   4   0   5   0   2   7   1   2  14  15   6  15   1   5   2   7   1   1   9  0.21 0.21
  183 V     0  -1  -1   4  -4   1   5  -3  -1  -5  -5   0  -4  -6  -3   1  -2  -6  -4  -5    9   3   3  22   0   7  36   2   1   0   1   4   0   0   1   8   2   0   1   0  0.80 0.49
  184 T     0  -1   0   4  -4   3   3  -2   1  -3  -3  -1  -2  -4  -4  -1   0  -3  -3  -1    7   3   3  27   0  12  18   3   4   2   2   3   1   1   0   4   6   0   1   4  0.48 0.35
  185 F     0  -5  -5  -6   0  -5  -5  -4  -2   3   2  -5   1   4  -6  -4  -4   3   5   1    8   0   0   0   2   0   0   1   1  15  16   0   3  20   0   1   1   3  22   7  0.82 0.45
  186 R    -3   5  -2  -1   0   3   1  -4   2  -3  -2   3  -2  -4  -5  -1  -3  -3  -3  -4    2  35   1   3   2  11  10   1   5   1   4  18   1   0   0   4   1   0   1   1  0.75 0.45
  187 E     0   4   0   0  -3   2   2  -2   1  -4  -2   3  -2  -2  -3   0  -1   0  -1  -3    6  21   4   4   1  11  11   2   3   0   4  17   1   2   0   5   3   1   2   1  0.37 0.28
  188 C    -1  -3  -3  -3   2   5  -2  -4  -2   1   0  -3   2  -3  -3  -1   0  -5  -4   3    4   0   1   1   4  33   1   0   1   8   8   0   4   0   1   4   7   0   0  22  0.63 0.44
  189 M     0  -5  -4  -5  -3  -4  -5  -5  -2   1   2  -5   5   6  -4  -3  -2   0   0  -1    8   0   0   1   0   0   0   1   1   8  19   0  14  35   1   1   3   1   2   4  0.87 0.44
  190 E    -1  -2   2   5  -6   1   5  -4  -2  -6  -5  -2  -4  -6  -4  -2  -3  -6  -5  -5    5   2  10  28   0   6  41   1   0   0   1   2   0   0   0   2   1   0   0   0  1.10 0.56
  191 V    -2  -3  -6  -6  -3  -5  -6  -6  -6   1  -2  -5  -3  -1  -6  -4   3  -6  -4   6    2   2   0   0   0   0   0   0   0   6   1   0   0   2   0   0  19   0   0  66  1.43 0.69
  192 N    -6  -5   9  -3  -7  -4  -2  -4  -2  -7  -6  -4   0  -7  -6  -2  -5  -8  -6  -6    0   0  90   1   0   0   2   1   1   0   1   0   2   0   0   2   0   0   0   0  2.72 1.07
  193 F    -2  -5  -5  -6  -1  -4  -5  -5  -4   0   3  -5  -1   4  -2  -4   1   1   0   4    2   0   0   0   1   1   0   0   0   2  32   0   1  16   2   1   9   2   3  28  0.71 0.41
  194 F    -2  -4  -4  -6  -2  -5  -4  -5  -1   1   2  -5   2   6  -6  -4  -2   4   2   0    3   1   1   0   1   0   1   0   2   7  17   0   5  40   0   1   2   6   7   7  0.96 0.46
  195 G     0  -1  -4  -5  -3  -4  -5   7  -5  -5  -6  -4  -6  -6  -4  -2  -5  -6  -6  -5    6   4   0   0   1   1   0  83   0   1   0   1   0   0   1   2   0   0   0   1  1.98 0.79
  196 A     1  -3  -3  -4  -1   0  -3  -3   2  -1   1  -2   2  -3   3  -1   2  -1  -2   2   13   0   1   0   1   4   0   1   5   1  15   2   5   1  13   4  15   1   1  18  0.30 0.27
  197 L     0  -4  -5  -5  -4  -2  -2  -3   1   5   1  -4   3   0  -4  -3  -3  -2  -1   4    7   0   0   0   0   1   2   2   3  31  13   0   7   3   0   1   1   1   2  25  0.63 0.36
  198 E     1   6   0   0  -5   0   1  -3   0  -4  -3   0  -2  -4  -1  -1  -2  -5  -2  -4   12  42   5   6   0   4   9   2   2   1   2   3   1   0   2   4   2   0   1   1  0.66 0.39
  199 L    -3  -4  -5  -5   0  -4  -5  -4  -5   1   2  -5   5  -1  -5  -3   0  -5  -4   5    1   1   0   0   2   0   0   1   0   7  19   0  13   2   0   1   6   0   0  44  0.92 0.47
  200 T    -1  -4  -1  -4   3  -4  -4  -4  -1   2  -2  -4   0  -3  -3   0   6  -5  -4   0    4   0   2   0   5   0   0   1   2  12   2   0   2   1   1   4  55   0   0   7  1.04 0.55
  201 K    -3   4   0  -3  -4   5  -2  -4   2  -3  -1   4  -2  -5  -4  -3  -3  -5  -2  -4    1  22   5   1   0  27   1   1   4   1   6  25   1   0   0   1   1   0   1   1  0.89 0.50
  202 G     4  -1  -2  -3  -2  -1   0  -1   0  -2  -1   0  -1  -4  -2   0   1  -3  -2  -2   44   4   2   1   1   2   5   5   2   1   6   5   2   0   1   6   8   0   1   2  0.42 0.32
  203 L    -1  -5  -4  -6   3  -5  -5  -4  -3  -1   1  -5   1   7  -5  -3  -3  -3  -1   2    6   0   1   0   6   0   0   1   0   2  15   0   3  46   0   1   2   0   1  15  1.09 0.51
  204 L    -1  -3  -5  -5  -2  -3  -5  -5  -4   1   5   0   2  -1  -3  -2  -3  -4  -3  -1    6   1   0   0   1   1   0   1   0   6  63   5   4   1   1   3   1   0   1   3  0.89 0.46
  205 P    -3  -4  -4  -2  -6  -1  -2  -4   0  -4  -6  -3  -4  -6   8  -3  -4  -6  -6  -5    2   1   1   3   0   3   3   2   2   1   1   1   0   0  77   2   1   0   0   1  2.24 0.89
  206 L    -1  -1  -3  -4  -2  -2  -3  -2   2   0   5  -3   2  -1  -4  -1  -2  -2   0  -1    5   3   1   1   1   2   1   3   4   3  55   1   5   2   1   5   2   1   3   2  0.61 0.37
  207 L    -4  -4  -5  -6  -4  -5  -5  -6  -2   3   4  -5   6   0  -5  -5  -4  -5  -4   1    1   1   0   0   0   0   0   0   1  17  46   0  21   3   0   0   0   0   0   8  1.14 0.53
  208 R    -4   7  -3  -4  -3  -1  -2  -3  -2   0  -4   4  -4  -5  -5  -2  -4  -6  -4  -3    1  56   1   1   1   3   2   2   1   6   2  21   0   0   0   3   1   0   1   1  1.34 0.62
  209 H     1   3  -1  -2  -2   3   1  -3  -1  -3  -3   3  -2  -4  -2  -1  -1  -3  -3  -2   14  16   3   1   1  14  10   1   1   1   3  23   1   0   1   4   3   0   1   3  0.46 0.31
  210 S     3   1   0  -2  -2   1  -1   2   1  -3  -4  -1  -3  -3  -2   3   0  -5  -2  -3   24   8   4   2   1   6   2  13   3   1   0   2   1   1   1  25   4   0   2   1  0.41 0.31
  211 R    -2   4  -2  -3  -4   2   0   1   2  -5  -3   4  -4  -4  -1   0  -3  -2  -2  -4    3  25   1   0   0   9   4   9   4   0   2  28   0   1   4   6   1   0   1   1  0.64 0.39
  212 G    -1  -4  -3  -5  -2  -5  -4   7  -5  -6  -6  -5  -6  -6  -2  -2  -3  -6  -6  -5    4   1   1   0   1   0   1  83   0   0   0   0   0   0   2   2   2   0   0   1  1.98 0.78
  213 R    -4   8  -4  -5  -3  -2  -2  -5  -1  -4  -3   1  -3  -6  -5  -2  -1  -1  -5  -4    1  71   0   0   1   1   3   1   1   1   3   6   1   0   0   3   4   1   0   1  1.68 0.74
  214 I    -3  -5  -5  -5  -4  -4  -3  -6  -5   7   0  -5   0  -2  -5  -5  -3  -5  -4   3    1   0   0   0   0   1   2   0   0  58   8   0   2   2   0   0   1   0   0  22  1.37 0.58
  215 V    -3  -5  -6  -6  -3  -5  -5  -6  -1   5  -1  -4  -1  -1  -5  -4  -1   2  -3   6    2   0   0   0   0   0   0   0   1  32   3   1   1   2   0   1   3   3   1  49  1.26 0.58
  216 T    -4  -4   7  -2  -2  -1  -2  -2  -2   0  -3  -4   0   0  -5  -1   1  -6  -2  -1    1   0  54   2   1   3   3   3   1   5   3   0   2   5   0   4   9   0   2   4  1.06 0.57
  217 V    -3  -2  -3  -5   1  -2  -5  -6  -4   5   0  -5   4  -1  -2  -4   1  -5  -4   4    1   3   1   0   2   2   0   0   0  35   5   0  10   2   2   1   7   0   0  29  0.87 0.46
  218 G     1  -4  -2  -1  -2  -4  -4   2   0  -3  -5  -4  -4  -2  -4   5   3  -6  -5  -3   10   0   1   3   1   0   0  17   2   2   0   0   0   2   0  44  16   0   0   1  0.85 0.53
  219 S    -2  -5  -1  -5  -5  -5  -5  -3   0  -7  -7  -5  -6  -7  -5   7  -2  -7  -6  -6    1   0   2   0   0   0   0   1   2   0   0   0   0   0   0  89   1   0   0   0  2.16 0.99
  220 P     0  -3  -3  -4  -1  -3  -4  -1  -1   4   0  -4   3  -2   0  -2  -2  -2  -3   4    7   2   1   1   1   1   1   4   2  25   8   0   9   1   4   3   2   1   1  27  0.49 0.32
  221 A     3  -3   0  -3   2  -1  -3   1  -3  -2   1  -2   1  -1  -3   2   0  -1  -1  -1   25   1   4   1   4   3   1  10   0   2  14   2   3   3   1  16   5   1   2   3  0.23 0.23
  222 G     1  -5  -3  -3  -3  -6  -5   7  -1  -5  -6  -5  -6  -7  -6  -1  -3  -3  -6  -4   10   0   1   1   1   0   0  74   2   1   1   0   0   0   0   5   2   1   0   1  1.74 0.77
  223 D    -3   6  -2  -3  -4  -1  -1  -3   1  -1   1   1   0   1  -5  -2  -2  -2  -1  -1    1  40   1   1   0   2   4   2   3   4  15   7   2   5   0   2   2   1   2   5  0.61 0.39
  224 M    -1  -3  -3  -3   0  -2  -4  -3   0   3   1  -3   3   3  -3  -2   0   0  -1   2    6   1   1   1   2   2   1   2   3  19  13   1   8  14   1   2   5   1   2  17  0.39 0.26
  225 P     3  -4  -2  -4   0  -3  -3   1   0  -3  -4  -3  -4  -4   4   2   2  -2  -2  -1   24   1   1   0   2   1   1  11   2   2   1   1   0   0  18  18  12   1   1   4  0.57 0.39
  226 Y     0  -2  -1  -3   0  -2  -2  -1  -2   1   1  -3   2   3  -1   1   1   1   1   0    8   1   3   1   2   1   1   4   0   7  16   1   7  13   3  10   7   2   4   7  0.16 0.16
  227 P    -1  -4  -3  -5  -4  -2  -4  -3  -4  -2  -3  -3  -2  -4   8  -2  -3  -6  -4  -2    6   1   1   0   0   2   1   2   0   3   3   2   1   1  67   3   1   0   1   4  1.77 0.77
  228 C    -1  -3  -1  -3   2  -3  -3   3  -2  -2   0  -3   1   4  -3  -1  -2   1   2  -1    5   1   3   1   5   1   1  23   1   1  11   1   4  21   1   5   2   2   7   3  0.43 0.29
  229 L     0   1   0  -3  -1   0  -2   1  -1   0   2  -2   3   1  -3  -1   0  -2   0   0    7   7   5   1   1   4   2  11   2   4  20   1  10   6   0   5   4   0   4   6  0.12 0.15
  230 A     2  -5  -3  -4  -2  -1  -4   5  -5  -3  -4  -4  -5  -5  -2   3  -1  -5  -5  -1   18   0   1   1   1   2   1  41   0   1   1   0   0   0   2  23   3   0   0   4  0.91 0.51
  231 A     3  -4  -4  -4  -1  -3  -4  -1  -1   0  -2  -4  -1  -1   5   0  -1   4  -2   0   28   0   0   1   1   1   1   5   1   5   3   1   2   2  26   6   4   5   1   8  0.63 0.38
  232 Y    -6  -6  -6  -7  -7  -5  -5  -6  -2  -2  -4  -6  -6  -1  -7  -6  -5  -3  10  -5    0   0   0   0   0   1   1   1   1   2   2   0   0   1   0   0   1   0  89   1  3.25 1.21
  233 G     2  -5   1  -4   7  -3  -4   1   2  -3  -5  -4  -2  -4  -4   3   1  -6  -4  -1   15   0   6   0  23   1   0  10   5   1   1   0   1   1   1  24   8   0   0   4  0.83 0.48
  234 T     5  -5  -5  -5   0  -4  -4  -2  -5   2  -2  -4   4  -4  -3   1  -1  -6  -5   1   46   0   0   0   2   0   1   3   0  10   2   0  10   0   1  11   4   0   0  10  0.81 0.50
  235 S     0  -5  -4  -5  -2  -2  -5  -4  -5  -6  -6  -5  -4  -6  -5   6   3  -7  -6  -4    7   0   0   0   1   2   0   1   0   0   1   0   0   0   0  67  19   0   0   1  1.63 0.84
  236 K    -6  -3  -3  -6  -7  -2  -4  -3  -6  -6  -7   8  -4  -7  -6  -5  -4  -7  -5  -7    0   0   1   0   0   2   0   2   0   1   0  91   0   0   0   0   1   0   0   0  2.60 1.08
  237 A     2  -3  -4  -5  -3  -4  -5  -5   6  -4  -4  -5  -3   6  -6  -1  -4   4   4  -4   19   1   1   0   1   0   0   0  20   0   1   0   0  31   0   5   1   5  13   1  1.29 0.64
  238 A     6  -6  -5  -6  -3  -5  -5   3  -6  -6  -6  -5  -4  -5  -5  -2  -5  -6  -5  -4   74   0   0   0   1   0   0  20   0   0   0   0   0   1   0   1   0   0   0   1  1.77 0.83
  239 I    -1  -5  -6  -6  -2  -4  -5  -3  -6   2   4  -4   1  -2  -5  -4  -2  -5  -4   4    4   0   0   0   1   0   0   3   0  11  40   1   3   1   0   1   2   0   0  33  0.94 0.48
  240 A    -1  -2  -1   0  -3   1   7  -4   0  -1  -4  -1  -3  -5  -5  -1  -2  -6  -5  -3    5   2   3   5   1   4  62   1   2   3   1   2   1   0   0   4   2   0   0   2  1.20 0.64
  241 L     5  -4  -3  -5  -1  -4  -5   4  -5  -4  -2  -4   0  -5  -4   1  -1  -3  -3  -3   46   1   1   0   1   0   0  25   0   1   5   1   2   0   0  12   3   0   1   1  0.91 0.54
  242 L    -3  -6  -7  -7  -4  -6  -6  -6  -5   1   3  -6   2   6  -7  -6  -5   4   5  -1    2   0   0   0   0   0   0   0   0   7  23   0   5  38   0   0   0   5  16   3  1.35 0.61
  243 M     1  -5   0  -4   2  -3  -4  -2  -4  -1  -4  -4   1  -3  -5   5   3  -6  -5  -2   10   0   3   0   4   0   0   3   0   3   1   0   4   1   0  49  15   0   0   2  0.92 0.58
  244 D    -2  -3   0   7  -7  -1   3  -3  -1  -5  -6  -3  -5  -7  -5  -2  -2  -7  -5  -5    3   1   4  57   0   2  20   2   2   1   1   1   0   0   0   3   2   0   0   1  1.44 0.69
  245 T     3  -5  -3  -5   5  -4  -5   1  -4  -1  -4  -4  -3  -5  -5   3   2  -6  -5   1   24   0   1   0  13   0   0  10   0   4   0   0   1   0   0  26  11   0   0   8  0.76 0.49
  246 F    -4  -7  -6  -8  -1  -5  -7  -8  -5   1   6  -7   2  -1  -7  -7  -5   1  -3  -1    1   0   0   0   1   0   0   0   0   5  78   0   4   2   0   0   0   2   1   4  1.64 0.74
  247 S    -1   8  -4  -5  -8  -2  -5  -3  -3  -8  -6  -2  -5  -6  -7  -2  -5  -2  -3  -7    5  84   0   0   0   2   0   2   0   0   0   0   0   0   0   3   0   1   1   0  2.37 1.01
  248 C    -1   4  -1  -4  -1   2  -2  -4   3   0   1  -2   3   0  -4  -2  -2  -3   2  -1    4  23   3   0   1   9   1   1   8   6  17   1   8   4   0   2   1   0   7   5  0.39 0.31
  249 E    -5  -2  -4   0  -5  -2   8  -7  -3  -8  -7  -4  -5  -8  -3  -3  -5  -4  -6  -6    0   2   1   4   0   1  87   0   1   0   0   0   0   0   1   1   0   0   0   0  2.35 1.05
  250 L    -4  -5  -6  -7  -2  -4  -6  -7  -6  -1   5  -6   7  -2  -7  -5  -2  -3  -2   2    1   0   0   0   1   0   0   0   0   1  54   0  24   1   0   0   3   0   1  12  1.41 0.68
  251 L     2   3  -2  -2  -1   1   0  -1   1  -2  -1   3  -1  -2  -3   0  -2  -2   1  -3   17  19   1   2   1   5   6   4   3   2   5  16   2   1   0   7   1   0   5   1  0.29 0.26
  252 P    -1   1  -2  -1  -2   1  -1  -2   2  -3  -3   2  -2  -4   6  -1  -3  -6  -2  -4    5   8   2   3   1   5   3   3   4   2   3  13   1   1  38   4   1   0   2   1  0.78 0.46
  253 W    -3  -3  -5  -5  -4  -1  -5  -6   1  -4  -1  -5  -2   7  -6  -2  -1   8   2  -4    2   2   0   1   0   4   1   0   3   1   7   1   1  44   0   3   4  19   7   1  1.54 0.70
  254 G    -5  -3   2   0  -7  -4  -4   7  -3  -8  -8  -2  -7  -8  -5  -3  -6  -7  -7  -8    0   1  11   5   0   1   1  76   1   0   0   2   0   0   0   1   0   0   0   0  1.94 0.84
  255 I    -4  -7  -7  -7  -3  -6  -7  -7  -7   6  -2  -6  -1  -3  -5  -6  -4  -7  -5   6    1   0   0   0   1   0   0   0   0  39   2   0   1   1   1   0   1   0   0  53  1.78 0.76
  256 K    -2   2   0   2  -4   1  -1  -2   3  -5  -4   4  -3  -4  -2   1  -1  -2  -1  -4    2  10   3  13   0   6   3   3   8   0   1  28   0   1   2  11   4   0   2   0  0.52 0.36
  257 V    -2  -7  -7  -7   0  -6  -7  -7  -5   0  -3  -6  -3  -4  -7  -5  -3  -7  -4   7    2   0   0   0   2   0   0   0   0   3   2   0   0   1   0   1   2   0   0  86  2.14 0.91
  258 S     0  -4  -4  -5   3  -4  -4  -4   3   3  -3  -2  -2  -4  -5   4   0  -6  -3   3    6   1   0   0   5   0   0   1   8  16   2   2   1   0   0  34   4   0   0  18  0.68 0.46
  259 I    -2  -5  -3  -4   1  -4  -3  -5  -4   4   3  -4   1  -3  -5   0   2  -5  -3   3    2   0   1   1   3   0   1   0   0  23  26   1   4   0   0   6  12   0   0  18  0.61 0.37
  260 I    -5  -5  -7  -7  -5  -6  -7  -7  -7   7   1  -6  -1  -2  -7  -6  -4  -6  -5   5    0   0   0   0   0   0   0   0   0  51  11   0   1   1   0   0   1   0   0  34  1.66 0.72
  261 Q    -2  -2  -1  -3  -3   3   7  -4  -2  -2  -2  -2  -2  -5  -5  -4  -4  -7  -5  -3    4   2   2   1   1  13  64   1   1   3   4   2   1   0   0   1   0   0   0   2  1.44 0.75
  262 P    -4  -7  -7  -7  -3  -6  -6  -7  -3  -7  -6  -6  -7  -6   9  -3  -3  -8  -8  -7    1   0   0   0   1   0   0   0   1   0   1   0   0   0  91   2   1   0   0   0  3.10 1.23
  263 G    -1  -6  -3  -5  -5  -5  -2   7  -3  -7  -7  -6  -3  -3  -6   1  -3  -1  -3  -6    4   0   1   0   0   0   3  75   1   0   0   0   1   2   0   9   2   1   1   0  1.78 0.79
  264 C     2  -2   1  -1   0  -2  -2   1  -1  -1  -1  -2  -1   2   1   1  -1  -1   1   0   17   2   8   3   2   1   1   9   1   3   5   1   2  11   8  11   3   1   5   5  0.13 0.15
  265 F    -3  -6  -5  -7  -2  -6  -6  -7   0   3  -2  -6  -1   6  -6  -4  -1  -3   5   2    2   0   0   0   1   0   0   0   2  18   1   0   1  38   0   1   4   0  18  13  1.29 0.61
  266 K     1   4   0   0  -3   1   0  -2   0  -4  -3   4  -2  -4  -2  -1  -2  -4  -3  -2   13  22   5   4   0   5   4   3   2   0   2  27   1   0   1   4   2   0   1   3  0.51 0.34
  267 T    -2  -5  -4  -5  -4  -5  -3  -4  -6  -5  -5  -4  -4  -6  -4   2   8  -7  -6  -4    2   0   0   0   0   0   2   1   0   0   1   1   0   0   1  11  79   0   0   1  2.05 0.95
  268 E    -1   0   3   1  -4  -1   1   2  -2  -5  -5   0  -4  -5   4   0   0  -5  -5  -4    6   6  15   7   0   3  10  16   1   0   1   4   0   0  19   7   5   0   0   1  0.48 0.32
  269 A    -1  -4  -3  -4  -1  -1  -5  -2  -5   5   2  -3   4   4  -4  -1  -2   1  -3  -1    5   0   1   1   1   3   0   3   0  32  16   1   9  16   0   5   2   2   0   3  0.65 0.38
  270 V     0  -1   0  -3  -3  -2  -3  -1  -2   1   1  -3   0   1  -3   0   2   6  -1   1    7   4   5   1   0   2   1   4   1   8  15   1   2   7   1   6  12  11   1  10  0.25 0.19
  271 T     0   0   1   1  -1   0   1   0   0  -1  -2   0   0  -1  -1   1   1  -2   0  -1    9   4   8  10   1   5   7   7   3   3   3   5   3   3   2  10   8   0   3   4  0.07 0.07
  272 N    -1   0   3   1  -3   0   0  -1   0  -1  -2   2  -1  -3   0   0   1   1  -2  -2    4   5  18   7   0   3   5   4   3   4   3  15   1   1   4   8   8   2   1   3  0.21 0.18
  273 V     1  -1   0   0  -1   0   1   0  -1  -1  -1   0   0  -1   1   1   0   0  -2   0   15   3   3   4   1   4  10   6   1   4   6   4   2   2   7  11   7   2   1   6  0.07 0.08
  274 N     0   1   1   2  -2   1   2   0  -1  -2  -2   1  -1  -2   0   0   0  -3  -2  -1    9   6   8  13   1   5  13   6   1   3   4   7   2   1   3   8   4   0   1   3  0.14 0.12
  275 L     1   0   0   0  -1   0   0  -1  -1   0   0   0   0  -1  -1   0   0  -1   0   1   11   6   4   4   1   5   5   3   1   7  11   7   2   2   3   6   6   1   3  11  0.01 0.03
  276 W     0  -1   0  -1  -1   0   0  -1   1   1   0  -1   2   0   0   0   0   3   0   0    8   4   5   2   1   5   5   5   5   9  10   3   7   4   3   6   6   5   2   6  0.04 0.06
  277 E     0   1  -1   0  -2   1   2  -1   0   0   0   1   0  -1  -1   0   0  -1  -2  -1    8   6   2   6   0   6  16   4   2   5  10   9   3   2   2   6   6   1   1   4  0.08 0.09
  278 K     0   2   1   1  -3   1   1  -1   0  -2  -2   3  -1  -2  -2   0  -1  -3  -2  -2   10  12   6   8   1   5   9   4   2   3   4  18   2   2   2   6   3   0   1   2  0.19 0.16
  279 R     0   2   0   0  -2   2   1  -1   1  -1  -1   0   0  -2  -1   1   0  -1   0  -1   10  13   5   4   1  10   7   4   4   4   5   4   3   2   2  10   5   1   3   3  0.09 0.10
  280 K     1   0  -1  -1  -2   0  -1  -1   0   0   1   0   1   1  -1   0   0   0   1   0   12   6   3   3   1   3   4   3   2   7  13   6   5   5   2   6   4   1   5   7  0.02 0.05
  281 Q    -1   1   1   3  -4   2   3  -2   2  -3  -2   2  -1  -2  -3  -1  -1  -1  -2  -2    4   6   6  16   0   9  17   3   4   1   4  13   1   2   1   5   3   1   1   2  0.31 0.23
  282 L     0   1   0   1  -2   1   1  -1   1  -2  -2   2  -1  -2  -1   0   1  -2  -2  -2    9   9   4   8   1   7  11   5   3   3   4  11   1   2   2   7   7   0   1   3  0.12 0.11
  283 L     1  -1  -1  -1  -1  -1  -1  -2  -1   1   1  -1   4  -1  -1   0   0   0  -1   1   10   3   3   3   1   3   3   3   1   8  15   2  13   3   3   7   6   2   2   8  0.11 0.12
  284 L    -2  -1  -2  -2   0  -2  -2  -3  -3   0   0  -2   1   1  -3  -3  -2  10   2  -1    3   4   2   2   2   2   3   3   1   6  10   3   3   5   2   2   2  35   7   4  1.16 0.50
  285 A     1  -1   2   3  -4   1   2  -1   0  -3  -3   1  -3  -3  -2   1  -1  -4  -1  -3   14   3  11  14   0   6  14   4   2   1   2   9   1   1   2   9   4   0   2   2  0.29 0.22
  286 N     0   2   3   0  -3   2   1   0   0  -3  -3   1  -3  -4  -2   1  -1  -3  -3  -3   10  13  14   5   1   7  11   6   2   1   2   8   1   1   2  10   4   0   1   1  0.28 0.21
  287 L     1  -3  -3  -3  -1  -2  -3  -2  -2   0   3  -3   4   0  -3   0   0  -3  -2   0   14   1   1   1   1   2   2   3   1   4  34   1  10   4   1   6   7   0   1   5  0.40 0.27
  288 P    -2  -2  -1   2  -3  -2  -1  -3   0  -4  -4  -2  -2  -3   5   3   1  -4  -2  -4    3   2   3  12   1   1   4   2   2   1   2   2   1   1  29  23   8   0   2   1  0.73 0.44
  289 R     1   1  -1   2  -4   1   3  -2   0  -4  -3   0  -3  -4   4  -1  -1  -3  -1  -3   10   7   2  11   0   6  19   3   2   1   3   6   0   1  17   5   3   0   2   2  0.41 0.28
  290 E     0  -1   0   2  -4   0   5  -1  -1  -3  -3   0  -3  -4  -2   1  -1  -3  -1  -3    7   3   4  12   0   4  34   6   2   2   2   4   1   1   2   9   4   0   2   2  0.49 0.32
  291 L     0   0  -2  -2  -2   0  -1  -2  -1   2   1  -1   0  -2  -1  -1   1  -2  -1   3    7   5   2   2   1   5   3   3   1  10  14   4   2   1   3   4   9   0   2  21  0.15 0.13
  292 L    -1   4  -1  -3  -4   2  -2  -3  -1  -1   0   4  -1  -2  -2  -2  -2  -3   0  -2    4  19   2   1   0   8   2   2   1   4  11  28   1   2   2   3   2   0   4   3  0.49 0.30
  293 Q     1   1   0   1  -3   2   3  -1   0  -3  -2   1  -2  -3  -2   1   0  -4   0  -3   12   6   5   8   0   8  19   4   2   1   3   8   1   1   2   9   6   0   3   2  0.26 0.21
  294 A     1   0  -1   2  -3   0   2  -1   0  -1   0  -1  -1  -1   0   1   0  -1  -1   0   12   4   2  12   0   4  13   4   3   3   9   2   1   3   5   9   5   1   2   6  0.11 0.12
  295 Y    -4  -3  -5  -3  -5  -4  -5  -5  -2  -4  -3  -4  -4   1  -1  -4  -3   1   9  -3    2   2   1   2   0   1   1   1   1   1   2   1   0   5   3   2   2   2  69   2  2.28 0.93
  296 G     0  -1  -1  -1  -3  -2  -2   5  -1  -3  -3  -2  -3  -1  -1  -1  -2  -3   2  -3    8   4   3   3   1   2   2  47   1   2   3   3   1   3   3   4   3   0   7   2  0.72 0.37
  297 E    -1   1  -1   1  -5   2   4  -2   1  -3  -3   2  -3  -4  -1   0  -2  -3  -3  -3    6   8   2   7   0   9  28   3   3   1   3  14   0   1   4   6   2   0   1   2  0.48 0.32
  298 D     0   0   0   3  -3   1   3  -1  -1  -3  -2   1  -2  -3   1   0  -1  -3  -1  -3    8   4   4  16   0   6  18   4   2   1   4  10   1   1   7   5   4   0   2   2  0.28 0.21
  299 Y    -2  -3  -3  -4   0  -3  -3  -2   1   0   0  -4   1   4  -3  -2  -2   1   7  -2    4   2   1   1   2   1   2   3   3   5   8   1   3  16   2   3   3   2  36   3  0.95 0.47
  300 I    -1  -1  -3  -3  -2  -2  -2  -4  -2   2   2  -1   1   4  -2  -3  -2  -3   2   2    6   4   1   1   1   2   2   1   1  10  20   4   4  17   2   2   2   0   6  12  0.35 0.22
  301 E     0   2   1   3  -4   2   3  -3   0  -4  -3   1  -3  -4  -1  -1   0  -3  -3  -3    7   9   6  15   0   9  21   2   2   1   3   9   1   1   3   4   5   0   1   2  0.39 0.28
  302 H     1   3   1  -1  -4   1   1  -1   1  -3  -2   2  -1  -1  -2   0  -1  -2   1  -3   14  13   6   3   0   5   8   4   3   1   3  13   1   3   2   6   4   0   5   1  0.21 0.20
  303 L     0  -1  -4  -3   1  -1  -3  -3  -1   1   2  -1   4   3  -3  -2   0   2   2   1    7   3   1   1   3   3   2   2   2   8  16   3   9  11   1   3   5   3   7   9  0.23 0.18
  304 H     0   2   0  -1   0   1   0  -3   1   0  -1   2   2  -1  -3  -1   0  -1   1   0    9  10   3   3   2   6   6   2   3   6   7  14   5   3   1   3   5   1   4   7  0.11 0.13
  305 G     2   2   0   1  -3   1   2   0  -1  -2  -3   2  -3  -4  -3   0   0  -1  -3  -3   16  10   5   6   0   6  12   7   2   2   3  13   0   0   1   7   5   1   1   2  0.24 0.23
  306 Q     0   1   0  -1  -2   1   0  -1   0   0   0   1   0   0  -3   0   0  -1   1   0   10   9   5   2   1   7   4   5   2   5   9   9   3   4   1   8   5   1   5   6  0.05 0.09
  307 F     1  -1  -2  -3  -1  -2  -2  -2  -1   1   2  -2   4   3  -3  -2  -1   3   1   0   11   4   2   1   1   2   2   3   1   8  16   2  11  12   1   3   4   3   4   7  0.26 0.20
  308 L     0   1   0  -1  -3   2   1  -1   0   0   0   2   0  -2  -2   0   0  -3  -2   0    7   7   5   3   0   9   9   5   2   7   9  11   3   2   1   8   5   0   1   5  0.08 0.11
  309 N     0   1   2   1  -4   0   1  -1   0  -2  -2   2  -1  -2  -2   1   0  -2  -2  -2    9   9  11   8   0   4   8   5   2   2   4  12   2   2   1   9   6   1   1   2  0.15 0.16
  310 S     1   0  -1  -2  -2  -1  -1   0   0   0   0  -1   2   2  -1   1   0  -2   2   0   10   6   3   2   0   2   5   7   2   4   9   3   5   8   3  10   5   0   8   6  0.06 0.09
  311 L     1  -1   0  -1   0   0   0   0  -1   0   1   0   1   0  -1   0   0  -2  -1   0   11   3   3   3   2   4   6   7   1   5  13   4   5   4   3   8   4   0   2   8  0.01 0.04
  312 R     0   3   1   1  -5   2   1   0   0  -3  -3   3  -1  -3  -1   0  -1  -3  -3  -3    7  14   6   6   0   8  10   6   3   1   3  15   1   1   3   8   4   0   1   2  0.29 0.23
  313 M    -1   1   0  -1  -3   1  -1   0   0   0   0   1   2   0  -2   0   1  -1  -1  -1    5   8   5   2   0   6   4   7   2   7   9   9   7   4   2   7   8   1   2   3  0.06 0.09
  314 A     3  -2  -1  -4   2  -1  -3   3  -2  -2  -2  -2  -3  -1  -1   2   0  -1  -3  -2   25   2   2   1   5   2   2  18   1   2   5   3   1   3   4  16   5   1   1   2  0.40 0.30
  315 L     1   0   1   0   1  -1  -1   0  -1  -1   0  -1   1  -2  -1   3   0  -2  -1  -1   13   4   6   5   2   2   4   6   1   4   8   3   4   2   4  20   5   1   2   4  0.12 0.14
  316 P    -1  -1  -2  -1  -3   0   0   0  -3  -2  -3   0  -2  -5   5   2   2  -4  -4  -3    6   4   2   4   1   4   6   6   1   2   2   6   1   1  26  13  13   0   0   2  0.51 0.36
  317 D    -3  -1   3   5  -3  -2   1  -2   0  -5  -4   1  -4  -4   1  -1   0  -5  -4  -5    2   3  14  34   1   2   9   3   2   1   2   7   0   1   7   5   5   0   1   1  0.76 0.42
  318 L     0  -6  -6  -6  -1  -4  -4  -5  -4   2   2  -5  -1  -1   6  -4   0  -5  -4   1    8   0   0   0   2   1   1   1   0  10  18   1   1   3  35   1   7   0   1   9  0.89 0.52
  319 S    -1  -1   0   2  -5   1   3  -1   2  -2  -4  -1  -2  -3  -4   3   1  -5  -1  -3    5   3   4  10   0   7  20   4   4   2   2   4   1   1   1  20   7   0   2   2  0.40 0.32
  320 P     0   0  -2   0  -3   0   2  -3   0  -2   0   1  -1  -3   3  -1  -2   1  -1   0    9   6   1   5   1   3  15   2   3   3  10   8   2   1  15   4   2   2   2   6  0.23 0.21
  321 V    -2  -8  -8  -7  -2  -7  -8  -8  -8   2  -3  -8  -4  -2  -4  -7  -2  -8  -5   7    4   0   0   0   1   0   0   0   0   8   3   0   0   2   1   0   2   0   0  76  2.13 0.97
  322 V     4  -5  -5  -6  -1  -5  -6  -3  -7   2  -1  -6  -2  -3  -5  -2   1  -7  -4   4   35   0   0   0   1   0   0   2   0  12   7   0   1   1   0   3  10   0   1  25  0.91 0.54
  323 D    -2   3   3   5  -5   0   2  -3  -2  -6  -5   2  -5  -8  -5  -2  -4  -2  -7  -5    4  13  13  29   0   4  13   2   1   0   1  12   0   0   0   3   1   1   0   1  0.87 0.53
  324 A     4  -2  -3   0   4  -2  -3  -5  -4  -2  -1   0  -4  -5  -5  -1   2  -7  -6   2   35   2   1   5   8   2   2   0   0   3   7   7   0   0   0   4  10   0   0  13  0.62 0.43
  325 I    -5  -8  -8  -8  -4  -7  -8  -8  -4   6   0  -6   5   1  -8  -7  -4  -7   3   4    1   0   0   0   0   0   0   0   0  34   9   0  14   5   0   0   1   0  11  23  1.43 0.69
  326 I     0  -2  -4  -2  -2  -1   3  -4   0   0   1  -2   0   1  -5  -2   0   0   2   3    9   2   0   2   1   3  19   1   2   6  13   2   2   5   0   2   7   1   7  17  0.32 0.27
  327 D    -2   2   0   3  -5   0   1  -3   7  -6  -4   3  -5  -7  -6  -2  -2  -5  -4  -7    3  12   4  15   0   4   8   2  28   0   2  14   0   0   0   3   3   0   1   0  1.06 0.59
  328 A     7  -7  -6  -8  -1  -4  -6  -2  -6   1  -4  -6  -6  -5  -7  -2  -4  -9  -8  -1   74   0   0   0   2   1   0   3   0   8   2   0   0   0   0   3   1   0   0   4  1.83 0.94
  329 L     1  -7  -8  -8  -1  -7  -8  -7  -8   3   5  -7   0  -2  -8  -5  -3  -7  -6   3   10   0   0   0   2   0   0   0   0  16  48   0   2   1   0   1   1   0   0  17  1.24 0.63
  330 L    -2  -1   0  -3   1  -2   1  -4  -2  -1   1  -2   1   1  -6   0   5  -5  -3  -2    4   3   4   1   3   2   9   1   1   4  13   2   3   5   0   5  34   0   1   3  0.55 0.41
  331 A     4   0  -1   1  -3  -4  -2  -3  -2  -5  -4  -1  -2  -7  -6   4   0  -8  -7  -3   30   5   2   8   1   1   2   2   1   1   2   4   1   0   0  32   5   0   0   2  0.80 0.55
  332 A     0   4  -2  -1  -2   0   0  -3  -3  -3  -2   3  -3  -6   2   0   0  -1  -3  -1    7  22   2   4   1   3   6   2   1   2   4  18   0   0   9   6   6   1   1   5  0.42 0.33
  333 Q    -2   4   3  -2  -3  -1  -2  -5   4  -5  -5   2  -4   1  -5   0  -1   3   3  -3    3  22  11   3   1   3   2   1  10   1   1  11   0   6   0   7   4   3   9   2  0.66 0.43
  334 P    -5  -7  -6  -6 -10  -8  -7  -7  -6  -6  -7  -7  -3 -11   9  -7  -6  -4  -6  -5    1   0   1   0   0   0   0   1   0   1   1   0   1   0  90   0   1   0   0   1  3.24 1.50
  335 R    -3   5  -3  -3  -4   1  -2  -5   1  -7  -4   5  -3  -5   1  -2  -5  -2  -1  -6    3  31   1   1   1   6   2   1   3   0   3  33   1   1   7   3   1   1   2   0  1.14 0.66
  336 S     2   0  -1  -2  -2  -3  -3  -2  -1   0   1  -2  -1   0   2   0   3  -3  -1  -1   15   6   3   3   1   0   1   3   2   5  16   2   1   4  10   5  17   0   2   4  0.22 0.23
  337 R    -6   8  -2  -8  -2  -2  -4  -9   2  -6  -4  -3  -8  -2  -9  -3  -4  -3  -1  -2    1  74   2   0   1   2   1   0   4   0   2   1   0   2   0   3   1   0   2   3  2.21 1.06
  338 Y    -8  -4  -5 -11  -5  -5  -9 -11  -3  -4  -4  -7  -6  -2 -10  -8  -4  -2  10  -3    0   1   1   0   0   1   0   0   1   1   2   0   0   1   0   0   2   1  86   2  3.44 1.49
  339 Y     0   2  -3  -5  -3   0  -4  -4   1   0   2  -2   1   0   2   0  -1  -1   2   1    6  10   1   0   1   4   0   1   3   6  17   2   3   4  12   6   5   1   7  12  0.26 0.23
  340 T     1  -6  -5  -7   3  -7  -5  -6  -5   3  -3  -4  -3  -6   3  -2  -2  -8  -7   6   11   0   1   0   6   0   1   0   0  13   3   1   1   0  13   3   2   0   0  44  1.16 0.64
  341 G    -1  -5  -5  -1  -3  -6  -5   7  -5  -7  -8  -6  -3  -7  -1  -2   0  -8  -6  -3    6   1   1   3   1   0   1  69   0   0   0   0   1   0   4   3   6   0   0   2  1.71 0.84
  342 R    -1   2   0  -4  -5  -1  -3  -2  -1  -2   0   2   1   1   2   0   0   6   0  -2    5  11   4   1   0   2   1   4   2   3   8  11   3   6  11   7   6  12   3   2  0.37 0.29
  343 G    -2  -1   1   5  -5  -1  -1   2   0  -4  -1  -1   1  -2  -1  -1  -3  -1  -1  -3    3   4   6  32   0   3   4  15   2   1   6   3   3   2   4   5   2   1   2   2  0.53 0.36
  344 L     5  -4  -3  -3  -1  -4  -2  -2  -2  -3  -1  -3  -1  -2  -4   2  -1  -2   1  -1   46   1   1   2   1   1   3   3   1   2   6   2   2   2   1  13   4   1   5   5  0.72 0.49
  345 G    -2   4  -1  -3  -4   0  -3  -1   1  -1  -2   5  -2  -1  -4  -1  -2   5   0  -3    3  19   3   1   0   4   1   5   3   4   5  29   1   2   1   4   2   7   4   2  0.63 0.42
  346 L    -1  -2  -6  -7  -1  -2  -5  -3  -6   2   4  -3   1   4  -2  -2  -1   1  -1   1    6   2   0   0   1   2   0   2   0  11  34   2   3  14   2   3   4   2   2   8  0.57 0.35
  347 M    -1   0  -2  -4  -3  -1  -4  -2  -4   2   3  -3   4   3  -5  -3  -2  -1   0   0    6   6   2   1   0   4   1   4   0  12  25   1  11  12   1   2   2   1   3   7  0.45 0.30
  348 Y     1  -2  -2  -4  -1  -4  -5  -3   1   1   1  -3   1   2   0  -1  -1   6   4   1   12   2   2   1   1   1   0   2   3   8  11   1   4   8   5   5   4  10  12  10  0.42 0.29
  349 F     0   1  -5  -6   1  -1  -5  -3  -2   1   2  -2   0   4  -2  -3  -1   5   1   1    7   8   0   0   3   2   0   2   1   9  19   2   2  18   2   2   4   7   5   8  0.46 0.30
  350 I     1  -6  -7  -8  -2  -6  -7  -4  -7   3   4  -6   2   1   2  -3  -3   0  -5   1   11   0   0   0   1   0   0   2   0  13  37   0   5   5  12   2   2   1   0   8  0.82 0.48
  351 H     0   2  -1  -4   0  -1  -3  -3   2   0   2   2   2   1  -2   0  -3  -4   1  -1   10  13   3   0   2   2   1   2   4   5  18  11   5   6   2   6   1   0   4   4  0.23 0.20
  352 H     0   4   0  -3  -1   1  -2  -2   1  -4  -3   1  -2  -3  -2   3   0   3   0  -5    7  23   4   1   1   5   3   3   3   1   2   8   1   1   2  21   5   4   3   0  0.52 0.39
  353 Y    -3  -3  -2  -7  -2  -5  -6  -7   4   2   2  -3   1   3  -7  -4  -3   4   5   0    2   2   2   0   1   0   0   0   8  12  22   2   3  11   0   1   2   6  17   7  0.80 0.44
  354 L    -2  -8  -9  -9   0  -8  -9  -6  -8   0   6  -7   3   2  -9  -5  -3  -4  -7   0    4   0   0   0   2   0   0   1   0   4  67   0   6   7   0   1   2   0   0   5  1.58 0.77
  355 P    -7 -10  -7  -8  -7  -8  -8  -4 -10 -10 -10  -7 -10 -11   9  -2  -6  -4  -8 -10    0   0   0   0   0   0   0   2   0   0   0   0   0   0  91   3   1   0   0   0  3.36 1.55
  356 G     0  -1  -2   3  -5  -1   1  -2  -3  -2  -1  -2  -2  -1  -2   1   3   3  -2  -2    9   4   1  19   0   2   9   3   1   2   5   2   1   3   2  10  20   4   2   2  0.39 0.33
  357 G     0   5  -2  -4   2  -1  -1  -1  -3  -3  -5   0  -6   1  -1   2  -2   6  -2  -2    7  25   2   1   4   2   4   6   0   2   1   6   0   5   4  14   3  11   1   3  0.62 0.43
  358 L    -1  -5  -8  -7  -2  -4  -6  -6  -5   4   4  -7   2   1  -7  -6  -3   5  -3   2    6   1   0   0   1   1   0   1   0  20  34   0   5   5   0   0   2   8   1  14  1.00 0.53
  359 R    -1   2  -4  -6  -4   2  -4  -3  -2  -1   0  -1   2   4  -6   1   1   3   2   0    6  11   1   0   0   9   1   2   1   4   8   3   4  14   0  11   8   4   6   7  0.37 0.30
  360 R    -5   0  -2   8  -7  -2   2  -7  -1  -7  -6  -6  -4  -5  -6  -5  -4 -10  -5  -6    1   4   2  71   0   2  10   0   1   0   1   0   1   1   0   1   1   0   0   1  2.15 1.04
  361 R     0   4  -2  -4  -5  -1  -4  -3   0  -1  -1   2   0   2  -4  -1  -2   6   3  -3    8  22   2   1   0   2   0   2   2   3   5  12   2   7   1   5   2  12   8   2  0.62 0.40
  362 F    -3  -6  -8  -8  -3  -5  -7  -4  -6   5   4  -7   2   4  -7  -5  -3  -1  -3   2    2   0   0   0   0   0   0   1   0  27  33   0   5  14   0   1   1   1   1  12  1.13 0.56
  363 L    -4  -5  -5  -7  -2  -6  -6  -7  -5   4   4  -5   3   3  -7  -5  -3   1  -1   3    1   1   1   0   1   0   0   0   0  19  33   1   7  12   0   1   1   2   2  18  1.00 0.51
  364 Q     0   4   0  -1  -1   2  -1  -1   1  -2  -1   1   2  -4  -2   1   0  -3  -1  -1    8  19   4   3   1   9   3   4   3   2   6   7   6   1   2  11   5   0   2   3  0.23 0.21
  365 N    -1   4   1  -1  -3  -1  -2  -2   0  -2  -2   4  -1  -2  -4   0  -2   2  -1  -4    4  22   6   3   1   3   2   3   2   3   5  25   1   2   1   8   2   3   2   1  0.52 0.35
  366 F    -2  -2  -5  -4  -4   0  -4  -5   0   3   2  -2   4   5  -4  -3  -1   0   1   1    3   2   0   1   0   5   1   1   3  15  15   3  10  21   1   2   3   1   5   9  0.56 0.33
  367 F    -3  -5  -6  -5  -6  -5  -6  -4  -2   1   1  -6   4   7  -4  -3  -4  -1   4  -1    3   1   0   1   0   0   0   1   1   7  13   0  11  40   1   2   1   1  11   4  1.26 0.58
  368 I    -1   0   0  -2  -1  -1  -2   1  -1   1   1   0   1   1  -1  -1  -1  -1  -1   1    3   5   4   1   1   3   2  13   1  10  16   7   3   8   3   5   3   1   2  10  0.06 0.08
  369 S     0   0   1  -2   0   0  -2   0  -1   0   0   2   0  -2  -1   2  -1  -4  -1  -2    6   6   8   2   2   3   1   7   1   5  12  16   3   1   3  19   2   0   3   1  0.16 0.18
  370 H    -1   1   0   0  -2   0  -1  -1   3  -2  -1   2   0  -1   2   0   0   1   1  -1    5   8   4   5   1   3   2   5   9   1   7  13   2   2  10   5   4   2   6   5  0.14 0.13
  371 L     0  -1  -3  -2  -2  -1  -2  -1  -3   1   1   0   0  -1   3   0   0  -2  -1   1    6   4   1   1   1   2   2   5   0   8  18   8   3   2  16   6   4   1   2  11  0.19 0.16
  372 L    -2  -1  -4  -4  -2  -1  -1  -2  -4   3   3   0   1   1  -2  -2   0   3  -1   1    3   3   0   0   1   2   4   3   0  15  28   6   3   6   2   2   5   5   2   9  0.29 0.21
  373 P    -2  -1  -2  -2  -6  -2  -1  -3  -5  -4  -6  -3  -3  -1   7   0   0  -3  -6  -5    3   3   2   2   0   2   4   2   0   1   0   1   1   3  63   7   6   0   0   1  1.63 0.73
  374 R     2   6   0  -3  -5  -2  -1  -2  -4  -2  -3   4  -4  -5  -1  -2  -3  -6  -5  -5   15  39   3   1   0   1   3   3   0   3   2  23   0   0   3   3   1   0   0   0  0.90 0.49
  375 A     4  -2  -3  -1   1  -2  -2   1  -1  -2  -3  -2   0  -2   2   2  -2  -5  -4  -2   40   2   1   3   3   1   2   9   1   2   3   2   3   1  10  13   1   0   0   2  0.50 0.35
  376 L    -1  -3  -4  -2   2  -3  -4  -3  -4   1   4  -1   2  -2   0  -1  -1   0  -3   2    5   1   0   2   4   1   0   2   0   6  41   4   4   0   4   4   3   2   0  16  0.42 0.28
  377 R    -1   6  -1  -2  -5   0  -2  -3   0  -4  -4   5  -4  -5  -4  -3  -2  -5  -2  -2    5  42   2   1   0   3   1   1   2   0   2  34   0   0   0   1   1   0   1   3  1.08 0.49
  378 P    -2   0   1  -2  -4  -1  -1  -1   1  -4  -3  -1  -4  -5   6   0   1  -5  -4  -4    2   4   7   2   0   3   3   4   3   0   3   4   0   0  46   7  10   0   0   0  0.93 0.39
  379 G     2   0  -1  -1  -3   1  -1   3   0  -2  -2   0  -2  -3   0   1   0  -4  -3  -2   23   6   2   2   0   7   3  23   2   3   3   4   0   0   4   8   7   0   0   2  0.25 0.17
  380 Q    -1   2   0  -1  -4   3   1  -2   1  -2  -1   3  -2  -2   1  -1  -1  -4  -3  -1    3  12   3   2   0  15  10   2   4   3   5  27   0   2   6   3   1   0   0   4  0.34 0.21
  381 P     1  -3  -1  -1  -4   0  -1   2   0  -4  -3  -1  -3  -5   6   0  -1  -5  -4  -1   13   0   3   2   0   4   2  14   2   0   2   4   0   0  42   5   2   0   0   4  0.82 0.32
  382 G     2  -2   1  -1  -3   0  -1   3  -2  -1  -1   0  -2  -3  -1   1  -1  -4  -3  -1   23   0   6   2   0   4   2  25   0   5   6   5   0   0   3  14   2   0   0   3  0.26 0.17
  383 P     0  -2   0  -2  -3   0  -2   0  -3  -2  -2  -1  -2  -3   5   1  -1  -4  -3   1    5   0   4   0   0   6   0   8   0   0   4   3   0   0  37  13   3   0   0  16  0.61 0.22
  384 V    -1   1  -2   0  -2  -2  -1  -3  -3   1   1  -1  -1  -1   3  -2   0  -3  -2   2    3  13   0   8   0   0   3   0   0   6  17   0   0   3  15   0   4   0   0  25  0.22 0.13
  385 H     0   0   2   1  -2   1   0  -2   4   0   0  -1   0  -2  -2   0   0  -3  -1   0   11   4  12   7   0   5   4   0  17   6  11   0   4   0   0   4   6   0   0   8  0.13 0.10
  386 D     0   0   2   3  -3   0   0  -1   1  -2  -2   0   0  -1   0   1   0  -3  -2  -1   10   4  12  22   0   4   4   4   4   0   1   3   3   4   4   9   7   0   0   4  0.19 0.09
  387 T    -1   0  -1   0  -2   0   0  -1   4   0   1  -1  -1  -1  -2   0   2  -2   2  -1    3   7   0   4   0   3   5   5  14   5  17   1   0   0   1   4  19   0   9   1  0.13 0.10
  388 T     2   0  -1   1  -2   1   2  -2   2  -1  -2  -1  -2  -3   1   1   0  -3  -2  -1   22   5   0   8   0   9  13   1   8   4   1   0   0   0   8  13   3   0   0   5  0.21 0.10
  389 Q     1   1   1   0  -2   1   1  -1   1  -2  -2   1  -1  -2  -2   1   0  -3   0  -1   12   9   9   5   0   9  11   3   4   0   4   9   0   0   0   9   7   0   5   5  0.14 0.06
  390 D     0  -1   1   3  -3   1   1   0  -2  -2  -1   1  -2  -3   0   1  -1  -3  -3  -2   11   0   4  24   0   5   9   5   0   0  10  14   0   0   4  13   0   0   0   0  0.23 0.10
  391 P     0  -3   0  -3  -4  -2  -2  -3  -3  -3   0   0  -2  -4   7   1  -2  -5  -4  -3    5   0   5   0   0   0   0   0   0   0  14   5   0   0  61  10   0   0   0   0  1.25 0.27
  392 N     0   0   2   1  -2   0   2   0  -1  -1  -3   0  -2  -3  -2   2   0  -4  -3  -1    8   5  16   5   0   0  15   4   0   5   0   5   0   0   0  28   4   0   0   5  0.24 0.12
  393 P     0  -3   0  -2  -3  -2  -2  -3  -3  -1   1  -2  -1  -3   6   1   0  -4  -3   0    5   0   5   0   0   0   0   0   0   0  18   0   0   0  42  16   4   0   0  10  0.71 0.19
  394 S     1   2   0   3  -3  -1  -1   1  -2  -3  -3  -1  -3  -4  -2   3   1  -4  -3  -3   12  16   0  20   0   0   0  11   0   0   0   0   0   0   0  35   5   0   0   0  0.39 0.15
  395 P     1   2  -2  -2  -3   1  -1  -2  -2  -3  -3   1  -2  -4   6   0  -1  -4  -3  -3   16  13   0   0   0   8   0   0   0   0   0   7   0   0  48   8   0   0   0   0  0.93 0.15
  396 T     1   1   0  -1  -2  -1  -1  -1  -2  -2  -2  -1  -2   1  -2   4   2  -3  -1  -2   12   9   0   0   0   0   0   0   0   0   0   0   0   8   0  55  15   0   0   0  0.38 0.12
  397 V     0  -3  -3  -3  -2  -2  -3  -3  -2   1   0  -2   2   4  -3  -1   1  -1   0   2   12   0   0   0   0   0   0   0   0   0   0   0  11  31   0   0  12   0   0  34  0.27 0.07
  398 S     2   1   0  -1  -2   0  -1  -1   3  -3  -3   0  -2  -3  -2   4   0  -3  -2  -2   24  11   0   0   0   0   0   0  11   0   0   0   0   0   0  54   0   0   0   0  0.40 0.09
  399 A     3  -2  -1  -2  -1  -1  -1  -1  -2  -1   1  -1   0  -2  -2   2   0  -3  -2   0   44   0   0   0   0   0   0   0   0   0  28   0   0   0   0  28   0   0   0   0  0.24 0.05
  400 L    -2  -2  -4  -4  -1  -2  -3  -4  -3   2   4  -3   2   0  -3  -3  -1  -2  -1   1    0   0   0   0   0   0   0   0   0   0 100   0   0   0   0   0   0   0   0   0  0.51 0.02

                      K         Lambda
Standard Ungapped    0.1399     0.3237
Standard Gapped      0.0503     0.2670
PSI Ungapped         0.1642     0.3185
PSI Gapped           0.0503     0.2670
