
Last position-specific scoring matrix computed, weighted observed percentages rounded down, information per position, and relative weight of gapless real matches to pseudocounts
            A   R   N   D   C   Q   E   G   H   I   L   K   M   F   P   S   T   W   Y   V   A   R   N   D   C   Q   E   G   H   I   L   K   M   F   P   S   T   W   Y   V
    1 M    -1  -2  -2  -3  -2  -1  -2  -3  -2   1   2  -2   6   0  -3  -2  -1  -2  -1   1    0   0   0   0   0   0   0   0   0   0   0   0 100   0   0   0   0   0   0   0  0.44 0.03
    2 L    -2  -2  -4  -4  -1  -2  -3  -4  -3   2   4  -3   2   0  -3  -3  -1  -2  -1   1    0   0   0   0   0   0   0   0   0   0 100   0   0   0   0   0   0   0   0   0  0.49 0.01
    3 R    -2   5   3  -1  -3   0  -1  -2   0  -3  -3   1  -2  -2  -2  -1  -1   6  -1  -3    0  58  27   0   0   0   0   0   0   0   0   0   0   0   0   0   0  15   0   0  0.56 0.01
    4 V    -1  -3  -3  -3  -1  -3  -3  -4  -3   3   1  -3   1  -1  -3  -2   0  -3  -1   4    0   0   0   0   0   0   0   0   0  27   0   0   0   0   0   0   0   0   0  73  0.36 0.01
    5 R    -1   5   0  -1  -4   1   0  -2   0  -3  -2   3  -2  -3  -2  -1  -1  -3  -2  -3    0  73   0   0   0   0   0   0   0   0   0  27   0   0   0   0   0   0   0   0  0.66 0.01
    6 C    -1  -4  -3  -4   8  -3  -4  -3  -3   2   0  -3  -1  -2  -3  -1  -1  -3  -2   0    0   0   0   0  73   0   0   0   0  27   0   0   0   0   0   0   0   0   0   0  0.86 0.02
    7 L    -1  -2  -3  -4  -1  -2  -3  -4  -3   2   3  -2   3   0  -3  -2  -1  -2  -1   2    0   0   0   0   0   0   0   0   0   0  58   0  15   0   0   0   0   0   0  27  0.34 0.01
    8 R    -2   6  -1  -2  -4   1   0  -2  -1  -3  -3   3  -2  -3  -2  -1  -1  -3  -2  -3    0  81   0   0   0   0   0   0   0   0   0  19   0   0   0   0   0   0   0   0  0.73 0.03
    9 G     0  -2  -1  -1  -3  -1   2   5  -2  -4  -4  -1  -3  -3  -2   0  -2  -3  -3  -3    0   0   0   0   0   0  23  77   0   0   0   0   0   0   0   0   0   0   0   0  0.78 0.03
   10 G    -1  -3  -1  -2  -3  -2  -3   5  -2  -4  -3  -2  -3  -1  -3  -1  -2   8   0  -3    0   0   0   0   0   0   0  66   0   0   0   0   0   0   0   0   0  34   0   0  1.11 0.03
   11 S     1   1   0  -1   5   0  -1  -1  -1  -2  -2   0  -2  -3  -1   4   1  -3  -2  -2    0  11   0   0  19   0   0   0   0   0   0   0   0   0   0  70   0   0   0   0  0.40 0.03
   12 R    -2   5   0  -1  -4   3   0  -2   3  -3  -3   2  -1  -3  -2  -1  -1  -3  -1  -3    0  66   0   0   0  23   0   0  11   0   0   0   0   0   0   0   0   0   0   0  0.61 0.03
   13 G     0  -3  -1  -2  -3  -2  -2   6  -2  -4  -4  -2  -3  -3  -2   0  -2  -3  -3  -4    0   0   0   0   0   0   0 100   0   0   0   0   0   0   0   0   0   0   0   0  1.13 0.03
   14 A     3   2  -1  -2  -1   0  -1  -1  -1  -1  -2   0  -1  -2  -1   2   0  -3  -2   0   47  19   0   0   0   0   0   0   0   0   0   0   0   0   0  23   0   0   0  11  0.23 0.02
   15 E    -1   0  -1   1  -4   2   6  -3   0  -4  -3   1  -2  -4  -1   0  -1  -3  -2  -3    0   0   0   0   0   0 100   0   0   0   0   0   0   0   0   0   0   0   0   0  0.89 0.06
   16 A     4  -1  -1  -1  -1   0   2   0  -2  -2  -2  -1  -1  -3  -1   1   0  -3  -2  -1   78   0   0   0   0   0  22   0   0   0   0   0   0   0   0   0   0   0   0   0  0.40 0.04
   17 V     2  -2  -2  -2  -1  -2  -2  -2  -3   1   0  -2   0  -2  -2   0   2  -3  -2   3   27   0   0   0   0   0   0   0   0   0   0   0   0   0   0   0  22   0   0  51  0.23 0.03
   18 H    -2   3   0  -2  -3   0  -1  -2   7  -3  -3   0  -2  -2  -2  -1   1  -3   1  -3    0  22   0   0   0   0   0   0  60   0   0   0   0   0   0   0  18   0   0   0  0.62 0.05
   19 Y    -2  -2  -3  -4  -3  -2  -3  -4   1  -1   1  -3   0   4  -3  -2  -2   1   6  -1    0   0   0   0   0   0   0   0   0   0  20   0   0  18   0   0   0   0  62   0  0.68 0.05
   20 I    -1  -3  -3  -3  -2  -3  -3  -4  -3   4   2  -3   1  -1   2  -2  -1  -3  -2   3    0   0   0   0   0   0   0   0   0  43  16   0   0   0  12   0   0   0   0  29  0.38 0.06
   21 G     0  -2  -1  -1  -2  -1  -2   5  -2  -3  -3  -1  -2  -2  -2   1  -1   6  -1  -3    1   1   1   1   0   1   1  56   0   1   1   1   0   1   1  17   1  14   1   1  0.62 0.06
   22 S     2   1  -1  -1  -2   2   0  -1  -1  -2  -1   0  -1  -3   2   2   0  -3  -2  -1   28   9   0   0   0  20   0   0   0   0  10   0   0   0  10  23   0   0   0   0  0.25 0.07
   23 R    -2   4  -1  -1  -3   2   2  -3  -1  -1   1   2   1  -2  -2  -1  -1  -3  -2  -2    0  35   0   0   0   8  19   0   0   0  20  10   8   0   0   0   0   0   0   0  0.31 0.07
   24 L     1  -2  -3  -3  -1  -2  -3  -3  -3   2   2  -2   1  -1  -2  -1   1  -3  -2   2   15   0   0   0   0   0   0   0   0  10  35   0   0   0   0   0  10   0   0  30  0.25 0.06
   25 G     0  -2  -1  -1   3  -1   1   5  -2  -3  -1  -2  -2  -3  -3   0  -1  -3  -3  -2    0   0   0   0  11   0  12  59   0   0  11   0   0   0   0   8   0   0   0   0  0.56 0.10
   26 R    -1   5   2  -1  -3   0  -1   1  -1  -4  -3   1  -2  -4  -2   2  -1  -4  -3  -3    0  55  11   0   0   0   0  14   0   0   0   0   0   0   0  20   0   0   0   0  0.56 0.13
   27 T     2  -2  -1  -2  -1  -1  -1   1  -2  -1  -1  -1   2  -2   2   0   3  -3  -2  -1   27   1   0   1   0   0   1   8   0   1   1   1  11   0  12   1  34   0   0   1  0.29 0.09
   28 L     0  -2  -2  -2  -1  -2  -2  -2  -2   0   2  -2   0   1   2  -1   2  -2   0   1    9   1   0   1   0   0   1   1   0   1  27   1   0   6  12   1  22   0   4  15  0.17 0.05
   29 T     1  -2  -2  -2  -1  -2  -2  -2  -3   2   1  -2   0  -2   2   1   2  -3  -2   2   11   0   0   0   0   0   0   0   0  17  10   0   0   0  11  11  22   0   0  17  0.21 0.06
   30 G    -1   1   1  -1  -3  -1  -1   5  -2  -4  -4   2  -3  -4  -3  -1  -2  -3  -3  -4    0  10  10   0   0   0   0  60   0   0   0  20   0   0   0   0   0   0   0   0  0.70 0.12
   31 W     0   2   1  -2  -3  -1   1  -2  -2  -3  -2  -1   2  -1  -3   0  -1   8   0  -2   10  20  11   0   0   0  10   0   0   0   0   0  11   0   0   9   0  29   0   0  0.60 0.12
   32 V     2   1  -2  -2  -2  -1   0  -2  -2   0   1   0   3  -2  -2  -1  -1  -3  -2   2   23   9   0   0   0   0   8   0   0   0   9   7  17   0   0   0   0   0   0  26  0.16 0.10
   33 Q     0  -1  -1  -2  -2   3   0  -2   1   1  -1   1  -1  -2   1   2   0  -3  -2  -1    8   0   0   0   0  22   0   0   5  17   6   9   0   0   8  25   0   0   0   0  0.19 0.10
   34 R    -2   5  -1   1  -3   2   0  -2  -1  -3  -3   3  -2  -3  -2  -1  -1  -3  -2  -3    1  46   1   8   0   8   1   1   0   1   1  27   0   0   1   1   1   0   0   1  0.59 0.15
   35 T     2   0  -1  -2  -2  -1  -1  -2  -2   0  -1  -1  -1  -2   2   1   2   4  -2   0   23   8   0   0   0   0   0   0   0   9   0   0   0   0   9  13  21   8   0   6  0.24 0.09
   36 F     1  -3  -3  -3  -2  -2  -3  -3  -3   2   2  -2   0   3   1  -2  -1  -2   0   1   16   0   0   0   0   0   0   0   0  13  31   0   0  21   9   0   0   0   0   8  0.25 0.09
   37 Q     1   1  -1  -2  -2   2  -1  -2  -1  -2  -1   1  -1  -2   1   2   1  -2   1  -2   13   7   0   0   0  11   0   1   0   0   7   7   0   0   8  29   8   0   8   0  0.22 0.11
   38 S     0   3   2  -1  -3   1  -1  -2  -1  -3  -3   2  -2  -3  -2   2   1  -4  -2  -1    6  24  12   0   0   6   0   0   0   0   0  12   0   0   0  26   7   0   0   5  0.35 0.16
   39 T     1  -1  -1   0  -2   0   0   0  -2  -2  -2   0  -2   0   0   2   2  -2   1  -1   14   0   0   5   0   5   5   6   0   0   0   6   0   6   4  19  19   0   6   5  0.17 0.12
   40 Q     2  -1   2   1  -3   3   1  -2   1  -1  -3  -1  -2  -3  -2   2   0  -4  -2   0   19   0  10   6   0  20   7   0   4   5   0   0   0   0   0  18   5   0   0   6  0.26 0.16
   41 A     3   0  -2  -2  -2  -2  -2  -2  -3  -2   0   0  -2  -3   3   2   0  -4  -3  -2   31   6   0   0   0   0   0   0   0   0  15   6   0   0  16  22   5   0   0   0  0.37 0.20
   42 A     3  -2   3  -2  -2   2  -2  -2  -2  -3  -1  -2  -2  -3  -3   2  -1  -3   1  -2   39   0  18   0   0  10   0   0   0   0   7   0   0   0   0  19   0   0   7   0  0.42 0.25
   43 T     2  -2   0   0  -2   2   0  -2  -2  -2  -1  -1  -1   0   0   1   2  -3  -2   0   29   0   6   3   0  12   4   0   0   0   4   0   0   5   4   9  15   0   0   9  0.20 0.16
   44 A     3   0  -2  -3  -3  -1   0  -2  -1  -2  -1   2   1  -1  -3   0   0  -2   4  -2   31   6   0   0   0   0   5   0   0   0   6  15   6   0   0   3   5   0  24   0  0.34 0.24
   45 S     1   1  -1   0  -2  -1   0   0   1  -1  -3   1  -2  -3  -2   3   2  -4  -2  -1   15   7   0   3   0   0   4   6   4   4   0  10   0   0   0  28  13   0   0   5  0.23 0.16
   46 S     2   1  -1  -2  -2   0  -2   0  -2   0  -2  -1  -2  -3  -2   3   3  -4  -3   0   17  12   0   0   0   4   0   7   0   7   0   0   0   0   0  27  20   0   0   6  0.30 0.21
   47 R    -2   3  -1  -1   1   3   2  -1  -2  -3  -2   2  -2  -4   0   1   0  -4  -3  -2    0  17   0   0   4  22  15   3   0   0   3  14   0   0   5   9   5   0   0   3  0.37 0.22
   48 N     0   1   3   1  -3  -1  -1   0   2   0  -1   1   1   0  -3   0   1  -3  -2  -2   10   7  19   6   0   0   0   5   8   7   4  11   6   4   0   3  12   0   0   0  0.15 0.15
   49 S    -1   1  -2   0  -3  -1   1   0  -2   0  -2   0  -2   2   3   1   0   3  -1   0    0   9   0   5   0   0   9   8   0   6   0   6   0  13  14  11   8   4   0   8  0.17 0.14
   50 C     1  -2   1  -2   5  -2  -2   0  -2   0  -1  -2   1   1   2   1   1  -2   0  -1   12   0   9   0  15   0   0   6   0   6   5   0   5  10   9   9   9   0   3   0  0.20 0.15
   51 A     1  -2   1   2  -3  -1  -1   0  -2  -3  -2   0   2  -3   4   2   0  -4  -3  -2   11   0   7  12   0   0   0   7   0   0   1   7   9   0  19  18   6   0   0   0  0.35 0.18
   52 A     0   1  -1   1  -3   1   1   0   2   0  -2  -1  -2  -2  -3   0   1   4  -2   0    8   8   0   8   0   8   8   8   8   8   0   0   0   0   0   8   8   8   0   8  0.17 0.15
   53 D     0  -2   3   1  -3   1  -1  -2   0  -3  -1  -2   0  -4   4   0   0  -4  -3  -2    7   0  23   9   0   6   2   0   2   0   7   0   4   0  23   8   6   0   0   3  0.44 0.20
   54 D     0  -1   2   2  -3   0   2  -1  -1  -2   0   1  -2  -2  -1   0   0  -3   1  -1    7   0  13  13   0   3  21   4   0   0  11   8   0   0   2   2   7   0   6   4  0.18 0.13
   55 K    -1  -1   0   0  -3   1  -1   1  -2  -1  -2   1  -2   0   3   1   0  -3   1  -1    3   3   4   4   0   6   0  10   0   4   3   8   0   6  19  13   7   0   6   3  0.22 0.12
   56 A     2   0   2   0  -3   1  -1  -1   4  -2  -3  -1  -2  -1  -1   0  -1  -4  -2   1   27   6  10   3   0   6   3   4  16   0   0   0   0   3   1   6   2   0   0  13  0.25 0.18
   57 T     1   0  -2   0  -2   0  -2  -2  -2  -1   1  -1   1   1   1   1   2  -3   0   0   11   5   0   6   0   4   0   0   0   0  15   2   4   6   5  12  22   0   4   5  0.14 0.14
   58 E     1   0  -1   3  -4   3   4  -3  -2  -4  -4   0  -3  -4   0   1  -1  -4  -4  -3   11   3   0  18   0  12  32   0   0   0   0   3   0   0   4  11   4   0   0   0  0.56 0.27
   59 P     1   0  -2   0  -3   1   0   1   0  -3  -2   1  -3  -4   4  -1   2  -4  -3  -2   12   4   0   5   0   5   7  13   2   0   2   8   0   0  22   1  17   0   0   2  0.38 0.20
   60 L     0  -2   1  -1  -3   1   0  -2  -1  -1   1   0   3  -2   2   0   0  -3   0   0    8   0   7   2   0   6   5   2   1   1  15   7  14   0  10   8   4   0   3   6  0.13 0.14
   61 P     0  -1   1   0  -3   0  -1   1  -2  -2  -2  -2   3  -2   3   1   1  -3   0  -1    7   2  10   5   0   4   2  10   0   2   2   0  13   1  17   9  11   0   4   3  0.26 0.19
   62 K    -1   2   0   1  -2   2   1  -1  -1  -2  -2   3   2  -2   1   0  -1  -4  -1  -2    3   9   2  11   1   9   8   4   1   3   2  22   8   1   6   5   2   0   2   3  0.21 0.16
   63 D     0   0   0   2  -3   1   2  -1  -2  -2  -1   2  -2  -3  -1   1   1  -3   0  -1   10   3   3  12   0   6  13   2   0   0   6  14   0   0   2  12   9   0   3   4  0.18 0.13
   64 C     0   1  -1  -2   4  -1   0  -1  -1  -1   0   0  -1   0   1   1   1   3  -1  -2    5   9   2   0  11   0   5   5   2   2  12   6   2   4   7  13   8   4   2   0  0.11 0.11
   65 P    -2   0   0  -1  -3   0  -1   0   0  -2  -1   1   1  -3   5   0  -1  -4  -1  -2    1   4   6   2   0   4   3   6   2   1   7  10   4   0  35   9   1   0   2   3  0.53 0.23
   66 V    -2  -3  -5  -5   0  -4  -5  -3  -5   4   2  -4   0   1  -4  -4  -2   1  -3   4    1   1   0   0   2   0   0   2   0  26  21   0   2   5   1   0   1   2   0  37  0.75 0.36
   67 S    -2  -1   5  -2   1   1  -1   2   3  -4  -4   0  -4  -1  -4   2  -1   0   1  -4    1   2  32   1   3   5   3  13   7   0   1   5   0   2   0  16   2   1   5   0  0.54 0.33
   68 S     0  -2  -1  -3   4   0  -1  -1  -2   2  -1  -3  -2  -2  -3   2   0  -4  -3   3    7   1   2   0   9   5   3   3   1  10   3   0   0   1   0  19   5   0   0  30  0.33 0.26
   69 Y    -2  -2   2   1   0  -1  -1  -3   4  -2  -3  -1  -3   2  -2   0   0   6   4  -1    2   2  10   9   2   3   4   1  10   1   1   3   0   9   2   5   5  11  16   4  0.41 0.25
   70 N    -2  -2   5   2  -2  -2  -1  -3   3  -5  -5  -3  -4  -5  -4   3   1  -5  -2  -4    1   1  35  13   1   1   2   1   7   0   0   0   0   0   0  26   9   0   1   0  0.84 0.44
   71 E    -2  -2  -2   1  -6  -1   7  -4  -1  -6  -5  -1  -5  -6  -2  -2  -2  -6  -5  -5    2   1   1   6   0   1  77   1   1   0   1   2   0   0   1   3   3   0   0   0  1.58 0.65
   72 W    -3  -3  -2  -3  -2  -4  -5  -4   0  -1  -3  -5  -2   4  -5  -3   2   9   5   0    1   1   2   2   1   0   0   1   2   4   0   0   1  16   0   1  13  30  19   7  1.31 0.51
   73 D     1  -3  -1   4  -2  -1  -2   4  -2  -5  -5  -3  -5  -5  -4   2  -2  -5  -5  -5   12   1   2  30   1   2   0  33   1   0   0   0   0   0   0  15   2   0   0   0  0.82 0.40
   74 P    -2   2  -1  -2  -5   2   1  -4  -3  -3  -3   2  -3  -5   5  -1   2  -5  -4  -1    2  12   2   1   0  10   8   0   0   1   2  15   0   0  28   2  13   0   0   5  0.63 0.34
   75 L    -2  -5  -7  -7  -4  -5  -6  -7  -6   0   6  -6   1  -3  -6  -5  -4  -5  -4  -1    3   0   0   0   0   0   0   0   0   4  86   0   2   0   0   0   0   0   0   3  1.56 0.63
   76 E    -3   5  -1   0  -6   0   2  -4  -1  -5  -4   4  -4  -5  -4  -2  -1  -5  -4  -3    1  32   2   5   0   3  15   0   1   0   1  32   0   0   0   1   5   0   0   1  0.88 0.43
   77 E     0   1  -2   1  -4   0   4  -3   2  -2  -4   1  -2  -4  -3   1   1  -5  -2  -2    9   8   0   8   0   2  30   1   4   2   0  10   1   0   0  11   9   0   1   2  0.40 0.28
   78 V    -1  -6  -6  -6   3  -5  -6  -6  -6   2  -1  -5   1  -4  -5  -4  -2  -6  -4   6    5   0   0   0   7   0   0   0   0  11   3   0   2   0   0   0   1   0   0  69  1.35 0.58
   79 I    -2  -5  -5  -5  -1  -4  -5  -5  -5   5   3  -4   2   0  -5  -3  -3   0  -1   3    3   0   0   0   1   0   0   0   0  38  23   0   6   3   0   2   0   1   1  21  0.80 0.37
   80 V    -2  -5  -6  -6  -4  -5  -6  -6  -6   3   3  -5   3  -1  -6  -5  -4  -5  -1   5    3   0   0   0   0   0   0   0   0  14  27   0   6   2   0   0   0   0   2  44  1.09 0.52
   81 G    -1  -1  -1  -4   4  -4  -5   6   3  -5  -4  -1  -5  -5  -5  -1  -2  -5  -5  -3    6   4   2   0   8   0   0  59   6   0   2   3   0   0   0   4   2   0   0   2  1.18 0.60
   82 R    -1   4   0   1  -1   1  -1  -3   1   1  -1   0  -2  -2   0   0   0   0   0  -1    3  24   3   7   1   5   3   0   4  11   4   3   0   2   4   9   7   2   3   4  0.21 0.24
   83 A     3  -4  -4  -4   3  -4  -1  -1  -4  -1  -1  -4   1  -1   4   0  -1   2   0   0   25   0   0   0   5   0   4   5   0   3   5   0   3   2  24   6   3   3   3   5  0.54 0.41
   84 E    -1  -1   0   3  -4   0   2  -1   1  -1  -2   0  -3   0  -1   0   0   1   1  -1    3   3   4  19   0   3  15   4   3   4   4   5   0   4   3   6   4   2   5   6  0.16 0.19
   85 N     0   0   0   0   2   0   0  -1   1   0  -1   0   1   0   0   0   0  -2   1   0    5   5   5   5   5   5   5   5   5   5   5   5   5   5   5   5   5   0   5   5  0.03 0.05
   86 A     2  -1  -1  -2   1  -1  -1  -1   0  -1   0  -1   3   1  -1   0   0   3   1  -1   17   4   3   3   3   3   5   5   2   4   8   3   7   7   3   7   5   3   5   4  0.13 0.13
   87 C    -1   0   1   0   2  -1  -1   1   1   0  -1  -1   3   0   0  -1  -1   1   1  -1    5   6   7   5   5   3   4  12   3   6   6   3   7   3   4   4   4   2   5   5  0.09 0.09
   88 V    -1  -1  -2  -1   0  -1  -1  -2   0   3   0  -1   1   2   0  -1  -1   2   0   1    6   3   2   4   2   3   4   3   3  15  10   4   3   7   4   5   4   3   3  12  0.12 0.10
   89 P    -2  -1  -2  -1  -6  -2  -2  -4   1  -3  -2  -3   1  -2   7  -1  -1  -6  -2  -2    3   3   2   4   0   2   3   2   4   2   4   2   3   2  52   4   3   0   2   3  1.20 0.73
   90 P    -1  -1  -1   2   0   0   1  -1   0  -2  -2  -1  -4  -1   4   1   0  -1  -2  -2    6   4   3  11   2   5  11   5   2   3   4   4   0   2  19  10   6   1   1   3  0.26 0.25
   91 F     0  -1  -1   0  -1  -1   1  -2   0   0   0  -1   1   1   0  -1   0   4   2   0    9   4   3   6   1   3   8   3   3   6  10   4   3   6   5   4   5   6   7   6  0.10 0.09
   92 T    -2   0   0   3   0   0   1  -2   3  -1  -1  -1   0  -1   1   0   0  -4   1  -1    3   4   5  15   2   4  11   3   7   3   5   4   3   3   8   7   6   0   5   3  0.16 0.18
   93 I    -1   0  -1   0  -5  -1   1  -2   1   1  -1  -1   3   1   2  -1  -1   3   0   0    6   5   3   5   0   3   8   3   3   8   6   4   7   5  11   4   4   3   3   7  0.13 0.13
   94 E     1  -1   0   1   1   0   2  -1   1   0  -2  -1   1   0   0   1  -1   2   0  -1   10   4   5   8   3   4  13   4   3   5   4   4   3   4   5  10   4   3   3   4  0.10 0.11
   95 V    -1   0   0   0   2   0   0  -1   2   0  -1   0   2   0   0  -1   0   3   1  -1    5   5   5   5   5   5   5   5   5   5   5   5   5   5   5   5   5   5   5   5  0.03 0.09
   96 K    -1   0   0   0   2   0   0  -1   2   0  -1   0   2   1   0  -1   0   4   1  -1    5   5   5   5   5   5   5   5   5   5   5   5   5   5   5   5   5   5   5   5  0.08 0.08
   97 A     2   1   0   0   2  -1  -1  -1   0  -1  -2  -1   0  -1   1  -1   0   1   1  -1   16   9   5   5   4   3   5   5   2   4   5   4   2   3   7   5   6   2   4   3  0.08 0.12
   98 N    -1   0   2   0   0   1   0  -2   1   0  -1   0   0   1   1  -1   0   1   0   0    6   5   9   6   2   6   6   4   4   5   4   5   2   6   8   5   5   2   3   7  0.06 0.07
   99 T    -1   0   0   0   2   0   0  -1   2   0  -1   0   2   1   0  -1   0   4   1  -1    5   5   5   5   5   5   5   5   5   5   5   5   5   5   5   5   5   5   5   5  0.08 0.08
  100 Y    -1   0   0   0  -3   0   0  -1   2   0  -1   0   1   0   0   0   0   3   1   0    5   5   5   5   0   5   5   5   5   5   5   5   5   5   5   5   5   5   5   5  0.06 0.08
  101 E    -1   0  -1   2   1   0   2  -1   1  -1  -1   0   1  -1   1   0   0  -5   1  -5    6   6   3  10   3   5  11   5   3   3   7   6   3   3   8   7   6   0   4   0  0.13 0.14
  102 K    -1   0   0   0   2   0   0  -1   2   0  -1   0   2   1   0  -1   0   4   1  -1    5   5   5   5   5   5   5   5   5   5   5   5   5   5   5   5   5   5   5   5  0.08 0.08
  103 Y    -1   0   0   0   2   0   0  -1   2   0  -1   0   2   1   0  -1   0   4   1  -1    5   5   5   5   5   5   5   5   5   5   5   5   5   5   5   5   5   5   5   5  0.08 0.08
  104 W     0   0  -1  -1  -2   0   0  -1   0  -1   1   0   0   2  -3   0  -3   6   2  -1    7   5   3   4   1   5   5   5   2   3  12   6   2   8   2   7   2  10   7   4  0.24 0.18
  105 P     0   1   0   2  -2   0   1  -3   1  -2  -1   2  -4  -2   3  -1  -2   2  -1  -2    9   7   4  10   1   3  11   2   4   3   6  11   0   1  13   5   2   2   2   2  0.23 0.22
  106 F    -1  -3  -2  -1  -2   0   1  -2  -1   0   0   0   1   4  -3   0  -1   1   3   0    6   2   2   3   1   4  10   4   2   5   9   5   4  15   1   7   3   2   9   5  0.22 0.17
  107 Y     0  -1  -1   0  -1   0  -1  -1   3   1   0  -1   2   2  -2  -1  -1   2   3  -1    7   3   2   6   1   3   4   5   7   7   9   3   4   9   2   5   4   3   9   5  0.15 0.11
  108 Q    -1   2   1   1   0   2   1  -1   0   0  -1   1   0  -4   0   0  -2   0  -2  -1    3  11   7   8   2  10  10   5   2   5   5   8   2   0   4   6   2   1   2   4  0.14 0.17
  109 K     0   1   0   0  -2   1   1   0  -1  -1   0   2  -1   1   1  -1  -1   1   0  -2    6   7   4   6   1   5   9   6   1   4   8  13   1   6   7   3   3   2   3   2  0.07 0.11
  110 Q    -1   1   3  -1  -4   0   0  -2   2   0   0   0   1   0   0  -1  -1   0   1  -1    5   7  17   3   0   5   6   2   4   5  11   5   3   3   4   4   4   1   6   4  0.14 0.16
  111 G     0   1   0   0   0   0  -1   2   1  -1  -2   1  -2   0   1   0   0  -3  -1  -1    9   7   4   4   2   4   4  16   3   5   4   8   0   4   7   6   7   0   2   3  0.09 0.10
  112 G    -1   1   0   0   1  -1  -1   3   2  -1  -2   0   0   0   0   0   0   2   0  -2    4   8   4   5   3   3   3  19   4   3   4   5   3   4   5   8   6   3   3   3  0.14 0.13
  113 H    -1   0   0   0  -3   0   0  -1   2   0  -1   0   1   0   0   0   0   3   1   0    5   5   5   5   0   5   5   5   5   5   5   5   5   5   5   5   5   5   5   5  0.06 0.08
  114 Y    -1   0   0   1   1  -1   0  -1   1  -1  -2  -1   0   1   3  -1  -1   3   2  -2    5   6   4   8   3   3   6   4   3   3   5   4   3   5  14   5   5   4   6   3  0.17 0.16
  115 F    -1   0  -2   0   2   0   0  -1   2   0  -1   0   1   0   0   0   0   3   1   0    5   5   0   5   5   5   5   5   5   5   5   5   5   5   5   5   5   5   5   5  0.06 0.10
  116 P    -1  -1   0   1  -4   0   0   0   0  -1  -2  -1   0   0   5  -1  -1  -4   0  -2    4   3   4   8   0   4   6   6   3   3   4   4   3   4  28   4   4   0   3   3  0.35 0.31
  117 K     0   0   0   0   2   0   0   0   1   0  -1   0  -1   0   1   0   0  -2   1   0    6   6   5   6   5   5   6   6   5   6   6   6   0   5   6   6   6   0   5   6  0.03 0.06
  118 D     0   1   0   2  -4   2   3  -2   0   0  -2   0  -2  -2   1  -1  -1   0  -1  -2    7   8   4  14   0   9  19   3   2   5   3   5   1   2   6   3   2   2   2   3  0.23 0.21
  119 H    -1  -1   0   1   0   0  -1  -2   2   1   1  -1   1   0  -1  -1  -1   0  -1   1    4   4   4   8   2   4   3   3   8   9  15   4   4   4   2   4   3   2   2  12  0.05 0.08
  120 L     0  -1  -1  -2  -1  -1  -2  -2  -1   2   2  -2   1   2  -1  -1  -1   1   2   2    7   3   3   2   1   3   1   3   1  11  20   2   3   8   3   3   4   2   7  15  0.14 0.13
  121 K     1   1   0   2  -4   2   4  -2  -3  -3  -3   2  -1  -4  -2  -1  -2  -4  -2  -3   13   7   4  10   0   9  27   3   0   1   2  12   2   0   2   4   1   0   2   1  0.45 0.34
  122 K     0   2  -1   0  -2   2   2  -2   0  -2  -1   3  -2  -4  -2  -1  -2  -5  -4  -1    7  12   2   5   1   8  16   3   2   2   7  23   1   0   1   2   2   0   0   4  0.35 0.29
  123 A     4  -2  -4  -5   0   0  -2  -2  -2   1   1  -4   3  -1  -4  -1   0   3  -1  -1   37   2   0   0   2   5   2   2   1   6  12   0   9   3   0   3   7   4   2   4  0.46 0.37
  124 V    -1   1   1   0   0   2   1  -1   1   0  -1   1   0  -2  -2  -1  -1   0  -2   0    4  10   7   4   2  12   9   4   5   7   5   7   3   1   1   4   2   1   1  10  0.10 0.14
  125 A     1   1   0  -1  -1   1   3  -3   1  -2  -3   2   0  -3  -2   0  -1  -1  -2  -2   14   9   5   3   1   7  22   1   3   2   2  12   2   1   1   6   2   1   1   2  0.31 0.28
  126 E    -2  -1  -1   1  -1   5   5  -3   0  -5  -3  -2  -1  -5  -4  -2  -2  -5  -2  -5    3   2   3   8   2  31  38   2   2   0   3   0   2   0   0   2   2   0   2   0  0.93 0.58
  127 I    -2  -2  -1  -4  -4  -1  -2  -4   6   1   2  -2   1   2  -4  -2  -1   4   1   0    2   2   2   0   0   3   2   0  23   8  20   3   4   7   0   2   3   7   4   7  0.52 0.34
  128 E    -1   0   2   4  -4   1   2  -2   1  -2  -2   0  -1  -4  -3   0  -1  -4  -3  -2    5   5   8  26   0   6  17   3   3   2   3   5   2   0   0   7   3   0   0   3  0.36 0.27
  129 E     1   0   2   0   1   0   1   0   1   0  -1   0   0  -1  -2   1   0  -3   0  -1   13   4  10   6   3   4   9   6   3   5   3   3   3   3   0   9   5   0   4   5  0.07 0.08
  130 M     0   0  -2  -3   3  -2  -2  -3  -2   1   1  -2   2   2  -3  -2  -1   4   2   1    9   9   0   0   8   0   1   1   0   9   9   0   9   9   0   1   0   8   9   9  0.15 0.14
  131 C     1   0  -2  -2   3  -1   0  -3  -3   1  -1   1   0  -1  -3  -1  -1  -4  -1   3   16   4   2   2   7   2   5   1   0   9   4  10   2   3   0   3   4   0   3  25  0.22 0.22
  132 N     1   1   1   2  -4   2   3  -1   0  -3  -3   2  -2  -5  -3   0  -1  -5  -1  -3   14   6   7  11   0   8  19   3   2   1   2  14   1   0   0   7   2   0   2   1  0.36 0.28
  133 I     2  -3  -3  -2  -1  -2  -3  -2  -2   3   1  -2   0  -1  -4  -2   2  -1  -1   2   17   1   1   2   1   1   1   3   1  19  14   2   2   3   0   1  14   1   2  13  0.28 0.24
  134 L    -3  -6  -6  -7  -1  -5  -3  -7  -5   1   6  -6   2   1  -6  -6  -5  -5   2  -2    1   0   0   0   2   0   2   0   0   7  68   0   5   4   0   0   0   0   8   2  1.31 0.63
  135 K    -1   3   0   0  -5   2   3  -2  -1  -1  -3   3  -2  -5  -4  -1   0  -1  -4  -2    4  17   3   3   0   9  24   3   1   4   2  15   1   0   0   3   5   1   0   2  0.44 0.32
  136 T     1   1   0   1  -2   2   2   0   0  -3  -3   3  -2  -2  -2   0  -1  -4  -2  -4   10   9   5   9   1   8  13   7   2   1   2  17   1   1   1   8   3   0   1   0  0.25 0.22
  137 E     0   0   1  -1   1  -1   1  -1   2  -1   1  -1   0   0  -1   0  -1   0   2  -1    8   5   7   1   4   2  11   4   7   2  19   3   3   4   2   5   1   1   8   3  0.07 0.12
  138 G    -1  -2   1   0  -5  -1  -1   6  -1  -5  -5  -2  -4  -2  -4  -1  -1  -5  -4  -1    3   2   7   5   0   2   3  58   2   0   1   2   0   2   0   3   3   0   0   5  0.94 0.47
  139 V     0  -3  -3  -2   1  -3  -3  -1   0   3   0  -2  -1   0  -4  -2   0   2   0   4    7   0   0   2   3   0   0   4   2  18   7   2   0   3   0   3   4   3   3  37  0.38 0.27
  140 T    -1   1   1   0  -3   0   2  -2   0  -1  -1   1  -2  -3   0   0   2   1  -1   0    4  10   6   3   0   3  17   3   2   4   4  10   0   0   5   4  15   2   2   6  0.15 0.15
  141 V    -1  -4  -4  -4   2  -3   0  -4  -4   2   0  -3  -2  -3  -4  -1   0  -4   0   5    5   0   0   0   5   0   6   1   0   9   6   0   0   0   0   4   6   0   4  52  0.65 0.38
  142 R    -2   2  -1   0  -1  -1   1  -4   5   2   1   0   0  -1  -4  -2  -2   0   1   0    2  10   2   5   1   3   8   1  16  11  13   5   2   2   0   2   2   2   5   6  0.27 0.23
  143 R    -2   4  -1  -2  -1   0   0  -2   1  -1   0   0  -1   0  -2  -2  -1   0   1   0    2  30   3   2   1   4   7   3   3   4  10   4   1   4   2   3   4   1   4   7  0.29 0.22
  144 P     0   0   0   0  -3  -1   0   0   2   0  -1   0   1   1   0   0   0   3   1   0    6   6   5   6   0   0   6   6   5   6   6   6   5   5   6   6   6   5   5   6  0.06 0.09
  145 D     0   1   0   2   2   0   1   0   1  -1  -2   1   0  -1   1   0   0  -4  -3  -1    6   8   4  14   5   3  12   6   3   3   3   8   3   3   7   5   4   0   0   3  0.14 0.15
  146 P     0  -1   0   0  -1  -1   0  -2   0  -1  -1  -1  -1  -2   4  -1   0   0  -2   0    9   3   5   5   2   2   7   2   3   3   6   4   2   1  25   4   7   1   1   7  0.30 0.28
  147 I    -1  -1  -1  -1   1   0  -1  -2   1   2   1  -1   1   0   0  -1  -1   4   1   1    6   3   3   3   2   5   3   3   3  11  12   4   4   4   5   4   4   5   5   9  0.09 0.09
  148 D    -2  -1   1   4  -6   0   2  -2   1  -1  -3  -1   2  -1   1  -1   0  -6   0  -1    4   4   7  19   0   4  10   4   4   3   3   4   4   3   7   4   6   0   3   4  0.24 0.24
  149 W    -1  -2   0   1   0   0   1  -2   3  -1   0  -1  -1   2   0  -1  -1   5   1  -2    5   2   5   8   2   4   9   3   6   3   9   5   2   9   5   5   4   8   4   2  0.23 0.18
  150 S     0   0   0   0   2   0   0  -1   1   0  -1   0   1   0   0   0   0  -2   1   0    5   5   5   5   5   5   5   5   5   5   5   5   5   5   5   5   5   0   5   5  0.03 0.05
  151 L     0   1  -1   0  -2   2   2  -2   0   0   0   1   0  -1  -1  -1   0  -3  -1   0    7   6   3   5   1  10  15   3   2   4  10   8   3   2   3   4   5   0   2   7  0.10 0.11
  152 K     0   1   0   1  -1   0   1  -1  -1  -1  -1   1  -1  -1   2   0   0  -1  -2  -1    7   9   5   7   1   5   8   5   1   3   6   8   2   2  11   8   4   1   1   5  0.10 0.09
  153 Y    -1  -2  -1   0   0  -1   0  -1   0   2   0  -1  -1   3  -1  -1  -1  -2   2   1    5   2   3   5   2   2   7   4   3  11   8   3   1  13   2   4   3   0   8  11  0.09 0.10
  154 K     0   0   1   0  -3   1   1   1  -2  -1  -1   1   0  -1   0   0   0   0   0  -1    5   6   6   4   0   7   8   9   0   2   8  12   3   2   4   7   7   1   4   4  0.07 0.09
  155 T    -1  -1   1   0   0  -1  -1  -2  -1   0   0   0   0   1  -1  -1   3   0   0   0    6   2   6   5   2   2   4   3   1   4  11   5   2   6   2   4  23   1   4   6  0.13 0.17
  156 P    -1  -2  -2  -2  -4  -1  -1  -1  -1  -1  -1  -3   0  -2   6   0  -2  -4   0  -2    5   2   2   2   0   3   5   5   2   3   5   1   3   2  46   6   3   0   3   3  0.89 0.52
  157 D     0  -1   1   4  -4   0   1   0   1  -4  -2  -2  -1   0  -2  -1  -2   3   3  -2    7   3   6  26   0   4   8   6   4   1   4   2   1   5   2   4   2   4   9   2  0.36 0.29
  158 F    -2  -2  -1  -1  -1  -2  -2  -1  -3   1   0  -1   1   4  -2  -1  -3   7   2   0    3   2   3   3   2   2   2   6   0   7   9   4   4  17   2   4   1  15   7   5  0.47 0.31
  159 E    -1   0   0   1  -1   0   2  -1   0  -1  -1   1   1  -3   1   1   0  -3  -1  -1    5   5   4   8   1   3  17   5   3   3   6   7   5   0   6  11   5   0   2   4  0.12 0.14
  160 S     1   0   0   1   0   0   0  -1   0   0  -1   0   0   0   0   1   1  -3  -2   0   11   5   3  10   2   4   5   5   2   6   5   6   2   4   5  11   8   0   0   7  0.05 0.07
  161 T    -1  -1   1   1   1   1   0  -1   0  -1  -1   0   1   0   1   0   0   2   0  -1    5   3   6   8   3   6   6   5   3   4   7   6   3   4   8   5   7   3   3   3  0.06 0.07
  162 G    -1  -1   1  -1   1  -1  -5   3   1  -1  -1  -1   2   0   1   0   0  -6   0  -1    5   3   7   3   3   3   0  21   3   3   7   3   5   3   6   6   6   0   3   5  0.22 0.18
  163 L    -1   0   1  -3   1   0  -2  -1   0   1   0  -1   2   1   0  -1   0   0   2   0    4   4   8   1   4   5   2   5   2   9  10   3   6   7   5   3   5   1   9   5  0.09 0.12
  164 Y     0  -3   2   0   1  -1  -1  -2   2  -1  -2  -2   0   1   2   0  -1   1   3   0    6   1  11   6   4   2   4   3   6   4   4   2   2   6   9   8   4   2  11   6  0.18 0.19
  165 S     1  -1   1  -2   2   3  -1   0   0  -1  -2  -1  -1  -2   1   1   1  -4  -1  -1   13   2   7   2   4  14   3   8   2   4   3   3   1   2   7   8  10   0   2   4  0.18 0.22
  166 A     0  -4  -1  -1   1  -1  -1  -2   0   1   1  -3   3   1  -1   0  -1   1   3   1   10   0   2   3   4   3   5   3   2   9  15   0   8   6   3   6   3   2   9   8  0.16 0.18
  167 M    -2  -2   2  -2   2   1  -2  -2   1   0  -3   0   3   5  -2  -1  -2   4   2  -2    4   3   8   3   3   5   3   4   3   5   3   5   6  20   3   5   3   5   6   3  0.41 0.28
  168 P    -1   0   0   0   2   0   0  -1   2   0  -1   0   2   1   0  -1   0   4   1  -1    5   5   5   5   5   5   5   5   5   5   5   5   5   5   5   5   5   5   5   5  0.09 0.08
  169 R     0   6   0  -3  -7   1   1  -2   0  -3  -7   1  -1  -2  -7  -3  -3  -7  -2  -7    8  43   4   2   0   6   9   4   2   2   1   8   2   2   0   2   2   0   2   0  1.09 0.55
  170 D    -3  -8   1   7   2  -7   0  -2  -8  -8  -8  -1   1  -8  -1  -3  -2  -8  -8  -3    3   0   6  59   3   0   5   4   0   0   1   4   3   0   4   3   3   0   0   2  1.69 0.79
  171 I     0  -2   0  -1   1   1  -1   0   1   1  -1  -1   0  -1   3   0  -1   2   0  -1    7   3   4   3   3   7   3   7   3   7   7   3   2   3  13   6   4   2   4   5  0.08 0.12
  172 L    -1   0   0   0   2   0   0  -1   2   0  -1   0   2   1   0  -1   0   4   1  -1    5   5   5   5   5   5   5   5   5   5   5   5   5   5   5   5   5   5   5   5  0.09 0.08
  173 I    -1  -2  -2  -3   1  -2  -3  -1   0   2   2  -3   2   3  -5  -2  -1   0  -1   2    4   2   2   2   4   2   2   5   3  11  20   2   6  12   0   3   3   1   2  15  0.27 0.21
  174 V    -1  -5  -2  -3   1  -4  -2  -3  -5   2  -1  -2   4  -1   0   0   2   2  -4   4    5   0   2   2   3   0   2   2   0  10   4   2   9   3   4   6  12   3   0  29  0.49 0.37
  175 V     0   0   0   0   2  -1   0   0   2   0  -1   0   1   1  -3   0   0   3   1   0    6   6   5   6   5   0   6   6   5   6   6   6   5   5   0   6   6   5   5   6  0.06 0.11
  176 G    -1  -2   0   1   0   0  -1   4   0  -2  -3   0  -4  -2   2  -1  -2  -5  -1  -2    4   2   3   8   2   4   4  34   2   3   3   7   0   2  11   3   2   0   2   3  0.43 0.35
  177 N    -2   0   4   4  -7   0   1  -1   2  -7  -3   0   0  -1  -1  -1   0   2   0  -7    3   4  17  18   0   3   8   6   4   0   3   5   3   3   3   5   5   3   3   0  0.42 0.34
  178 E    -2   0   0  -1   1   0  -1   3   1  -1  -2   1   0   0  -2  -2   1   2  -1  -1    3   6   4   3   3   4   5  21   3   4   5   7   3   4   3   3   9   3   3   4  0.15 0.15
  179 I     2  -2  -4  -4   0  -2  -2  -3  -4   2   2  -3   1   2  -1  -2  -1   2   0   2   17   2   0   0   2   2   2   2   0  13  17   0   3  11   4   2   4   3   3  13  0.28 0.25
  180 I    -2  -2  -5  -5   0  -4  -3  -5  -1   4   1  -3   2   3  -5  -2  -1   1   1   3    3   2   0   0   2   0   2   0   2  29  10   2   5  10   0   3   3   2   4  19  0.55 0.38
  181 E     0  -1   0  -1   0   0   3  -2  -3   2   0  -1   1  -1  -1  -1  -1   0  -1   0    6   3   5   3   3   4  21   2   0  12  10   4   3   3   2   5   4   1   2   6  0.12 0.18
  182 A     2  -1   0  -3   2   0  -1   1  -1   0  -1  -1   0   0  -1   1   2  -4  -1  -1   17   2   4   0   5   3   3   9   2   5   4   3   2   3   2  13  15   0   2   4  0.17 0.22
  183 P    -1   1   2  -3   1   0  -1  -1   1  -1  -2  -1   0   0   3   0   0   3   0  -1    5   9  11   0   3   4   3   5   4   3   4   3   3   3  15   6   5   4   4   3  0.19 0.21
  184 M    -1  -2   0   0   2   0   0  -1   2   0  -1   0   1   0   0   0   0   3   1   0    5   0   5   5   5   5   5   5   5   5   5   5   5   5   5   5   5   5   5   5  0.07 0.11
  185 A     2   2  -1  -3   1  -2  -4   1   0   0  -3   1   1  -2   0   1   0  -6  -1  -1   17  11   3   1   3   2   1  12   2   5   2   8   3   2   6  10   5   0   2   4  0.22 0.21
  186 W     0   0   0  -1   1   0  -1  -2   1   1   0   0   1   1  -3   0   0   5   1  -2    9   5   4   4   3   4   4   3   3   8  10   6   4   5   2   8   6   7   4   3  0.13 0.11
  187 R    -1   3  -2  -1  -2  -2   1  -2   0  -1  -3   1  -2  -3   4   0  -2   0   0  -3    5  16   2   3   1   2  10   4   2   3   3   7   1   2  23   6   2   1   3   2  0.46 0.36
  188 S     0  -4   0   0   3   0   0  -2   1   0  -2  -2   1   0  -3   3  -1   2   0   1    8   1   4   6   6   4   6   3   4   5   4   2   3   4   2  21   3   3   3   9  0.24 0.21
  189 R    -3   7  -2  -8  -8  -7  -2  -3   0  -2  -3  -1   1  -8  -2  -7  -2   2  -1  -3    3  59   3   0   0   0   3   3   2   2   3   5   3   0   3   0   3   3   3   3  1.65 0.84
  190 F    -1   3   0  -1   1   2  -1  -2   2  -1  -2   1   1   1  -2  -1  -1   3   3  -1    5  13   4   3   2   9   4   3   4   3   4   8   3   5   3   5   4   3   8   5  0.22 0.19
  191 F    -1   0   0   0   2   0   0  -1   2   0  -1   0   2   1   0  -1   0   4   1  -1    5   5   5   5   5   5   5   5   5   5   5   5   5   5   5   5   5   5   5   5  0.09 0.08
  192 E    -4  -6  -2   0  -1  -1   8  -7  -2  -3  -5  -6  -7  -8  -4  -3  -7  -8  -7  -3    2   0   3   4   1   2  76   0   1   2   2   0   0   0   1   2   0   0   0   2  2.11 1.14
  193 Y     1   1   0  -3  -2   0   0  -3   0   1  -2  -1   0  -2  -1  -1   3   2   1   2    9   7   5   1   1   4   7   2   2   7   3   4   2   2   4   5  15   3   4  12  0.19 0.18
  194 R     0   1  -1   1   0   0   1  -2   1   0   1   1  -1   1   0  -1  -1   0   0  -1    7   7   3   9   2   5  10   3   3   5  13   8   1   7   4   3   2   1   4   3  0.06 0.09
  195 A     3  -1  -1  -2  -1  -2  -1   1   1   0   0  -2  -1   0   0   0  -2   0   0   0   23   4   3   1   1   1   4  12   4   5  11   2   1   4   6   6   2   2   3   6  0.14 0.17
  196 Y    -1  -2  -2  -3  -1  -1  -2  -3   0   2   2  -2   2   2  -3  -2  -2   1   4   0    4   2   2   2   1   3   3   2   2  12  19   2   5   8   2   3   2   2  17   6  0.33 0.28
  197 R    -1   4  -1  -1  -4   1   2  -2   0  -2  -2   2  -1  -2  -1  -1   0   0   2  -2    5  20   3   3   0   5  14   3   2   2   3  11   2   1   3   4   5   1   7   3  0.26 0.27
  198 S     0   2   0   1   0   0   1   0   1  -2  -2   1   0   0   2   0  -1  -3   0  -2    7  11   4   8   2   2   9   7   3   2   3   7   3   5  12   5   3   0   3   3  0.13 0.14
  199 I    -1  -1  -4  -2   1  -1  -2  -2   1   3   2  -1   1   1  -2  -2  -1   2   0   1    5   3   0   3   3   3   2   3   4  18  25   3   3   5   2   2   4   2   2  10  0.22 0.20
  200 I    -1  -4  -2  -2   2  -3  -2  -2   0   1   3  -2   2   3   0  -2  -1   1   1   0    4   0   2   2   5   0   3   3   2   8  26   2   6  14   4   2   4   2   5   5  0.28 0.24
  201 K    -1   1   2   0  -1   1   1  -1   1  -2  -2   3   0  -2  -1   0   0   0   0  -2    5   7   9   4   1   7  11   4   3   2   4  17   3   2   3   6   6   1   3   2  0.17 0.18
  202 D    -1   1   2   2  -4   1   3  -2   3  -3  -2   0  -2  -1   0   0  -2  -4   0  -3    5   6   9  12   0   7  17   3   6   2   5   5   1   3   4   5   2   0   4   2  0.26 0.24
  203 Y    -2  -1  -1  -2   1  -1  -1  -3   2   0   1  -1   1   2  -2  -6  -1   3   5   0    4   4   3   3   3   3   5   3   4   6  13   4   4   7   3   0   3   4  17   7  0.36 0.25
  204 F    -1   0   0   0   2   0  -1  -1   2   0  -1   0   2   0   0  -1   0   3   1  -1    5   5   5   5   5   5   5   5   5   5   5   5   5   5   5   5   5   5   5   5  0.03 0.09
  205 H     0   1   1   0   0   1   1  -1   2  -1  -1   2   0  -1  -2   0   0   0  -1  -2    6   9   7   5   2   6   8   4   4   4   6  13   2   2   2   7   5   1   2   3  0.11 0.10
  206 R     0   2   1   0  -3   1   1   0   1  -1  -2   2   0  -1   0   1   0  -3  -1  -1    5  11   6   5   0   5   7   6   3   3   4  12   2   2   5   9   7   0   2   4  0.10 0.11
  207 G     0  -1   1   2  -6  -1  -1   3   1  -1  -3  -1  -6   0   1  -2  -2  -6   0  -1    8   4   6  10   0   3   5  23   3   3   3   3   0   4   7   4   3   0   3   5  0.24 0.22
  208 A    -1   0   0   0   2   0   0  -1   2   0  -1   0   2   1   0  -1   0   4   1  -1    5   5   5   5   5   5   5   5   5   5   5   5   5   5   5   5   5   5   5   5  0.09 0.08
  209 K    -1   3  -1   0  -4   0   0  -1   0   0  -2   3   0  -1  -1   0  -1  -1  -1   0    5  17   3   5   0   3   7   4   2   6   3  17   3   3   3   6   3   1   2   6  0.20 0.19
  210 W    -1  -2  -2  -2   0  -2  -2  -3   3   3  -1  -3  -1   1  -3  -2  -1   7   2   1    4   3   2   2   2   2   3   3   6  17   6   2   1   6   2   3   4  15   6  10  0.54 0.36
  211 T     0   0   0  -2   0  -1   0  -2   0   1   0  -1   1   1  -1  -1   0   0   0   1    7   4   4   2   2   2   8   2   3  10  10   3   5   6   3   4   7   1   3  12  0.03 0.07
  212 T     0   1  -1  -1   0   0   0  -1  -1   1  -1   1   0   0   1   1   0  -3   0   0    7   7   3   2   2   3   5   5   2   8   4   8   2   4   9  10   7   0   4   9  0.06 0.08
  213 A     3  -2  -1  -2  -1  -1  -1   0   0   0  -1  -2   5  -1  -1   0  -1  -4   0   0   24   3   3   3   2   3   4   7   3   5   6   2  15   2   3   6   4   0   3   5  0.27 0.27
  214 P     0   0   0   0  -3   1   0   0   1   0  -1   0   1   0   1   0   0   3  -1   0    6   6   5   6   0   5   6   6   5   6   6   6   5   5   6   6   6   5   0   6  0.06 0.09
  215 K     0   0   0   0  -2   1   0   0   1   0  -1   0   1   0   1   0   0  -2   1   0    6   6   5   6   0   5   6   6   5   6   6   6   5   5   6   6   6   0   5   6  0.03 0.06
  216 P    -1  -1  -1  -1  -5  -1  -1  -1   1   1  -2  -1   0  -1   5  -1  -1  -5   0   0    4   3   3   4   0   3   3   5   3   8   5   3   3   3  32   4   3   0   3   6  0.45 0.38
  217 T    -1   0   0   0  -3   0   0  -1   2   0  -1   0   1   0   0   0   0   3   1   0    5   5   5   5   0   5   5   5   5   5   5   5   5   5   5   5   5   5   5   5  0.06 0.08
  218 M    -1   0  -2  -1  -2  -3  -2  -1   1   1   3  -2   4   2   0  -3  -3  -1  -2  -1    6   6   2   3   1   1   3   6   3   9  26   3  10   7   5   2   2   1   1   5  0.33 0.20
  219 A     1   1  -1  -1   0  -1  -1  -2   2  -1   0   0   0  -1   0   0   1  -1  -1   1   12   7   3   3   2   2   4   3   5   3   8   7   2   3   5   8   7   1   2  11  0.06 0.07
  220 D    -2   0   1   5  -6  -1   1   0   2  -1  -3   0   0  -2  -2  -1  -1   0  -1  -2    3   5   7  26   0   3   9   7   4   3   4   5   2   2   3   6   4   1   2   3  0.39 0.28
  221 E    -1   1  -1   0  -5   0   3  -1   2  -2  -1   0   1  -1  -1   0   1  -5  -1  -1    6   7   3   6   0   4  16   6   4   2   6   5   4   3   3   7  10   0   2   4  0.15 0.15
  222 L    -1  -1   0   0   0   0   0  -1   0   1   0  -1   2   0   0   0   0   2   0   0    5   4   5   4   3   3   5   5   3   8  10   3   5   3   5   7   7   3   3   8  0.02 0.03
  223 Y    -1   0   0   0   2   0   0  -1   2   0  -1   0   2   1   0  -1   0   4   1  -1    5   5   5   5   5   5   5   5   5   5   5   5   5   5   5   5   5   5   5   5  0.09 0.08
  224 N    -1   0   0   0   2   0   0  -1   2   0  -1   0   2   1   0  -1   0   4   1  -1    5   5   5   5   5   5   5   5   5   5   5   5   5   5   5   5   5   5   5   5  0.09 0.08
  225 Q    -1   0  -1   0  -4   1   1   0   1   0   0   0  -1   0   1  -1  -1   1   0   0    5   5   3   6   0   6   8   7   4   5   9   6   1   5   8   5   4   2   4   7  0.05 0.05
  226 D    -1   1   2   3  -6   0   1   1   1   0  -4  -1  -1  -5  -1  -1  -1   1   0  -2    5   7   8  17   0   4  10  10   3   6   2   4   2   0   4   4   3   2   4   3  0.27 0.21
  227 Y     1  -1  -1  -2  -1  -2  -1  -1   1   0  -1  -2  -1   3  -1  -1   0   2   4  -1   11   4   3   3   1   2   5   6   3   5   5   3   2  12   4   4   5   3  15   5  0.28 0.20
  228 P     0   0   0   0  -5  -1   0  -2   1   0  -2  -1   1   1   3   0   0   3   0  -1    7   6   4   6   0   3   7   4   3   5   4   3   4   5  15   6   6   4   4   5  0.18 0.17
  229 I     0  -1   0   0   0  -1   0   0   0   1   0  -1   0   0   0   0   0   1   1   0    8   4   5   5   2   2   8   6   3   8   7   3   3   5   4   6   6   2   5   8  0.02 0.02
  230 H    -1   1   0   0   3   0   1  -1   3  -1  -2   0   0   0   0   0  -1   4   0  -1    5   8   4   5   6   3   9   5   6   3   5   5   3   3   6   8   4   5   3   5  0.13 0.12
  231 S    -1   0   0   0   1   1   0  -1   1  -1  -2   0   0   0   2   1   1   3   1  -1    6   5   4   5   3   6   5   5   3   3   4   5   3   4   9   9   9   5   4   5  0.10 0.11
  232 V     0  -1   0   0  -1  -1   0  -1   1   2   0  -1   0   1  -1  -1  -1   2   0   2    8   3   4   6   2   2   6   4   3  12   7   4   3   6   4   5   4   3   3  13  0.07 0.06
  233 E     0   1  -1  -1   0  -1   3  -1   0  -1  -2   1   1   0   2  -2  -1   1  -1  -2    6   7   3   4   2   3  19   5   2   4   5   7   3   4  11   4   4   2   2   3  0.20 0.19
  234 D    -1   0   1   2   1   1   1   0   2  -1  -2   0   1  -1  -1  -1   0  -5   1  -1    4   5   6  13   3   5   8   7   5   4   4   6   3   3   4   5   7   0   4   4  0.11 0.11
  235 R    -1   0   0   0   2   0   0  -1   2   0  -1   0   2   1   0  -1   0   4   1  -1    5   5   5   5   5   5   5   5   5   5   5   5   5   5   5   5   5   5   5   5  0.09 0.08
  236 H     0   1   0   0   1   0   1  -1   4   0   0   0   0   0   0  -1   0   2   0  -2    7   7   4   5   3   3  10   5   9   5   8   6   2   4   4   4   6   3   3   3  0.10 0.09
  237 K     0   0   0   1   1   0   1  -1   2  -1  -2   1   1   0   1   0  -1   2   1   0    8   5   4   6   3   4   9   5   5   3   3   9   3   4   6   6   3   3   6   6  0.08 0.09
  238 L    -1   0   0   0  -3   0   0  -1   2   0  -1   0   1   0   0   0   0   3   1   0    5   5   5   5   0   5   5   5   5   5   5   5   5   5   5   5   5   5   5   5  0.06 0.08
  239 A     0  -1   0   0   1   0   0   0   2   0  -1   0   1   0   1   0   0   2   0  -1    8   4   3   6   3   3   5   8   6   6   7   5   4   4   7   6   5   3   3   5  0.03 0.03
  240 A    -1   0   0   0  -3   0   0  -1   2   0  -1   0   1   0   0   0   0   3   1   0    5   5   5   5   0   5   5   5   5   5   5   5   5   5   5   5   5   5   5   5  0.06 0.08
  241 Q    -1   0   0   0   2   0   0  -1   2   0  -1   0   2   1   0  -1   0   4   1  -1    5   5   5   5   5   5   5   5   5   5   5   5   5   5   5   5   5   5   5   5  0.09 0.08
  242 G    -1   0   0  -1  -1  -1  -2   3   0  -2  -2  -2  -1   1   2  -2  -2   3   2  -2    5   5   5   4   2   4   3  22   2   3   5   3   2   6  10   3   3   3   6   3  0.26 0.21
  243 K    -1   0   1   0   1   1   1   0   1   0  -1   0   1  -1   2  -1  -1   3   0  -1    5   5   6   4   3   5   8   7   3   6   5   6   3   3   9   4   4   5   4   5  0.08 0.09
  244 F    -1   0   0   0   2   0  -1  -1   2   0  -1   0   2   0   0  -1   0   3   1  -1    5   5   5   5   5   5   5   5   5   5   5   5   5   5   5   5   5   5   5   5  0.03 0.09
  245 V     0   0  -1   0   2   0   1  -1   1   1   0  -1   0  -1  -1  -1   0  -1   0   1    9   7   2   4   5   3   9   4   4   8  10   4   1   3   2   4   4   1   3  13  0.03 0.05
  246 T     0   1   0   0  -1   0   0   0  -1   1   0  -1  -1   0  -1  -1   2  -1  -1   0    6   8   4   5   2   3   8   7   1   9   9   3   1   4   2   4  15   1   2   8  0.05 0.07
  247 T     0   0   0  -1  -1   0  -1   0   0   1   0   0   1  -1  -1   0   1  -1   0   0    6   5   4   4   1   4   4   9   2   8  11   5   5   2   2   5  10   1   3   7  0.01 0.03
  248 E    -1  -1   2   2  -2   1   3   1  -1  -2  -3   0  -1  -2   0  -1  -1  -3  -1  -2    4   3  10  11   1   6  21  10   2   3   3   5   2   2   5   4   4   0   2   3  0.24 0.19
  249 F     0   0   0   1  -1  -1   1   1   0  -1  -1   0  -1   1   1   0   0   0   0  -1    8   4   5   7   2   1   9  12   3   3   5   5   2   7   7   7   4   1   3   3  0.06 0.06
  250 E    -1   0   0   3  -3   0   3   0   0  -2  -2   0   0  -2   2  -1  -1  -2  -2  -1    4   5   5  15   0   3  20   7   2   2   4   5   3   1   9   3   4   1   2   4  0.26 0.20
  251 P     1  -3   0  -2  -2  -1  -2   1  -1   1  -1  -2   1  -1   3  -1  -1  -1   0   0   12   1   4   2   1   2   2  13   1   8   7   2   3   2  18   5   4   1   4   7  0.22 0.18
  252 C     0  -1  -2  -3   2  -2  -3  -2   2   2   1  -2   1   1  -2  -1   2   0   2   1    6   4   1   1   5   1   1   3   5  11  13   2   4   6   1   3  14   1   8   8  0.18 0.16
  253 F    -3  -5  -4  -5  -3  -3  -2  -3  -3   2   2  -5   0   6  -5  -2  -3   4   2  -1    2   0   1   1   1   1   3   2   1  13  20   1   2  32   1   3   2   5   6   4  0.84 0.45
  254 D    -3  -5  -2   5  -1  -3   6  -3   0  -2  -5  -3  -5  -6  -3  -2  -4  -3  -6  -2    3   0   1  30   1   0  44   2   2   2   1   1   0   0   2   3   1   1   0   4  1.25 0.72
  255 A     2  -3  -4  -3  -3  -3  -4   6  -3  -6  -5  -5  -6  -4  -2  -2  -1  -6  -6  -4   16   2   1   1   1   1   1  62   1   0   1   0   0   1   3   3   5   0   0   2  1.40 0.74
  256 A     3  -6  -5  -5  -1  -5  -3   6  -6  -6  -5  -3  -6  -6  -2  -2  -4  -6  -6  -3   26   0   0   0   1   0   2  57   0   0   2   1   0   0   3   3   1   0   0   2  1.46 0.76
  257 D    -2  -4   2   7  -3  -1  -1  -3  -5  -4  -4  -4  -6  -3  -5  -2  -4  -6  -2  -3    3   1   9  63   1   2   3   2   0   1   2   1   0   1   0   3   1   0   2   2  1.59 0.80
  258 F     0  -4  -5  -5   2  -5  -4  -4  -2   3   0  -5   1   4  -4  -3  -2  -1  -1   4    9   1   0   0   4   0   1   1   1  16  10   0   3  16   1   2   2   1   2  28  0.69 0.41
  259 I    -3  -2  -6  -6  -1  -2  -4  -5  -3   3   4  -3   5   1  -3  -4  -2   0   1   1    2   2   0   0   2   2   1   1   1  16  33   2  13   5   1   1   2   1   4  10  0.73 0.44
  260 R    -3   4  -4  -4  -2  -2  -3  -3  -1   1   1   1   0   2   0  -4  -3   2   0   2    1  25   1   1   1   2   1   3   2   6  11   8   2   9   5   1   2   2   3  14  0.41 0.34
  261 A    -1  -2  -1   2   4  -3  -2  -3   1   1   1  -4   0   2  -2  -2   0   1  -1   1    6   3   3  12   9   1   2   2   4   6  16   0   3   9   2   2   6   2   2  10  0.24 0.22
  262 G    -2  -2   2   1  -7  -3  -1   6  -2  -7  -7  -1  -6  -7  -2  -2  -4  -1  -2  -7    3   3   9   8   0   1   4  58   1   0   0   4   0   0   2   3   1   1   2   0  1.26 0.71
  263 R    -3   3   2   3  -2   0   1  -1   0  -2  -3   3  -3  -5   0  -2  -2  -5  -1  -3    1  16   8  14   1   3  10   5   2   2   3  20   1   0   5   3   2   0   2   2  0.45 0.35
  264 D    -2   0   1   4  -2  -2   0  -3   3  -2  -2   0  -1  -1  -5  -2   2  -1   0   0    4   5   6  24   1   1   6   2   7   2   3   7   2   2   0   2  15   1   3   6  0.39 0.33
  265 I    -1  -3  -4  -4   0  -5  -3  -4  -2   5   2  -5   1   0  -6  -4  -3   0   2   3    5   1   1   1   2   0   2   2   1  26  21   0   3   4   0   1   2   1   6  19  0.70 0.40
  266 F    -2  -3  -6  -7  -2  -6  -6  -6  -2   2   3  -6   0   6  -6  -3  -5   2   3   1    4   1   0   0   1   0   0   0   1  12  23   0   2  29   0   2   0   3   8   9  1.00 0.55
  267 A     0  -7  -4  -2   3  -2  -4   1   1   2  -2  -4   2   0  -7  -3  -2   2   1   4    7   0   1   3   5   2   2  11   3  10   4   1   4   4   0   2   3   2   5  29  0.57 0.36
  268 Q    -1  -3   1   0  -2   3  -4   5  -1  -3  -2  -4  -2  -3  -4  -2  -2  -1  -1  -3    5   2   6   5   1  11   1  45   1   2   4   1   1   1   1   4   3   1   2   3  0.88 0.56
  269 R    -2   1   0  -2   0   0  -2  -1   2   2   0  -1   0  -1  -3   0   0   0   3   2    4   7   5   3   2   4   3   5   4  10   9   3   2   2   1   7   7   1  10  13  0.14 0.12
  270 S     0  -1  -1  -1   0  -2  -1   3   0  -2  -3  -2  -5  -2  -1   4   0   1  -1  -2    6   3   3   3   2   2   3  18   2   2   2   2   0   2   3  35   6   2   2   3  0.48 0.45
  271 Q    -1   0   1   0   0   1   0   0   2  -1  -1   0   0   0   0   0   0   1   0  -1    6   6   9   6   2   6   5   6   7   3   6   5   2   4   4   6   7   2   3   3  0.05 0.09
  272 V    -1   0   0   0   2   0   0  -1   1   0  -1   0   1  -2   0   0   0   3   1  -1    5   5   5   5   5   5   5   5   5   5   5   5   5   0   5   5   5   5   5   5  0.03 0.11
  273 T    -2  -1   2  -2   0  -1  -2  -1  -4  -1  -2  -2  -4  -5  -1   2   5   1  -1  -2    3   3  10   2   2   2   2   5   0   3   3   3   0   0   3  16  37   2   3   2  0.60 0.51
  274 N    -1  -1   5   2   1   0   0  -1   1  -4  -2  -1   0  -1  -1   1   0  -5  -4  -2    4   4  29  11   3   3   5   4   4   0   3   3   3   3   3   8   7   0   0   3  0.42 0.36
  275 Y    -1   0   0   0  -3   0   0  -1   1   0  -1   0   1   0   0   0   0   3   1  -1    5   5   5   5   0   5   5   5   5   5   5   5   5   5   5   5   5   5   5   5  0.02 0.09
  276 L     1   0  -1   0  -1   1   1  -1  -1  -1   0   0   0  -1  -1   0   0  -1  -1   0   17   6   2   6   1   6  12   5   1   3   8   5   3   3   2   6   5   1   2   5  0.06 0.11
  277 G     3  -5  -2  -3  -1  -2  -2   5   0  -2  -3  -2  -2  -1  -2   0  -2  -5  -2  -2   22   0   2   2   1   1   2  42   2   3   3   2   1   3   2   6   2   0   2   3  0.70 0.48
  278 I     1  -1  -2  -4   0   0  -2  -3   2   3   0  -2   1   0  -1  -2  -2  -1   1   2   14   3   2   0   2   4   3   2   6  18   9   2   3   4   3   2   1   1   5  16  0.22 0.22
  279 E     1   1   0   3  -2   1   3  -3   0  -3  -2   1  -1  -3  -1   0  -1  -5  -2  -3   12   7   3  17   1   6  21   1   2   2   4   7   1   1   3   6   3   0   1   2  0.32 0.30
  280 W    -1   0  -1  -1   0   3   1  -2   2  -1  -2   0   0   1  -4  -1  -1   7   1  -1    4   5   3   3   2  14   8   3   5   4   3   5   2   6   0   4   3  16   5   4  0.44 0.34
  281 M    -1  -2  -5  -2   0  -1  -2  -5  -4   2   4  -4   3   1  -5  -2  -2  -4   0   1    4   2   0   3   2   2   3   0   0  13  38   0   7   6   0   3   3   0   3   9  0.47 0.36
  282 R     1   2  -1  -1   0   1   0  -1   0  -1  -1   2   0  -1  -3   0  -1  -4  -1  -1   16  10   2   3   2   8   6   5   2   3   5  15   3   2   0   5   3   0   2   5  0.12 0.17
  283 R     0   3   1   1  -6   1   1  -1   2  -2  -2   1   1  -1  -1   0   0   2  -1  -2    7  13   6   6   0   5   9   4   4   3   4   9   3   3   3   6   5   2   3   3  0.13 0.16
  284 H     0  -1   0  -1   2  -1  -1  -2   2   2   0  -1   1   2  -1  -1  -1   3   1   0    7   4   4   3   4   3   4   3   5  11  10   4   4  10   3   4   4   4   4   6  0.12 0.09
  285 L    -1   0  -2   0   2   0   0  -1   2   0  -1   0   1   0   0   0   0   3   1   0    5   5   0   5   5   5   5   5   5   5   5   5   5   5   5   5   5   5   5   5  0.06 0.10
  286 A     1   0   0  -1  -4  -1   0   1   0  -2  -1   1  -2   2   1   0  -1  -1  -1  -2   11   6   5   3   0   3   7  12   2   3   6   8   1   9   7   6   3   1   2   3  0.11 0.11
  287 P     0  -1   1   2  -1   0   1  -2   2  -3  -4   1  -2  -3   4   0  -1  -1  -3  -4    8   3   7  11   1   4   9   3   4   2   2   7   1   1  19   7   3   1   1   2  0.36 0.30
  288 D    -2   1  -1   3  -7   1   1   3   0  -3  -3   1   0  -7  -2  -2  -1  -7   0  -3    3   6   4  13   0   5  10  24   2   2   3   9   2   0   2   4   4   0   3   2  0.39 0.31
  289 Y    -1  -2  -2  -2   1  -2  -1   0   2   0  -1  -1   0   3  -3  -3  -2   3   5  -1    5   3   2   2   3   2   4   8   4   5   7   5   3  12   2   2   3   4  19   5  0.44 0.29
  290 R    -2   2   1   0   1   0   1  -1  -1  -1  -2   2  -2  -1   0  -1   1   1  -2  -1    4  12   6   4   3   4  10   6   1   3   3  13   1   3   5   4   8   2   1   5  0.15 0.17
  291 V    -2  -1  -2  -2   1  -1  -2  -2   0   2   0  -2   1   0  -2  -2  -1   2   0   4    4   4   3   3   3   3   3   3   3  10   7   3   3   4   3   4   4   2   3  26  0.27 0.21
  292 H    -2   1   0  -1   1   1   1  -2   4   1  -2  -1   0  -1   0  -1   0   2   0   0    4   6   5   4   3   6  11   3   9   8   4   4   3   3   5   5   5   3   4   6  0.16 0.15
  293 I     0   0  -2  -2  -1  -1  -1   0   0   2   0  -1   1   0   1   0   0  -5  -1   2    9   5   2   3   2   2   5   6   2  10   8   3   3   5   7   6   7   0   2  13  0.07 0.07
  294 I     0   0   0   0   2   0   0  -3  -2   0  -1   0   1   1   0   0   0   3   1   0    6   6   5   6   5   5   6   0   0   6   6   6   5   5   6   6   6   5   5   6  0.08 0.12
  295 S    -1   1  -1   0   1   0   1  -2   2   0   0   0   0  -1   1  -1  -1   2   0   0    5   8   3   5   3   3   9   4   5   5   9   5   2   3   6   4   4   3   3   7  0.03 0.06
  296 F    -2  -3  -3  -1  -1  -1  -3  -2  -2   2   2  -3   2   3  -3  -2  -1  -1  -1   2    4   2   2   3   1   3   2   3   1  12  20   2   4  13   2   3   4   1   2  15  0.37 0.24
  297 K    -1   1   0   1   0   0   0  -2   0  -1  -2   1   0  -2   4  -2   0   1  -1   0    5   6   4   8   2   4   6   3   3   4   4   8   3   2  17   3   6   2   2   6  0.20 0.19
  298 D    -1  -1   0   4   1  -1   0   0   2  -1  -1  -1   0   0  -1   0  -1  -6  -1  -1    5   4   4  21   3   3   7   7   5   4   6   4   2   3   3   7   3   0   2   5  0.21 0.17
  299 P    -1   0   0   0   2   0  -1  -1   2   0  -1   0   2   0   0  -1   0   3   1  -1    5   5   5   5   5   5   5   5   5   5   5   5   5   5   5   5   5   5   5   5  0.03 0.09
  300 N    -1   0   2   0   1   0  -1   1   4  -3  -1   0  -1   1  -2   0   0   0   1  -3    5   6   9   4   3   4   4  10  10   1   7   6   1   6   2   7   6   1   5   2  0.18 0.13
  301 P     0  -3  -1  -3   1  -1  -3   0   2  -1  -2  -3  -1   4   3  -1   1   2   2   0    8   2   3   2   3   3   2   7   5   4   4   2   2  14  13   4   7   3   7   7  0.32 0.19
  302 M    -1  -1  -1  -1   3   0   0  -1   0   0   1  -1   2   0  -2  -1  -1   1   3   0    4   4   2   3   8   3   5   5   2   3  12   2   8   4   2   4   2   2  16   8  0.11 0.14
  303 H    -3   0   1   0  -4   1  -2  -1   8  -4  -2   0  -3  -3   0  -2  -3  -4   1  -4    0   5   5   5   0   5   0   5  54   0   5   6   0   0   5   0   0   0   5   0  1.03 0.41
  304 I    -1  -3  -1  -3   1   0  -3  -4   1   1   3  -3   2   0  -3  -1   1  -3  -2   0    4   0   4   0   4   4   0   0   4   6  47   0   4   4   0   4   9   0   0   4  0.31 0.21
  305 D    -5  -3  -2   7  -8  -5  -2  -2  -6  -4  -5   3   0  -5  -7  -4  -3  -9  -5  -5    1   1   1  66   0   0   2   3   0   1   1  17   2   1   0   1   1   0   1   1  1.82 0.88
  306 A     0  -4   0  -2   6  -3  -2   1  -3  -4  -3  -5   1  -4  -5   3   4   0  -3  -1    7   0   4   2  14   1   2   9   0   1   2   0   4   1   0  19  28   1   1   3  0.69 0.49
  307 T     1  -4  -1  -2   5  -3  -3  -1   0   0  -1  -3   0   1  -3   0   2  -1  -2   3   11   1   3   2  11   1   1   5   2   5   6   1   2   5   1   6  16   1   1  20  0.32 0.27
  308 F    -2  -7  -7  -7   4  -6  -4  -5  -6   1   2  -7   4   7  -7  -4  -4   1  -1   1    4   0   0   0   8   0   1   1   0   6  17   0   9  38   0   2   1   2   2  10  1.17 0.62
  309 N     0  -3   2  -4   4  -1  -2  -2   0  -2  -1  -2   2  -3  -3   2   4  -6  -2   0    8   1  11   0   8   3   2   3   2   2   5   2   5   1   1  14  25   0   1   5  0.41 0.37
  310 I     0  -2  -3  -3  -1  -2  -4  -4  -1   1   0  -3   3   1   5  -2  -2  -1   1   1    7   2   1   1   1   2   1   1   1   9   8   1   9   7  28   3   3   1   5   9  0.54 0.39
  311 I     0  -6  -4  -7  -1  -6  -4  -4  -2   4   4  -6  -1  -1  -1  -5  -2  -6  -2   3    7   0   1   0   1   0   1   1   1  20  38   0   1   3   4   0   2   0   1  18  0.80 0.49
  312 G     0   2   1   4  -2  -2  -1   3  -2  -3  -5  -1  -3  -4   0   0  -2  -6  -6  -4    6  11   6  26   1   1   4  22   1   2   1   4   1   1   4   8   2   0   0   1  0.54 0.39
  313 P    -2   0   1   3  -3  -2   2  -2   1  -3  -2   0  -3  -3   4  -1  -2  -6  -2  -3    3   5   6  16   1   1  15   4   3   1   4   5   1   1  24   4   2   0   2   1  0.54 0.39
  314 G    -2  -1   2   4  -2  -1  -1   4   1  -4  -6   1  -2  -3  -5  -2  -2   0  -3  -4    3   4  11  19   1   2   4  34   3   1   0   8   1   1   0   3   2   1   1   1  0.69 0.45
  315 I    -2  -1   0  -1  -1   0  -1  -3   1   0   2   1  -1  -2  -2  -1   3  -4  -1   1    3   3   5   3   2   3   4   2   4   4  20   9   1   2   2   4  20   0   2   8  0.17 0.21
  316 V     0   0   1  -2   3  -2  -2   0  -2   0   0  -1   1   1  -2   0   0  -2   1   0    8   8   7   0   7   0   0   8   0   8   8   0   7   7   0   8   8   0   7   8  0.07 0.11
  317 L    -1  -3  -1  -4   1  -3  -2  -2  -3   2   3  -3   2   0  -4  -2   0  -3   0   2    6   0   3   0   3   0   3   3   0  15  35   0   5   4   0   3   4   0   3  13  0.34 0.26
  318 S     0  -1  -1  -3   0  -1  -2  -1   0   2   1  -2   1   1  -1  -1  -1   2   2   2    6   3   3   0   3   2   2   4   2  16  10   2   5   5   2   3   3   3   7  20  0.12 0.14
  319 N    -1  -2   2   0   4  -2  -1  -2   4  -3  -3  -2  -4   1  -1   0   0   1   5  -1    5   2  12   4   9   2   4   2   9   2   3   2   0   7   3   5   5   2  19   4  0.41 0.31
  320 P     0   0  -2   0  -5  -1   0  -1  -1  -2  -2   1  -1  -3   6   0  -2  -5  -2  -2    7   5   2   5   0   2   6   5   1   2   3   9   2   1  37   6   2   0   1   3  0.64 0.41
  321 D     0   0   0   3  -2   0   2   0   0  -2  -3   0  -2  -1  -1   0  -1  -1  -1  -3    7   5   4  19   1   4  17   8   2   3   3   4   1   3   3   8   4   1   3   1  0.23 0.21
  322 R     1   2  -1  -2  -2   0  -1   1   0  -1   0   0   0   0  -3   0  -1   2   0  -1   16  15   2   2   1   3   3  10   2   4   9   5   3   4   0   7   4   3   3   4  0.11 0.14
  323 P    -1  -3  -3  -1   0  -2  -1  -2  -2   1   1  -1   1   3   3  -1  -2   0   1   1    6   1   1   3   2   1   4   2   1   8  11   3   3  15  13   4   2   1   5  11  0.23 0.20
  324 C     0  -1   1   2   1  -1   0   0  -1   0  -1   1  -1  -2   1   0   0  -1  -1   0    9   2   6  11   4   2   6   6   2   5   6   8   1   1   8   6   7   1   2   6  0.07 0.08
  325 H    -1   0   1   2  -4   0   2  -1   3  -3  -3   1  -1  -1   1   0  -1   1   0  -3    5   6   7  14   0   3  15   5   7   1   3   7   2   2   8   6   3   2   4   2  0.23 0.21
  326 Q     0   0   0   0   2   0   0  -1   1   0  -1   0   1   0   0   0   0  -2   1   0    5   5   5   5   5   5   5   5   5   5   5   5   5   5   5   5   5   0   5   5  0.03 0.05
  327 I     0   0   0  -1   0  -1   0  -1   0   1   0  -1   1   0   1   0   0   2   0   0    8   4   4   3   2   2   6   4   2   8  12   4   4   4   7   7   5   3   3   8  0.03 0.05
  328 D     0   0  -1   2   0   1   1  -1   0  -1   0   0   0  -1   1  -1  -1  -3  -1  -1    7   6   3  14   3   6  11   4   2   4   9   5   2   2   6   4   4   0   2   5  0.08 0.11
  329 L    -1   0   0   0   2   0   0  -1   2   0  -1   0   2   1   0  -1   0   4   1  -1    5   5   5   5   5   5   5   5   5   5   5   5   5   5   5   5   5   5   5   5  0.09 0.08
  330 F    -2  -2   0   0  -1  -1   0  -4  -1  -1   2   0   1   4  -1  -2  -2   2   1  -1    4   3   4   5   2   3   7   2   2   4  18   6   3  18   3   4   3   3   4   4  0.29 0.20
  331 K    -1   2  -1   0   2   0   0  -2   1  -1   0   1   1   0   0  -1  -1   2   0  -1    5  10   3   5   5   3   7   3   3   4  10   9   4   4   5   4   4   2   3   4  0.08 0.08
  332 K    -1   1   0   0   0   0   0  -1   1  -1   0   1   1   2  -1  -1  -1   2   0  -1    4   7   5   6   3   5   7   5   3   3  11   9   3   8   3   5   4   3   3   3  0.06 0.06
  333 A     0   2   1  -1   0   0   1  -2   2  -1  -1   1  -1  -1  -1   0  -2   1   0  -1    9  12   7   4   2   3   9   3   5   4   5  10   2   2   3   8   3   2   3   4  0.13 0.12
  334 G    -2   1   1   2  -1  -1   0   3   1  -2  -3   0   0   0  -3   0  -1   1  -2  -2    4   7   7  12   2   3   5  22   3   2   3   6   2   3   2   6   4   2   2   3  0.25 0.21
  335 W    -4  -2  -3  -1  -1  -1  -1  -3  -2   2  -1   0  -1   3  -4  -3  -4   9   4  -1    2   3   2   4   1   3   4   2   1  11   6   6   1   9   1   2   2  23  12   5  0.95 0.52
  336 T    -2   0   0   3  -2   1   4  -3  -2   2  -3   1  -5  -3  -3  -1   0  -6  -2  -2    4   5   4  17   1   5  22   3   1   9   3   9   0   1   1   4   6   0   1   3  0.46 0.33
  337 I    -1   0  -2  -1   0  -3  -1  -3   0   3   2   0   1   0  -1  -2  -1   0   0   1    4   5   2   3   2   1   5   2   2  14  22   5   3   4   3   3   4   1   3  11  0.22 0.14
  338 I    -4  -1  -5  -4  -2  -2  -1  -4   1   5   2  -5   0   0  -3  -5  -4   0  -1   2    2   4   1   1   1   2   5   2   4  32  17   1   2   4   2   1   1   2   2  15  0.78 0.43
  339 T     1   0   0   0  -1  -1   1  -2   1   0  -1   0   0  -1   1  -1   0   2   1   1   10   4   4   6   1   3   9   3   3   6   5   6   2   2   6   4   6   3   5  10  0.07 0.08
  340 P     2  -2  -2   1  -1  -3   0  -2  -2   1  -1   0  -2   0   2  -2  -1  -6   0   2   14   2   2   9   1   1   7   4   1   8   5   5   1   5  11   2   4   0   3  14  0.20 0.18
  341 P    -1  -2   0   0  -3  -2   1  -2  -1  -1  -1  -2  -2  -1   5   0   0  -7  -2  -2    5   3   4   5   1   2  10   4   1   3   6   2   1   3  30   7   5   0   2   4  0.50 0.41
  342 T    -1  -1   0   1   0  -1   3  -1  -2   1   0   0  -1   0  -1  -1  -1  -2   1   0    6   3   5   7   2   2  18   4   1   7   8   7   2   5   4   4   5   1   4   6  0.12 0.12
  343 P     0  -1  -1   1  -2  -2   3  -2   0   0  -1   0  -1  -1   4  -1  -1  -6  -2  -1    7   3   3   8   1   2  18   4   2   5   6   5   1   2  19   5   3   0   1   4  0.34 0.29
  344 I    -1   0   0   1   1   0   2   0   0   0  -1  -1   0   0  -1  -1   0   2   0   0    4   4   5   7   3   4  13   7   3   6   7   4   3   4   3   4   6   2   4   8  0.05 0.06
  345 I     0   0   0   0   0   0   0  -1   1   1   0  -1   0   0   0  -1   0   2   1   0    7   4   3   5   3   4   6   6   4   9   9   4   3   5   5   4   5   3   4   7  -0.00 0.01
  346 P    -1   1  -1  -1   1  -1  -1   0  -1   1  -2   1   1   1   3  -1   0   0   0  -1    6   6   3   3   3   3   4   7   2   8   4   8   3   5  16   4   6   1   3   4  0.16 0.14
  347 D    -1   1   1   2   0   1   2   0   1  -1  -2   0  -1  -1  -1  -1   0   0   0  -1    5   7   5  10   2   5  12   7   4   4   5   6   2   2   4   4   6   1   3   5  0.09 0.09
  348 D    -2  -2   0   4  -1   0   1   0   1  -1  -1   0  -1   1   0  -1   0  -4   1  -2    4   3   4  20   2   4   9   7   3   4   6   5   2   6   5   4   5   0   4   3  0.21 0.16
  349 H     0   0   2   0  -2   0   1  -1   3  -1  -2  -1  -2   0   2  -1  -1   2   0   0    7   5   9   6   1   3   9   4   7   4   5   3   1   4  10   5   4   2   3   6  0.12 0.12
  350 P     0   0   0   0   2   0   0  -1   1   0  -1   0   1   0   0   0   0  -2   1   0    5   5   5   5   5   5   5   5   5   5   5   5   5   5   5   5   5   0   5   5  0.03 0.05
  351 L    -1   0   0   0   1   1   0  -1   1   0   1  -1   1   2  -1  -1   0   2   1   0    6   4   4   6   3   6   7   4   3   4  12   4   4   8   3   5   5   3   4   6  0.04 0.04
  352 W     0  -1   0  -1   2   0   0  -1   1   0   0  -1   1   0   0   0  -1   4   3  -1    8   4   4   4   4   5   5   4   4   5   8   4   3   5   5   6   4   5  10   3  0.12 0.11
  353 M    -1   0   0   0   2   0   0  -1   2   0  -1   0   2   1   0  -1   0   4   1  -1    5   5   5   5   5   5   5   5   5   5   5   5   5   5   5   5   5   5   5   5  0.09 0.08
  354 S     2   0  -1   1   2  -1   2   0  -2  -2  -2  -2  -1  -2  -2   1   0  -1  -1  -1   19   5   3   7   4   3  14   7   1   2   4   2   2   2   2  10   5   1   2   5  0.16 0.14
  355 S     2   0  -1   0  -1   1   1  -2  -1  -1  -1   0   0  -1  -1   2   0  -3   0  -1   17   5   2   4   1   6  10   3   1   3   5   5   2   3   2  20   5   0   3   3  0.15 0.15
  356 K     0   1   2   0  -1   1   1  -1   1  -2  -2   1   0  -2   1   0  -1   1  -1  -1    7   8  11   6   1   7  10   4   3   2   4   7   3   2   7   7   3   2   2   4  0.11 0.10
  357 W     0   1   1  -1   0  -1   0   0   1  -1  -1  -1  -1  -1  -2   0  -1   7   1  -1    7   8   6   4   2   2   6   9   3   3   5   4   1   3   2   6   4  15   4   5  0.28 0.17
  358 L    -1  -2  -1  -1   1  -1  -2  -2  -1   1   2  -2   3   3  -1  -2  -1  -2   1   0    4   1   3   4   3   3   3   3   1   9  25   2   8  12   3   2   2   0   6   5  0.19 0.16
  359 S     3  -2   0  -1  -1  -2  -2   4   0  -2  -2  -2  -1  -2  -1   1  -2  -4  -1  -2   26   2   4   4   1   1   2  30   2   2   3   1   1   2   3   8   2   0   2   3  0.42 0.31
  360 M     2  -2   0  -3   5  -1  -3  -1  -1   0   0  -2   1   0  -1  -1   1  -3   0   0   19   2   4   0  17   3   0   5   2   4   8   2   5   5   3   3  10   0   3   6  0.23 0.21
  361 N    -1  -1   7   0  -4   0  -2  -1   1  -2  -3  -1  -4  -5  -1  -1  -2  -5  -4  -2    6   3  62   3   0   3   0   3   3   3   3   3   0   0   3   3   0   0   0   3  1.06 0.57
  362 V     1  -3   1  -2   4  -2  -3   1   0   0   0  -2   0   0  -3   0   0   1   0   2   11   0   8   0  10   0   0  13   2   6   6   0   3   5   0   8   4   2   2  17  0.15 0.17
  363 L    -1  -3  -3  -3   1  -1  -2  -4   1   1   3  -3   1   1  -1  -2  -1   1   0   2    3   0   0   0   3   3   3   0   5   6  33   0   3   7   2   3   3   2   2  22  0.28 0.23
  364 M     1   0   0  -2   2  -1  -1  -1  -1   0  -1  -2   1  -2   1   2   1  -1  -1   1   11   7   4   1   4   2   2   3   1   4   6   1   4   1   8  18   7   1   2  12  0.13 0.17
  365 L    -1  -4  -4  -4  -2  -4  -3  -5  -2   4   3  -2   0  -1  -2  -2  -1  -1  -2   3    4   0   0   0   1   0   2   0   1  24  34   2   1   2   2   3   3   1   1  17  0.55 0.36
  366 D     0  -1   3   3  -4  -2  -1   3   0  -3  -3  -2  -4  -3  -1   0  -2  -5  -2  -2    6   3  16  21   0   1   3  24   2   2   2   2   0   1   3   8   2   0   1   3  0.44 0.32
  367 E    -1  -1   1   1  -4   0   2   2   2  -2  -4   0  -3  -4   4   0  -1  -4  -2  -3    3   2   7   8   0   4  15  14   5   2   1   5   0   1  22   6   2   0   2   1  0.44 0.29
  368 K    -2   1   2   3  -5   1   1   2   1  -3  -4   2  -4  -4  -4   0  -1  -2  -2  -3    2   9  11  15   0   5   7  19   4   1   1  14   0   0   0   5   2   1   1   2  0.38 0.30
  369 R    -1   3   1  -1  -1   0  -1  -3   3  -1  -1   1  -1  -2  -2  -1   3  -1  -1   0    5  15   6   2   1   2   2   0   7   3   7  11   1   1   1   3  19   1   2   7  0.20 0.23
  370 V     0  -5  -3  -5   0  -3  -5  -5  -2   4   1  -3   0  -1  -4  -4  -1  -5   1   5    7   0   1   0   2   1   0   0   1  20  11   1   1   2   1   0   2   0   5  43  0.77 0.47
  371 M    -2  -5  -3  -5   1  -3  -5  -5  -1   5   3  -3   2   2  -3  -4  -2  -4  -3   3    2   0   2   0   3   1   0   0   1  31  24   1   4   7   1   0   2   0   0  19  0.69 0.42
  372 V     0  -2  -4  -3   3  -2  -4  -2  -2   2   1  -3   4  -1  -2   0   1  -2  -1   3    7   1   0   1   6   1   0   3   1  12  10   1  15   2   2   8   7   1   2  20  0.33 0.29
  373 D     0  -3   1   2  -3   0   1  -1   1  -3  -2  -3  -2  -1   3   1  -1  -3   2  -4    9   1   6  12   1   5   9   4   3   2   4   1   1   2  17   9   4   0   8   1  0.31 0.28
  374 A     3  -1   0   1  -3   0   2  -1   1  -3  -5   2  -3  -5   1   2  -1  -6  -2  -3   23   3   3   7   1   4  12   4   3   2   1  11   0   0   6  14   3   0   1   2  0.34 0.32
  375 N     1   2   1   0  -1   1   0   3   2  -3  -4  -1  -3  -2  -3   1  -1  -3  -1  -3   10  12   7   5   1   6   7  22   5   2   1   4   1   2   1   8   3   0   2   1  0.30 0.26
  376 E     1  -4   4  -1   2   1   0  -3   2  -4  -2  -3  -3   3  -3   0  -1  -2   2  -2   10   1  23   4   5   5   6   2   5   0   4   1   0  13   1   7   4   1   7   2  0.45 0.36
  377 V    -1  -2  -1   0  -4  -1   1  -4   0  -3  -4   2  -4  -4   5  -1   2  -4  -3  -1    4   3   3   6   0   3   9   1   2   2   2  11   0   1  32   4  11   0   1   4  0.67 0.48
  378 P     0   4   0   0  -5   0   2  -1   1  -2  -3   2  -3  -3   0  -1   0  -2  -2  -1    8  21   4   5   0   3  12   5   3   3   2  13   0   1   5   4   5   1   1   4  0.30 0.26
  379 I    -1  -2  -2  -2   0  -1  -4  -3   0   2   2  -2   1   1  -4  -1   3  -4   0   1    5   2   2   2   2   2   0   2   2  10  22   2   4   5   0   4  19   0   3  11  0.30 0.26
  380 Q     0   1   3  -2   1   1  -1  -1   0   2   0   0   1  -1  -2  -1  -1   0  -1   0    9   7  15   2   3   5   4   4   3  13   7   5   3   2   2   3   3   2   2   5  0.11 0.15
  381 K     0   1   1   1   0   0   3  -2   0  -2  -2   2  -1  -2  -2  -1  -1  -5  -1  -2    9   9   7   7   2   4  20   3   2   2   4  13   2   2   2   5   3   0   2   2  0.23 0.23
  382 M     0   1  -3  -1   0   1   1  -4   0   0   1   2   3  -1  -3  -1  -2   3  -1  -1    8   8   1   3   2   7   9   1   2   4  13  10   7   3   1   4   3   4   2   5  0.18 0.16
  383 F    -1  -1  -5  -2   0   0  -4  -3   0   0   4  -4   2   2  -5  -2  -2  -4   0  -1    4   3   0   3   2   4   0   2   2   5  49   0   5   7   0   2   2   0   3   4  0.60 0.42
  384 E    -1   2   0   0   0   2   3  -1   0  -2  -2   1   0  -4  -3  -1   1  -4  -1  -1    5  13   5   4   2   9  19   5   2   2   4   9   2   0   0   3   8   0   2   5  0.23 0.23
  385 K     1   0   1   0  -1   0   1  -1   0  -2  -2   3  -1   0  -1   1  -1   2  -1  -2   11   5   6   6   2   4   8   4   2   2   2  20   2   4   3   9   2   3   2   3  0.15 0.18
  386 L     0   2   0  -2  -1  -1  -1  -3   4  -1   1   0   2   0  -4  -1  -1   2   0  -2    9  14   5   1   1   2   4   1  13   3  13   6   6   4   0   3   3   4   4   2  0.23 0.23
  387 G    -1   0   1   0  -6  -2  -3   6  -1  -7  -7  -1  -6  -2  -2  -1  -2  -6  -2  -3    4   5   6   6   0   2   2  57   2   0   0   4   0   2   2   4   3   0   2   2  1.05 0.61
  388 I    -2  -2  -5  -2   1  -2  -3  -3  -2   3   0   0   1   4  -5  -3  -3   0   3   2    2   2   0   2   3   2   1   2   1  20   8   7   3  19   0   2   1   1  11  12  0.45 0.35
  389 T    -1   1   1   1  -5   2   3  -2   1  -3  -3   1  -1  -3   1   0   1  -5  -4  -2    3   7   8   9   0   8  19   2   3   1   3  10   1   1   6   5  11   0   0   2  0.30 0.29
  390 T    -3  -3  -3  -6   2  -5  -5  -4  -2   2   0  -2  -1  -4   2  -3   1   0  -3   5    2   1   1   0   4   0   0   1   1  10   8   2   1   0  10   1   8   1   1  47  0.84 0.55
  391 I    -3  -2  -3  -3  -2  -1   0  -6   3   5   1  -2   0  -1  -5  -3  -1  -1   1   3    1   2   1   1   1   3   7   0   7  32  10   2   1   2   0   2   3   1   6  18  0.55 0.40
  392 K     0  -1  -1  -1   0  -1   3  -2   0  -1  -2   0  -2   0   3  -1   2  -1   0  -1    7   3   2   3   2   2  21   3   2   4   4   4   1   4  14   3  13   1   3   5  0.24 0.25
  393 V    -2  -4  -5  -6   2  -3  -5  -5  -2   4   2  -4   0  -1  -2  -3   0  -1  -1   5    3   1   0   0   4   1   0   1   1  19  18   1   2   3   3   2   5   1   2  36  0.72 0.46
  394 N    -1  -1   1   5  -2  -2   2  -3  -2  -4  -5   0  -5  -5   4  -1  -3  -7  -3  -4    4   3   7  32   1   1  11   2   1   1   1   5   0   1  22   5   1   0   1   1  0.84 0.55
  395 I    -2  -3   0  -4  -1  -3  -4  -1  -2   2   2  -4   4   4  -5  -2   0   0   2   0    2   1   5   1   1   1   1   6   1  11  17   1  13  16   0   2   5   1   8   7  0.44 0.34
  396 R    -2   3  -1   2  -2  -1   1  -2  -1  -6  -4  -1  -3  -2  -2   4   1  -3  -3  -4    2  16   2  11   1   2   8   3   1   0   2   3   1   2   2  34   7   0   1   1  0.59 0.48
  397 N    -1  -4   1  -1  -3   1   6  -5   5  -3  -4  -3  -1  -7  -4  -2  -2  -2  -1  -3    6   0   6   3   1   5  50   1  12   2   1   1   1   0   1   3   2   1   2   2  1.13 0.72
  398 A    -1  -2  -3  -4   0  -2  -5  -1   0   2   2  -3  -1   5  -3  -1  -2  -4   1   1    6   3   1   1   2   2   0   4   2  12  16   1   1  26   1   5   3   0   4  10  0.47 0.35
  399 N     1   2   1  -2  -1   0   0  -2   0   1  -1  -1   1  -1  -2   1   0   0   1  -1   11  13   6   1   1   4   6   3   2   9   7   2   4   2   1  11   7   1   6   3  0.11 0.16
  400 S    -1   1  -3  -3  -3  -1   0  -3  -2  -3  -1   6   0   0  -1   1  -1  -2  -2  -3    5   7   1   1   1   2   6   2   1   1   5  44   2   4   3   9   4   1   1   1  0.69 0.51
  401 L     2  -3  -3  -3   1  -1  -3   2  -3   0   1  -2   3   3  -5   0  -2   3  -2  -1   19   1   1   1   3   3   1  14   0   4  14   2   9  11   0   6   2   4   1   4  0.34 0.31
  402 G    -2  -1  -3   3  -1  -4   1   6  -2  -6  -5  -5  -4  -5  -5  -3  -4  -2   0  -6    3   4   1  17   1   0   8  53   1   0   1   0   1   1   1   1   1   1   4   1  1.20 0.69
  403 G    -2  -8  -4  -7  -9  -8  -8   8  -8  -5 -10  -8  -9  -4  -8  -3  -8  -9  -9  -6    4   0   1   0   0   0   0  90   0   1   0   0   0   1   0   2   0   0   0   1  2.63 1.22
  404 G     1  -6  -3  -5   1  -6  -6   6  -6  -7  -2  -6  -6  -7  -6   3  -3  -7  -5  -5   13   0   1   1   3   0   0  52   0   0   4   0   0   0   0  23   2   0   1   1  1.37 0.77
  405 F    -1  -6  -5  -6  -1  -5  -6  -5  -2   3   3  -5  -1   4   3  -3  -3  -1  -1   1    6   0   1   0   1   0   0   1   1  14  24   0   1  17  17   1   1   1   2  11  0.71 0.45
  406 H    -3   5  -2  -4  -4  -3  -5  -3   8  -7  -7   0  -6  -3  -5  -1   3  -7  -3  -6    2  25   1   1   0   1   0   3  34   0   0   6   0   1   1   4  20   0   1   0  1.49 0.77
  407 C    -7  -6  -9  -5  12  -3 -10  -6 -10  -8  -8 -10  -8  -9 -10  -4  -8  -9  -9  -8    0   1   0   1  94   1   0   1   0   0   0   0   0   0   0   2   0   0   0   0  4.55 1.67
  408 W     1  -4  -4  -6   5  -4  -6  -5  -6  -1   3  -5   6  -2  -5   1  -1   1  -4   0   11   1   1   0  11   0   0   0   0   3  30   0  19   2   0  10   5   2   0   6  0.82 0.51
  409 T    -3  -6  -5  -4  -1  -6  -6  -6  -1  -2  -6  -4  -6  -7  -6   4   7  -3  -3   0    2   0   0   1   1   0   0   0   2   2   0   1   0   0   0  27  56   0   1   6  1.60 0.89
  410 C    -1  -1  -1  -6   4   2  -5  -3   0  -2   4  -4   3  -1  -6  -3  -2   0  -4   1    4   3   3   0   8  10   0   3   3   1  40   1   8   2   0   2   3   1   0   8  0.63 0.43
  411 D    -2   0  -2   4  -4  -3   1  -5  -5  -2  -3  -4  -6  -4   6  -3  -3  -7  -4   0    3   6   2  21   0   1   7   0   0   2   3   1   0   1  42   2   1   0   1   7  1.12 0.62
  412 V    -5  -6  -5  -7  -5  -6  -6  -7  -7   4   5  -5  -1  -2  -7  -4  -1  -3  -2   3    0   0   0   0   0   0   0   0   0  24  50   0   1   1   0   2   3   0   1  17  1.21 0.60
  413 R    -2   4  -1  -3  -1  -1   1  -4   1   1   0   0  -2  -1  -2  -1  -2   3   1   1    2  23   3   1   1   2   8   1   4   7  10   6   0   2   2   4   1   4   5  13  0.27 0.24
  414 R    -5   9  -4  -7  -9  -5  -4  -8  -6  -9  -8   0  -7  -9  -8  -6  -7  -9  -8  -8    1  93   1   0   0   0   1   0   0   0   0   4   0   0   0   0   0   0   0   0  3.05 1.21
  415 R    -3   3  -2   4  -6   1   4  -5  -1  -4  -4   3  -5  -6  -5  -2   0  -7  -5  -5    2  14   1  25   0   7  25   0   1   1   1  15   0   0   0   2   7   0   0   1  0.86 0.49
  416 G     0  -3  -1   1  -5  -3  -1   6  -4  -6  -6  -4  -5  -5  -3   2  -2  -5  -5  -5    7   1   2   7   0   1   3  57   0   0   0   0   0   0   1  18   2   0   0   0  1.08 0.46
  417 T    -1  -1   2   0  -3  -1   2   2  -1  -2  -2   1  -2  -4   0   1   3  -4  -3  -1    3   2   9   5   0   1  14  15   1   2   4   8   0   0   3   9  22   0   0   5  0.24 0.19
  418 L    -1   1  -4  -4   2   1  -3  -4  -3   2   4  -1   2  -1   1  -2  -2  -3  -2  -1    3   7   0   0   6   7   0   0   0  12  45   4   5   1   6   1   2   0   1   0  0.41 0.24
  419 Q    -2   1  -2   0  -5   4   5  -3  -1  -2  -3   2  -3  -4  -3  -1  -2  -4   0  -4    1   5   1   4   0  19  44   1   1   3   1  11   0   0   0   3   2   0   4   0  0.75 0.34
  420 S    -2   0   3   5  -1  -2   0  -3  -3  -5  -5   1  -4  -5  -3   3   0  -5  -4  -4    0   6  13  36   2   0   3   0   0   0   0  11   0   0   0  25   5   0   0   0  0.73 0.32
  421 Y    -4  -5  -5  -6  -1  -4  -5  -6   0  -2  -1  -5  -3   2  -1  -4  -4  -1   9  -4    0   0   0   0   1   0   0   0   1   2   6   0   0   5   3   0   0   0  81   0  2.09 0.57
  422 L    -4  -5  -5  -6  -4  -5  -5  -5  -4   0   2  -5  -1   8  -5  -4  -1  -2   1  -2    0   0   0   0   0   0   0   0   0   4  19   0   0  71   0   0   4   0   2   0  1.45 0.38
  423 D    -3  -2   3   7  -4  -1   0  -2  -2  -4  -5  -2  -4  -5  -3  -1  -2  -5  -4  -4    0   0  16  84   0   0   0   0   0   0   0   0   0   0   0   0   0   0   0   0  1.28 0.19

                      K         Lambda
Standard Ungapped    0.1370     0.3214
Standard Gapped      0.0387     0.2670
PSI Ungapped         0.1263     0.3172
PSI Gapped           0.0387     0.2670
