
Last position-specific scoring matrix computed, weighted observed percentages rounded down, information per position, and relative weight of gapless real matches to pseudocounts
            A   R   N   D   C   Q   E   G   H   I   L   K   M   F   P   S   T   W   Y   V   A   R   N   D   C   Q   E   G   H   I   L   K   M   F   P   S   T   W   Y   V
    1 M    -3  -4  -5  -5  -3  -3  -4  -5  -4   1   3  -4   8  -2  -5  -4  -3  -4  -3   2    0   0   0   0   0   0   0   0   0   3  31   0  51   0   0   0   0   0   0  15  1.16 0.38
    2 P     1  -4  -4  -4  -5  -2   1  -3  -4  -5  -3  -2  -5  -6   8  -2  -3  -6  -5  -3   11   0   0   0   0   1  11   1   0   0   2   1   0   0  70   2   0   0   0   1  1.81 0.54
    3 A     4  -1  -2  -2  -3  -1  -2  -1  -3  -1  -2   0  -3  -2  -2   2   2   0  -2   0   40   2   1   1   0   2   1   2   0   2   1   6   0   2   1  17  14   1   1   6  0.40 0.27
    4 P     1  -1  -3  -2  -4   0  -1  -2  -1  -4  -3  -1  -4  -2   6   1   0  -2  -3  -3   11   3   0   2   0   4   4   2   1   0   3   3   0   2  46  11   6   1   1   1  0.93 0.39
    5 R     1   3   0  -2  -3   1   0   0   0  -3  -2   2  -1  -3   0   1   0  -4  -3  -2   12  21   4   1   0   8   3   6   3   1   2  14   2   1   4  13   5   0   0   2  0.27 0.19
    6 A     2   2  -2  -3  -3   0   0  -1  -3  -1  -1   0   0  -1   0   1   2  -2  -3   0   22  13   1   0   0   3   7   4   0   3   3   4   2   2   3   9  17   1   0   6  0.20 0.19
    7 P     1  -1  -3  -2  -4  -1  -3  -1  -2  -3  -4   1  -3  -4   6  -1   1  -5  -2   0   12   2   1   2   0   2   0   4   1   1   1  11   0   1  41   4  10   0   1   7  0.81 0.39
    8 R    -1   3  -1   0  -2   1   1  -2  -2  -1  -1   2  -1  -3   1   0   1   0  -3   0    3  21   2   5   0   5   8   2   0   2   8  13   1   0   7   5   8   1   0   8  0.21 0.17
    9 A     2  -1   0  -1  -3   1   0  -2  -1  -2   0   0   0  -1   1   2   1  -4  -1  -1   21   2   4   3   0   5   7   2   1   1  10   6   2   3   6  16   8   0   2   2  0.14 0.15
   10 L     0  -1  -2  -2  -2  -1  -2  -3  -3   1   3  -3   3   2  -1   0   0  -3  -1   1    8   3   1   3   0   2   2   2   0   7  27   0  11   8   2   8   5   0   1   9  0.21 0.19
   11 A     4  -3  -3  -3  -2   0   0   0   0  -2  -3  -1  -2  -2   1   2   0  -5  -1  -1   38   0   0   1   0   4   6   6   2   2   2   4   1   2   6  16   5   0   2   3  0.39 0.30
   12 A     3   1  -1  -1  -2   1   0  -1  -2  -2  -2  -1  -1  -3   0   2   1  -4  -3  -1   24   9   3   3   0   8   4   5   1   3   3   3   2   1   4  18   8   0   0   3  0.23 0.21
   13 A     2  -1   1   0  -2  -1   0   0   0  -2  -2   1   0  -2   1   1   0  -4  -3   0   23   3   6   4   1   2   4   6   2   0   2   8   4   2   8  11   6   0   0   7  0.16 0.17
   14 A     3   0  -1   0  -3  -1   0  -1  -3  -2  -1   0   0  -1  -1   1   0  -3   0  -1   31   5   2   6   0   2   6   4   0   1   6   4   2   2   3  12   6   0   3   5  0.19 0.20
   15 P     0  -2  -2  -1  -3  -2  -1  -2   0  -3  -2   1  -2  -3   6   0   1  -2  -3  -2    9   2   1   3   0   2   3   2   3   2   5   9   1   1  39   8   8   1   0   2  0.71 0.39
   16 A     2   0   0  -1  -1   2   0   0  -2  -2  -2   1  -1  -3   0   2   1  -2  -2  -2   20   5   4   3   1  10   5   7   1   1   2   7   1   1   4  15   8   0   1   2  0.20 0.19
   17 S     1  -1   1   2  -4   0   1   0  -1  -2  -3   0  -2  -1  -1   2   1  -3  -2  -2   10   3   5  10   0   4  10   8   1   2   1   4   1   3   3  21   9   0   1   3  0.20 0.19
   18 G     1  -2  -1   1  -4   1   0   4  -1  -3  -3  -1  -2  -2   0   1   0  -5  -3  -1   12   2   3   8   0   5   7  30   1   1   3   3   1   2   5   9   5   0   0   4  0.32 0.24
   19 K    -1   2   0   0  -4   2   1  -1   0  -3  -3   3  -1  -3   2   0  -1  -2  -3  -2    5  10   4   5   0   9   9   4   3   1   2  21   1   1  10   8   4   0   0   3  0.29 0.23
   20 A     1   1   0   0  -3   1   0   0   0  -2  -2   2  -1  -3   1   2   0  -4  -2  -1   12   7   3   4   0   6   5   7   2   2   3  15   2   1   6  15   5   0   1   4  0.16 0.16
   21 K    -1   2   0  -1  -4   2   2  -1  -1  -4  -3   4  -3  -5   1   0  -1  -4  -4  -3    5   9   4   4   0   9  11   5   1   1   2  30   0   0   6   7   3   0   0   2  0.45 0.32
   22 L    -1   0   0  -1  -3   0   0  -2  -1   0   1   1   1  -1   3   0   0  -1  -2   0    3   4   3   3   0   5   5   3   1   5  15  10   4   2  13   6   7   1   0   8  0.11 0.12
   23 T     0  -1  -1  -2  -3  -1  -1  -2   0   0   2  -1   0  -2   1   1   2  -2  -2   0    8   3   2   2   0   1   4   3   3   5  22   4   2   1   8  13  12   0   1   6  0.13 0.16
   24 H    -2  -1   1   0  -4   1   1  -2   5  -4  -3   0  -2  -4   2   3   1  -3  -2  -3    3   2   7   5   0   5   9   3  13   1   2   5   1   0   9  26   7   0   1   2  0.42 0.33
   25 P     1  -4  -3  -4  -4  -2  -4  -2  -3  -3  -2  -3  -2   1   6   1   1   2  -4   0   10   1   1   1   0   2   1   3   1   2   3   1   1   6  40  11   8   2   0   7  0.84 0.49
   26 G     2  -3  -4  -4  -2  -2  -4   1  -2  -1   2  -4   1   1  -3  -1  -1   6  -1   1   16   1   0   0   1   2   1  12   1   3  21   1   3   5   1   6   4  13   2   9  0.43 0.30
   27 K    -1   3   0  -3  -4   2   1  -4   1  -1  -2   4  -2  -3  -3  -1  -1  -3   1   1    5  14   4   1   0   8   8   1   4   4   3  25   1   1   1   3   3   0   6  10  0.36 0.29
   28 A     0   0   2   3  -4   1   0  -2   4  -4  -3   0  -3  -3  -2   2  -1  -4   0  -3    6   4  11  18   0   7   6   2  12   1   2   4   0   1   2  16   3   0   4   2  0.41 0.30
   29 I     0  -6  -7  -7  -5  -5  -6  -4  -5   2   3  -6   3   6  -5  -4  -3  -4  -2   0    7   0   0   0   0   0   0   1   0  10  31   0   7  34   0   1   1   0   1   5  1.08 0.54
   30 L     0  -6  -5  -6  -3  -5  -6  -5  -6   4   3  -6   1   2  -6  -4  -1  -2  -4   3    9   0   0   0   0   0   0   1   0  22  29   0   3   7   0   1   4   1   0  23  0.80 0.44
   31 A     6  -5  -4  -6   2  -5  -5  -2  -6  -5  -2  -5  -4  -1  -6   2  -3  -2  -2  -4   67   0   0   0   4   0   0   2   0   0   5   0   0   3   0  13   1   1   2   1  1.38 0.75
   32 G    -2  -7  -6  -7  -8  -7  -8   8  -8  -9  -9  -7  -8  -9  -8  -3  -7  -8  -9  -9    3   0   0   0   0   0   0  95   0   0   0   0   0   0   0   2   0   0   0   0  2.77 1.12
   33 G     3  -5  -4  -5   2  -5  -5   4  -5  -3  -3  -5  -1  -2  -5   2   1   1  -5  -2   27   0   0   0   4   0   0  34   0   1   3   0   1   2   0  15   7   2   0   2  0.81 0.50
   34 L     0  -5  -5  -6   1  -5  -5  -1  -5   4   1  -5   2   2  -5  -1   1  -3  -4   3    9   0   0   0   3   0   0   5   0  22  14   0   4   8   0   4   8   0   0  22  0.55 0.35
   35 A     6  -6  -6  -6  -6  -6  -6   3  -6  -7  -7  -6  -4  -7  -6   1  -2  -7  -7  -6   63   0   0   0   0   0   0  23   0   0   0   0   0   0   0  11   2   0   0   0  1.60 0.82
   36 G    -2  -5  -5  -6  -2  -7  -8   8  -8  -9  -9  -5  -8  -9  -8  -3  -6  -8  -9  -9    3   1   0   0   1   0   0  92   0   0   0   1   0   0   0   2   0   0   0   0  2.64 1.08
   37 G     3  -5  -5  -5   4  -5  -5   0  -5   2   0  -5   4   0  -5  -2   0  -1  -4   2   28   0   0   0   8   0   0   9   0  12   6   0   9   4   0   3   4   1   0  16  0.59 0.40
   38 I     2  -5  -5  -6   4  -5  -5  -3  -6   3   0  -5   2   1  -4   0   0  -5  -4   4   20   0   0   0   8   0   0   2   0  14   7   0   5   5   0   7   7   0   0  26  0.61 0.40
   39 E     2  -4  -2  -4  -1   1   4   3  -5  -5  -4  -4  -4  -6  -5   3   0  -6  -6  -2   14   0   1   0   1   7  25  19   0   0   2   0   0   0   0  22   5   0   0   3  0.68 0.49
   40 I     2   2  -3  -1  -1  -3  -1  -2   2   2  -1   0  -1  -4  -4   0   1  -2  -4   3   15  11   0   3   1   0   3   2   5  10   4   6   1   0   0   5  11   1   0  21  0.27 0.26
   41 C     0  -5  -5  -6   4  -5  -5  -4  -5   1   3  -5   0   2  -5   0   4  -5  -2   1    7   0   0   0   8   0   0   1   0   7  23   0   2   7   0   6  26   0   1  10  0.62 0.41
   42 I     2  -6  -6  -6   4  -5  -6  -3  -6   3   0  -5   0   0  -5  -2  -1  -5  -4   4   18   0   0   0   8   0   0   2   0  18   8   0   2   5   0   2   4   0   0  33  0.79 0.46
   43 T    -3  -6  -4  -5   2  -5  -2   3  -6  -1   0  -5   4  -2  -6  -3   4  -6  -5   3    1   0   0   0   4   0   3  22   0   2  10   0  12   1   0   1  25   0   0  19  0.76 0.50
   44 F     1  -5  -2  -6   2   2  -5  -6   7  -5  -5  -5  -3   3  -7  -2  -3  -1   6  -6   12   0   2   0   5  10   0   0  28   0   1   0   1  10   0   3   1   1  26   0  1.43 0.72
   45 P    -7  -8  -8  -8  -9  -7  -7  -7  -8  -9  -9  -7  -9 -10   9  -6  -7 -10  -9  -7    0   0   0   0   0   0   0   0   0   0   0   0   0   0  99   0   0   0   0   0  3.65 1.46
   46 T    -2  -6  -7  -7  -5  -6  -7  -6  -6   3   5  -6   2   5  -7  -6   0  -5  -4  -1    3   0   0   0   0   0   0   0   0  14  46   0   4  22   0   0   6   0   0   4  1.17 0.58
   47 E    -5  -7  -4   8  -5  -5   4  -7  -6  -8  -9  -5  -8  -9  -7  -5  -6  -5  -7  -8    1   0   0  77   0   0  20   0   0   0   0   0   0   0   0   0   0   0   0   0  2.54 1.08
   48 Y    -3   2  -4  -6  -4  -4  -5  -6  -5  -1   2  -4  -1   1  -6  -3   5  -4   2   2    1  12   0   0   0   0   0   0   0   3  17   0   1   5   0   1  35   0   6  16  0.80 0.52
   49 V     0  -7  -7  -7  -3  -6  -7  -7  -7   4   2  -6  -1  -4  -6  -5  -1  -7  -5   6    8   0   0   0   0   0   0   0   0  25  15   0   1   0   0   0   4   0   0  46  1.27 0.62
   50 K    -6   0  -4  -6  -9  -4  -5  -7  -6  -8  -8   8  -7  -9  -7  -6  -4  -9  -8  -8    0   3   1   0   0   0   0   0   0   0   0  95   0   0   0   0   1   0   0   0  2.91 1.22
   51 T    -3  -7  -5  -7  -4  -5  -6  -7  -7   2  -3  -6  -4  -6  -6  -3   6  -7  -6   5    1   0   0   0   0   0   0   0   0  12   2   0   0   0   0   1  49   0   0  34  1.60 0.82
   52 Q    -6   8  -3  -7  -6   1  -5  -7   1  -3   0   0  -2  -3  -7  -6  -5  -5  -3  -3    0  69   1   0   0   6   0   0   3   2   9   4   1   1   0   0   0   0   1   2  1.83 0.87
   53 L    -3  -5  -5  -8  -4  -2  -6  -7  -5   0   5  -6   7   3  -7  -5  -5  -6  -2  -2    2   1   1   0   0   2   0   0   0   4  52   0  24  10   0   1   0   0   1   2  1.43 0.70
   54 Q    -4  -5  -6  -7  -9   9  -4  -8  -5  -5  -8  -4  -2  -9  -7  -6  -6  -8  -8  -8    2   0   0   0   0  95   0   0   0   1   0   1   1   0   0   0   0   0   0   0  3.33 1.43
   55 L     0  -4   1  -3  -2  -3  -3  -4  -3   1   2  -3   0  -1  -4   0   3  -4  -3   3    7   1   7   1   1   1   1   1   1   6  24   1   2   2   0   6  18   0   1  22  0.42 0.31
   56 D    -1  -2   1   2  -5   6  -1  -1   2  -3  -3  -2   0  -4  -3   0  -2  -5  -2  -2    4   1   6  10   0  42   3   4   4   1   3   1   2   1   1   8   2   0   2   3  0.80 0.49
   57 E    -1   2   1   1  -3   1   1   2   0  -3  -3   0  -3  -4   1   1   0  -4  -3  -2    5  14   5   7   0   7   8  14   3   1   2   5   0   1   7  12   6   0   1   2  0.24 0.19
   58 R     0   1   0  -1  -2   0   0   1   1  -2  -2   2   0  -2   0   2   1  -3  -2  -1    8   9   4   2   1   3   4  10   4   2   3  13   2   1   5  15   8   0   1   4  0.14 0.13
   59 S     2  -1   0  -1  -3  -1  -2   2   1  -3  -2  -1  -2  -3   0   2   1  -4  -3  -1   14   4   5   2   0   2   2  17   3   1   4   4   1   1   5  18  11   0   0   6  0.23 0.21
   60 H     1   0   2  -1  -2   1   0   2   2  -3  -2   0  -2  -2   0   1   0  -4  -2  -2   12   5   9   2   1   6   5  17   6   1   4   5   1   2   5  10   5   0   1   3  0.17 0.15
   61 P     1   1   0  -1  -3   0   0   1   0  -2  -2   1  -1  -3   3   0   1  -3  -2  -2   12   6   4   3   1   5   6  10   2   2   3   8   1   1  18   7   8   0   1   3  0.23 0.16
   62 P     0  -1   0  -1  -3  -1  -1   1  -2  -1  -1   0   0  -2   4   0   0  -2  -2   0    9   4   4   3   0   2   3  11   1   4   7   5   2   2  23   8   6   1   1   6  0.27 0.18
   63 R     0   3  -1  -2  -4   2  -1  -2   2  -2   0   3   2  -2  -1  -1  -1  -4  -1  -1    7  15   2   1   0  11   3   3   4   2   8  20   5   1   3   4   4   0   2   4  0.28 0.22
   64 Y    -3  -2  -2  -4  -4  -1  -4  -4   0  -3  -3  -2  -3   3  -1  -2  -3  -3   9  -3    2   3   2   1   0   2   1   2   2   1   2   3   1   9   4   3   2   0  58   2  1.63 0.71
   65 R    -1   4   2  -3  -4  -1  -2  -1  -1  -4  -2   3  -3  -4  -1   1   2  -5  -3  -3    4  24   8   1   0   2   1   5   1   1   4  21   1   1   3  10  11   0   1   2  0.51 0.34
   66 G    -3  -4   3  -4  -6  -5  -5   6  -3  -6  -6  -4  -5  -7  -4   2  -1  -6  -6  -5    1   1  15   1   0   0   0  60   1   0   1   1   0   0   1  14   3   0   0   1  1.48 0.72
   67 I     0  -4  -4  -5  -3  -4  -4  -3  -5   3   0  -4   5   0   2   1   2  -2  -2   1    7   0   0   0   0   0   1   2   0  19   8   0  13   5  10   9  13   1   1   9  0.48 0.35
   68 G    -1  -2  -5  -5  -4  -4  -5  -1  -4   2   3  -4   2   3  -2  -2  -2   5   0   2    5   2   0   0   0   0   0   5   0  13  24   1   4  14   2   3   2   9   2  12  0.51 0.32
   69 D    -1   0   1   6  -6   2  -2   0   5  -5  -6  -1  -5  -6  -2   0  -2  -7  -4  -4    5   5   5  37   0   8   2   7  14   1   0   3   0   0   2   7   2   0   0   1  0.85 0.50
   70 C     2  -6  -5  -6   9  -5  -5   0  -5   0  -3  -6  -1  -3  -5  -1   1  -6  -5   0   17   0   0   0  41   0   1   7   0   5   2   0   1   1   0   5  10   0   0   7  1.42 0.67
   71 V     1  -6  -6  -6  -1  -5  -6  -1  -5   2   3  -5   1   5  -6  -4  -2  -3  -2   3   10   0   0   0   1   0   0   4   0  11  24   0   4  24   0   1   2   0   0  17  0.75 0.43
   72 R     0   4  -3  -4  -3   1  -2  -3  -2  -2  -2   4  -1  -2  -4   0   1  -3  -1   0    7  26   1   0   0   6   1   2   1   2   3  23   2   2   0   8   7   0   2   8  0.51 0.37
   73 Q    -2   2   0  -1  -4   4   0  -3   1  -4  -3   4  -2  -5  -5   1   2  -3  -1  -3    2   9   4   3   0  16   4   1   3   1   2  25   1   0   0  11  13   0   2   2  0.53 0.40
   74 T    -4  -6  -6  -7  -3  -6  -6  -6  -5   6  -1  -6   4  -5  -5  -4   4  -7  -5   2    1   0   0   0   0   0   0   0   0  45   4   0   8   0   0   1  25   0   0  14  1.40 0.69
   75 V    -1  -4  -5  -6  -3  -5  -6  -5  -3   3   1  -5   0   1  -3  -2  -2   4   3   4    6   1   1   0   0   0   0   1   1  18  14   0   2   6   1   3   2   6  11  28  0.71 0.41
   76 R     1   5  -2  -5  -6   2  -2  -4   0  -4  -5   4  -4  -6  -4  -1  -2  -7  -4  -3   10  34   1   0   0  10   1   1   2   1   1  28   0   0   0   5   2   0   0   2  1.00 0.58
   77 S    -1   1   3  -1  -5   2   3  -2   2  -4  -4   2  -3  -4  -4   0   2  -4  -2  -4    4   7  14   3   0   8  21   3   6   1   1  13   0   1   0   5  11   0   1   1  0.48 0.36
   78 H    -5  -1  -2   1  -8  -1   7  -1   3  -8  -7  -3  -7  -5  -6  -4  -5  -7  -4  -7    0   3   2   7   0   3  68   6   7   0   0   1   0   0   0   1   1   0   0   0  1.72 0.86
   79 G    -5  -3  -4  -6  -7  -7  -7   7  -7  -8  -7  -3  -8  -7  -7  -1  -3  -8  -8  -8    0   2   1   0   0   0   0  88   0   0   0   2   0   0   0   4   2   0   0   0  2.40 1.02
   80 V    -1  -5  -6  -6  -5  -6  -6  -5  -6   3   1  -6   0   4   2  -4  -3   2  -1   4    6   0   0   0   0   0   0   1   0  16  14   0   2  19   9   1   1   3   2  26  0.77 0.44
   81 L    -1   5  -4  -5  -5  -2  -4  -2   0  -2   2   1   0   2  -3  -1  -1  -1  -3  -2    5  34   0   0   0   1   0   4   2   2  19   8   3   7   2   6   4   1   1   2  0.56 0.39
   82 G     2  -2  -3  -6  -5  -4  -5   6  -4  -7  -7  -4  -7  -7  -5   1  -3  -7  -5  -6   18   2   1   0   0   0   0  63   0   0   0   1   0   0   0  11   1   0   0   0  1.58 0.77
   83 L    -6  -7  -8  -8  -6  -7  -8  -8  -7   0   6  -7   1   5  -5  -7  -5   1  -1  -3    0   0   0   0   0   0   0   0   0   4  67   0   3  20   1   0   0   2   2   1  1.67 0.78
   84 Y    -8  -8  -8  -9  -8  -6  -8  -9  -5  -4  -4  -8  -3   4  -9  -8  -8   8   9  -7    0   0   0   0   0   0   0   0   0   1   1   0   1  12   0   0   0  16  69   0  3.07 1.24
   85 R    -1   6  -3  -5  -6  -1  -4  -5  -4  -7  -6   5  -5  -6  -6   0  -2  -5  -6  -5    5  45   1   0   0   2   0   1   0   0   0  34   0   0   0   7   2   0   0   1  1.51 0.77
   86 G    -6  -8  -6  -7  -9  -8  -8   8  -8 -10 -10  -8  -9  -9  -8  -5  -8  -3  -9  -9    0   0   0   0   0   0   0  99   0   0   0   0   0   0   0   0   0   1   0   0  3.05 1.23
   87 L    -2  -5   3  -6   2  -5  -6  -6  -2   2   4  -5   5   0  -5  -3  -1  -3  -3   1    2   0  14   0   4   0   0   0   1  12  34   0  13   3   1   1   4   0   1  10  0.75 0.45
   88 S     0  -4  -2  -4  -3  -3  -4   3  -5  -2   0  -4  -2  -3  -1   3   3  -2  -5   0    8   0   1   0   1   1   0  23   0   3  11   0   1   1   3  25  15   1   0   5  0.50 0.40
   89 S     3  -6  -5  -6  -5  -5  -5  -5  -6  -1  -3  -5  -2  -2   6   3   1  -7  -5   0   24   0   0   0   0   0   0   0   0   4   2   0   1   2  33  19   8   0   0   6  1.03 0.63
   90 L     0  -4   4  -4  -4   1  -4  -2  -3  -3  -1  -4   0  -2   5  -1   1  -2  -5   0    7   1  18   0   0   7   0   3   0   1   8   0   2   2  30   4   7   1   0   8  0.69 0.47
   91 L    -2  -6  -7  -7   1  -4  -6  -6  -7   3   5  -6   3  -1  -7  -6  -4  -4  -3   3    3   0   0   0   3   1   0   0   0  16  45   0   6   2   0   0   0   0   1  21  1.10 0.56
   92 Y     1  -5  -6  -6  -2  -4  -5  -4  -3   3   3  -5   2   0  -5  -3   0   0   0   3   13   0   0   0   1   1   0   1   1  19  26   0   4   3   0   2   6   1   4  20  0.60 0.37
   93 G     0   3  -4  -6  -5  -3  -5   6   0  -6  -3   0   1  -3  -6  -1  -1  -7  -3  -5    6  14   0   0   0   1   0  54   2   0   2   5   4   1   0   5   3   0   1   1  1.09 0.59
   94 S     1  -3   1  -4  -1   1  -1  -4  -3   3  -1  -3  -1  -3  -4   2  -1  -3   0   3   12   1   6   0   1   7   5   1   0  16   5   0   1   0   1  14   3   0   4  23  0.34 0.30
   95 I     4  -5  -4  -5  -1  -4  -5   2  -5   2  -1  -4   2   0  -2   0   2  -5  -4   1   30   0   0   0   1   0   0  14   0  10   5   0   4   4   2   7  12   0   0  11  0.49 0.37
   96 P     0  -7  -6  -7  -3  -6  -6  -3  -7  -1   0  -6  -1   1   7  -2  -2  -5  -6   0    9   0   0   0   1   0   0   2   0   3   8   0   1   5  56   4   3   0   0   8  1.46 0.75
   97 K     0  -2  -1  -3   1  -1   2  -2  -2   0  -2   3   0   0  -4   1   0  -4   3  -1    8   1   3   0   3   1  17   3   0   6   3  18   2   3   0   9   6   0  12   4  0.28 0.28
   98 A     1   0   4  -3  -4  -1  -4  -1   2  -4  -5   1   0   0  -5   2   0   6  -1  -1   10   6  17   1   0   3   0   4   5   0   0   9   3   3   0  14   7  11   2   4  0.48 0.37
   99 A     6  -6  -6  -6  -3  -6  -6   2  -6  -5  -6  -6  -2  -7  -5   2  -1  -8  -6  -5   64   0   0   0   0   0   0  16   0   0   0   0   1   0   0  15   3   0   0   0  1.52 0.81
  100 V    -2  -6  -6  -7   0  -6  -6  -5  -7   5   2  -6   1  -2  -6  -3   0  -5  -5   4    3   0   0   0   2   0   0   1   0  35  17   0   3   1   0   2   6   0   0  28  1.03 0.53
  101 R    -4   4  -1  -5  -1   2  -3  -5  -1  -2  -1   3   0  -1  -5  -2  -3  -4   5   0    1  20   3   0   2  10   1   0   1   2   7  18   2   2   0   3   1   0  20   7  0.67 0.45
  102 F    -7  -8  -8  -8  -7  -8  -8  -7  -6  -3   1  -8   0   9  -8  -7  -4  -2  -1  -5    0   0   0   0   0   0   0   0   0   2  11   0   2  81   0   0   1   1   1   0  2.74 1.08
  103 G     2  -5  -4  -5  -2  -3  -5   3  -4  -4  -1  -4   1   2  -4   0   2   3   0  -1   18   0   0   0   1   1   0  26   0   0   6   0   4  10   0   8  13   4   4   5  0.51 0.38
  104 M     2  -5  -4  -5   0  -4  -4   0  -5  -1  -1  -4   0   1  -5   2   3   0  -3   3   18   0   0   0   2   0   0   7   0   3   5   0   2   7   0  16  16   1   0  21  0.47 0.37
  105 F    -6  -4   3  -7  -4  -5  -6  -7  -1  -4  -2  -3  -3   5  -7  -5  -6  -4   9  -4    1   1  14   0   0   0   0   0   1   1   4   2   1  17   0   1   0   0  56   1  2.05 0.92
  106 E    -2  -1   1   4  -7   0   5   2  -1  -7  -6  -2  -6  -5  -5   0  -2  -7  -3  -6    4   3   6  23   0   3  36  13   2   0   0   1   0   0   0   5   2   0   1   0  0.92 0.54
  107 F     0   0   0  -3  -3   2  -1  -2   0   0   0   0   0   2  -1   0   0   2   1  -1    9   5   5   0   0  13   3   3   2   4   9   4   3   9   2   8   7   3   6   4  0.10 0.14
  108 L     0  -4  -5  -5   2  -4  -5  -1  -4   2   2  -4   2   3  -5  -1   0   1   3   2    9   0   0   0   5   0   0   5   0  13  18   0   4  11   0   4   5   1  11  13  0.41 0.29
  109 S    -4   4  -2  -5  -1   1  -3  -3  -4  -5  -2   6  -2  -6  -5  -1  -3  -7  -5  -4    1  18   1   0   2   6   1   2   0   1   5  54   1   0   0   4   2   0   0   1  1.30 0.69
  110 N    -1   4   1   1  -5   2   1  -1   1  -4  -4   2  -4  -4  -3   2   0  -3  -3  -4    5  21   7   7   0  10   7   6   3   1   1  11   0   1   1  13   5   0   1   1  0.39 0.30
  111 H     0   0  -1  -4  -2   1  -3  -4   1   1   2   0   2   2  -4  -1  -1   3   1   0    8   6   2   0   1   7   1   0   4   6  21   7   6   8   0   4   3   5   5   5  0.21 0.20
  112 M    -2  -2  -5  -6  -3  -1  -5  -5  -3   2   4  -4   3   4  -6  -4  -2   0   2   0    3   2   0   0   0   3   0   1   1   9  41   1   6  15   0   1   3   1   6   7  0.74 0.42
  113 R     1   2   0  -2  -1   1   0   0   0  -2  -1   2   0  -2  -2   1   1  -4  -2  -1   12  14   3   1   2   7   5   7   3   2   5  11   3   1   2   9   9   0   1   3  0.15 0.16
  114 D    -1   1   2   4  -3   0   0   1   1  -4  -3   0  -3  -4   1   1   0  -5  -2  -4    5   7   8  25   0   4   6   9   4   1   2   6   0   1   6  10   5   0   1   1  0.36 0.27
  115 A     1   0   0   1  -3   0   1   0   0  -2  -1   0  -1  -2   2   1  -1   0   0  -1   10   5   5   8   0   3   9   8   2   2   5   7   1   1  11   9   3   1   3   5  0.11 0.10
  116 Q    -1   0   2   3  -4   2   1  -1   0  -2  -2   0  -2   0   1   0   1  -4  -1  -2    3   5  11  15   0  10   9   5   2   2   5   4   1   4   7   5   8   0   2   3  0.20 0.19
  117 G    -1  -2   0   0  -4   0   1   5  -1  -4  -5   0  -3  -4   2   0  -1  -5  -3  -4    5   2   4   6   0   4   8  42   1   1   1   5   0   1   9   5   3   0   1   1  0.64 0.39
  118 R    -1   2   2   0  -4   1   1  -1   2  -3  -4   3  -2  -3   1   0   1  -4  -3  -2    3   9   8   4   0   7   9   5   5   1   1  18   1   1   6   7   8   0   1   3  0.27 0.23
  119 L    -1  -1  -1  -1  -4  -1  -1  -3   1   2   4  -2   1  -2   2  -2  -1  -3  -3   0    4   3   4   3   0   3   4   2   3   9  38   2   3   1  10   3   3   0   1   5  0.33 0.26
  120 D    -1  -2   0   1  -5  -1  -1   0   1  -3  -3  -1  -3  -5   2   4   3  -6  -2  -4    3   2   4   6   0   2   3   7   3   1   2   4   1   0  11  29  19   0   2   0  0.50 0.40
  121 S     0  -3  -1  -2  -3  -1  -2   0   1   0   1  -2   0   0   3   1   1  -1  -1   0    8   1   3   1   0   3   1   6   4   6  15   2   3   4  15  13   8   1   2   5  0.17 0.18
  122 T     0  -2  -2  -3  -3  -1  -2   1  -1  -1   0  -1   0   1   3   0   1   4   0   0    6   2   2   0   0   3   1  10   2   3  11   4   3   6  13   9  11   6   4   5  0.19 0.19
  123 R     1   1   0  -1  -3   3   1  -1   1  -2   0   0   0  -3  -2   0  -1   2  -1   0   10   9   5   3   0  15   8   5   3   2   9   5   2   1   2   8   3   3   2   6  0.13 0.16
  124 G     0   2   1  -1  -2   0   1  -1   4   0  -1   0  -2  -2  -2   0   0  -4   1  -1    7  11   7   3   1   3   9   5  11   5   6   4   1   1   1   8   7   0   5   3  0.15 0.16
  125 L     0  -4  -4  -5  -1  -4  -4  -3   1   2   3  -4   3   5  -5  -2  -3  -1   1   1    7   1   1   0   1   0   1   2   4  11  23   0   8  22   0   3   1   1   3  11  0.59 0.35
  126 L     0  -5  -3  -6   0  -4  -5  -2  -5   2   4  -4   3   2  -5  -2  -1  -1  -2   2   10   0   1   0   2   0   0   3   0  13  36   0   6   7   0   2   4   1   1  12  0.56 0.35
  127 C     6  -6  -5  -5   4  -4  -5  -3  -5   0  -1  -5  -3  -3  -4   2  -1  -4  -5  -2   56   0   0   0   8   1   0   2   0   5   6   0   0   1   1  14   3   0   0   2  1.09 0.64
  128 G     3  -7  -4  -6  -3  -4  -6   7  -7  -5  -6  -6  -6  -8  -6   0  -4  -7  -6  -6   20   0   1   0   1   1   0  68   0   1   1   0   0   0   0   6   1   0   0   0  1.77 0.83
  129 L     3  -5  -4  -5   2  -4  -5   3  -5  -2   1  -5   3   0  -5   1  -2  -5  -4  -1   28   0   0   0   4   0   0  23   0   2  13   0   6   4   0  12   2   0   0   4  0.59 0.41
  130 G     2  -4  -4  -4   3  -3  -2   3  -4   0   1  -4   2   1  -4   0   1  -2  -3   1   15   0   0   0   6   1   3  19   0   5  15   0   5   6   0   7   9   1   0   8  0.32 0.27
  131 A     6  -3  -6  -6   0  -5  -6   0  -6  -2  -3  -5  -2  -2  -6   1  -1  -7  -5  -3   67   1   0   0   2   0   0   6   0   2   3   0   1   2   0  10   4   0   0   2  1.33 0.73
  132 G     1  -3  -5  -4  -3  -6  -5   7  -6  -7  -7  -6  -7  -3  -6  -1  -2  -5  -7  -6   11   2   0   1   0   0   1  74   0   0   0   0   0   1   0   5   3   0   0   0  1.81 0.82
  133 V     1  -3  -3  -3  -1  -3  -3   2  -4   2   0  -4   1   1  -4  -1   0  -2  -3   2   14   1   0   1   1   0   1  19   0  12  10   0   4   6   0   5   5   0   0  16  0.31 0.24
  134 A     3  -5  -5  -6   4  -5  -5  -3  -5   2   0  -5   1   1  -4   0   2  -5  -4   2   27   0   0   0   8   0   0   1   0  10   9   0   3   5   1   6  15   0   0  14  0.59 0.41
  135 E     1  -2   0  -2  -1   3   3  -1  -2  -1  -2  -2   0  -2  -2   1   1  -3  -3   0   12   1   5   2   2  13  18   4   1   3   4   1   2   2   2  11  10   0   0   8  0.24 0.23
  136 A     4  -4  -3  -2   0   2  -3   0  -3  -4  -4  -3  -3  -3  -4   4   2  -5  -4  -3   29   0   1   3   2   8   1   6   1   1   1   1   0   1   1  29  13   0   0   1  0.71 0.47
  137 V     1  -4  -3  -2   1  -3  -3  -2  -4   2   1  -4  -1   0  -3   0   2  -3  -3   4    9   0   1   3   3   1   1   3   0   9  11   1   1   4   1   8  15   0   1  30  0.40 0.28
  138 V     0  -4  -5  -5   2  -5  -5  -3  -5   3   2  -5   1   3  -4  -2  -1  -3  -3   3    8   1   0   0   4   0   0   2   0  18  22   0   2  13   1   3   4   0   0  21  0.57 0.34
  139 V     2  -5  -5  -6   2  -5  -5  -4  -5   4   1  -5  -1   3  -3  -3  -2  -1  -2   4   17   0   0   0   4   0   0   1   0  21  12   0   1  10   1   1   2   1   1  27  0.69 0.40
  140 V    -1  -3  -2  -4  -1  -2  -3  -1  -4  -1  -1  -3   3  -1  -4   0   5  -4  -1   3    4   1   2   1   1   1   1   4   0   3   5   1   7   2   1   6  34   0   3  21  0.59 0.39
  141 C     0  -4   5  -4   4  -2  -4  -2  -2  -3  -4  -3  -4  -3  -4   1   4  -4   4  -2    7   0  26   0   8   1   1   3   1   1   1   1   0   1   1   8  22   0  13   3  0.80 0.48
  142 P    -7  -7  -8  -8  -9  -8  -7  -9  -9  -9  -9  -7  -9 -10   9  -7  -7 -10  -9  -9    0   0   0   0   0   0   0   0   0   0   0   0   0   0  99   0   0   0   0   0  3.72 1.50
  143 M    -1  -5  -4  -6  -2  -4  -5  -2  -5   3   2  -5   5   3  -5  -1   1  -5  -3   2    4   0   0   0   1   1   0   3   0  14  22   0  16  14   0   5   9   0   0  11  0.66 0.41
  144 E    -6  -6  -5   4  -8  -2   7  -7  -6  -8  -8  -5  -7  -3  -7  -4  -3   6  -5  -8    0   0   0  24   0   1  59   0   0   0   0   0   0   1   0   1   2  12   0   0  2.01 0.96
  145 T    -3   1  -5  -6  -2  -4  -5  -6   1   2   3  -3   2  -2  -6  -3   0  -6  -3   4    1   8   0   0   1   1   0   0   3  10  29   1   4   1   0   2   7   0   1  31  0.71 0.43
  146 I     0  -7  -4  -7  -3  -6  -7  -7  -7   5   1  -6   0  -3  -6  -5  -2  -7  -5   5    7   0   1   0   1   0   0   0   0  31  11   0   2   1   0   0   2   0   0  44  1.30 0.63
  147 K    -5   3  -5  -6  -5  -3  -4  -7  -3  -8  -6   8  -3  -9  -4  -5  -6  -5  -7  -8    1  12   0   0   0   1   0   0   1   0   1  82   1   0   1   0   0   0   0   0  2.41 1.08
  148 V    -2  -6  -4  -6   4   1  -4  -6  -6   4  -3  -4  -3  -6  -6  -1   5  -7  -6   2    2   0   0   0   9   7   1   0   0  22   2   1   0   0   0   3  36   0   0  15  1.06 0.61
  149 K    -3   8  -4  -6  -5   1  -5  -6  -4  -5  -2   2  -5  -7  -7  -5  -4  -1  -7  -4    2  71   0   0   0   5   0   0   0   1   4  11   0   0   0   0   1   1   0   1  2.00 0.92
  150 F    -6  -6  -8  -8  -4  -4  -7  -8  -7   0   6  -7   7   2  -7  -6  -5  -6  -3  -2    0   0   0   0   0   1   0   0   0   4  60   0  24   7   0   0   0   0   1   2  1.71 0.79
  151 I    -1  -4  -5  -5   1   8  -3  -6  -5   2  -3  -4   1  -6  -5  -2  -1  -6  -5  -3    6   0   0   0   3  63   1   1   0  13   3   0   3   0   0   3   3   0   0   1  1.71 0.87
  152 H     1  -4  -1   0  -2   0  -2  -3   2   1   1  -3   2  -3  -3   0   1  -4  -3   3   15   0   3   7   1   4   1   2   5   9  13   0   5   0   1   6   9   0   1  19  0.24 0.23
  153 D    -1   0  -1   3  -4   7  -1  -1  -1  -5  -4  -2  -3  -3  -2  -1  -2  -4  -2  -4    6   4   2  17   0  44   3   5   1   1   2   2   1   1   2   4   3   0   2   1  0.96 0.55
  154 Q     1   2   0   0  -2   2   0   2   0  -2  -3   1  -1  -3  -2   0   0  -4   0  -3   10  10   4   4   1  12   4  16   3   2   2   8   2   1   2   8   7   0   4   2  0.21 0.18
  155 T     0   1   1  -1  -1   1   1   0   1  -2  -2   1  -1  -3  -1   1   1  -3  -2  -1    9   7   9   2   1   5  10   7   3   2   4   8   2   1   3  11  10   0   1   5  0.12 0.12
  156 S     1   0   0  -1  -2  -1  -2   2   0  -2  -1   0  -1  -2   0   2   1  -4  -2  -1   12   5   5   3   0   3   1  15   3   2   8   4   2   1   4  21   7   0   1   3  0.17 0.18
  157 P     1  -1  -1  -1  -3   0   0   2   0  -1  -2   0  -2  -2   3   1   0  -4  -3  -1   14   3   2   2   0   3   6  16   3   4   3   5   1   1  14  10   6   0   1   4  0.21 0.17
  158 N     1   0   2  -1  -3   1   0   2   1  -3  -3   2  -2  -4   1   0   0  -4  -2  -1   10   5  10   3   0   6   6  14   4   1   2  12   1   0   7   8   7   0   1   4  0.19 0.16
  159 P     0   2  -1  -2  -3   0  -1   0   0  -1  -2   1  -2  -3   4   1   0  -2   0  -1    8  12   3   2   0   3   4   7   3   3   4   8   1   1  19   9   5   1   3   4  0.25 0.19
  160 K     0   3  -1  -2  -4   2   0  -1   1  -2  -2   3   0  -2   0  -1  -1  -4   0  -1    6  16   3   1   0  11   6   4   4   2   5  21   2   1   5   3   3   0   3   4  0.31 0.24
  161 Y    -3  -2  -2  -5  -6  -2  -4  -5   0  -4  -3  -3  -1   3  -5  -2  -4  -2   9  -3    2   2   2   1   0   2   1   1   2   1   3   2   1   9   1   3   1   0  64   2  1.97 0.85
  162 R    -1   5   2  -2  -2   1  -2  -2  -1  -4  -4   3  -3  -5   0   1   1  -5  -5  -3    4  28   9   1   1   5   1   3   1   1   1  19   1   0   5  12   7   0   0   1  0.62 0.41
  163 G    -2  -6   2  -4  -6  -5  -5   6  -2  -6  -7  -3  -6  -7  -5   3  -2  -7  -6  -5    2   0  11   0   0   0   0  58   1   0   0   2   0   0   1  19   3   0   0   1  1.45 0.71
  164 F     0  -3  -4  -4  -2  -3  -4  -3  -5   2   1  -4   4   2   4  -1   1  -5  -3   1    9   1   0   0   1   1   0   2   0  11  11   0  10   7  21   5  10   0   1  10  0.48 0.34
  165 F    -1  -1  -4  -5  -4  -4  -4  -2  -3   2   2  -3   2   4  -2  -2  -1   5   0   2    6   3   0   0   0   0   0   3   1  14  18   2   4  15   2   2   5   8   3  13  0.43 0.28
  166 H    -2   0   1   6  -6   1   0  -2   7  -6  -5  -2  -4  -6  -4  -1  -2  -7  -4  -4    3   4   5  37   0   6   4   4  23   0   1   2   0   0   1   5   2   0   0   1  1.10 0.58
  167 G     4  -5  -3  -6   8  -5  -5   2  -6  -2  -3  -5   0  -4  -6  -1  -1  -6  -4   1   31   0   1   0  27   0   0  13   0   2   3   0   2   1   0   5   4   0   0   9  1.08 0.58
  168 V     3  -5  -5  -6  -2  -5  -5  -3  -5   2   2  -5   2   3  -5  -3   0  -3   0   2   22   0   0   0   1   0   0   2   0  12  21   0   4  11   0   1   5   0   3  17  0.57 0.37
  169 R     0   5  -3  -4  -3   0  -3  -2  -2  -1  -1   3   0  -1  -3   0   0  -1   0   0    7  29   1   0   1   3   0   3   1   3   7  17   3   3   1   6   5   1   3   7  0.42 0.32
  170 E    -2   1  -1  -1  -2   3   1  -2   3  -3  -3   3  -1  -4  -4   1   2   0  -1  -3    3   9   2   3   1  12   7   2   6   1   3  17   1   0   0  12  15   1   2   2  0.37 0.32
  171 I    -5  -7  -7  -8  -4  -7  -8  -8  -8   7   1  -5   1  -5  -7  -5   0  -7  -6   3    0   0   0   0   0   0   0   0   0  62  10   1   3   0   0   1   5   0   0  18  1.77 0.78
  172 V     0  -5  -6  -7   0  -5  -6  -5  -2   2   1  -4   0   1  -5  -3  -2   4   5   4    7   0   0   0   2   0   0   1   1  12  14   1   2   5   0   2   2   4  23  24  0.78 0.46
  173 R    -1   6  -4  -6  -6   2  -2  -4   0  -5  -5   4  -3  -6  -6  -2  -3  -5  -2  -4    6  47   1   0   0   7   2   1   2   1   1  25   0   0   0   3   1   0   1   1  1.34 0.70
  174 E    -1   0   1   0  -4   3   4  -4   2  -5  -4   1  -3  -5  -5   0   2  -6  -2  -4    4   4   7   5   0  11  31   1   5   0   1   6   1   0   0   6  15   0   2   1  0.63 0.45
  175 Q    -4  -1  -1   1  -6   1   6   1   2  -7  -1  -2  -5  -5  -6  -2  -5  -7  -3  -6    1   3   3   6   0   6  53   9   5   0   8   2   0   1   0   3   0   0   1   0  1.07 0.63
  176 G    -5  -6  -6  -7  -8  -7  -8   8  -6 -10 -10  -6  -9  -9  -8  -6  -7  -8  -9  -9    0   1   0   0   0   0   0  98   0   0   0   0   0   0   0   0   0   0   0   0  2.99 1.21
  177 L    -3  -6  -7  -7  -5  -6  -6  -6  -4   4   3  -6   0   3   1  -5  -3  -1  -2   3    2   0   0   0   0   0   0   0   0  26  29   0   1  12   7   0   1   1   1  18  0.92 0.49
  178 K    -1   6  -3  -5  -5  -1  -4   0  -1  -4   0   3  -1   0  -1   0  -1  -4  -5  -3    6  39   1   0   0   2   0   7   1   1   8  14   2   4   3   7   3   0   0   2  0.68 0.45
  179 G     3  -4  -4  -5  -5  -5  -5   6  -6  -8  -7  -4  -7  -8  -6   0  -2  -7  -6  -5   19   1   1   0   0   0   1  65   0   0   0   1   0   0   0   8   2   0   0   1  1.64 0.79
  180 T    -5  -4  -7  -8   0  -7  -7  -7  -7   2   5  -7   1   4  -5  -6  -2  -4  -2   0    0   1   0   0   2   0   0   0   0   9  58   0   3  19   1   0   2   0   1   5  1.34 0.65
  181 Y    -7  -6  -4  -9  -8  -8  -8  -8  -5  -7  -6  -8  -2   4  -9  -6  -6   5   9  -7    0   0   1   0   0   0   0   0   0   0   0   0   1  16   0   1   1   8  72   0  2.97 1.22
  182 Q    -1   6  -1  -5  -5   2  -3  -6  -1  -4  -5   5  -4  -7  -6  -1  -2  -7  -4  -3    5  40   2   0   0   7   1   0   1   1   1  30   0   0   0   5   2   0   1   2  1.19 0.65
  183 G    -4  -8  -6  -7  -8  -7  -8   8  -8  -9  -6  -6  -8  -9  -8  -2  -7  -8  -6  -8    1   0   0   0   0   0   0  94   0   0   1   0   0   0   0   4   0   0   0   0  2.72 1.13
  184 L     0  -5  -4  -6   0  -1  -5  -4  -3   0   3  -5   2   3  -6  -2  -1   2   3   1    9   0   1   0   2   3   0   1   1   4  32   0   5  11   0   3   5   3  12   8  0.55 0.36
  185 T     0  -2  -2  -3  -2  -3  -2   2  -4   0   0  -3   0  -1   0   1   2   2  -2   2    6   1   2   0   1   1   3  18   0   4   9   1   2   2   6  13  12   3   1  14  0.22 0.23
  186 A     4  -6  -5  -6  -3  -5  -5  -3  -6  -1  -2  -5  -1  -5   6   0   0  -6  -6   0   33   0   0   0   0   0   0   2   0   3   4   0   1   0  37   7   6   0   0   6  1.16 0.66
  187 T    -1  -5   1  -6   4  -2  -6  -2  -4  -5  -4  -5  -1  -5  -6   2   7  -7  -6  -1    5   0   5   0   7   1   0   3   0   0   2   0   2   0   0  12  58   0   0   4  1.37 0.76
  188 V     0  -6  -6  -7  -3  -4  -6  -5  -4   2   4  -6   4   1  -6  -3  -1  -4  -2   2    7   0   0   0   0   0   0   1   0  10  45   0   9   5   0   1   4   0   1  16  0.86 0.48
  189 L     1  -5  -5  -6   1  -2  -5  -3  -4   1   4  -5   3   1  -6  -3  -2   4  -1   1   13   0   0   0   3   2   0   2   0   8  39   0   7   6   0   1   2   5   2   8  0.65 0.40
  190 K    -5   7  -4  -6  -7  -2  -3   3  -4  -6  -6   1   2  -6  -6  -4  -4  -7  -6  -5    0  57   0   0   0   2   1  23   0   0   0   8   4   0   0   1   1   0   0   1  1.64 0.79
  191 Q    -2  -3   2   4  -4   3   2  -3   1   1  -2  -3  -2  -4  -4  -2  -1  -3  -3   0    4   1   8  27   0  14  13   1   3   8   4   0   1   1   0   2   4   0   1   7  0.51 0.35
  192 G     2  -5  -4  -5   0  -5  -5   2  -5   4  -1  -5   1  -1  -5  -1   0  -4  -4   4   16   0   0   0   2   0   0  15   0  20   4   0   3   3   0   4   6   0   0  26  0.59 0.39
  193 S    -1  -5  -3  -6  -3  -4  -5  -2  -2  -1  -2  -5  -4  -3   7   2   0  -3  -6  -1    4   0   1   0   1   1   0   3   1   3   4   0   0   1  52  15   6   0   0   5  1.32 0.70
  194 N     0  -5   3  -4  -4  -3  -3   2   4  -3  -3  -5  -3   4  -6   0  -2   3   4  -2    8   0  13   1   0   1   1  14  11   1   2   0   1  18   0   6   3   4  15   2  0.68 0.43
  195 Q     1  -2   2  -3  -3   2  -2   0  -2  -2  -3  -3  -2   1  -4   3   1  -3   2   1    9   2  10   1   0  10   1   8   1   1   2   0   1   6   0  23   7   0   8   9  0.34 0.32
  196 A     5  -5  -5  -6   0  -5  -6   4  -6  -2  -5  -4   1  -2  -5  -1  -3  -7  -5  -2   50   0   0   0   2   0   0  29   0   2   1   1   4   2   0   4   1   0   0   2  1.21 0.67
  197 I     1  -5  -5  -6   0  -5  -5  -2  -6   5   2  -5   0   1  -4  -2   0  -5  -4   3   12   0   0   0   2   0   0   4   0  32  15   0   2   5   1   3   6   0   0  17  0.66 0.39
  198 R    -6   2   2  -1  -5   4  -2  -7   1  -6  -5  -2  -1   0  -4  -2  -5   3   7  -6    0  11   8   4   0  18   3   0   3   0   1   2   2   4   1   3   0   4  37   0  1.21 0.67
  199 F    -7  -8  -8  -9  -4  -8  -8  -9  -2  -3   1  -8   0   9  -9  -8  -7   0   1  -4    0   0   0   0   0   0   0   0   1   1  11   0   2  79   0   0   0   1   3   1  2.69 1.07
  200 F     2  -5  -4  -5  -1  -4  -5   2  -5  -2   0  -4   4   1   3   0   1   0   0   0   16   0   0   0   1   0   0  18   0   1   9   0   9   6  13   5  10   1   3   7  0.40 0.33
  201 V     2  -5  -4  -5   1  -4  -5  -2  -5   0   0  -3   0   0  -3   2   3  -3  -4   3   16   0   0   0   3   0   0   3   0   6   8   1   3   5   1  15  20   0   0  20  0.48 0.37
  202 M    -8  -8  -5  -8  -8  -7  -8  -9  -4  -2  -5  -5   2   2  -9  -7  -7  -3  10  -4    0   0   1   0   0   0   0   0   0   2   1   1   4   8   0   0   0   0  81   1  3.07 1.25
  203 T     0  -3   1   2  -5  -2   6  -2   1  -6  -6  -2  -5  -2  -6  -1   0  -5  -5  -5    7   1   5   9   0   1  55   3   3   0   0   1   0   2   0   5   5   0   0   1  1.13 0.66
  204 S     0  -1   0  -2  -3   1   0  -1   2  -1  -1   0   0   1  -3   1   2   2   2  -1    9   3   3   0   0   7   7   4   7   3   6   5   2   6   0  11  12   2   7   3  0.13 0.16
  205 L    -1  -6  -3  -6   2  -5  -6  -4  -6   2   5  -6   3   1  -6  -2   0  -4  -3   1    5   0   1   0   4   0   0   1   0  10  46   0   8   6   0   2   5   0   1   9  0.80 0.45
  206 R    -4   3  -2  -4   2  -1  -4  -5  -3  -5  -5   7  -1  -6  -5  -2  -2  -7  -4  -4    1  15   2   1   4   2   0   0   1   1   1  63   1   0   0   3   3   0   0   1  1.54 0.78
  207 N    -1   3   2   1  -4   2   1  -1   1  -3  -3   3  -2  -4  -4   1  -1  -5  -3  -2    6  16  10   8   0   8   9   4   4   1   2  16   1   1   0   8   4   0   1   2  0.35 0.27
  208 W     0   0  -3  -2  -3   0  -2  -3   1   0   2  -1   2   2  -4  -2  -1   6   3  -1    9   5   1   3   1   4   2   2   4   4  18   4   5   8   0   3   3  12   9   4  0.33 0.24
  209 Y    -1  -1  -3  -3  -1  -2  -3  -3   0   1   3  -2   3   3  -3  -2  -2   3   3   0    6   3   1   1   1   2   2   2   2   8  25   2   7  11   1   2   3   3  12   6  0.34 0.25
  210 R     1   1  -1  -2  -1   1  -1  -2   0  -1   0   1   1   0   1   0   1  -1  -1  -1   12   9   2   1   1   9   2   1   2   4  12  10   4   4   8   6  10   1   1   3  0.12 0.15
  211 G     0   1   1   1  -4   0   0   2   1  -3  -4   2  -3  -3   2   1   0  -2  -3  -2    6   6   6   8   0   4   6  15   3   1   1  13   0   1   9  12   4   0   1   2  0.24 0.20
  212 D     0   1   0   2  -2   0   2   0   2  -3  -2   1  -1  -1  -1   0  -1   0   1  -2    6   8   4  13   1   3  14   8   5   1   5   7   1   2   2   6   3   1   5   3  0.13 0.13
  213 N    -1   1   3   2  -2   0   0   2   1  -2  -2   0  -2  -2   0   0   1   0   0  -2    4   7  14  12   1   5   4  14   4   2   3   5   1   2   4   8   8   1   3   2  0.19 0.17
  214 P    -1  -1   0   1  -2   0   0   1   0  -2  -2   0  -1  -3   4   0   0  -2  -1  -3    4   4   5   9   1   4   5  11   2   3   3   6   1   1  22   8   6   1   2   1  0.32 0.23
  215 N    -1   1   3   2  -3   0   0   1   1  -3  -3   0   0  -3  -2   1   1  -4  -1  -2    3   7  13  11   0   4   7  11   4   1   3   6   2   1   1  12  10   0   2   3  0.22 0.19
  216 K     0   1   1   1  -3   1   1   1   1  -3  -3   2  -1  -3  -1   1   0  -3  -3  -3    6   8   5  10   0   5  10   9   3   1   2  16   1   1   3  10   5   0   0   1  0.22 0.19
  217 P    -2  -1   0   2  -4   2   2  -2   0  -3  -4   2  -2  -3   3   1   0  -4  -2  -2    3   3   4  14   0   8  14   3   2   1   1  13   1   1  13   9   6   0   1   4  0.34 0.26
  218 M    -1  -2  -3  -1  -2  -2  -1  -2  -1   1   4  -3   1  -1   1  -1  -1  -3   0   1    5   2   1   3   1   2   4   3   1   8  38   1   3   2   9   4   3   0   3   8  0.30 0.23
  219 N    -1  -3   3   1  -4  -1  -2   2   2  -4  -4  -2  -5  -5   3   3   1  -4  -3  -4    4   1  16   6   0   2   2  15   4   1   2   2   0   0  13  21   8   0   1   1  0.48 0.36
  220 P     0  -3  -1  -3  -4  -2  -3  -1  -2   0   0  -1   0   0   4   1   2   0  -4   1    8   1   3   1   0   1   0   4   1   5   8   4   2   5  23  11  13   1   0   9  0.37 0.29
  221 L     0  -2  -3  -4  -2  -2  -4   0  -1   1   2  -3   1   2   0  -1  -1   6   1   1    7   2   1   0   1   1   1   8   2   7  21   1   4   7   5   4   4  11   5   9  0.31 0.23
  222 I     0   0  -1   0  -1   2   1  -1   0  -1  -1   0   0  -2  -2   0   1   0  -1   1    9   4   3   4   2  12  11   4   2   4   5   5   2   1   1   7   9   2   2  12  0.10 0.14
  223 T    -1  -1   0  -3  -3  -1  -3  -3   4   0   1  -1   0  -2  -4   1   3  -4   1   1    3   3   5   1   0   2   1   2  10   6  17   3   3   1   0  11  17   0   5   9  0.26 0.25
  224 G     0  -6  -6  -6   0  -5  -6  -1  -6   1   4  -6   4   4  -5  -3  -2   1  -3  -1    7   0   0   0   2   0   0   5   0   8  38   0  10  19   0   2   2   2   0   4  0.81 0.46
  225 V     1  -3  -5  -5   0  -4  -5  -1  -4   2   3  -4   2   1  -5  -1   1  -1  -3   2   14   1   0   0   2   0   0   6   0  10  27   0   6   5   0   3   8   1   0  16  0.43 0.31
  226 F     5  -5  -2  -5   5  -5  -5  -3  -5   1  -1  -5   1   2  -5   2  -2  -6  -1  -2   40   0   2   0  13   0   0   2   0   8   5   0   4   7   0  13   1   0   2   2  0.82 0.52
  227 G     0  -7  -6  -5  -7  -6  -7   7  -7  -9  -8  -7  -8  -8  -4   1  -5  -8  -8  -7    8   0   0   0   0   0   0  80   0   0   0   0   0   0   1  10   0   0   0   0  2.17 0.96
  228 A     4  -5  -4  -5  -1  -3  -4   4  -5  -2  -2  -5   0   1  -5   1   0  -6  -4  -2   33   0   0   0   1   1   0  32   0   2   5   0   2   6   0  10   5   0   0   2  0.78 0.49
  229 I     1  -5  -5  -6   1  -5  -5  -2  -5   3   3  -5   2   1  -5  -2   1  -2  -3   2   11   0   0   0   3   0   0   4   0  19  25   0   5   6   0   3   8   0   0  14  0.54 0.35
  230 A     6  -6  -6  -6  -3  -6  -5   0  -6  -7  -7  -6  -6  -7  -6   4  -2  -8  -7  -4   64   0   0   0   1   0   0   6   0   0   0   0   0   0   0  26   2   0   0   1  1.65 0.87
  231 G    -3  -6  -4  -6  -5  -6  -5   7  -7  -8  -8   2  -7  -8  -7  -1  -4  -8  -8  -7    2   0   0   0   0   0   1  78   0   0   0  12   0   0   0   5   1   0   0   0  2.06 0.92
  232 A     2  -4  -4  -5   0  -4  -4  -1  -5   3   0  -4   4   1  -4   0   2  -4  -2   2   17   0   0   0   2   0   1   5   0  15   8   0  10   5   0   7  11   0   1  15  0.41 0.32
  233 A     2  -5  -5  -5   3  -5  -5  -2  -5   3   1  -5   1   2   1  -1  -1  -4  -4   3   18   0   0   0   7   0   0   3   0  16  12   0   3   9   6   4   4   0   0  18  0.46 0.32
  234 S     4  -5  -2  -5   0  -4  -5   2  -3  -5  -3  -4   0  -1  -4   3   1  -3   1  -4   39   0   2   0   2   0   0  15   0   0   3   0   2   3   0  18   8   0   5   1  0.73 0.50
  235 V     2  -5  -2  -6   0   2  -5  -2  -4  -4  -4  -3  -3  -5  -1   1   1   9  -3   1   20   0   2   0   2   8   0   4   0   1   1   2   1   0   3  12   8  25   0  12  0.97 0.57
  236 F     1  -5  -4  -5   1  -4  -5  -1  -4   1   2  -4   1   2  -5   0   2   0   2   1   12   0   0   0   3   0   0   4   0   8  19   0   3   9   0   7  14   1   8  11  0.37 0.29
  237 G     2  -5  -5  -5   2  -4  -5  -1  -5   2   2  -5  -1   1  -3   1   0  -5  -4   3   16   0   0   0   4   0   0   4   0  13  19   0   1   6   1  10   6   0   0  19  0.43 0.32
  238 N     0  -5   3  -5   1  -5  -5  -2  -5  -1  -4  -5  -1  -2  -5   2   6  -5  -5   1    8   0  11   0   3   0   0   3   0   3   1   0   2   2   0  13  44   0   0   8  0.93 0.59
  239 T    -3  -5   1  -6   0   0  -6  -5   0   0  -2  -5   1   2  -6  -2   4  -4   7  -4    2   0   6   0   2   5   0   1   2   5   3   0   4   8   0   3  23   0  37   0  1.15 0.65
  240 P    -6  -8  -8  -8  -6  -7  -7  -7  -2  -9  -9  -7  -9  -8   9  -7  -7  -6  -9  -8    0   0   0   0   0   0   0   0   1   0   0   0   0   0  97   0   0   0   0   0  3.54 1.44
  241 L     1  -5  -5  -6   0  -2  -5  -5   2   2   3  -5   2   4  -2  -3  -2  -2   1   1   11   0   0   0   2   2   0   1   5  11  27   0   6  17   3   2   2   0   5   7  0.53 0.34
  242 D    -3  -5  -4   8  -9   2   1  -7  -4  -8  -9  -6  -6  -9  -7  -5  -4  -9  -8  -8    2   0   0  80   0   8   7   0   0   0   0   0   0   0   0   0   1   0   0   0  2.46 1.07
  243 V    -4  -6  -4  -7  -3  -6  -7  -7  -3   0   0  -7  -2  -4  -7  -4   2  -3  -6   7    1   0   1   0   0   0   0   0   1   3   8   0   1   1   0   1  12   0   0  70  1.65 0.80
  244 I    -1  -7  -7  -7  -2  -7  -7  -7  -7   6   1  -7  -1  -4  -5  -6  -4  -7  -6   5    5   0   0   0   1   0   0   0   0  37  10   0   1   0   1   0   1   0   0  43  1.51 0.70
  245 K    -4   5  -6  -6  -8  -4  -5  -7  -6  -7  -7   8  -5  -8  -7  -5  -5  -8  -7  -8    1  24   0   0   0   0   0   0   0   0   0  73   0   0   0   0   1   0   0   0  2.35 1.05
  246 T    -1   1  -3  -6  -4  -5  -5  -6  -5  -6  -5  -1  -6  -7  -6   4   6  -7  -7  -3    5   7   1   0   0   0   0   0   0   0   1   3   0   0   0  27  54   0   0   2  1.50 0.83
  247 R    -5   8  -4  -7  -4  -1  -4  -8  -1  -4  -3   1  -4  -7  -7  -4  -5  -8  -4  -4    1  79   1   0   0   3   0   0   1   1   3   6   0   0   0   1   0   0   1   2  2.27 1.01
  248 M    -4  -5  -7  -8  -3  -3  -7  -8  -7   3   4  -5   7   1  -6  -5  -5  -6  -1  -1    1   1   0   0   0   2   0   0   0  17  39   1  29   5   0   1   0   0   2   3  1.39 0.68
  249 Q    -6  -3  -4  -7  -9   9  -4  -7  -4  -6  -7  -4   4  -9  -7  -6  -7  -4  -4  -8    0   1   1   0   0  85   1   0   0   1   0   0   9   0   0   0   0   0   1   0  2.96 1.32
  250 G     1  -2   2   0  -3  -2  -2   2  -3  -1  -2  -2   1  -4  -3   1   3  -4  -4   1   12   2   9   4   0   2   2  13   0   2   3   2   3   0   0  12  20   0   0  11  0.29 0.27
  251 L     1  -1  -2   1  -2   5   1  -3  -2  -2   0  -1   0  -3  -2   0  -1  -5  -2  -1   14   3   1   9   1  25   8   2   1   2  11   2   3   1   2   8   3   0   2   3  0.35 0.32
  252 E     0  -1   0   1  -4   1   2   3   0  -4  -5   0  -2  -5   3   1   0  -5  -2  -3    7   3   3   8   0   5  11  20   2   1   1   4   1   0  15  11   5   0   1   1  0.38 0.28
  253 A     2   1   0  -2  -3   0   0   1   0  -1  -2   0   0  -3   1   1   0  -4  -2   0   19   7   3   2   0   4   6  11   2   3   2   6   3   1   8  11   5   0   1   6  0.16 0.17
  254 H     0   2   1  -1  -4   0  -1   2   3  -3  -3   0  -3  -2   2   0   0  -4  -2  -2    7  12   7   3   0   3   4  16   7   1   3   6   0   2  12   7   5   0   1   3  0.25 0.21
  255 K    -1   3  -2  -3  -5   2   0  -1   0  -4  -3   4  -1  -5   1  -1   1  -5  -3  -2    4  13   2   1   0  10   5   5   2   1   2  29   1   0   6   4  10   0   1   4  0.47 0.35
  256 Y    -4  -4  -3  -5  -2  -2  -5  -1  -1  -4  -4  -4  -3   1  -5  -3  -4  -2   9  -3    1   1   1   1   1   2   1   5   1   1   2   1   1   4   1   2   1   0  71   2  2.23 0.97
  257 R    -1   4   2  -3  -5   0  -2  -1   0  -5  -4   4  -1  -4  -2   2   1  -6  -4  -4    4  19  10   1   0   3   2   4   2   0   1  24   2   1   2  13  10   0   0   1  0.55 0.39
  258 N    -4  -2   3  -4  -7  -5  -6   6  -5  -7  -7  -4  -5  -7  -5   3  -1   2  -5  -7    0   2  13   1   0   0   0  53   0   0   0   1   0   0   0  21   4   2   0   0  1.40 0.72
  259 T     0  -5  -4  -6  -3  -4  -5  -4  -5   3   0  -5   5   3  -3   0   3   0  -1   2    8   0   0   0   1   0   0   1   0  16   9   0  13  10   1   7  17   1   2  14  0.56 0.39
  260 W    -1   1  -5  -5  -4  -4  -5  -2  -4   2   2  -3   3   3  -4  -2  -1   6   0   1    5   8   0   0   0   0   0   3   0  12  18   1   7  12   1   3   4  10   2  12  0.49 0.32
  261 D    -2  -1   0   6  -7   1   0  -1   5  -6  -6  -2  -5  -6  -1  -1  -2  -7  -4  -5    3   3   4  46   0   7   5   5  13   0   0   2   0   0   3   5   2   0   1   1  1.11 0.60
  262 C     3  -5  -6  -7   9  -3  -5  -2  -6  -1  -3  -6  -1  -6  -7  -2   1  -5  -7   2   24   1   0   0  40   1   1   3   0   3   2   0   1   0   0   3   9   0   0  12  1.52 0.73
  263 G     2  -5  -6  -6   0  -5  -6  -2  -5   3   2  -5   2   4  -6  -4  -1   1  -1   2   20   0   0   0   2   0   0   4   0  15  17   0   4  20   0   1   3   2   1  12  0.63 0.40
  264 L    -1   5  -3  -5  -3   1  -2  -2  -3  -1  -1   3   1  -3  -5  -1  -1  -2  -1   1    5  32   1   0   1   5   1   3   0   3   5  18   3   1   0   5   4   1   2   9  0.55 0.39
  265 Q    -2   2  -2   0  -3   3   0  -3   2  -3  -2   4  -2  -4  -5   0   2  -6  -2  -2    3  10   2   5   0  13   6   1   4   2   5  26   1   1   0   5  13   0   1   2  0.46 0.36
  266 I    -5  -7  -6  -7  -3  -6  -7  -6  -4   6   1  -6   2  -5  -7  -1   2  -7  -6   2    0   0   0   0   0   0   0   0   0  50  10   0   5   0   0   6  14   0   0  13  1.29 0.65
  267 L     0  -5  -6  -7  -3  -5  -6  -5  -1   1   2  -5   3   2  -6  -4  -3   6   6   2    8   0   0   0   1   0   0   0   1   8  16   1   6   8   0   1   1  11  23  15  0.91 0.50
  268 K     1   6  -2  -5  -7   2  -2  -5  -1  -5  -5   4  -3  -6  -6  -2  -2  -7  -4  -3   13  36   1   0   0   9   2   1   2   1   1  27   0   0   0   2   2   0   0   2  1.09 0.61
  269 K     0   1   2   0  -5   2   4  -3   3  -5  -4   1  -3  -4  -5  -1   1  -6  -2  -4    7   7  10   4   0  10  28   1   6   0   1   9   0   1   0   4   9   0   2   1  0.55 0.40
  270 E    -4  -4  -2   1  -9  -1   7  -1  -1  -8  -7  -4  -6  -7  -7  -3  -5  -8  -2  -8    1   1   2   7   0   3  75   6   2   0   0   0   0   0   0   2   0   0   2   0  1.93 0.95
  271 G    -6  -7  -6  -7  -8  -8  -8   8  -8 -10  -8  -6  -9  -9  -8  -5  -7  -5  -9  -9    0   0   0   0   0   0   0  98   0   0   0   0   0   0   0   1   0   0   0   0  2.94 1.20
  272 L    -1  -5  -6  -6  -3  -5  -6  -5  -2   3   2  -5   1   4   3  -4  -3   4   1   3    6   0   0   0   1   0   0   1   1  13  16   0   3  15  13   1   1   5   5  19  0.67 0.41
  273 K     0   5  -2  -4  -4  -1  -3   0  -1  -3   0   3   1   0  -1   0  -1  -3  -3  -3    9  29   1   0   0   3   0   8   1   1   9  16   3   4   3   6   4   0   0   2  0.44 0.35
  274 A     4  -4  -5  -6  -4  -5  -6   5  -4  -4  -6  -5  -6  -2  -4   0  -2  -5  -6   0   35   1   0   0   0   0   0  44   0   1   0   0   0   2   1   5   2   0   0   7  1.19 0.65
  275 F    -6  -8  -8  -9  -6  -8  -8  -9  -7  -3   5  -8  -2   8  -9  -7  -5  -3  -1  -5    0   0   0   0   0   0   0   0   0   1  44   0   0  51   0   0   1   0   2   0  2.12 0.92
  276 Y    -6  -8  -8  -9  -8  -7  -8  -6  -3  -5  -4  -8  -2   6  -9  -6  -3   7   8  -5    0   0   0   0   0   0   0   1   0   0   2   0   1  26   0   1   2  14  52   1  2.52 1.06
  277 K    -2   6  -3  -6  -6  -2  -5  -5  -4  -7  -6   6  -6  -8  -5  -1  -3  -8  -7  -6    3  35   1   0   0   2   0   1   0   0   0  51   0   0   1   5   1   0   0   1  1.72 0.84
  278 G    -5  -8  -6  -7  -9  -8  -8   8  -8 -10 -10  -8  -9  -9  -8  -5  -8  -9  -9  -9    0   0   0   0   0   0   0  99   0   0   0   0   0   0   0   0   0   0   0   0  3.05 1.23
  279 T     0  -5  -5  -6   2  -5  -5  -1  -5   2   3  -5   2   3  -5  -1   1   2  -1   0    7   0   0   0   4   0   0   5   0  12  31   0   5  13   0   4   8   2   2   7  0.52 0.35
  280 V     0  -2  -1  -4  -3  -3  -3   2  -4   0   1  -2   0  -2  -1   0   3   1  -3   2    9   2   3   0   0   0   1  17   0   6  12   2   2   2   3   7  18   2   1  14  0.26 0.25
  281 P     2  -7  -7  -7  -2  -5  -6  -6  -7  -1  -4  -6   0  -7   7  -1   0  -8  -6  -2   18   0   0   0   1   0   0   0   0   4   2   0   3   0  60   4   5   0   0   3  1.78 0.88
  282 R    -1   5   5  -5   2  -3  -3  -4  -1  -5  -5  -1  -5  -6  -6  -1   3  -7  -3  -2    5  35  22   0   4   1   1   1   2   1   0   4   0   0   0   4  16   0   1   3  1.01 0.60
  283 L    -2  -6  -7  -7   1  -6  -6  -6  -6   2   4  -6   4   1  -6  -4  -3   1   0   3    3   0   0   0   3   0   0   0   0  10  37   0  10   6   0   1   1   2   3  23  0.91 0.49
  284 G     0  -6  -6  -6   1  -5  -6  -1  -6   3   4  -6   4   1  -6  -3  -3  -2  -2   2    9   0   0   0   3   0   0   6   0  14  35   0  10   6   0   1   1   1   1  14  0.70 0.42
  285 R    -5   8  -6  -7  -9  -4  -5  -7  -3  -4  -7   3  -3  -3  -7  -5  -4   2  -2  -4    1  73   0   0   0   0   0   0   0   1   0  15   1   2   0   1   1   3   1   1  2.19 1.00
  286 V     3  -3  -3  -4  -1  -1  -4  -2  -1   0   1  -4  -1  -3  -5   2   1  -4  -1   3   22   1   1   0   1   3   0   3   1   5  12   0   1   0   0  13   8   0   2  25  0.42 0.34
  287 C     2  -5  -4  -5   3  -5  -5   1  -5   1  -1  -5   3   4  -1   0   0  -5  -3   2   15   0   0   0   5   0   0  11   0   7   4   0   7  18   3   8   6   0   0  15  0.45 0.34
  288 L    -6  -8  -7  -7  -6  -7  -7  -5  -8  -2   0  -7  -1  -2   8  -2  -5  -8  -6  -3    0   0   0   0   0   0   0   1   0   3   9   0   2   2  78   3   1   0   0   2  2.44 1.09
  289 D     3  -4   0  -1  -3   2  -2   2   0  -4  -3  -3   0  -5  -5   3  -1   1  -3   0   26   0   4   4   0   9   2  13   2   0   3   0   3   0   0  19   4   2   1   7  0.43 0.37
  290 V     0  -4   4  -4   0   1  -4   1  -1  -2  -5  -4  -1   2  -5   2   2  -6  -3   1    8   0  24   0   2   6   0  12   1   2   0   0   1   8   0  13  11   0   1  10  0.50 0.40
  291 A     6  -6  -6  -6   1  -6  -6   4  -6  -2  -6  -6  -1  -6  -6   0  -3  -2  -6  -1   55   0   0   0   3   0   0  25   0   3   0   0   2   0   0   7   1   1   0   4  1.28 0.70
  292 I     2  -7  -7  -7  -2  -6  -6  -4  -7   6   0  -6   0   0  -6  -4  -2  -6  -5   3   16   0   0   0   1   0   0   1   0  42   8   0   2   5   0   1   2   0   0  22  1.09 0.57
  293 V    -1  -3  -3  -5   4  -2  -5  -3  -4   1  -1  -4   4   0  -5   1   5  -6  -2   1    5   2   1   0   7   2   0   1   0   6   5   0   9   4   0   9  38   0   1   9  0.72 0.48
  294 F    -7  -8  -7  -9  -6  -5  -8  -9  -7  -2   2  -8  -2   8  -9  -7  -7   6   1  -5    0   0   0   0   0   1   0   0   0   2  17   0   1  66   0   0   0   9   4   0  2.35 0.97
  295 V     1  -5  -5  -5  -1  -4  -5  -2  -4   0   2  -5   3   1  -4   0   2   0  -1   3   12   0   0   0   1   0   0   3   0   4  19   0   8   7   1   7  15   1   1  19  0.44 0.34
  296 I     2  -5  -5  -6   0  -5  -5   0  -6   1  -1  -5   0  -2  -5   1   3  -6  -5   5   14   0   0   0   2   0   0   7   0   6   4   0   2   2   0  10  17   0   0  36  0.69 0.46
  297 Y    -5  -8  -6  -9  -8  -7  -7  -9  -3  -4  -3  -7  -1   4  -9  -6  -7  -1   9   0    1   0   0   0   0   0   0   0   0   1   2   0   2  14   0   0   0   1  71   7  2.63 1.10
  298 D    -4  -6  -3   2  -9  -3   7  -7  -4  -8  -8  -4  -4  -7  -5  -3  -1  -8  -8  -7    1   0   1  11   0   0  78   0   0   0   0   0   0   0   0   2   4   0   0   0  2.15 1.02
  299 E     0  -1   0  -3  -3   2   0  -2   0  -1   1   0   2   2  -4  -1   0   3   2   0    7   2   4   0   0  11   6   3   2   2  14   6   5   8   0   5   6   4   8   7  0.15 0.18
  300 V     0  -5  -5  -5   2  -3  -5  -4  -5   2   2  -5   3   1  -5   0   2  -3  -2   3    7   0   0   0   4   1   0   1   0  11  22   0   7   6   0   6  14   0   1  20  0.52 0.35
  301 V    -2   2  -1  -4  -2   1  -3  -4  -1  -1   0   5   4  -4  -4   0  -1  -5  -1   0    2   9   2   0   1   7   0   1   2   3   9  31  13   0   0   7   3   0   2   7  0.55 0.40
  302 K    -1   4   0   1  -6   1   0  -1   1  -3  -4   4  -3  -3  -4   0  -2  -3  -2  -4    5  23   4   6   0   7   5   5   3   1   1  24   0   1   0   8   2   0   2   1  0.52 0.36
  303 L     0  -2  -3  -5  -2  -2  -4  -4   0   1   2  -3   1   4  -5  -3  -2   5   3   1   10   2   1   0   1   2   1   1   2   7  23   2   3  15   0   2   2   7  10   9  0.45 0.30
  304 L    -4  -6  -8  -8  -4  -7  -7  -8  -7   1   5  -7   4   4  -7  -6  -4  -2   0  -2    1   0   0   0   0   0   0   0   0   7  60   0   8  18   0   0   1   0   2   2  1.48 0.70
  305 N    -2   3   4   1  -5   2   0  -2   0  -3  -3   2   0  -4  -2   1   0  -4  -3  -3    2  14  18   9   0   9   6   3   2   2   2  12   3   0   2  11   5   0   1   1  0.38 0.29
  306 K    -2   3  -1  -1  -6   2   2  -4  -1  -4  -4   5  -3  -5   0  -1  -1  -6  -1  -3    3  17   3   4   0   9  11   1   1   1   1  32   0   0   5   4   3   0   2   2  0.62 0.40
  307 V    -1  -1  -2  -2  -4  -2  -2  -4  -1   2   2  -2   3   0  -1  -2  -1   1   3   2    3   3   1   3   0   2   2   0   1  10  25   3   7   2   3   3   4   1  13  14  0.29 0.23
  308 W    -2   1  -2  -4  -5  -2  -3  -1   1  -1  -2   0   1   5  -5  -1  -1   7   2  -3    4   9   2   0   0   2   1   6   3   3   3   7   3  26   0   4   4  16   6   1  0.71 0.39
  309 K    -1   2   0  -1  -2   1   1  -1  -1  -5  -4   5  -4  -5   1  -1  -3  -5   1  -4    4   9   4   2   1   6   8   5   1   0   1  41   0   0   6   3   0   0   6   1  0.62 0.38
  310 T    -1   0  -1   1  -4   0  -2  -1  -1  -1  -3  -1  -1  -3   2   2   3  -4   1   0    2   5   2   8   0   3   1   6   1   3   1   3   1   0  10  14  26   0   6   8  0.29 0.26
  311 D    -5  -5   3   7  -7  -3   3  -5  -4  -7  -7  -4  -6  -7  -5  -4  -4  -8  -6  -7    0   0  13  66   0   0  21   0   0   0   0   0   0   0   0   0   0   0   0   0  1.91 0.71

                      K         Lambda
Standard Ungapped    0.1397     0.3226
Standard Gapped      0.0478     0.2670
PSI Ungapped         0.1561     0.3174
PSI Gapped           0.0478     0.2670
