
Last position-specific scoring matrix computed, weighted observed percentages rounded down, information per position, and relative weight of gapless real matches to pseudocounts
            A   R   N   D   C   Q   E   G   H   I   L   K   M   F   P   S   T   W   Y   V   A   R   N   D   C   Q   E   G   H   I   L   K   M   F   P   S   T   W   Y   V
    1 M    -3  -4  -5  -5  -3  -4  -4  -5  -4   1   5  -4   4  -1  -5  -4  -3  -3  -3  -1    0   0   0   0   0   0   0   0   0   6  81   0  14   0   0   0   0   0   0   0  1.07 0.26
    2 A    -4  -5  -5  -4  -8   9   2  -4  -5  -8  -8  -3  -6  -9  -7  -4  -2  -8  -7  -8    1   0   0   0   0  79  14   2   0   0   0   0   0   0   0   1   3   0   0   0  2.57 1.01
    3 E    -6   8  -6  -7  -9   1  -3  -7  -5  -6  -8   4  -7  -8  -7  -6  -6  -8  -7  -8    0  74   0   0   0   5   1   0   0   0   0  19   0   0   0   0   0   0   0   0  2.41 0.90
    4 I    -5  -7  -5  -7  -5  -7  -7  -7  -7   7  -2  -7   1  -3  -7  -2   4  -7  -6   2    0   0   0   0   0   0   0   0   0  59   3   0   3   1   0   3  21   0   0  10  1.65 0.67
    5 H    -8  -6  -3  -5  -4  -3  -6  -8  11 -10  -8  -7  -8  -7  -6  -6  -8  -9  -2  -9    0   0   1   0   0   1   0   0  95   0   0   0   0   0   0   0   0   0   1   0  4.19 1.31
    6 N    -2  -2   0  -6  -6  -6  -6  -6  -7  -1  -6  -3  -3  -5  -3   1   7  -8  -7  -4    3   2   3   0   0   0   0   0   0   3   0   1   1   1   1   9  75   0   0   1  1.87 0.82
    7 G    -3  -1  -4  -5  -8  -5  -1   7  -7  -9  -8  -3  -8  -7  -7  -4  -5  -8  -8  -6    1   4   1   0   0   0   4  85   0   0   0   1   0   0   0   1   1   0   0   1  2.21 0.83
    8 G    -5  -4  -3  -1  -9  -1   7  -3  -5  -7  -7   0  -6  -8  -6  -4  -6  -6  -7  -2    1   1   1   3   0   2  80   2   0   0   0   6   0   0   0   1   0   0   0   3  2.06 0.85
    9 E    -5   2  -4  -6  -8  -3  -3  -6  -6  -4  -8   8  -5  -8  -6  -5  -4  -8  -5  -7    0  11   1   0   0   1   1   0   0   1   0  83   0   0   0   0   1   0   0   0  2.39 0.91
   10 L    -5  -3  -7  -7  -6  -5  -6  -6   0  -6  -1  -5  -4  -5   8  -1  -2  -6  -5  -7    0   1   0   0   0   0   0   0   2   0   6   0   1   1  79   6   2   0   0   0  2.46 0.94
   11 C    -7  -7  -3  -7   2  -5  -7  -8   3  -5  -5  -7  -6   4  -8  -5  -6  -1   9  -7    0   0   1   0   4   0   0   0   6   0   1   0   0  15   0   1   0   1  70   0  2.69 0.96
   12 D    -3   0  -1  -1  -5   2   4  -4  -1  -2  -5   5  -2  -6  -3  -1   0  -6  -5  -1    2   3   2   2   0   7  29   1   1   3   0  33   1   0   1   3   6   0   0   5  0.80 0.44
   13 F    -6  -8  -6  -5  12  -8  -9  -7  -4  -6  -6  -9  -7  -2  -7  -6  -7  -5  -1  -7    0   0   0   1  92   0   0   0   1   0   0   0   0   2   0   0   0   0   2   0  4.20 1.26
   14 M    -3  -1   4   0  -2   0   0  -1   0  -2  -1   3   0  -4  -1   2   1  -5  -3  -3    1   1  20   4   1   3   6   3   2   2   7  21   3   0   2  14   7   0   1   1  0.38 0.28
   15 E    -4  -3  -5   1  -8   3   7  -6  -1  -4  -5  -1  -3  -7  -5  -4  -4  -5  -5  -2    1   1   0   8   0  14  63   0   2   1   1   3   1   0   0   0   1   0   0   3  1.57 0.71
   16 N    -7 -10  -5 -10  12  -9  -9  -8  -4  -8  -8  -9  -8  -6  -8  -6  -7  -6  -1  -7    0   0   1   0  95   0   0   0   1   0   0   0   0   0   0   0   0   0   2   0  4.51 1.34
   17 G    -4  -1  -4  -2  -5  -4  -2   7  -7  -8  -8  -5  -6  -8  -6  -3  -6  -2  -8  -7    1   3   1   2   0   1   3  84   0   0   0   1   0   0   0   2   0   1   0   0  2.17 0.81
   18 E    -6   0  -2  -6  -8   0  -2  -6  -6  -5  -8   8  -4  -8  -6  -5  -5  -8  -6  -7    0   4   2   0   0   3   2   0   0   1   0  86   0   0   0   0   0   0   0   0  2.42 0.92
   19 I     4  -2  -2  -2   2  -4  -4  -1  -3  -2  -4  -3  -3  -2  -3   4   2  -5  -3  -1   33   2   1   2   5   0   0   5   0   2   1   1   1   1   1  29  11   0   1   5  0.68 0.42
   20 F    -7  -8  -9  -9  -3  -9  -9  -9  -7  -5  -3  -9  -6  10  -8  -5  -8  -5  -1  -5    0   0   0   0   1   0   0   0   0   0   2   0   0  94   0   1   0   0   1   0  3.40 1.10
   21 S     0   2   2  -2   0  -3  -4  -2   0   0  -3  -1  -1  -3  -3   4   3  -4  -2  -3    6  11  10   1   2   1   0   2   2   6   2   2   1   1   1  33  16   0   1   1  0.52 0.36
   22 E    -4   3  -1  -2   1   5   0  -4   4  -5  -2   0  -2  -2  -4  -1  -1   3   2  -3    1  16   2   2   3  27   5   1  11   0   3   6   1   2   0   4   4   4   7   2  0.65 0.39
   23 H    -2   2   2  -3   0   0  -3  -3   2  -3  -2   3  -3  -2  -2   4  -2  -2  -2  -3    1  10   9   0   2   4   1   2   5   1   4  19   0   1   2  32   1   0   2   2  0.54 0.37
   24 S    -1  -4  -3  -4  -1  -2  -4   0  -2  -4  -5  -3  -4  -4  -4   7   0  -3  -1  -4    4   1   1   1   1   1   1   7   1   1   1   1   0   1   1  70   4   0   2   1  1.40 0.69
   25 C     0  -1   3   0   0   0  -2  -1   6  -3  -3   0  -4  -3  -3   2   0  -5   1  -2    6   2  14   6   2   5   1   4  18   1   2   5   0   1   1  18   6   0   6   4  0.43 0.29
   26 L    -6  -6  -8  -8  -2  -6  -8  -8  -3  -2   7  -7  -2   0  -5  -6  -5  -6  -3  -3    0   0   0   0   1   0   0   0   1   1  89   0   0   4   1   0   0   0   1   1  2.03 0.78
   27 N    -1   1   1  -3  -3   1  -3  -4   0   3  -1   0   0  -2  -3   0   3  -3  -3   0    4   8   7   0   0   7   0   0   2  20   4   7   2   1   1   6  21   0   1   7  0.33 0.26
   28 A    -1   3  -1  -2  -2   3   0  -3  -1   1  -1   2  -2  -4  -4   0   0  -5  -1   1    4  15   3   2   1  15   7   2   1  10   6  10   0   0   0   8   6   0   2   9  0.24 0.21
   29 H    -8  -5  -4  -6  -5  -2  -6  -8  11  -9  -9  -7  -8  -6  -6  -6  -6  -8  -1  -9    0   1   0   0   0   1   0   0  93   0   0   0   0   0   0   0   0   0   2   0  4.07 1.28
   30 M    -5   0  -3  -4  -3   7   2  -6   2  -3  -3   1   2  -6  -5  -4  -4  -1  -3  -4    0   5   1   0   1  56  10   0   5   2   3   9   4   0   0   0   1   1   1   1  1.46 0.68
   31 G    -5   8  -3  -6  -8   0  -4  -4  -2  -2  -5   2  -3  -8  -6  -3  -4  -6  -7  -4    1  75   1   0   0   3   0   1   1   3   1   9   1   0   0   2   1   0   0   1  2.05 0.80
   32 T    -5  -4  -4  -6  -4  -6  -6  -6  -6   7  -1  -4   1  -3  -6  -2   4  -7  -6   1    0   1   1   0   0   0   0   0   0  53   3   1   3   1   0   3  26   0   0   8  1.45 0.62
   33 E    -8  -6  -4  -6  -9  -2  -4  -8  11  -8  -7  -7  -8  -6  -4  -6  -8  -8  -3  -9    0   0   1   0   0   2   1   0  94   0   1   0   0   0   1   0   0   0   0   0  4.07 1.28
   34 N    -2  -3  -1  -5  -5  -6  -5  -6  -6  -4  -6  -4  -2  -6  -4   1   8  -8  -6  -5    3   1   3   0   0   0   0   0   0   1   0   1   1   0   1   9  78   0   0   0  2.02 0.86
   35 T    -4   0  -4  -3  -7  -5  -2   7  -7  -8  -8  -3  -7  -8  -6  -4  -4  -8  -8  -6    1   5   0   1   0   0   3  84   0   0   0   2   0   0   0   1   1   0   0   1  2.16 0.81
   36 G    -5  -4  -4  -1  -9  -1   8  -4  -5  -8  -8   0  -5  -8  -6  -5  -5  -8  -7  -3    1   1   0   3   0   2  84   2   0   0   0   5   0   0   0   0   0   0   0   2  2.24 0.90
   37 D    -6   2  -2  -4  -8  -3  -4  -6  -6  -6  -8   8  -7  -8  -6  -4  -3  -8  -7  -7    0  11   2   1   0   1   0   0   0   0   0  82   0   0   0   1   2   0   0   0  2.36 0.90
   38 T    -5  -4  -6  -7  -6  -3  -6  -7  -3  -4  -2  -6  -7  -6   8  -1  -2  -9  -5  -6    1   1   0   0   0   1   0   0   1   1   4   0   0   0  82   4   3   0   0   0  2.60 0.97
   39 Y    -7  -7  -4  -6   0  -7  -7  -8   3  -5  -6  -7  -6   4  -8  -4  -7  -4   9  -7    0   0   1   0   2   0   0   0   7   1   0   0   0  13   0   1   0   0  75   0  2.90 1.01
   40 D    -2  -1  -2  -1  -4   1   4  -3   0  -2  -5   5  -4  -6  -3  -2   0  -6  -4  -1    3   3   1   3   0   6  30   2   2   2   0  33   0   0   1   2   6   0   1   4  0.80 0.44
   41 C    -7  -9  -9  -7  12  -9 -10  -8  -7  -7  -7  -9  -8  -7  -7  -6  -7  -8  -4  -7    0   0   0   0  97   0   0   0   0   0   0   0   0   0   0   0   0   0   1   0  4.63 1.36
   42 D    -3  -1   4   0  -2   0   0  -2   0  -3  -1   3   0  -3  -1   2   1  -4  -3  -4    1   3  21   5   1   3   7   3   2   1   6  20   3   1   3  14   7   0   1   0  0.40 0.28
   43 E    -4  -4  -4   1  -8   4   7  -6   0  -4  -6  -1  -3  -7  -5  -4  -4  -5  -4  -3    1   1   0   7   0  15  65   0   2   1   1   3   1   0   0   0   1   0   0   3  1.65 0.73
   44 Y    -6  -8  -9  -9  12  -9  -9  -8  -4  -7  -7  -9  -7  -4  -9  -5  -6  -5  -1  -7    0   0   0   0  94   0   0   0   0   0   0   0   0   1   0   1   0   0   3   0  4.40 1.31
   45 G    -4  -2  -4  -2  -4  -4  -2   7  -7  -6  -6  -5  -7  -8  -5  -3  -4  -7  -7  -6    1   2   0   2   0   1   3  85   0   0   1   0   0   0   0   2   1   0   0   0  2.15 0.80
   46 E    -5  -1  -2  -6  -8  -1  -3  -6  -4  -8  -7   8  -4  -8  -6  -5  -6  -8  -6  -7    0   3   2   0   0   3   1   0   0   0   0  89   0   0   0   0   0   0   0   0  2.56 0.96
   47 N     4  -2  -2  -2   2  -4  -4  -1  -4  -3  -5  -3  -3  -4  -4   4   2  -5  -4  -1   35   2   2   3   5   0   0   5   0   1   1   1   0   1   0  27  12   0   0   4  0.74 0.44
   48 F    -8  -8  -8  -7  -3  -9  -9  -9  -5  -5  -4  -9  -6  10  -9  -5  -8  -5   0  -6    0   0   0   0   1   0   0   0   0   0   1   0   0  94   0   1   0   0   2   0  3.36 1.09
   49 P    -2   2   2  -4   0  -3  -4  -4  -3  -1   1  -2  -3  -5  -2   4   3  -6  -4  -3    2  12   9   0   2   1   0   0   0   4  17   1   0   0   2  33  16   0   0   1  0.62 0.41
   50 M    -3   2  -1  -5   0   5  -3  -6   2   3  -2  -1  -1  -4  -5  -1   3  -4  -1  -1    1  12   2   0   2  30   0   0   4  15   3   3   1   0   0   4  16   0   2   3  0.70 0.43
   51 L    -2   4  -2  -4  -3   3  -1  -5  -1   1   0   2  -1  -4  -4   1  -1  -3  -2   0    1  20   1   0   1  15   3   0   1  10   7  13   1   0   0  13   3   0   2   8  0.42 0.30
   52 H    -8  -5  -5  -7  -9  -4  -6  -8  11  -9  -7  -7  -8  -7  -7  -5  -6  -8  -3  -9    0   0   0   0   0   1   0   0  96   0   1   0   0   0   0   1   0   0   1   0  4.27 1.32
   53 N    -6   1  -3  -5  -3   7   1  -6   2  -4  -3   2   1  -6  -5  -5  -5  -3  -3  -4    0   6   1   0   1  57   9   0   5   1   3  11   4   0   0   0   0   0   1   1  1.54 0.71
   54 S    -5   8  -3  -6  -5  -1  -4  -5  -3  -3  -5   1  -2  -6  -7  -2  -2  -3  -7  -5    0  76   1   0   0   2   1   1   0   2   1   8   1   0   0   2   2   0   0   1  2.10 0.82
   55 A    -3  -5  -3  -7  -4  -6  -6  -7  -5   7  -2  -5  -1  -2  -6  -2   4  -7  -5   2    1   1   1   0   0   0   0   0   0  55   2   0   1   1   0   3  23   0   0  10  1.44 0.61
   56 P    -8  -5  -4  -5  -6  -5  -6  -8  11  -8  -9  -7  -8  -7  -5  -6  -7  -8  -3  -9    0   0   0   1   0   0   0   0  95   0   0   0   0   0   1   0   0   0   1   0  4.21 1.31
   57 A    -2  -5  -3  -6  -6  -6  -6  -7  -6  -3  -6  -5  -3  -7  -3   1   8  -8  -6  -5    3   0   1   0   0   0   0   0   0   2   0   0   1   0   1  10  81   0   0   0  2.20 0.91
   58 G    -4  -1  -5  -5  -2  -5  -3   7  -5  -5  -8  -4  -8  -8  -6  -5  -6  -8  -8  -7    1   3   0   1   1   0   2  88   0   1   0   1   0   0   0   0   0   0   0   0  2.34 0.86
   59 E    -4  -4  -5  -2  -9  -2   8  -4  -5  -7  -7  -1  -6  -8  -6  -5  -6  -8  -7  -4    1   1   0   2   0   1  87   1   0   0   0   3   0   0   0   0   0   0   0   2  2.41 0.95
   60 T    -6   2  -3  -5  -8  -4  -4  -6  -6  -6  -8   8  -5  -8  -6  -5  -3  -6  -7  -7    0  11   1   0   0   0   0   0   0   0   0  85   0   0   0   0   1   0   0   0  2.47 0.93
   61 L    -5  -4  -7  -7  -6  -5  -7  -7  -2  -6  -3  -7  -8  -8   9  -3  -3  -9  -8  -8    1   1   0   0   0   0   0   0   1   0   4   0   0   0  88   3   1   0   0   0  2.95 1.07
   62 S    -7  -7  -7  -6  -2  -5  -8  -9   3  -6  -6  -7  -6   4  -9  -5  -7  -4   9  -7    0   0   0   0   1   0   0   0   6   0   0   0   0  15   0   1   0   0  76   0  3.00 1.04
   63 V    -3   0  -2  -3  -3   1   4  -2   0  -3  -5   5  -3  -7  -4  -2   0  -7  -5  -1    2   3   1   1   1   7  31   3   2   1   0  34   1   0   1   3   5   0   0   5  0.88 0.47
   64 L    -7  -8  -9 -10  12  -9 -10  -8  -9  -8  -6 -10  -8  -7  -9  -7  -7  -5  -5  -7    0   0   0   0  98   0   0   0   0   0   0   0   0   0   0   0   0   0   1   0  4.70 1.38
   65 N    -2  -1   4  -1  -2   0   0  -2   0  -2  -1   3   0  -3  -2   1   1  -5  -3  -3    1   2  20   3   1   4   6   2   2   3   6  20   2   1   2  13   9   0   0   1  0.36 0.27
   66 Q    -4  -4  -3   2  -5   4   6  -4   0  -5  -5  -1  -5  -7  -6  -5  -3  -7  -5  -2    1   0   1   9   0  17  57   1   2   1   1   4   0   0   0   0   1   0   0   4  1.44 0.67
   67 C    -7 -10  -9 -10  12  -9 -10  -9  -9  -7  -8  -9  -8  -6  -7  -6  -7  -9  -6  -7    0   0   0   0  98   0   0   0   0   0   0   0   0   0   0   0   0   0   0   0  4.71 1.38
   68 R    -4  -1  -4  -1  -6  -4  -3   7  -7  -8  -7  -4  -7  -8  -7  -3  -6  -6  -7  -6    0   4   1   3   0   1   2  86   0   0   0   1   0   0   0   2   0   0   0   0  2.23 0.83
   69 K    -6  -1  -4  -6  -8  -1  -3  -7  -5  -5  -8   8  -4  -8  -6  -5  -4  -8  -7  -8    0   3   1   0   0   2   2   0   0   1   0  90   1   0   0   0   1   0   0   0  2.61 0.97
   70 A     4  -2  -3  -4   3  -4  -5  -1  -2  -4  -5  -4  -4  -3  -4   4   2  -6  -4  -2   38   2   1   0   6   0   0   5   1   1   0   1   0   1   0  28  12   0   0   3  0.86 0.48
   71 F    -8  -9  -9  -9  -2  -9  -9  -9  -7  -6  -4  -9  -6  10  -9  -6  -8  -5   0  -6    0   0   0   0   1   0   0   0   0   0   1   0   0  95   0   1   0   0   2   0  3.50 1.12
   72 S     0   2   2  -4   0  -3  -4  -2  -2   1  -4  -1  -2  -5  -4   4   3  -6  -1  -4    6  13  10   0   2   0   0   2   1   7   1   3   1   0   1  36  15   0   2   0  0.65 0.42
   73 L    -4   3  -2  -1   3   6  -1  -4   3  -4  -2  -1  -1  -3  -5  -1  -2   3   1  -3    0  15   2   3   6  33   3   1   8   1   5   3   1   1   0   4   3   4   5   1  0.74 0.43
   74 P    -2   2   1  -4  -1   0  -3  -2   1  -2  -3   3  -3  -3  -1   4  -1  -1  -1  -4    2  11   8   0   1   4   0   2   4   3   3  19   0   1   3  35   2   1   2   0  0.58 0.39
   75 P     0  -4  -1  -3  -2  -3  -4   0  -2  -5  -3  -4  -6  -4  -2   6  -1  -4  -1  -5    6   1   2   1   1   1   1   8   1   1   3   0   0   1   2  67   3   0   2   0  1.30 0.66
   76 N    -1  -1   4   0  -2   1  -2  -1   6  -2  -4  -2  -4  -4  -4   2   2  -5   1  -3    5   3  18   6   1   6   1   3  18   3   1   1   0   0   0  16  11   0   6   1  0.59 0.36
   77 V    -6  -5  -8  -8  -6  -5  -7  -8  -5  -1   7  -6  -2   0  -8  -6  -4  -6  -5  -1    0   1   0   0   0   1   0   0   0   2  87   0   0   3   0   0   1   0   0   3  1.95 0.75
   78 H    -8  -6  -4  -7  -9  -4  -6  -8  11  -8  -9  -7  -8  -7  -6  -7  -6  -9  -3  -9    0   0   0   0   0   0   0   0  98   0   0   0   0   0   0   0   0   0   0   0  4.39 1.35
   79 Q    -6   1  -4  -5  -5   8   1  -6   2  -4  -3   2   1  -4  -6  -5  -5   0  -2  -4    0   6   0   0   0  57   9   0   4   1   2  10   4   1   0   0   0   1   1   1  1.57 0.72
   80 R    -5   8  -3  -6  -8  -1  -5  -5  -3  -2  -6   1  -3  -8  -7  -3  -4  -4  -7  -6    1  80   1   0   0   3   0   1   0   3   0   6   1   0   0   2   1   0   0   1  2.29 0.87
   81 T    -4  -6  -4  -6  -4  -5  -6  -6  -6   7  -1  -5  -1  -5  -7  -2   4  -7  -5   1    0   0   1   0   0   0   0   0   0  54   3   0   1   0   0   3  25   0   0  10  1.45 0.62
   82 W    -8  -6  -6  -7  -4  -6  -6  -8  11 -10  -8  -7  -8  -8  -9  -7  -8  -3  -4 -10    0   0   0   0   0   0   0   0  99   0   0   0   0   0   0   0   0   0   0   0  4.47 1.38
   83 I    -4  -6  -3  -6  -5  -6  -6  -7  -6  -3  -6  -4  -5  -8  -6   1   8  -8  -7  -5    1   0   1   0   0   0   0   0   0   2   0   1   0   0   0   9  86   0   0   0  2.42 0.97
   84 G    -5  -1  -6  -7  -8  -6  -4   8  -7  -8  -8  -4  -8  -9  -8  -5  -6  -6  -8  -7    0   4   0   0   0   0   2  92   0   0   0   1   0   0   0   0   0   0   0   0  2.60 0.93
   85 D    -6  -5  -5   0  -9  -3   8  -6  -6  -7  -8  -2  -6  -9  -6  -6  -6  -6  -8  -3    0   0   0   4   0   0  90   1   0   0   0   2   0   0   0   0   0   0   0   2  2.54 0.99
   86 K    -6   3  -4  -6  -9  -4  -4  -6  -6  -7  -8   8  -5  -9  -7  -5  -4  -8  -7  -8    0  12   1   0   0   0   0   0   0   0   0  85   0   0   0   0   1   0   0   0  2.55 0.96
   87 S    -5  -5  -8  -7  -9  -6  -7  -8  -4  -8  -4  -7  -8  -7   9  -3  -6 -10  -9  -7    1   1   0   0   0   0   0   0   1   0   2   0   0   0  93   2   0   0   0   0  3.24 1.15
   88 F    -8  -8  -6  -9  -3  -7  -8  -9   2  -6  -6  -8  -7   4  -9  -8  -7  -4  10  -7    0   0   0   0   1   0   0   0   5   0   0   0   0  14   0   0   0   0  81   0  3.22 1.10
   89 E    -3  -1  -2  -1  -6   2   5  -3  -1  -3  -5   5  -3  -5  -4  -2   0  -7  -4  -2    1   3   1   3   0   7  33   1   1   1   1  32   0   0   1   3   7   0   0   4  0.90 0.48
   90 Y    -7  -7  -9 -10  12  -9 -10  -9  -9  -8  -8 -10  -8  -9  -9  -6  -7  -5  -4  -7    0   0   0   0  99   0   0   0   0   0   0   0   0   0   0   0   0   0   1   0  4.75 1.40
   91 S    -2  -1   4   0  -4   0   0  -2   0  -2  -1   3   0  -3  -1   2   0  -5  -3  -3    2   2  20   4   0   4   6   3   2   2   7  19   3   1   2  16   6   0   0   1  0.36 0.27
   92 D    -3  -4  -4   2  -8   4   7  -5  -1  -4  -6  -1  -5  -7  -6  -5  -4  -7  -4  -2    2   0   0  10   0  15  60   1   1   1   1   3   0   0   0   0   1   0   1   4  1.51 0.69
   93 C    -7  -6  -9 -10  12  -9 -10  -9  -9  -8  -8 -10  -8  -9  -9  -7  -7  -9  -6  -7    0   1   0   0  99   0   0   0   0   0   0   0   0   0   0   0   0   0   0   0  4.80 1.41
   94 E    -5  -3  -3  -2  -5  -5  -2   7  -6  -9  -9  -6  -6  -8  -5  -3  -6  -6  -8  -7    0   1   1   2   0   0   4  87   0   0   0   0   0   0   0   1   0   0   0   0  2.33 0.86
   95 E    -6   0  -4  -6  -9   0  -3  -7  -6  -5  -8   8  -4  -9  -6  -5  -5  -8  -7  -8    0   3   1   0   0   3   1   0   0   1   0  90   0   0   0   0   0   0   0   0  2.61 0.98
   96 A     4  -2  -3  -4   2  -4  -4  -1  -4  -5  -5  -4  -3  -3  -4   4   2  -5  -3  -2   40   2   1   1   4   0   0   5   0   0   0   0   1   1   0  28  11   0   1   3  0.88 0.50
   97 F    -8  -9  -9 -10  -3  -9  -9  -9  -7  -6  -5  -9  -6  10 -10  -7  -8  -5   0  -7    0   0   0   0   1   0   0   0   0   0   1   0   0  97   0   0   0   0   2   0  3.61 1.15
   98 V     0   2   2  -4   1  -3  -4  -2   0   0  -4  -1  -3  -5  -3   4   3  -6  -2  -2    6  10  10   0   2   0   0   2   2   6   1   3   1   0   1  34  18   0   2   2  0.59 0.39
   99 D    -3   3  -1  -1   3   5  -1  -4   3  -4  -2  -1  -2  -2  -5   0  -1   3   1  -2    1  16   3   3   5  30   4   1   7   0   3   3   1   2   0   6   4   4   5   3  0.64 0.39
  100 Q    -2   2   1  -3   0   0  -3  -2   2  -3  -3   3  -4  -2  -2   4  -2  -4  -2  -4    2  13   8   1   2   4   0   3   5   1   3  19   0   2   2  32   1   0   2   1  0.57 0.38
  101 S    -1  -3  -2  -4   0  -4  -3   1  -2  -5  -5  -4  -4  -3  -5   6   1  -3  -3  -5    4   1   1   1   2   0   1   9   1   0   1   1   0   1   0  67   6   0   1   1  1.34 0.67
  102 H    -1  -2   3   0  -1   0  -2  -1   7  -3  -4  -1  -4  -4  -3   2   0  -5   2  -2    5   2  14   5   1   4   1   5  24   1   1   3   0   0   1  16   6   0   7   3  0.64 0.37
  103 L    -6  -5  -8  -9  -2  -7  -8  -9  -8  -2   7  -7  -2   1  -6  -7  -6  -6  -4  -2    0   0   0   0   1   0   0   0   0   1  90   0   0   5   0   0   0   0   1   2  2.14 0.81
  104 Q    -1   2   1  -4  -3   1  -3  -5   0   3  -2   0  -1  -3  -4   0   3  -4  -3   0    5  11   7   0   0   7   0   0   2  20   3   5   1   1   0   5  23   0   1   6  0.41 0.30
  105 A    -1   3  -1  -2  -1   3   0  -2  -1   1  -1   1  -2  -3  -4   0   1  -4  -1   1    5  15   2   1   1  13   6   2   1  10   4  10   1   0   0   7  10   0   2  11  0.23 0.20
  106 N    -8  -7  -4  -7  -9  -6  -6  -8  11 -10  -9  -7  -8  -8  -7  -7  -8  -9  -3 -10    0   0   0   0   0   0   0   0  99   0   0   0   0   0   0   0   0   0   0   0  4.48 1.38
  107 R    -5   1  -3  -4  -4   8   1  -6   2  -3  -2   1   1  -7  -6  -4  -4  -2  -4  -5    0   6   1   0   0  57   9   0   5   1   4   9   4   0   0   0   1   1   0   1  1.55 0.71
  108 I    -5   8  -4  -7  -7  -2  -5  -5  -2  -2  -5   2  -2  -8  -5  -3  -3  -4  -7  -5    0  76   1   0   0   1   0   1   1   3   1   9   1   0   0   2   1   0   0   1  2.11 0.82
  109 T    -5  -6  -3  -7  -3  -6  -7  -6  -7   6  -2  -6   0  -3  -7  -3   4  -7  -6   2    0   0   1   0   0   0   0   0   0  51   3   0   2   1   0   2  27   0   0  11  1.47 0.63
  110 H    -8  -7  -6  -7  -5  -5  -6  -8  12 -10  -9  -6  -8  -8  -9  -7  -8  -9  -4 -10    0   0   0   0   0   0   0   0  99   0   0   0   0   0   0   0   0   0   0   0  4.52 1.39
  111 N    -3  -4  -2  -6  -6  -6  -6  -7  -6  -4  -6  -3  -3  -7  -6   1   8  -8  -6  -5    2   1   1   0   0   0   0   0   0   1   0   1   1   0   0   8  83   0   0   0  2.29 0.94
  112 G    -4  -1  -5  -6  -8  -6  -3   8  -7  -9  -8  -5  -8  -8  -7  -4  -6  -8  -8  -7    1   3   0   0   0   0   2  91   0   0   0   1   0   0   0   1   0   0   0   0  2.53 0.91
  113 E    -6  -4  -5  -2  -9  -1   8  -5  -5  -7  -7  -2  -4  -9  -7  -6  -6  -8  -7  -4    0   1   0   2   0   1  90   1   0   0   0   2   0   0   0   0   0   0   0   1  2.52 0.98
  114 T    -6   2  -4  -6  -9  -4  -4  -6  -5  -6  -8   8  -5  -9  -7  -5  -4  -8  -7  -8    0  10   1   0   0   0   0   0   0   0   0  87   0   0   0   0   1   0   0   0  2.57 0.97
  115 L    -5  -4  -8  -7  -5  -6  -7  -8  -6  -8  -3  -6  -8  -9   9  -3  -5  -9  -7  -7    1   1   0   0   0   0   0   0   0   0   3   0   0   0  91   3   1   0   0   0  3.11 1.12
  116 Y    -8  -7  -6  -9  -3  -7  -8  -9   3  -4  -6  -8  -7   4  -9  -7  -7  -4  10  -7    0   0   0   0   1   0   0   0   6   1   0   0   0  13   0   0   0   0  80   0  3.15 1.08
  117 E    -2   0  -2  -2  -5   2   5  -4  -1  -4  -4   5  -3  -6  -3  -1   0  -6  -3  -2    2   4   1   1   0   7  32   1   1   1   1  34   1   0   1   3   5   0   1   4  0.89 0.47
  118 Q    -7 -10  -9 -10  12  -6 -10  -9  -9  -6  -7 -10  -8  -9  -9  -7  -7  -6  -6  -7    0   0   0   0  99   0   0   0   0   0   0   0   0   0   0   0   0   0   0   0  4.75 1.40
  119 K    -2  -1   4   0  -3   0   0  -2   0  -2  -1   3   0  -5  -2   2   0  -6  -3  -3    1   3  20   4   0   4   7   2   2   2   7  20   3   0   2  16   7   0   1   1  0.40 0.29
  120 Q    -4  -4  -4   1  -8   4   7  -5   0  -4  -6  -1  -6  -8  -6  -5  -4  -6  -5  -2    1   0   1   7   0  15  64   1   2   1   1   4   0   0   0   0   1   0   0   3  1.66 0.73
  121 C    -7  -7  -9 -10  12  -9 -10  -9 -10  -8  -8 -10  -8  -9  -9  -7  -7  -9  -9  -7    0   0   0   0 100   0   0   0   0   0   0   0   0   0   0   0   0   0   0   0  4.84 1.42
  122 G    -4  -2  -4  -3  -6  -7  -3   7  -7  -9  -8  -4  -6  -8  -7  -2  -6  -5  -8  -7    1   3   1   2   0   0   2  88   0   0   0   1   0   0   0   2   0   0   0   0  2.33 0.86
  123 R    -6   0  -3  -6  -9  -1  -3  -6  -5  -8  -6   8  -3  -9  -6  -5  -5  -8  -7  -7    0   4   1   0   0   2   1   0   0   0   1  89   1   0   0   0   0   0   0   0  2.55 0.96
  124 A     5  -2  -2  -4   2  -4  -5  -1  -5  -5  -5  -4  -3  -3  -4   4   2  -5  -5  -2   41   3   1   0   4   0   0   5   0   0   0   0   0   1   1  27  11   0   0   3  0.91 0.50
  125 F    -8  -9  -9 -10  -8  -9  -9  -9  -6  -6  -4  -9  -6  10 -10  -8  -8  -5  -1  -6    0   0   0   0   0   0   0   0   0   0   1   0   0  97   0   0   0   0   1   0  3.64 1.16
  126 T     0   3   2  -4   1  -3  -4  -3  -1   0  -4  -1  -3  -3  -3   4   3  -5  -1  -2    6  14   9   0   3   0   0   1   1   6   1   3   1   1   1  31  17   0   2   2  0.55 0.37
  127 Y    -3   3  -1  -1   2   5   0  -3   4  -4  -2  -1  -2  -2  -5  -1  -1   3   1  -2    2  15   2   3   5  30   4   2   8   0   4   2   1   1   0   5   3   4   6   3  0.62 0.38
  128 S    -2   2   2  -3   0   0  -3  -2   2  -3  -3   3  -2  -3  -2   4  -2  -6  -2  -3    2  12   9   0   2   3   0   3   4   2   2  17   1   1   2  34   1   0   1   1  0.59 0.38
  129 T    -1  -2  -2  -3  -1  -4  -3   1  -4  -3  -6  -4  -5  -2  -5   6   0  -4  -2  -5    4   2   1   1   1   0   1   9   0   2   1   1   0   2   0  68   5   0   1   1  1.34 0.67
  130 S    -1  -3   3   0  -2   1  -2  -1   6  -3  -4  -2  -4  -3  -4   3   1  -5   1  -2    6   1  14   6   1   6   2   4  18   1   1   2   0   1   1  23   8   0   5   3  0.56 0.35
  131 H    -7  -6  -8  -9  -2  -7  -8  -9  -4  -2   7  -8  -3   1  -8  -7  -6  -6  -3  -3    0   0   0   0   1   0   0   0   1   1  90   0   0   5   0   0   0   0   1   1  2.15 0.82
  132 A     0   2   1  -4  -2   1  -3  -4   1   3  -1   0  -1  -2  -4  -1   3  -3  -2   0    7  10   6   0   1   6   0   0   4  21   4   5   1   1   0   4  23   0   1   6  0.37 0.28
  133 V    -1   2  -1  -1  -2   3   0  -3  -2   1  -1   1  -1  -3  -3   0   1  -5  -1   1    4  13   3   2   1  13   5   1   1  10   5  10   1   0   0   8   9   0   2  13  0.22 0.20
  134 S    -8  -6  -6  -7  -9  -6  -6  -8  12 -10  -9  -7  -8  -8  -7  -6  -8  -9  -4 -10    0   0   0   0   0   0   0   0  99   0   0   0   0   0   0   0   0   0   0   0  4.51 1.39
  135 V    -5   1  -4  -5  -4   7   1  -5   2  -3  -2   1   2  -6  -6  -4  -5  -1  -1  -4    0   6   0   0   0  55   8   0   5   2   4   9   5   0   0   0   0   1   2   1  1.46 0.69
  136 K    -5   8  -4  -6  -8  -3  -5  -5  -3  -2  -6   2  -4  -7  -6  -3  -3  -6  -5  -4    0  78   0   0   0   1   0   1   0   3   1   9   0   0   0   2   2   0   0   2  2.20 0.85
  137 M    -4  -4  -4  -7  -4  -6  -6  -6  -7   6  -2  -5   0  -3  -6  -2   4  -7  -5   2    1   1   1   0   0   0   0   1   0  52   3   1   2   1   0   3  25   0   0  10  1.39 0.60
  138 H    -8  -7  -5  -7  -9  -6  -6  -8  12 -10  -9  -7  -8  -8  -7  -7  -8  -9  -4 -10    0   0   0   0   0   0   0   0  99   0   0   0   0   0   0   0   0   0   0   0  4.51 1.38
  139 T    -4  -5  -3  -6  -5  -6  -6  -7  -7  -4  -6  -5  -4  -8  -6   1   8  -8  -7  -6    1   1   1   0   0   0   0   0   0   1   0   0   0   0   0   8  87   0   0   0  2.49 0.99
  140 V    -4  -1  -4  -5  -8  -7  -3   8  -4  -8  -9  -6  -8  -8  -7  -6  -6  -8  -8  -6    1   3   0   0   0   0   2  92   0   0   0   0   0   0   0   0   0   0   0   1  2.55 0.92
  141 E    -5  -5  -5  -1  -9  -2   8  -6  -6  -8  -7  -1  -7  -9  -7  -5  -5  -8  -8  -4    0   0   0   2   0   1  90   0   0   0   0   3   0   0   0   0   0   0   0   1  2.53 0.99
  142 K    -6   2  -4  -6  -9  -3  -3  -7  -6  -7  -8   8  -4  -9  -7  -5  -5  -8  -7  -7    0  10   1   0   0   0   1   0   0   0   0  86   0   0   0   0   0   0   0   0  2.56 0.96
  143 P    -6  -4  -8  -7  -7  -6  -7  -8  -3  -9  -4  -7  -7  -8   9  -4  -6 -10  -8  -7    0   1   0   0   0   0   0   0   1   0   2   0   0   0  93   1   0   0   0   0  3.26 1.15
  144 Y    -8  -8  -5  -9  -3  -7  -8  -9   2  -5  -6  -8  -7   4  -9  -7  -7  -4  10  -7    0   0   1   0   1   0   0   0   4   0   0   0   0  14   0   0   0   0  80   0  3.18 1.09
  145 E    -3  -1  -2  -2  -4   1   5  -3  -1  -3  -5   5  -3  -7  -4  -2   0  -7  -4  -2    2   2   1   1   0   6  33   2   2   2   0  35   1   0   1   2   5   0   0   3  0.95 0.50
  146 C    -6  -6  -9 -10  12  -9 -10  -9  -9  -8  -8  -9  -8  -8  -9  -7  -7  -9  -6  -7    0   1   0   0  99   0   0   0   0   0   0   0   0   0   0   0   0   0   0   0  4.77 1.40
  147 K    -2  -1   4   0  -3   0   1  -1   0  -3  -1   3   0  -4  -2   2   1  -6  -4  -3    1   3  21   3   0   3   8   4   3   1   7  18   2   0   2  14   8   0   0   1  0.39 0.28
  148 E    -4  -4  -3   2  -8   4   7  -5   1  -4  -5  -1  -6  -7  -6  -5  -4  -5  -5  -2    1   0   1   9   0  15  60   1   3   1   1   3   0   0   0   0   1   0   0   3  1.51 0.69
  149 C    -7  -8  -9 -10  12  -9 -10  -9 -10  -8  -8 -10  -8  -9  -9  -7  -7  -9  -6  -7    0   0   0   0 100   0   0   0   0   0   0   0   0   0   0   0   0   0   0   0  4.84 1.42
  150 G    -4  -2  -5  -2  -6  -5  -2   7  -6  -7  -9  -6  -8  -8  -7  -3  -6  -3  -7  -7    1   2   0   2   0   0   3  88   0   0   0   0   0   0   0   2   0   0   0   0  2.34 0.86
  151 K    -6   0  -3  -6  -9  -1  -2  -7  -5  -8  -7   8  -5  -9  -7  -5  -6  -9  -7  -8    0   4   1   0   0   2   2   0   0   0   0  90   0   0   0   0   0   0   0   0  2.63 0.98
  152 F     5  -2  -3  -4   2  -4  -4  -1  -3  -4  -5  -3  -4  -2  -4   4   2  -6  -3  -2   41   2   1   1   4   0   0   4   0   1   0   1   0   2   1  28  12   0   1   2  0.90 0.50
  153 F    -8  -9  -9 -10  -5  -9  -9  -9  -7  -5  -5  -9  -6  10 -10  -7  -8  -5  -1  -6    0   0   0   0   0   0   0   0   0   0   0   0   0  98   0   0   0   0   1   0  3.66 1.16
  154 R     0   2   2  -4   1  -3  -4  -2  -1   0  -4  -1  -3  -4  -3   4   3  -6  -2  -3    6  13  10   0   3   0   0   3   2   7   1   3   0   0   1  33  16   0   1   1  0.59 0.39
  155 Y    -4   3  -1  -1   2   5  -1  -3   4  -4  -3   0  -2  -2  -5   0  -1   3   1  -2    1  16   3   3   5  29   3   1   8   1   3   4   1   2   0   6   3   5   5   3  0.65 0.39
  156 S    -2   2   2  -4   0   0  -3  -2   2  -3  -3   3  -3  -2  -1   4  -2  -6  -1  -4    3  11   9   0   2   3   0   2   5   2   3  17   1   2   2  33   2   0   2   1  0.54 0.37
  157 S    -1  -3  -2  -3  -1  -2  -4   0  -2  -4  -5  -4  -3  -3  -4   6   0  -5  -1  -5    5   1   1   1   1   1   1   7   1   1   1   1   1   1   0  67   6   0   2   1  1.30 0.66
  158 Y    -1  -1   3   1  -2   1  -1   0   5  -2  -4  -1  -4  -3  -3   2   1  -4   2  -3    5   3  15   6   1   6   2   6  13   2   1   3   0   1   1  19   8   0   8   1  0.41 0.29
  159 L    -6  -6  -8  -9  -2  -7  -8  -9  -6  -3   7  -7  -2   1  -8  -7  -6  -5  -4  -2    0   0   0   0   1   0   0   0   0   1  89   0   0   6   0   0   0   0   0   2  2.11 0.80
  160 N    -1   1   2  -4  -3   1  -3  -4   0   4  -1   0  -1  -3  -4  -1   3  -5  -3   0    5   9   8   0   0   6   1   0   2  23   4   5   1   1   0   5  23   0   1   6  0.42 0.30
  161 S    -1   3  -1  -2  -2   3   0  -3  -1   1  -1   1  -1  -3  -4   0   1  -5  -1   1    3  15   2   1   1  15   5   1   1   9   6  10   1   1   0   8   9   0   2  10  0.26 0.22
  162 H    -8  -6  -5  -8 -10  -6  -6  -8  12 -10  -9  -7  -8  -8  -9  -7  -8  -9  -4 -10    0   0   0   0   0   0   0   0  99   0   0   0   0   0   0   0   0   0   0   0  4.54 1.39
  163 M    -6   1  -4  -5  -3   8   1  -6   2  -3  -3   2   2  -6  -6  -5  -5  -2  -2  -5    0   6   0   0   1  57   8   0   4   1   3  11   5   0   0   0   0   1   2   1  1.59 0.73
  164 R    -6   8  -4  -7  -8  -2  -5  -5  -4  -2  -5   2  -2  -8  -7  -4  -3  -5  -7  -3    0  77   1   0   0   1   0   1   0   3   1  10   1   0   0   1   2   0   0   2  2.19 0.85
  165 T    -4  -4  -3  -7  -5  -6  -6  -6  -7   6  -1  -5  -1  -3  -6  -3   4  -7  -5   2    1   1   1   0   0   0   0   0   0  51   4   1   1   1   0   2  28   0   0  11  1.43 0.62
  166 H    -8  -7  -6  -7  -7  -4  -6  -8  12 -10  -9  -6  -8  -8  -7  -7  -8  -9  -4 -10    0   0   0   0   0   0   0   0  99   0   0   0   0   0   0   0   0   0   0   0  4.50 1.38
  167 T    -4  -5  -3  -6  -6  -6  -6  -7  -6  -3  -6  -5  -4  -8  -6   0   8  -8  -7  -6    1   1   1   0   0   0   0   0   0   1   0   1   0   0   0   7  87   0   0   0  2.49 0.99
  168 G    -4  -2  -6  -6  -8  -6  -5   8  -7  -8  -9  -5  -8  -9  -8  -5  -6  -8  -8  -6    1   2   0   0   0   0   1  94   0   0   0   0   0   0   0   0   0   0   0   1  2.68 0.95
  169 E    -5  -4  -6  -2  -9  -2   8  -5  -4  -8  -7  -2  -6  -9  -7  -5  -6  -8  -8  -3    1   0   0   2   0   1  91   1   0   0   0   2   0   0   0   0   0   0   0   2  2.58 1.00
  170 K    -6   2  -4  -6  -9  -4  -4  -6  -6  -8  -8   8  -5  -9  -6  -5  -5  -8  -7  -8    0  11   0   0   0   0   0   0   0   0   0  87   0   0   0   0   0   0   0   0  2.61 0.97
  171 P    -5  -6  -8  -7  -7  -5  -7  -8  -5  -8  -4  -7  -8  -8   9  -3  -6  -9  -8  -7    1   0   0   0   0   0   0   0   0   0   2   0   0   0  92   3   0   0   0   0  3.21 1.14
  172 Y    -8  -8  -6  -9  -5  -7  -8  -9   2  -6  -7  -8  -7   4  -9  -7  -7  -4  10  -7    0   0   0   0   0   0   0   0   4   0   0   0   0  15   0   0   0   0  80   0  3.20 1.09
  173 E    -2  -1  -2  -2  -6   1   5  -4   0  -3  -5   5  -4  -6  -4  -2   0  -7  -5  -2    2   2   1   1   0   7  32   1   2   2   1  35   0   0   1   3   5   0   0   3  0.93 0.49
  174 C    -7  -8  -9 -10  12  -9 -10  -9 -10  -8  -8 -10  -8  -9  -9  -6  -7  -9  -9  -7    0   0   0   0 100   0   0   0   0   0   0   0   0   0   0   0   0   0   0   0  4.84 1.41
  175 K    -2   0   4  -1  -3   0   0  -2   0  -3  -1   3   0  -4  -2   2   1  -5  -3  -4    1   3  21   3   0   4   6   2   2   1   6  19   3   0   2  16   8   0   0   1  0.42 0.30
  176 E    -4  -4  -4   1  -8   4   7  -6  -1  -5  -5  -1  -4  -7  -6  -5  -4  -8  -6  -2    1   0   1   8   0  17  62   0   1   1   1   3   0   0   0   0   1   0   0   4  1.63 0.73
  177 C    -7  -7  -9 -10  12  -9 -10  -9  -9  -8  -8  -9  -8  -7  -9  -7  -7  -9  -9  -7    0   0   0   0  99   0   0   0   0   0   0   0   0   0   0   0   0   0   0   0  4.80 1.40
  178 G    -4  -3  -5  -2  -7  -4  -2   7  -7  -9  -9  -6  -8  -8  -7  -3  -6  -5  -8  -8    1   1   0   3   0   1   3  88   0   0   0   0   0   0   0   2   0   0   0   0  2.38 0.87
  179 K    -6  -1  -4  -6  -9   0  -3  -6  -6  -6  -7   8  -2  -9  -7  -5  -5  -6  -7  -7    0   2   1   0   0   3   2   0   0   0   0  90   1   0   0   0   1   0   0   0  2.58 0.97
  180 C     4  -2  -2  -3   3  -4  -4   0  -5  -4  -5  -4  -4  -3  -3   4   2  -5  -4  -2   39   2   1   1   5   0   0   6   0   1   0   1   0   1   1  27  11   0   0   3  0.84 0.47
  181 F    -8  -9  -9 -10  -8  -9  -9  -9  -7  -6  -4  -9  -6  10 -10  -8  -8  -5  -1  -6    0   0   0   0   0   0   0   0   0   0   1   0   0  98   0   0   0   0   1   0  3.66 1.16
  182 T     0   2   2  -4   0  -3  -4  -3  -1   1  -4  -1  -3  -4  -4   4   3  -6  -1  -3    6  13  10   0   2   0   0   2   1   7   1   3   0   0   0  33  17   0   3   1  0.60 0.40
  183 V    -3   3  -1  -1   2   5  -1  -3   3  -4  -2  -1  -2  -2  -5   0  -1   3   2  -2    1  14   3   3   5  30   3   1   7   0   4   3   1   2   0   6   4   4   6   3  0.62 0.39
  184 S    -2   2   2  -4   1   0  -3  -2   1  -3  -3   3  -2  -2  -1   4  -2  -3  -1  -4    2  11   8   0   2   4   0   3   4   1   3  17   1   2   3  35   1   0   2   1  0.55 0.37
  185 S    -1  -3  -2  -3  -3  -3  -3   0  -5  -3  -5  -4  -3  -3  -4   6   0  -4   0  -4    4   2   1   1   1   1   1   8   0   2   1   0   1   1   1  67   5   0   3   1  1.31 0.66
  186 H    -1  -1   3   0  -2   1  -1  -1   6  -2  -4  -1  -3  -3  -4   2   1  -4   1  -2    6   2  12   5   1   6   3   5  19   2   2   3   0   1   0  18   8   0   5   2  0.45 0.30
  187 L    -7  -5  -9  -9  -2  -7  -8  -9  -4  -3   7  -8  -2   1  -8  -8  -6  -7  -5  -3    0   1   0   0   1   0   0   0   0   0  92   0   0   5   0   0   0   0   0   1  2.22 0.84
  188 V    -1   2   1  -4  -4   1  -3  -4   0   4  -2   0  -1  -3  -4  -1   4  -3  -3   0    5  11   6   0   0   6   0   0   3  23   3   5   1   1   0   5  24   0   0   6  0.46 0.32
  189 E    -1   3   0  -2  -2   3   0  -3  -1   1  -1   1  -1  -3  -3   0   1  -3  -1   1    4  15   4   1   1  14   6   1   1   8   5   9   1   1   0   8   8   0   2  11  0.21 0.19
  190 H    -8  -5  -6  -7  -9  -5  -6  -8  11 -10  -9  -7  -8  -8  -9  -7  -8  -9  -4 -10    0   1   0   0   0   0   0   0  99   0   0   0   0   0   0   0   0   0   0   0  4.50 1.38
  191 V    -5   1  -4  -5  -5   7   1  -5   3  -3  -2   2   1  -6  -6  -5  -5  -1  -3  -4    0   7   0   0   0  55   9   1   6   2   4  10   3   0   0   0   0   1   1   1  1.48 0.69
  192 R    -6   8  -4  -7  -6  -1  -5  -4  -3  -2  -5   1  -3  -8  -7  -4  -4  -7  -6  -5    0  78   1   0   0   2   0   1   1   3   1   8   1   0   0   1   1   0   0   1  2.18 0.84
  193 I    -3  -5  -3  -7  -5  -6  -7  -6  -4   7  -2  -5   0  -3  -7  -3   4  -7  -5   1    2   0   1   0   0   0   0   0   0  53   2   0   2   1   0   2  27   0   0   9  1.46 0.63
  194 H    -8  -7  -6  -7  -9  -5  -6  -8  12  -8  -9  -7  -8  -8  -9  -7  -8  -9  -4 -10    0   0   0   0   0   0   0   0  99   0   0   0   0   0   0   0   0   0   0   0  4.52 1.39
  195 T    -4  -3  -4  -6  -5  -6  -6  -6  -7  -5  -6  -5  -5  -8  -6   1   8  -8  -7  -6    1   2   1   0   0   0   0   0   0   0   0   1   0   0   0   8  87   0   0   0  2.50 1.00
  196 G    -4  -2  -4  -6  -8  -6  -4   8  -6  -8  -8  -4  -7  -9  -7  -5  -6  -8  -8  -7    1   2   0   0   0   0   2  93   0   0   0   1   0   0   0   0   0   0   0   0  2.59 0.93
  197 E    -5  -4  -6  -2  -9  -2   8  -6  -4  -7  -8  -2  -6  -9  -7  -6  -6  -6  -8  -4    1   0   0   1   0   1  91   1   0   0   0   2   0   0   0   0   0   0   0   2  2.61 1.01
  198 K    -6   3  -4  -6  -9  -3  -4  -6  -6  -7  -8   8  -7  -9  -7  -5  -5  -8  -7  -8    0  12   1   0   0   0   0   0   0   0   0  86   0   0   0   0   0   0   0   0  2.56 0.96
  199 P    -6  -7  -8  -7  -4  -6  -7  -8  -5  -8  -5  -7  -8  -7   9  -3  -5 -10  -9  -8    0   0   0   0   0   0   0   0   0   0   1   0   0   0  94   2   1   0   0   0  3.29 1.16
  200 Y    -8  -8  -7  -9  -4  -7  -8  -9   2  -5  -6  -8  -7   4  -9  -8  -7  -4  10  -7    0   0   0   0   0   0   0   0   4   0   0   0   0  12   0   0   0   0  82   0  3.26 1.11
  201 Q    -3  -1  -2  -2  -5   2   5  -3   0  -3  -5   5  -5  -5  -4  -2   0  -7  -4  -1    1   2   2   1   0   7  36   2   2   2   1  32   0   0   0   3   5   0   0   4  0.93 0.49
  202 C    -7 -10  -9 -10  12  -9 -10  -9 -10  -8  -8 -10  -8  -9  -9  -7  -7  -4  -6  -7    0   0   0   0  99   0   0   0   0   0   0   0   0   0   0   0   0   0   0   0  4.83 1.41
  203 K    -3  -1   4   0  -3   0   0  -2   0  -3  -1   3   0  -5  -2   2   1  -6  -4  -3    1   2  20   5   1   3   6   3   2   1   7  21   2   0   1  16   7   0   0   1  0.43 0.30
  204 E    -4  -4  -5   1  -8   4   7  -5   0  -5  -4  -1  -6  -8  -6  -4  -4  -7  -4  -2    1   0   0   8   0  17  60   1   2   1   1   3   0   0   0   0   1   0   1   4  1.55 0.70
  205 C    -7  -8  -9 -10  12  -9 -10  -9  -6  -8  -8  -9  -8  -6  -9  -6  -7  -9  -6  -7    0   0   0   0  99   0   0   0   0   0   0   0   0   0   0   0   0   0   0   0  4.74 1.39
  206 G    -5  -3  -5  -2  -8  -6  -3   7  -7  -9  -9  -5  -8  -8  -7  -2  -6  -6  -8  -8    0   2   0   2   0   0   2  89   0   0   0   0   0   0   0   2   0   0   0   0  2.44 0.89
  207 R    -5   0  -4  -6  -9   0  -3  -7  -5  -6  -8   8  -4  -9  -6  -5  -5  -8  -7  -8    0   5   1   0   0   4   1   0   0   1   0  88   0   0   0   0   0   0   0   0  2.55 0.96
  208 A     5  -1  -3  -4   2  -4  -4  -1  -4  -4  -4  -3  -3  -4  -4   4   2  -6  -4  -2   41   3   1   1   4   0   0   5   0   1   1   1   1   0   0  26  13   0   0   3  0.88 0.49
  209 F    -8  -9  -9 -10  -5  -9  -9  -9  -7  -6  -5  -9  -6  10 -10  -8  -7  -5  -1  -7    0   0   0   0   0   0   0   0   0   0   0   0   0  98   0   0   0   0   1   0  3.68 1.17
  210 A     0   2   2  -4   1  -3  -4  -2  -1   0  -4  -1  -2  -4  -2   4   3  -6  -2  -3    6  11  10   0   3   1   0   3   2   6   1   4   1   1   2  33  16   0   2   2  0.53 0.37
  211 G    -3   3  -1  -1   3   5   0  -3   4  -4  -2   0  -2  -2  -5  -1  -2   3   1  -2    1  16   2   3   5  29   5   2   8   1   3   4   1   2   0   3   3   4   5   2  0.64 0.39
  212 R    -2   2   1  -3   0   0  -3  -2   2  -3  -2   3  -3  -3  -2   4  -2  -4  -2  -3    2  12   5   0   2   3   0   3   4   1   4  20   1   1   2  34   2   0   2   1  0.58 0.38
  213 S     0  -3  -2  -3  -1  -4  -3   0  -4  -5  -5  -3  -5  -2  -4   6   0  -7  -2  -5    5   1   2   1   1   0   1   8   0   1   1   1   0   2   1  68   4   0   2   0  1.32 0.66
  214 G     0  -1   3   0  -1   1  -2  -1   6  -3  -4  -2  -4  -3  -4   3   1  -5   2  -2    6   2  13   5   1   6   1   5  18   2   1   2   0   1   0  19   8   0   6   2  0.52 0.33
  215 L    -7  -6  -9  -9  -3  -7  -8  -9  -8  -3   7  -8  -3   1  -8  -8  -6  -6  -4  -3    0   0   0   0   1   0   0   0   0   0  92   0   0   6   0   0   0   0   0   1  2.24 0.84
  216 T    -1   2   1  -4  -3   1  -3  -4   0   3  -2   0   0  -3  -5   0   4  -4  -2   0    6  10   6   0   0   6   0   1   2  20   3   5   2   0   0   5  24   0   1   7  0.41 0.30
  217 K    -1   2   0  -3  -1   3   0  -2  -1   1  -1   1  -1  -3  -4   0   1  -4  -1   1    5  11   3   0   1  14   6   2   2  10   5  10   1   1   0   7   9   0   2  11  0.19 0.18
  218 H    -8  -7  -6  -8 -10  -5  -6  -9  12 -10  -9  -7  -8  -8  -9  -7  -8  -9  -4 -10    0   0   0   0   0   0   0   0 100   0   0   0   0   0   0   0   0   0   0   0  4.55 1.39
  219 V    -5   0  -4  -4  -3   7   1  -6   2  -3  -3   2   1  -5  -6  -4  -5   0  -2  -4    0   5   0   0   1  55   9   0   5   2   3  10   3   0   0   1   0   1   1   1  1.45 0.69
  220 R    -5   8  -4  -7  -5  -2  -5  -5  -4  -2  -4   1  -3  -8  -7  -3  -4  -5  -6  -5    1  79   1   0   0   1   0   1   0   3   1   7   1   0   0   2   1   0   0   1  2.25 0.86
  221 I    -5  -5  -3  -6  -5  -6  -6  -7  -6   6  -1  -5   0  -5  -6  -2   4  -7  -6   1    0   1   1   0   0   0   0   0   0  51   4   0   2   0   0   3  28   0   0   9  1.43 0.62
  222 H    -8  -5  -6  -7  -9  -5  -6  -8  11 -10  -8  -7  -8  -8  -9  -7  -8  -9  -3 -10    0   0   0   0   0   0   0   0  99   0   0   0   0   0   0   0   0   0   0   0  4.49 1.38
  223 T    -3  -5  -3  -6  -6  -6  -6  -7  -7  -4  -6  -5  -2  -7  -6   1   8  -8  -7  -5    1   1   1   0   0   0   0   0   0   1   0   1   1   0   0   8  86   0   0   0  2.44 0.98
  224 G    -4  -2  -6  -4  -8  -6  -2   8  -7  -9  -9  -4  -8  -8  -7  -5  -6  -8  -8  -5    1   2   0   1   0   0   3  91   0   0   0   1   0   0   0   0   0   0   0   1  2.53 0.91
  225 E    -5  -5  -5  -1  -9  -1   8  -6  -6  -7  -7  -2  -5  -9  -7  -5  -6  -6  -8  -4    0   0   0   2   0   2  91   1   0   0   0   2   0   0   0   0   0   0   0   1  2.58 1.00
  226 K    -6   2  -4  -6  -8  -3  -4  -7  -6  -5  -7   8  -4  -8  -7  -5  -5  -8  -7  -7    0  10   1   0   0   0   0   0   0   1   0  86   0   0   0   0   0   0   0   0  2.53 0.95
  227 P    -5  -7  -8  -7  -6  -5  -7  -8  -5  -7  -5  -6  -8  -8   9  -3  -5 -10  -9  -7    0   0   0   0   0   1   0   0   0   0   1   0   0   0  94   2   1   0   0   0  3.28 1.16
  228 Y    -8  -8  -6  -9  -4  -7  -8  -9   2  -6  -6  -7  -7   4  -9  -7  -7  -4  10  -7    0   0   0   0   0   0   0   0   4   0   0   0   0  14   0   0   0   0  80   0  3.21 1.09
  229 E    -3   0  -2  -2  -4   1   5  -3   0  -3  -5   5  -4  -6  -4  -2   0  -7  -3  -2    2   3   2   2   0   6  34   1   2   2   0  33   0   0   0   2   5   0   1   3  0.92 0.49
  230 C    -7 -10  -9 -10  12  -9 -10  -9 -10  -8  -8 -10  -8  -9  -9  -6  -7  -9  -9  -7    0   0   0   0 100   0   0   0   0   0   0   0   0   0   0   0   0   0   0   0  4.85 1.42
  231 N    -2  -1   4  -1  -3   0   1  -2   0  -2  -1   3   0  -4  -2   2   1  -6  -4  -3    2   3  19   2   0   3   7   3   3   2   7  22   3   0   2  14   7   0   0   1  0.40 0.29
  232 E    -5  -4  -4   1  -8   4   7  -6   0  -4  -5  -2  -4  -8  -6  -5  -4  -7  -4  -2    1   0   0   8   0  17  63   0   2   1   1   2   0   0   0   0   1   0   1   3  1.67 0.74
  233 C    -7 -10  -9 -10  12  -9 -10  -9 -10  -8  -8 -10  -8  -7  -9  -7  -7  -9  -7  -7    0   0   0   0 100   0   0   0   0   0   0   0   0   0   0   0   0   0   0   0  4.85 1.42
  234 G    -5  -4  -3  -2  -8  -5  -1   7  -5  -9  -9  -5  -8  -8  -7  -3  -6  -8  -8  -8    0   1   1   2   0   0   4  89   0   0   0   0   0   0   0   2   0   0   0   0  2.43 0.88
  235 K    -6   0  -4  -6  -9   0  -2  -7  -6  -6  -7   8  -3  -9  -7  -6  -6  -8  -7  -8    0   3   1   0   0   3   2   0   0   0   0  90   1   0   0   0   0   0   0   0  2.62 0.98
  236 A     5  -2  -2  -3   2  -4  -4  -1  -4  -4  -5  -4  -4  -4  -4   4   2  -6  -4  -2   41   2   1   1   4   0   0   5   0   1   1   0   0   1   0  27  12   0   0   2  0.90 0.50
  237 Y    -8  -9  -9 -10  -5  -9  -9  -9  -7  -5  -5  -9  -6  10 -10  -8  -8  -5  -1  -7    0   0   0   0   0   0   0   0   0   0   0   0   0  98   0   0   0   0   1   0  3.67 1.17
  238 N    -1   2   2  -4   0  -3  -4  -2  -1   0  -4   0  -3  -4  -4   4   3  -5  -1  -3    5  12  11   0   2   0   0   2   1   7   1   5   0   0   0  34  16   0   2   1  0.61 0.40
  239 R    -3   3  -1  -1   2   5   0  -4   3  -4  -2  -1  -3  -3  -5   0  -1   2   1  -1    1  17   2   4   5  29   4   1   8   0   3   3   0   1   0   6   3   3   4   4  0.64 0.39
  240 F    -2   2   2  -3  -3  -1  -3  -2   2  -3  -2   3  -3  -1  -3   4  -2  -5  -1  -3    2  12   8   1   1   2   0   3   4   2   4  19   1   3   1  34   1   0   2   1  0.58 0.38
  241 Y     0  -3  -2  -3  -1  -3  -4   0  -4  -3  -4  -3  -6  -3  -3   6   0  -5  -2  -4    5   1   1   1   1   1   1   8   0   2   1   2   0   1   1  65   5   0   2   1  1.22 0.63
  242 L     0  -1   3   1  -3   1  -2   0   6  -3  -3  -2  -3  -3  -3   2   0  -5   2  -3    6   3  14   6   1   6   2   6  17   1   2   2   0   1   1  17   7   0   7   2  0.47 0.31
  243 L    -6  -6  -8  -9  -2  -7  -8  -9  -4  -3   7  -8  -3   1  -7  -8  -6  -7  -4  -4    0   0   0   0   1   0   0   0   1   0  92   0   0   4   0   0   0   0   1   1  2.22 0.84
  244 T    -1   1   1  -3  -2   1  -3  -4  -1   3  -1   0   0  -3  -4   0   4  -5  -2   0    5   9   6   1   1   7   1   0   2  18   4   5   2   1   0   6  26   0   1   6  0.38 0.28
  245 E    -1   2  -1  -3  -2   3   0  -2  -1   1  -1   1  -1  -3  -4   0   0  -4   0   1    4  14   2   1   1  17   5   3   1  10   4  10   1   0   0   8   7   0   3   9  0.25 0.22
  246 H    -8  -7  -6  -8 -10  -6  -6  -9  12 -10  -9  -7  -8  -8  -9  -7  -8  -9  -5 -10    0   0   0   0   0   0   0   0 100   0   0   0   0   0   0   0   0   0   0   0  4.59 1.40
  247 F    -5   1  -4  -4  -3   7   1  -5   3  -4  -3   1   1  -4  -6  -5  -5  -2  -3  -3    0   6   0   0   1  56   8   1   5   1   3   9   4   1   0   0   0   1   1   2  1.48 0.69
  248 K    -6   8  -4  -6  -6  -3  -5  -6  -2  -2  -4   2  -3  -7  -6  -3  -4  -8  -6  -4    0  78   0   0   0   1   0   1   1   2   2   9   1   0   0   2   1   0   0   1  2.21 0.85
  249 T    -5  -6  -4  -6  -4  -6  -7  -6  -5   7  -2  -5  -1  -5  -7  -3   4  -7  -6   1    0   0   1   0   0   0   0   0   0  54   2   0   1   0   0   2  28   0   0   9  1.60 0.67
  250 H    -8  -7  -6  -7 -10  -5  -6  -8  12 -10  -9  -7  -8  -8  -9  -7  -8  -9  -4 -10    0   0   0   0   0   0   0   0  99   0   0   0   0   0   0   0   0   0   0   0  4.54 1.39
  251 T    -4  -5  -2  -6  -4  -6  -6  -6  -6  -4  -6  -4  -4  -6  -6   1   8  -8  -7  -5    1   1   2   0   0   0   0   0   0   1   0   1   0   0   0   8  85   0   0   0  2.37 0.96
  252 E    -3  -2  -5  -5  -8  -6  -2   8  -7  -9  -7  -4  -8  -8  -7  -5  -7  -8  -8  -6    1   2   0   0   0   0   3  91   0   0   0   1   0   0   0   0   0   0   0   0  2.52 0.91
  253 E    -5  -6  -5  -1  -9  -2   8  -8  -6  -9  -6  -2  -7  -9  -7  -6  -5  -9  -8  -5    0   0   0   2   0   1  91   0   0   0   1   2   0   0   0   0   0   0   0   1  2.63 1.02
  254 K    -6   3  -4  -6  -6  -3  -4  -6  -6  -7  -7   8  -4  -9  -7  -6  -4  -8  -7  -8    0  12   1   0   0   1   0   0   0   0   0  85   0   0   0   0   1   0   0   0  2.51 0.95
  255 P    -5  -6  -8  -7  -3  -5  -7  -7  -3  -8  -4  -6  -6  -7   9  -4  -6 -10  -9  -8    1   0   0   0   1   0   0   0   1   0   2   0   0   0  93   1   0   0   0   0  3.26 1.15
  256 F    -8  -8  -8  -9  -4  -7  -8  -9   2  -5  -6  -8  -7   4  -9  -7  -7  -4  10  -7    0   0   0   0   0   0   0   0   4   0   0   0   0  15   0   0   0   0  80   0  3.21 1.10
  257 E    -3  -2  -2  -2  -6   2   5  -4  -1  -3  -5   5  -4  -6  -4  -2   0  -7  -4  -1    2   1   1   1   0   7  34   1   1   2   1  34   0   0   1   3   5   0   0   5  0.96 0.50
  258 C    -7 -10  -9 -10  12  -9 -10  -9 -10  -8  -8 -10  -8  -7  -9  -7  -7  -3  -9  -7    0   0   0   0  99   0   0   0   0   0   0   0   0   0   0   0   0   0   0   0  4.83 1.41
  259 K    -2  -1   4  -1  -4   0   0  -2  -1  -3  -1   3   0  -4  -1   2   1  -6  -4  -3    1   2  21   3   0   4   6   3   1   1   6  21   3   1   2  16   8   0   0   1  0.45 0.31
  260 V    -4  -3  -4   1  -8   3   7  -6   1  -4  -5  -1  -5  -8  -6  -5  -4  -6  -5  -1    1   1   0   7   0  14  63   0   3   1   1   3   0   0   0   0   1   0   0   4  1.59 0.71
  261 C    -7 -10  -9 -10  12  -9 -10  -9 -10  -8  -8 -10  -8  -9  -9  -7  -7  -9  -9  -7    0   0   0   0 100   0   0   0   0   0   0   0   0   0   0   0   0   0   0   0  4.88 1.42
  262 G    -4  -2  -4  -2  -6  -5  -2   7  -5  -9  -8  -4  -8  -8  -7  -3  -6  -6  -8  -8    1   2   1   2   0   1   3  88   0   0   0   1   0   0   0   2   0   0   0   0  2.33 0.86
  263 K    -6  -1  -4  -6  -9  -1  -3  -7  -6  -6  -8   8  -3  -9  -7  -5  -5  -9  -7  -8    0   3   1   0   0   2   1   0   0   0   0  91   1   0   0   0   0   0   0   0  2.67 0.99
  264 S     4  -1  -3  -3   2  -4  -5  -1  -4  -4  -5  -3  -3  -2  -3   4   2  -6  -4  -2   40   3   1   1   4   0   0   3   0   1   0   1   0   2   1  28  12   0   0   3  0.85 0.48
  265 F    -8  -9  -9 -10  -5  -9  -9  -9  -7  -5  -4  -9  -6  10 -10  -8  -8  -5  -2  -7    0   0   0   0   0   0   0   0   0   0   1   0   0  98   0   0   0   0   1   0  3.65 1.16
  266 R    -1   3   2  -4   0  -3  -4  -2  -2   0  -4  -1  -2  -5  -4   4   3  -6  -1  -2    5  14   8   0   2   1   0   2   1   6   1   3   1   0   0  35  17   0   2   2  0.63 0.41
  267 S    -3   3  -1   0   2   5   0  -4   4  -3  -3  -1  -1  -2  -5   0  -1   3   1  -3    1  15   3   4   5  28   4   1   9   1   3   3   1   1   0   7   3   4   5   2  0.61 0.37
  268 S    -2   2   2  -3  -1   0  -3  -2   0  -3  -3   3  -2  -2  -2   4  -1  -6  -1  -4    3  13   8   1   1   4   0   2   3   2   3  17   1   2   2  35   2   0   2   1  0.56 0.37
  269 S    -1  -2  -2  -4  -3  -3  -3   1  -3  -5  -6  -3  -5  -5  -4   6   0  -7  -2  -5    5   2   1   1   0   1   1   8   1   1   0   1   0   1   0  69   5   0   2   1  1.39 0.69
  270 C     0  -1   3   0   0   1  -1  -1   5  -2  -4  -2  -3  -3  -3   3   1  -5   1  -3    7   3  14   5   2   5   2   4  16   2   1   2   0   0   1  20   7   0   6   2  0.44 0.30
  271 L    -7  -6  -8  -9  -3  -7  -8  -9  -4  -3   7  -8  -3   2  -8  -7  -6  -4  -3  -3    0   0   0   0   0   0   0   0   1   0  90   0   0   6   0   0   0   0   1   1  2.14 0.81
  272 K     0   1   0  -4  -2   1  -3  -4   0   3  -1   0  -1  -3  -4   0   3  -2  -2   1    6   9   5   0   1   7   0   1   2  20   4   6   1   1   0   6  21   1   1   8  0.34 0.26
  273 N    -1   2  -1  -2  -2   3   0  -3   0   1  -1   2  -1  -2  -4   0   1  -4   0   1    4  12   3   1   1  14   5   1   2   9   6  13   1   1   0   8   7   0   3  10  0.20 0.18
  274 H    -8  -7  -6  -8 -10  -4  -6  -8  12 -10  -9  -7  -8  -8  -9  -7  -8  -9  -4 -10    0   0   0   0   0   0   0   0  99   0   0   0   0   0   0   0   0   0   0   0  4.54 1.39
  275 F    -6   1  -3  -5  -4   7   1  -6   3  -3  -3   2   1  -4  -6  -4  -4  -1  -3  -5    0   7   1   0   1  55   7   0   5   2   3  11   4   1   0   0   0   1   1   1  1.50 0.70
  276 R    -6   8  -4  -7  -8  -2  -5  -5  -5  -2  -4   1  -3  -8  -6  -4  -4  -5  -7  -5    0  81   1   0   0   2   0   1   0   3   2   7   1   0   0   1   1   0   0   1  2.30 0.88
  277 I    -5  -6  -4  -7  -4  -6  -7  -7  -6   7  -2  -6   0  -4  -7  -2   4  -7  -5   2    0   0   1   0   0   0   0   0   0  53   3   0   2   0   0   3  26   0   0  10  1.51 0.64
  278 H    -8  -6  -6  -7  -9  -4  -6  -8  11 -10  -9  -7  -8  -8  -9  -7  -8  -9  -3 -10    0   0   0   0   0   1   0   0  99   0   0   0   0   0   0   0   0   0   0   0  4.50 1.38
  279 T    -4  -4  -3  -6  -5  -6  -6  -6  -7  -4  -6  -5  -5  -7  -5   1   8  -8  -7  -5    1   1   1   0   0   0   0   0   0   1   0   0   0   0   1   9  85   0   0   0  2.41 0.97
  280 G    -4  -3  -5  -6  -5  -6  -3   8  -7  -8  -8  -5  -8  -9  -8  -6  -6  -8  -8  -7    1   1   0   0   0   0   2  94   0   0   0   0   0   0   0   0   0   0   0   0  2.67 0.95
  281 I    -4  -5  -4  -1  -9  -2   8  -5  -4  -4  -7  -1  -6  -8  -7  -5  -6  -8  -7  -4    1   0   0   3   0   1  87   1   0   1   0   3   0   0   0   0   0   0   0   2  2.40 0.95
  282 K    -6   3  -4  -6  -9  -4  -5  -6  -6  -8  -8   8  -7  -9  -7  -4  -5  -8  -7  -8    0  12   1   0   0   0   0   0   0   0   0  86   0   0   0   1   1   0   0   0  2.59 0.97
  283 P    -6  -5  -8  -7  -9  -5  -6  -8  -4  -8  -5  -7  -8  -9   9  -3  -5 -10  -9  -8    0   1   0   0   0   0   0   0   1   0   1   0   0   0  94   2   0   0   0   0  3.30 1.16
  284 Y    -8  -8  -6  -9  -3  -6  -8  -9   2  -7  -6  -8  -7   4  -9  -8  -7  -4  10  -7    0   0   0   0   1   0   0   0   4   0   0   0   0  13   0   0   0   0  81   0  3.24 1.10
  285 K    -3   0  -2  -3  -5   2   5  -4   0  -3  -5   5  -4  -6  -5  -2   0  -7  -3  -1    1   3   1   1   0   8  34   1   2   1   0  33   0   0   0   2   6   0   1   4  0.98 0.51
  286 C    -7 -10  -9 -10  12  -9 -10  -9 -10  -8  -8 -10  -8  -9  -9  -7  -7  -9  -9  -7    0   0   0   0 100   0   0   0   0   0   0   0   0   0   0   0   0   0   0   0  4.88 1.42
  287 K    -2  -1   4   0  -4   0   0  -2   0  -3  -1   3   0  -4  -1   2   0  -6  -4  -3    2   2  22   4   0   3   7   3   2   1   7  20   3   0   3  14   6   0   0   1  0.41 0.29
  288 E    -5  -3  -4   1  -8   4   7  -7  -1  -4  -5  -2  -4  -8  -6  -5  -3  -8  -5  -3    1   1   0   8   0  17  63   0   1   1   1   2   0   0   0   0   1   0   0   2  1.68 0.74
  289 C    -7 -10  -9 -10  12  -9 -10  -9 -10  -8  -8 -10  -8  -9  -9  -7  -7  -9  -9  -7    0   0   0   0 100   0   0   0   0   0   0   0   0   0   0   0   0   0   0   0  4.88 1.42
  290 G    -4  -3  -4  -2  -8  -5  -2   7  -5  -9  -8  -6  -5  -7  -6  -3  -6  -6  -7  -8    1   2   1   3   0   0   3  87   0   0   0   0   0   0   0   2   0   0   0   0  2.31 0.85
  291 K    -6   0  -3  -6  -9  -1  -3  -7  -4  -8  -7   8  -5  -9  -7  -5  -5  -9  -7  -7    0   4   1   0   0   2   1   0   0   0   0  90   0   0   0   0   0   0   0   0  2.63 0.98
  292 A     5  -2  -3  -3   2  -4  -5   0  -3  -5  -5  -4  -5  -3  -4   4   2  -5  -5  -2   40   2   1   1   4   0   0   5   1   0   0   1   0   1   0  27  13   0   0   3  0.91 0.51
  293 F    -8  -9  -9 -10  -6  -9  -9  -9  -7  -6  -5  -9  -6  10 -10  -7  -8  -5  -1  -7    0   0   0   0   0   0   0   0   0   0   0   0   0  98   0   0   0   0   1   0  3.65 1.16
  294 T    -1   2   2  -4   1  -3  -4  -2  -1   0  -4  -1  -3  -5  -4   4   3  -4  -2  -3    5  12   9   0   3   0   0   3   1   6   1   4   0   0   0  34  18   0   1   1  0.62 0.40
  295 V    -4   3  -1   0   3   5  -1  -3   4  -3  -2  -1  -1  -2  -5   0  -1   2   1  -1    0  14   2   5   5  29   3   2   8   1   4   2   1   2   0   7   3   3   4   4  0.58 0.37
  296 S    -2   3   2  -4   0   0  -3  -2   2  -3  -3   3  -3  -3  -3   4  -2  -2  -2  -4    2  14   8   0   2   4   0   3   5   2   3  17   1   1   1  34   1   1   1   1  0.61 0.40
  297 S     0  -2  -2  -3  -3  -3  -3   0  -4  -5  -5  -3  -5  -4  -3   6   0  -4  -1  -4    6   2   1   1   1   1   2   7   0   1   1   1   0   1   1  67   4   0   2   1  1.31 0.66
  298 S     0  -2   2   0  -2   1  -2   0   6  -3  -4  -1  -3  -3  -4   3   0  -5   2  -2    6   2  11   4   1   7   2   6  18   1   1   3   0   1   1  20   7   0   8   3  0.47 0.31
  299 L    -6  -6  -8  -9  -2  -7  -8  -9  -5  -3   7  -8  -3   1  -8  -7  -6  -5  -4  -3    0   0   0   0   1   0   0   0   0   1  90   0   0   6   0   0   0   0   0   1  2.15 0.81
  300 H    -1   1   1  -3  -3   1  -3  -4   1   3  -1   0  -1  -2  -4   0   3  -1  -2   0    5   9   6   1   0   6   0   1   3  19   4   4   1   1   0   6  24   1   1   7  0.34 0.27
  301 N    -1   2  -1  -2  -1   3   0  -2  -1   1  -1   1   0  -2  -4   1   1  -4   0   0    5  13   3   1   1  15   5   2   1   9   4   9   2   1   0   9   8   0   3   8  0.19 0.18
  302 H    -8  -7  -6  -8  -9  -6  -6  -8  12 -10  -9  -7  -8  -8  -9  -7  -8  -9  -2 -10    0   0   0   0   0   0   0   0  99   0   0   0   0   0   0   0   0   0   1   0  4.53 1.39
  303 V    -5   1  -4  -4  -8   8   1  -5   2  -3  -4   1   2  -6  -6  -5  -5  -1  -3  -4    0   8   0   0   0  58   8   1   5   2   2   9   4   0   0   0   0   1   1   1  1.58 0.73
  304 K    -5   8  -4  -7  -8  -2  -5  -6  -3  -2  -5   2  -2  -8  -7  -3  -3  -4  -7  -5    1  77   0   0   0   2   0   1   1   3   1  10   1   0   0   2   1   0   0   1  2.20 0.85
  305 I    -4  -6  -4  -7  -3  -6  -7  -6  -7   7  -1  -5   0  -3  -7  -3   4  -7  -6   2    1   0   1   0   0   0   0   0   0  53   3   0   2   1   0   2  24   0   0  11  1.46 0.62
  306 H    -8  -7  -5  -8 -10  -6  -6  -8  12 -10  -9  -7  -8  -8  -7  -7  -8  -9  -4 -10    0   0   0   0   0   0   0   0 100   0   0   0   0   0   0   0   0   0   0   0  4.55 1.39
  307 T    -3  -5  -3  -5  -6  -6  -6  -7  -7  -4  -6  -6  -5  -8  -5   1   8  -8  -7  -6    2   0   1   0   0   0   0   0   0   1   0   0   0   0   0   8  86   0   0   0  2.45 0.98
  308 G    -4  -2  -5  -5  -8  -6  -4   8  -7  -9  -8  -6  -8  -9  -7  -5  -7  -8  -8  -7    1   2   0   1   0   0   1  94   0   0   0   0   0   0   0   0   0   0   0   0  2.68 0.95
  309 E    -5  -5  -5  -2  -9  -2   8  -5  -6  -9  -7  -3  -6  -9  -7  -6  -6  -8  -7  -4    0   0   0   2   0   1  91   1   0   0   0   1   0   0   0   0   0   0   0   1  2.59 1.01
  310 K    -6   3  -4  -6  -9  -4  -4  -6  -6  -6  -8   8  -5  -9  -7  -5  -4  -8  -7  -8    0  12   1   0   0   0   0   0   0   0   0  85   0   0   0   0   1   0   0   0  2.55 0.96
  311 P    -5  -6  -8  -7  -6  -6  -7  -8  -7  -8  -4  -7  -8  -7   9  -2  -5 -10  -9  -7    1   0   0   0   0   0   0   0   0   0   2   0   0   0  92   3   1   0   0   0  3.22 1.14
  312 Y    -8  -8  -7  -9  -7  -7  -8  -9   2  -6  -6  -8  -7   4  -9  -8  -8  -3  10  -7    0   0   0   0   0   0   0   0   4   0   0   0   0  12   0   0   0   0  83   0  3.33 1.13
  313 E    -3  -1  -2  -2  -7   1   5  -4   0  -3  -5   5  -4  -7  -4  -1   0  -7  -4  -2    1   2   2   1   0   6  35   1   2   2   1  33   0   0   1   3   7   0   0   4  0.95 0.50
  314 C    -7  -7  -9 -10  12  -9 -10  -9  -9  -8  -8  -9  -8  -9  -9  -6  -7  -9  -6  -7    0   0   0   0  99   0   0   0   0   0   0   0   0   0   0   0   0   0   0   0  4.78 1.40
  315 K    -3  -1   4  -1  -2   0   0  -2  -1  -3  -1   3   0  -4  -1   2   1  -5  -3  -3    1   3  20   3   1   3   6   3   1   1   6  19   3   1   3  17   8   0   1   1  0.40 0.29
  316 D    -4  -4  -4   2  -8   4   7  -6   0  -4  -5  -1  -4  -7  -5  -4  -4  -8  -7  -2    1   0   0   9   0  18  60   0   2   1   1   3   1   0   0   0   1   0   0   4  1.61 0.72
  317 C    -7  -8  -9 -10  12  -9 -10  -9 -10  -8  -8 -10  -8  -9  -9  -7  -7  -9  -6  -7    0   0   0   0 100   0   0   0   0   0   0   0   0   0   0   0   0   0   0   0  4.83 1.41
  318 G    -4  -3  -3  -2  -6  -6  -2   7  -5  -9  -9  -5  -8  -7  -7  -3  -6  -2  -8  -7    0   2   1   2   0   0   4  87   0   0   0   1   0   0   0   2   0   1   0   0  2.31 0.85
  319 K    -6   0  -4  -6  -9  -1  -4  -7  -6  -7  -8   8  -3  -9  -7  -5  -5  -9  -7  -8    0   3   1   0   0   2   0   0   0   0   0  91   1   0   0   0   0   0   0   0  2.70 1.00
  320 A     5  -2  -3  -4   2  -4  -4  -1  -4  -4  -5  -4  -4  -4  -4   4   2  -6  -3  -2   43   2   1   1   4   0   0   4   0   1   0   1   0   1   1  26  12   0   1   2  0.92 0.51
  321 F    -8  -9  -9 -10  -6  -9  -9  -9  -7  -6  -5  -9  -6  10 -10  -8  -8  -5  -1  -7    0   0   0   0   0   0   0   0   0   0   1   0   0  98   0   0   0   0   1   0  3.68 1.17
  322 A     0   2   2  -4   1  -3  -4  -2  -2   0  -4  -1  -4  -4  -3   4   3  -3  -2  -3    7  12  11   0   3   1   0   2   1   7   1   3   0   0   1  32  17   0   2   1  0.58 0.39
  323 T    -3   3  -1  -1   2   5   0  -3   4  -4  -2  -1  -2  -2  -5  -1   0   3   0  -2    1  14   3   4   5  29   5   2   9   1   3   3   1   1   0   5   5   4   4   3  0.60 0.37
  324 S    -2   2   1  -3  -1   0  -3  -2   2  -4  -3   3  -2  -4  -2   5  -2  -4  -2  -4    2  11   6   1   1   3   0   3   4   1   2  17   1   0   2  40   1   0   1   1  0.70 0.43
  325 S     0  -3  -2  -4  -2  -4  -3   0  -4  -3  -5  -4  -5  -5  -4   7   0  -4  -3  -4    5   1   1   1   1   0   1   8   0   1   1   1   0   1   1  69   5   0   1   1  1.41 0.69
  326 Q     0  -2   3   0   0   1  -2  -1   5  -3  -4  -2  -3  -4  -3   3   1  -5   2  -2    7   2  15   6   2   6   2   4  14   1   2   2   0   0   1  20   8   0   6   2  0.45 0.31
  327 L    -6  -6  -8  -9  -2  -7  -8  -9  -5  -3   7  -8  -2   1  -8  -7  -6  -7  -5  -3    0   0   0   0   1   0   0   0   0   0  92   0   0   5   0   0   0   0   0   1  2.20 0.83
  328 I    -1   2   1  -3  -3   1  -3  -4   0   3  -1   0  -1  -3  -3   0   3  -3  -3   1    6  10   6   0   0   7   0   1   3  21   3   5   1   1   1   5  22   0   0   8  0.36 0.27
  329 E    -1   2  -1  -2  -2   3   0  -2  -1   1  -1   1   0  -3  -4   0   1  -4  -1   1    4  12   2   1   1  14   6   3   2   7   5  11   2   0   0   7   8   0   2  12  0.20 0.18
  330 H    -8  -7  -6  -8 -10  -6  -6  -9  12 -10  -9  -7  -8  -8  -9  -7  -8  -9  -5 -10    0   0   0   0   0   0   0   0 100   0   0   0   0   0   0   0   0   0   0   0  4.59 1.40
  331 I    -5   1  -2  -5  -3   7   1  -5   3  -2  -3   1   0  -7  -6  -5  -4  -1  -3  -5    0   6   1   0   1  57   9   1   5   2   3   9   3   0   0   0   0   1   1   1  1.51 0.70
  332 R    -5   8  -5  -7  -8  -2  -5  -5  -4  -3  -6   1  -2  -7  -7  -3  -4  -6  -7  -6    1  82   0   0   0   1   0   1   0   2   1   7   1   0   0   2   1   0   0   1  2.41 0.91
  333 T    -4  -5  -3  -7  -5  -6  -6  -6  -7   6  -2  -6   0  -5  -6  -3   4  -7  -6   2    1   0   1   0   0   0   0   1   0  50   3   0   2   0   0   2  29   0   0  10  1.47 0.63
  334 H    -8  -7  -6  -7  -9  -6  -6  -8  12 -10  -9  -7  -8  -8  -6  -7  -8  -9  -4  -9    0   0   0   0   0   0   0   0  99   0   0   0   0   0   0   0   0   0   0   0  4.53 1.39
  335 T    -4  -5  -4  -6  -5  -6  -6  -7  -6  -5  -7  -5  -5  -8  -7   1   8  -8  -7  -5    1   0   1   0   0   0   0   0   0   0   0   0   0   0   0   9  88   0   0   0  2.55 1.01
  336 G    -4  -2  -5  -5  -6  -6  -4   8  -5  -7  -9  -5  -8  -8  -7  -5  -6  -8  -8  -7    1   2   0   0   0   0   1  93   0   0   0   0   0   0   0   0   0   0   0   0  2.60 0.93
  337 E    -6  -5  -5  -2  -9  -2   8  -6  -6  -8  -7  -2  -6  -9  -7  -5  -6  -8  -7  -5    0   0   0   2   0   1  92   0   0   0   0   2   0   0   0   0   0   0   0   1  2.66 1.02
  338 K    -6   3  -5  -6  -9  -4  -4  -7  -6  -7  -8   8  -5  -9  -7  -5  -5  -6  -7  -8    0  12   0   0   0   0   0   0   0   0   0  86   0   0   0   0   0   0   0   0  2.60 0.97
  339 P    -6  -5  -8  -7  -7  -6  -7  -8  -3  -9  -5  -7  -8  -9   9  -3  -6 -10  -9  -8    0   1   0   0   0   0   0   0   1   0   1   0   0   0  94   2   0   0   0   0  3.32 1.17
  340 Y    -8  -7  -7  -9  -3  -7  -8  -9   3  -6  -6  -8  -7   4  -9  -5  -7  -4  10  -7    0   0   0   0   1   0   0   0   6   0   0   0   0  13   0   1   0   0  78   0  3.13 1.08
  341 I    -3   0  -2  -3  -4   1   5  -3  -1  -3  -6   5  -2  -6  -5  -2   0  -7  -4  -1    2   3   2   1   0   6  33   1   1   1   0  34   1   0   0   2   5   0   1   4  0.94 0.49
  342 C    -7  -7  -9 -10  12  -9 -10  -9  -9  -7  -8 -10  -8  -6  -9  -6  -7  -9  -6  -7    0   0   0   0  99   0   0   0   0   0   0   0   0   0   0   0   0   0   0   0  4.75 1.40
  343 K    -2  -1   4   0  -3   0   0  -2  -1  -3  -1   3   0  -4  -1   2   1  -5  -4  -3    2   2  22   3   0   4   6   2   1   1   6  19   3   0   3  15   8   0   0   1  0.41 0.29
  344 E    -4  -4  -5   2  -6   4   7  -7   0  -4  -6  -1  -5  -8  -6  -5  -4  -8  -6  -3    1   0   0   8   0  17  63   0   2   1   1   3   0   0   0   0   1   0   0   2  1.69 0.74
  345 C    -7  -8  -9 -10  12  -9 -10  -9  -9  -8  -8 -10  -8  -9  -9  -7  -7  -9  -3  -7    0   0   0   0  99   0   0   0   0   0   0   0   0   0   0   0   0   0   1   0  4.77 1.40
  346 G    -4  -2  -3  -2  -8  -4  -2   7  -6  -9  -9  -4  -8  -8  -7  -3  -7  -4  -8  -7    0   2   1   2   0   1   3  88   0   0   0   1   0   0   0   1   0   0   0   0  2.33 0.86
  347 K    -6  -1  -4  -6  -9  -1  -3  -7  -6  -7  -8   8  -2  -9  -7  -5  -5  -6  -7  -8    0   3   1   0   0   2   1   0   0   0   0  91   1   0   0   0   0   0   0   0  2.68 1.00
  348 T     5  -2  -3  -3   3  -4  -4  -1  -3  -4  -5  -4  -4  -4  -3   4   2  -7  -4  -2   42   2   1   1   5   0   0   4   0   1   0   0   0   1   1  28  11   0   0   2  0.94 0.51
  349 F    -8  -9  -9 -10  -7  -9  -9  -9  -7  -5  -4  -9  -6  10 -10  -8  -8  -5  -1  -6    0   0   0   0   0   0   0   0   0   0   1   0   0  97   0   0   0   0   2   0  3.60 1.15
  350 R     0   2   2  -4   1  -3  -4  -3  -1   0  -5  -1  -4  -4  -4   4   3  -6  -2  -3    7  13   9   0   3   0   0   2   1   5   0   3   0   1   0  36  16   0   2   1  0.67 0.42
  351 A    -3   3  -2   0   2   5   0  -4   3  -4  -2  -1  -2  -3  -5  -1  -2   3   1  -2    2  17   2   4   5  30   4   1   8   1   4   3   1   1   0   5   2   4   4   3  0.66 0.40
  352 S    -2   2   2  -4   0   0  -3  -3   1  -3  -3   3  -2  -3  -2   4  -1  -2  -1  -4    2  12  10   0   2   3   0   2   4   2   2  19   1   1   2  33   2   1   2   1  0.60 0.39
  353 S     0  -3  -2  -4  -3  -4  -3   1  -5  -5  -5  -4  -4  -4  -4   6   0  -7  -3  -4    6   1   1   1   0   0   1   9   0   0   1   0   0   1   1  68   6   0   1   1  1.39 0.69
  354 H    -1  -2   3   0  -2   1  -2  -1   6  -3  -4  -2  -3  -3  -5   3   1  -5   2  -3    5   2  14   5   1   5   2   4  19   2   1   2   0   1   0  21   7   0   7   2  0.59 0.36
  355 L    -6  -6  -8  -9  -2  -7  -8  -9  -4  -3   7  -7  -2   1  -8  -6  -6  -6  -4  -3    0   0   0   0   1   0   0   0   0   0  90   0   1   6   0   0   0   0   0   1  2.15 0.81
  356 Q    -1   1   1  -3  -3   1  -3  -4   0   3  -2   0  -1  -4  -4   0   4  -3  -3   0    6   9   7   1   0   8   0   0   3  20   3   5   1   0   0   6  26   0   1   5  0.44 0.31
  357 K    -1   2  -1  -3  -2   3   0  -2  -1   1  -1   1  -1  -3  -4   0   1  -3  -1   1    4  14   2   1   1  15   5   2   1   8   6  10   1   1   0   8   8   0   2  12  0.22 0.20
  358 H    -8  -6  -6  -7  -9  -5  -6  -8  11  -9  -9  -7  -8  -7  -8  -6  -8  -9  -3  -9    0   0   0   0   0   0   0   0  98   0   0   0   0   0   0   0   0   0   1   0  4.46 1.37
  359 V    -5   1  -4  -5  -7   7   1  -6   2  -3  -3   2   1  -7  -6  -4  -4  -4  -2  -3    0   6   0   0   0  56   8   0   5   2   3  10   3   0   0   1   1   0   1   2  1.51 0.70
  360 R    -5   8  -5  -7  -7  -3  -5  -5  -4  -2  -5   1  -2  -8  -7  -2  -4  -4  -7  -5    0  81   0   0   0   1   0   1   0   3   1   6   1   0   0   3   1   0   0   1  2.33 0.88
  361 I    -5  -5  -4  -7  -4  -6  -6  -6  -6   7  -2  -5   0  -4  -6  -2   4  -7  -5   2    0   0   1   0   0   0   0   0   0  54   3   1   2   0   0   3  23   0   0  11  1.45 0.62
  362 H    -8  -6  -4  -7  -5  -5  -6  -8  11  -9  -9  -7  -8  -7  -7  -7  -8  -9  -4  -9    0   0   0   0   0   0   0   0  98   0   0   0   0   0   0   0   0   0   0   0  4.45 1.37
  363 T    -4  -5  -3  -6  -5  -6  -6  -7  -7  -4  -7  -5  -2  -7  -7   1   8  -8  -7  -5    1   0   1   0   0   0   0   0   0   1   0   0   1   0   0   9  87   0   0   0  2.50 0.99
  364 G    -4  -2  -6  -5  -8  -7  -4   8  -7  -9  -9  -5  -8  -8  -7  -5  -7  -6  -7  -6    1   3   0   0   0   0   1  93   0   0   0   1   0   0   0   0   0   0   0   1  2.62 0.93
  365 E    -6  -6  -5  -1  -9  -2   8  -7  -5  -8  -7  -2  -6  -9  -7  -5  -6  -8  -7  -4    0   0   0   2   0   1  92   0   0   0   0   2   0   0   0   0   0   0   0   2  2.63 1.01
  366 K    -6   3  -5  -6  -9  -3  -4  -7  -6  -7  -8   8  -5  -9  -7  -5  -5  -8  -7  -8    0  13   0   0   0   1   0   0   0   0   0  85   0   0   0   0   0   0   0   0  2.57 0.96
  367 P    -6  -6  -8  -7  -9  -5  -7  -8  -3  -8  -4  -6  -8  -8   9  -4  -5  -9  -7  -8    0   1   0   0   0   0   0   0   1   0   2   0   0   0  93   2   1   0   0   0  3.24 1.15
  368 Y    -8  -8  -8  -8  -3  -7  -8  -9   1  -6  -6  -8  -7   4  -9  -6  -7  -4  10  -7    0   0   0   0   1   0   0   0   3   0   0   0   0  14   0   0   0   0  80   0  3.20 1.10
  369 I    -2  -1  -3  -2  -4   2   4  -3  -1  -3  -5   5  -3  -6  -4  -2   0  -7  -3  -2    2   3   1   1   0   7  31   2   1   2   0  36   0   0   0   3   6   0   1   4  0.90 0.48
  370 C    -7 -10  -9 -10  12  -9 -10  -7  -7  -8  -8  -9  -8  -9  -9  -7  -7  -6  -5  -7    0   0   0   0  99   0   0   0   0   0   0   0   0   0   0   0   0   0   1   0  4.75 1.39
  371 N    -2  -1   4   0  -1   0   0  -1   0  -3  -1   3   0  -4  -1   2   1  -5  -4  -3    1   2  21   3   1   4   6   4   2   1   6  17   3   0   2  15   8   0   0   2  0.36 0.27
  372 E    -3  -4  -4   1  -8   4   6  -5  -1  -3  -5   0  -5  -7  -6  -4  -4  -5  -4  -2    2   0   0   8   0  17  58   1   1   2   1   5   0   0   0   0   1   0   0   3  1.46 0.67
  373 C    -7 -10  -9 -10  12  -9 -10  -9  -5  -8  -8  -9  -8  -9  -9  -5  -7  -9  -4  -7    0   0   0   0  98   0   0   0   0   0   0   0   0   0   0   1   0   0   1   0  4.72 1.39
  374 G    -5  -4  -4  -3  -5  -5  -2   7  -6  -9  -9  -5  -8  -8  -7  -2  -6  -1  -7  -6    0   1   1   1   0   1   3  88   0   0   0   1   0   0   0   2   0   1   0   0  2.37 0.87
  375 K    -6   0  -3  -6  -9  -1  -3  -7  -5  -8  -8   8  -2  -9  -7  -5  -6  -6  -7  -8    0   4   1   0   0   2   1   0   0   0   0  90   1   0   0   1   0   0   0   0  2.64 0.98
  376 A     5  -2  -2  -3   3  -4  -4   0  -4  -4  -5  -3  -3  -4  -4   4   2  -6  -5  -2   41   2   1   1   5   0   0   5   0   1   0   1   0   1   1  26  11   0   0   3  0.87 0.49
  377 Y    -8  -9  -9 -10  -8  -9  -9  -9  -7  -6  -5  -9  -6  10 -10  -7  -8  -5   0  -6    0   0   0   0   0   0   0   0   0   0   0   0   0  97   0   0   0   0   3   0  3.62 1.15
  378 N    -1   2   2  -4   1  -3  -4  -2  -2   0  -4  -1  -2  -4  -3   4   3  -5  -2  -3    5  13   9   0   2   1   0   2   1   7   1   3   1   0   1  34  17   0   1   1  0.60 0.40
  379 R    -4   4  -2  -1   2   6  -1  -5   4  -5  -2  -2  -3  -3  -6  -1  -1   3   0  -3    1  20   2   3   5  33   3   1   9   0   3   2   0   1   0   5   3   5   3   2  0.89 0.49
  380 F    -2   3   1  -4   0  -1  -3  -2   2  -3  -2   3  -3  -3  -2   4  -2  -2  -1  -4    1  13   7   0   2   2   0   2   5   1   3  17   1   1   2  37   1   1   2   1  0.64 0.41
  381 Y    -1  -2  -2  -3  -2  -3  -4   0  -4  -3  -6  -3  -4  -4  -4   6   0  -5  -2  -5    4   2   2   1   1   1   1   8   0   2   0   1   0   1   1  69   4   0   2   1  1.35 0.67
  382 L     0  -2   3   0  -1   0  -2  -1   6  -3  -4  -2  -4  -3  -5   3   0  -5   1  -2    7   1  16   5   1   5   2   5  18   1   1   2   0   1   0  21   5   0   5   2  0.58 0.36
  383 L    -7  -6  -8  -9  -2  -7  -8  -9  -3  -3   7  -8  -2   1  -7  -8  -6  -6  -4  -4    0   0   0   0   1   0   0   0   1   1  91   0   0   6   0   0   0   0   0   0  2.18 0.83
  384 T    -1   2   1  -3  -4   1  -3  -4   1   2  -2   0  -1  -2  -4   0   4  -4  -2   0    5  11   7   1   0   6   0   0   3  15   3   7   1   1   0   7  25   0   1   7  0.36 0.28
  385 K    -2   3   0  -3  -2   3  -1  -3   0   0  -1   3   0  -4  -4   0   0  -3  -1   1    2  18   4   0   1  14   4   1   2   6   4  16   2   0   0   8   5   0   2  10  0.32 0.25
  386 H    -8  -6  -6  -7  -9  -4  -6  -8  11 -10  -8  -7  -8  -8  -9  -7  -8  -9  -3 -10    0   0   0   0   0   0   0   0  99   0   0   0   0   0   0   0   0   0   0   0  4.48 1.38
  387 L    -4   0  -4  -5  -6   8   1  -5   3  -4  -3   2   1  -6  -6  -5  -4  -4  -4  -4    1   4   0   0   0  60   7   1   7   1   3  10   3   0   0   0   1   0   1   1  1.67 0.75
  388 K    -5   8  -4  -6  -7  -2  -3  -5  -3  -3  -5   3  -2  -8  -6  -3  -3  -4  -7  -5    1  70   1   0   0   1   1   1   1   2   1  17   1   0   0   2   2   0   0   1  2.02 0.80
  389 T    -3  -5  -3  -6  -2  -6  -6  -6  -7   6  -1  -5  -1  -3  -5  -2   4  -7  -6   2    1   1   1   0   1   0   0   0   0  49   3   1   2   1   0   3  25   0   0  13  1.30 0.58
  390 H    -8  -7  -6  -8 -10  -6  -6  -9  12 -10  -9  -7  -8  -8  -9  -7  -8  -9  -5 -10    0   0   0   0   0   0   0   0 100   0   0   0   0   0   0   0   0   0   0   0  4.59 1.40

                      K         Lambda
Standard Ungapped    0.1336     0.3195
Standard Gapped      0.0711     0.2670
PSI Ungapped         0.2323     0.3175
PSI Gapped           0.0711     0.2670
