
Last position-specific scoring matrix computed, weighted observed percentages rounded down, information per position, and relative weight of gapless real matches to pseudocounts
            A   R   N   D   C   Q   E   G   H   I   L   K   M   F   P   S   T   W   Y   V   A   R   N   D   C   Q   E   G   H   I   L   K   M   F   P   S   T   W   Y   V
    1 M    -2  -2  -3  -4  -2  -1  -3  -4  -3   1   3  -2   7  -1  -3  -2  -2  -2  -2   0    0   0   0   0   0   0   0   0   0   0  23   0  77   0   0   0   0   0   0   0  0.83 0.17
    2 R    -2   7  -1  -2  -4   2  -1  -3  -1  -4  -3   1  -2  -4  -3  -2  -2  -4  -3  -4    0  89   0   0   0  11   0   0   0   0   0   0   0   0   0   0   0   0   0   0  1.20 0.22
    3 P    -2  -3  -3  -3   2  -3  -3  -3  -3   0  -2  -3  -2   4   6  -1  -2  -3  -1  -2    0   0   0   0   5   0   0   0   0  10   0   0   0  25  54   6   0   0   0   0  1.10 0.21
    4 L    -2   4  -2  -3  -3   0  -2  -2  -2  -1   2   0  -1  -2  -1  -2   1  -3  -2   0    0  35   0   0   0   2   0   3   0   0  30   4   0   0   2   0  15   0   0   6  0.35 0.18
    5 A     3  -2  -2  -2  -2  -2   0  -2  -3  -1  -1  -1  -1  -3   3   0  -1  -3  -2   3   29   0   0   0   0   0   6   1   0   0   3   4   0   0  18   6   0   0   0  30  0.37 0.18
    6 G     2  -2  -1  -1  -2  -2   0   2  -2   0  -3  -2  -2  -3   3   2   0  -3  -3  -2   23   0   2   2   0   0   4  15   0   9   1   0   0   0  17  21   2   0   0   0  0.37 0.19
    7 G    -1  -4   1  -3  -4  -3  -4   6  -4  -5  -5  -3  -4  -5   0  -2  -1  -4  -4  -3    3   0   7   0   0   0   0  75   0   0   0   0   0   0   5   0   5   0   0   3  1.33 0.44
    8 L     1  -2  -2  -3  -2  -2  -3  -3  -3   2   2  -1   1  -1   2  -1   1  -3  -1   2   15   1   2   0   0   0   0   0   0  10  19   4   3   1  10   3   7   0   2  21  0.23 0.17
    9 L    -2   0  -4  -4  -3  -2  -3  -4  -1   3   3  -1   0   0   1  -3   0  -3  -1   2    2   6   0   0   0   1   0   0   2  17  36   4   0   4   8   0   6   0   2  14  0.36 0.23
   10 K    -1   5  -3  -3   0   0  -2  -2   2  -4  -3   4  -3   0  -4   0  -3  -4  -1  -4    5  40   0   0   2   3   0   2   6   0   2  27   0   5   0   5   0   0   2   0  0.80 0.40
   11 V     1  -4  -4  -5  -3  -4  -4  -3  -4   3   3  -4  -1   2  -4  -2  -2   0   0   3   13   0   0   0   0   0   0   1   0  17  27   0   0   9   0   1   1   1   3  26  0.51 0.29
   12 V     2  -4  -4  -4   2  -1  -4  -1  -4   1   2  -3   1   1  -4  -2  -2  -4  -2   4   18   0   0   0   4   3   0   5   0   6  17   0   3   7   0   2   1   0   0  34  0.40 0.28
   13 F     2  -1  -2  -3  -1  -2  -2   1  -3   1   0   0  -1   1  -3   0   1  -3  -1   1   18   3   0   0   1   0   2  13   0   8  11   5   0   8   0   8   8   0   2  13  0.13 0.15
   14 V     0  -2  -4  -2  -3  -4  -4  -5  -4   1   4  -4   0   3  -4  -3  -1   1   0   2    7   2   0   3   0   0   0   0   0   6  40   0   1  15   0   0   3   2   3  18  0.53 0.31
   15 V     0  -4  -4  -5  -3  -4  -4  -2  -4   3   2  -4   1   1  -4  -2   0  -3   0   3    8   0   0   0   0   0   0   3   0  21  24   0   2   6   0   2   5   0   3  25  0.47 0.28
   16 F     0  -5  -6  -6  -2  -5  -5  -5  -4   2   1  -5  -1   7  -6  -3  -2  -3  -1   0   10   0   0   0   1   0   0   0   0  13  13   0   1  53   0   1   2   0   0   7  1.18 0.53
   17 A     3  -2  -3  -4   1  -3  -3  -1  -4   1   0  -3  -1  -2  -1   1   2  -4  -3   1   34   2   0   0   3   0   0   5   0   7   9   0   1   1   2  10  14   0   0  12  0.35 0.28
   18 S     0  -3  -3  -2   3   1  -3  -2  -1   1   2  -3   0   1  -1   2  -1  -4  -2   2    6   0   0   2   6   8   0   2   2   6  19   0   2   6   2  21   2   0   0  15  0.21 0.23
   19 L     1  -4  -2  -4  -3  -3  -2  -1  -4   0   4  -3   1   0  -1   0  -1  -4  -3   2   13   0   2   0   0   0   2   6   0   3  42   0   2   4   3   6   3   0   0  13  0.36 0.27
   20 C    -1  -4  -3  -4   4  -1  -4  -1  -4   1   3  -3  -1   1  -4   1   1  -4  -2   1    4   0   0   0  12   3   0   5   0   7  30   0   0   8   0  10   9   0   0  12  0.36 0.27
   21 A     2  -2  -2  -4  -3  -2  -3  -2  -4   0  -2  -3   1  -4  -1   2   5  -5  -4   1   17   2   1   0   0   1   0   2   0   6   1   0   4   0   3  15  37   0   0  11  0.55 0.39
   22 W    -2  -2  -6  -3  -5  -5  -6  -6   1  -3  -1  -6  -1   4  -6  -3  -2  11   2   0    3   3   0   2   0   0   0   0   4   1   6   0   1  14   0   2   3  50   5   6  1.99 0.74
   23 Y    -2  -2  -3  -4   1  -3  -2  -2   2   1   1  -3  -2   4  -2  -3  -1   0   5   0    3   2   0   0   3   0   3   3   5   8  14   1   0  15   2   1   4   1  28   5  0.52 0.30
   24 S     0   0  -2  -3  -2  -2  -2  -2  -3   2   2  -2   0   0  -1   2   2  -3  -2   1    5   6   0   1   0   0   1   2   0  12  19   1   2   4   3  20  13   0   0  10  0.20 0.19
   25 G     0  -1  -2  -2   0  -1  -2   4   0   0  -1   0   0  -1  -3   0  -1  -3  -2  -1    9   2   1   2   2   2   2  37   3   6   6   6   2   3   1   8   2   0   0   5  0.31 0.19
   26 Y    -2   1   1  -1   2   1  -1  -3   3  -2  -2   0  -2   1  -3   1   0   1   4  -2    1   8   6   4   4   6   3   1   9   2   2   6   0   7   1  14   4   2  19   2  0.29 0.22
   27 L    -1  -3  -2  -4  -3  -1  -2  -4  -3   2   3  -2   2   2  -2   1   0  -3   0   1    3   0   1   0   0   3   2   0   0  11  33   2   5  10   1  12   5   0   3   8  0.29 0.23
   28 L     0  -1  -3  -1  -3  -1  -3  -2  -2   0   2  -1  -1   1   1   0   0  -2   2   1    6   3   0   3   0   2   0   3   0   4  30   3   0   6   7   9   5   0   9   9  0.17 0.18
   29 A     2  -1   0  -1   0  -1  -2  -1  -3   0   0  -1  -1   3   1   1   0  -3  -2   0   24   3   5   3   2   3   0   3   0   6   7   2   1  14   7  10   5   0   0   5  0.15 0.18
   30 E    -1  -1   0   2  -1   0   4   0   0  -1  -3  -1  -1  -4   0   1   0  -4  -1  -1    3   3   4  13   1   3  29   7   2   5   2   2   1   0   4   9   5   0   2   4  0.29 0.24
   31 L    -1  -3  -2  -4  -3  -3  -2   0   0   3   3  -2   1   2  -4  -1  -1   1  -1   0    4   0   1   0   0   0   2   9   2  18  29   3   4  11   0   4   4   2   1   5  0.28 0.21
   32 I    -1  -2   0   0  -3  -1  -1  -1  -2   3   1   1   0   1  -1  -1   0  -3   0   1    3   1   6   6   0   3   2   5   0  22  10  10   3   6   2   4   4   0   4   9  0.09 0.13
   33 P    -1  -4  -3  -4  -4  -1  -2   2  -1  -1  -1  -1   1  -1   6   0  -3  -4  -1  -1    4   0   0   0   0   3   1  16   2   4   7   3   4   3  38   7   0   0   2   4  0.72 0.39
   34 D    -1   2   1   2  -1   0   1   0  -1  -2  -3   1  -1  -1  -1   1   0  -1   0  -1    5  13   8  13   1   3  11   5   1   2   1   8   1   2   3  10   6   1   3   4  0.18 0.15
   35 A     1   1   1   0  -3   2  -1   3  -1  -3  -2  -1  -2  -2   1   0  -1  -4  -3   0   12   8   7   4   0  10   3  22   1   0   2   1   1   2   8   6   3   0   0   9  0.23 0.20
   36 P     0  -1  -1  -1  -4   0  -1  -3  -2  -4  -3  -1  -4  -1   6   0   1   0  -1  -2    8   3   4   3   0   4   5   1   1   0   3   3   0   2  39   6  11   2   2   3  0.73 0.40
   37 L    -2   0  -2  -2   2  -1  -2   0  -3   0   3   0   0  -1  -2   0   0   3  -1   0    1   4   1   2   5   2   2   8   0   6  33   5   1   2   2   8   4   4   2   6  0.17 0.18
   38 S    -1   1   0   1  -4  -2   0   0  -3  -2  -2   0  -3  -2  -2   4   1  -5  -4  -2    3   8   3   7   0   1   4   7   0   2   5   4   0   2   1  42   7   0   0   3  0.46 0.38
   39 S     0   0   0   0   2   0  -1  -1  -1  -1  -1   0  -1  -1  -1   3   1  -1  -1   1    4   4   4   4   5   3   3   3   2   2   5   4   2   3   2  31   7   1   1   9  0.19 0.22
   40 A     1   0   0   1  -3   1  -1  -2   0  -1  -1  -1   0  -1   0   2   2  -3  -2   0   16   4   4   7   0   6   3   2   3   2   5   3   3   3   4  15  13   0   1   6  0.12 0.15
   41 A     2  -3   2  -3  -1  -1  -2  -1   0   0  -1  -1   0  -1  -1   2   0  -2  -1   2   17   0  11   0   1   3   1   3   2   5   3   3   2   3   3  15   5   1   2  19  0.17 0.20
   42 Y    -1   1   1   1  -4   1   1  -3   3  -2  -3   1  -2  -1  -1   1   1   2   2  -1    2  10   5  10   0   6   8   0   7   2   0  10   1   3   3  10   9   3   8   4  0.21 0.19
   43 S     2  -1   1  -2  -3   0   0  -1   0  -2  -1   0  -3  -1  -1   3   1  -4   0  -2   16   2   8   1   0   4   6   5   2   2   5   4   0   2   3  29   6   0   3   1  0.27 0.25
   44 I     0  -3  -4  -3   1  -2  -2  -3  -3   4   2  -2   0   2  -2  -2  -2   1   1   2    6   1   0   1   3   1   2   1   0  25  20   3   2   9   2   3   1   2   4  14  0.33 0.23
   45 R    -2   2  -1   0  -2   2  -1  -1   1  -1   0   1  -1   1   1   0  -1   2  -2   0    2  16   3   4   1  12   2   4   3   3   8   7   2   8   7   5   3   3   0   8  0.12 0.15
   46 S    -1   0   0   0  -3   1   0  -1   0  -2  -1   1   0  -3   2   3   1  -1  -2  -1    2   4   5   5   0   6   5   4   3   1   6   7   3   0   9  25  10   1   1   3  0.20 0.21
   47 I     0  -1  -2  -1   0  -1  -1  -2   0   2   1   1   0   1  -1   0  -1  -3  -2   1    5   3   0   4   2   2   2   2   3  18  15   9   1   9   3   6   2   0   0  13  0.11 0.13
   48 G     2  -1   0  -2   0  -1  -1   3   1  -3  -3  -1  -2   0   1   1  -1  -4  -3  -1   21   3   3   2   2   2   3  28   3   0   1   4   1   4   7   8   3   0   0   5  0.33 0.26
   49 E    -1   0  -1   0  -4   2   4  -1  -3  -4  -3   1  -2  -1  -1   0   0  -4   0  -3    5   5   2   5   0   8  37   4   0   0   2   6   1   3   3   8   6   0   3   2  0.46 0.34
   50 R    -1   4  -1  -1  -3   1   0  -2   1  -1   0   2   1  -1  -1   0   0  -3  -2  -1    4  25   3   3   0   5   4   2   4   4  12  12   5   2   3   5   4   0   0   5  0.22 0.19
   51 P    -1  -2  -1  -3  -4   0   0   0  -4  -2  -3   0  -4  -5   6   2  -1  -1  -4  -1    4   2   2   1   0   3   7   7   0   2   2   5   0   0  39  14   4   1   0   4  0.76 0.42
   52 V     0  -1  -1  -2   0   1   0  -1   0   0   0  -1   0  -2  -1   1   1   1  -2   1    9   3   2   2   2   7   6   3   3   4  12   3   1   1   2  14   8   3   0  15  0.07 0.12
   53 L    -1  -2  -1  -1   1  -1  -2  -1   0   1   2  -2   1   0  -2   0   0  -3  -1   2    4   1   2   4   3   3   2   5   3   9  27   2   2   3   1   9   5   0   2  14  0.13 0.14
   54 K     1   2  -1   0  -4   2   2   0  -3  -3  -4   3  -3  -3   0   0  -1   0  -4  -3   12  10   2   6   0  10  11   7   0   1   0  24   0   1   4   7   4   1   0   1  0.36 0.28
   55 A     2   1  -1   0  -3   0   0   1   0  -1  -1  -1  -1  -3   0   0   0   0  -3   0   22   8   1   7   0   4   7  10   2   4   6   2   1   0   5   6   4   1   0   9  0.11 0.14
   56 P    -2  -2  -2  -3  -4  -2  -3  -1  -4  -2  -2  -2  -4  -3   6   2   1  -5  -2  -1    2   3   2   1   0   2   1   4   0   2   4   3   0   1  44  15   9   0   2   4  0.92 0.48
   57 V     1   0   0   0   1   0  -1   0  -1   0   0  -1   1  -2   2   0   0  -3  -2   1   11   7   3   7   4   4   2   6   1   5   7   3   4   1   9   7   5   0   0  14  0.07 0.09
   58 P     1  -2  -3  -1  -1  -2   2  -2  -3  -2  -3   1  -2  -4   6   0  -2   0  -2  -1   10   1   1   4   1   1  12   2   0   3   2   9   1   0  36   6   2   1   2   4  0.66 0.36
   59 K    -1   1  -1   0  -4  -1   1  -2   0  -2  -3   3  -3  -3   2   1   0  -4  -1   0    3   8   2   5   0   2  10   2   2   1   2  24   0   1   9  14   4   0   2   7  0.30 0.24
   60 R    -2   4  -2  -2   0   0   1  -3   0  -2  -1   3  -1  -2   1   0  -2   2  -2  -3    2  26   1   2   2   3  10   1   2   3   5  17   2   1   8   8   2   3   1   1  0.39 0.29
   61 Q    -1   1   1   0  -3   2   1  -1   2  -2   0   0  -1  -1   0  -1   1  -3   2  -2    4   6   7   6   0  12   7   5   7   2  10   4   1   2   5   2   9   0   9   2  0.13 0.16
   62 K    -1   1   4  -1  -2  -1  -1  -4  -3  -4  -2   4  -1  -5   2   1   0  -5  -4  -1    5   6  19   2   1   2   2   0   0   0   3  27   1   0   9  10   6   0   0   5  0.50 0.38
   63 C     0  -3  -3  -7  11  -1  -7  -6  -3  -3  -4  -3  -6  -3  -3  -4   1  -7  -6  -5    7   2   1   0  68   3   0   0   1   1   2   2   0   1   1   1   9   0   0   0  2.60 1.02
   64 D     0  -4   1   2  -3  -1  -2   5  -1  -4  -4  -3  -3  -2  -3   1  -3  -5  -1  -3    9   1   5  13   1   2   2  45   1   1   2   1   1   1   1   9   1   0   2   2  0.73 0.44
   65 H    -1  -1   1  -2   0  -2  -2  -2   4   1   2  -2   1  -2   1   0  -1  -1   1  -1    5   2   7   2   2   1   2   3  13   8  25   1   4   1   6   8   4   1   4   3  0.22 0.22
   66 W    -1   0  -2   0   2   0  -1  -4  -1  -2  -2  -1  -2  -3   3   1   1   6   1  -2    5   6   1   6   4   4   4   0   1   2   5   3   1   1  16  14   7  13   5   3  0.41 0.31
   67 T     0   1   0   0   0   0   0  -2  -1  -1  -1   2  -1   0   0   0   1  -3   0   0    5   9   4   5   2   4   7   2   1   2   5  16   2   5   3   6  11   0   3   8  0.09 0.11
   68 P     0  -1   0  -1  -4   0   0  -1   1  -2  -3  -1  -2  -5   5   2  -1  -5  -4  -1    8   4   4   3   0   3   7   4   3   3   3   4   1   0  31  17   2   0   0   4  0.56 0.36
   69 C    -2  -3  -5   0  10  -4  -4  -1  -6  -1  -2  -5  -1  -2   0  -3  -1  -6  -5  -2    3   2   0   5  58   1   1   5   0   3   3   0   1   2   4   1   5   0   0   3  1.90 0.78
   70 P    -1   0  -2  -2  -5  -2   1  -1  -4  -4  -1   0  -3  -3   6   1   0  -5  -2  -3    4   4   1   2   0   2   8   4   0   1   6   4   1   1  41  10   6   0   2   1  0.82 0.47
   71 S     1  -1  -1   1  -3   0   1   0  -3  -1  -1   1   0  -3   3   1  -1  -4  -3  -1   15   2   2   8   0   3   8   6   0   3   5   8   2   1  17  13   4   0   1   3  0.24 0.21
   72 D     0  -3   3   3  -5  -2  -1   3   1  -5  -4   1  -4  -5   0   1   0  -5  -4  -4    6   1  16  19   0   1   4  20   4   0   1   9   0   0   4   8   6   0   0   0  0.51 0.34
   73 T    -1  -2  -1  -1  -4   2   1   0   3  -2  -3   0  -1   1  -2   2   2   1   1  -1    5   1   1   3   0   9   9   6   9   2   2   5   1   6   1  16  12   2   6   4  0.20 0.22
   74 Y    -3  -5  -5  -6  -5  -5  -5  -6  -2   3   2  -2   1   5  -3  -5  -1  -4   2   3    2   0   0   0   0   0   0   0   1  18  16   3   3  26   1   0   4   0   7  18  0.84 0.45
   75 A     3  -3   1  -1  -1  -1  -1  -3  -2  -4  -2  -1  -2  -3   3   3  -1  -5  -4   0   23   1   7   3   1   2   4   1   1   0   5   3   1   1  14  21   3   0   0   9  0.41 0.36
   76 Y    -3  -5  -6  -3  -3  -3  -4  -4  -5   4   1  -5   2   4  -6  -4  -4   3   3   3    2   0   0   1   1   1   1   2   0  22  10   0   4  20   0   1   0   4  11  20  0.84 0.47
   77 R    -1   4  -1  -2   0   1   0  -3   4  -3  -1   2  -3   0  -3   1   0  -1   1  -2    3  20   2   2   2   6   7   2  10   1   5  11   0   4   1  11   5   1   6   3  0.35 0.30
   78 L    -1  -6  -6  -6  -2  -5  -6  -2  -6   4   3  -6   2   1  -6  -3  -1  -5  -2   4    6   0   0   0   1   0   0   3   0  21  22   0   4   5   0   2   3   0   1  31  0.83 0.47
   79 L    -1   2  -1  -2  -1   2   0  -3   0   0   0   0  -1   1  -1   0   0  -1   3   1    3  12   2   2   1   9   5   1   2   5   7   6   1   7   2   8   5   1  11  10  0.14 0.18
   80 S    -1  -3  -5  -5  -6  -1  -3  -2  -6  -4  -7  -5  -6  -7  -3   6   3  -7  -6  -3    5   2   0   0   0   3   1   3   0   1   0   0   0   0   2  67  14   0   0   2  1.58 0.94
   81 G     1  -4  -3  -3  -2  -2   0   6  -2  -4  -4  -4  -2  -6  -6  -1  -3  -1  -1  -3   11   1   1   1   1   2   7  58   1   1   2   1   1   0   0   5   2   1   2   2  1.13 0.67
   82 G     1  -1  -1  -1   0   0  -1   4   0  -3  -2   1  -1  -1  -1  -1  -1  -5  -1  -2   10   4   2   3   2   4   4  35   2   1   4   9   1   3   2   3   4   0   3   3  0.37 0.30
   83 G     1   0   0   2   1   0   1   2   1  -4  -3  -1  -2   1  -2   0   0   1   2  -3   12   4   3  11   3   3   8  17   3   0   2   2   1   6   1   7   4   2   7   1  0.19 0.21
   84 R    -2   1   5   3  -1   0  -1  -2   2  -2  -4   1  -1  -3  -1   0  -1  -5  -2  -2    3   9  25  14   1   4   3   2   5   3   1  10   2   1   3   8   4   0   1   2  0.45 0.35
   85 S     0  -2   1   3  -1   0   0   1   0  -1  -2  -1  -2   0   0   0   0  -4  -1   1    7   2   5  18   1   3   4   9   2   3   2   4   1   4   5   8   7   0   2  12  0.13 0.16
   86 K    -1   0   2   2  -3  -1  -1   0   0   0  -1   0  -2  -1   0   0   0  -4  -3   1    3   6   9  13   0   2   4   9   3   5   6   7   0   3   6   6   4   0   0  14  0.11 0.13
   87 Y     0   0   1  -1  -4   0  -1   2   3  -2  -2   0  -1   0   0   0  -1   2   3  -2    8   5   6   2   0   5   3  15   7   2   2   5   2   4   4   9   4   3  11   3  0.18 0.19
   88 A     2  -2   1  -3   0  -1  -2   0   0   0  -2  -2  -1  -2   4   1  -1  -4  -1  -1   16   2   6   0   2   2   2   7   2   5   3   2   2   2  24  11   4   0   2   5  0.37 0.30
   89 K     0   2   0   0  -3   0   0   0   0  -1  -2   2   0   0  -1   1   0   1   1  -2    7  11   3   5   0   3   5   6   2   4   3  15   2   4   3  13   4   2   4   2  0.13 0.16
   90 I    -1  -4  -1   0   1  -3  -1   1   1   3   0  -4   1   2  -1  -3  -1  -4   0   1    4   0   3   5   3   0   4  11   3  21   9   0   4   9   3   0   4   0   3  10  0.23 0.21
   91 C     0   0   0   0   2   0   0  -1  -2   0  -1   0   1   0   0   0   0   3   1   0    5   5   5   5   5   5   5   5   0   5   5   5   5   5   5   5   5   5   5   5  0.05 0.08
   92 F    -2  -2  -4  -2   1  -2  -2  -3  -1   2   0  -2   0   4   0  -2  -1   1   1   3    3   2   0   2   3   2   2   2   2  13   6   2   2  19   6   3   4   2   5  20  0.32 0.28
   93 E     1  -1   3   2  -4   0   1   1   1  -1  -2  -1  -1  -1  -1   0  -1  -4  -1  -2   10   2  14  14   0   4  11  12   3   3   3   3   2   3   2   6   3   0   2   3  0.19 0.20
   94 D    -1   0   1   2   1   0   0   3   1  -1  -2  -1  -3   0  -1  -1  -1  -3   0  -1    3   5   7  14   3   3   4  23   4   5   3   4   0   4   3   4   4   0   4   4  0.17 0.18
   95 N     0   0   0   0  -2   1   0   0   1   0  -1   0  -1   0   1   0   0  -2   1   0    6   6   6   6   0   6   6   6   6   6   6   6   0   6   6   6   6   0   6   6  0.04 0.06
   96 L    -1   0   0   0  -3   0   0  -1   1   0  -1   0   1   0   0   0   0   3   1   0    5   5   5   5   0   5   5   5   5   5   5   5   5   5   5   5   5   5   5   5  0.06 0.08
   97 L    -1   0   0   0   2   0   0  -1   2   0  -1   0   2   1   0  -1   0   4   1  -1    5   5   5   5   5   5   5   5   5   5   5   5   5   5   5   5   5   5   5   5  0.09 0.08
   98 M    -2  -2   3  -1   1  -2  -3  -1  -3   3   1  -3   4   2  -4  -1   0   1   1  -1    3   2  15   3   3   1   2   4   0  16  14   1  11   7   0   3   5   2   4   3  0.32 0.26
   99 G    -1  -2   0   2   0  -1   1   4  -4  -2  -3  -1  -2   0   0   1  -2  -4  -2  -2    4   2   4  11   2   3   8  29   0   2   3   4   1   4   5  12   2   0   1   3  0.36 0.27
  100 E    -1   1   2   2  -4   0   1   0   1  -1  -3   1  -2  -2   0   1   0  -4  -1  -1    4   7   9  11   0   3  10   6   3   4   2   9   1   2   4  10   7   0   2   5  0.15 0.14
  101 Q    -1  -1   2   1  -2   1   1   1   2  -2  -2   1  -2  -3   0   1  -1  -1  -2   1    4   3   9   8   1   8  10   9   4   2   4   8   1   1   5   9   2   1   1  10  0.14 0.14
  102 L    -1   0  -1  -1   0   0  -1  -1   0   0   1   0   0   1   0   0   1   1   2   0    4   5   3   2   3   3   3   5   3   4  14   7   2   5   5   6   8   2   9   5  0.04 0.07
  103 G    -1   0   4  -1  -1  -2  -1   2   1  -2  -1   0  -1  -1  -2   1  -2  -4  -1  -3    6   5  20   3   1   1   3  17   4   2   5   7   1   3   2  13   2   0   3   2  0.30 0.22
  104 N    -1  -1   4   0  -2  -1  -1   0   0  -1  -1   0  -2  -1   2   0   1   1  -1  -1    3   4  20   4   1   2   4   7   2   4   7   5   1   3   9   6   8   2   3   4  0.17 0.15
  105 V     1  -1   1  -1  -1   0  -1   0   0   1  -1   0   0   1   0   0   0   0   1   1   11   2   7   2   1   4   2   6   2   8   4   5   2   7   3   8   7   1   4  13  0.04 0.07
  106 A     0  -1   0  -2  -3  -1  -1   4   1  -1  -3   0  -2  -1  -2   0   0   1   0  -2    9   4   4   1   0   2   3  33   4   4   2   6   1   3   2   8   6   2   4   2  0.30 0.21
  107 R    -2   6   0  -3  -5  -1  -2  -1   2   0  -2  -1  -2  -3  -1  -2  -2   1  -2  -3    4  52   4   1   0   2   1   5   5   7   3   2   1   1   3   2   2   2   1   2  0.86 0.46
  108 G    -1  -4   0  -1   1  -1  -3   6   0  -4  -3  -3  -4  -4  -4  -1  -3  -4  -4  -2    3   1   3   2   3   3   1  68   2   1   3   1   0   0   1   5   1   0   0   4  1.13 0.48
  109 I    -3  -2  -3  -2  -3  -3  -1  -4   3   4   2  -3   2   2  -4  -3  -1   2   2   1    1   2   0   2   0   0   4   1   8  26  18   0   5  10   0   1   2   3   7  10  0.44 0.28
  110 N    -2  -1   6  -1  -1  -1  -3  -1   4  -1  -2  -2  -3  -1  -2  -1   0   1  -1  -2    3   2  42   2   2   2   1   5  10   5   3   2   0   2   2   4   6   2   2   3  0.66 0.40
  111 I    -1  -4  -2  -2   1  -4  -4  -3  -4   3   1  -4   1   1  -4  -3  -1  -3   1   4    4   0   2   2   4   0   0   2   0  18  13   0   4   7   0   0   3   0   5  34  0.51 0.32
  112 A     0   0  -2  -3   2  -2  -2   0   2   0   0   0   1   1   1   0   0   4   1   0    6   6   0   0   6   0   0   6   6   6   6   6   6   6   6   6   6   6   6   6  0.10 0.14
  113 I     0  -1   0  -1  -2  -1  -1  -2   0   1   0   0   1   1  -3   0   1  -3   1   3    7   2   4   3   0   3   3   2   2   5   7   5   5   5   0   5   9   0   5  28  0.10 0.16
  114 V    -1  -1  -3  -2   0  -1  -3  -4  -3   3   2  -3   2   2   0  -2  -2   2   1   2    3   5   0   3   2   3   0   0   0  18  20   0   5  12   5   3   0   3   4  14  0.26 0.23
  115 N     0   1   1   1   2   1   1   0   2  -2  -2   1  -2  -2  -2   0   0  -2   1  -1    7   7   7   7   7   7   7   7   7   0   1   7   0   0   0   7   7   0   7   7  0.12 0.13
  116 Y    -1   0   0   0   2   0   0  -1   2   0  -1   0   2   1   0  -1   0   4   1  -1    5   5   5   5   5   5   5   5   5   5   5   5   5   5   5   5   5   5   5   5  0.09 0.08
  117 V     0   0   0   0   2   0   0  -1   1   0  -1   0   1   0   0   0   0  -2   1   0    5   5   5   5   5   5   5   5   5   5   5   5   5   5   5   5   5   0   5   5  0.03 0.05
  118 T    -1  -1   1   0   1   0  -1  -1   1  -1  -2  -1  -3  -1  -1   1   4  -4   0  -1    4   3   8   6   3   4   4   3   4   3   4   3   0   3   3  12  26   0   3   3  0.25 0.28
  119 G    -1  -1  -1  -2  -5  -3  -3   5   0  -3  -1   0   0  -1  -3  -1  -2  -1  -1  -2    4   4   3   2   0   1   2  50   2   1   6   5   3   2   2   4   3   1   2   3  0.77 0.50
  120 N     0   0   1   0   0   2   2  -2   1  -1  -2   1   0  -1  -3   1   1   0  -3  -1    9   5   7   5   2  12  12   2   3   4   4   7   2   2   0   8   9   1   0   4  0.15 0.20
  121 V    -1  -2  -5  -6  -5  -5  -5  -3   0   3   1  -2   1   0   0  -2  -1   1  -1   5    5   3   0   0   0   0   0   2   2  13  13   2   3   3   6   4   3   2   2  35  0.58 0.39
  122 T    -1  -1  -2  -1   0   0   0  -4   0   2   2  -1   2   0  -4  -1   0   1   0   1    4   3   2   4   2   4   6   0   2  13  21   3   7   3   0   5   7   2   3  10  0.19 0.19
  123 A     1   1   0   1   1   0   1  -1   2  -2  -2   0   0   0  -1   0  -1  -5   0  -2   10   8   4   9   3   3  10   5   5   3   4   6   3   4   3   8   4   0   3   3  0.09 0.12
  124 T    -1   0   0   0   2   0   0  -1   2   0  -1   0   2   1   0  -1   0   4   1  -1    5   5   5   5   5   5   5   5   5   5   5   5   5   5   5   5   5   5   5   5  0.09 0.08
  125 R     0   2   0   0  -4   2   0   1   0  -2  -2   1  -1  -2  -1   0   0   0   0  -1    8  12   5   6   0  10   4   9   2   2   3  10   2   1   2   5   7   1   3   6  0.13 0.14
  126 C    -1   1   2  -3   1  -2  -2  -1   4  -2  -2  -1  -2   0  -3   1   1   2   3  -1    6   8  11   1   3   2   1   4  12   2   3   2   1   4   1  11   9   2  11   6  0.31 0.27
  127 F    -1  -6  -2  -7  -6  -6  -7  -7   0  -2  -1  -7  -1   8  -7  -3  -6   0   4  -3    5   0   2   0   0   0   0   0   2   2   6   0   1  63   0   2   0   1  10   2  1.98 0.88
  128 D    -3  -1   3   7  -6  -2  -2  -3  -1  -3  -2  -1  -1  -6  -3  -4  -2  -7  -2  -2    2   3  12  54   0   2   2   2   2   2   4   3   2   0   2   0   2   0   2   3  1.19 0.68
  129 M    -1  -5  -4  -1   1  -1  -5  -5  -5  -1   0  -5   3   0  -1  -1   6   2   1   0    4   0   0   4   3   3   0   0   0   4   7   0   8   3   4   3  44   2   4   6  0.81 0.57
  130 Y    -1  -1  -2  -2   2  -1  -2  -1   4   0  -2  -1  -3   3  -1  -2  -2   4   5  -2    5   4   2   2   4   3   3   4  10   5   3   3   0  12   4   3   3   6  22   2  0.51 0.35
  131 E     0   0   1   1   0   0   0   1   0  -1  -1  -1   0  -1   1   1   0  -3  -1  -1    8   4   7   7   2   4   6  11   2   3   6   3   2   2   6  15   7   0   3   3  0.08 0.10
  132 G     0   0   0   0  -2   0   0   0   1   0  -1   0   1   0   0   0   0  -2   1   0    5   5   5   5   0   5   5   5   5   5   5   5   5   5   5   5   5   0   5   5  0.00 0.06
  133 D     0   1   1   1  -3   1   0   0   2  -3  -3   0  -3   0   1   1   0   2   0  -1    7   9   6   8   0   6   6   7   7   0   1   5   0   4   6  10   5   3   4   4  0.13 0.18
  134 N     0   0   0   0   2   0   0  -1   1   0  -1   0   1   0   0   0   0  -2   1   0    5   5   5   5   5   5   5   5   5   5   5   5   5   5   5   5   5   0   5   5  -0.00 0.06
  135 S     2  -2   1   1   2  -1  -1  -2  -2  -3  -4  -1  -1  -5  -1   4  -1  -6  -5  -1   16   2   5   8   3   3   4   2   1   1   2   3   2   0   3  36   3   0   0   5  0.53 0.45
  136 G     0   0   1   0   0   0   0   2   0  -1  -2   0   0  -1   0   0   0   1  -1  -1    9   6   7   6   2   4   7  17   2   4   3   6   3   2   4   5   6   2   3   4  0.08 0.09
  137 P     1   2   1   1   1   0   0  -2   0  -1   0   0  -1  -3   0   0  -1   0   0  -2   13  12   6   7   3   3   7   2   2   3  12   6   2   0   5   7   4   2   3   2  0.10 0.15
  138 M    -2  -3  -2  -2   1  -1  -1  -3   0   0   4  -2   5   2  -6  -3  -3  -5   0  -1    3   2   2   2   3   3   4   2   2   5  37   3  14   8   0   2   2   0   3   3  0.59 0.41
  139 T     0   0   0   0  -2   1   0   0   1   0  -1   0   1   0   1   0   0  -2   1   0    6   6   5   6   0   5   6   6   5   6   6   6   5   5   6   6   6   0   5   6  0.03 0.06
  140 K    -1   0   0   0  -3   0   0  -1   1   0  -1   0   1   0   0   0   0   3   1   0    5   5   5   5   0   5   5   5   5   5   5   5   5   5   5   5   5   5   5   5  0.06 0.08
  141 F    -2  -2  -4   0   1  -1  -2  -2   1  -1   0  -2   1   5  -5  -2  -2   3   3  -1    3   3   0   5   3   3   3   3   3   3  11   3   3  28   0   3   3   4  10   4  0.48 0.39
  142 I     0   0  -2   0   2  -1   0  -2  -2   0   0  -1   1   1  -2   0   0  -2   1   0    8   8   0   8   7   0   8   1   0   8   8   0   7   7   0   8   8   0   7   8  0.07 0.11
  143 Q    -1   1   3   2  -3   2   1   0   0  -3  -2   2  -2  -3  -3  -1  -1  -1  -2  -3    4   7  18  11   1   9  10   6   2   1   4  13   1   1   0   4   3   1   1   1  0.31 0.25
  144 S     1   0   2   1  -3   1   0   0  -1  -3  -2   0   1  -3  -1   2   1  -1  -2  -2   10   5  10   7   0   7   6   7   1   1   3   5   4   1   2  19   8   1   1   3  0.19 0.20
  145 A     0  -3  -4  -3  -3  -2  -4  -4  -1   4   3  -3   1  -1  -3  -3   0  -2  -2   3   10   1   0   1   0   2   0   1   2  24  27   1   2   2   1   1   5   1   1  18  0.51 0.33
  146 A     0  -1   1  -1  -5   0  -1  -2   0  -2  -2   1  -2  -5   6   1  -1  -5  -4  -3    8   3   6   4   0   4   4   2   2   3   4  10   1   0  35   9   3   0   0   2  0.65 0.40
  147 P     0  -1   1   2  -2   0   2   0  -1  -2  -2   0  -2  -3   3   0   0  -4  -2  -1    7   3   9  13   1   4  12   5   1   1   4   4   1   1  15   6   7   0   1   5  0.24 0.19
  148 K    -2  -2   2   2  -5  -3  -1   6  -2  -3  -5   0  -3  -5  -2  -1  -2  -2  -3  -5    2   3   8  10   0   1   3  54   1   1   1   6   1   0   2   3   3   1   1   0  0.99 0.52
  149 S     0   2   1   1   0   0   0  -2   0  -2  -2   0   0  -1  -3   1   2  -1   0  -1    8  15   6   8   2   4   5   1   2   1   3   6   2   2   0  11  15   1   4   4  0.17 0.18
  150 L    -3  -3  -4  -2  -3  -3  -4  -3  -4   5   2  -3   0   1  -2  -2  -1   1   2   2    0   1   0   3   0   1   0   2   0  36  17   1   1   6   1   2   3   2   7  15  0.54 0.33
  151 L    -1  -1  -5  -5  -3  -1  -4  -3  -5   3   1  -4   0  -1  -4  -4  -3   1  -3   5    5   3   0   0   0   3   0   2   0  14  15   0   2   2   0   0   0   2   0  49  0.79 0.43
  152 F     2  -2  -3  -4   2  -3  -3  -2  -2   3   2  -3   1   1  -3  -2  -1  -3   1   2   18   1   1   0   4   0   0   3   1  17  23   0   3   5   0   2   2   0   5  12  0.30 0.23
  153 M     0  -4  -4  -4   0  -4  -4   0  -4   3   1  -4   4   1  -2  -3   0  -4  -1   3    8   0   0   0   2   0   0   7   0  17  12   0  13   6   2   0   4   0   2  23  0.44 0.31
  154 V     3  -2  -3  -2   0  -1  -2   1  -3   0  -2  -3   0  -1  -3   0   1   0  -1   2   32   2   0   2   2   2   2   9   0   4   3   0   2   2   0   8   8   1   3  18  0.30 0.28
  155 T    -1  -3  -1  -3   2  -3  -3  -1  -4   2  -1  -2   0  -2  -3   2   3  -4  -1   3    5   0   2   0   4   0   0   5   0  14   3   2   2   2   0  17  21   0   2  20  0.37 0.31
  156 Y    -1   1   0  -3   2   1  -1  -1   2  -1  -1   1   0   2  -3   0  -1   1   2  -1    3   8   5   0   5   8   2   4   7   2   5  10   2  12   0   8   3   2   9   4  0.16 0.18
  157 D     0   0   0   0  -3   1   0   0   2   0  -1   0   1  -2   0   0   0   3   1   0    6   6   5   6   0   5   6   6   5   6   6   6   5   0   6   6   6   5   5   6  0.07 0.10
  158 D    -2  -2   0   5  -5  -1   4  -1   0  -2  -5  -2   0  -5  -1   1  -1  -5  -2  -2    3   2   3  29   0   2  26   4   2   3   0   2   2   0   4  11   3   0   2   2  0.66 0.48
  159 G     3  -2  -4  -2   0  -2  -4   3  -4  -1  -4  -2  -1   0   3  -1  -1   0  -2   0   28   2   0   3   2   1   0  19   0   4   0   3   2   5  14   4   4   1   1   5  0.44 0.37
  160 S     1  -1   0  -1   1   0  -2   0   1  -1  -2  -2  -6   0  -6   3   1   3   1  -1   10   3   4   3   3   4   3   6   3   3   4   3   0   5   0  22   9   3   4   4  0.25 0.26
  161 T    -1   0   0   0   2   0   0  -1   2   0  -1   0   2   1   0  -1   0   4   1  -1    5   5   5   5   5   5   5   5   5   5   5   5   5   5   5   5   5   5   5   5  0.09 0.08
  162 R    -1   0   0   0   2   0   0  -1   2   0  -1   0   2   1   0  -1   0   4   1  -1    5   5   5   5   5   5   5   5   5   5   5   5   5   5   5   5   5   5   5   5  0.09 0.08
  163 L    -2  -2  -1  -2   1  -1  -2  -3   0   0   3  -2   3   2  -2  -2  -2   2   2  -1    4   3   4   3   2   3   3   3   2   4  30   3   6   7   3   3   3   2   7   4  0.32 0.24
  164 N    -2   0   2   0  -6   0  -2   1   2  -2  -2   1  -5   0  -1   2   1   2   0   0    4   4  11   5   0   4   3   9   4   3   4   7   0   4   3  14   9   3   3   6  0.19 0.19
  165 N     0   0   0   2  -4   1   1  -1   1  -2  -2   0   0  -2   1   1   0   0  -1  -2    9   6   4  14   0   7  10   4   3   1   3   5   3   2   6  11   6   1   2   2  0.16 0.18
  166 D     0   0   1   2  -4   0   2   0   0  -1  -2   0  -1  -2   2   0  -1  -4  -1  -2    6   5   6  10   0   2  16   8   3   5   4   6   2   2  10   7   3   0   2   3  0.16 0.18
  167 A     3  -3  -1  -1   2  -3  -1   0  -3   0   0  -3   1   0   0   0   0  -3   0   0   28   0   3   3   4   0   4   7   0   5  11   0   4   5   4   5   6   0   3   6  0.17 0.21
  168 K     0   0   0   0  -2   0   0   0   1   0  -1   0   1   0   0   0   0  -2   1   0    5   5   5   5   0   5   5   5   5   5   5   5   5   5   5   5   5   0   5   5  0.00 0.06
  169 N     0   0   1   2   1   2   0  -2   1  -2  -1   0   0  -1  -1   0   0   4  -1  -1    7   4   6  10   3   8   7   3   3   3   6   6   3   3   3   7   6   5   3   4  0.12 0.13
  170 A     3  -2  -2  -4  -1   1  -1  -2  -1   1   1  -1   0  -2  -4  -1  -1   0   0   0   33   1   2   0   1   7   4   2   2   9  16   3   3   2   0   5   4   1   3   4  0.30 0.29
  171 I    -1  -4  -5  -5   3  -4  -5  -5  -4   3   3  -4   4   4  -5  -4   0  -4  -3   0    6   0   0   0   6   0   0   0   0  14  31   0  10  16   0   0   7   0   0   6  0.67 0.32
  172 E     0   0   0   1  -3   1   1  -1   3  -1  -1   1   0  -1  -1   0   0  -3   1  -1    6   6   4   9   0   6  10   3   9   3   5   9   4   3   3   6   7   0   5   4  0.10 0.09
  173 A     0   1   1   1  -3   0   1  -1   2  -2  -2   1   1  -1  -1   1   0  -3   2  -3    7  10   6   8   0   3  10   4   6   1   4   8   4   1   2  14   5   0   8   0  0.16 0.15
  174 L    -4  -1  -5  -6   1  -4  -5  -3   0   3   4  -4   2   2  -5  -4  -3  -4   1   0    0   3   0   0   4   0   0   2   2  19  47   0   5   7   0   0   0   0   5   5  0.74 0.38
  175 G    -2  -2   0  -2  -5  -2  -4   6  -1  -3  -3  -2  -5  -5  -2  -2  -4  -5  -2  -5    2   2   5   2   0   2   0  73   2   2   4   3   0   0   2   2   0   0   2   0  1.38 0.57
  176 S     2  -4  -1  -3  -1  -3  -1   0   1  -2  -3  -3  -4  -5   0   5  -1   0  -4  -2   16   0   3   0   1   0   2   5   4   2   2   0   0   0   4  55   2   1   0   2  0.77 0.47
  177 K    -1   2   0   0  -1   2   0  -1   0  -1  -1   1  -1  -2  -2   1   1  -1  -1  -1    4  11   3   5   1  11   3   3   2   5   5  11   1   1   1  15  12   1   2   5  0.14 0.15
  178 E     0   0   1   1  -3   1   0  -1   3  -1   0   0   1   0  -2   0  -1   1   1  -1    6   3   6   7   0   7   6   4   9   2  12   7   3   3   1   7   4   2   6   4  0.08 0.11
  179 I     0  -4  -3  -1  -1  -3  -3  -2  -5   5   0  -3   1   0   1  -1  -2  -2  -4   2    8   1   1   4   1   1   1   3   0  33   8   1   3   4   8   5   2   1   0  15  0.48 0.32
  180 R    -1   2   0   2  -4   1   0  -1   1  -1  -1   1  -1  -2   1   0   0   0   0   0    3  11   4  12   0   7   4   3   3   3   7   9   1   1   6   9   5   1   4   7  0.11 0.13
  181 N    -1   2   3   1  -2   1   0  -1   1  -2  -2   0  -3  -2  -2   2   0  -2  -1  -1    3  11  17   7   1   8   6   3   4   3   4   5   0   2   1  15   5   1   2   4  0.23 0.21
  182 M    -3  -3  -3  -6  -2  -3  -4  -2  -5   1   4  -3   2   2  -1  -3  -1   1  -1   1    2   1   1   0   1   1   1   4   0   8  46   1   4   7   3   2   4   2   2   9  0.60 0.37
  183 K     0   1   1   0  -2   1  -1   3   0  -5  -4   2  -2  -5  -2   1   0  -2  -2  -2    8   8   7   4   1   8   4  26   2   0   1  11   1   0   2   9   5   1   1   3  0.35 0.27
  184 F    -4  -4  -2  -3  -6  -3  -4  -2   0  -2  -3  -4  -2   6  -2  -3  -3   5   6  -3    1   1   3   1   0   1   1   4   2   3   2   1   1  36   3   2   2   6  28   1  1.31 0.66
  185 R    -4   8   0  -4  -7  -2  -3   0   0  -7  -5  -2  -3  -7  -3  -3  -4   0  -2  -7    2  72   4   1   0   1   1   6   2   0   1   1   1   0   2   2   1   2   2   0  1.90 0.90
  186 S    -1  -3   0   4  -1   1   1   2   1  -4  -6  -3  -3  -4  -4   2   0   1   0  -4    4   1   3  27   1   6   9  14   3   1   0   1   1   1   0  16   5   2   3   1  0.57 0.41
  187 S     1  -2   0  -5  -5  -2  -4   0  -3  -5  -4  -1   2  -6   2   5  -1  -7  -3  -3   10   2   4   0   0   2   1   6   1   1   1   4   5   0   9  49   4   0   1   2  0.87 0.61
  188 W    -7  -7  -8  -8  -2  -7  -8  -8   3  -4  -1  -8   0   4  -8  -7  -7  11   5  -4    0   0   0   0   1   0   0   0   6   1   7   0   2  13   0   0   0  49  19   2  2.71 1.09
  189 V     5  -5  -5  -6   3  -5  -4  -3  -5   0  -1  -5  -2  -1  -5   0  -1  -2   1   2   47   0   0   0   6   0   1   1   0   6   5   0   1   2   0   7   3   1   5  15  0.82 0.51
  190 F    -2  -6  -7  -7   0  -6  -7  -5  -6   1   3  -6   5   6  -7  -6  -4  -4  -1  -1    4   0   0   0   2   0   0   1   0   7  27   0  15  37   0   0   1   0   1   4  1.30 0.62
  191 I    -2  -7  -7  -7   1  -6  -7  -7  -7   6   0  -5  -2  -2  -6  -4  -4  -6  -3   5    4   0   0   0   3   0   0   0   0  45   9   1   1   1   0   1   1   0   1  34  1.42 0.65
  192 A     0  -6  -5  -6  -2  -6  -4   7  -6  -5  -7  -6  -6  -5  -6  -1   1   2  -6  -3    9   0   0   0   1   0   1  70   0   1   0   0   0   1   0   5   7   3   0   2  1.65 0.75
  193 A     0   2  -4  -4  -3   4  -2  -2   1   1  -2   0  -1   0  -4  -3  -1  -4   4   1    8  10   0   0   0  21   2   3   3   8   2   6   1   3   0   1   4   0  14  12  0.42 0.34
  194 K    -1   1  -3  -5  -6   0  -3  -5  -3  -3  -3   7  -5  -6  -2  -3  -2  -6  -3   0    6   6   1   0   0   4   1   1   1   2   2  63   0   0   2   2   2   0   1   7  1.28 0.66
  195 G     0   1   1   1  -3   1   1   0  -1  -2  -2   1  -2  -2  -2   0  -1   4   1   0    8   8   8   8   0   8   8   8   0   0   1   8   0   0   0   8   0   8   8   8  0.17 0.13
  196 L     0  -1   0  -1   0   0   0   0  -2   1   0   0   0  -1   1   0   0   1  -2   0    8   3   4   3   3   3   8   8   0  11  12   4   3   3   7   4   5   3   0   8  0.03 0.05
  197 E     0   1   1   0  -3   1   1   0   0  -2  -2   2  -1  -2   1   1   0  -3  -1  -1    7   6   7   5   0   5  11   8   2   2   3  14   2   2   7   9   4   0   2   4  0.13 0.12
  198 L     0   0   1   0  -1   0   0   1   2  -1  -1   1  -1  -2   2   0  -1   1  -2  -1    7   4   6   4   2   3   6  13   6   3   7  13   2   2   9   6   3   2   0   5  0.10 0.12
  199 P    -1  -1  -1   0   0  -1  -2   2  -1  -2  -2   1  -1   1   4   0  -2  -4   1  -2    4   3   2   5   2   3   2  14   2   3   3  11   1   6  20   9   2   0   6   3  0.29 0.26
  200 S     1  -2  -1  -1  -4   0  -1   1  -1  -4  -3  -1  -1  -1  -2   4   2   3  -1  -3    9   1   3   3   0   4   3   9   2   0   2   3   1   3   2  35  12   4   2   2  0.44 0.40
  201 E     1  -1  -2  -2  -1  -1   2   0  -1  -1  -3  -2  -1   0   3  -1  -1   5   0  -1   11   4   2   2   2   2  14   9   1   3   2   2   2   4  15   4   4  10   3   6  0.31 0.28
  202 I    -1  -2  -2  -2  -1  -1  -3  -2   0   3   0  -2   0   4  -1  -1   1   0   1   1    4   2   2   3   1   2   1   3   3  16   8   2   2  17   4   4  10   1   4  12  0.25 0.21
  203 Q    -1  -2  -2  -2  -5   2   5  -3   0   0  -3   1  -2  -5  -1  -3  -1   0  -2   0    5   1   1   2   0   9  43   3   3   5   2   7   1   0   3   1   5   2   1   7  0.68 0.48
  204 R     0   3  -1   0  -4   4   2  -1   1  -3  -2   2  -3  -1  -2  -1  -2  -4  -1  -2    8  14   3   6   0  19  11   5   3   2   3  10   0   3   2   5   2   0   2   2  0.33 0.28
  205 E    -3  -1  -1  -1   0   2   3  -2   4   0   0   1  -1  -1  -2  -3  -2  -4   2  -1    1   2   2   2   2   8  24   3  12   6   8   8   1   2   2   1   2   0   8   5  0.39 0.33
  206 K    -1   2   1  -2  -4   2  -1  -3   3  -1  -2   3   0  -1  -2   0   0   0  -1  -1    5  11   7   2   0   9   4   2   8   4   4  18   2   3   2   7   5   1   2   5  0.23 0.22
  207 I    -1   0  -1  -2   0  -1   0  -2   1   1   1   2   0   2  -2  -1  -1  -3   1   0    5   6   2   1   2   1   6   2   3  11  17  13   2   8   2   4   3   0   5   6  0.10 0.12
  208 N     0  -1   4   0   1  -1  -2  -1   0   0  -2  -1  -2  -2   2   1  -1  -1   1  -2    7   4  22   4   3   2   2   4   2   6   4   4   1   2  10  12   4   1   4   2  0.27 0.24
  209 H    -1   1   1  -1   0   0   2  -1   4  -3  -3   2  -3  -1  -2   0  -2   1   2  -1    4   7   7   3   2   4  12   4  12   1   1  12   0   3   2   8   2   2   9   4  0.27 0.22
  210 S     0  -1   2  -1  -3   0  -2   2   0  -2  -2   1  -3  -2   0   2   0  -4   1  -1    9   2  12   3   0   4   2  15   2   2   3   8   0   1   4  18   4   0   5   4  0.22 0.21
  211 D    -2  -2   3   4  -4   1   0   0   4  -3  -2  -1  -2  -4  -1   0  -1  -1   1  -3    2   2  13  23   0   5   6   9   9   1   5   4   1   0   3   6   3   1   5   2  0.41 0.31
  212 A     0   0   0   0  -3  -1   0   2   0  -2  -2   1   0  -1   2   2   0  -3  -2  -1    8   4   4   5   0   2   5  14   2   2   2  10   3   2   9  15   6   0   1   4  0.15 0.15
  213 K    -1   0   0  -1  -3   1   1   0  -1  -3  -2   3  -1  -2   2   1   1  -1  -1  -2    5   5   3   3   0   5  10   7   1   1   3  18   1   1   9  13   9   1   2   2  0.21 0.18
  214 N     1  -1   1  -1   2   0  -1  -1  -1  -1  -2   1  -1  -3  -1   2   2  -3  -2  -1   11   3   6   4   4   3   3   5   1   3   3   9   1   1   2  18  17   0   1   4  0.20 0.18
  215 N    -1  -2   5   1  -3   0   0  -1  -2  -1  -3  -1  -1  -3   2   1   1  -4  -3  -2    5   2  26   7   0   4   5   4   0   4   3   2   1   1  11   9  10   0   1   3  0.39 0.28
  216 R     1   3  -1   0  -3  -1   0  -2   1   0  -1   3   0  -2  -1   0  -1  -3  -3  -1   11  16   3   5   0   2   4   2   3   6   5  21   2   1   3   5   3   0   1   5  0.23 0.19
  217 Y    -1  -2  -1  -4  -2  -2  -1  -2   0  -1  -1  -3  -1   3  -2   0  -1   0   7  -2    6   2   3   1   1   2   4   3   1   3   6   2   1  10   2   6   3   1  41   3  0.85 0.45
  218 S    -1  -2   2   3  -3   1   2   1  -1  -3  -1   0  -1  -2  -2   2   0  -1  -3  -2    5   2   8  15   0   7  14  10   1   1   5   4   1   2   1  14   5   1   0   2  0.25 0.22
  219 G    -2  -1  -1   2  -4  -1   1   4  -2  -4  -3   0  -4  -4  -2   1   0  -2  -4  -3    2   3   3  12   0   2  10  33   1   1   3   6   0   0   1  13   6   1   0   2  0.50 0.34
  220 W    -5  -5  -5  -5  -5  -5  -5  -2  -5   2  -3  -5  -4   1  -5  -3  -4  12  -3  -3    1   1   1   1   0   1   1   3   0  10   2   1   0   4   1   3   1  67   0   2  3.02 1.11
  221 P     2  -3  -5  -5  -5  -5  -5   3  -5  -1  -6  -5  -5  -6   7  -2  -4  -1  -6  -5   15   2   0   0   0   0   0  20   0   4   1   0   0   0  51   3   0   1   0   0  1.50 0.76
  222 A     2   0   0   0  -4   1   3  -1  -3  -3  -3   1  -3  -4   0   1   1  -4  -4  -2   15   3   3   5   0   5  25   5   0   1   2   8   0   0   4  12   8   0   0   2  0.35 0.30
  223 E     0  -1  -2  -1  -4   0   1  -1   0  -2  -1  -1   1  -4   5   0  -2  -5  -3   0    7   4   2   3   0   4   9   4   2   1   7   3   4   0  32   8   1   0   1   8  0.51 0.35
  224 I     0  -4  -5  -5  -2  -4  -5  -2  -1   5   2  -4   0  -3  -5  -1  -1  -5  -4   4    7   1   0   0   1   0   0   3   2  31  19   0   1   0   0   4   3   0   0  26  0.72 0.42
  225 Q    -2  -1   0   2  -4   2   4  -3   0  -3  -2   1  -3  -3  -1   1   0  -4  -1  -1    3   3   4  10   0  10  27   0   2   1   4   7   0   1   2  13   6   0   2   4  0.37 0.30
  226 I     0  -3  -3  -3  -3  -1  -2  -4  -4   4   2   0   4  -1  -4  -2  -1  -2  -3   2    6   0   1   1   0   3   2   1   0  23  24   7  10   2   0   2   4   1   0  13  0.44 0.31
  227 E    -1   3  -1   0  -5   2   3  -2  -1  -4  -5   3  -4  -2  -2   2  -1  -1  -4  -4    5  14   3   4   0   7  23   2   1   1   0  19   0   2   1  14   2   1   0   1  0.51 0.39
  228 G     0  -4  -3  -4  -4  -3  -2   5  -4   0   0  -4   0   0  -1  -1   1  -4  -3   0    7   0   0   0   0   1   3  46   0   5   8   0   3   5   3   3   8   0   1   7  0.62 0.39
  229 C    -2  -5  -5  -4  10   0   0  -5   0  -4  -3  -3  -5  -3  -5  -3  -1  -5  -4  -4    3   0   0   1  70   4   6   0   2   1   2   2   0   1   0   1   3   0   1   0  2.47 0.93
  230 I    -2  -6  -6  -6  -2  -5  -6  -5  -6   5   1  -5   0   3  -6  -5  -2  -5  -3   4    3   0   0   0   1   0   0   1   0  33  11   0   1  14   0   0   2   0   0  35  1.02 0.52
  231 P    -3  -6  -3  -6  -7  -5  -3  -6  -6  -7  -7  -3  -7  -8   9  -4  -3  -8  -7  -7    1   0   1   0   0   0   1   0   0   0   0   2   0   0  92   1   1   0   0   0  2.99 1.09
  232 K    -3   4  -3  -4  -5   2  -2  -3  -3  -2   0   4  -1   1  -3  -2  -1  -4   0  -3    0  27   0   0   0  10   0   2   0   2  12  30   1   7   1   2   4   0   3   0  0.60 0.38
  233 E    -3   1   1  -1  -5   4   0  -3  -3  -5  -3   6  -1  -3   0  -2  -3  -5  -4  -4    0   6   6   2   0  18   5   1   0   0   2  54   2   1   4   0   0   0   0   0  0.91 0.45
  234 R    -2   2  -3  -3   2   2  -2  -4  -3   0   3   0  -1  -2   3  -2  -2  -4  -3  -1    0  14   0   0   5  12   0   0   0   5  40   6   0   0  17   1   1   0   0   0  0.44 0.23
  235 S     0  -2  -1  -2  -2  -1  -1  -2  -2  -3  -3  -1  -2  -3  -2   5   4  -4  -3  -2    3   0   0   0   0   0   0   0   0   0   0   0   0   0   0  68  30   0   0   0  0.78 0.23

                      K         Lambda
Standard Ungapped    0.1349     0.3187
Standard Gapped      0.0398     0.2670
PSI Ungapped         0.1299     0.3176
PSI Gapped           0.0398     0.2670
