
Last position-specific scoring matrix computed, weighted observed percentages rounded down, information per position, and relative weight of gapless real matches to pseudocounts
            A   R   N   D   C   Q   E   G   H   I   L   K   M   F   P   S   T   W   Y   V   A   R   N   D   C   Q   E   G   H   I   L   K   M   F   P   S   T   W   Y   V
    1 M    -2  -3  -4  -5  -3  -2  -4  -4  -3   1   1  -3   9  -2  -4  -3  -2  -3  -3   1    0   0   0   0   0   0   0   0   0   6   0   0  85   0   0   0   0   0   0   9  1.40 0.35
    2 A     5  -2  -3  -2  -2  -1   2  -1  -3  -2  -1  -2  -2  -3  -2   0  -1  -4  -3  -1   73   0   0   0   0   0  15   0   0   0   7   0   0   0   0   2   0   0   0   3  0.64 0.25
    3 D    -2  -2   0   5  -4   0   5  -3  -2  -4  -4  -1  -3  -5  -1  -1   1  -5  -4  -3    0   0   3  41   0   0  44   0   0   0   0   0   0   0   2   0   9   0   0   2  0.91 0.26
    4 I     0  -1   0  -1  -1  -1  -1   0  -1   1   1  -1   0   0  -1  -1   0  -1  -1   2    7   2   7   2   1   3   2   7   1   8  17   2   1   3   2   3   4   0   1  27  0.05 0.04
    5 Q    -2  -1  -2  -2  -4   7   1  -3  -2  -3  -1   0   0  -4  -3   0  -1  -4  -3  -3    0   0   0   0   0  67   8   0   0   0   8   4   2   0   0   4   4   0   0   0  1.03 0.37
    6 T    -1  -1   3  -1   0   0  -2  -2   1   0  -2   1  -2  -3  -3   1   3  -4  -3   0    2   0  18   1   2   3   0   0   4   8   3  12   0   0   0  13  30   0   0   6  0.31 0.20
    7 E    -3  -2  -2   0  -1   0   7  -4   1  -5  -3  -2  -4   0  -3  -2  -3  -5  -3  -4    0   0   0   1   1   2  85   0   3   0   2   0   0   6   0   0   0   0   0   0  1.46 0.49
    8 R    -3   6  -2  -3   0  -1  -1  -3  -2  -5  -4   5  -3  -4  -4  -2  -2  -5  -1  -4    0  55   0   0   2   0   1   1   0   0   0  35   0   0   0   0   2   0   3   0  1.22 0.43
    9 A     5  -3  -3  -4  -2  -3  -3  -2  -3   0  -3  -1  -3  -3  -3   1   0  -4   0   0   71   0   0   0   0   0   0   0   0   7   0   3   0   0   0   9   3   0   3   4  0.82 0.37
   10 Y    -5  -5  -5  -6  -5  -5  -5  -6  -2  -3  -2  -5  -3   8  -6  -5  -4  -1   6  -3    0   0   0   0   0   0   0   0   0   0   0   0   0  69   0   0   0   0  31   0  2.04 0.56
   11 Q    -3  -2  -3  -3  -5   7   0  -4   2  -4   1  -1   0  -4   1  -3  -3  -4  -3  -4    0   0   0   0   0  68   2   0   5   0  15   0   2   0   8   0   0   0   0   0  1.27 0.53
   12 K    -2   2  -2  -3  -5   1  -1  -4  -3  -5  -5   7  -4  -6  -3  -2  -3  -5  -4  -5    2   6   0   0   0   4   0   0   0   0   0  87   0   0   0   2   0   0   0   0  1.58 0.56
   13 Q     0  -2  -3  -3  -6   8  -1  -4  -2  -6  -5  -1  -3  -6  -4  -3  -3  -5  -4  -5    7   0   0   0   0  93   0   0   0   0   0   0   0   0   0   0   0   0   0   0  2.13 0.72
   14 P    -1  -2  -2   0  -4  -1   1  -2   1  -1  -1   0  -3   0   6  -1  -2  -4  -3  -3    3   0   1   5   0   2  10   2   4   4   7   7   0   4  44   3   2   0   0   0  0.76 0.30
   15 T     0  -2  -1  -2  -3   0  -2   2   3  -2  -2   0  -2  -3   0   1   3  -3  -2  -2    5   0   2   0   0   4   0  21  11   2   3   8   0   0   4  11  28   0   0   0  0.32 0.21
   16 I    -1  -4  -1  -4   0  -3  -4  -4  -4   5   0  -4  -1  -2  -4  -2  -1  -4  -3   4    5   0   5   0   2   0   0   0   0  42   3   0   0   0   0   3   2   0   0  37  0.71 0.34
   17 F    -4  -4   2  -4  -4  -4  -4  -4  -3   0  -2  -1  -2   7  -4  -2  -3  -2   2  -1    0   0  14   0   0   0   0   0   0   5   1   4   0  63   0   2   0   0   5   3  1.18 0.46
   18 Q    -2  -2   0  -1   1   5  -1  -4   0   0   3  -2  -1  -1  -1  -2  -2  -3  -2  -1    0   0   4   3   3  35   1   0   2   4  36   0   0   3   3   2   1   0   0   2  0.49 0.33
   19 N    -2  -1   6  -1   1  -2  -2   0   3  -4  -3   0  -3  -4  -3   0   0  -4  -1  -4    3   2  57   0   4   0   0   6   7   0   3   4   0   0   0   4   6   0   2   0  0.88 0.41
   20 K    -1   3   1  -2  -3   0  -1  -2  -2  -3  -3   2  -3  -2   2   3   0  -4  -3  -2    3  18   7   0   0   2   0   1   0   0   0  15   0   2  12  32   3   0   0   2  0.46 0.28
   21 K    -3   1  -1  -3  -5  -1  -2  -1  -3  -5  -4   6  -4  -4  -1  -1  -3  -4   2  -4    0   4   2   0   0   0   0   5   0   0   0  71   0   0   3   4   0   0   8   0  1.15 0.52
   22 R     0   3  -2  -2  -3   0   0  -2  -2   0  -1   3   0  -3   0   0   1  -3  -2   0    7  22   1   1   0   4   3   2   0   4   3  24   3   0   4   4   9   0   0   9  0.26 0.18
   23 V    -1   0  -1  -1  -2  -1  -1   0   1   1  -1   1  -1   1  -1   1   0  -2  -1   1    3   5   1   2   0   1   1   9   5   8   4  14   1   8   3  13   6   0   0  16  0.06 0.10
   24 L     0   0   0  -1   1  -1  -1   1  -2   0   2   0   0  -1  -2   0   1  -2  -2   0    6   5   5   2   4   1   3  11   0   3  28   5   0   2   1   4  11   0   1   8  0.07 0.09
   25 L     0   1  -1  -2   0   0   0   0  -1  -1   1   3  -1  -2  -1  -1  -1   2  -2  -1    7   7   1   1   2   2   6   8   2   2  23  24   0   1   2   4   2   3   1   2  0.12 0.12
   26 G     0  -1   1  -1  -3  -1   1   3  -2  -3  -2   1  -2  -3   1   0  -1  -3  -3  -1    9   1   8   1   0   1  10  32   0   1   3  13   0   1   7   8   2   0   1   4  0.31 0.16
   27 E     0   0   1   0  -3   0   2   1  -2   0  -2   3  -2  -1  -2   0  -1  -3  -2  -1   10   3   6   3   0   2  14  13   0   6   2  25   0   3   1   6   2   0   0   3  0.18 0.14
   28 T    -1   2  -1  -2  -2   0  -1   0  -2   0   0   2  -1   0   0   0   1  -3  -2  -1    4  12   3   1   0   2   1   9   0   7  12  21   0   4   5   4  13   0   0   4  0.11 0.12
   29 G     0   0   0   0  -3  -1  -1   2   0  -3  -3   3  -2  -3   3   0   0  -3  -3  -1    5   4   4   5   0   0   1  21   2   1   1  25   0   0  14   6   6   0   0   4  0.34 0.19
   30 K     1   2   2  -2  -4  -1  -1   1  -2  -4  -4   4  -3  -4   1   0  -1  -4  -3  -2   12  10   9   0   0   0   0  11   0   0   1  40   0   0   6   6   2   0   0   2  0.48 0.28
   31 E    -1   2   1   0  -4   1   3   1  -2  -3  -3   3  -2  -2  -2  -1   0  -4  -3  -1    3  13   5   4   0   3  21  10   0   0   1  24   0   2   0   2   5   0   0   5  0.34 0.21
   32 K    -1   2   0   0  -4  -1   0   1  -2  -3  -3   5   1  -4   0  -1   0  -4  -3  -1    2   9   5   4   0   0   4  10   0   0   1  43   5   0   4   3   6   0   0   4  0.44 0.27
   33 L     0   1   0   0  -2   0  -1   2   0  -1   1   1  -1  -1   0   0  -1  -3  -2   0    8   7   6   4   0   2   2  17   2   2  18   9   0   2   5   4   3   0   0   7  0.06 0.08
   34 P    -1   0   1  -1  -2   0  -1   1   1   0   0   0   0  -2   3   0   0  -3  -2   0    3   4  11   0   0   6   2  12   5   4  10   4   4   0  15   4   7   0   0   8  0.15 0.10
   35 R    -1   6  -2  -3   1  -1  -2  -3   2  -4  -2   2  -2  -4  -3   0  -2  -4  -3  -3    6  60   0   0   4   0   0   0   7   0   5   9   0   0   0   7   0   0   0   0  0.81 0.33
   36 Y    -2   0  -2  -3  -3   0  -2  -1   2  -2   0   0   2   2  -3  -1  -2   5   5  -1    1   5   0   0   0   4   1   5   5   0   6   7   8   9   0   5   0  10  28   5  0.43 0.25
   37 Y     0  -2  -2  -3   3  -1  -2  -2   2   1  -1   0   2   2  -2   0  -1   5   2   0    9   0   0   0   8   0   1   1   9   9   1   9   9   9   0   9   0   8   9   9  0.20 0.16
   38 K    -2   4   0  -3  -4  -1  -1  -3  -2  -3  -2   5  -2  -4  -3  -2  -2  -4  -1   0    0  29   4   0   0   0   0   0   0   0   3  50   0   0   0   0   0   0   2   8  0.80 0.35
   39 N    -2  -2   5   3  -4   0   1  -2   0  -4  -4   0  -3   0  -3   1   0  -4  -2  -4    0   0  40  17   0   2  10   0   2   0   0   5   0   5   0  12   4   0   1   0  0.61 0.29
   40 I    -1  -1  -4  -4   1  -3  -4  -4  -4   5   0  -3   2  -2  -1  -1  -1  -4  -3   3    4   3   0   0   3   0   0   0   0  51   3   0   4   0   3   5   3   0   0  20  0.61 0.30
   41 G    -2  -1  -2  -1  -4  -3  -3   6  -3  -4  -4  -1  -4  -4  -3   1  -3  -4  -4   0    0   3   0   4   0   0   0  68   0   0   0   4   0   0   0  12   0   0   0   7  1.05 0.39
   42 L    -1  -3  -3  -3  -2  -2  -1  -4  -3   3   3  -3   2   0  -1  -1  -1   2   0   1    3   0   0   0   0   0   5   0   0  24  35   0   4   3   3   6   2   3   3   8  0.32 0.20
   43 G    -1   1   1   2  -4   0   1   4  -2  -4  -4   0  -3  -4   2   0  -2  -4  -3  -3    4   7   6  12   0   5  12  32   0   0   1   7   0   0   9   4   0   0   0   0  0.43 0.22
   44 F    -1   0  -1  -3  -3  -3  -3   1   0   2   0  -2  -1   4  -3  -2   0   2   1   2    4   5   3   0   0   0   0  12   2  12   8   0   0  22   0   0   6   3   3  16  0.22 0.19
   45 K    -1   0   0   0  -3   1   1  -3  -2   0   0   4   0  -3   0  -1  -1  -4  -3   0    5   3   3   4   0   5  10   0   0   5  10  34   3   0   5   0   3   0   0   8  0.26 0.23
   46 T     1   0   0  -2  -2   0   0  -1  -2   1   0   0   3   0   0   0   2  -3  -2   0   12   4   3   0   0   3   8   4   0   8   7   4  11   4   4   6  14   0   0   7  0.08 0.13
   47 P    -1   1  -1   1  -2  -1   1  -2   2   0   0   1  -1  -2   1   0   0   4  -1   0    1   8   0   8   0   0   8   1   8   8   8   8   0   0   8   8   8   8   0   8  0.14 0.13
   48 K     0   2   1  -2  -3   1   1  -3  -2   0  -3   2  -2  -3   2   0   1  -4  -3  -2    8  15   7   0   0   7   9   1   0   8   1  18   0   0  13   4   8   0   0   0  0.32 0.23
   49 E     0   0   1   1  -3   2   3   0   1  -3  -2   1  -2  -4   0   0   1  -4  -3  -2    6   4   5   6   0   8  25   8   3   0   3  10   0   0   5   4   8   0   0   3  0.26 0.21
   50 A     2   0   0   0  -3  -1   0  -1  -2  -1  -1   0   1  -3   2   0   0  -4  -3   0   25   4   4   4   0   0   8   5   0   4   7   6   5   0  11   6   5   0   0   6  0.17 0.18
   51 I     0   0  -2   0   2  -1   0  -3   2   0   0   0   1   1   1   0   0   4  -1   0    6   6   0   6   6   0   6   0   6   6   6   6   6   6   6   6   6   6   0   6  0.09 0.14
   52 E    -1   0   2   1  -4   1   4  -3   1  -2  -3   1  -3  -1  -3   0   0   1  -1  -1    3   3  12   7   0   5  31   1   3   3   1   8   0   3   1   5   5   2   2   4  0.36 0.28
   53 G     0   0   1   0   1   0   0   4  -2  -1  -1   0   0  -3   0   0  -2  -3   0  -3    5   4   6   6   4   4   6  31   0   4   5   7   4   0   4   6   1   0   4   1  0.24 0.21
   54 T     0   0   0   1  -3   0   1  -1   1  -1  -1   0   0   0  -2   1   1  -3  -2   0    5   4   4   7   0   4  13   3   4   4   4   7   3   5   0  13  13   0   0   7  0.10 0.13
   55 Y     0  -1  -1   1   3   1   1  -2  -1  -2   0   1  -1   1   2  -1   0  -2   2  -2    9   0   0   9   8   9   9   1   0   0   9   9   0   9   9   1   9   0   9   1  0.13 0.12
   56 I     0   0   1   0  -2   1   0   0   2   0  -1   0   1  -2   1   0   0  -2   1   0    6   6   6   6   0   6   6   6   6   6   6   6   6   0   6   6   6   0   6   6  0.05 0.08
   57 D     0  -1   1   1  -2   0   1   1  -1  -3  -3   1  -2  -2   2   1  -1  -2   2  -2   11   1  10  11   0   0  11  11   0   1   1  11   0   0  11  11   1   0  10   1  0.21 0.09
   58 K     0   0   0   0  -3   1   0  -2   2   0   0   0   1   1   1   0   0  -2   1   0    6   6   6   6   0   6   6   0   6   6   6   6   6   6   6   6   6   0   6   6  0.06 0.09
   59 K    -1   1   1   1   1   0   0  -1   3   0   0   2   2  -2  -2  -1  -1  -3  -2  -1    5   6   6   8   4   4   4   5  11   7   9  15   7   0   0   4   0   0   0   4  0.11 0.15
   60 C     0   1  -1   1   3  -1   0  -2   2  -2  -2   0   1  -2  -2   0   0   4   2   0    8   8   0   8   7   0   8   1   7   0   1   8   7   0   0   8   8   7   7   8  0.16 0.17
   61 P     0  -1   0  -4  -5  -4  -4  -1   0  -4  -3  -4  -4  -5   7   0  -3  -5  -5  -1    8   3   5   0   0   0   0   4   3   0   3   0   0   0  60   7   0   0   0   4  1.45 0.66
   62 F     1  -1  -1  -1   1  -1  -3  -4  -1  -1   0   0   1   5  -4  -1  -1   6   0  -1   12   2   4   4   3   3   0   0   2   3   7   8   3  26   0   3   3  10   2   4  0.39 0.32
   63 T    -1  -2   0  -1  -3   0   0  -1   4   0   0  -1  -2  -2   0   1   3   1   0   0    3   0   5   3   0   3   5   3  12   7  10   4   0   0   5   9  20   2   3   5  0.17 0.22
   64 G     0   0   0   0   1   0  -1   3  -2  -1  -1   0  -2  -1   0   0  -2  -3   0  -1    8   4   5   4   3   3   3  30   0   3   5   8   0   3   4   6   0   0   4   5  0.20 0.19
   65 N     0   0   1   0  -3   1   0   0   2  -2  -1   0   1  -2   1   0   0   3  -2  -1    6   6   6   6   0   6   6   6   6   0   6   6   6   0   6   6   6   6   0   6  0.11 0.13
   66 V     0   0  -1   0   2   0   0  -1   1   0  -1   0   1   0   1   0   0  -2   1   0    6   6   0   6   5   5   6   6   5   6   6   6   5   5   6   6   6   0   5   6  0.03 0.08
   67 S    -1   1   1  -2   1   0  -1   0   1  -1  -2   1  -2   0   0   1   1  -3   0  -1    4  10   6   0   3   3   3   5   3   5   4  11   0   4   5  15  10   0   3   5  0.10 0.16
   68 I     0   0   0   0   2   0   0   0   1   0  -1   0   1   0   1   0   0  -3  -1   0    6   6   5   6   5   5   6   6   5   6   6   6   5   5   6   6   6   0   0   6  0.03 0.07
   69 R     0   3   0  -2   1   0  -1  -1   1  -1  -2   2  -2  -3   2  -1  -1   4   0  -3    7  16   4   0   3   4   3   3   4   5   4  12   0   0  13   4   4   6   3   0  0.23 0.24
   70 G     0   0   1   0  -2   1   0   0   2   0  -1   0   1  -2   1   0   0  -3  -2   0    6   6   6   6   0   6   6   6   6   6   6   6   6   0   6   6   6   0   0   6  0.06 0.08
   71 R    -2   4   2  -3  -1   2   0  -3   1  -2  -2   4   0  -2  -2   0  -2   1  -4  -3    3  22   9   0   1   7   5   2   3   3   4  24   3   2   1   6   2   2   0   1  0.49 0.39
   72 I    -1  -1  -2  -2  -1   0   0  -3  -1   3   0  -1   0   2   0  -1   1  -3   0   1    3   3   2   2   1   5   5   2   1  18   8   4   2   9   4   5  11   0   3  11  0.15 0.17
   73 L    -2   0  -3  -2  -3  -1  -2  -4   1   2   2  -1   1   2   1  -2  -1   1   2   1    2   5   0   2   0   2   2   0   4  11  25   3   3   9   8   3   3   2   6   8  0.23 0.22
   74 S    -1   1  -1  -1   0   1   1   1   0  -1  -1   0   2   0  -1   0   0  -3   0  -1    3   9   3   3   3   7  10  13   3   3   3   5   8   4   3   7   7   0   3   5  0.09 0.14
   75 G     0   0  -2   0   2  -1   0  -1   2   0  -1   0   1   1   0   0   0   3   1   0    6   6   0   6   5   0   6   6   5   6   6   6   5   5   6   6   6   5   5   6  0.06 0.11
   76 V     0   0   0   0   2   1   0  -2   2   0   0   0   1   1  -2   0   0  -2   1   0    6   6   6   6   6   6   6   0   6   6   6   6   6   6   0   6   6   0   6   6  0.06 0.10
   77 V     0  -2  -2  -2   3   1  -2  -2  -1   1   1  -1   2  -1  -2  -1   1  -2   2   1   11   1   0   1  10  10   1   1   0  11  11   1  10   0   1   1  11   0  10  11  0.13 0.10
   78 T    -1  -1  -4  -2  -3  -1  -2  -4  -1   3   0  -2   0   0  -1   0   2  -4  -1   4    3   3   0   2   0   3   2   0   2  16   7   2   2   3   4   6  13   0   2  30  0.35 0.30
   79 K    -1   2   0  -3   2   1  -1  -1  -4  -5  -5   3  -4  -5  -4   4   0  -5  -4  -2    4   9   3   0   5   7   3   4   0   0   0  15   0   0   0  39   6   0   0   3  0.65 0.48
   80 M     0  -1   2   1   1   0  -1  -1   1   0  -1   0   0  -3  -1   0   1  -3   0   0    7   3  10  10   4   3   3   3   3   6   4   5   3   0   3   8  12   0   3   7  0.06 0.13
   81 K     0   0   0   0  -2   1   0   0   1   0  -1   0   1   0   1   0   0  -2   1   0    6   6   5   6   0   5   6   6   5   6   6   6   5   5   6   6   6   0   5   6  0.03 0.06
   82 M     0  -2   1  -3   0  -1  -2   0  -4  -2   0  -3   8   0  -1  -1   0  -4  -3  -2    9   2   7   1   2   2   2   9   0   1   7   0  41   4   3   3   5   0   0   1  0.73 0.51
   83 Q    -1   0   2   2  -3   3   0  -1   2  -2  -2   1   0  -2   1   0   0  -4  -2  -2    5   5  10  15   0  15   5   3   5   1   3   7   2   2   6   6   5   0   1   2  0.21 0.20
   84 R    -2   3   1  -1  -4   1  -1  -2   0  -4  -2   5  -1  -4  -3   0  -1  -4  -1  -3    2  14   8   3   0   4   2   3   2   0   3  47   2   0   0   5   2   0   2   2  0.64 0.41
   85 T    -1  -1   0  -3   3  -2  -3  -2   0   0  -3  -1   0  -4   0   1   5  -4  -3   0    3   3   3   0   6   0   0   3   2   7   0   3   3   0   4  11  44   0   0   5  0.51 0.39
   86 I     0   0  -2  -1   1  -2  -2  -1   1   3   0  -1   1   0  -3  -1   0  -3  -2   2    9   5   0   4   4   0   0   4   4  20   7   4   4   4   0   4   4   0   0  22  0.15 0.17
   87 V     0   0   0  -1   1   0  -2  -1   0   1   0   0   1  -2  -3   0   1  -3  -2   3    6   4   3   3   3   3   0   4   3   6   7   6   3   0   0   5  13   0   0  29  0.14 0.19
   88 I     0  -2  -2  -3   3  -2  -2   1  -2   1   1  -2   2   1  -2  -1   1  -2  -1   1   11   1   0   1  10   0   1  11   0  11  11   1  10  10   1   1  11   0   0  11  0.12 0.09
   89 R     0   0   0   0   2   1   0   0   2   0  -1   0   1  -2  -2   0   0  -2   1   0    6   6   6   6   6   6   6   6   6   6   6   6   6   0   0   6   6   0   6   6  0.05 0.09
   90 R     0   0   0  -2   2   0  -2   0   2   0   0   0   1   0  -3   0   0   3  -1   0    6   6   6   0   6   6   0   6   6   6   6   6   6   6   0   6   6   6   0   6  0.04 0.15
   91 D     0   0   0   0  -2   0   0   0   1   0  -1   0   1   0   0   0   0  -2   1   0    5   5   5   5   0   5   5   5   5   5   5   5   5   5   5   5   5   0   5   5  0.00 0.06
   92 Y    -3   5  -1  -2   0  -1  -3  -3   0  -2  -3  -1  -1  -1  -5  -1   1   2   4  -2    2  36   3   2   2   2   1   2   2   3   2   3   1   2   0   6   9   2  14   3  0.67 0.52
   93 L    -2   2  -2  -2  -4   0  -1  -3  -1   0   2   1   1   1  -1  -1   0   2   2   0    2  13   1   1   0   4   4   2   2   4  22   8   3   6   4   4   6   3   7   5  0.16 0.19
   94 H    -1   1   0  -1   0   0  -1  -2   4   0  -1   2   1   1  -3  -1  -1   1   2   1    4   7   4   2   2   3   3   2  11   4   4  14   4   7   0   5   3   2   6  12  0.17 0.20
   95 Y    -2   1  -1  -4   0   0  -2  -4   1   0  -1   1   1   2   0  -1   0   2   5  -1    3   9   2   0   2   5   2   0   3   5   5   8   3  10   6   4   5   3  20   3  0.29 0.29
   96 I    -4  -2   0   0  -5  -1  -2  -2   8   1  -2  -4   0  -1  -2  -2  -2  -5   1   0    0   2   4   5   0   2   2   3  41   8   5   0   3   2   3   3   2   0   5   8  1.03 0.62
   97 R    -2   1  -1  -2   1   0  -1  -2   1  -5  -3   2  -4  -5   5   1  -2  -5   0  -3    3   7   3   2   3   4   4   3   4   0   3  13   0   0  34   9   2   0   3   2  0.69 0.47
   98 K    -2   1  -2  -2  -4  -1  -3  -4   0   0   1   5   0  -2  -2  -2  -1  -4  -1   0    2   7   1   1   0   2   0   0   2   6  15  40   3   2   2   2   4   0   2   7  0.50 0.43
   99 Y    -1  -3  -1  -4  -4  -1  -3  -4   1   0   0  -2   0   1  -4  -1   0  -1   7   0    5   0   3   0   0   3   0   0   3   5  10   3   3   5   0   4   7   0  43   5  0.70 0.43
  100 N    -1   0   2   0  -3   1   0   1   1  -1  -1   2   0  -1   0   0   1  -3  -2  -2    3   4  12   3   0   7   4  13   4   5   8  15   3   2   3   3   9   0   0   1  0.11 0.13
  101 R     0   1  -1   0   2   1  -1   0   2   0   0   0   1  -2  -2   0   0  -3  -2   0    7   7   0   7   7   7   0   7   7   7   7   7   7   0   0   7   7   0   0   7  0.06 0.11
  102 F    -1   1  -1  -1  -4   0  -1  -2   0  -1  -1  -1   3   3  -1  -1  -1   4   3   0    5   7   3   3   0   4   3   4   3   3   6   4   8  15   3   4   3   5  13   5  0.24 0.21
  103 E    -1   0  -3  -1  -3   0   2  -2   0   2  -1   0   2   0  -3  -1   0   3   1   1    3   5   0   2   0   3  15   2   2  12   4   7   7   4   0   3   4   4   6  13  0.15 0.21
  104 K    -1   3   0  -1  -4   0  -1  -2   1  -1  -2   3   0   0  -3  -1   0   2   0  -1    3  16   5   3   0   3   3   3   4   4   4  24   3   4   0   5   6   3   3   5  0.26 0.26
  105 R    -1   3   0  -1   1   1  -1  -2   2  -1  -2   2   0  -1  -3   0   0  -3   1   0    3  22   3   4   3   7   3   3   5   3   3  15   3   3   0   5   5   0   5   6  0.22 0.24
  106 H    -1   2   0  -1  -4  -1  -1  -2   3  -1  -2   1   0   0  -4   2   3   1   0  -2    3  13   3   2   0   3   2   2   9   3   2   8   2   4   0  17  19   2   3   3  0.31 0.33
  107 K    -1   2  -1  -3  -2  -1  -1  -3  -1  -3  -4   5  -2  -3  -2   2   3  -5  -3  -3    3   8   2   1   1   2   2   1   2   1   0  37   1   1   2  14  19   0   1   1  0.68 0.45
  108 N    -3   4   2   0  -5  -1  -3  -3  -1  -3  -3   5  -4  -5  -4  -1   0  -5  -5  -2    1  18  11   5   0   1   0   1   2   1   2  43   0   0   0   3   6   0   0   3  0.88 0.51
  109 M    -2  -1  -4  -4   0  -3  -3  -4   0   3   1  -2   3   3  -4  -3  -1  -2   5   1    3   3   0   0   2   0   0   0   2  17  13   3  11  11   0   0   2   0  22   7  0.48 0.28
  110 S    -1  -1  -1  -3   0   0  -2  -2   3  -1   1   0   2   1   1   1  -1   0   2  -1    5   2   2   0   2   3   0   2  11   2  15   7   7   5   9  12   3   1   8   3  0.13 0.16
  111 V     4  -3  -3  -4   2  -3  -3  -3  -3   0  -1  -1   0   0  -1   0   0  -4  -1   3   40   0   0   0   4   0   0   0   0   4   3   3   2   5   2   4   4   0   2  25  0.44 0.31
  112 H    -4   0  -2   0  -5   0  -3  -2   9  -5  -4  -3   1  -4  -4  -3   0  -4   1  -5    1   5   0   4   0   3   1   3  65   0   1   0   4   0   0   1   7   0   3   1  1.81 0.67
  113 L    -2  -3   2   5   3  -3  -2  -3  -2   0   0  -2  -1  -2  -2  -1  -1  -1   0  -1    4   0  10  41   8   0   1   1   1   5   9   2   1   1   1   4   2   1   3   4  0.61 0.37
  114 S    -1  -1   0   0  -4   0   4  -2   1  -2  -4  -1  -3  -1   4   1  -1  -4  -1  -4    3   3   5   3   0   3  28   3   4   2   1   2   0   2  19  13   3   0   2   0  0.48 0.38
  115 P     0  -1   1   1  -3   0   2   1   0  -2  -2   0  -3  -3   4   0  -1  -4  -3  -3    5   3   9   8   0   4  13  10   3   3   3   4   0   0  21   8   3   0   0   1  0.34 0.24
  116 C     0  -1   1   0   5   0   1   0   1  -1  -1  -1  -2  -1  -1   0   0  -2   0  -1    9   3   7   5  17   3   9   7   4   3   4   4   1   3   3   5   4   0   3   4  0.16 0.14
  117 F    -1   0   0   0   2   0   0  -1   2   0  -1   0   2   1   0  -1   0   4   1  -1    5   5   5   5   5   5   5   5   5   5   5   5   5   5   5   5   5   5   5   5  0.09 0.08
  118 R     0   0   0   0  -3   0   0   0   1   0  -1   0   1   0   0   0   0   3  -1   0    5   5   5   5   0   5   5   5   5   5   5   5   5   5   5   5   5   5   0   5  0.02 0.10
  119 D     0   0   1   1  -3   1   1   1   1  -3  -2   1  -2  -3   0   0   0  -3  -3  -1    7   4   7  10   0   6   9  12   4   1   5   9   0   0   4   6   6   0   0   4  0.11 0.15
  120 V     2  -3  -2  -4   6  -3  -3  -2   0   0   0  -2   1   0  -1  -1  -1   1   0   2   17   0   2   0  19   0   0   2   2   6   9   3   3   4   3   3   2   2   4  15  0.37 0.30
  121 Q    -1   1   1  -1  -2   3   1  -2   1  -3  -3   4  -2  -3  -2   0  -1  -4  -2  -2    5   7   8   2   1  13  10   3   3   1   2  30   1   1   1   5   4   0   1   3  0.42 0.32
  122 I    -2  -2  -2  -2  -3  -1   2  -4  -2   4   0  -1   0  -2  -1  -2   0  -4  -2   3    3   1   1   2   0   2  17   1   1  24   9   3   2   1   3   3   4   0   1  21  0.37 0.29
  123 G    -3  -3  -2  -3  -6  -5  -2   7  -6  -1  -7  -3  -6  -7  -6  -3  -5  -6  -7  -6    2   2   2   2   0   0   2  82   0   4   0   1   0   0   0   2   0   0   0   0  2.00 0.89
  124 D    -3  -3   0   8  -7  -2  -1  -5  -1  -7  -7  -2  -2  -2  -5  -2  -2  -7  -6  -6    2   1   5  73   0   2   3   0   2   0   0   2   1   2   0   2   3   0   0   0  1.86 0.87
  125 I    -1   1  -1  -2  -3   0   0  -3   1   2   0   1   0   0  -2   0   2  -1  -1   1    3   8   2   1   0   4   5   0   4  15  10   9   2   3   1   6  14   1   2  10  0.12 0.16
  126 V    -3  -6  -6  -6   2  -6  -6  -3  -6   2  -2  -6  -3  -1  -6  -5  -4  -6  -5   7    2   0   0   0   4   0   0   2   0   8   2   0   0   2   0   0   0   0   0  77  1.79 0.78
  127 T    -2   3  -2  -2  -2   0   1  -3  -2   1   0   1   0  -2  -3  -1   2   2  -2   1    1  15   1   1   1   4  11   1   1  10   7   9   2   1   0   4  17   3   1  10  0.24 0.22
  128 V    -2  -5  -6  -6  -1  -5  -6  -6  -6   7   0  -5   2   0  -2  -5  -1  -5  -2   2    2   0   0   0   2   0   0   0   0  59   8   0   4   4   3   0   3   0   1  12  1.26 0.57
  129 G     0   1  -2  -2  -2   2   2   2  -2   1  -2   0   3  -3  -4  -2  -1  -4  -2   0    9   8   1   1   1  10  13  19   1   8   1   4   9   1   0   2   3   0   1   7  0.24 0.23
  130 E    -2  -1  -1  -2  -6   3   6  -3  -1  -5  -4   1  -3  -6   0  -1  -3  -2  -4  -5    4   3   3   1   0  11  53   1   1   1   2   7   1   0   5   5   1   1   1   1  1.05 0.61
  131 C    -3  -5  -5  -6   9  -6  -6  -4  -2  -1  -4  -6  -2  -4  -6   1   4  -2  -4   0    1   1   0   0  45   0   0   1   1   3   1   0   1   1   0  11  26   1   1   7  1.79 0.80
  132 R    -2   8  -3  -4  -7   0  -1  -5  -2  -7  -6   1  -5  -7  -2  -3  -4   1  -6  -5    3  70   1   1   0   4   4   1   1   0   0   8   0   0   2   1   1   2   0   1  1.79 0.81
  133 P    -4   0  -6  -6  -7  -3  -5  -6  -2  -7  -5   0  -6  -7   8  -2  -5  -7  -7  -6    1   5   0   0   0   1   0   0   1   0   1   6   0   0  81   2   0   0   0   0  2.54 0.96
  134 L    -4  -2  -6  -6  -4  -5  -5  -6  -3   4   4  -3   3   0  -6  -5  -3  -5  -1   1    1   2   0   0   0   0   0   0   1  26  48   1   8   3   0   0   1   0   2   6  1.01 0.47
  135 S    -1  -5  -1  -4  -5   0  -4  -3  -5  -6  -6  -4  -5  -6  -5   7  -2  -7  -6  -6    4   0   2   0   0   4   0   1   0   0   0   0   0   0   0  85   1   0   0   0  1.96 0.89
  136 K    -1   2  -4  -3  -6  -3  -3  -4   0  -6  -6   7  -5  -1  -3  -2  -2  -6  -3  -5    5  10   0   1   0   0   0   1   2   0   0  71   0   3   1   2   2   0   1   0  1.55 0.70
  137 T    -3   2   1   1  -3  -1  -1  -2   1  -2   0  -1  -1  -4  -4   0   5  -2  -2  -1    1  10   8   7   0   2   2   2   4   2  10   3   1   0   0   6  36   0   1   4  0.45 0.35
  138 V    -2  -2  -4  -5  -6   0  -3  -5  -5   0  -4   7   0  -6  -5  -3  -3  -6  -5   2    3   0   0   0   0   4   0   0   0   5   1  65   3   0   0   1   1   0   0  16  1.42 0.68
  139 R     0   6   0  -4   3  -2  -3  -5   5  -6  -5   1  -5  -3  -5   2  -1  -1  -1  -5    7  39   4   0   6   1   1   0  15   0   0   6   0   1   0  14   4   1   2   0  0.96 0.52
  140 F    -5  -7  -7  -4  -3  -6  -7  -7   1  -5  -4  -7  -2   7  -8  -3  -6  10   2  -6    1   0   0   1   0   0   0   0   4   0   1   0   1  45   0   3   0  39   5   0  2.57 0.91
  141 N    -1   3   2  -2   0   0   0  -3  -1   0  -2   2   0  -3  -3  -1   0  -4  -2   2    5  16  13   1   3   3   5   1   1   5   2  12   3   1   0   4   6   0   1  19  0.25 0.22
  142 V    -2  -5  -6  -6  -2  -5  -5  -6  -6   3   3  -5  -1  -1  -5  -5  -3  -5  -4   6    3   0   0   0   1   0   0   0   0  14  23   0   1   2   0   0   1   0   0  54  1.14 0.51
  143 L     0  -3  -4  -3  -2  -3  -2  -3  -2   3   3  -2   0   0  -4  -1   0  -4  -2   3    6   1   0   2   0   0   3   1   1  17  26   2   1   3   0   5   7   0   0  24  0.38 0.26
  144 K    -2   2  -1  -1  -6   1   4  -2  -2  -6  -6   5  -5  -6  -3   0  -3  -6  -3  -5    2  10   2   3   0   6  33   2   1   0   0  33   0   0   1   5   1   0   1   0  0.92 0.49
  145 V    -2  -3  -3  -5  -4  -2  -1  -4  -5   5  -1   1  -2  -2  -3  -2  -2  -5  -3   5    2   1   1   0   0   2   4   1   0  31   3  10   0   1   1   3   1   0   1  38  0.77 0.42
  146 T    -2  -3  -2  -3   2  -2  -1  -5  -2   3   2  -2   0  -2  -2  -1   1  -4  -3   3    1   1   2   1   4   1   4   0   1  20  24   3   1   0   1   4  11   0   0  20  0.38 0.26
  147 K    -2   3   1  -2  -5   2   3  -2  -1  -4  -4   4  -4  -5  -1   1  -1  -5  -3  -3    1  16   5   1   0   8  17   2   1   0   1  31   0   0   3   9   4   0   0   1  0.63 0.38
  148 A     2   3  -1  -1  -4   0   0   0  -1  -4  -4   4  -2  -5  -1   0  -1  -5  -4  -3   20  17   3   3   0   2   6   6   1   0   1  26   1   0   2   7   2   0   0   1  0.46 0.31
  149 A     4  -2  -2  -1  -2  -1   0   1  -2  -2  -4   2  -3  -3  -1   1   0  -5  -3  -1   36   1   1   3   1   2   6  11   0   1   0  14   0   1   2  11   6   0   0   3  0.39 0.29
  150 G    -1  -2   1   2   0  -2   2   4  -3  -3  -4   0  -3  -5  -2   2  -1  -5  -4  -2    2   1   6  13   2   0  15  31   0   1   0   7   0   0   1  16   2   0   0   3  0.48 0.29
  151 T     1   0  -1  -2  -3   1   1   0  -3  -1  -2   1  -2  -4  -1   1   3  -4  -3   1   11   4   1   1   0   6   7   6   0   3   2  11   0   0   3  11  24   0   0  10  0.23 0.20
  152 K     0   2  -1   0  -4   1   3  -2  -1  -3  -3   4  -3  -4  -2   0  -1   1  -2   0    6  10   2   3   0   4  19   1   1   0   1  33   0   0   1   5   2   2   1   9  0.43 0.27
  153 K    -1   1   0  -2  -4   1   2  -3  -2  -2  -4   5  -3  -4  -2   0   1  -1  -4  -3    2   6   3   1   0   6  17   1   0   2   1  41   0   1   1   7   9   1   0   1  0.59 0.32
  154 Q     1   0  -1   1  -4   5   1   0  -2  -4  -4   2  -1  -4  -1   1  -1  -4  -3  -3   11   3   0   9   0  36   6   5   0   0   0  10   1   1   2  13   2   0   0   1  0.54 0.30
  155 F    -1  -4  -3  -3   1  -4  -3   0  -3   0  -2  -2  -1   7   3  -2  -3  -2   1  -2    4   0   0   1   4   0   2   7   0   5   1   2   1  52  14   2   0   0   3   2  0.82 0.34
  156 Q     1   1  -1  -2  -3   3   1  -2   3  -2  -3   3  -1  -3  -2   0   1  -4  -2  -1   11   5   0   0   0  16   7   2   8   3   0  29   1   0   0   5  10   0   0   4  0.34 0.20
  157 K    -2   1  -2  -2  -4   1   4  -2  -2  -3  -2   5  -1  -4   0  -2  -2  -4  -3   0    1   3   0   0   0   3  29   2   0   0   2  45   2   0   5   0   1   0   0   8  0.64 0.30
  158 F    -4  -4  -5  -5  -4  -5  -5  -5  -2  -2  -1  -5  -2   8  -5  -4  -4  -1   4  -3    0   0   0   0   0   0   0   0   0   0   0   0   0  90   0   0   0   0  10   0  1.82 0.36

                      K         Lambda
Standard Ungapped    0.1384     0.3229
Standard Gapped      0.0379     0.2670
PSI Ungapped         0.1239     0.3167
PSI Gapped           0.0379     0.2670
