
Last position-specific scoring matrix computed, weighted observed percentages rounded down, information per position, and relative weight of gapless real matches to pseudocounts
            A   R   N   D   C   Q   E   G   H   I   L   K   M   F   P   S   T   W   Y   V   A   R   N   D   C   Q   E   G   H   I   L   K   M   F   P   S   T   W   Y   V
    1 M    -4  -5  -5  -6  -5  -4  -5  -6  -5  -2   0  -5  10  -3  -6  -5  -4  -5  -4  -2    0   0   0   0   0   0   0   0   0   0   3   0  97   0   0   0   0   0   0   0  2.89 0.93
    2 S     2  -4  -3  -3  -4  -3  -3  -3  -4  -5  -5  -3  -4  -5  -4   6  -1  -6  -5  -4   19   0   0   0   0   0   0   0   0   0   0   0   0   0   0  80   2   0   0   0  1.54 0.72
    3 F    -3  -5  -5  -6   2  -5  -5  -6  -2  -2   0  -5  -3   6  -6  -5  -4  -1   7  -4    2   0   0   0   5   0   0   0   0   1   7   0   0  33   0   0   0   0  52   0  1.80 0.70
    4 P     0  -4  -2  -4  -5  -1  -4  -4  -5  -5  -4  -4  -5  -6   7   2   1  -6  -5  -4    7   0   2   0   0   2   0   0   0   0   2   0   0   0  62  17  10   0   0   0  1.66 0.68
    5 Q    -4   0  -3  -3  -5   8   0  -2   2  -5  -5  -2  -3  -5   0  -3  -2  -4  -1  -5    0   5   0   0   0  72   4   3   4   0   0   0   0   0   5   0   2   0   2   0  1.63 0.75
    6 L    -3  -4  -4  -2  -1  -1  -4  -4  -3  -2   3  -4  -1   7  -2  -4  -3  -2  -1  -1    1   0   0   3   2   3   1   1   0   0  33   1   0  48   3   1   1   0   0   4  1.05 0.48
    7 G    -1  -5  -3  -4  -5  -4  -4   7  -4  -5  -5  -4  -5  -5  -2  -1  -4  -5  -5  -5    3   0   0   0   0   0   0  85   0   0   1   0   0   0   2   4   0   0   0   0  1.90 0.74
    8 Y    -3  -1  -4  -4  -4  -3  -4  -3   4  -4  -3  -4  -3   2  -4  -1  -2  -2   8  -4    2   3   0   1   0   0   1   2  11   1   3   1   0   6   1   5   2   0  61   1  1.68 0.72
    9 P     0  -2  -2  -3  -4  -1  -3  -1  -3  -4  -3  -3  -3  -4   7   1   0  -4  -4  -3    6   2   2   1   0   3   1   5   0   1   3   1   0   1  56  11   5   0   1   2  1.31 0.59
   10 Q    -1  -1  -3  -3  -4   6  -1  -2  -3  -2  -3  -2  -1  -4  -1   1   1  -4   2  -4    4   3   0   1   0  44   2   3   0   3   3   1   2   0   4  12   7   0   8   1  0.83 0.56
   11 Y    -1  -2  -2  -2  -4   0  -3  -2   1   1  -1  -3   0   5  -1  -1   0  -2   5  -3    4   1   2   2   0   4   1   4   3   8   6   0   2  24   4   6   5   0  23   1  0.56 0.38
   12 L    -1  -2  -1  -2  -1  -1  -2  -3   1   2   3  -3   1  -1   3  -1   0  -4  -3  -1    6   2   3   2   1   2   2   2   3  12  28   0   4   2  18   4   5   0   0   2  0.34 0.28
   13 S    -2   2  -3  -1  -4  -2  -2  -2  -2  -2   0  -3   4  -1   1   2   0  -4   1   0    2  14   0   3   0   1   1   2   1   2   7   0  14   2   8  21   6   0   6   8  0.35 0.36
   14 A     2  -1  -1  -4  -4   1  -2   0  -4  -3  -2  -2  -4  -3   5   2   1  -1  -2  -3   17   4   2   0   0   6   2   7   0   1   4   2   0   1  26  13  11   1   2   1  0.55 0.43
   15 A     2  -4   0  -3  -1  -2  -3   0  -2   0  -1  -3  -2  -2  -1   3   3  -5  -1  -1   21   0   4   1   1   1   0   6   1   5   7   0   1   1   3  26  17   0   2   4  0.42 0.40
   16 G    -1  -1   2  -2  -4   1  -1   0   1  -4  -2  -3  -2  -3   3   2   1  -4   2  -2    4   3  11   2   0   6   3   8   3   0   3   0   1   1  16  16  11   0   9   3  0.35 0.34
   17 P     1  -3  -2  -3  -5   0  -3  -1   1  -5  -2  -3  -5  -5   6   2   0  -6  -3  -2   11   1   2   1   0   4   1   5   3   0   4   1   0   0  40  16   5   0   1   3  0.93 0.61
   18 G     1   0  -1  -2  -1   1  -2   2   0  -3   0  -2  -2  -2   1   2   0  -1   0  -2   14   5   2   1   1   8   2  15   2   1  11   1   1   2   8  15   5   1   3   2  0.19 0.23
   19 A     1  -2  -1  -1   2  -2  -3   1  -2  -3  -2  -3   0  -4   1   2   2  -4  -1   1   14   2   3   3   5   1   1  12   1   1   4   0   2   0   7  20  13   0   2   9  0.29 0.30
   20 Y    -1  -1  -4  -3   3   0  -3  -1  -2  -2  -3  -4  -1  -1   0   2   2  -4   5  -1    6   3   0   1   6   4   2   6   1   2   2   0   2   2   5  17  16   0  21   5  0.49 0.44
   21 G     0  -1  -3   0   6   0  -1   0  -1  -4   0  -3   0  -2   3  -1   0  -5  -2  -1    6   4   1   6  20   4   4   9   2   0  11   1   2   1  14   4   7   0   1   3  0.46 0.36
   22 G     0  -1  -2  -1   6   0  -2   1  -1  -4  -3  -3  -1  -1   2   1   0  -4   3  -2    7   3   2   3  18   4   3  11   1   0   2   1   1   2  11  10   6   0  12   2  0.48 0.39
   23 E     0  -2  -2   1   0   1   3   0   0  -5  -3  -1  -1  -4   2   1   0   0  -3  -2    9   1   1   9   2   7  21   8   2   0   2   3   1   1  11  10   7   1   1   2  0.33 0.33
   24 R     0   2   1  -2  -3   0  -1   0   0  -5  -3  -2  -2  -2   2   3   0  -2   0  -2    6  14   6   2   0   4   3   6   2   0   3   1   1   2  12  25   5   1   4   3  0.36 0.37
   25 P    -1   0  -3  -5  -6   2  -3   1  -3  -3  -6  -3  -3  -3   6   2   0  -3   0  -5    6   5   1   0   0   9   2  12   1   2   0   1   1   1  37  13   5   0   3   0  0.93 0.66
   26 G     0   2   0  -3  -2   1  -1   3  -1  -1  -1  -3  -3  -2   1   2  -2  -2  -2  -1    7  10   3   1   1   6   3  27   1   4   6   1   1   1   7  14   2   1   1   4  0.32 0.31
   27 V     0   1  -1  -1  -1  -1  -2  -1  -1   0   0  -1   1   0   2   2   0  -1  -2   0    8   9   2   3   1   3   2   5   1   5  10   2   5   4  10  16   6   1   1   8  0.11 0.16
   28 L     1  -1  -2  -2  -3  -1  -2   0   0   1   1  -2   1  -1   1   1   1  -4  -1   0   10   3   2   2   0   3   2   6   3   9  17   1   4   2   7  14   8   0   2   4  0.13 0.19
   29 A     1  -1  -3  -2  -2  -2  -2   1   0  -1  -1  -3   2  -2   3   1   1  -2   0   0   11   3   0   2   1   1   2   9   2   2   7   1   5   1  17  12  10   1   4   8  0.25 0.28
   30 A     1  -1   0   0  -4  -2  -2   0   0  -2   0  -3  -2  -3   3   2   2  -5  -1  -2   12   4   3   6   0   1   2   6   3   2   9   1   1   1  15  17  14   0   2   2  0.30 0.33
   31 A     1  -2   0   3  -1  -3  -1   0  -1  -2  -3  -4  -3  -4   3   2  -2  -1   2  -2   14   2   3  14   2   0   4   7   1   2   3   0   1   1  15  19   2   1   6   3  0.39 0.38
   32 A     1  -2  -1  -1  -3   0  -2   0   1  -4  -3  -3  -1  -4   3   3   1  -6  -2  -1   11   2   3   4   0   5   2   8   3   0   3   1   1   1  16  25   8   0   1   5  0.42 0.41
   33 A     1   1  -2  -3   2   0  -3   1   2  -2  -2  -3  -3  -2   2   2   1  -5  -1   0   10   8   1   1   5   4   1   9   5   2   4   1   0   1  11  19   7   0   2   8  0.26 0.30
   34 A     2  -1  -1  -1  -4   2  -2   1   2  -2  -1  -3  -2  -1   3   1   1  -2  -2  -1   15   3   2   3   0   8   1  10   5   2   7   1   1   3  15  11   8   1   1   4  0.26 0.29
   35 A     2  -1  -2  -3  -2   2  -1   1   0  -3  -2  -2  -2   0   1   1   1  -5   1  -1   17   3   2   1   1  11   4  12   2   1   3   1   1   4   9  11  10   0   5   4  0.24 0.29
   36 A     2   0  -2  -4   1   2  -2   1   1  -3  -1  -3   0  -1   0   2   1  -1   2  -1   15   5   1   0   3   9   2  10   3   1   5   1   2   3   5  16   7   1   7   5  0.21 0.27
   37 A     0  -1  -2  -2   3   0  -2   0   2  -3  -1  -4  -1  -3   3   2   1  -5   1  -1    8   3   2   2   6   5   1   8   6   1   7   0   2   1  16  15   8   0   5   4  0.30 0.31
   38 A     2  -2  -1  -3   3  -1  -1   0   0  -2  -2  -4  -4  -4   3   2   0  -2  -2   0   16   2   2   1   7   3   3   8   3   2   4   0   0   0  16  16   5   0   1   8  0.37 0.36
   39 S     0  -2  -1  -2   2   2   0   0   0  -2  -1  -3  -2  -1   2   2   1  -5  -1  -1    7   2   2   1   5   8   6   6   2   2   7   1   1   2  11  19   8   0   2   5  0.22 0.27
   40 S     2  -1   0  -3   4  -1  -3  -1  -1  -3  -4  -4  -3  -2   3   3   1  -6   2  -3   15   3   4   1  10   3   1   6   2   1   2   0   1   2  14  20   8   0   6   2  0.49 0.44
   41 G     1  -3  -1  -2   4   1  -4   3   1  -2  -2  -4  -2  -2   3   1  -1  -6  -1  -2   10   1   3   2  10   8   0  19   4   2   4   0   1   1  16  10   4   0   2   3  0.45 0.39
   42 R     1   1  -2  -2   2   1  -3  -1  -1  -2   0  -3   0  -1   3   1   0  -5   1  -1   10   9   2   2   5   8   1   4   2   2   8   1   2   2  14  13   6   0   5   4  0.22 0.26
   43 P    -1  -1  -3   0   2  -2  -4  -1   0  -5  -4  -4  -1  -1   6   0  -3  -6   3  -2    5   3   1   5   4   2   1   4   2   1   2   1   1   2  42   7   2   0  10   3  1.00 0.69
   44 G     0   1  -2   0  -2   0  -2   1   0  -1  -1  -1   1  -1   0   1  -1   0   1   0    8   9   1   7   1   3   2  13   2   3   4   3   3   3   6  14   3   1   6   8  0.11 0.16
   45 A     1   0  -1  -2  -3   0  -2   0  -1  -2   0  -2   0  -2   2   2   1  -2   3  -1   11   6   3   2   0   4   2   6   1   2   8   1   2   1  10  15  10   0  11   5  0.20 0.25
   46 A     1  -1   0   1   0   0   1  -1   1  -4  -3  -1  -1  -4   1   1   1  -2   1  -1   14   3   4   8   2   4  11   5   4   0   3   3   2   0   6  11   9   1   6   4  0.19 0.23
   47 E     1   1  -1   2  -4   0   2  -2   1  -2  -1  -2   0  -3   0   1   0  -4   1  -2   10  10   3  10   0   3  15   3   3   3   6   1   2   1   5  12   5   0   6   3  0.18 0.22
   48 L     0   1  -2  -1  -4  -1  -1  -1   1  -1   2  -3   0  -1   3   0   0  -2   1  -1    9   7   2   3   0   2   5   5   3   3  21   1   2   2  14   7   6   1   4   4  0.18 0.22
   49 G     1   0  -2  -1  -2  -1  -3   3   2  -2   0  -4  -2  -3   2   1   0  -2   1  -2   13   5   2   3   1   2   1  19   5   2  11   0   1   1  10  10   5   1   6   2  0.26 0.28
   50 G     1   2   0  -2  -3   0  -2   2   0  -3   1  -2  -1  -2   1   0   0  -4   1  -2   10  13   4   2   0   5   2  14   2   1  14   1   1   2   8   7   5   0   6   3  0.18 0.22
   51 G     2  -2  -1  -1  -2   0  -2   2   2  -2  -1  -3  -2  -1   0   4  -1  -6  -2  -3   14   2   2   3   1   4   3  15   5   2   6   1   1   2   5  28   4   0   1   1  0.39 0.38
   52 A     1   1  -2  -2  -2   1  -2   0  -1  -3  -1  -2  -2  -3   3   3   0  -3  -1  -2   14   7   2   2   1   8   2   7   1   1   6   1   1   1  13  21   7   0   2   3  0.30 0.33
   53 G     1  -1  -2  -2  -1  -2  -2   1   2  -4  -1  -3   0  -2   2   3   1  -5   2  -2   12   3   1   3   1   2   2   9   5   0   6   1   3   1  10  21   8   0   8   3  0.30 0.33
   54 A     1   2  -2  -2  -3  -2  -3   2   1  -1  -1  -3   0  -1   3   1  -1  -1   0   0   14  10   1   2   1   1   1  15   4   3   6   1   2   2  13  10   4   1   4   6  0.25 0.27
   55 A     1   2  -2  -1   2  -1  -3   0   2  -3  -4  -4   0  -5   3   3   0  -6  -1  -1   13  10   2   4   4   3   1   6   4   1   1   0   2   0  15  19   7   0   2   5  0.39 0.38
   56 A     3   1  -1  -2  -2  -1   0  -1   0  -1  -1  -3   0  -2   0   2   1  -2  -1  -2   25   7   2   2   1   2   6   5   2   3   7   1   2   1   6  15   7   1   2   2  0.26 0.29
   57 V     0   0  -1  -3   2  -1  -2   0   0  -1   2  -3   2   2   2   0  -1   2  -1   0    8   6   3   1   4   3   2   6   3   2  19   1   5   7   9   7   3   2   2   6  0.16 0.19
   58 T     1  -1   0  -1   1   1  -2   0   1  -3  -1  -3   0  -1   3   2   1  -1   0  -2   11   4   5   3   3   7   1   6   3   1   5   1   2   2  13  17  10   1   3   3  0.23 0.28
   59 S     1  -1  -2  -1   0   0  -2  -1  -1  -4  -2  -3  -2  -2   4   2   0  -6   2  -2   13   3   2   3   2   5   2   6   2   1   3   1   1   2  22  17   6   0   6   3  0.41 0.39
   60 V     2  -1  -1  -1  -5   0  -3   1   1  -3   0  -4   0  -1   2   1  -1  -1   3  -1   17   4   3   3   0   4   1  10   3   1   8   0   2   2  12  10   3   1  10   4  0.26 0.29
   61 L     1   0  -2  -3  -1   1  -1  -1  -1  -1   0  -3   1  -1   3   0   0  -5  -1   0   13   5   2   1   1   5   3   6   2   3  11   1   4   2  18   8   6   0   2   6  0.23 0.25
   62 G     2  -1  -1  -1  -6  -2  -2   4  -1  -6  -3  -4  -1  -6   2   1   0  -2  -1  -2   16   3   3   4   0   2   2  30   2   0   3   1   1   0  11  10   5   1   2   3  0.52 0.42
   63 M    -1  -1  -2  -2  -1  -1  -2  -1  -2   0   1  -4   4   0   1   2   0  -5   0   0    6   4   1   2   1   3   3   5   1   4  15   0  10   4   8  15   6   0   4   7  0.20 0.23
   64 Y     1   0   0  -4  -6  -2  -3   1   2  -2  -2  -4   0   0   1   1   0  -2   5  -2   11   6   4   1   0   2   1  11   4   2   4   1   2   4   7   9   7   1  22   3  0.44 0.37
   65 A     2  -1  -1  -3  -5   0  -2   3   1  -3  -2  -3   0  -3   1   1  -1  -2   0   0   20   3   3   2   0   4   3  22   3   1   4   1   2   1   8  11   3   0   4   6  0.34 0.32
   66 A     2  -2  -1  -3  -2   0  -4   1   1  -4  -2  -3   0   0   2   2   0  -1   3  -2   15   3   3   1   1   5   1  10   3   1   4   1   2   4  11  15   6   1  11   3  0.34 0.33
   67 A     2  -2  -1  -3  -2   1  -3   1  -1  -3  -1  -2  -2  -2   4   2   1  -2   0  -1   15   2   3   1   1   6   1  10   1   1   5   2   1   1  18  15   7   1   4   4  0.36 0.35
   68 G     1   0   1  -3  -1   0  -2   1   3  -3  -2  -3   0   1   2   1   0  -3   3  -2   10   5   6   1   1   4   2   9   6   1   4   1   2   5  10   9   7   0  11   3  0.25 0.26
   69 P     1  -2  -4  -2  -7  -3  -5   0   0  -1  -3  -4  -2  -3   6   0  -2  -7   1  -2    9   3   1   2   0   1   1   7   2   4   3   1   1   1  47   6   3   0   4   4  1.07 0.72
   70 Y     1   0  -2  -3  -3   0  -1  -2   4  -2  -2  -5  -2   0  -1   1   1  -2   6  -3   10   5   2   1   1   5   4   4   9   2   3   0   1   4   4  11   8   1  23   2  0.54 0.43
   71 A     2  -4  -1  -1  -2  -2  -2   1   0  -2  -2  -3  -3  -2   3   1   2  -2   1  -2   18   1   3   4   1   2   3  10   2   2   4   1   1   2  15  10  12   1   6   3  0.34 0.34
   72 G     1   0   0   0  -1  -1  -1   2   2  -2  -2  -2   0  -2   2   1   0  -5  -1  -3   12   5   4   5   1   2   3  17   5   2   4   2   3   1  12  11   5   0   2   1  0.23 0.25
   73 A     2   0  -1  -2  -2   3  -2  -1   1  -2  -2  -3  -2  -1   2   2   0  -2   0  -2   16   5   3   2   1  12   3   5   3   2   4   1   1   2   9  17   5   1   4   3  0.24 0.30
   74 P     1  -3  -1   0  -6   3  -1  -1   1  -4  -2  -3  -2  -1   3   0   0  -2   2  -2   11   1   3   6   0  15   3   4   4   1   4   1   1   3  17   6   6   1   8   3  0.38 0.39
   75 N     0  -1   0   1  -2   1  -3   2  -1  -3  -3  -4  -1  -3   3   1  -1  -6   1  -2    7   3   5   8   1   7   1  15   2   2   3   0   2   1  17  12   4   0   5   3  0.34 0.35
   76 Y     1  -1  -2  -2  -3   1  -2  -3   2  -2  -2  -3   1   1   1   1  -1  -4   6  -3   10   4   2   3   1   6   3   2   4   2   4   2   3   6   7   9   3   0  26   2  0.53 0.45
   77 S     0  -2   0   0  -6   0  -3   2   1  -4  -2  -5  -1  -4   4   2  -1  -1   0  -2    9   3   5   5   0   5   2  13   3   1   5   0   2   1  19  17   4   1   4   3  0.40 0.39
   78 A     3  -1   1  -2  -3  -1  -4   1   0  -5  -2  -3  -1   1   2   2  -3  -7   2  -2   19   4   6   3   1   3   1  10   2   1   4   2   1   6  11  16   1   0   7   3  0.38 0.34
   79 F     0  -1  -2  -3  -1  -1  -5  -2   4  -1  -1  -4   2   3   2  -2  -1  -1   4  -1    8   3   2   2   1   3   1   4  10   4   7   1   5  11  10   4   3   1  15   4  0.47 0.33
   80 L     0  -1  -1  -3   0  -1  -3  -1   1  -1   1  -4   2   0   2   1   0   0   3   0    7   4   3   1   2   3   2   6   3   3  13   1   4   4  10  11   5   1  11   6  0.21 0.20
   81 P    -1  -2  -4  -4  -8   2  -2   1   1  -3  -2  -4  -1  -5   6   1   0  -8  -3  -2    6   3   1   1   0   8   3   9   3   2   4   1   2   1  38   9   6   0   1   3  0.86 0.63
   82 Y    -1  -2  -1  -2  -1  -1  -3  -1   1   0  -1  -3  -1   0   0   0   0   3   6  -2    5   3   3   3   1   3   2   5   3   5   7   2   2   4   5   8   5   3  28   3  0.59 0.41
   83 A     2  -1  -1  -1  -7  -1  -2   2   2  -3  -1  -3  -2  -3   2   3  -1  -7  -1  -2   14   4   3   4   0   3   2  17   4   2   7   1   1   1  10  18   4   0   2   3  0.34 0.31
   84 A     2   0   1  -1  -7  -1  -3   0   3  -1  -3  -3   0  -2   2   1   0  -1   1  -2   14   5   6   3   0   3   2   7   7   3   2   1   2   2  11  11   6   1   4   3  0.20 0.26
   85 D    -1  -1   0   3  -1   0   0   0   2  -4  -2  -3  -1  -3   2   1  -1  -1   1  -3    6   4   5  14   1   5   7   8   5   1   4   2   2   1  10  10   5   1   4   2  0.17 0.24
   86 L     0   0  -2  -2   0   0  -3   0   0  -2   0  -3   0  -2   3   1   1   2   1  -2    7   5   2   2   2   4   2   8   2   2  10   2   3   1  14  11   7   3   5   3  0.14 0.22
   87 S     2  -1  -1   0   0  -1  -1  -1   2  -2  -2  -2   0  -1   2   1   0  -6   0  -2   16   4   3   5   2   3   4   5   5   2   4   2   2   3  12  12   7   0   3   3  0.16 0.24
   88 L     0  -1  -1  -2  -1  -1  -1   0   1   0   1  -2   1   2   1   0  -2   0  -1  -1    9   4   3   2   1   3   3   6   3   5  14   2   3  10   8   6   3   1   2   4  0.05 0.10
   89 F     0  -1  -1  -2   0  -1  -2  -1   1  -1  -1   0   0   2   1   1  -1   1   3  -2    9   4   3   3   2   3   3   5   4   3   6   6   2   8   6   9   4   2  10   3  0.07 0.13
   90 S     0  -1   0  -1  -6   0   0  -1   2  -1  -2  -1   0  -1   2   2  -1  -6   1  -2    8   4   4   3   0   5   7   5   5   3   3   4   3   3  11  14   4   0   5   3  0.12 0.20
   91 Q    -1   0   0   0   2   0   0  -1   2   0  -1   0   2   0   0  -1   0   3   1  -1    5   5   5   5   5   5   5   5   5   5   5   5   5   5   5   5   5   5   5   5  0.03 0.09
   92 M     0   0   0  -1  -1   0  -1  -1   1   0   1  -1   2  -1   2   0   0  -4  -1  -1    7   6   4   4   2   4   3   5   5   4  16   2   7   2  10   8   6   0   2   3  0.09 0.13
   93 G     1  -1   2  -2  -1   0  -2   3   0  -2  -2  -2  -2  -2   1   1   1  -1   1  -2   10   3   9   2   1   4   1  22   2   2   4   1   1   1   7  13   8   1   4   2  0.25 0.25
   94 S     1   0   1  -2  -1  -1  -2  -1   3  -2  -3  -3  -2  -2   3   3   1  -2   0  -1   11   5   6   1   1   2   2   4   6   2   2   0   1   2  14  24   9   1   3   4  0.36 0.34
   95 Q     0   0  -1  -2  -3   3  -1   0   0  -4  -2  -2  -1  -2   5   1   0  -2  -1  -3    7   5   3   2   0  13   4   7   2   1   3   1   2   2  26   9   7   1   2   2  0.47 0.37
   96 Y    -1  -3  -5  -1  -2  -1  -2  -2   1  -2   0  -4   0   3  -1   0  -1   2   6   0    5   1   0   4   1   3   3   3   3   1   8   1   2  11   4   6   3   2  32   6  0.66 0.44
   97 E     0   0  -1   4  -5   1   2   0  -1  -4  -2  -2  -2  -4   1   0  -1  -5  -1  -2    9   4   2  21   0   8  15   7   2   0   5   1   1   0   8   8   4   0   2   3  0.34 0.30
   98 L     0  -1  -1  -3  -2   0  -2   0  -1   0   2  -2   2   0   2   0   0  -1  -2   0    9   3   3   1   1   4   2   8   1   6  23   1   5   3  10   6   7   1   1   5  0.16 0.17
   99 K     1  -1   0   0  -2   1  -1   1   2  -4  -3   4   0  -2   1   0  -1   1  -2  -2   10   3   4   5   1   5   2  10   5   0   3  25   2   2   9   6   3   2   1   3  0.28 0.25
  100 D    -1  -1   1   4  -3   1   2   0   1  -3  -4  -2  -2  -2   2   0   0  -5  -1  -3    5   3   5  22   0   5  12   7   4   2   1   1   1   2  10   8   6   0   3   1  0.36 0.30
  101 N     0  -2   2  -1  -2   0  -1   1   0  -2  -2  -2  -1  -1  -1   3   1  -2   1  -2    7   2  11   2   1   4   3  10   3   2   4   2   1   2   4  25  10   1   5   3  0.28 0.28
  102 P     2  -1  -2  -1  -4  -1  -3   0  -2  -3  -3  -4  -2  -6   6   1   0  -2  -2  -4   15   3   2   3   0   3   1   7   1   1   3   0   1   0  37  12   7   1   2   1  0.81 0.53
  103 G    -1  -1  -1   0  -4  -1   0   4   1  -3  -2  -3   0  -2   1   2   0   0  -1  -2    5   3   2   6   0   2   6  29   4   1   3   0   3   2   7  15   6   1   2   2  0.35 0.30
  104 V     0  -2  -1  -1  -2   0  -1  -1   1   0   0  -2   1   0   1   1   1  -2   0   1    9   2   3   3   0   4   4   5   3   5  10   0   4   4   7  14   7   1   4  11  0.08 0.13
  105 H     0  -2  -1  -1  -3   2  -1   0   4  -3   0  -3   1  -2   2   0  -2   3   3  -2    9   2   3   3   1  10   4   7  12   1   8   1   4   1  11   6   2   4  10   2  0.33 0.29
  106 P     1  -1  -2  -2  -1   0  -4   1   4  -6  -3  -4  -2  -4   6   0  -1   0  -1  -4    9   4   2   2   1   4   1   9  10   0   3   1   1   1  36   8   4   1   2   1  0.84 0.53
  107 A     2  -1  -1   0  -4   0  -2   0   2  -2  -2  -2  -1  -2   2   2   1  -1  -2  -2   19   3   3   4   0   5   2   7   5   2   3   2   1   2   9  19  10   1   1   3  0.26 0.26
  108 T     0   0  -1  -1  -2  -1  -1   1   1  -2  -1  -2   0  -3   2   2   2  -1   0   0    9   6   3   4   1   3   3  11   3   2   6   1   2   1   9  15  12   1   4   6  0.14 0.17
  109 F     0  -2  -1  -1  -1  -1  -1   0   1  -1   1  -3   1   2   1   1   0  -2   3   0    7   2   3   3   1   3   3   6   3   4  13   0   3   9   8  12   4   0  11   5  0.13 0.16
  110 A     1  -2   0  -1  -2   0  -2   0   3  -2   0  -3  -1  -1   1   2   0  -1   3  -2   15   2   4   3   1   4   2   8   6   2   8   0   1   3   8  14   5   1  12   2  0.22 0.23
  111 A     1  -1   0  -1  -3   0  -2   0   1  -1  -1  -1  -1  -1   3   0   1  -2   2  -2   15   3   4   3   0   4   2   7   3   3   5   3   2   2  16   8   8   0   8   3  0.20 0.20
  112 H     0   0  -1   0   0   0  -1  -1   4  -3  -2  -2   0   0   2   1   0  -4   3  -2    9   5   2   5   2   5   3   5  13   1   3   1   2   4  12  11   4   0  12   2  0.32 0.27
  113 T     1  -2   0   0  -3   0  -2   1   0  -1  -3  -3  -1  -1   3   2   1  -4   2  -1   12   2   4   5   0   3   1   9   2   3   2   1   2   2  14  16   9   0   9   3  0.27 0.26
  114 A     1   1   0  -1  -1   1  -1   0   2  -1  -2  -1   0  -3   1   2   0  -4   1  -2   14   7   5   4   1   6   2   6   6   4   3   2   2   0   8  15   7   0   5   2  0.17 0.19
  115 P     1   0  -1  -3  -5  -1  -3   0  -1  -3  -1  -3   1  -1   5   1   0  -1   1  -2   10   5   3   1   0   3   1   8   2   1   7   1   3   2  30   9   5   1   5   2  0.48 0.34
  116 A     3  -2  -1  -2  -1   1  -2   1  -1  -2  -2  -2  -1  -1   1   1   0  -4   3  -2   24   2   2   2   1   6   2  12   2   2   4   1   1   2   7  11   7   0  10   3  0.26 0.26
  117 Y     0  -2  -2  -2   0   0  -1   1   2  -3  -1  -2   1   3   0   1  -2   1   4  -2    8   2   2   2   2   4   4   9   4   1   7   1   3  12   4  13   1   2  15   2  0.25 0.24
  118 Y     0  -1   0  -1  -2   2  -1  -1   4  -4  -3  -3   0   0   2   0  -1   0   5  -3    7   2   4   3   1   9   3   5  12   1   1   0   3   4   9   9   3   1  22   1  0.50 0.36
  119 P     0   0  -1  -1  -2   2  -2   0   0  -3  -4  -3  -2  -4   6   0   0  -5  -1  -4    8   5   3   4   1  10   2   8   3   1   1   1   1   1  36   8   6   0   2   1  0.74 0.46
  120 Y    -1  -1  -2  -2  -1   0  -1  -1   0  -2   0  -3   2   2  -1   1  -1   0   6  -1    4   3   2   2   1   4   4   6   2   1   9   1   5   7   3  11   4   1  27   3  0.41 0.30
  121 G    -1   0   1   1  -3  -1  -2   5   1  -4  -3  -1  -2  -3  -1   1  -2  -4  -1  -3    4   5   6   7   1   2   2  42   4   1   2   3   1   1   4   9   2   0   2   2  0.56 0.34
  122 Q     0  -1   0  -1  -4   2  -1   1  -1  -1  -2  -1   3  -2   2   1   0  -4   1  -2    8   3   5   4   0  12   3   9   1   3   3   2  11   1  10  10   6   0   5   1  0.20 0.22
  123 F    -1  -1  -1  -1  -2  -1  -1   0   0  -1   0  -1   2   1   0  -1  -1  -1   4   0    5   3   2   4   1   2   4   9   2   3  10   2   9   6   5   5   3   1  16   9  0.13 0.15
  124 Q     0  -1   1   1  -4   3   1   1   1  -3  -2  -1   1  -2   1   0  -2  -4   0  -1    7   3   6  10   0  19  10  11   4   1   4   1   4   2   6   5   1   0   3   4  0.22 0.23
  125 Y     0  -1   0   0  -2   2   0  -1   2  -2  -1  -2   0   0   2   1  -1  -3   3  -2    6   2   4   4   1  10   5   5   7   2   7   1   2   4   9  11   3   0  14   2  0.17 0.19
  126 G     0  -1   1   2  -4   0   1   3   2  -3  -3  -1   0  -3   0   1  -1  -1  -2  -3    5   3   7  13   0   4  11  23   5   1   2   3   3   1   4  11   3   1   1   1  0.28 0.21
  127 D     1   2   2   3  -3   0   0  -1   1  -2  -2   1  -2  -3   0   0  -1  -4  -2  -2   12  16   9  18   0   3   2   3   3   2   4   7   1   1   5   7   3   0   1   2  0.24 0.20
  128 P    -1   2  -1  -3  -4  -1  -2   0  -2  -2  -3   1  -2  -3   4   0   0   5   0  -1    5  12   3   1   0   3   1   6   1   3   2   8   1   1  27   6   6   8   4   4  0.48 0.30
  129 G     1   3  -1  -3  -3   0  -1   1   0  -1  -2   2  -1  -3  -1   0   0   2  -3  -1   16  23   1   0   0   2   4  11   2   4   1  12   1   0   3   4   6   4   0   5  0.26 0.22
  130 R    -2   5  -1  -1  -4   1  -1  -3   1  -2  -3   3  -2  -3   2  -2  -1  -4   2  -2    2  37   2   3   0   5   2   1   4   2   1  16   1   0  10   1   3   0   7   3  0.60 0.36
  131 P    -1   5  -2  -3  -4   2  -2  -2   1  -3  -2   2   1  -4   2  -1  -1  -4  -2  -3    4  42   0   0   0   8   0   3   3   1   3  13   4   0  12   2   2   0   1   0  0.69 0.38
  132 K    -1   3   0  -1  -3   1  -1   2  -2  -2  -2   3  -2  -3  -1   0  -1  -3  -2  -2    2  21   3   2   0   5   2  21   0   2   3  24   0   0   3   4   3   0   2   3  0.37 0.23
  133 N     0   1   4  -1  -3   1  -1   1   1  -1  -2   1  -2  -3  -1   0   0  -3  -1  -1    7  10  29   1   0   9   2  10   3   3   3   8   0   0   2   2   3   0   2   4  0.26 0.19
  134 A     1  -2  -3  -3   0  -1  -2  -1  -3   0   3  -2   0   2  -1  -1   0   1  -1   0   17   0   0   0   2   3   1   4   0   0  37   1   0  10   3   3   8   2   0   7  0.21 0.17
  135 T    -1  -3  -3  -3  -3  -2  -2  -3  -3   0  -1  -2   1  -3   6   0   2  -4  -3  -1    5   0   0   0   0   0   1   1   0   5   7   1   5   0  49   6  15   0   0   4  0.96 0.34
  136 R    -2   2   0   0  -4   1   2  -1  -2  -3  -3   4   1  -4   0   0  -2  -4  -3  -3    1  12   5   5   0   6  16   5   0   0   1  30   4   0   5   5   0   0   0   0  0.38 0.27
  137 E     0   2   0   2   1   1   3  -1   1  -3  -3   0  -2  -3   0   0   0  -3  -3  -1    8  12   4  17   3   4  21   4   4   0   1   4   0   0   4   5   4   0   0   4  0.27 0.18
  138 S     2  -2  -2  -3  -2  -2  -3  -2  -3   0  -3  -2   1  -3  -1   3   3  -4  -3   1   20   2   1   1   1   0   1   1   0   5   1   1   4   0   3  22  25   0   0  11  0.45 0.27
  139 T     0  -1  -3   0  -3  -3  -3  -1  -4  -1  -2  -1  -3  -4  -3  -1   5  -4  -3   2    6   2   0   6   0   0   1   5   0   3   4   3   0   0   1   2  48   0   0  18  0.71 0.36
  140 S     1   2   1   2  -1   0   1  -1  -1  -2  -3   0  -2  -3  -2   2   1  -3  -2  -2   12  16   6  11   1   3   9   3   1   2   1   5   1   0   1  16   9   0   2   2  0.23 0.15
  141 T    -1  -2  -2  -2   0  -1   1  -3  -1   3   0  -1   1   0   1  -1   2  -3   0   1    4   1   0   1   2   1  11   1   1  24   5   4   4   4   7   2  14   0   3  11  0.20 0.15
  142 L    -3  -4  -5  -5  -3  -4  -4  -5  -4  -1   6  -4   2   1  -4  -2  -3  -3  -3  -2    1   1   0   1   0   0   1   1   0   1  78   1   5   6   1   3   1   0   0   1  1.28 0.45
  143 K    -3   4   0  -3   2  -1  -2  -4  -3  -3  -3   6  -3  -2  -3   0  -2  -4  -3  -4    1  20   3   1   4   1   1   1   0   2   2  52   0   2   1   6   2   0   0   1  1.00 0.41
  144 A     3   0   0   1  -2   2   0  -1   0  -2  -2   0  -1  -3   0   1   1  -3  -2  -2   27   4   5   8   1   9   5   2   2   1   2   6   2   0   4  11   7   0   1   1  0.22 0.16
  145 W    -5  -5  -5  -5  -5  -4  -5  -5  -5  -4  -4  -5  -4  -3   0  -5  -5  12  -2   0    1   1   0   1   0   0   1   1   0   1   1   1   0   0   6   1   1  79   0   6  3.52 0.81
  146 L    -3  -4  -4  -5  -3  -4  -4  -5  -4  -1   5  -4   1   3  -4  -4  -3   2   0  -1    1   1   0   1   0   0   1   1   0   1  70   1   2  13   1   1   1   3   2   2  1.11 0.38
  147 N     0  -1   1   1  -1   1  -1  -2   2   0  -1  -1   0   2  -2   1  -1   0   3   0    6   3   9   7   1   7   2   2   5   5   5   2   3   9   1  11   3   1  13   7  0.12 0.10
  148 E     0   1   0   2  -4   2   4  -1  -1  -4  -3   0  -1  -4  -2  -1   0  -4  -3  -3    6   9   4   9   0  11  33   4   1   0   2   3   1   0   1   4   7   0   0   2  0.46 0.25
  149 H    -5   0   1  -4  -5  -3  -4  -5  10  -5  -5  -4   1  -4  -5  -4  -4  -5  -2  -5    1   5   7   0   0   0   1   1  77   0   1   1   4   0   0   1   1   0   0   1  2.74 0.75
  150 R     0   4  -1  -3   0   0   0  -3   0   1   1   0   0   0  -1   0  -1  -3  -1  -1    6  29   2   1   2   3   4   1   2   8  12   5   2   5   2   6   3   0   2   3  0.25 0.17
  151 K    -1   2   0   2   1   1   0  -1   1  -2  -1   2  -1   0  -2  -1   0  -3   1  -2    4  13   4  13   4   6   4   3   4   2   6  14   2   3   1   3   4   0   7   3  0.16 0.12
  152 N    -2  -1   5  -1  -4  -3  -3  -4   7   1  -4  -1  -3  -3  -4   0  -1   1   1  -4    3   4  29   3   0   0   1   1  28   9   1   3   0   0   1   5   4   2   5   1  0.96 0.40
  153 P     1   1  -4  -4  -5  -4  -4  -4  -4  -5  -5  -4  -5  -5   8  -4  -4  -5  -5  -5   11   9   0   1   0   0   1   1   0   1   1   1   0   0  71   1   1   0   0   1  2.10 0.68
  154 Y    -4  -3  -4  -4  -4  -3  -4  -4  -1  -3  -3   0  -3   2  -4  -4  -4  -1   9  -2    1   1   1   1   0   1   1   1   0   1   1   7   0   6   1   1   1   0  74   3  1.99 0.57
  155 P     0   0  -4  -3  -4  -3  -3  -4  -4  -4  -4  -3  -4  -5   8  -3  -1  -5  -4  -4    7   7   1   1   0   1   1   1   0   1   1   1   0   0  73   1   4   0   0   1  1.94 0.53
  156 T     0   0   2   0  -3  -2  -2  -2  -2  -3  -3   1  -3  -4   0   3   4  -4  -3  -3    5   5  11   4   0   0   1   1   0   0   1   9   0   0   4  28  29   0   0   1  0.52 0.33
  157 K    -2   1   1   3  -4   0   4  -3   1  -3  -3   2  -3  -4   1   0  -1  -4  -3  -2    1   6   5  17   0   3  29   1   3   0   1  13   0   0   7   6   4   0   0   3  0.46 0.26
  158 G     0   0   0   1  -2   1   1   1   0  -1  -1   1   0   0   1   0   0  -2  -1  -1   11   3   3   8   0   7   7  14   2   2   4   8   3   5   6   8   3   0   2   3  0.09 0.06
  159 E    -3  -3  -3   2  -5   1   6  -4  -3  -5  -5  -2  -4  -4  -4  -1  -3  -4   1  -2    1   0   0  13   0   5  63   1   0   0   1   1   0   0   0   5   1   0   6   3  1.30 0.54
  160 K    -4   1  -4  -4  -5   1  -3  -1  -4  -5  -5   7   2  -5  -5   0  -4  -5  -5  -5    1   6   0   0   0   5   1   6   0   0   1  67   5   0   0   6   0   0   0   1  1.61 0.70
  161 I     0   1   0   1   0   1   1  -2   1   0   0   1   0  -1  -2  -1   0  -3  -1   0    9   7   3   8   2   6   8   2   5   7  12  11   3   2   0   3   5   0   2   4  0.06 0.08
  162 M    -1   0   0   0   2   0   0  -1   2   0  -1   0   1   0  -3   0   0   3   1   0    5   5   5   5   5   5   5   5   5   5   5   5   5   5   0   5   5   5   5   5  0.06 0.10
  163 L    -4  -4  -5  -5  -4  -4  -4  -5   1   0   6  -4   2   1  -4  -4  -3  -4  -3  -2    1   1   0   1   0   0   1   1   4   3  76   1   4   6   1   1   1   0   0   1  1.26 0.46
  164 A     4  -2  -3  -3   4  -1  -1  -2  -3  -2  -1  -2   2  -3   0   1  -1  -4  -3  -1   46   1   0   1   9   2   3   2   0   2   4   2   8   0   4  10   2   0   0   3  0.55 0.30
  165 I     0   2   0   0  -1   1   0  -2   0   1   0   1   0  -1  -2   0   0  -2   0   0    6  16   3   4   1   9   3   2   3  12   6   6   3   1   1   6   6   0   4   6  0.08 0.09
  166 I     0   2  -1   0  -3   3   2  -1   0   1  -1   1   0  -3  -2   0  -1  -3  -2  -1    6  10   2   5   0  19  15   3   2  11   4   7   2   0   1   6   3   0   0   4  0.22 0.16
  167 T     0  -3  -3  -3   0  -3  -3  -4  -4  -3  -4  -3  -3  -2  -3   2   6  -4  -4  -3    6   1   0   1   2   0   1   1   0   1   1   1   0   2   1  15  68   0   0   1  1.34 0.54
  168 K    -2  -1   1   0  -4   1  -2   5   1  -5  -4   2  -4  -4  -3  -1  -2  -4  -4  -4    2   3   8   5   0   7   2  50   4   0   1  12   0   0   0   3   2   0   0   1  0.79 0.33
  169 M    -3  -1  -4  -4  -3  -3  -3  -4  -3   1   4  -3   5   2  -3  -3  -2  -3  -2  -1    1   4   0   1   0   0   1   1   0   8  53   1  19   8   1   1   1   0   0   1  0.74 0.30
  170 T     0  -2   2  -1  -2   1  -2  -1   0  -3  -3  -2   0  -3  -2   3   4  -3  -3  -2    7   1   9   3   0   8   1   3   3   1   1   1   2   0   1  25  35   0   0   1  0.50 0.26
  171 L     0   1  -2  -3  -2   0  -2  -3  -2   1   2   0   3   0  -1  -1  -1  -2  -1   1    9   8   2   1   0   4   1   1   0  10  28   4  12   2   2   2   2   0   2   9  0.17 0.12
  172 T     0  -1   2  -1  -1   0  -1  -1  -1  -1   0   1  -1   1  -1   1   2  -2  -1  -1    4   2  14   1   1   3   2   2   1   2   9   9   1   9   2  12  19   0   1   4  0.12 0.12
  173 Q    -3   1  -2  -3  -4   7  -1  -3  -2  -1  -3  -1  -3  -4  -3   0  -3  -4  -3  -3    1   8   0   1   0  70   1   1   0   4   1   1   0   0   1   5   1   0   0   1  1.36 0.51
  174 V    -1  -1  -1   1  -2  -1  -1   1  -2   1   1   0   2  -1  -2  -1   1  -2  -2   1    1   1   0  12   0   0   1  12   0  12  12  12  11   0   1   1  12   0   0  12  0.07 0.07
  175 S     0  -1   2   0   1   0  -1   0  -1  -3  -3  -1  -2  -2   2   3   1  -3   0  -2    4   1  13   4   4   4   1   4   0   1   1   1   0   0   9  45   4   0   3   1  0.35 0.18
  176 T    -1  -2   5   0   1  -1  -1  -2  -1  -2  -1  -1  -2  -2   1   0   1  -3   0   0    1   1  45   4   4   1   1   1   0   1   8   1   0   0   8   4   8   0   4   9  0.37 0.19
  177 W    -2  -2  -1   2  -2  -1  -1   1  -2  -2  -2  -2  -2   0  -2  -1  -2   9   1  -2    1   1   1  21   0   1   1  14   0   1   2   1   0   1   1   1   1  49   1   1  1.03 0.09
  178 F    -1  -1   2  -1  -2  -1  -1  -2   0   0   1  -1   3   3  -2  -1  -1   0   2  -1    2   1  21   1   0   1   1   1   0   1   9   1  20  20   1   1   1   0   8   1  0.10 0.04
  179 A     2  -2  -1   1  -1  -1  -1   1  -2   2  -1  -1  -1  -2  -1   0   0  -2  -2   0   29   1   1  13   0   1   1  15   0  23   2   1   0   1   1   4   4   0   1   4  0.12 0.07
  180 N    -2   0   5   0  -2   1   1  -1   0  -2   0   0  -1  -2  -2   0  -1  -3  -2  -2    1   5  46   1   0   6  14   1   0   1  13   1   0   1   1   1   1   0   0   1  0.34 0.13
  181 A     0  -1   1  -2  -2   1  -1   0   2  -2  -2   1  -2  -1   1   0  -1   4   2   0    9   0   9   0   0   9   1   9   9   0   1   9   0   0   9   9   0   8   9   9  0.21 0.15
  182 R    -1   5  -1  -2  -3   0  -1   1   2  -2  -2   0  -2  -2  -2   1  -1  -3  -2  -1    1  47   1   1   0   0   1  10   8   1   1   1   0   0   1  12   1   0   0   6  0.35 0.17
  183 R     1   4  -1  -2  -2   0  -1  -2   2  -2  -1   1   1  -2  -2  -1  -1  -2  -2   0   15  41   1   1   0   0   1   1   6   1   1   6   7   0   1   1   1   0   0   8  0.26 0.15
  184 R    -1   4   1  -1  -3   2  -1  -1   2  -2  -1   1  -1  -2  -2   0  -1  -3  -2  -2    4  36   8   1   0  13   1   3   6   1   7   5   0   0   1   4   1   0   0   1  0.29 0.16
  185 L    -1   0  -1   0   1  -1  -2  -2  -1   1   2  -1   0   1  -2  -1  -1  -2   0   1    2   8   3   5   3   2   1   2   1   8  26   2   1   8   0   4   2   0   1  11  0.03 0.09
  186 K     0   0  -2   1  -3  -1  -1   0  -2  -1   0   2  -1  -2   1   0  -2   5  -1  -2    6   3   0  10   0   1   1   7   0   4  10  22   2   0   6   7   1   9   2   2  0.15 0.17
  187 K     0   0   0   0  -2   0   0   0   1   0  -1   0  -1   0   1   0   0  -2   1   0    6   6   5   6   0   5   6   6   5   6   6   6   0   5   6   6   6   0   5   6  0.01 0.06
  188 E    -1   0   0   0  -3   1   0  -1  -2  -1   0   0   0  -3   3   0   0  -3   0  -2    5   5   4   5   0   8   7   5   0   3   9   5   3   0  17   7   6   0   4   0  0.16 0.21
  189 N     0   0   2   0  -3   1   0   0   0   0  -1  -1   3  -2   1   0   0  -3   1  -1    7   6  11   4   0   5   5   5   3   5   6   2  11   0   6   6   3   0   5   4  0.04 0.15
  190 K    -1   1   0   1  -1   2   0  -1   0  -1  -1   1   1  -2   1  -1  -1  -3   0  -1    4  10   5   8   2  10   4   3   2   4   6  12   4   0   6   3   3   0   5   3  0.08 0.16
  191 V     0   0   0   0   1   0   0  -1   1   0  -1   0   1   0   0   0   0  -2   1   0    5   5   5   5   5   5   5   5   5   5   5   5   5   5   5   5   5   0   5   5  -0.00 0.06
  192 T    -1   0   0   0   1   0   0  -1   1  -1  -2  -1   2  -1   0   1   2  -4   0  -1    4   6   5   4   3   5   5   3   3   3   3   4   6   3   3  13  16   0   3   3  0.08 0.20
  193 W     0  -1   0  -1   1  -1   1  -2  -4   0  -2  -2   2  -1   0   0  -1   7   1  -2   10   3   4   3   3   3   9   2   0   5   3   2   5   2   5   7   4  18   4   3  0.37 0.38
  194 G     0   0   1  -1  -1   0   1   2   0  -2  -1   0  -1  -2  -1   2  -1  -4   1  -2    8   5   6   3   1   4   9  16   2   2   5   4   2   1   3  17   3   0   5   2  0.12 0.21
  195 A     1   0   0   0  -4   1   0  -2   1  -2  -1   1   1  -2   4   0  -2  -1  -2  -2   10   5   4   6   0   5   7   2   4   3   5   7   5   2  19   5   2   1   1   2  0.21 0.27
  196 R     0   0   0   0   1   0   0  -1   1   0  -1   0   1   0   0   0   0  -2   1   0    5   5   5   5   5   5   5   5   5   5   5   5   5   5   5   5   5   0   5   5  -0.00 0.06
  197 S     0   0   2   0   0   1   1   0   0  -1  -1   0   0  -1   0   0   0  -3   0  -1    5   5  10   5   3   5   9   7   3   5   3   4   3   3   5   7   7   0   3   3  0.03 0.10
  198 K    -1   2   0  -1   0   1   0   0   1  -1  -1   2   1  -1  -1  -1   0  -3   0  -2    4  13   5   3   2   6   7   6   3   4   5  14   4   3   3   4   4   0   3   3  0.08 0.17
  199 D    -1   0   1   2   0   0   1   0   1  -2  -2   1  -1  -2  -1   1   1   0  -3  -2    5   5   6  14   2   4  10   6   3   2   2   9   2   2   3   9   9   1   0   3  0.11 0.19
  200 Q     0   0   0   2  -1   1   2   0   1  -1  -2   0   0  -1   0   1   0  -3   1  -1    6   4   4  11   1   7  12   7   3   3   3   4   2   2   4   9   4   0   5   3  0.07 0.15
  201 E     0   0   1   2  -4   1   2  -2   0  -2  -3   1  -1  -2   0   1   0   0   0  -2    7   5   6  10   0   6  16   3   2   2   2   7   1   2   4  11   6   1   3   2  0.14 0.22
  202 D    -1   0   1   3  -1   0   2  -1   0  -1  -2  -1   0  -2  -1   0   0  -4  -2  -2    4   4   6  21   1   4  16   4   2   5   3   3   3   1   3   8   4   0   1   2  0.22 0.28
  203 G     0   0   1   2  -1   0   0   1   1  -2  -2   0  -1  -3   1   1  -1  -4  -3  -2    8   5   7  12   1   4   7  12   3   2   2   6   2   1   9  10   4   0   0   2  0.14 0.20
  204 A     0   1   1   2  -1   1   1  -1  -1  -2  -2   0  -1  -2  -1   2   0  -4  -2  -2    8   7   8  11   1   5  11   5   2   2   3   4   2   2   3  15   4   0   1   2  0.13 0.22
  205 L    -1   1   0   1  -2   1   1   0   1  -1   0   0   1  -2   0   1  -1  -3  -2  -1    5   8   5   8   1   5  10   6   3   3   8   4   4   1   5  11   3   0   1   5  0.05 0.13
  206 F     0   0   0   2   0   0   1  -1   0  -1  -1  -1   0   0  -1   0  -1  -1   1  -1    7   4   5  12   2   4   9   5   3   3   6   3   2   5   2   8   2   1   7   5  0.02 0.11
  207 G    -1  -1   2   2  -1   0   1   1  -2  -2  -2  -1  -2  -3  -1   2   0  -2  -3  -2    5   3  11  11   1   3   7  13   1   2   3   4   1   1   3  17   6   1   1   2  0.18 0.26
  208 S    -1   0   1   2  -2   0   2  -1   0  -1  -4   0  -1  -4  -1   3   0  -5  -4  -2    5   5   5  12   1   4  12   4   2   4   1   4   2   1   3  23   5   0   0   2  0.24 0.34
  209 D    -1   0   1   2  -2   0   1   0   0  -2  -2   0   0  -2   0   1   0  -2   0  -2    6   5   7  15   1   4   8   8   2   2   2   5   3   1   4  11   5   1   3   3  0.10 0.18
  210 T    -1   1   0   2  -1   0   1   0   0  -2  -1   0  -1  -3  -1   1   0  -4  -2  -1    5   7   5  13   1   5   8   7   3   2   6   5   1   1   3  12   5   0   1   5  0.07 0.16
  211 E    -1   1   1   2  -5   2   3  -1   0  -3  -2   0  -2  -4   0   1  -1  -2  -3  -3    4   6   8  10   0   8  18   5   2   1   3   5   1   1   4  12   4   1   1   2  0.24 0.32
  212 G    -1   0   0   0   2   0   0  -1   2   0  -1   0   2   0   0  -1   0   3   1  -1    5   5   5   5   5   5   5   5   5   5   5   5   5   5   5   5   5   5   5   5  0.03 0.09
  213 D    -2  -1   2   2   0   0   1  -1   1  -1  -2   0   0  -1   1   0  -1   2  -1  -2    4   3  10  10   2   4   9   5   3   3   4   7   3   2   6   8   4   3   3   3  0.08 0.15
  214 P    -1  -1   0   1   0  -1   0   0   1  -1  -1   0   1  -2   2   0   1  -5  -1  -1    6   4   5   9   2   3   7   6   3   4   7   5   3   2  11   6   7   0   2   4  0.04 0.11
  215 E    -2   0   0   2  -1   0   3   0   1  -3  -2   0  -1  -3  -2   2  -1  -7  -1  -3    3   4   5  12   2   4  20   6   3   2   4   6   2   2   3  13   4   0   2   2  0.27 0.29
  216 K    -1   1   1   1   1   1   1   0   1  -2  -2   1  -1  -2   0   1   0  -4  -2  -2    5   6   5   9   3   6   8   8   4   2   3  11   2   2   4  10   5   0   1   3  0.11 0.17
  217 A     0   0   1   1   0   1   0  -1   1  -1  -1   0   0  -1   0   0   0   0  -1  -1    7   5   6   8   2   6   7   4   4   4   5   5   3   3   5   9   5   2   2   5  0.02 0.07
  218 E    -1   0   0   0   2   0   0  -1   2   0  -1   0   2   0   0  -1   0   3   1  -1    5   5   5   5   5   5   5   5   5   5   5   5   5   5   5   5   5   5   5   5  0.03 0.09
  219 D    -1  -1   0   1   1   0   1  -1   2  -1  -2   0   1  -1   2   0  -1  -5  -1  -2    6   4   5   9   3   5   8   5   4   4   4   6   3   3   9   8   4   0   3   3  0.05 0.11
  220 D    -1   0   0   3   0   0   0  -1   1  -2  -2   1   0  -4   0   1   0   1  -1  -1    5   4   5  16   2   3   7   5   3   3   3   8   3   0   5  11   5   3   2   3  0.12 0.20
  221 E     0  -1   1   2  -1   0   2  -2   2  -2  -3   0   0  -2   0   2  -1   0  -2  -3    7   3   5  10   1   4  13   3   4   2   3   5   2   2   5  16   5   1   2   2  0.16 0.24
  222 E    -1  -1   0   2  -1   1   3  -1   0  -1  -3  -1  -1  -3   0   1  -1   0  -2  -2    5   4   4  10   1   6  20   5   2   4   2   4   2   1   5  10   3   1   1   3  0.20 0.26
  223 I     0  -1   0   2  -1  -1   0   0  -1   0  -1   0   1  -2  -1   0   0  -1  -1   0    7   4   5  11   1   2   6   7   2   6   6   6   3   2   4   8   7   1   2   6  0.01 0.06
  224 D    -2   0   0   3   0   0   1   0  -1  -3  -3   0  -1  -3   0   2  -1   0  -1  -3    4   5   5  17   2   4  10   7   1   2   3   5   1   1   4  14   4   1   2   2  0.20 0.25
  225 L     0   0   0   0  -1   0   0   0   0  -1   1   0   1  -3   0   1  -1  -1  -2  -2    6   5   4   4   1   5   7   8   2   4  13   5   4   1   4  13   4   1   1   3  0.03 0.11
  226 E    -1  -1   0   2  -1   2   3  -2   1  -2  -4   0  -1  -2  -1   2  -1   1  -3  -3    5   4   4  11   1   7  19   4   3   2   2   5   2   2   4  12   3   2   1   2  0.25 0.30
  227 S    -2  -2   1   2  -1   0   1  -1   2  -2  -1   0  -1  -3   0   3  -1  -7  -2  -3    3   3   5  11   1   5   8   5   4   3   5   5   2   1   4  22   3   0   2   2  0.24 0.30
  228 I     0   1   0  -1   0   0   1   0   1   0   0   0   1  -2  -1   1   0  -1  -1   0    6   7   3   4   2   3   8   6   3   7   7   5   3   2   3  11   5   1   2   7  -0.01 0.05
  229 D    -1   0   1   4  -2   1   0   0   3  -4  -3   0  -1  -4  -1   1   0  -2  -2  -3    5   5   7  21   1   5   6   6   6   1   2   6   2   1   3   9   5   1   1   2  0.30 0.31
  230 I     0   0   0   1  -1   0   0  -1   0   0   0  -1   0  -2   0   1   0  -1  -1   0    8   4   4   7   1   4   5   5   2   6  10   4   3   2   5  12   5   1   2   5  -0.00 0.07
  231 D    -2  -1   1   4  -3   0   2  -1   3  -3  -2  -2  -2  -3   1   1  -1  -7  -3  -4    3   4   6  20   1   4  14   5   6   2   4   3   1   1   6   9   3   0   1   1  0.35 0.35
  232 K    -1   1   0   2  -2   1   0  -1   1  -2  -1   1  -1  -2   0   1   0  -6  -2  -1    5   8   4  10   1   6   7   5   3   3   5   8   2   2   5  11   5   0   1   4  0.07 0.14
  233 I    -1   0   0   1  -3   0   0  -1   1   1   0  -1   0  -1   0   1   1  -4  -1   0    4   6   4   7   1   4   6   4   3   8   9   3   3   3   4  11   8   0   2   7  0.01 0.08
  234 D    -2  -1   1   3  -1   1   2  -1   1  -3  -2  -1  -1  -4  -1   0   1  -2  -3  -2    4   4   7  16   2   5  12   6   3   2   4   4   1   1   4   8   9   1   1   3  0.18 0.24
  235 E    -1   1   0   3  -2   0   2  -2   3  -4  -2  -1   0  -3   0   1   0  -2  -2  -2    4   7   4  16   1   4  12   4   5   1   5   4   2   1   5  10   5   1   1   3  0.21 0.26
  236 H    -2  -1   1   0   0  -1   2  -2   4  -3  -1   0   0  -3  -1   2   0  -2   0  -3    4   3   6   5   2   3  12   4  10   2   6   6   2   1   4  13   5   1   4   2  0.19 0.24
  237 D    -2  -1   2   3  -2   0   2  -1   1  -4  -3  -1  -1  -1   0   2  -1  -2  -1  -4    3   3   8  17   1   4  13   4   4   1   3   4   2   2   5  13   4   1   2   2  0.26 0.31
  238 G     0  -1   1   1   1  -2  -1   2   0  -4  -3  -2  -1  -1   0   3   0  -3  -2  -3    8   4   6   8   3   2   5  18   2   1   3   3   2   2   6  18   6   0   1   2  0.28 0.27
  239 D    -2  -1   0   4  -2   0   2  -1   1  -2  -2  -1   0  -1  -2   2  -1  -3  -3  -3    3   4   5  21   1   4  15   5   3   3   4   3   2   3   2  15   3   0   1   2  0.40 0.34
  240 Q    -1   2   0   1  -4   3   1  -2   3  -2  -2  -1  -2  -4  -1   1   0   3  -2  -1    6   9   4   6   0  12  11   3   6   2   4   4   1   1   4  10   6   4   2   4  0.26 0.26
  241 S    -1  -1   0   1   0  -1   1  -2   1  -2  -2   0   2  -1  -2   4   0   1  -3  -4    5   4   5   7   2   2   8   4   4   3   5   5   4   3   2  28   5   2   1   2  0.35 0.33
  242 N    -2  -1   3   2  -1   0   2  -1   2  -2  -3  -2  -2  -2   0   1   0  -1  -2  -1    4   3  14   9   2   3  13   5   5   2   3   3   1   2   5  12   6   1   2   5  0.25 0.24
  243 E    -2  -1  -1   2   1   2   3  -2   2  -2  -2  -2  -2  -4  -1   2  -2  -7  -1  -2    4   4   4  12   3   9  19   4   4   3   5   2   1   1   4  14   2   0   2   3  0.34 0.32
  244 D    -1  -1   0   4  -1  -1   2  -1   0  -2  -2  -1   0  -4   0   2  -2  -8  -2  -3    4   4   4  23   1   2  13   6   2   2   5   4   2   1   4  15   3   0   2   2  0.43 0.36
  245 D    -2  -2   2   3   0   0   2  -1  -1  -2  -1   1   0  -2   0   0  -1  -7  -2  -1    4   2   9  17   2   5  12   5   2   2   6   8   3   2   6   7   4   0   1   4  0.25 0.23
  246 E    -2   0  -1   1  -2   1   3  -1   0  -2  -1   1   0  -1   0   2  -1  -2  -1  -2    3   5   3   7   1   5  19   5   2   2   6   8   2   3   5  13   3   1   2   4  0.20 0.22
  247 D    -2  -2   2   4  -2   0   1  -1   0  -2  -2   0  -1  -4  -2   2  -1  -8  -3  -3    4   2  10  21   1   4  10   6   2   3   5   5   2   1   2  16   4   0   1   2  0.41 0.35
  248 K    -1   1   1   0  -2   0   2   0   2  -2  -2   1   1  -1   1   1  -2  -6  -3  -2    6   8   7   6   1   4  11   7   4   2   4   9   3   2   7  11   3   0   1   2  0.17 0.18
  249 A     1   0  -1   0   1  -1   0   0   3  -3  -1  -1  -1  -1   1   2  -1  -3   1  -1   11   5   3   6   3   3   6   7   6   1   7   3   2   2   6  14   4   0   4   4  0.13 0.15
  250 E    -2   1  -1   3  -1   1   2   0   2  -4  -2   0  -4  -4   1   1   0  -3  -3  -3    4   8   2  13   1   6  13   7   4   1   5   5   1   1   8  11   6   0   1   2  0.27 0.27
  251 A     0   0  -1   1  -1  -1   0   1   2  -1   0  -1   0  -1   0   1  -1  -2  -1   0    9   6   3   8   1   2   5   9   5   4   8   4   3   3   4  13   4   0   3   6  0.05 0.07
  252 P    -2   0   1   1  -4  -1   1  -1   1  -2  -1  -2  -4  -4   4   2  -2  -8  -1  -4    4   6   6   8   0   3   9   5   3   2   7   2   0   1  22  14   3   0   2   1  0.42 0.38
  253 H    -1   0   0   0   2   0   0  -1   2   0  -1   0   2   1   0  -1   0   3   1  -1    5   5   5   5   5   5   5   5   5   5   5   5   5   5   5   5   5   5   5   5  0.09 0.08
  254 A     0   0   0   1   1  -1   0   0   2  -1  -2  -1   1  -1   0   1   0   2   0  -1    7   5   5   9   3   3   5   6   5   4   5   4   4   3   4  13   4   3   3   5  0.08 0.09
  255 P     0   0  -1   1   0   0   0  -1   2   0  -2  -1   1  -2   3   2  -1   2  -1  -2    7   5   3   6   2   4   7   5   4   5   5   4   3   2  14  13   3   3   2   3  0.16 0.18
  256 A     0  -1   0   0   1   0   1   0  -1  -2   0  -1   0   0   0   1   0   1   0   0    7   4   5   5   3   4   9   6   2   2   8   4   3   4   4  13   5   2   4   7  0.04 0.07
  257 A     0   0   1   1   0   1   1   0   1  -1  -3  -1  -1  -1   0   2   0  -5   0  -1    7   4   6   9   2   5   7   9   3   4   3   4   1   2   5  14   7   0   3   4  0.11 0.13
  258 P    -2   0   0   0  -2   0   0  -1   1  -2  -2  -1   0  -3   4   2   0  -1  -2  -3    4   6   4   5   1   4   6   5   3   2   5   3   2   1  22  15   6   1   1   2  0.36 0.33
  259 S    -1   0   0   1  -2  -1   1  -1   2  -3  -1   0   0  -3   2   2   0  -1  -1  -1    6   5   4   9   1   3   8   6   5   2   7   5   2   1   9  15   6   1   2   4  0.14 0.16
  260 A    -1   0   0   0   2   0   0  -1   2   0  -1   0   2   1   0  -1   0   3   1  -1    5   5   5   5   5   5   5   5   5   5   5   5   5   5   5   5   5   5   5   5  0.09 0.08
  261 L     0   0   0   0   1   0   0  -1   1   0   0   0   1   0   0   0   0   1   0   0    5   5   5   5   3   5   6   5   3   6   9   4   4   3   6   7   5   3   3   6  0.02 0.02
  262 A     0   0  -1   1   1   0   0   0   3  -1  -2  -1   0  -1   0   1   0   1   0  -1    7   5   3   6   2   4   7   8   7   3   4   4   2   3   5  13   5   2   3   4  0.08 0.12
  263 R    -1   1   0   0   1   1   0   0   2  -2   0   0   0  -2   0   2   0   0  -2  -2    5   7   5   6   3   6   5   7   4   2   8   6   3   2   5  15   5   1   1   3  0.10 0.13
  264 D    -1   0   1   3  -1   0   1  -1   1  -2  -1  -1   0  -2   0   1   0   1   0  -2    6   6   6  14   1   5  11   4   3   3   6   4   3   2   5  10   5   2   3   2  0.15 0.16
  265 Q     0   0   0   0   0   3   1   0   2  -3  -1  -1  -1  -1   1   1   0  -6  -1  -6    7   5   4   6   2  12   9   8   5   2   5   4   2   2   7  11   5   0   2   0  0.22 0.23
  266 G     0   0   1   1   0  -1   1   2   1  -2  -2  -2  -1  -1   1   1   0  -6  -1  -1    6   4   5   7   2   2   9  16   4   2   5   2   2   3   7  10   6   0   2   4  0.14 0.15
  267 S    -1  -1   1   1   1   1   0  -1   1  -2  -1   0  -1  -2   1   2   0   0   0  -1    6   4   5   6   3   7   7   6   3   2   6   5   1   1   6  17   5   1   3   5  0.12 0.15
  268 P    -1  -1  -1   0   0   0   0  -2   2  -1  -1  -1   1  -1   4   1  -1  -7  -1  -3    5   3   4   6   2   4   6   3   5   3   5   4   4   3  23  11   4   0   3   2  0.34 0.30
  269 L     0   1   0  -1  -1   0   0   0   2   0   1  -1   1  -1   1   0   0   0   0  -1    6   8   5   4   1   3   7   6   4   5  13   3   4   2   6   6   7   1   3   4  0.05 0.06
  270 A     1   0  -1  -1  -1  -1   0   0   3  -3  -2  -2   0  -1   1   2  -1   0   0  -1   11   5   3   4   2   3   5   9   7   1   5   3   2   2   8  14   4   1   4   5  0.15 0.16
  271 A     1  -1  -3   0   1  -1   0   0   3  -2  -1  -1  -2  -2   2   3   0  -2  -3  -2   11   4   1   6   3   3   7   8   6   2   6   4   1   2   9  19   5   1   1   4  0.23 0.23
  272 A     1  -1   0   1   2   0   0   0   2  -2  -1  -2  -1  -2   1   2   0  -6  -1  -1   10   3   5   7   4   5   7   7   5   2   7   2   2   2   7  15   5   0   2   4  0.13 0.15
  273 D    -1   1   1   2  -3   1   1   0   3  -3  -2  -1  -1  -1   1   1   0  -2  -1  -2    6   7   6  10   1   5   9   7   7   2   4   3   2   2   7  11   6   1   2   3  0.18 0.18
  274 V     0   0  -1   0  -1  -1   1   0   1   0   0   0   0  -1   1   1   0  -2   0   0    8   5   2   5   1   2   9   7   3   5   9   5   2   3   9  11   5   1   3   6  0.05 0.07
  275 L     0  -1  -2   0   0   0   0  -2   2   0   1  -2   1   0   1   0   1  -1   1   0    7   3   2   5   2   3   7   3   6   4  16   2   4   4   7   8   7   1   4   5  0.09 0.10
  276 K     0   1   0   1  -1   1   1   0   3  -3  -1   0   0  -2   2   1  -1  -2  -1  -3    7   6   4   6   1   5   9   8   6   1   5   7   2   2  10  10   4   1   2   2  0.15 0.16
  277 P    -1   1  -2  -1  -7   0   0  -2   3  -3  -3  -1  -3  -3   5   2   0  -7  -2  -4    5   8   2   4   0   4   6   4   6   2   3   4   1   1  25  17   5   0   2   1  0.57 0.45
  278 Q     1   1  -1  -1  -2   1  -1   1   5  -3  -2  -1  -1  -3   1   2  -1  -2   0  -2   10   7   3   4   1   5   5   9  13   2   5   3   1   1   8  13   4   1   3   3  0.29 0.25
  279 D    -1   1   1   2  -7   0   2   0   5  -4  -3  -2  -1  -3   1   1   0  -1  -2  -3    5   7   5  12   0   3  11   6  11   1   4   3   2   2   8   9   5   1   2   2  0.32 0.27
  280 S    -1   0   0   0   2   0   0  -1   2   0  -1   0   2   1   0  -1   0   3   1  -1    5   5   5   5   5   5   5   5   5   5   5   5   5   5   5   5   5   5   5   5  0.09 0.08
  281 P     0  -1   0  -1   3   0  -1   0   3  -1  -1  -1   0  -1   3   0   0   2   0  -1    6   4   4   4   6   4   4   7   7   3   6   3   3   3  13   7   6   3   3   4  0.17 0.16
  282 L    -1   0   0  -1   1   1   0  -2   3   0   1  -1   1  -1   1   0   0  -5   0   0    4   6   4   4   3   7   6   3   8   6  12   4   3   3   6   7   5   0   3   7  0.09 0.09
  283 G    -1  -1   0   0   1  -1  -2   1   4  -2  -2  -1  -1   1   2   1   0   1  -1  -2    5   4   4   5   3   3   3  13   9   2   5   5   2   5   9  11   6   2   2   4  0.19 0.17
  284 L     0  -1  -1  -2   2   0   0  -1   3  -1   1  -2   0  -1   0   2   1   0   0  -1    6   3   2   3   4   4   6   5   7   3  14   2   2   2   5  13   7   1   3   5  0.13 0.14
  285 A     1   0  -1  -1   0   1  -1   0   2  -1  -1  -1   0   0   1   1   0  -5  -1  -1   12   5   3   4   2   5   4   7   4   4   7   3   3   5   8  12   6   0   2   4  0.08 0.10
  286 K     0   1   0  -1   0   1   0  -1   1  -2  -1   1   1  -2  -1   2  -1  -1   1  -1    9   6   4   4   2   7   6   5   4   2   7   8   4   1   3  16   4   1   4   4  0.11 0.13
  287 E     0   0   0   0   2   0   0  -1   1   0  -1   0   1   0   0   0   0  -2   1   0    5   5   5   5   5   5   5   5   5   5   5   5   5   5   5   5   5   0   5   5  0.03 0.05
  288 A     0   0   0  -1   1   1  -1   0   3  -1  -1  -1   0   0   1   1  -1   2   0  -1    8   6   4   4   3   6   4   6   7   3   6   4   3   4   9   9   4   3   4   5  0.08 0.09
  289 P    -1   0   0  -1   0   1   0  -1   3  -2  -1  -1   0  -1   4   1   0  -4  -1   0    5   4   5   3   2   6   6   4   6   2   5   4   3   2  20   9   5   0   2   6  0.24 0.24
  290 E     0   0   0   0   0   1   1   0   2  -1  -1   0  -1  -1   2   1   0  -3   0  -1    6   5   4   6   2   6   9   6   7   3   8   3   1   2   9  10   5   0   3   4  0.09 0.12
  291 P    -2  -3   0  -1  -1   1  -1   0   2  -2  -3  -2  -1  -1   5   1   1  -5   0  -3    3   1   4   3   1   7   4   8   5   2   2   2   2   2  30  10   8   0   3   2  0.53 0.43
  292 G     0  -1   0   0   0   1  -1   2   1  -2  -1  -1  -1  -2   1   2  -1  -4  -1  -1    7   3   4   5   2   8   3  17   4   2   6   3   2   2   8  14   3   0   2   4  0.15 0.19
  293 S     0   0   1  -1   1   0   0   0   2  -2  -1   0   0  -1   1   2   0  -3   0  -1    8   4   6   3   3   4   6   6   6   2   6   5   3   3   6  16   5   0   3   5  0.08 0.12
  294 T     0  -1  -1   1  -3   1   1   0   0  -1  -1   0  -1  -1   1   1   2  -4  -1  -1    7   2   3   8   0   8   8   7   3   3   7   4   2   3   7  12  12   0   1   3  0.11 0.15
  295 R     0   2   0   1  -1   1   0  -1   2  -1  -1   0   0  -2   1   1  -1  -1  -1  -1    7  14   4   7   1   5   6   3   6   3   5   4   2   2   7  14   3   1   2   4  0.14 0.17
  296 L     0  -1  -1  -1   0   1   0   0   0   0   0   0   1  -1   2   1   0   0  -1   0    6   3   2   3   2   6   5   7   3   5  13   4   3   3   9  12   5   1   2   7  0.04 0.08
  297 L    -1   0  -1  -1  -1   1   0  -1   0  -1   1  -1   1  -1   2   1   1  -4  -2  -1    5   5   3   4   1   8   5   4   3   2  13   4   5   2   9  14   9   0   1   4  0.12 0.17
  298 S     0  -1   1   0  -2   0  -1   1   3  -3  -2   0   0  -2   0   3   0  -4  -1  -2    7   4   6   5   1   4   4  11   8   1   3   6   3   2   5  21   6   0   2   2  0.22 0.25
  299 P    -2  -2   1  -1   2  -1  -1  -1   1  -2  -2  -2  -2  -1   5   1  -1  -2  -3  -3    4   2   6   4   4   3   4   4   3   3   5   3   1   3  32  12   5   1   1   2  0.57 0.44
  300 G     0   0   0   0   1   0   0   1   2  -3  -2  -1  -3  -2   1   2   0  -1  -2  -2    9   5   4   5   3   5   7  12   4   2   4   2   0   2   8  18   5   1   1   3  0.18 0.21
  301 A     1  -1   1   1   1   0  -1   0   1  -2  -2  -1   0  -1   1   2   0  -4   0   0   10   4   8   7   3   4   3   7   3   1   4   2   3   2   7  16   4   0   3   9  0.11 0.15
  302 A     1   0   0  -1   1   0  -1   0   1  -2  -3   0  -2  -2   2   2   0  -4  -4  -1   13   6   5   3   3   4   3   6   4   2   3   5   1   2  13  16   7   0   0   3  0.21 0.23
  303 A     1   0   0   0   0   1  -1   0   1  -2  -2   0   0  -2   2   1   0  -2  -1  -1   12   6   3   6   2   6   3   7   4   2   4   5   3   1  11  11   7   1   2   4  0.11 0.14
  304 G     0  -1   0   1   1   0   0   1   1  -2  -1  -1   0   0   2   1   0  -1  -1  -1    7   3   5   8   3   4   4   9   3   2   5   4   2   4   9  14   5   1   2   4  0.09 0.12
  305 G     0  -2   1   0   2   1   0   2   1  -1  -2  -1  -2  -2   1   1   0  -2  -2  -2    6   1   7   6   5   7   6  13   3   3   4   4   1   2   8  11   6   1   1   3  0.14 0.17
  306 L    -1  -1   1  -1   1   1  -1   0   0   0   0  -1   0  -1   2   1   0  -4  -1  -1    4   3   6   2   3   6   3   9   2   5  11   2   3   3  10  14   7   0   2   5  0.09 0.14
  307 Q    -2   0   0  -1  -2   3   0  -1   3  -1  -3  -2  -4  -4   3   1   1  -5  -1  -1    2   5   5   3   1  14   6   5   6   4   2   2   0   1  15  12   8   0   3   5  0.31 0.33
  308 G     0   0   0   0   1   0   0  -1   1   0  -1   0   1   0   0   0   0  -2   1   0    5   5   5   5   5   5   5   5   5   5   5   5   5   5   5   5   5   0   5   5  -0.00 0.06
  309 A     0  -1   0  -1   1   0   0   0   1  -1  -1  -1   0  -1   2   1   0  -3   0  -1    9   3   4   3   3   5   5   6   3   5   4   3   3   3  11  11   6   0   3   4  0.06 0.13
  310 P    -1  -1  -1  -1   1   0  -1  -2   0  -1  -2  -1   0  -2   5   1   0  -5  -4   0    5   3   2   3   3   4   3   3   2   4   4   3   3   2  28  11   5   0   0   8  0.38 0.37
  311 H     1  -1   1   0  -3   0   0  -1   2  -1  -2  -1  -2  -3   1   1   0  -3   0  -1   14   3   8   5   0   4   6   5   6   4   4   3   0   0   7  11   5   0   3   5  0.08 0.17
  312 G     0   0   0   0  -2   0   0   0   1   0  -1   0   1   0   1   0   0  -2   1   0    6   6   5   6   0   5   6   6   5   6   6   6   5   5   6   6   6   0   5   6  0.03 0.06
  313 K    -1   2   0   0  -4   1   0  -3  -3  -4  -4   5  -3  -4   0   0   0   3   0  -1    5   8   4   4   0   5   4   1   0   0   1  38   0   0   4   6   5   4   4   5  0.54 0.36
  314 P    -1   0   0   1  -4   0  -2  -3   1  -4  -4   0  -3  -4   6   0   0  -4  -4  -4    4   4   4   7   0   4   1   1   4   1   1   6   0   0  51   6   5   0   0   1  1.10 0.46
  315 K    -2   4  -2  -2  -3  -1  -1  -3  -2  -3   0   5  -2  -3  -2  -2  -2  -3  -2  -3    2  25   1   1   0   1   1   2   0   1   8  48   1   1   1   2   1   0   1   1  0.80 0.29
  316 I    -2   0  -2  -2  -2  -2  -2  -3  -2   5   1   0   1  -1  -2  -2  -1  -2  -2   1    2   7   1   1   0   1   1   2   1  53  14   6   3   1   1   2   1   0   1   2  0.42 0.16
  317 W    -3  -3  -3  -3  -3  -2  -3  -3  -3  -2  -1  -3  -2  -1   1  -3  -2  11   0   0    2   1   1   1   0   1   1   2   1   1   7   1   1   1   8   2   1  60   1   7  1.91 0.33
  318 S     0   2  -1  -2   1  -1  -1  -2  -2  -3  -3  -1  -2  -3  -2   5   0   1  -2  -2    4  14   1   1   3   1   1   1   0   1   2   1   0   1   1  62   1   3   1   1  0.63 0.23
  319 L    -2  -3  -1  -3  -2  -2  -3  -3  -3   3   4  -3   1   0   0  -2  -2   1  -2   1    1   1   3   1   0   1   1   1   0  21  50   1   2   3   5   1   1   2   0   4  0.42 0.16
  320 A     3  -2   1  -1   0  -1  -2  -1  -1  -1  -1  -1   0  -2   1   1   0  -3  -2   1   43   1   8   2   2   1   1   1   2   1   3   3   2   1   5  10   2   0   0  14  0.29 0.16
  321 E    -1   2  -1   3   0   1   4  -1   3  -3  -3  -1  -3  -3  -2   0  -2  -3   0  -3    3  13   1  19   2   6  33   3   8   1   1   1   0   0   1   4   1   0   4   1  0.48 0.19
  322 T     0  -2  -2  -2  -2  -1  -2  -1  -2   2   0  -2   2   0   0   0   4  -2  -2   0    5   1   1   1   0   2   1   3   0  16   7   1   7   3   4   4  40   0   1   3  0.30 0.16
  323 A     4  -2   0  -2  -2  -1  -1   0  -2  -1   0  -1   1  -2  -1   0   0  -3  -2   0   47   1   4   1   0   1   3   4   0   2  12   3   5   1   2   4   4   0   1   5  0.27 0.16
  324 T     1   0   1   0  -2  -1  -1   0   2  -1  -2  -1   0  -1  -1   1   3  -3  -2  -1   10   7   5   6   0   1   1   5   6   2   1   1   2   3   2  10  32   0   1   3  0.21 0.14
  325 S     0  -1   0  -2   3  -1  -1  -1  -1  -3  -3   0  -1  -3   1   4   0  -3  -3  -1    4   3   4   1   6   1   2   3   1   1   1   4   2   0   6  52   4   0   0   4  0.47 0.24
  326 P    -1  -2   0   1  -3   0  -1  -1   0  -1  -2   0  -1  -3   4   2   0  -3  -2  -2    3   1   4   8   0   4   2   3   2   5   4   6   2   0  27  25   3   0   1   2  0.42 0.18
  327 D     1   0   2   1   1   1   0  -1  -1  -2  -1   0  -1  -3   1   2   1  -3  -1  -2   11   5  11  10   3   8   4   2   1   1   5   3   1   0   5  17  10   0   1   2  0.17 0.11
  328 G     0   0   0   0  -1   0  -1   2   1  -2  -1   0   0  -2   2   2   0  -3  -1  -1    5   4   5   4   1   3   2  15   4   1   6   7   4   0  11  18   4   0   2   3  0.14 0.10
  329 A     0  -1   0   0  -1   0   0  -1  -1   0   0  -1   0  -2   3   1   0  -3  -2   0    9   4   5   4   1   4   4   3   1   7   8   2   3   0  17  12   7   0   1   8  0.17 0.10
  330 P     0   0  -1  -1  -1   1   0   0   0  -2  -1   1  -2  -2   4   1   0  -3  -2  -1    5   4   1   2   1   6   6   7   3   1   6   9   0   1  26  12   5   0   1   3  0.35 0.17
  331 K     0   1   1   1  -2   1   0   0   1  -1  -2   1  -2  -2  -1   2   0  -3  -1  -1    5   8   7   9   1   7   5   6   4   3   4   8   0   1   3  18   4   0   2   5  0.12 0.10
  332 A     1   0   0   0   2   1  -1  -2   1  -2  -1   0  -1  -1   2   2   0  -3   0  -1   13   5   5   5   5   7   1   2   4   1   5   3   1   2  11  18   3   0   4   4  0.16 0.14
  333 S     0   1   0  -2  -3   2  -1   1   1  -2  -2  -2  -2  -4   3   3  -1  -4  -3  -2    8   7   4   1   0  10   2  10   3   2   4   1   1   0  15  29   3   0   0   1  0.37 0.25
  334 P    -1   1  -1  -2   1   0  -1  -1   1  -3   0  -2  -2  -3   5   1   1  -4  -2  -1    5   7   2   1   3   4   3   4   4   1   9   0   1   1  33  11   8   0   1   3  0.52 0.27
  335 P    -1   0  -1  -3  -2   0  -1  -1  -2  -3  -2  -3   1  -4   6   1   0  -4  -2  -1    5   4   2   1   1   4   4   5   1   1   4   0   4   0  40  11   7   0   2   4  0.74 0.35
  336 P     2  -2  -3  -3  -4  -1  -3  -2   0  -3   0  -1   0  -2   5   1   1  -2   0  -3   19   1   0   0   0   2   0   2   2   0   9   3   2   1  34   9   9   1   4   1  0.65 0.33
  337 P     0   0   0   0  -1   0  -1   1  -3  -2  -2  -2  -1  -1   3   2   1  -1   0  -2    7   5   4   4   1   5   2  11   0   1   4   1   2   3  18  17   8   1   4   2  0.25 0.18
  338 A     1   1   0  -2   1   2  -2  -2   1  -2  -1  -1   3  -1   2   1   0  -2  -2  -2   13   8   4   1   3  13   1   3   4   1   5   1   9   2  12  12   4   1   1   3  0.23 0.21
  339 G     1   1   0  -1  -3   0   0   1  -1  -1  -2   0  -2   0   2   1   0   1  -1  -2   14   7   3   2   0   5   5  10   1   4   3   3   0   4  12  14   5   2   2   2  0.15 0.13
  340 H     0   1   1  -2  -2   1  -2   1   5  -3  -2  -1   0  -1   0   2  -1   0  -1  -1    7   8   7   1   0   5   0  11  15   0   3   2   3   2   4  19   2   1   1   4  0.29 0.23
  341 P    -1   0  -1  -1  -4   1  -3  -1   2  -4   0  -2  -2  -3   6   1  -1  -2  -2  -2    5   6   3   3   0   6   0   4   5   0   9   1   1   1  38   9   3   1   1   3  0.70 0.36
  342 G     0  -2  -1  -1  -1   0  -1   2   1  -2  -1  -2  -2  -2   2   2   0   1   0  -2    8   1   2   3   1   5   3  15   4   2   8   2   1   1  11  20   3   2   4   3  0.19 0.17
  343 A     2  -1  -2  -2   3   1  -2   0   2  -2  -1  -2   2   1   1   1  -1   0   0  -1   17   3   1   2   8   9   1   7   5   1   6   1   6   6   6  10   4   1   3   4  0.14 0.16
  344 H     0  -2   0   0   0   2  -2   0   3  -2  -2  -2  -3  -2   2   2   1  -4   1  -3    6   2   5   4   2  11   1   6  10   3   5   1   0   1   9  19   9   0   6   1  0.25 0.22
  345 G     1  -1  -2  -1  -2   0  -1   2   0  -1  -1  -2   1  -1  -1   2   1   1  -2   0   14   2   1   2   1   5   2  18   2   3   7   1   4   2   3  15   9   2   1   6  0.16 0.16
  346 P     0  -2   0  -1  -4   1  -3   1   2  -1  -2  -3  -1  -4   4   2  -1  -4   0  -3    9   2   3   4   0   6   0  12   5   4   4   0   2   0  24  16   4   0   3   1  0.44 0.29
  347 S     0  -2   1  -3  -2   1  -3  -1   4  -3  -2  -2  -1  -1   4   3   0  -5  -2  -3    7   2   7   0   1   7   0   5  10   1   3   1   2   3  19  24   5   0   1   1  0.48 0.33
  348 A     2   0  -1  -3  -1   0  -3   2   0  -3  -2  -2  -3  -4   2   2   0  -4   0  -1   21   6   2   0   1   4   0  16   2   0   3   1   0   0  10  19   4   0   4   5  0.32 0.25
  349 G     1   0  -2  -1  -2   1  -1   1  -1  -1  -1  -1   1  -1   2   1   0  -3   0   0   15   4   0   2   1   7   3  11   1   2   7   3   4   3  10  14   5   0   3   5  0.13 0.14
  350 A     1  -1   0  -2   0   1  -1   0   2  -2  -1  -2  -1  -2   2   2   0   1  -2  -1   13   3   4   1   2   8   2   8   6   3   5   0   1   1  12  21   4   2   1   4  0.22 0.20
  351 P     1   0   0  -1  -1   1  -2  -1   0  -2  -2  -2  -2  -4   5   1  -1  -1   0  -2   11   4   4   3   1   6   1   5   3   2   4   1   1   0  33  11   3   1   3   3  0.56 0.33
  352 L     1  -2  -3  -3  -3   1  -2  -3   0  -1   2  -2   2   1   0   2   0  -3   2  -1   11   1   0   0   0   7   2   0   2   3  23   1   7   5   5  17   5   0   7   3  0.25 0.24
  353 Q     1   0   0  -3  -4   3   0  -1   3  -2  -3  -2  -1  -3   4   1  -2  -4   1  -2   10   4   4   1   0  16   5   5   7   2   1   1   2   1  22  10   2   0   6   2  0.47 0.32
  354 H     0   0   0  -2   2   0  -2   0   2   0   0  -1   1   1   1   0   0  -2   1   0    6   6   6   0   6   6   0   6   6   6   6   0   6   6   6   6   6   0   6   6  0.06 0.12
  355 P     0   0   0  -1   1   0  -2   1   1  -1  -1   0   0  -3   3   1   1  -3   0  -1    7   4   5   3   3   5   0  11   3   3   5   4   3   0  16  11   8   0   3   4  0.17 0.17
  356 A     2  -1   0  -1   0   1  -2   0   1  -1  -1   0  -2  -1   2   1   0   2   0  -1   18   3   3   2   2   8   0   6   4   4   6   4   0   3  11   9   7   4   3   2  0.14 0.18
  357 F     0   1   0  -3   0   0  -1  -1   1   0   1  -1   0   2  -1   0  -1  -2   1   0    9  11   4   0   3   6   2   3   4   4  13   2   2  11   3   5   4   0   6   8  0.07 0.14
  358 L     0  -1   0  -1  -1   0  -1  -1  -1   0   1  -1   2  -1   2   1   0  -3   0   0    6   4   4   3   1   4   3   4   1   5  17   3   6   2  11  10   6   0   3   4  0.07 0.13
  359 P     0   0  -1   0   0   1  -1   0  -1  -3  -1  -2  -3  -1   4   1   0  -5  -4   0    7   5   3   5   2   6   3   7   2   0   7   1   0   3  26   9   5   0   0   6  0.35 0.33
  360 S    -1   2   2  -3  -4   0   0  -1   3  -2  -3  -1  -3  -2   3   1   0  -4   0  -2    5  13   9   0   0   5   5   5   8   2   2   2   0   1  16  13   4   0   3   3  0.28 0.30
  361 H    -1   1  -3  -1   1   0  -1  -1   7  -3  -1  -3  -3  -1   1   0  -2  -4   0  -4    5   8   0   4   3   3   4   5  32   2   5   0   0   3   8   8   2   0   3   1  0.63 0.47
  362 G     0   2  -2  -2  -3   1  -2   2   2   0   0  -2   0   0   0   0  -1  -3   0  -2    5  15   0   2   0   8   1  21   6   5  11   0   2   5   4   8   3   0   3   1  0.19 0.23
  363 L    -1  -1  -2  -1  -3   0  -2  -1   1   0   1  -2   0   1   3  -1  -1   3   3  -1    4   2   1   3   0   5   2   6   3   7  17   2   2   6  14   5   3   4  13   2  0.21 0.21
  364 Y    -1  -1  -1  -2   1   0  -2   0   2  -1  -1  -3  -1   0  -2   0   0  -2   6   0    5   4   2   2   3   5   2   7   5   3   6   1   1   3   2   6   5   0  29   8  0.36 0.31
  365 T     1  -2   0   2   0  -1   1  -2  -1  -3  -4  -1  -1  -4   2   2   3  -4  -4  -1   12   2   5  11   2   1   7   3   1   0   1   2   2   0   9  16  22   0   0   3  0.36 0.32
  366 C     0   1  -1  -3   5   0   0   0   0  -4  -3  -1  -4  -1   0   4  -2  -5  -4  -3    8   8   2   0  12   3   6   6   2   0   3   3   0   3   5  37   0   0   0   1  0.52 0.44
  367 H    -1   0  -4  -1  -5   1  -2  -3   2  -5  -5  -4  -1  -3   7  -2   0  -5  -1  -3    5   5   0   4   0   8   2   2   6   0   0   0   2   1  52   3   6   0   2   2  1.23 0.68
  368 I     0  -2  -1  -2  -3  -3  -2   0  -1   1   0  -3   2   3   0   0   0   2   2   1   10   1   2   1   0   0   1   6   1   6  10   0   6  14   4   7   5   3   7  14  0.15 0.18
  369 G     1  -1  -1  -2   0  -2  -3   4   0  -3  -1  -1  -1  -4   1   1   1  -4  -2  -2   11   4   1   2   2   2   0  34   3   0   7   2   1   0   7  12   7   0   1   2  0.39 0.30
  370 K    -1   1   1  -2  -3   0  -2   0   1  -3  -2   2  -1   0   1   2   1   0   0  -2    4   9   8   0   0   4   0   5   3   0   4  13   2   5   8  17  11   1   3   1  0.20 0.22
  371 F    -1  -2  -3  -2  -1  -3  -2   0  -2  -1   2  -1   0   3  -1  -1  -1  -2   4   0    5   2   0   2   1   0   2   9   0   3  25   4   2  15   3   4   3   0  15   5  0.28 0.26
  372 S     0   2   0  -1  -4   3  -2   2   2  -4  -3   0  -3  -3   3   1   0  -4  -3  -4    6  10   3   2   0  15   0  16   6   0   2   6   0   1  13  13   5   0   0   0  0.39 0.33
  373 N     1   0   4   0  -1   0  -1   1   2  -4  -4  -2  -3  -2  -1   1   0   0  -3  -2   12   5  28   5   2   5   2   9   6   0   0   0   0   2   2  12   6   1   0   2  0.39 0.32
  374 W    -5  -5  -3  -6  -1  -2  -5  -2  -4  -2  -1  -5  -1   3  -1  -3  -3   9   5  -1    0   0   2   0   1   2   0   3   0   2   5   0   1  12   3   2   2  37  23   4  1.69 0.76
  375 T    -1  -3  -2  -1  -3  -2  -2   3   1  -2  -2  -3  -1  -2   0   1   3   0  -2   2    4   0   1   2   0   2   2  21   4   0   3   0   1   2   4  10  23   1   1  17  0.34 0.32
  376 N    -1   0   4   2  -4  -1  -1   2  -2  -4  -3   0  -3  -4   0   1   0   0  -4  -1    5   5  26  14   0   3   2  16   0   0   2   4   0   0   4   8   4   1   0   4  0.42 0.32
  377 S     1   2   0  -3  -3   0  -3   4   1  -3  -1  -2   0  -3  -1   2  -1  -4  -1  -2   15  11   4   0   0   3   0  30   4   0   5   0   3   1   3  14   2   0   2   1  0.38 0.31
  378 A     3  -2  -3  -2  -1   1  -1   1   1  -2  -1  -1   2  -3   0  -1   1  -4  -2   1   32   2   0   2   1   7   3   9   3   0   7   3   6   0   3   2   8   0   1  10  0.23 0.26
  379 F     0  -4  -3  -4  -4  -4  -4   0   1  -1   1  -2  -2   6  -1  -1  -2  -2   1  -1   10   0   1   0   0   0   0   9   4   1  16   3   0  37   3   4   2   0   4   4  0.56 0.38
  380 L     0  -1  -2  -3  -4   0  -2  -2   6  -2   1  -2  -2  -2   2   2   1  -4   0  -1    7   3   0   0   0   4   0   1  23   1  14   2   0   1  12  17   7   0   3   3  0.46 0.38
  381 A     3  -2   0  -2  -3   0  -2   2   0  -2   0  -2  -2  -2  -1   2   1  -3  -1  -1   27   2   3   2   0   3   0  16   3   0  12   0   0   2   3  15   8   0   2   2  0.25 0.25
  382 Q     0   1  -1  -3  -4   4   0   0   3  -4  -3   0  -1  -4   3   1  -1  -4   0  -4    7   6   2   0   0  25   3   9   7   0   2   3   2   0  18   9   2   0   3   0  0.49 0.36
  383 G     0  -1   2  -2  -3   0  -1   3   1  -2   0  -2  -1   0   0   1  -1   1   0  -2    5   2  10   0   0   5   2  30   3   2  10   0   1   4   5  12   2   2   3   2  0.26 0.23
  384 S     1  -1  -1  -3   0  -1  -2   0   0  -1   0  -2   0   0   2   3   0  -3   0  -2   12   4   2   0   2   1   0   6   3   4   8   0   3   5   9  32   4   0   3   2  0.25 0.27
  385 L     0   0  -2  -3  -1   0  -2   0  -1   0   3  -2   1   0   1   0  -1  -3   0   0    6   5   2   0   2   6   0   7   1   3  36   0   4   2   6   6   3   0   4   5  0.17 0.20
  386 L    -1  -1   0  -2  -3   1  -1   0   0  -1   2  -2  -1   0   1   0   0  -3   0  -1    3   2   6   1   0  10   4   7   2   2  33   1   0   3   9   7   4   0   3   2  0.16 0.20
  387 N    -1   1   5   0  -3   0  -1   1   2  -4  -4  -2  -3  -3   0   2   0  -3   1  -3    2   7  30   4   0   4   3  11   4   0   1   1   0   0   5  16   4   0   6   1  0.46 0.32
  388 M    -1   0   1  -2   2   1  -2   0   2   0  -1  -1   1   1   1   0   0  -2   1   0    1   7   7   0   7   7   0   7   7   7   1   0   7   7   7   7   7   0   7   7  0.10 0.16
  389 R     1   2   2   0   1  -1   0   0   1  -2   0  -1  -1  -2   0   1   0  -2   1  -1   13  14  11   3   3   0   5   5   4   0  10   0   0   0   4  13   3   0   6   4  0.10 0.14
  390 S     0   0   0  -2  -3   0  -2   0   4  -1  -2  -1  -2   1   1   2   0  -3   1  -2    8   5   4   0   0   4   0   8  13   4   4   0   0   6   8  23   4   0   6   0  0.23 0.22
  391 F     0  -3  -1  -3   2  -2  -1   0   3  -1   0  -2   0   3   1   0  -1  -2   3  -1    8   0   3   0   6   0   3   6  10   3  11   0   2  13   9   6   2   0  13   4  0.20 0.19
  392 L     0   0   0   0  -1  -1  -2   0   0  -1   2  -2   0   0   2   0   0  -3  -2   0    9   5   4   4   1   2   0   7   2   2  25   0   2   5  10   8   7   0   0   4  0.09 0.13
  393 G     1   0   1  -3  -3  -1  -2   4   1  -3  -1  -2   1  -1   1   0  -2   2  -3  -3   10   6   6   0   0   2   0  36   4   0   7   0   5   2   8   7   0   3   0   0  0.40 0.27
  394 V    -1   1  -2  -2   0  -2  -2   1   1   0   1  -2   0  -2   0   1   0  -3   0   1    3   9   0   0   2   0   1  15   4   5  18   0   3   0   5  15   4   0   4  11  0.11 0.16
  395 G     2  -1   2  -2  -2   1   0   1   1  -1  -2  -1  -1  -2   0   2   0  -3  -2  -2   18   3  11   0   0   6   4  12   3   4   2   1   2   2   4  18   6   0   0   1  0.19 0.18
  396 A     1  -1   1  -1   0   2   1   0   3  -2  -3  -1  -2  -1   2   1  -1  -3  -1  -2   16   2   5   2   2   9  10   6  10   2   0   0   0   3  11  15   3   0   2   1  0.25 0.22
  397 P     1  -3  -1  -3  -4   2  -2  -1   1  -3  -1  -3  -3  -4   5   1  -1  -5  -4  -1   15   0   3   0   0  11   0   4   3   0   8   0   0   0  34  12   4   0   0   5  0.67 0.41
  398 H     1  -2  -2  -2   2   0   0   1   5  -2  -1  -1  -2  -1  -1   1  -1  -3   0  -1   10   0   0   0   5   3   8  14  21   2   5   3   0   3   3  12   3   0   2   6  0.27 0.24
  399 A     2  -2  -1  -2  -2  -1  -2   0   3  -1   0  -2   0   0  -1   2   1  -3  -2   1   17   0   2   0   0   2   0   7  11   3   9   0   2   4   2  20   9   0   0  10  0.19 0.21
  400 A     3  -1  -1  -3   1   0  -1   0   3  -1   0  -2  -2  -3  -1   1  -1  -4  -2   0   37   3   2   0   3   5   3   6   8   4   9   0   0   0   2  12   0   0   0   5  0.27 0.26
  401 P     0  -1  -1  -3   1   0  -1   1   2  -3  -1  -1  -2  -4   5   0  -1  -4  -3  -2    7   3   2   0   3   4   3  11   6   0   8   2   0   0  34   8   3   0   0   3  0.55 0.30
  402 H    -1   0   1  -2   1   0  -2   2   3  -2   1  -2  -1  -1   1   0  -1  -3   0  -2    5   6   9   0   3   4   0  21   9   0  15   0   1   3   9   7   2   0   4   0  0.19 0.20
  403 G     0  -2   1  -2  -3   0  -2   3   1  -1  -2  -2   0   2   0   1   0  -2   0  -1    8   0   8   0   0   6   0  23   4   3   1   0   2  12   4  12   7   0   4   4  0.20 0.18
  404 P    -1  -1   1   0  -1  -1  -2   2   3  -3  -1  -2   0  -3   5   0   0  -4  -3  -3    3   4   9   5   2   2   0  17   8   0   6   0   3   0  29   6   5   0   0   0  0.49 0.27
  405 H    -1   0   0   1  -3   0   1   0   6  -1  -1  -1   0  -2   1   0  -1  -3  -1  -2    5   6   5  10   0   2   7   7  26   5   5   1   2   2   7   7   2   0   0   1  0.31 0.22
  406 L     0  -1  -2  -2  -2   1  -1   1   1  -1   1   0  -1   1   0   0   0  -2   0   1    6   2   0   0   0   9   1  11   5   0  19   5   0   7   4   8   6   0   3  12  0.06 0.12
  407 P     0   0  -2  -1  -3   4  -1  -1  -1  -2  -2  -1  -2  -4   4   1   1  -4  -3  -3    6   5   0   2   0  26   2   3   2   3   4   0   0   0  27   9   9   0   0   0  0.58 0.34
  408 A     2  -2  -1   0  -1  -1   0  -1   2  -3  -2  -1  -2   0   2   1   2  -4  -2  -2   22   0   2   5   1   2   6   3   8   0   2   2   0   6  11   9  20   0   0   0  0.27 0.24
  409 P     2  -2  -1   2  -3   1  -1   2   3  -4  -4  -1  -3  -4   3   0   0  -4  -3  -3   18   0   2  14   0   9   0  14  11   0   0   2   0   0  16   5   8   0   0   0  0.45 0.30
  410 P     0  -1  -2  -3  -3   2  -2   0   4  -2  -3  -2  -2  -1   3   1   2  -4  -2   1    8   2   0   0   0  10   0   8  13   0   0   0   0   3  13  10  17   0   0  15  0.31 0.27
  411 P    -1   2  -3  -3  -4   2  -1  -2  -1  -3  -2  -2   0  -1   6  -1   0  -4  -3  -1    5  13   0   0   0   9   3   2   2   0   3   0   3   2  44   2   6   0   0   5  0.84 0.40
  412 P     0  -2   0   0   2   3   0  -3   0  -3  -2  -2  -3  -4   5   1   0  -4  -3  -2    9   0   4   4   4  16   5   0   3   0   4   0   0   0  30  13   4   0   0   3  0.55 0.32
  413 Q     0   1   1  -1   0   3  -1  -1   0  -3  -2  -1  -2  -3   2   2   1  -3  -1  -3    8  10   5   3   3  20   0   3   3   0   3   0   0   0   9  19  11   0   2   0  0.29 0.25
  414 P     1  -2  -2   0   0   0   0  -2   2  -2   0  -2   0  -3   4   0   1  -3  -2   0   12   0   0   6   3   3   5   0   6   0  12   0   4   0  22   8  11   0   0   8  0.29 0.20
  415 P     1  -2   0   0   1   0  -1  -2  -2  -2  -1   0   0   1   4   2   0  -3  -2   0   13   0   4   4   3   5   0   1   0   0   5   4   2   7  20  17   6   0   0   7  0.27 0.20
  416 V     2   0  -1  -2   0   0  -1   0  -2  -1   0   0  -1   0   2   0   1  -2   0   0   23   4   2   0   2   5   3   8   0   0   8   5   0   5  11   3   9   0   3   8  0.11 0.12
  417 A     2  -2   0  -2  -2   0  -1   0   2  -2   0   0   1  -2   2   2   0  -3  -2  -1   22   0   5   0   0   4   0   5   8   0   9   4   6   0   9  16   4   0   0   4  0.18 0.19
  418 I     0   1   0  -1  -2   1  -1   0   1   0  -1   0  -2  -2   1   2   0  -3   1   0    9  11   5   2   0   8   0   5   4   5   3   4   0   0   8  18   4   0   6   7  0.12 0.14
  419 A     2   0   2   0   0   0   0   0  -2  -1  -2  -1   0  -1   3   0   0   0  -2  -1   20   6  13   3   2   5   4   5   0   3   1   0   3   2  15   4   5   2   0   5  0.20 0.17
  420 P     0  -2   0  -2  -2   1  -1  -1   1  -1   0   0   0  -2   3   1   2  -3  -1   0    9   0   3   0   0   9   0   4   4   3   8   6   2   0  15  13  14   0   3   6  0.19 0.17
  421 G     1  -1   1  -2   0  -2   0   3  -2  -2  -1  -2  -2  -3  -3   2   2   1  -3  -1    9   3   7   0   2   0   8  25   0   0   6   0   0   0   0  15  15   3   0   5  0.27 0.23
  422 A     1  -2  -1  -2  -2  -2   0  -2  -3   0  -2  -1   0  -3   3   2   1  -3   0   2   16   0   3   0   0   0   5   2   0   3   0   2   2   0  16  16  11   0   4  19  0.30 0.25
  423 L    -1   0  -1  -1  -3  -1   0  -3   2  -1   2   1   1   1  -1  -1   0  -3   0  -1    4   4   3   2   0   2   8   0   7   0  33   9   2   5   3   5   7   0   3   2  0.14 0.17
  424 N    -1   0   1   1  -3  -1   1  -1   2  -3  -3  -1  -3   0  -1   3   1  -3   0  -3    2   4   6   9   0   0  11   4   7   0   2   3   0   5   3  32   8   0   3   0  0.30 0.25
  425 G     1   0   0   0  -3  -1   0   3   2  -3  -2   0  -2  -3  -2   2   0  -4  -3  -2   12   6   3   4   0   0   4  24   7   0   3   7   0   0   0  22   4   0   0   3  0.29 0.22
  426 D     1   0   1   2  -3   1   1  -1  -2  -2  -2   0  -2  -3  -2   0   2  -3   0  -1   13   6   5  16   0   9  12   2   0   0   3   6   0   0   0   4  17   0   3   3  0.23 0.19
  427 K     1   1   1   0  -3   1   1  -1   1  -2  -2   3  -2  -2   0  -1  -1  -3   0  -1   14   9   8   3   0   8   8   5   3   1   4  22   0   0   3   1   3   0   4   4  0.18 0.14
  428 A     2  -2  -1   0  -3  -1   1   0  -2  -3  -3   0  -2  -1   3   2  -1  -3   0  -2   19   0   0   6   0   0  13   6   0   0   1   5   0   3  16  22   2   0   4   1  0.34 0.23
  429 S     1  -2  -1  -1  -3  -2  -1  -1   2  -3  -1  -2  -2  -1   3   4   0  -3  -2  -2   11   1   0   3   0   0   4   3   6   1   8   1   0   2  16  39   4   0   0   1  0.44 0.29
  430 V     2  -1  -1   2  -2  -1   2  -1  -2  -2   0   0  -2  -1  -2   1  -1  -3  -2   0   20   3   0  13   0   0  16   3   0   0   8   7   0   4   0  15   0   0   0  10  0.17 0.17
  431 R     0   5   0  -2   1   0   0  -3   0  -3  -1   1  -2  -3   1   0  -1  -3   0  -1    7  40   3   0   4   3   3   1   2   0   5   7   0   0   8   5   4   0   3   3  0.42 0.25
  432 S    -1  -1  -2  -2   1  -2  -1  -1   3   0   0  -2  -1   2   0   2   1  -2   2  -2    4   3   0   0   3   0   3   5   8   5   9   0   0   9   4  27   9   0  10   0  0.19 0.20
  433 S     1  -1  -1  -1  -2   2   1  -2   3  -2  -2  -1  -1   2  -2   1   1  -1   2  -1   12   1   0   1   0  12  12   1  11   1   1   1   0  12   1  12  12   0  11   1  0.19 0.10
  434 P     1   1   1  -1  -3   1  -1  -2  -1  -3  -3   1  -2  -2   5   0  -1  -3   0  -2   11   9   8   1   0   6   1   1   0   1   1  10   0   0  36   9   1   0   5   1  0.58 0.16
  435 T     0   2  -1  -1  -2   1  -1  -2   1  -2  -1   1  -1  -2   4   1   1  -3  -2  -1    6  12   0   1   0   7   1   1   4   1   6  10   0   0  21  14   8   0   0   6  0.29 0.10
  436 L     0   1  -1   0  -2   1   0   0   3  -2   1   0  -1  -2  -2   1   0  -3  -1  -1    7  11   0   5   0   5   5   5  14   1  18   5   0   0   1  15   8   0   0   1  0.13 0.10
  437 P     1  -1  -1   1  -2   2   0  -2  -2   0   0  -1  -1  -2   2   1   0  -3  -2   1   12   1   0   7   0  19   1   1   0   4   8   1   0   0  12  16   5   0   0  12  0.19 0.12
  438 E     0  -1   1   2  -2   2   2   0  -1  -1  -1  -1  -1  -2  -2   0  -1  -3  -2   0    8   1   5  13   0  14  23   8   0   3   6   1   0   0   1   6   1   0   0  10  0.19 0.11
  439 R    -1   3   0   2  -3   1   0   0   0  -3  -3   1  -2  -3   1   0   1  -3   0  -2    1  25   4  12   0   8   1   6   2   1   1   9   0   0   6   8  10   0   4   1  0.27 0.13
  440 D     0  -1  -1   2  -3   1   2   1  -2  -1   0   1   0  -2   1  -1  -1  -3  -2  -1    6   0   0  17   0   7  17  10   0   4  12  10   4   0   7   0   0   0   0   5  0.17 0.11
  441 L     0   3   3  -1  -3   1   0   0  -1  -1   0   0  -1  -2  -2   0  -1  -3  -2   0    6  21  19   0   0   8   6   9   0   2  13   0   0   0   0   4   0   0   0  11  0.17 0.14
  442 V    -1   0  -1   0   3  -1  -1  -1  -2   1   1  -1   1  -2  -2   0   1  -3  -2   2    1   7   0   5  10   0   5   6   0   7  12   1   4   0   0   7  14   0   0  19  0.10 0.10
  443 P     0   2  -1   0  -2  -1   0  -1  -2  -1  -1   0  -2  -3   4   1  -1  -3  -2  -1    7  13   0   7   0   0   5   5   0   4   6   5   0   0  28  12   2   0   0   4  0.38 0.14
  444 R     0   3   1   0  -2   0  -1  -2   2  -3  -1   0  -2  -3   2   2   0  -3  -2  -2    8  26   9   5   0   4   1   1   6   1   6   1   0   0  10  21   2   0   0   1  0.28 0.15
  445 P    -1   1  -2  -2  -2   1  -1  -2  -2   0   0   0  -1  -2   4   1   0  -3   0   0    1   9   0   0   0   8   0   1   0   6   8   5   0   0  27  13   5   0   5  11  0.34 0.15
  446 D    -1  -1   0   3  -3   1   2   0   1  -2   0  -1  -2  -3   0   1  -1  -3  -2  -1    1   1   0  24   0   5  20   7   5   1  10   1   0   0   5  14   1   0   0   5  0.25 0.14
  447 S     0  -1   1  -1  -2  -1  -1   0   1  -2  -1   0   1  -2  -2   3   2  -3  -2   0    1   1   5   1   0   0   1   5   5   1   6   5   4   0   1  44  12   0   0   8  0.28 0.19
  448 P    -1  -3  -3  -2  -3  -2   1  -3  -3  -3  -3  -2  -3  -4   7  -1   2  -4  -3  -3    5   0   0   0   0   0  12   1   0   0   1   0   0   0  63   1  14   0   0   1  1.43 0.37
  449 A     0   0   0   0  -2   0  -1  -2   3   0  -2   1  -1  -2   3  -1   1  -3  -2   0    9   5   6   5   0   5   1   1  10  10   1   8   0   0  17   1  15   0   0   6  0.21 0.11
  450 Q    -1   0  -1   1  -3   4   0  -2   3  -2   0   2   1  -2   1  -1  -1  -2  -2  -2    1   1   1  10   0  33   1   1   9   1  11  14   6   1   8   1   1   0   0   1  0.32 0.16
  451 Q    -1   1  -1   0  -2   3   0  -2  -1  -1   0   1  -1  -2   1   1   1  -2  -2   0    1   6   1   6   0  28   1   1   0   1  13   6   0   0   7  11  12   0   0   6  0.20 0.12
  452 L    -2  -2   0  -3  -2  -2  -3  -4  -2   2   4   0   1   0  -3  -2  -2  -2   2   0    0   0   7   0   0   0   0   0   0  12  59   7   0   0   0   0   0   0  11   0  0.40 0.18
  453 K    -1   2   1  -1  -3   0   2  -2   2  -3  -1   4  -2  -3  -2   0   0  -4  -2  -3    0  14   6   0   0   0  12   0   7   0   6  44   0   0   0   7   6   0   0   0  0.43 0.17
  454 S     0   2  -1  -2  -2   1  -1  -2  -2  -3  -3   1  -2  -3   0   3   4  -3  -2  -2    5  11   0   0   0   7   0   0   0   0   0   7   0   0   2  32  36   0   0   0  0.45 0.20
  455 P     3  -3  -2  -2  -2  -2  -2  -2  -3  -3  -3  -2  -3  -4   6   1   0  -4  -3  -2   36   0   0   0   0   0   0   0   0   0   0   0   0   0  49   8   7   0   0   0  1.10 0.27
  456 F    -3  -3   0  -3  -3  -3  -3  -4  -2  -1   0  -3  -1   6   1  -3  -2  -1   1   0    0   0   8   0   0   0   0   0   0   0   8   0   0  68   8   0   0   0   0   8  0.82 0.23
  457 Q    -2   2  -1  -1  -4   6   0  -3   3  -4  -3   1  -2  -4   1   0  -1  -3  -2  -3    0  10   0   0   0  58   0   0  11   0   0   6   0   0   6   8   0   0   0   0  0.75 0.24
  458 P    -1   1  -3  -3  -4   1  -2  -3  -3  -3  -2  -1  -2  -4   7  -2  -2  -4  -3  -1    3   8   0   0   0   8   0   0   0   0   5   0   0   0  70   0   0   0   0   6  1.45 0.26
  459 V    -1  -3  -3  -4  -2  -3  -3  -4   2   2   1  -3   0  -1   1  -2  -1  -3  -2   4    2   0   0   0   0   0   0   0   8  14  13   0   0   0   8   0   0   0   0  55  0.43 0.16
  460 R     0   3   1  -1  -3   2   0  -2   5  -3  -3   0  -2  -3   2   1   0  -3  -1  -3    6  21  10   0   0  15   0   0  22   0   0   0   0   0  13   9   5   0   0   0  0.42 0.13
  461 D    -2   3   2   4  -4   2   1  -2  -1  -4  -3   2  -2  -4  -2   1  -1  -4  -3  -3    0  23   9  35   0   9   4   0   0   0   0  11   0   0   0  10   0   0   0   0  0.52 0.13
  462 N    -2   5   3  -1  -4   0  -1   1  -1  -4  -3   1  -2  -4   2  -1  -2  -4  -3  -3    0  51  21   0   0   0   0  14   0   0   0   2   0   0  11   0   0   0   0   0  0.63 0.16
  463 S     1  -2  -1  -1   2  -1  -1  -1  -2  -2  -3  -1  -2  -3   3   3   2  -3  -2  -2   14   0   0   0   7   0   0   0   0   0   0   0   0   0  20  44  16   0   0   0  0.51 0.12
  464 L    -1   1   2  -1  -2   4   0  -2  -1   0   1   0   0  -2  -2  -1  -1  -2  -2  -1    1  10  13   1   0  36   1   1   0   7  25   1   0   1   1   1   1   0   0   1  0.23 0.09
  465 A     2  -1   3   0  -1  -1  -1  -1  -1  -1  -2  -1  -1  -2  -1   2   0  -2  -2   0   21   1  30   1   0   1   1   1   0   1   2   1   0   1   1  22   1   0   1  12  0.23 0.07
  466 P    -1  -1  -1  -2  -3   2  -1  -3   6  -3  -3   1  -2  -3   5  -1  -1  -3  -1  -3    2   0   0   0   0  13   0   0  34   0   0  12   0   0  36   0   3   0   0   0  0.87 0.16
  467 Q    -2  -1  -1   1  -3   4   0  -3   4  -1   1  -1   0  -2  -1  -1  -1  -3  -1   0    0   0   0  12   0  36   0   0  18   0  25   0   0   0   3   0   0   0   0   7  0.31 0.12
  468 E    -1  -1   0   3  -3   3   4   0  -1  -4  -3   0  -2  -4  -2   1  -1  -3  -3  -3    0   0   0  26   0  19  36   6   0   0   0   0   0   0   0  13   0   0   0   0  0.56 0.11
  469 G     2   1  -1  -2  -2  -1  -1   3  -2  -3  -3  -1  -2  -3  -2   1   1  -3  -3  -2   33  13   0   0   0   0   0  33   0   0   0   0   0   0   0   8  14   0   0   0  0.39 0.09
  470 T     3  -2  -1  -2  -1   1  -1  -1  -2  -2  -2  -1  -1  -3  -2   1   4  -3  -2  -1   39   0   0   0   0   8   0   0   0   0   0   0   0   0   0   0  52   0   0   0  0.49 0.15
  471 P     0  -1  -1  -1  -2   3   0  -1  -1  -2  -2   0  -1  -2   5   1   0  -2  -2  -2    2   1   1   2   1  22   2   2   1   1   3   2   1   1  33  21   2   0   1   2  0.54 0.06
  472 R    -2   5  -1  -3  -3   0  -1  -3  -1  -1   1   1   2  -2  -3  -2  -2  -3  -2  -1    0  67   0   0   0   0   0   0   0   0  19   0  14   0   0   0   0   0   0   0  0.55 0.10
  473 I     1  -3  -3  -3  -1  -2  -3  -2  -3   3   1  -2   0  -1  -2  -1  -1  -3  -2   3   22   0   0   0   0   0   0   0   0  45   0   0   0   0   0   0   0   0   0  33  0.31 0.05
  474 L    -2  -3  -4  -4  -2  -3  -3  -4  -3   1   5  -3   2   0  -3  -3  -2  -2  -1   0    0   0   0   0   0   0   0   0   0   0 100   0   0   0   0   0   0   0   0   0  0.63 0.08
  475 A     2  -1   0  -1  -1   0  -1  -1  -1  -2  -2   1  -1  -3  -1   3   2  -3  -2  -1   27   0   0   0   0   0   0   0   0   0   0  12   0   0   0  45  16   0   0   0  0.34 0.05
  476 A     4  -2  -1  -2  -1  -1  -1   0  -2  -2  -2  -1  -1  -3  -1   2   1  -3  -2  -1   78   0   0   0   0   0   0   0   0   0   0   0   0   0   0  12  10   0   0   0  0.45 0.07
  477 L    -2  -3  -4  -4  -2  -3  -3  -4  -3   3   4  -3   2   0  -3  -3  -1  -2  -1   1    0   0   0   0   0   0   0   0   0  22  78   0   0   0   0   0   0   0   0   0  0.52 0.06
  478 P     0  -2   0  -1  -2  -1  -1  -1  -2  -3  -3  -1  -2  -3   5   4   0  -3  -2  -2    0   0   0   0   0   0   0   0   0   0   0   0   0   0  36  64   0   0   0   0  0.81 0.08
  479 S     1  -1   0  -1  -1   0  -1  -1  -1  -2  -3  -1  -2  -3  -1   4   2  -3  -2  -2    0   0   0   0   0   0   0   0   0   0   0   0   0   0   0  85  15   0   0   0  0.53 0.07
  480 A     3  -1  -1  -1  -1  -1  -1   0  -1  -2  -2  -1  -1  -3  -1   3   1  -3  -2  -1   56   0   0   0   0   0   0   0   0   0   0   0   0   0   0  44   0   0   0   0  0.41 0.04

                      K         Lambda
Standard Ungapped    0.1301     0.3106
Standard Gapped      0.0346     0.2670
PSI Ungapped         0.1131     0.3171
PSI Gapped           0.0346     0.2670
