
Last position-specific scoring matrix computed, weighted observed percentages rounded down, information per position, and relative weight of gapless real matches to pseudocounts
            A   R   N   D   C   Q   E   G   H   I   L   K   M   F   P   S   T   W   Y   V   A   R   N   D   C   Q   E   G   H   I   L   K   M   F   P   S   T   W   Y   V
    1 M    -1  -2  -3  -4  -2  -1  -2  -3  -2   2   2  -2   7   0  -3  -2  -1  -2  -1   1    0   0   0   0   0   0   0   0   0   5   0   0  87   0   0   0   0   0   0   9  0.46 0.03
    2 D    -2  -2   1   7  -4  -1   1  -2  -1  -4  -4  -1  -4  -4  -2  -1  -1  -5  -4  -4    0   0   0 100   0   0   0   0   0   0   0   0   0   0   0   0   0   0   0   0  1.07 0.04
    3 P    -1  -3  -2  -2  -3  -2  -1  -3  -3  -3  -3  -1  -3  -4   8  -1  -1  -4  -3  -3    0   0   0   0   0   0   0   0   0   0   0   0   0   0 100   0   0   0   0   0  2.15 0.04
    4 N    -2  -1   6   1  -3   0  -1  -1   0  -4  -4   0  -3  -3  -2   1   0  -4  -3  -3    0   0  90   0   0   0   0   0   0   0   0   0   0   0   0  10   0   0   0   0  0.81 0.05
    5 C    -1  -4  -4  -4  10  -4  -5  -3  -4  -2  -2  -4  -2  -3  -4  -2  -2  -3  -3  -2    0   0   0   0 100   0   0   0   0   0   0   0   0   0   0   0   0   0   0   0  1.92 0.15
    6 S     1  -2   0  -1   1  -1  -1   2  -2  -2  -2  -1  -2  -3  -2   4   1  -3  -2   0    0   0   0   0   3   0   0  15   0   0   0   0   0   0   0  70   0   0   0  12  0.40 0.07
    7 C    -1  -2  -3  -4  10  -3  -4   0  -4  -2  -2  -3  -2  -3  -4  -2  -2  -3  -3  -2    0   4   0   0  89   0   0   7   0   0   0   0   0   0   0   0   0   0   0   0  1.62 0.15
    8 S     2  -2  -1  -2  -1  -1  -1  -1  -2  -1   0  -1  -1  -2   3   2   2  -3  -2   0   29   0   0   0   0   0   0   0   0   2  13   0   0   0  16  18  20   0   0   2  0.29 0.05
    9 P     1  -1   0  -1  -2   1  -1  -1  -2  -2  -2   1  -2  -3   2   2   3  -3  -2  -1   13   0   0   0   0   6   0   0   0   0   0  11   0   0  12  28  30   0   0   0  0.35 0.05
   10 V     0  -1   0   2  -3  -2  -1   5  -2  -4  -4  -1  -3  -4  -2   1  -1  -3  -3  -3    0   4   0  13   0   0   0  70   0   0   0   0   0   0   0  11   0   0   0   2  0.75 0.07
   11 G     0  -2   2   0  -3  -2  -2   5  -2  -2  -3  -2  -2  -3  -2   0   1  -3  -3  -1    3   0  13   4   0   0   0  59   0   0   0   0   0   0   0   0  14   0   0   8  0.56 0.06
   12 S     0  -1   0  -1  -2   1  -1  -1  -1  -1  -2  -1  -1  -1   0   4   1  -2   2  -1    0   0   0   0   0  11   0   0   0   7   0   0   0   0   4  60   5   0  13   0  0.33 0.07
   13 C    -1  -5  -4  -5  10  -4  -5  -4  -4  -2  -2  -4  -2  -3  -4  -2  -2  -3  -3  -2    0   0   0   0 100   0   0   0   0   0   0   0   0   0   0   0   0   0   0   0  2.05 0.18
   14 A     1  -2   0  -1  -1  -1  -1   2  -2  -1  -2  -1  -1  -3  -2   3   3  -3  -2  -1   10   0   0   0   0   0   0  15   0   6   0   0   0   0   0  33  34   0   0   2  0.32 0.06
   15 C    -1  -4  -3  -4  10  -4  -4   1  -4  -2  -2  -4  -2  -3  -4  -2  -2  -3  -3  -2    0   0   0   0  88   0   0  12   0   0   0   0   0   0   0   0   0   0   0   0  1.65 0.15
   16 A     3  -2  -1   2   1  -1  -1   1  -2  -2  -2  -1  -2  -3   0   1   0  -3  -3   0   47   0   0  20   3   0   0  10   0   0   0   0   0   0   3   7   4   0   0   6  0.27 0.05
   17 G     1  -1   0   1  -2  -1  -1   5  -2  -4  -4   0  -3  -3  -2   1  -1  -3  -3  -3   12   2   0  10   0   0   0  54   0   0   0   8   0   0   0  15   0   0   0   0  0.55 0.06
   18 S     1  -1   2  -1  -2  -1  -1  -1  -1  -3  -1  -1  -2  -3  -2   5   1  -3  -2  -2    3   0  13   0   0   0   0   0   0   0   8   0   0   0   0  76   0   0   0   0  0.50 0.10
   19 C    -1  -4  -3  -4  10  -4  -4  -3  -4  -2  -2  -4  -2  -3  -4  -1   1  -3  -3  -2    0   0   0   0  90   0   0   0   0   0   0   0   0   0   0   0  10   0   0   0  1.71 0.16
   20 K     0   2   0  -1  -3   2   0  -2  -1  -3  -3   4  -2  -4  -2   1   0  -3  -2  -2    2   8   0   0   0  12   0   0   0   0   0  59   0   0   0  13   7   0   0   0  0.47 0.07
   21 C     0  -4  -3  -4   9  -3  -4  -3  -3  -2  -2  -3  -2  -2   2  -1  -2   2   1  -2   10   0   0   0  68   0   0   0   0   0   0   0   0   0  12   0   0   4   6   0  1.14 0.12
   22 K    -1   0  -1  -2   5   1   0  -2  -2  -3  -3   4  -2  -3  -2   1   1  -3  -2  -2    0   0   0   0  22   8   0   0   0   0   0  48   0   0   0   8  14   0   0   0  0.44 0.08
   23 E    -1  -1   2   3  -3   2   3  -2  -1  -3  -3   0  -2  -4  -2   1   1  -4  -3  -3    2   0  10  23   0   9  34   0   0   0   0   0   0   0   0  12  10   0   0   0  0.45 0.05
   24 C    -1  -5  -4  -5  10  -4  -5  -4  -4  -2  -2  -4  -2  -3  -4  -2  -2  -3  -3  -2    0   0   0   0 100   0   0   0   0   0   0   0   0   0   0   0   0   0   0   0  2.05 0.18
   25 K     1   3   1  -1  -3   1   0  -2  -1  -3  -3   4  -2  -3  -2   1  -1  -3  -2  -2   12  19   6   0   0   0   0   0   0   0   0  53   0   0   0  10   0   0   0   0  0.45 0.07
   26 C    -1  -4   1  -3   9  -3  -4   1  -3  -2  -2  -3  -2  -3  -4  -1  -2  -3  -1  -2    0   0  10   0  74   0   0  12   0   0   0   0   0   0   0   0   0   0   4   0  1.22 0.13
   27 T    -1   0   0   1  -2   0   0  -2  -2  -2  -2   3  -2  -3  -2   1   4  -3  -2  -1    0   0   0  10   0   0   0   0   0   0   0  28   0   0   0  11  51   0   0   0  0.40 0.08
   28 S     0   0   0  -1  -2   3   0  -1  -1  -3  -3   1  -2  -3  -1   4   2  -3  -2  -2    0   0   0   0   0  22   0   0   0   0   0   8   0   0   0  60  10   0   0   0  0.47 0.09
   29 C    -1  -4  -4  -5  10  -4  -5  -4  -4  -2  -2  -4  -2   0  -4  -2  -2  -3  -3  -2    0   0   0   0  94   0   0   0   0   0   0   0   0   6   0   0   0   0   0   0  1.83 0.16
   30 K    -1   3  -1  -1  -4   2   0   1  -1  -3  -2   4  -2  -3  -2  -1  -1  -3  -2  -3    0  13   0   0   0   8   2  12   0   0   6  59   0   0   0   0   0   0   0   0  0.45 0.07
   31 K    -1   1  -1  -1  -3   0   0  -2  -2  -2  -1   5  -1  -3  -2   0   2  -3  -2  -2    0   0   0   0   0   0   0   0   0   0   6  72   0   0   0   0  22   0   0   0  0.52 0.10
   32 S     0   0   2  -1  -2  -1  -1   0  -1  -2  -3  -1  -2  -3  -2   4   2  -3  -2  -2    0   6  12   0   0   0   0   3   0   2   0   0   0   0   0  64  13   0   0   0  0.44 0.08
   33 C    -1  -1  -2  -2   9   1   0  -3  -2  -2  -2  -2  -2  -3  -3   1  -1  -3  -3  -2    0   2   0   0  65  12   7   0   0   0   0   0   0   0   0  14   0   0   0   0  0.98 0.11
   34 C    -1  -4  -4  -5  10  -4  -5  -4  -4  -2  -1  -4  -2  -3  -4  -2  -2  -3  -3  -2    0   0   0   0  95   0   0   0   0   0   5   0   0   0   0   0   0   0   0   0  1.86 0.16
   35 S     1  -1   0  -1  -2   1  -1   2  -1  -3  -3  -1  -2  -2   1   3   1  -3  -2  -2   11   0   0   0   0  10   0  18   0   0   0   0   0   2   6  43  11   0   0   0  0.33 0.05
   36 C    -1  -3  -2  -3   9  -3  -3  -3  -3  -2  -2  -3  -2  -3  -3   0   0  -3  -3  -1    1   1   1   1  79   1   1   1   0   1   1   1   0   0   1   5   5   0   0   1  1.31 0.12
   37 C    -1  -3  -3  -3  10  -3  -3  -3  -3  -2  -2  -3  -2   0  -3  -1  -1  -2  -2  -1    1   1   1   1  81   1   1   1   0   1   1   1   0   6   1   1   1   0   0   1  1.31 0.11
   38 P    -1  -2  -2  -2  -3  -1  -1  -2  -2  -3  -3  -1  -2  -3   8   0  -1  -3  -3  -2    1   1   1   1   0   1   1   1   0   1   1   1   0   1  80   8   1   0   0   1  1.62 0.09
   39 V     1  -2  -2  -2  -2   2   0  -2  -2   1   0  -1   1  -2   3  -1  -1  -3  -2   3   14   0   0   0   0  16   3   0   0   0   0   0   8   0  16   0   0   0   0  43  0.26 0.05
   40 G     0  -2   0   0  -3  -1   0   5  -2  -3  -4  -1  -3  -3  -2   2   1  -3  -3  -3    0   0   0   2   0   0   9  60   0   0   0   0   0   0   0  18  11   0   0   0  0.63 0.06
   41 C     1  -4  -3  -4  10  -4  -4  -3  -4  -2  -2  -4  -2  -3  -3  -1  -2  -3  -3  -2   11   0   0   0  89   0   0   0   0   0   0   0   0   0   0   0   0   0   0   0  1.65 0.14
   42 A     3  -2   0  -1  -2  -1   1   2  -2  -1  -2  -1  -2  -3   2   1  -1  -3  -2   0   42   0   5   0   0   0  11  16   0   0   0   0   0   0   9   6   0   0   0  11  0.25 0.04
   43 K    -1   2   1  -1  -3   1   0  -1  -1  -3  -3   5  -2  -4  -2   0   1  -4  -2  -2    0   4   5   0   0   0   0   2   0   0   0  72   0   0   0   0  16   0   0   0  0.53 0.08
   44 C    -1  -4  -3  -4  10  -3  -4  -1  -4  -2  -2  -3  -2  -3  -3   0  -1  -3  -3  -2    0   0   0   0  86   0   0   3   0   0   0   0   0   0   0  11   0   0   0   0  1.52 0.14
   45 A     4  -2  -1  -2  -1  -1  -1   2  -2  -2  -2  -1  -2  -3  -1   2   1  -3  -2  -1   58   0   0   0   0   0   0  16   0   0   0   0   0   0   0  21   5   0   0   0  0.42 0.06
   46 Q     1   0  -1   0  -3   5   1  -2   1  -3  -1   2  -1  -3  -2   0  -1  -3  -2  -2   16   0   0   5   0  55   0   0   3   0   5  17   0   0   0   0   0   0   0   0  0.45 0.08
   47 G     0  -3  -1  -2  -3  -2   0   6  -2  -4  -4  -2  -3  -4  -3  -1  -2  -3  -4  -4    0   0   0   0   0   0   9  91   0   0   0   0   0   0   0   0   0   0   0   0  1.14 0.10
   48 C    -1  -4  -3  -4  10  -3  -4  -3  -4  -2  -2  -3  -2  -3  -3  -1   2  -3  -3  -1    0   0   0   0  84   0   0   0   0   0   0   0   0   0   0   0  16   0   0   0  1.52 0.14
   49 I     0  -3  -3  -2  -2  -2   0  -3  -3   4   1  -2   0  -1  -3  -2  -1  -3  -2   3    9   0   0   0   0   0  11   0   0  41   0   0   0   0   0   0   0   0   0  40  0.31 0.06
   50 C    -1  -4  -3  -4  10  -4  -4   0  -4  -2  -2  -4  -2  -3  -4  -2  -2  -3  -3  -2    0   0   0   0  91   0   0   9   0   0   0   0   0   0   0   0   0   0   0   0  1.69 0.15
   51 K    -1   1  -1  -1  -3   1   0  -2  -1  -3  -3   5  -2  -4  -2   1  -1  -4  -2  -3    0   0   0   0   0   0   0   0   0   0   0  84   0   0   0  16   0   0   0   0  0.67 0.10
   52 G    -1  -2  -1  -1  -3  -1   1   5   3  -4  -4  -1  -3  -4   0  -1  -2  -3  -2  -4    0   0   0   0   0   0  18  66  11   0   0   0   0   0   5   0   0   0   0   0  0.73 0.07
   53 T     3  -1  -1  -2  -1  -1  -1   2  -2  -1  -1   0  -1  -2   1   0   0  -3  -2   0   39   0   0   0   0   0   1  20   0   0   1   9   2   0   5   2   5   0   0  13  0.20 0.03
   54 S     0  -2   1  -1  -2  -1  -1  -1  -2   0   0  -1  -1  -2  -1   4   1  -3  -2  -1    2   0   9   0   0   0   0   0   0  11  10   0   0   0   2  59   7   0   0   0  0.28 0.06
   55 D    -1  -1   1   4  -2   0   2  -1  -1  -2  -1  -1  -1  -2  -1   1  -1  -3  -2  -2    1   1   4  43   0   1  17   4   0   1  12   1   0   1   1  10   1   0   1   1  0.35 0.04
   56 K    -1   1   0  -1  -3   1   0  -2  -1  -3  -2   5  -2  -3  -1   0   0  -3  -2  -2    1   1   3   1   0   1   1   1   0   1   1  80   0   1   1   1   3   0   1   1  0.54 0.07
   57 C    -1  -4  -3  -4  10  -4  -4   0  -4  -2  -2  -4  -2  -3  -4  -2  -2  -3  -3  -2    0   0   0   0  91   0   0   9   0   0   0   0   0   0   0   0   0   0   0   0  1.69 0.15
   58 S     0   0   1   1  -2  -1  -1   1  -2  -1  -2  -1  -2  -3  -2   3   1  -3  -2   0    0   4   4  11   0   0   0   9   0   0   0   0   0   0   0  49   8   0   0  16  0.24 0.05
   59 C    -1  -4  -3  -4  10  -4  -4  -3  -4  -2  -2  -4  -2  -3   3  -2  -2  -3  -3  -2    0   0   0   0  84   0   0   0   0   0   0   0   0   0  16   0   0   0   0   0  1.60 0.14
   60 C    -1  -4  -4  -4  10  -4  -5  -3  -4  -2  -2  -4  -2  -3  -4  -2  -2  -3  -3  -2    0   0   0   0 100   0   0   0   0   0   0   0   0   0   0   0   0   0   0   0  1.90 0.14
   61 A     5  -2  -2  -2  -1  -1  -1   0  -2  -2  -2  -1  -1  -3  -1   1   0  -3  -2   0  100   0   0   0   0   0   0   0   0   0   0   0   0   0   0   0   0   0   0   0  0.48 0.03

                      K         Lambda
Standard Ungapped    0.1338     0.3274
Standard Gapped      0.0428     0.2670
PSI Ungapped         0.1397     0.3174
PSI Gapped           0.0428     0.2670
