
Last position-specific scoring matrix computed, weighted observed percentages rounded down, information per position, and relative weight of gapless real matches to pseudocounts
            A   R   N   D   C   Q   E   G   H   I   L   K   M   F   P   S   T   W   Y   V   A   R   N   D   C   Q   E   G   H   I   L   K   M   F   P   S   T   W   Y   V
    1 M    -3  -3  -4  -5  -3  -3  -4  -5  -4   2   3  -3   8  -1  -4  -3  -2  -3  -3   1    0   0   0   0   0   0   0   0   0   8  27   0  58   0   0   0   0   0   0   7  1.12 0.30
    2 P     4  -5  -5  -3  -5  -4  -4  -3  -2  -5  -6  -3  -5  -6   7  -1  -2  -7  -6  -4   33   0   0   1   0   0   0   1   1   0   0   1   0   0  59   3   1   0   0   1  1.76 0.57
    3 D    -6  -3   8   0  -7  -1  -3  -4   5   1  -5  -4  -3  -6  -6  -4  -3  -7  -4  -2    0   1  64   4   0   2   1   0  13   8   1   0   1   0   0   0   1   0   0   3  1.71 0.73
    4 E     1  -2   1  -1  -4  -2  -3  -3  -1  -4  -4  -3  -4  -4  -1   4   5  -4  -3  -4   13   2   6   4   0   1   1   1   1   0   1   1   0   0   3  29  35   0   1   0  0.80 0.50
    5 L    -3   3  -4  -5  -3  -2  -2  -5  -3   4   2   1   0  -3  -2  -3  -2  -3  -3   2    1  16   0   0   0   1   2   0   0  22  24   9   2   0   2   1   2   0   0  14  0.48 0.32
    6 K     0   2   0  -1  -4   0   1  -1   1  -3  -3   2  -3  -3  -2   2   2   0  -3  -2    9  13   4   3   0   3  10   3   4   1   2  11   0   1   1  19  12   1   0   2  0.26 0.23
    7 P    -2   4   1  -2  -5   3  -1   2  -1  -4  -4   0  -1  -5   0   0   1  -3  -5  -4    3  22   7   1   0  16   3  19   1   0   1   5   1   0   4   5  11   0   0   1  0.51 0.35
    8 H     3  -3  -2   3  -3  -2  -2  -3   2  -4  -6  -3  -5  -6  -4   5   0  -6  -3  -4   29   1   1  15   0   1   2   0   4   1   0   1   0   0   0  39   4   0   1   1  0.88 0.54
    9 F     0   6  -3  -2  -3   1  -1  -3  -2  -4  -2   4  -3  -2  -4   0  -2  -6  -2  -3    8  40   1   2   1   5   3   1   1   1   4  21   0   2   1   6   2   0   1   1  0.77 0.44
   10 A     2   5  -2   0  -5   0   1  -3  -1  -2  -2   2  -3  -4  -4   0  -1  -3  -3  -3   19  29   1   6   0   4   9   1   1   2   4  14   0   0   0   7   3   0   0   1  0.49 0.34
   11 N     0  -4   8   0  -6   0  -2  -3   1  -5  -6  -3  -4  -7  -6  -2  -3  -4  -5  -1    9   0  66   4   0   4   2   1   4   0   0   1   0   0   0   2   1   0   0   5  1.61 0.74
   12 V     1  -6  -5  -4  -2  -5  -1  -4  -6   6  -1  -5  -2  -4  -5  -4  -3  -6  -5   3   14   0   1   1   1   0   5   1   0  52   4   0   0   0   0   1   1   0   0  20  1.14 0.54
   13 Q     2   2  -3  -2  -3   3   1  -1   1  -2  -2   0  -2  -4  -3   3  -2  -5  -3  -3   21  12   0   1   0  14   8   3   4   2   3   4   1   0   0  21   2   0   0   1  0.42 0.34
   14 A     2   1  -2   0  -1   1   0  -3   5  -3  -3  -1   0   1  -3   0  -2  -4   1  -3   22   9   1   5   2   6   6   1  18   1   1   3   2   6   1   8   2   0   5   1  0.39 0.28
   15 H    -4  -4  -3  -5  -8  -3  -5  -5  11  -6  -7  -6   0  -5  -7  -5  -4  -8  -4  -7    1   1   1   0   0   1   0   1  90   0   0   0   2   0   0   1   1   0   0   0  3.58 1.21
   16 Y    -5  -7  -5  -8   0  -7  -7  -8  -4  -7  -6  -7  -6  -2  -8  -3  -7  -3  10  -7    1   0   1   0   2   0   0   0   0   0   0   0   0   0   0   2   0   0  94   0  3.49 1.25
   17 D    -5  -6   2   8  -8  -3   2  -3  -5  -8  -8  -5  -4  -8  -6  -3  -5  -9  -8  -8    1   0   8  77   0   1  10   2   0   0   0   0   1   0   0   1   0   0   0   0  2.21 0.90
   18 L    -3   0  -4  -4  -3  -3  -4  -6  -4   2   5  -3   2  -3  -5  -4  -2  -5  -2   2    1   6   1   1   0   1   0   0   0  10  54   2   3   0   0   0   2   0   1  16  0.86 0.46
   19 S    -2  -3  -2   0  -5  -4  -2   5  -2  -6  -4  -3  -5  -6   3   4  -1  -6  -5  -5    1   1   1   5   0   0   2  38   1   0   1   1   0   0  14  30   2   0   0   0  0.94 0.52
   20 D     0  -3   7   2  -5  -3  -2  -2  -2  -4  -4  -3  -5  -6   0  -1   1  -6  -5  -4    7   1  56   9   0   1   2   2   1   1   2   1   0   0   5   4   8   0   0   1  1.23 0.60
   21 D     0   0  -1   6  -5  -1   4  -3  -2  -5  -5  -1  -5  -6  -2  -2  -2  -3  -5  -4    7   4   3  41   0   2  26   2   1   1   1   3   0   0   2   2   2   0   0   1  0.97 0.51
   22 F    -3  -5  -6  -6  -5  -5  -6  -6  -3   0   2  -5   4   7  -6  -5  -4   0   0  -1    2   0   0   0   0   0   0   0   1   3  21   0   9  52   0   0   1   1   2   3  1.47 0.62
   23 F    -4  -6  -6  -6  -6  -5  -6  -6  -2  -3  -2  -6  -1   7  -4  -5  -5  -1   8  -5    2   0   0   0   0   0   0   0   1   1   3   0   1  43   1   1   0   1  43   0  2.07 0.80
   24 R     1   3  -2  -1  -3   2   2  -1  -1  -3  -3   1  -2  -3  -2   1  -1   0  -3  -3   15  18   1   3   0   8  15   4   1   1   3   9   1   1   2  12   2   1   0   1  0.31 0.26
   25 L     1  -1  -1  -3  -1  -1  -2  -1  -1  -1   4  -1   1  -2  -2   0  -1   2   0  -2   13   3   3   1   2   3   2   4   2   3  41   3   2   1   2   6   3   3   4   1  0.28 0.25
   26 F    -3  -5  -5  -6  -1  -5  -5  -5  -3   0  -2  -4   5   7  -6  -3  -4   8   1   0    2   0   0   0   2   0   0   0   1   5   3   1  13  40   0   2   1  19   3   7  1.48 0.62
   27 L    -5  -5  -6  -6  -5  -1  -5  -6   0  -1   6  -5   1  -1  -6  -5  -3  -5  -4  -3    0   0   0   0   0   3   0   0   3   1  81   0   3   2   0   0   2   0   0   0  1.53 0.68
   28 D    -2  -5  -3   7  -2  -4  -1   4  -4  -6  -6  -4  -5  -6  -4   0  -4  -6  -5  -5    3   0   0  53   1   0   2  27   0   0   1   0   0   0   0   8   0   0   0   0  1.39 0.62
   29 P    -1   0  -2   1  -3   0   3  -3  -2  -5  -4   2  -4  -5   5   0  -2  -3  -4  -4    4   6   1   8   0   4  20   1   1   0   1  11   0   0  32   6   2   0   0   1  0.76 0.42
   30 T    -2   2  -1   2  -4  -1   0  -1   1  -4  -3  -2  -1  -3  -4   3   4   0  -1  -4    1  12   3  14   0   2   4   5   4   0   2   2   1   1   0  20  25   1   2   0  0.47 0.37
   31 Q    -5   1  -4  -6  -5  -2  -3  -3  -2  -3   2  -3  10  -3  -6  -5  -5   1   0  -3    0   7   1   0   0   2   2   3   1   1  15   1  58   1   0   0   0   2   3   1  1.81 0.83
   32 T     0  -3   1  -2   1   2  -3  -1  -1  -1  -2   1   3  -3  -4   0   4  -5  -4   0    8   0   7   2   3  10   0   4   1   3   4   8   7   1   0   5  30   0   0   7  0.37 0.33
   33 Y    -6  -4  -6  -4  -2  -6  -6  -5  -1  -6  -3  -6  -6  -1  -7  -6  -4  -3  10  -6    0   1   0   1   1   0   0   1   1   0   2   0   0   1   0   0   1   0  85   0  3.01 1.18
   34 S    -3  -5  -4  -5  -1  -5  -5  -3  -6  -6  -4  -5  -6  -6  -5   7   2  -7  -6  -3    2   0   0   0   1   0   0   2   0   0   2   0   0   0   0  75  12   0   0   2  1.80 0.95
   35 C     0  -4  -3  -6   9  -3  -2  -3  -2  -6  -6  -5  -2  -3  -6   4  -3  -6  -6  -5    8   1   1   0  44   1   3   2   1   0   0   0   1   1   0  30   1   0   0   0  1.79 0.86
   36 A     5  -5  -3  -5   2  -5  -5   4  -1  -6  -4  -5  -5  -6   0  -2  -2  -6  -6  -5   53   0   1   0   4   0   0  28   1   0   2   0   0   0   4   2   2   0   0   0  1.27 0.68
   37 Y    -4  -2  -4  -3   0  -3  -4  -8  -1   4   2  -3   1   1  -7  -4  -6   1   7   1    1   3   1   2   2   1   1   0   1  20  17   2   3   5   0   2   0   2  30   8  1.02 0.61
   38 F    -4  -4  -8  -9  -2  -8  -5  -5  -2  -2  -5  -4  -2   8  -4  -5  -5   8   4  -4    2   1   0   0   1   0   1   1   1   2   1   1   1  51   1   1   1  18  13   1  2.15 1.06
   39 E    -1   1  -1   2   1   0   3  -3   1  -3  -3   2  -2  -3   2   0   0  -8  -2  -4    5   6   3  10   3   4  16   3   3   2   3  14   1   1  10   6   5   0   2   2  0.31 0.29
   40 R    -1  -1   3   3  -7  -1   1  -1   2  -7  -4   0   0  -7  -1   1   1  -8  -1  -3    5   4  11  15   0   3   9   6   4   0   2   6   2   0   3  11  10   0   2   3  0.32 0.32
   41 D     0  -2  -1   2  -1  -1   1   2  -1  -3  -3  -1  -1  -2   4  -2   0   1  -2  -3    8   2   3  11   2   3  10  14   2   2   3   4   2   2  16   4   5   2   2   2  0.29 0.29
   42 D    -1  -2   3   4  -1  -1   2  -1   1  -3  -4  -1  -1  -2  -2   0   1   1  -2  -3    6   2  13  19   2   2  10   5   3   2   2   4   2   2   3   7   9   2   2   3  0.34 0.30
   43 M     0  -2   0   4  -3   1   4  -1  -2  -2  -2  -1   2  -3  -3  -1   0  -5  -3  -2    7   1   3  22   0   6  25   4   1   2   4   3   5   1   1   4   7   0   1   2  0.44 0.32
   44 T    -2  -4   1   4  -3  -4  -2  -3  -3  -5  -5  -2  -5  -6   0   4   5  -7  -5  -5    2   0   6  21   0   0   2   1   1   0   1   2   0   0   5  27  31   0   0   0  0.96 0.60
   45 L    -6  -6  -8  -8  -4  -4  -7  -8  -4  -1   7  -7  -1  -2  -5  -7  -6  -6  -6  -3    0   0   0   0   0   1   0   0   0   3  90   0   1   1   1   0   0   0   0   0  2.08 0.91
   46 Q     1  -2  -1   3  -7   0   6  -4   1  -5  -5  -1  -4  -4  -4  -2  -3  -6   0  -4   11   2   2  16   0   3  48   1   3   1   1   4   0   1   1   2   1   0   3   1  0.99 0.58
   47 E     1  -1  -2   3  -5   4   4  -5  -2  -3  -4  -1  -3  -6  -4  -1   1  -6  -5  -1   11   3   1  15   0  21  26   0   1   1   1   3   0   0   0   3   8   0   0   4  0.70 0.48
   48 A     7  -6  -6  -6  -6  -6  -5  -2  -7  -6  -3  -6  -1  -7  -6   0  -5  -8  -7  -5   87   0   0   0   0   0   0   3   0   0   2   0   1   0   0   5   0   0   0   0  2.10 0.99
   49 Q    -5  -4  -6  -6  -8   9   1  -7  -5  -6  -8  -4  -3  -9  -7  -2  -6  -8  -7  -7    1   0   0   0   0  85   8   0   0   0   0   0   1   0   0   3   0   0   0   0  2.83 1.26
   50 I    -1   2  -1   0  -4   1   1  -4   1   1   1  -1   1  -1  -4  -1   0  -1   0   0    6  11   3   5   0   7  12   0   4  12  15   3   3   2   0   2   5   1   3   4  0.13 0.16
   51 A     3   4   4   0  -4   0   0  -4   1  -4  -4   0  -4  -4  -5  -2  -2  -6  -4  -4   26  22  22   5   0   5   5   0   3   1   1   5   0   1   0   1   2   0   1   0  0.74 0.48
   52 K    -4  -2  -3  -6  -8  -3  -5  -5  -6  -8  -7   8   3  -8  -6  -4  -4  -8  -7  -7    1   1   1   0   0   1   0   1   0   0   0  87   6   0   0   1   1   0   0   0  2.51 1.11
   53 I    -3  -4  -2  -6  -2  -4  -5  -6  -1   3   4  -1   3   1  -6  -5  -4  -2   4   0    2   1   2   0   1   0   0   0   2  16  37   4   7   5   0   0   0   0  16   5  0.80 0.46
   54 D     0   2   1   6  -5   2   2  -4   2  -5  -4   1  -5  -6  -5  -1  -3  -7  -4  -6    7  10   5  38   0   8  12   0   5   0   2   6   0   0   0   4   1   0   0   0  0.85 0.50
   55 L    -1   4  -2  -3  -5   0  -3  -4   5  -1   3  -1   1  -1  -5  -2  -1   0   2  -2    4  21   2   1   0   4   1   1  14   3  26   3   3   2   0   2   3   1   6   3  0.51 0.36
   56 A    -1  -6  -5  -6  -3  -6  -6  -6   1   6   2  -6   0  -2  -6  -3   0  -4   0   2    6   0   0   0   0   0   0   0   4  42  19   0   2   1   0   1   5   0   3  14  0.97 0.51
   57 L     2  -6  -5  -7   8  -6  -6  -4  -5   4   2  -6  -3  -2  -6  -3  -4  -6  -5  -1   15   0   1   0  32   0   0   1   0  20  22   0   0   2   0   2   1   0   0   4  1.28 0.62
   58 G     0   4   0   3  -5   1   3  -2  -1  -5  -4   2  -5  -6  -5   0  -2  -6  -4  -5    8  23   3  18   0   5  17   3   2   0   1  10   0   0   0   6   2   0   0   1  0.61 0.40
   59 K    -1   3  -3  -4  -3   1  -2  -4  -2  -4   0   6   0  -3  -5  -2  -3  -2  -3  -5    4  12   1   0   1   5   1   1   1   1   9  52   2   1   0   3   1   1   1   0  1.00 0.59
   60 L     3  -6  -6  -7   1  -6  -6  -5  -6   1   5  -6   0  -3  -6  -2  -2  -6  -5  -1   26   0   0   0   2   0   0   0   0   6  55   0   2   0   0   2   2   0   0   3  1.12 0.60
   61 G    -2   3   2   2   0   2   1   3   2  -4  -3   1  -2  -5  -4  -2  -3  -5  -3  -4    3  16   9  12   2  10   8  20   4   1   3   8   1   0   0   1   1   0   1   1  0.47 0.33
   62 L    -1  -6  -4  -7  -3  -5  -6  -7  -6   4   5  -5   0  -2  -1  -5  -4  -6  -5   1    6   0   1   0   0   0   0   0   0  19  56   1   2   1   4   1   1   0   0   8  1.11 0.56
   63 Q     0   3   0  -2  -3   3   2   0  -3  -5  -5   4  -4  -5  -3   0   0  -6  -4  -3    6  15   4   2   1  15  10   6   0   0   1  24   0   0   1   6   5   0   0   1  0.54 0.38
   64 P    -1  -1  -1   1  -6  -1   1  -1  -2  -6  -6   2  -6  -7   6   1  -3  -7  -6  -5    5   3   3   9   0   3   8   4   1   0   0  11   0   0  42  10   1   0   0   1  1.02 0.56
   65 G    -1  -4   2   0  -1  -3  -1   6   0  -7  -7  -2  -6  -7  -6  -1  -1  -4  -5  -6    4   1   8   5   1   1   3  62   2   0   0   2   0   0   0   4   4   0   0   0  1.31 0.64
   66 M    -1  -2  -2   5  -3   3   2  -4   4  -4  -3  -2   5  -3  -5  -1  -2  -6  -4  -5    5   1   1  28   0  14  12   1   9   0   3   1  14   1   0   5   2   0   0   0  0.80 0.50
   67 T    -3   5  -2  -2  -5  -1   0  -5   5  -5  -5   2  -5  -6  -5   1   2  -5  -3  -6    1  34   2   3   0   2   5   0  15   0   1  12   0   0   0   9  14   0   1   0  0.98 0.56
   68 L    -4  -7  -6  -7  -5  -6  -7  -7  -3   4   3  -6   0  -1  -7  -6  -4  -6  -4   6    0   0   0   0   0   0   0   0   1  17  29   0   2   2   0   0   1   0   0  47  1.37 0.64
   69 L    -5  -7  -5  -8  -2  -7  -7  -8  -7   0   7  -7  -1  -3  -7  -7  -6  -3  -6  -1    1   0   1   0   1   0   0   0   0   4  86   0   1   1   0   0   0   0   0   4  1.97 0.85
   70 D    -6  -6  -4   7  -8  -4   6  -7  -6  -8  -8  -5  -7  -8  -6  -5  -6  -8  -7  -7    0   0   0  52   0   0  46   0   0   0   0   0   0   0   0   0   0   0   0   0  2.24 0.99
   71 V    -4  -7  -7  -7  -3  -7  -7  -8  -7   7   1  -7   0  -4  -6  -6  -4  -7  -6   2    2   0   0   0   1   0   0   0   0  67  12   0   2   1   0   0   1   0   0  14  1.85 0.78
   72 G    -5  -7  -4  -5  -7  -7  -7   8  -7  -8  -8  -7  -8  -8  -7  -4  -7  -7  -8  -8    0   0   1   1   0   0   0  95   0   0   0   0   0   0   0   1   0   0   0   0  2.77 1.10
   73 C    -3  -8  -7  -7  11  -7  -7  -2  -7  -6  -6  -7  -6  -2  -6   1   1  -4  -7  -6    2   0   0   0  70   0   0   4   0   0   1   0   0   2   1  11   9   0   0   0  2.93 1.11
   74 G    -4  -7  -6  -5  -7  -4  -7   8  -7  -8  -8  -7  -8  -8  -7  -4  -5  -7  -8  -8    1   0   0   0   0   1   0  95   0   0   0   0   0   0   0   1   1   0   0   0  2.76 1.09
   75 W    -8  -8  -5  -9  -8  -8  -7  -8  -8  -8  -7  -6  -7  -1  -9  -8  -8  13  -1  -8    0   0   1   0   0   0   1   0   0   0   0   1   0   2   0   0   0  92   1   0  4.93 1.67
   76 G    -3  -7  -6  -6  -7  -7  -7   8  -7  -8  -8  -7  -8  -8  -7  -5  -7  -2  -8  -8    2   0   0   0   0   0   0  95   0   0   0   0   0   0   0   0   0   1   0   0  2.79 1.10
   77 A     2  -5  -3  -4  -4  -4  -2   5  -3  -6  -6  -5  -6  -3  -5   4   1  -4  -1  -6   15   0   1   1   0   0   3  40   1   0   0   0   0   2   0  26   7   0   3   0  1.00 0.62
   78 T    -4  -7  -6  -8  -2  -5  -6  -4  -7  -1   5  -7   4   6  -7  -6  -1  -2  -4  -3    2   0   0   0   1   0   0   1   0   2  46   0  11  30   0   0   4   0   0   1  1.42 0.73
   79 M     5  -6  -5  -5   0  -5  -5  -2  -6  -1   1  -5   4  -4  -4   1   0  -6  -6   0   48   0   0   0   2   0   0   3   0   3  13   0   9   1   1  10   5   0   0   6  0.88 0.58
   80 M    -2   2  -2  -3   0  -1   2  -5  -2   3   2   0   2  -1  -5  -3  -1  -5  -2   0    3  13   2   1   2   3  12   0   1  20  20   4   5   3   0   1   3   0   1   5  0.35 0.30
   81 R    -3   3  -3  -5  -5   0   1  -6   6  -3  -3  -3  -3   3  -6  -5  -2   4   5  -3    2  15   1   0   0   4  11   0  19   1   3   1   1  10   0   0   3   5  21   2  0.99 0.59
   82 A     6  -5  -7  -7  -3  -6  -6  -5  -7   2   2  -6   3  -3  -6  -4  -4  -7  -5  -1   59   0   0   0   0   0   0   0   0   9  17   0   7   1   0   1   0   0   0   4  1.31 0.76
   83 V     6  -3  -5  -5   0  -4  -6  -3  -1  -1  -2  -4  -2  -5  -6  -1  -2  -7  -4   2   61   1   0   0   2   1   0   2   1   3   4   1   1   0   0   5   2   0   1  15  1.16 0.70
   84 E     0   3  -2  -1  -4   3   4  -3  -1  -5  -4   4  -4  -6  -5  -1   0  -6  -5  -4    7  16   1   3   0  12  22   1   1   0   2  21   0   0   0   4   5   0   0   1  0.69 0.49
   85 K    -2   3   3  -1  -4   2   1  -4   5  -4  -4   2  -2  -4  -5  -2   1  -6  -2  -4    3  17  13   3   0   9   8   1  15   1   2  13   1   1   0   2   8   0   1   1  0.63 0.43
   86 Y    -1  -1  -3  -4  -1  -4  -3  -3   3  -1  -3  -3  -3   2  -3  -2   2  -2   7  -2    5   3   1   1   1   1   1   3   6   3   2   1   0   9   1   2  13   0  41   3  1.07 0.59
   87 D    -3  -2   1   1  -7  -1  -3   6  -1  -8  -8  -2  -7  -8  -1  -2  -5  -7  -6  -6    2   2   7   9   0   2   2  64   1   0   0   3   0   0   3   3   0   0   0   0  1.45 0.76
   88 V     3  -4  -3  -4   8  -6  -4  -4  -1   1  -2  -6  -3  -2  -5  -1  -2  -3  -2   4   22   1   2   1  25   0   1   1   1   6   3   0   0   1   0   5   2   0   1  25  1.00 0.57
   89 N    -3   4   2  -1  -5   2   1  -3   4  -4  -5   3  -3  -4  -5   0   1  -4  -3  -5    2  19   8   4   0   9   7   1  10   1   1  18   0   1   0   8   8   0   1   0  0.60 0.42
   90 V     2  -6  -4  -6   1  -4  -6  -2  -4   2  -1  -6  -2  -2  -6  -2  -3   0   2   6   15   0   1   0   2   1   0   4   0   9   4   0   1   2   0   3   1   1   7  48  0.94 0.56
   91 V    -4  -2  -3   0  -4  -3  -2  -6   2   0  -2  -2  -2  -2  -6  -3   6  -4  -3   3    0   2   1   6   0   1   2   0   5   6   4   3   1   2   0   2  45   0   1  19  0.91 0.61
   92 G     1  -7  -3  -6   0  -6  -6   6  -7  -7  -6  -6  -7  -4  -6  -1   2  -7  -7  -5   12   0   1   0   2   0   0  65   0   0   1   0   0   1   0   5  13   0   0   1  1.62 0.83
   93 L    -3  -6  -6  -7  -1  -6  -5  -7  -6   5   3  -6   0   0  -6  -4   0  -2   1   4    2   0   0   0   1   0   1   0   0  34  24   0   1   3   0   1   5   1   4  23  1.04 0.56
   94 T    -3  -7  -1  -5  -2  -6  -6  -4  -7  -6  -7  -6  -4  -8  -7   1   8  -8  -7  -2    2   0   3   0   1   0   0   2   0   0   0   0   0   0   0  10  79   0   0   2  2.22 1.13
   95 L    -3  -4   1  -7  -6  -4  -7  -6  -3   4   5  -6  -2  -4  -3  -3  -4  -6  -4   0    2   1   8   0   0   1   0   1   1  22  54   0   0   0   2   2   1   0   1   4  1.16 0.64
   96 S    -1  -6  -1  -2   0  -6  -6  -4  -3  -6  -8  -6  -7  -5  -6   7  -3  -8  -7  -4    4   0   3   2   2   0   0   2   1   0   0   0   0   1   0  82   1   0   0   1  2.08 1.11
   97 K    -1   3   0   0  -3   2   3  -4   1  -3  -4   3  -4  -6   0   0  -1  -4  -4  -2    5  17   4   4   1   7  20   0   3   1   1  15   0   0   6   6   4   0   0   4  0.46 0.37
   98 N     0  -1   3   0  -7   1   6  -3  -1  -7  -5   0  -6  -5  -3  -1  -1  -7  -5  -5    9   3  11   4   0   4  46   2   1   0   1   6   0   1   2   5   4   0   0   1  0.93 0.60
   99 Q    -7  -4  -6  -7  -9   9  -4  -5   0  -9  -8  -5  -1  -9  -7  -3  -3  -8  -7  -8    0   1   0   0   0  90   1   1   2   0   0   0   1   0   0   2   2   0   0   0  3.12 1.46
  100 A     1   0  -1  -5  -2   1  -3  -4   2   0   2   2  -2   1  -5  -3  -2  -2   4   0   13   5   2   0   1   6   1   0   5   5  19  12   1   6   0   0   3   0  14   6  0.33 0.30
  101 N     3   2   0   2  -5   1   3  -3  -1  -3  -4   2  -4  -5  -5  -1  -1  -6  -4  -3   22  12   3  11   0   4  17   1   1   2   2  14   0   0   0   4   4   0   0   2  0.48 0.38
  102 H    -3  -3  -7  -6  -5  -4  -2  -5   4  -2   1  -5  -2   4  -8  -5  -4   6   7  -2    3   1   0   0   0   1   4   1   8   2  13   1   1  16   0   1   1   9  35   3  1.33 0.73
  103 V     5  -7  -4  -6   1  -6  -6  -1  -5   3  -4  -6  -1  -2  -6  -2  -2  -7  -6   2   52   0   1   0   3   0   0   5   0  16   1   0   1   2   0   3   3   0   0  12  1.14 0.70
  104 Q    -3   4   2  -1   0   3   2  -4  -2  -2  -2   2  -2  -5  -5  -1   0  -6  -5  -3    2  23   8   4   2  14  13   1   1   2   4  12   1   0   0   5   5   0   0   1  0.54 0.42
  105 Q     1   1   1   1  -6   3   4  -3  -3  -3  -4   2  -4  -5  -5  -1  -2  -2  -4  -5   12   7   7   7   0  11  26   2   0   2   1  13   0   1   0   5   2   1   0   0  0.54 0.43
  106 L    -2   6  -2  -4  -2   1  -1  -4  -1  -3   1   2   0  -3  -5  -3  -2   2  -2  -4    4  41   2   1   1   6   4   1   2   2  12  12   2   1   0   1   3   3   2   1  0.81 0.51
  107 V     2  -3  -3  -4   2  -4  -4  -3  -3   4   1  -4   1   1  -4  -2  -3  -3  -1   3   17   2   2   1   4   1   1   1   1  24  11   1   3   5   1   2   1   0   2  18  0.50 0.33
  108 A     3   2  -1   0  -3   1   1  -1   0  -3  -3   3  -3  -3  -2   0  -2  -5  -1  -2   23  13   3   5   0   5   9   4   2   1   2  18   1   1   2   5   3   0   2   3  0.35 0.30
  109 N     2   2   1   2  -4   1   3  -1   0  -4  -4   2  -4  -3  -3  -1  -3  -6  -3  -4   15  11   5  10   0   6  21   5   2   1   1  10   0   1   1   3   1   0   1   1  0.41 0.35
  110 S     4   2   0  -1  -3   0   2  -3   0  -3   0   0  -1  -3  -3  -1  -2  -2  -3  -2   30  10   5   3   0   4  15   1   2   2  11   5   1   1   1   3   2   1   1   2  0.34 0.33
  111 E    -3   1   0   0  -4  -1  -1   6  -2  -4  -4   0  -5  -5  -1  -1  -3  -5  -5  -3    2   7   5   5   0   2   5  52   1   1   2   5   0   1   3   4   1   0   0   2  0.93 0.52
  112 N    -3  -3  -1  -3  -3  -4  -3   0  -3   0   5  -3   1  -1  -4  -2  -1  -2  -3   0    2   2   3   2   0   1   2   9   1   4  52   2   3   2   1   3   3   1   1   5  0.68 0.42
  113 L     1  -1   0   0  -2   2   2   0  -1  -1   0  -2  -2  -3  -1   2   0  -2  -2  -2   12   2   5   6   1  10  13   6   2   3   9   2   0   1   4  14   6   0   1   3  0.14 0.19
  114 R    -2   0   0   5  -2  -1   2   1   2  -5  -4   0  -2  -4   0   0  -2  -5  -4  -4    4   5   5  33   1   2  11  10   5   1   2   5   1   1   5   6   2   0   0   1  0.58 0.38
  115 S    -2   5   3  -1  -4   2  -2  -2   0  -4  -1   2  -3  -3   0   0  -2  -2  -2  -3    3  28  12   4   0   8   2   2   2   1   8  11   1   1   5   6   2   1   2   2  0.47 0.36
  116 K     1  -3  -4  -6   3  -3  -5  -4  -3   5  -1  -3  -1  -2  -5  -2  -2  -6  -4   5   10   1   1   0   5   1   1   2   1  25   6   2   1   2   1   3   2   0   0  37  0.89 0.50
  117 R    -2   2   1   2  -1   1   3  -3  -1  -4  -3   1  -3  -4  -5  -1   3  -6  -5  -2    3  11   6  12   1   6  22   1   1   1   3   7   1   1   0   5  16   0   0   3  0.48 0.38
  118 V    -2  -6  -7  -7  -3  -6  -7  -7  -6   4   1  -6  -2   5  -4  -5  -3  -5   1   5    3   0   0   0   0   0   0   0   0  21  12   0   1  19   1   1   1   0   5  34  1.13 0.59
  119 L    -3   4  -2  -2  -2   0   1  -5   3   1   2   0  -1  -2  -5  -1  -3  -3  -2   0    1  20   2   2   1   5  11   0   6   9  19   6   2   2   0   4   1   0   2   6  0.34 0.30
  120 L    -4  -1  -3  -4   1  -2  -1  -5   0   0   4  -1  -1   1  -3  -4   0   2   1   0    1   3   2   1   3   2   4   1   2   5  44   4   1   5   1   1   7   3   5   6  0.56 0.38
  121 A     0   1  -4  -2   5   4   1  -1  -2  -2   0   1   2  -3  -5  -2  -1  -5  -5  -1    7   8   0   2  13  19  10   4   1   2   9   8   6   1   0   2   4   0   0   4  0.46 0.36
  122 G    -4  -5   0   8  -8  -6  -3  -1  -1  -8  -5  -6  -3  -8  -5  -3  -7  -9  -8  -8    2   1   4  79   0   0   1   5   1   0   1   0   1   0   1   2   0   0   0   0  2.36 1.13
  123 W    -4  -7  -7  -5  -3  -7  -4  -8  -1  -2  -5  -7   0   0  -5  -7  -4   5   9  -2    2   0   0   1   1   0   1   0   1   2   1   0   2   3   1   0   1   8  70   3  2.58 1.17
  124 E    -2   8   0  -4  -3  -2   0  -6   1  -5  -4  -3  -4  -7  -5  -4  -6  -7  -3  -4    4  69   5   1   1   2   5   1   3   1   2   1   0   0   1   1   0   0   1   1  1.86 0.92
  125 Q    -2  -2   2   5  -4   2   3  -5   2  -4  -2  -1  -3  -4  -4  -2  -1  -6  -4  -3    3   2   8  34   0   8  19   1   4   1   4   4   1   1   1   3   4   0   0   2  0.78 0.50
  126 F    -2  -3  -4  -3  -3  -2  -2  -5   1   2   3  -5   1   3   0  -3  -2   0  -1   2    3   1   1   2   1   2   3   1   4  12  28   0   2  13   5   1   2   1   2  15  0.46 0.31
  127 D    -1   0   0   3  -4   1   3  -3   0  -4  -3   1  -3  -5   2   0   1  -6  -4  -2    4   4   5  17   0   6  17   2   2   1   2   7   1   0  11   7   9   0   0   3  0.40 0.33
  128 E    -1   0  -1   0  -4   0   3   5  -1  -4  -5  -1  -6  -6  -2  -3  -3  -7  -5  -4    4   5   3   5   0   4  17  46   1   1   1   4   0   0   2   2   1   0   0   1  0.88 0.54
  129 P    -2   3  -1  -4  -1   3  -1  -3   0  -3  -3   3  -2  -5   3   0   1  -3  -3  -3    3  13   3   1   1  15   4   2   3   1   3  17   1   0  15   6   9   0   1   2  0.49 0.40
  130 V    -6  -8  -8  -8  -3  -8  -8  -8  -3  -5  -5  -8  -6   8  -6  -6  -7   1   8  -2    1   0   0   0   1   0   0   0   1   1   1   0   0  46   1   1   0   2  44   3  2.61 1.17
  131 D    -6  -6  -1   8  -9  -5  -3  -6  -3  -8  -9  -4  -8  -9  -7  -3  -3  -9  -8  -8    1   1   3  86   0   1   2   1   1   0   0   1   0   0   0   2   2   0   0   0  2.75 1.25
  132 R     3   6  -4  -6  -4  -3  -5  -2   2  -7  -4   4  -6  -5  -6  -2  -4  -7  -3  -5   19  37   1   0   0   1   0   3   5   0   2  25   0   0   0   3   1   0   1   1  1.24 0.72
  133 I    -3  -8  -8  -8  -3  -7  -8  -8  -5   7   0  -7  -2  -1  -7  -7  -5  -7  -3   4    2   0   0   0   1   0   0   0   0  60   6   0   1   3   0   0   0   0   1  23  1.83 0.86
  134 V     0  -7  -7  -7  -1  -5  -7  -5  -7   3  -2  -6  -2  -1  -7  -2   0  -7  -1   6    9   0   0   0   1   1   0   1   0  13   4   0   1   3   0   3   5   0   2  58  1.31 0.70
  135 S    -2  -5  -1  -6   3  -4  -5  -4  -6  -4  -7  -6  -4  -7  -6   7  -3  -8  -7  -5    4   1   3   0   5   1   1   1   0   1   0   0   0   0   0  81   1   0   0   1  2.07 1.08
  136 I    -5  -7  -7  -7   3  -7  -7  -7  -7   7   0  -6  -2  -3  -7  -5  -4  -7  -4   5    1   0   0   0   6   0   0   0   0  49   8   1   1   1   0   1   1   0   0  31  1.65 0.76
  137 G    -3  -6  -4  -3  -2  -3   6   5  -6  -8  -8  -5  -7  -8  -6  -5  -6  -7  -7  -7    2   0   1   1   1   1  51  42   0   0   0   0   0   0   0   0   0   0   0   0  1.84 0.92
  138 A     1  -5  -8  -7  -2  -5  -8  -6  -7  -3  -2  -7  10  -3  -8  -2  -4  -8  -7   0   10   1   0   0   1   0   0   1   0   1   2   0  72   1   0   3   1   0   0   7  2.71 1.20
  139 F    -2  -7  -7  -7  -1  -6  -7  -4  -4   4   2  -7   2   7  -7  -3  -2  -1  -1  -1    4   0   0   0   1   0   0   2   0  23  17   0   4  37   0   3   3   1   2   3  1.14 0.59
  140 E    -6  -6  -6  -2  -3  -2   8  -4  -3  -9  -7  -5  -8  -6  -7  -4  -5  -8  -8  -8    0   0   0   2   1   1  91   1   0   0   0   0   0   0   0   1   0   0   0   0  2.70 1.24
  141 H     4  -5  -3  -7  -7  -2  -5  -6  10  -8  -5  -6  -7  -7  -7  -4  -4  -8  -2  -6   31   0   1   0   0   2   0   0  60   0   1   0   0   0   0   1   1   0   1   0  2.60 1.12
  142 F    -3  -7  -7  -7  -3  -7  -5  -5  -7   0   0  -7   2   2  -7  -6  -3  -7  -5   7    2   0   0   0   1   0   1   1   0   4   7   0   5   8   0   0   1   0   0  68  1.66 0.80
  143 G     0  -2  -3  -4  -5  -5  -4   7  -2  -6  -6  -3  -4  -6  -2  -3  -3  -6  -6  -4    7   3   1   1   0   0   1  73   1   0   1   1   0   0   3   2   1   0   0   2  1.68 0.74
  144 H    -1   2  -2  -1  -2   1   2  -3   5   0  -2   1  -2  -1   1  -1  -2  -1   0  -1    6  11   1   3   1   5  13   2  14   5   3   9   1   3   8   3   1   1   3   6  0.26 0.22
  145 E     0   3   0   1  -6   1   3  -2   1  -3  -5   3  -3  -4   1  -1  -3  -6  -4  -5   10  15   3   8   0   5  18   2   4   1   1  20   1   1   6   4   1   0   0   0  0.51 0.37
  146 R    -3   2   5   1  -1   0  -2  -1   3  -5  -5  -2  -2   3  -6  -3  -4   0   5  -4    2   9  25   7   1   4   2   5   8   1   1   2   1  10   0   1   1   1  19   1  0.79 0.50
  147 Y    -5  -4  -5  -6  -6  -3  -7  -7   1   0   3  -6   3   2  -7  -5  -5   7   7  -3    1   1   1   0   0   1   0   0   3   4  24   0   7   6   0   1   1  15  33   1  1.46 0.72
  148 D    -1   3  -1   1  -4   1   2   0  -1  -5  -4   1  -4  -6   4  -1  -2  -4  -4  -4    6  15   2   9   0   6  12   7   1   1   2   7   0   0  24   4   2   0   0   1  0.54 0.38
  149 A     1   0  -2   2  -3   0   3  -1  -2  -1  -3   0  -2  -4  -1   0   2  -5  -4  -1   14   5   1   9   0   5  19   5   1   3   2   5   1   0   3   7  16   0   0   4  0.27 0.26
  150 F    -6  -7  -7  -8  -5  -7  -7  -8  -3  -4   1  -7  -3   7  -8  -5  -5   2   8  -4    0   0   0   0   0   0   0   0   1   1  11   0   1  40   0   1   1   2  40   1  2.13 0.94
  151 F    -2  -7  -7  -8  -2  -7  -7  -5  -3  -2   0  -7   3   8  -4  -4  -5   0   1  -3    4   0   0   0   1   0   0   1   1   2   9   0   6  66   1   1   1   1   4   2  1.97 0.87
  152 S     1   2   1   2  -5   2   2   0   0  -5  -5   2  -3  -5  -4   1  -1  -3  -5  -4   13  12   5   9   0  10  15   6   2   0   1  12   1   0   0  10   3   0   0   0  0.40 0.32
  153 L     0   2  -2  -3   3   2  -2  -4  -1  -1  -3   4   0  -2  -4   0   2  -1  -3   0    7  13   2   1   6   8   1   1   2   3   2  22   2   2   0   6  12   1   1   8  0.38 0.32
  154 A     0  -6  -6  -7   7  -6  -6  -6  -5   4   2  -6   2  -4  -6  -4  -3  -4  -2   3    8   0   0   0  21   0   0   0   0  21  19   0   4   0   0   1   1   0   2  22  1.09 0.56
  155 H     1   2   1   2  -3   0   0  -3   5  -5  -4   1  -3  -1  -5   1  -3   1   3  -5   11  11   7  10   0   4   6   2  14   0   1   8   0   2   0  10   1   2  10   0  0.45 0.35
  156 R    -1   4   1   2  -4   1   1  -1  -1  -5  -5   1  -5  -4  -4   2  -1   1  -4  -5    5  25   6  11   0   6   9   4   1   0   1   9   0   1   0  14   4   2   0   0  0.50 0.38
  157 L     1   0  -2  -6   3  -4  -5  -5   0   0   4  -3   3  -1  -6  -1  -3   5  -2   1   10   6   3   0   6   0   0   0   2   3  35   1   7   2   0   5   1   8   1   8  0.60 0.40
  158 L    -6  -7  -8  -8  -4  -7  -7  -7  -7  -1   7  -6   2  -5  -7  -5  -3  -7  -6  -2    0   0   0   0   0   0   0   0   0   2  86   0   3   0   0   1   1   0   0   2  2.01 0.93
  159 P     2   2   1  -2  -4  -2  -1  -4  -2  -5  -5   6  -4  -6   0  -2  -1  -6  -5  -2   16  10   6   2   0   1   3   1   1   0   1  42   0   0   4   3   4   0   0   4  0.79 0.52
  160 A    -2  -2  -1   3  -7  -2   1  -3  -3  -6  -6   0  -5  -6   7  -1  -3  -7  -6  -5    3   2   2  18   0   2  10   2   0   0   0   5   0   0  46   5   2   0   0   1  1.29 0.71
  161 D    -4  -2   2   5  -6  -2   0   5   1  -7  -7  -1  -5  -7  -5  -1  -2  -7  -6  -6    1   3  10  27   0   2   5  38   3   0   0   4   0   0   0   4   2   0   0   0  1.05 0.59
  162 G    -1  -4  -4  -4  -7  -7  -7   8  -7  -8  -8  -5  -7  -8  -7  -4  -6  -7  -8  -7    5   1   1   1   0   0   0  89   0   0   0   0   0   0   0   1   0   0   0   0  2.46 1.05
  163 V    -1   4  -4  -5  -2  -1  -3  -5  -1   2   2   2   0  -3  -4  -2  -2   0  -2   2    4  23   0   0   1   2   1   1   1  10  22  11   2   1   0   2   2   1   1  14  0.45 0.34
  164 M     3  -5  -6  -6   0  -5  -5  -1  -5   0   2  -4   4   4  -5  -3  -3  -3  -1   1   24   0   0   0   2   0   0   6   0   4  21   0  11  16   0   1   1   0   2   9  0.65 0.44
  165 L     0  -5  -5  -6   1  -3  -5  -2  -2  -1   4  -4   1   3  -6  -2  -3  -5   0   3    9   0   0   0   3   1   0   3   1   2  36   1   3  10   0   3   1   0   3  23  0.65 0.42
  166 L    -4  -5   1  -5  -3  -4  -6  -5   1   4   4  -5   2   0  -6  -3  -3  -5  -4   2    1   0   7   0   1   1   0   1   4  21  40   0   4   3   0   2   1   0   0  15  0.85 0.49
  167 H    -6  -4  -4  -2  -4   7  -2  -7   8  -5  -6  -5  -6  -4  -7  -3  -6  -7  -5  -5    0   0   1   2   0  53   2   0  35   1   1   0   0   1   0   2   0   0   0   1  2.38 1.11
  168 T     2  -4  -3  -3   3   0  -3   1  -2   1  -3  -4  -2   1  -4   1   4  -5  -2   1   17   0   0   1   5   4   1   9   1   8   1   0   1   5   0   9  24   0   1  11  0.41 0.34
  169 I    -3  -7  -7  -7  -2  -6  -7  -6  -5   7  -2  -6   1   2  -6  -2  -2  -6  -5   0    2   0   0   0   1   0   0   1   0  68   3   0   4   8   0   4   2   0   0   5  1.70 0.77
  170 T     1  -4  -3  -5   3  -4  -5   2  -3  -2  -3  -4  -2  -3  -5   2   5  -6  -5   0    9   0   1   0   5   0   0  17   1   2   3   0   1   1   0  12  40   0   0   7  0.82 0.53
  171 G     0   1  -1  -2   1  -1  -2   0   1   3   0  -1   1   0  -3   0   1  -1   0   0    6  11   3   1   3   2   1   6   4  20   6   3   4   3   1   8   8   1   3   5  0.10 0.13
  172 L     0   1   1   1  -2   0   0  -1   0  -1  -1   0   0  -1   3   0   0  -1   0  -1    6  11   8   7   1   4   5   4   3   3   7   4   2   2  14   7   5   1   3   5  0.12 0.09
  173 H    -1   1   0   3  -2   0   2  -1   3  -1  -3   0   1  -2   0  -1   0  -1  -1  -1    4   9   4  21   1   2  12   5   7   4   2   4   4   2   4   4   4   1   2   3  0.22 0.16
  174 P     0   1   0   1  -2   1   1  -1   0  -3  -2   0  -2  -2   4   0   0  -2  -2  -2    9   7   3   9   1   8   9   5   2   1   3   6   1   2  18   7   5   1   1   3  0.24 0.16
  175 K     0   3   0   2  -1   0   1   0   0  -2  -2   0  -1  -2   1   0  -1   1   0  -2    6  17   4  11   1   3   8   7   2   2   4   5   1   2   8   6   3   2   3   3  0.16 0.11
  176 E    -1   1   0   0  -2   1   1  -1   0  -2  -1  -1   0   3   0   0  -1   2   3  -2    5   8   4   4   1   5   8   5   2   2   5   3   3  11   4   6   4   3  12   3  0.14 0.11
  177 I     0   1   0   1  -1   1   1  -1   1  -1  -1   0   0   0   1   0   0   0   0  -1    8  10   3   8   2   5  10   5   3   3   7   4   2   4   6   5   5   1   3   5  0.05 0.04
  178 H     0   0   1   1   0   0   0  -1   2  -1  -1   0  -1   0  -1   0   0   0   3  -1    9   5   6   7   2   4   7   5   6   3   6   4   1   4   3   4   5   1  12   5  0.08 0.06
  179 E     0  -1   0   2  -1   0   2  -1   2  -2  -1   0  -1  -1   0   0   0  -1   2  -2    9   3   4  12   1   4  15   4   5   3   5   4   2   2   4   5   5   1   9   3  0.14 0.08
  180 R    -1   4   0   0  -1   0   0   0   1  -1  -1   1  -1  -1  -1   0  -1  -1  -1  -1    6  23   5   5   1   4   4   6   3   3   8   7   2   3   3   5   4   1   2   4  0.15 0.07
  181 G     0   0   1   0  -1   0   0   1  -1  -1  -1   0   0  -1   0   1   0  -1   0  -1    7   6   6   5   1   4   5  13   1   4   8   7   2   3   4  10   7   1   3   4  0.05 0.02
  182 L     0   0   0   0  -1   0   0   0   0   0   0   0   0   0   0   0   0   0   0   0    6   6   4   4   2   4   6   7   2   6  10   5   2   4   5   6   8   2   3   8  0.01 0.21
  183 P     0   0  -1   0  -1   0   0   0   0  -1  -1   0  -1  -1   4   0   0   0  -1  -1    8   5   3   5   2   3   7   7   2   4   7   5   2   3  18   7   5   1   2   4  0.15 0.05
  184 M     0   0   0   0  -1   0   0   0   0   0   0   0   0   1   0   0   0   0   1   0    6   5   4   5   1   3   5   6   3   6  12   5   2   6   4   6   7   1   7   6  0.01 0.00
  185 S     0   0   0   0  -1   0   0   0   1  -1  -1   0  -1   1   0   1   1  -1   0  -1    9   4   6   5   1   3   4   8   4   4   7   4   1   8   5  10   8   1   3   5  0.03 0.02
  186 F     0   0   0   0  -1   0   0   0   0  -1   0   0   0   1   0   0   0   1   1  -1    8   7   4   6   1   3   7   6   2   3   7   5   3   9   5   6   6   2   6   4  0.03 0.01
  187 T     0   0   0   0  -1   1   2  -1   0  -1  -1   0  -1  -1  -1   1   1  -1  -1  -1    8   4   3   4   1   6  15   5   2   3   5   7   2   3   3  13  11   1   2   4  0.11 0.07
  188 F    -1  -1  -1   1  -2  -1  -1  -1   0  -1  -1  -1   0   0   0  -1  -1   0   5   0    6   4   2   8   1   3   5   5   2   3   7   4   2   3   4   5   5   1  24   7  0.27 0.14
  189 A     0   2  -1  -1   0   0   0   0   0   0   0   0   0  -1   0   0   0  -1   0   0    9  13   2   3   2   3   5   6   2   5  10   7   2   3   4   9   5   1   3   5  0.03 0.03
  190 R    -1   3   0   1  -2   1   0   0   1  -2  -2   2  -2  -2   0   0   0   0  -2  -2    6  19   5   7   1   5   4   8   3   3   4  12   1   2   4   5   5   1   1   3  0.19 0.12
  191 F     0  -1   1   0  -2  -1   1   1  -1  -1  -1  -1  -1   0  -1   2   1   3  -1  -1    6   4   6   6   1   2   8  12   1   3   5   3   2   5   3  16   7   4   2   3  0.10 0.10
  192 L     0  -1   1   1   0   0  -1   1  -1  -1  -1  -1  -1  -1   0   2   1  -3  -1   1    6   3   6   8   2   3   3  12   2   4   4   2   2   2   4  14  10   0   2  11  0.09 0.10
  193 K    -1   0  -1   6  -3  -2   0  -1  -2  -4  -1  -1  -2  -5   3  -1  -1  -5  -4  -4    5   5   3  38   0   2   5   4   1   1   7   4   1   0  13   4   4   0   1   1  0.69 0.41
  194 F    -5  -8  -8  -8  -5  -8  -6  -8  -7  -5  -4  -8  -5   8  -6  -7  -6   9   0  -6    1   0   0   0   0   0   1   0   0   1   2   0   0  63   1   1   0  26   2   0  2.96 1.21
  195 I    -4  -7  -6  -8  -2  -7  -7  -7  -6   7   1  -7   6  -2  -6  -5  -1  -4  -5   0    2   0   0   0   1   0   0   0   0  54  13   0  16   2   0   1   4   0   0   5  1.63 0.77
  196 V     0   3   2   1  -5   4   0  -2   0  -4  -3   1  -3  -6  -2   0   0  -4  -4  -2    8  13  10   8   0  21   6   3   2   1   3   9   1   0   2   5   5   0   0   3  0.42 0.34
  197 T    -3   4  -2  -2  -5   2   1  -5  -1  -5  -5   6  -5  -7  -6  -2   1  -7  -6  -6    3  21   2   2   0   7   8   1   1   1   1  41   0   0   0   3   9   0   0   0  1.13 0.66
  198 E    -4  -3  -4  -4  -6  -4  -1  -7   5  -6  -6  -4  -4   0  -8  -5  -3   1   9  -6    2   2   1   1   0   1   5   0  12   0   1   1   1   3   0   1   2   2  65   0  2.36 1.10
  199 I    -6  -7  -9  -9  -7  -7  -7  -7  -2   8  -3  -8  -1   2  -7  -7  -4  -8  -6   3    0   0   0   0   0   0   0   1   1  67   1   0   2   8   0   0   1   0   0  18  2.08 0.94
  200 F    -5  -9 -10  -7  -9 -10 -10 -10  -3  -5  -6 -10  -3  10  -7  -9  -6   2  -1  -6    1   0   0   0   0   0   0   0   1   1   0   0   1  90   0   0   1   3   2   0  3.42 1.39
  201 P    -5  -5  -8  -8  -5  -5  -5  -7  -5  -9  -8  -5  -9  -5   9  -2  -1 -10  -9  -9    1   1   0   0   0   1   1   0   0   0   0   1   0   1  86   3   4   0   0   0  2.94 1.37
  202 G    -4  -6   1   2  -8  -5  -1   7  -2  -5  -8  -7  -8  -6  -8  -4  -7  -2  -8  -6    1   0   7   9   0   0   4  72   1   1   0   0   0   0   0   1   0   1   0   1  1.91 0.93
  203 G     1  -5  -3  -3  -1  -5  -7   7  -7  -8  -5  -6   0  -5  -6   1  -4  -3  -4  -5   10   1   1   2   2   1   0  66   0   0   1   0   2   1   0  11   1   0   1   1  1.59 0.82
  204 R    -2  -1  -2   1   4   0   2  -5   3  -1  -1  -3   4   0  -4  -3  -1  -1   4  -2    3   4   1   7   9   5  13   0   7   4   6   1  11   4   0   2   4   1  14   3  0.45 0.35
  205 L    -2  -7  -5  -8   0  -5  -6  -8  -5   2   5  -7   5  -2  -1  -4  -2   0  -5  -1    4   0   1   0   2   0   1   0   0  11  55   0  11   1   3   2   3   1   0   4  1.15 0.63
  206 P    -2  -3  -7  -2  -3  -5  -6  -5  -2  -3  -3  -5  -2  -4   8   0  -3  -2  -8  -3    3   2   0   2   1   1   0   1   1   2   3   1   1   1  70   6   2   1   0   2  2.04 1.04
  207 S     0  -1  -1  -3   2  -4  -3  -3   2  -6  -3  -4  -5  -5   1   6   2  -4  -2  -4    7   4   2   1   4   0   1   2   4   0   3   1   0   1   7  48  12   0   2   1  0.92 0.64
  208 I    -1  -3  -3  -3  -4  -2  -2  -6   0   2   4  -3   1  -1   1  -4  -2  -5  -1   2    5   2   1   2   0   2   3   0   3  12  40   2   3   2   7   1   2   0   2  12  0.56 0.37
  209 P     1   0  -1   1  -4  -1   1   2   1  -5  -4   0  -3  -3  -1   3   1   0  -3  -4   11   5   3   7   0   3   9  15   4   0   1   5   1   1   3  21   9   1   1   1  0.32 0.30
  210 M     1   2  -2   1  -5   2   3  -3   1   0   0  -1   1  -2  -5  -2  -1   1  -2  -1   11  11   1   7   0  10  21   2   4   5   8   2   3   2   0   3   4   2   1   4  0.27 0.27
  211 V    -2  -6  -5  -6  -4  -3  -4  -6   0   4   2  -6   3   2  -4  -3   1  -4   0   2    3   0   0   0   0   1   1   0   2  24  21   0   7   9   1   2   8   0   3  15  0.69 0.42
  212 Q     0   0  -1  -2  -1   0  -1  -3   0   2   2  -1   1  -1  -3  -1   1  -5  -3   2    7   4   3   2   1   3   4   2   2  13  20   4   4   2   1   4  10   0   1  14  0.18 0.18
  213 E     0   1   1   1  -4   2   2  -1   2  -4  -3   1  -3  -3  -1   1   1  -3  -1  -3    9   7   5   8   0   8  15   4   5   1   2   8   1   1   3  12   8   0   3   2  0.25 0.24
  214 C     4  -2  -2  -3   0   1   0  -2   2   0   0  -2  -1   1  -3   1  -2  -3  -1  -1   32   2   2   1   2   6   6   2   4   5   8   2   1   7   1   9   2   0   2   5  0.30 0.28
  215 A     4  -5  -5  -5   0  -2  -5  -2  -4   2   2  -5   4   1  -5  -1  -1  -4  -3   1   30   0   0   1   2   2   0   4   0  11  16   0  10   5   0   4   3   0   1   9  0.57 0.39
  216 S     1   1   0  -1  -1   1   5  -2  -1  -4  -4  -1  -3  -4  -3   2  -1  -5  -4  -4    9   6   4   3   2   6  34   3   2   1   1   3   1   1   1  16   4   0   0   1  0.59 0.44
  217 A     1   3   0   1  -5   2   1  -1   1  -4  -4   3  -3  -6   0   1  -2  -4  -4  -5   11  15   4   8   0   9  10   5   3   1   2  15   1   0   4   8   1   0   0   1  0.41 0.33
  218 N     3  -2   1  -1  -3  -1  -3   2   2  -4  -3  -2  -2  -2  -3   2   1  -4  -1  -2   27   2   5   3   1   2   1  13   5   0   2   2   1   2   1  15  10   0   3   3  0.40 0.34
  219 G    -4   2   0   2  -5  -2  -3   5  -1  -4  -1   0  -5  -5  -3  -1  -1  -4  -4  -5    1  10   4  10   0   1   2  43   1   1   8   7   0   1   1   5   4   0   1   1  0.75 0.47
  220 F    -8  -7  -9  -9  -4  -6  -9  -9  -8  -4   5  -7   1   7  -7  -8  -7   3  -2  -5    0   0   0   0   0   0   0   0   0   1  53   0   3  36   0   0   0   3   1   0  1.99 0.94
  221 T    -2   1  -1  -1   1   0   4  -5   0   0  -2   0  -2  -3  -4   0   1  -1  -2   1    3   8   3   2   3   3  30   0   3   7   4   5   1   1   0   7   8   1   1   9  0.38 0.33
  222 V    -3  -4  -7  -5  -1  -4  -5  -7  -7   4   3  -5   1  -2  -2  -5  -3  -1  -4   5    2   1   0   1   1   1   1   0   0  24  22   0   3   2   2   1   2   1   1  36  1.06 0.57
  223 T    -1   1  -2   1  -2   1   3  -3   2  -1   0   0  -1  -2  -4  -1   1  -4  -2   1    4   8   1   7   1   5  20   2   4   4   9   5   1   2   0   4  10   0   1  11  0.20 0.22
  224 R    -2   1   0   6  -3   0   0  -1   5  -6  -6  -2  -6  -5  -5   1  -1  -4  -2  -5    3   7   5  35   1   4   6   4  12   0   1   2   0   0   0  12   3   0   1   1  0.88 0.55
  225 V    -1  -1  -4  -4  -1  -2  -2  -6  -2   2   1  -3   1  -2  -4  -3  -1   6  -2   4    5   4   1   1   2   2   4   0   1  10  15   2   3   2   1   2   4   9   1  32  0.63 0.40
  226 Q    -4   1  -3   1  -6   1   6  -6   4  -4  -3  -1  -2   0  -6  -3  -2   3  -1  -3    1   8   1   8   0   6  42   0   9   1   3   4   1   3   0   2   2   3   2   2  0.91 0.59
  227 S    -1  -1   6   2  -1  -3  -1  -2  -1  -1  -4  -4  -3  -3  -5   2   0   1  -3  -1    5   3  36  12   1   1   3   3   2   4   1   0   1   1   0  14   5   2   1   5  0.77 0.51
  228 L    -5  -3  -1  -1  -5  -6  -5  -7   1   4   3  -6   2   5  -7  -3  -5   1  -2  -1    1   2   4   5   0   0   1   0   3  23  27   0   4  22   0   2   0   2   1   3  0.93 0.52
  229 Q    -2   5  -5  -6  -6  -4  -5   6  -4  -7  -8  -4  -8  -8  -4  -2  -2  -4  -8  -7    4  29   0   0   0   1   1  54   1   0   0   1   0   0   1   3   3   0   0   0  1.64 0.86
  230 P    -1   1  -2   0  -3   1   2  -2   2  -1   1  -1   0  -2   3  -1  -1  -3  -1  -1    5   8   2   5   1   6  12   3   5   4  13   3   2   1  15   4   4   0   2   4  0.20 0.21
  231 H    -7  -7   0   4  -6  -3  -6  -7  10  -9  -9  -7  -6  -6  -8   0  -6  -9  -3  -9    0   0   4  23   0   1   0   0  62   0   0   0   0   0   0   7   0   0   1   0  2.86 1.27
  232 Y    -9  -9  -9 -10  -3  -6  -9 -10  -4  -9  -8  -9  -8  -1 -10  -7  -9  -5  10  -9    0   0   0   0   1   1   0   0   0   0   0   0   0   2   0   0   0   0  95   0  4.04 1.69
  233 A     6  -2  -4  -1  -5  -1  -2  -2  -2  -3  -7  -5  -4  -6  -2   1  -3  -7   2   0   55   2   1   4   0   3   3   4   1   1   0   0   0   0   2   9   2   0   6   6  1.01 0.65
  234 K    -2   5  -3  -4  -5   1   1  -6  -1  -4   1   4  -1  -6  -1  -4  -1  -1  -2  -4    3  32   1   1   0   6   7   0   2   1  12  21   1   0   4   1   4   1   1   1  0.78 0.52
  235 T    -4  -8  -7  -8  -4  -8  -8  -8  -9  -8  -8  -6  -8  -9  -6  -4   9  -9  -8  -7    2   0   0   0   0   0   0   0   0   0   0   1   0   0   0   1  95   0   0   0  3.16 1.47
  236 L    -3  -8  -9  -7   4  -6  -8  -9  -8  -1   6  -8  -1  -3  -8  -4  -3  -5  -5  -2    3   0   0   0   9   0   0   0   0   4  75   0   1   1   0   2   2   0   0   2  1.81 0.88
  237 D     0   5   0   1  -5   1   2  -4   0  -4  -3   1   2  -5  -6  -1  -3   2  -3  -4    9  33   4   8   0   5  11   1   3   1   3   7   5   0   0   4   1   3   1   1  0.67 0.46
  238 L     2   2  -3  -1   2   0   2  -4   5  -1   0  -2  -1  -4  -5  -2  -2  -4  -1  -3   20  10   1   4   5   3  15   1  13   4  11   2   1   1   0   2   3   0   2   2  0.43 0.35
  239 W   -10  -8 -11 -11 -10 -10 -10 -10 -10 -10  -9 -10  -5  -5 -11 -10 -10  13  -6 -10    0   0   0   0   0   0   0   0   0   0   0   0   0   0   0   0   0  98   0   0  5.62 2.13
  240 S     0   5  -1  -2  -1  -1  -2  -4   2  -2   2  -1  -3  -1  -6  -1  -4  -1   3  -1    9  29   3   3   2   3   2   1   5   2  17   3   1   2   0   4   1   1   8   4  0.51 0.38
  241 A     0   3   0   2  -6   2   4  -3   0  -4  -4   2  -5  -6  -5  -1  -1  -5  -4  -3    9  15   3  10   0   9  24   2   2   1   2  12   0   0   0   5   3   0   1   2  0.58 0.43
  242 A     0   6   6  -4  -8  -2  -4  -4  -4  -8  -5   1  -6  -8  -7  -2  -2  -9  -7  -7    7  36  37   1   0   1   1   2   0   0   1   8   0   0   0   3   3   0   0   0  1.53 0.82
  243 L    -6  -7  -8  -9  -4  -5  -8  -9  -2  -3   4  -8   2   8  -8  -7  -6   4  -2  -4    1   0   0   0   1   1   0   0   1   1  31   0   5  51   0   0   1   5   1   1  1.99 0.92
  244 Q    -2   1   1   2  -3   2   3  -4   0  -1   1  -1   2  -3  -5  -2  -2  -1  -2  -1    3   6   6  12   1   8  22   1   2   4  13   3   5   1   0   2   3   1   1   5  0.32 0.29
  245 A     3   1   0   0  -6   2   2  -1   0  -5  -3   2  -3  -6  -4   1  -2  -7  -5  -4   27   9   4   5   0   8  14   4   2   0   2  11   1   0   0   8   3   0   0   1  0.49 0.40
  246 N     1   2   6  -4  -1   1  -2  -4   5  -7  -8   0  -5  -5  -7  -1  -4  -3  -3  -4   12  11  38   1   1   6   2   1  14   0   0   6   0   1   0   4   1   0   1   2  1.14 0.67
  247 K    -1   4  -5  -6  -6   0   0  -5   1  -1   0   2  -4   0  -6  -3  -5   9   0  -3    5  21   0   0   0   4   6   1   3   4   8  12   0   4   0   2   1  23   3   2  1.03 0.60
  248 G     0  -2  -1   5  -4   0   3  -2   0  -6  -6  -1  -6  -6   3   1  -2  -5  -7  -5    9   3   3  27   0   4  19   3   2   0   1   4   0   0  12   9   3   0   0   0  0.71 0.49
  249 Q     0   2  -2   1  -7   3   4  -4  -2  -4  -4   3  -3  -5  -4  -1   0  -4  -4  -4    9  10   1   9   0  12  25   1   1   1   2  17   1   0   1   4   5   0   0   1  0.64 0.46
  250 A     3  -5  -7  -5  -1  -6  -5  -4  -6   6   1  -5   0  -2  -7  -5  -4  -4  -5   3   20   1   0   1   1   0   1   2   0  38  12   1   2   1   0   1   1   0   0  20  1.10 0.60
  251 I     0   2  -2  -2  -2   0   1  -3  -1   2   1   2   1  -2  -2  -1  -1  -3  -3   1    8  12   1   1   1   4   9   1   1  12  12  11   3   1   2   4   4   0   1  10  0.16 0.17
  252 A     4   1  -2   1  -6   2   2  -1  -2  -6  -5   2  -5  -5   0   1  -2  -5  -6  -4   30   6   2   7   0   7  12   5   1   0   1  12   0   0   5   8   3   0   0   1  0.51 0.42
  253 L    -2   0  -2  -2  -3   0  -1  -4  -1   1   4   1   4  -2  -4  -3  -1  -5  -3  -2    3   4   2   2   1   5   5   2   2   8  40   8   9   1   1   1   3   0   1   2  0.52 0.38
  254 Q    -2  -3  -4  -4  -3  -2  -3   4  -2  -3  -3  -3  -1   2  -6  -3  -2   1   5   2    4   2   1   1   1   2   2  33   1   2   2   2   2   9   0   2   3   2  17  13  0.73 0.47
  255 S    -2  -3  -2   3  -3  -4  -5   4  -6  -4  -4  -5  -5   5  -1   0  -4  -6   3  -5    3   1   2  16   1   1   1  28   0   1   1   1   0  25   4   7   1   0   8   1  0.93 0.57
  256 E    -3  -2  -2   5  -8   0   5  -5  -4  -4  -3   0  -5  -6  -1  -2  -3  -8  -5  -4    3   2   2  34   0   3  33   1   0   1   4   5   0   0   4   3   1   0   0   2  1.07 0.66
  257 E     0   4  -3   2  -7   1   4  -3   0  -5  -6   2  -3  -7  -2  -2  -2  -3  -5  -2    7  22   1   9   0   5  29   3   2   1   1   9   1   0   2   2   2   0   0   3  0.74 0.51
  258 V    -3   3  -4  -5  -7  -2  -5  -6  -3  -2  -2   1  -2   6  -4  -2   2   5   0   0    3  14   1   1   0   2   1   0   1   2   4   8   1  33   1   2  11   7   2   6  0.91 0.55
  259 Y    -1   1  -5  -6   2  -5  -6  -7  -1   0  -1  -1  -4   7  -7  -6  -1   2   5   0    6   7   0   0   4   1   0   0   2   5   5   3   0  36   0   0   3   3  18   6  1.12 0.62
  260 E    -4   8   0  -2  -9   0  -2  -7  -2   0  -5   0  -4  -9  -8  -5  -6  -5  -4  -3    2  69   5   3   0   4   2   0   1   5   1   4   0   0   0   1   0   0   1   2  1.93 0.98
  261 R    -1   5  -4  -4  -6  -4  -4  -6  -2   1   0   2   7  -2  -7  -5   0  -7  -2   0    5  26   1   1   0   0   1   0   1   7   8  12  23   2   0   0   6   0   2   5  0.93 0.58
  262 Y   -10  -8 -11 -12 -10  -6  -8 -10  -4 -10  -8  -6  -3   2 -11 -10  -8  13   4 -10    0   0   0   0   0   0   0   0   0   0   0   1   1   7   0   0   0  79  10   0  4.45 1.79
  263 M    -4   5   0   0  -3   0   4  -5   0  -1   0  -1   1  -4  -6  -3  -1   1  -4  -4    1  25   5   6   1   4  26   1   2   4   9   4   3   1   0   2   3   2   1   1  0.65 0.47
  264 K    -3   0  -5  -6  -4  -5  -6  -8  -2   0   2  -3   1   5  -8  -6  -5  -1   7  -2    2   5   1   1   0   0   0   0   1   5  21   2   3  19   0   1   1   1  35   3  1.33 0.70
  265 Y    -9  -7  -7 -10  -2  -5  -9 -10  -5  -8  -6  -9  -2   5 -10  -9  -9  -4  10  -8    0   0   0   0   1   1   0   0   0   0   1   0   1  18   0   0   0   0  78   0  3.35 1.45
  266 L    -6  -8  -8  -8  -4  -8  -9  -9  -6  -3   6  -8   3   6  -9  -7  -6  -3   0  -5    1   0   0   0   0   0   0   0   0   1  60   0   6  27   0   0   0   0   3   0  1.89 0.92
  267 T     4  -2   0   0   3  -1  -2  -2  -2  -1   0  -2   2  -5  -4   2   1   0  -3  -1   31   3   4   5   6   2   2   2   1   4   9   2   5   0   0  12   7   1   1   3  0.37 0.33
  268 G     2  -5  -7  -5   1  -4  -6   2  -5  -3  -3  -7   0  -2  -7   1  -2   3   7  -2   16   0   0   1   3   1   0  16   0   1   3   0   2   2   0  10   3   3  36   3  1.14 0.68
  269 C     0  -9  -6  -9  11  -8  -9  -3  -7  -6  -7  -9  -4  -1  -9   3  -3  -3  -3  -4    8   0   0   0  61   0   0   3   0   0   0   0   1   3   0  20   2   0   1   1  2.70 1.19
  270 A     4  -2  -5  -4  -7   0   5  -3  -6  -1  -5  -3  -2  -6  -5   0  -1   0  -6  -1   33   2   0   0   0   4  34   2   0   4   1   1   1   0   0   7   3   1   0   5  0.90 0.63
  271 E     4  -3  -2  -3  -4  -3   1   1  -2   0  -1  -3   0  -5  -4  -1  -1  -2  -1   0   39   2   2   1   0   1   9  11   1   6   6   1   2   0   1   5   3   1   3   7  0.49 0.39
  272 M     3  -3  -4  -6  -2  -3  -4   5  -6  -2   0  -6  -1  -1  -6   1  -1  -2  -1  -3   21   1   1   0   1   1   1  43   0   3   9   0   2   3   0   8   3   1   2   1  0.85 0.54
  273 F    -4 -10 -10 -11  -6  -7 -10  -9  -8  -7  -4 -10  -4  10  -9  -4  -9  -2   0  -8    2   0   0   0   0   0   0   0   0   0   1   0   0  90   0   2   0   1   2   0  3.41 1.41
  274 R     1   5  -1   0  -4   0   2  -3  -1  -4  -1   2  -2  -3  -5  -1  -1  -5  -4  -3   11  29   3   6   0   3  15   2   2   1   5  11   1   1   0   4   3   0   0   1  0.57 0.42
  275 I     1   1   0  -1  -1   2   1  -1   2  -2  -2  -1   0  -2  -4   1   2   0   0  -2   14   7   4   3   1   8   9   3   4   2   4   3   2   2   0  13  13   1   4   3  0.18 0.22
  276 G    -3   4   1   0  -3  -2  -1   5  -1  -8  -6   0  -4  -8  -7  -2  -5  -6  -6  -8    2  24   6   5   1   2   4  44   2   0   1   6   0   0   0   2   0   0   0   0  1.16 0.66
  277 Y     0   1   2   0  -3   0  -1   0   3  -1  -2   0  -2  -2  -4   1   2   2   2  -1    7   9   9   6   0   4   3   6   8   3   4   4   1   1   0   8  12   3   8   4  0.18 0.19
  278 I    -1  -6  -2  -5  -2  -4  -5  -1  -2   5   3  -5   2  -2  -7  -2   1   2  -4   0    5   0   3   0   1   1   0   5   1  33  25   0   4   1   0   3   7   3   0   5  0.74 0.46
  279 D    -3  -2   2   4  -3   2  -3   3   1  -5  -3  -4  -1  -3  -6   2   0  -7  -3  -3    1   2  11  21   1  11   1  20   4   1   3   0   2   1   0  12   7   0   1   2  0.57 0.43
  280 V    -2  -5   1   2   3  -6  -6  -6  -5   1   3  -7  -4  -6  -7  -5  -2  -7  -6   5    3   0   7  11   6   0   0   1   0   6  25   0   0   0   0   0   3   0   0  38  0.99 0.59
  281 N    -1  -3   0  -4  -3  -2  -5  -1   5  -2  -1  -4   1   3  -6   0  -2   5   5   1    6   1   4   1   1   1   0   6  12   3   5   1   3  11   0   6   2   8  21   9  0.67 0.44
  282 Q    -7   1  -7  -7  -2   8  -4  -8   6  -1  -4  -5   0  -5  -8  -6  -4  -9  -7  -5    0   8   0   0   1  66   1   0  14   4   2   0   2   1   0   0   1   0   0   1  2.31 1.19
  283 F    -4  -7  -6  -8  -4  -6  -7  -8  -4   5   2  -7   2   4  -7  -5  -2   2   3   2    1   0   0   0   0   0   0   0   0  31  19   0   4  14   0   1   3   3   9  15  1.07 0.57
  284 T    -2  -1  -5  -6  -2   1  -2  -5  -2  -1   3  -3  -1  -4  -6  -2   3  -6  -5   4    4   4   0   0   1   6   3   1   1   2  27   2   1   0   0   3  19   0   0  28  0.71 0.50
  285 C     0  -7  -8  -8   1  -7  -8  -6  -5  -1   4  -7   2   6  -8  -5  -5   0   1  -1    8   0   0   0   3   0   0   1   0   4  37   0   5  32   0   1   0   1   4   4  1.27 0.66
  286 Q     0   2  -2  -3  -4   1   1  -3   1  -4  -5   0  -4  -4  -5   3   3  -6  -3   2    9  12   1   1   0   5  11   2   3   0   0   5   0   1   0  20  17   0   1  12  0.47 0.41
  287 K    -7   6  -6  -7 -10  -5  -6  -8  -7  -9  -9   7  -8  -9  -8  -7  -7  -9  -8  -9    0  38   0   0   0   0   0   0   0   0   0  62   0   0   0   0   0   0   0   0  2.56 1.18

                      K         Lambda
Standard Ungapped    0.1377     0.3236
Standard Gapped      0.0469     0.2670
PSI Ungapped         0.1532     0.3177
PSI Gapped           0.0469     0.2670
