
Last position-specific scoring matrix computed, weighted observed percentages rounded down, information per position, and relative weight of gapless real matches to pseudocounts
            A   R   N   D   C   Q   E   G   H   I   L   K   M   F   P   S   T   W   Y   V   A   R   N   D   C   Q   E   G   H   I   L   K   M   F   P   S   T   W   Y   V
    1 Y    -6  -6  -7  -8  -7  -6  -7  -7  -3  -5  -5  -6  -5   6  -7  -6  -6   3   9  -5    0   0   0   0   0   0   0   0   0   0   0   0   0  30   0   0   0   3  67   0  2.69 0.79
    2 T    -1   1   0   1  -4   2   4  -4  -2  -2  -3   1  -2  -4  -3   1   3  -5  -3  -1    3   9   3   6   0   7  26   0   1   3   1   7   0   1   0   8  21   0   0   4  0.43 0.26
    3 R    -2   1   2   1  -4  -1   0  -2  -3   1   2   2   1  -2  -3  -1  -2  -4  -3   0    1   6  13   9   0   2   6   3   0   9  24  15   4   1   0   2   1   0   0   5  0.20 0.17
    4 Y    -3  -3  -3  -3  -3   2  -2  -5  -2   2   3  -1   3   3  -4  -3  -2  -1   0   0    1   0   1   1   0  12   2   0   1  14  35   3   7  12   0   0   1   1   2   6  0.49 0.27
    5 E    -2   0   0   0  -5   2   4  -1  -1  -2  -3   2  -3  -4  -4  -1  -1  -5  -2   0    2   4   4   4   0   9  36   4   1   3   1  13   0   0   0   4   4   0   1   9  0.48 0.28
    6 K    -4   3  -1  -2   1   1   1  -5  -1  -3  -1   6  -2  -5  -3  -3  -2  -4  -4  -2    0  15   3   1   4   5  10   0   2   1   6  47   1   0   1   1   2   0   0   3  0.81 0.39
    7 I    -3  -6  -7  -7  -5  -6  -6  -7  -7   7   3  -6  -1  -3  -6  -6  -3  -6  -5   2    2   0   0   0   0   0   0   0   0  61  26   0   0   0   0   0   0   0   0  10  1.51 0.53
    8 G    -2  -7  -5  -4  -7  -6  -6   8  -6  -8  -8  -6  -7  -7  -6  -4  -6  -7  -7  -7    3   0   0   1   0   0   0  96   0   0   0   0   0   0   0   0   0   0   0   0  2.56 0.78
    9 Q    -2   1  -2   0  -2   5   3  -1  -1  -5  -5   2  -3  -6  -4   2   0  -5  -4  -3    2   6   1   5   1  25  23   4   1   0   0  12   0   0   0  14   4   0   0   1  0.62 0.34
   10 G    -4  -7  -5  -6  -7  -6  -7   8  -6  -8  -8  -6  -7  -8  -7  -5  -6  -7  -8  -8    0   0   0   0   0   0   0 100   0   0   0   0   0   0   0   0   0   0   0   0  2.76 0.82
   11 A     4  -4  -2  -3  -4  -4  -2   0  -4  -5  -5  -4  -4  -5  -4   4   2  -6  -5  -4   41   0   2   1   0   0   1   6   0   0   0   0   0   0   0  37  11   0   0   0  1.01 0.48
   12 S    -2  -5  -4  -5  -3  -5  -5  -4  -4  -4  -4  -5  -3   6  -5   4   1  -3   5  -4    2   0   0   0   0   0   0   0   0   0   0   0   1  33   0  33  10   0  20   1  1.25 0.53
   13 G    -2  -6  -4  -5  -3  -6  -6   7  -6  -8  -7  -5  -7  -7  -6  -2  -5  -6  -7  -7    2   0   0   0   1   0   0  94   0   0   0   0   0   0   0   3   0   0   0   0  2.42 0.74
   14 T     0  -2  -1   1  -2   1   2   0  -1  -1  -3   1  -2  -4  -1   2   2  -4  -3   0    6   1   1   9   0   5  13   7   1   4   1   8   1   0   2  18  13   0   0   9  0.20 0.17
   15 V    -4  -6  -7  -7  -5  -6  -6  -7  -7  -1  -3  -6   0  -5  -6  -6  -4  -7  -5   8    0   0   0   0   0   0   0   0   0   1   0   0   2   0   0   0   0   0   0  95  2.35 0.78
   16 F    -5  -5  -6  -6   3  -4  -6  -6   1  -4  -4  -4  -3   5  -6  -4  -5   2   8  -3    0   0   0   0   7   0   0   0   3   1   0   1   0  25   0   1   0   2  55   2  1.97 0.66
   17 T    -2   2  -3  -4  -2  -2  -2  -4  -3   0   0   5  -1  -4  -4  -1   1  -5  -3   1    2   9   0   0   1   0   1   0   0   5  11  46   1   0   0   3  11   0   0   9  0.68 0.36
   18 A     6  -5  -5  -5  -1  -4  -5   3  -5  -5  -5  -4  -3  -6  -5  -2  -3  -6  -5  -2   72   0   0   0   1   0   0  22   0   0   0   0   0   0   0   2   0   0   0   2  1.51 0.60
   19 T    -2   3  -2  -3  -3   1  -2  -4   0   2   0   2   0   0  -4  -2   1  -3   1   1    1  22   1   1   0   6   1   0   2  13   8  12   2   4   0   2   9   0   6  11  0.27 0.20
   20 D    -3  -1   3   4  -2   0   2  -4   6  -2  -4  -2  -2  -4  -3   0  -2  -4  -1  -3    1   3  14  26   1   4  11   0  20   3   1   2   1   0   1   7   1   0   2   2  0.67 0.33
   21 V    -2   2   1  -3  -4  -1  -2  -4  -2   1   0   4  -1  -3  -2  -1   1  -4  -1   1    1  12   8   0   0   1   1   0   0  10   8  32   1   0   1   4   8   0   2   9  0.37 0.24
   22 A     1   2   0   0  -3   1   1   0   0  -3  -3   1  -2  -4   0   1   0  -1  -3  -1   16  13   3   6   0   6  11   6   2   1   1   9   0   0   3   9   6   1   0   5  0.18 0.14
   23 L    -3  -2   1  -1  -3  -3  -3  -4  -3  -4  -3  -3  -4  -5  -4   3   7  -6  -4  -3    1   2   7   4   0   0   1   1   0   0   2   1   0   0   0  17  62   0   0   1  1.27 0.55
   24 G    -2   1   3   0  -5   1  -2   5  -2  -6  -5   1  -4  -5  -3  -1  -3  -5  -5  -5    1   8  16   4   0   6   2  46   1   0   1  10   0   0   1   4   1   0   0   0  0.84 0.36
   25 Q     0   3   0  -1  -3   3   3  -2   1  -3  -3   2  -1  -2  -3  -1   0  -4  -2  -2    6  15   3   3   0  17  20   2   3   1   2  12   2   2   0   2   6   0   1   3  0.36 0.23
   26 E    -1   0  -2  -2   0   1   0  -4  -1   2   1   0   1  -1   0  -1   1  -3  -1   1    1   5   1   1   2   7   8   0   1  12  18   7   3   2   4   4   9   0   1  13  0.12 0.12
   27 V     1  -6  -6  -6  -1  -5  -6  -5  -6   0  -1  -5  -1  -3  -5  -4  -3  -6  -3   7   13   0   0   0   1   0   0   0   0   3   3   0   1   1   0   1   1   0   1  75  1.49 0.57
   28 A     7  -5  -6  -6  -4  -5  -5  -4  -6  -5  -5  -5  -5  -6  -5  -3  -3  -7  -6  -4   98   0   0   0   0   0   0   0   0   0   0   0   0   0   0   0   1   0   0   0  2.23 0.78
   29 I    -1  -6  -6  -6  -4  -6  -6  -7  -6   7   0  -6  -1  -4  -6  -5  -4  -6  -5   4    4   0   0   0   0   0   0   0   0  66   6   0   1   0   0   0   0   0   0  22  1.59 0.55
   30 K    -5  -1  -4  -5  -7  -3  -3  -6  -5  -7  -7   8  -6  -7  -5  -4  -5  -7  -6  -6    0   1   0   0   0   0   0   0   0   0   0  98   0   0   0   0   0   0   0   0  2.62 0.85
   31 Q    -3   0  -3  -3   1   4   0  -5   1   3  -1   3   1  -3  -4  -3  -2  -5  -4   2    1   4   0   0   3  24   4   0   3  16   3  17   3   1   0   0   2   0   0  19  0.51 0.31
   32 I    -4  -6  -6  -6   0  -5  -6  -6  -6   6   0  -5   8  -2  -6  -5  -4  -5  -4   2    0   0   0   0   2   0   0   0   0  42   3   0  36   1   0   0   0   0   0  14  1.60 0.58
   33 N    -2  -2   4   5  -5  -1   1  -3  -2  -3  -4   1  -4  -5   3   0  -3  -6  -4  -3    2   2  18  33   0   2   7   0   1   2   1  11   0   0  13   5   1   0   0   2  0.72 0.34
   34 L    -3  -5  -4  -6  -3  -4  -4  -6  -4   2   5  -3   2   0  -3  -4  -1  -4  -3   2    0   0   1   0   0   0   1   0   0  10  63   1   4   3   1   1   3   0   0  11  0.95 0.39
   35 Q     0   1   0   1  -1   1   4  -3  -1  -4  -4   2  -3  -4  -2   0   1  -4  -4  -3    7   8   4   7   1   4  37   1   1   0   1  11   0   1   2   4   8   0   0   2  0.50 0.27
   36 K     0   0   1   0  -3   2   2   0   1  -3  -3   2  -2  -4   0   2   0  -4  -2  -3    6   4   7   5   0  11  11   7   3   0   2  16   1   0   5  17   4   0   1   1  0.27 0.18
   37 Q    -1  -1  -2   1  -4   6   3   0  -1  -4  -2   0  -3  -5  -3  -1  -1  -2  -4  -3    6   1   1   9   0  39  17   7   1   0   5   4   0   0   0   4   3   1   0   1  0.69 0.35
   38 P    -2  -1   1   4  -4   1   3  -3  -2  -2  -3  -1  -4  -5   4   0  -1  -5  -3  -3    1   3   6  24   0   7  17   1   0   2   2   2   0   0  22   6   3   0   1   1  0.64 0.30
   39 K    -3   3   1   4  -4   0   3  -3  -2  -4  -4   3  -3  -6  -4  -2  -2  -6  -5  -4    1  17   5  28   0   2  17   1   1   1   1  22   0   0   0   1   1   0   0   1  0.79 0.36
   40 K    -3   2  -3  -2  -3   0   1  -4  -2   2   1   4  -1   1  -1  -2  -2  -2  -1  -1    1   9   0   2   0   2   8   1   1  14  16  29   1   6   3   1   0   0   1   4  0.31 0.22
   41 E    -1  -2   0   3  -5   2   5  -3  -2  -1  -4  -1  -2  -5  -3   1  -2  -5  -4  -4    5   1   3  17   0   7  44   1   1   4   0   3   1   0   1   9   2   0   0   0  0.75 0.35
   42 L    -1  -3  -2   3  -3  -1   2  -3  -2   0   3  -2   2  -2  -3  -1  -2  -4  -2   0    4   1   1  17   0   1  15   1   1   4  36   1   5   0   1   4   2   0   1   5  0.34 0.23
   43 I    -3  -5  -5  -2  -2  -5  -5  -6  -4   6   3  -3   0   0  -5  -4  -2  -4   0   1    1   0   0   3   1   0   0   0   0  53  23   2   1   3   0   1   2   0   3   8  0.95 0.38
   44 I    -2   0  -3  -3  -1   4  -1  -4  -3   3   1  -1   1   1  -4  -2  -1  -3  -2   2    3   5   0   0   1  24   4   0   0  19  11   4   4   6   0   1   2   0   1  15  0.37 0.24
   45 N    -3   0   6  -1  -5   4  -2  -2  -1  -3  -3   2  -2  -4  -4  -1   1  -5  -4  -2    1   5  40   2   0  20   1   2   1   1   2  10   1   1   0   2   8   0   0   4  0.78 0.38
   46 E    -5  -4  -4  -2  -8  -1   8  -6  -4  -5  -7  -3  -6  -7  -5  -4  -5  -7  -6  -6    0   0   0   0   0   1  98   0   0   1   0   0   0   0   0   0   0   0   0   0  2.55 0.83
   47 I    -4  -6  -5  -7  -5  -6  -7  -7  -7   8   0  -6  -1  -3  -6  -6  -3  -6  -3   2    1   0   0   0   0   0   0   0   0  82   6   0   0   0   0   0   1   0   1   9  1.90 0.61
   48 L     1   0   1   0  -1   0   0  -2   0   0   1   0   1  -1  -2   1   0  -3  -2   0   11   4   7   6   1   5   6   2   2   7  14   5   5   2   0  12   6   0   0   7  0.06 0.07
   49 V    -3  -5  -3  -5  -4  -4  -5  -6  -1   5   0  -5   4   0  -5  -4   0  -5  -3   4    1   0   1   0   0   0   0   0   2  34   6   0  13   3   0   1   5   0   0  34  0.93 0.38
   50 M    -4  -5  -6  -7  -5  -2  -6  -6  -4  -2   4  -5   9  -3  -6  -5  -3  -5  -5  -2    0   0   0   0   0   1   0   0   0   1  43   0  51   0   0   0   1   0   0   1  1.87 0.64
   51 K     0   4  -2  -3  -2   2  -2  -4  -2  -4  -4   5  -3  -5  -4   2  -2  -5  -4  -4    8  20   1   0   1   7   1   0   0   0   0  41   0   0   0  16   1   0   0   0  0.84 0.39
   52 E     0  -1   0   2  -4   4   3  -1  -2  -3  -3   1   0  -4  -3   0   0  -5  -4  -3    7   2   3  12   0  23  22   4   1   1   2   6   2   0   0   8   5   0   0   1  0.46 0.26
   53 L    -3  -4   1  -4   9  -4  -5  -4  -2  -2   0  -4  -1  -1  -5   3  -2  -4   3  -2    1   0   7   0  41   0   0   0   1   2  10   0   1   2   0  22   2   0  10   1  1.20 0.47
   54 K    -1   4   2   2  -3   2  -1  -3   2  -4  -4   3  -3  -4  -2   0  -1  -4  -3  -4    4  23   8  13   0  10   2   1   5   0   1  22   0   1   1   6   2   0   0   1  0.53 0.27
   55 N    -4  -4   1  -3  -2  -3  -4  -5  10  -6  -6  -4  -5  -4  -5   3  -4  -6  -1  -6    1   0   7   1   1   1   0   0  62   0   0   0   0   0   0  24   0   0   1   0  2.11 0.69
   56 P    -1   0  -2   1  -5  -1   1  -4  -1  -5  -4   1  -5  -5   7  -1  -3  -6  -3  -4    5   5   2   8   0   3   9   1   1   0   1   9   0   0  51   3   1   0   1   1  1.15 0.42
   57 N    -4  -3   8  -3  -1  -3  -4  -4   2  -6  -6  -4  -5   0  -5  -2  -4  -2   4  -6    1   0  68   0   1   1   0   0   4   0   0   0   0   4   0   2   0   1  16   0  1.77 0.62
   58 I    -4  -5  -5  -6  -4  -5  -6  -6  -6   7   1  -5  -1  -3  -5  -5  -3  -5  -4   4    0   0   1   0   0   0   0   0   0  62   8   0   0   0   0   0   1   0   0  27  1.45 0.49
   59 V    -2  -5  -5  -5  -4  -5  -5  -6  -6   2  -2  -5  -2  -4  -5  -4   3  -6  -4   6    2   0   0   0   0   0   0   0   0   9   1   0   0   0   0   0  18   0   0  68  1.37 0.52
   60 N    -1   2   5  -1  -4   2   1  -1  -1  -5  -5   3  -3  -4  -2   0   0  -5  -4  -4    6  10  33   1   0   9   8   3   1   0   0  18   0   1   1   5   4   0   0   0  0.61 0.30
   61 F    -5  -5  -5  -6   1  -5  -4  -6  -1  -3  -1  -5   2   5  -6  -4  -4  -2   8  -4    0   0   0   0   3   0   1   0   1   1   6   0   6  22   0   1   0   0  58   0  1.84 0.59
   62 L    -3  -2  -4  -5  -4  -3  -3  -5   3   3   2  -2   0   3  -5  -4  -3  -1   6   0    1   1   0   0   0   0   1   0   7  16  21   3   1  12   0   0   1   0  29   5  0.74 0.32
   63 D    -1  -2   0   5  -5  -2   2   4  -3  -5  -5  -1  -5  -5  -4  -1  -2  -5  -5  -5    4   1   3  30   0   1  16  36   0   0   1   2   0   0   0   3   1   0   0   0  0.87 0.36
   64 S     2  -4  -2  -4   4  -3  -4  -3  -3  -4  -5  -3  -4  -4  -4   6   0  -6  -5  -4   17   0   1   0   8   0   0   0   0   1   0   0   0   0   0  67   3   0   0   0  1.29 0.55
   65 Y    -4  -5  -5  -6  -2  -5  -5  -6   1  -3  -2  -5  -4   6  -6  -4  -4   0   8  -2    1   0   0   0   1   0   0   0   3   1   3   0   0  35   0   1   1   1  52   2  1.87 0.58
   66 L    -3  -1  -3  -4  -1  -2  -4  -5  -3   1   5  -2   2   2  -4  -2  -2  -2   1   0    1   3   1   1   1   2   1   0   0   5  56   2   4   7   0   2   2   0   5   6  0.61 0.29
   67 V    -2   2  -1  -1  -1   0  -1  -3   1   0   0   2  -1  -1  -3  -1  -1   3   0   2    1  11   3   2   1   3   2   1   5   5   7  18   0   3   0   2   3   4   2  24  0.19 0.17
   68 G    -2   1   2   3  -4  -1   2   4  -1  -5  -4   1  -3  -5  -2  -1  -2  -5  -4  -4    1   9  10  20   0   2  12  30   1   0   2   8   0   0   1   2   1   0   0   0  0.56 0.26
   69 D    -1  -2   2   4  -4   0   2   2   1  -3  -4  -1  -3  -3  -3   1   0  -1  -1  -3    2   1  12  26   0   4  12  14   3   1   0   2   1   1   0   9   7   1   3   1  0.41 0.22
   70 E    -2   0   0   3  -2   1   4  -3   0  -3  -4   3  -3  -3  -3   0  -1  -2  -1  -3    2   3   4  19   1   4  27   0   2   1   1  21   0   1   0   4   4   1   2   1  0.51 0.26
   71 L    -4  -5  -6  -7  -2  -4  -6  -7  -6   1   6  -5   1  -2  -5  -5  -4  -2  -3   0    0   0   0   0   1   1   0   0   0   4  85   0   2   1   0   0   0   0   0   4  1.50 0.52
   72 F    -6  -7  -8  -9  -7  -6  -7  -7  -5  -5  -4  -7  -3  -2  -8  -6  -7  13  -1  -6    0   0   0   0   0   0   0   0   0   1   1   0   1   1   0   0   0  94   1   0  4.55 1.07
   73 V    -4  -4  -6  -6  -4  -5  -6  -6  -6   6   1  -5   1  -3  -5  -5  -3  -5  -4   5    0   1   0   0   0   0   0   0   0  50  10   0   3   0   0   0   0   0   0  35  1.28 0.45
   74 V     0  -5  -5  -5   2  -5  -4  -5  -5   4   0  -5   0  -3  -5  -2  -1  -5  -3   6    6   0   0   0   5   0   1   0   0  19   8   0   1   0   0   2   2   0   0  55  0.96 0.38
   75 M    -5  -5  -5  -7  -5  -4  -6  -7  -6   0   0  -5  11  -4  -6  -5  -3  -5  -5  -2    0   0   0   0   0   0   0   0   0   5   4   0  88   0   0   0   1   0   0   1  2.90 0.85
   76 E    -5  -4  -4   1  -7  -2   8  -6  -4  -5  -7  -2  -6  -7  -5  -4  -5  -7  -6  -6    0   0   0   7   0   0  91   0   0   0   0   1   0   0   0   0   0   0   0   0  2.23 0.73
   77 Y    -5  -6  -6  -7  -1  -5  -6  -7   0  -4  -1  -6  -3   5  -7  -5  -5  -2   9  -4    0   0   0   0   1   0   0   0   1   0   6   0   0  25   0   0   0   0  66   0  2.23 0.67
   78 L    -3  -5  -6  -6   8  -5  -6  -5  -5  -1   3  -5   7  -4  -4  -4  -4  -5  -3  -1    1   0   0   0  33   0   0   0   0   1  23   0  35   0   1   0   0   0   1   3  1.68 0.56
   79 A     1  -2   0   3  -4   0   3   3  -3  -5  -5  -2  -2  -5  -1   1  -2  -5  -4  -4   11   1   3  20   0   3  25  23   0   0   0   1   1   0   3   8   0   0   0   0  0.58 0.28
   80 G     1  -4  -4  -4  -2  -4  -4   7  -5  -5  -3  -4  -3  -4  -4  -3  -4  -5  -4  -3   10   1   0   0   1   0   1  79   0   0   2   0   1   1   0   0   0   0   0   2  1.65 0.52
   81 G    -3  -5  -4  -4  -5  -4  -4   7  -5  -5  -6  -5  -6  -6  -5  -3  -4  -5  -6  -6    0   0   0   0   0   1   1  93   0   1   0   0   0   0   0   1   1   0   0   0  2.22 0.63
   82 S     2  -3  -1  -3   3  -3  -3  -3  -4  -5  -5  -3  -4  -5  -1   6   1  -5  -5  -4   16   1   2   0   6   0   0   0   0   0   0   1   0   0   2  64   6   0   0   0  1.15 0.49
   83 L    -1  -5  -5  -6   5  -4  -5  -5  -5   1   5  -5   1  -2  -5  -4  -3  -4  -4   2    5   0   0   0  11   0   0   0   0   6  58   0   2   0   0   0   0   0   0  16  0.96 0.37
   84 T     1   0  -1   0  -2   1  -1  -2  -2  -2   0  -2  -2  -3  -3   1   5  -4  -3  -2    9   4   2   4   1   7   2   1   1   1  10   1   0   0   0  12  42   0   0   1  0.50 0.30
   85 D    -3  -4   0   8  -6  -2   1  -3  -3  -6  -6  -3  -3  -6  -4  -1  -3  -7  -6  -6    2   0   2  78   0   1   7   1   0   0   0   1   1   0   0   3   1   0   0   0  1.83 0.58
   86 V    -2  -5  -5  -5  -1  -4  -5  -6  -5   5   3  -5   1  -2  -5  -4  -2  -5  -3   4    2   0   0   0   1   0   0   0   0  32  28   0   3   1   0   1   1   0   0  31  0.93 0.35
   87 V    -2  -4  -5  -5  -2  -4  -4  -5  -4   4   2  -4   4  -2  -5  -4  -3  -4   2   4    2   0   0   0   0   0   0   0   0  26  20   0  14   0   0   0   0   0   7  27  0.78 0.33
   88 T    -1   1  -1   1  -2   0   1  -3   2  -2  -1   2  -1  -4  -3   1   3  -4  -2  -2    2   7   2   7   1   3   8   1   5   1   6  16   2   0   0   9  27   0   0   2  0.30 0.21
   89 E     0   0   2   1  -2   1   2  -1   2  -2  -2   1  -1  -1   2   0   0  -3  -1  -1    9   5  11   5   1   7  15   2   5   1   2   7   1   3   9   5   4   0   2   5  0.17 0.11
   90 T    -1   0   2  -2   2  -1  -2   2   0  -2  -3   0  -2  -1  -2   0   3  -4  -2  -1    2   6  12   0   4   1   2  20   3   2   1   7   1   2   1   6  24   0   1   3  0.28 0.19
   91 C    -1   2  -2  -2   2   0  -1  -1  -1   1  -1   0  -1  -2   4  -1   1  -4   0   0    2  12   1   1   6   3   2   6   2   9   5   5   2   2  22   2   9   0   3   6  0.26 0.15
   92 M    -4  -5  -6  -6  -1  -4  -5  -6  -4   2   5  -5   6   3  -5  -5  -4  -3  -3  -1    0   0   0   0   1   0   0   0   0   9  50   0  24  13   0   0   0   0   0   1  1.16 0.43
   93 D    -1  -1   2   2  -2   0   1  -2  -2  -3  -4   0  -2  -4   0   3   3  -5  -3  -3    3   3  11  11   1   4   9   1   0   0   0   5   1   0   5  22  22   0   1   0  0.40 0.24
   94 E    -4  -3  -4  -2  -7  -1   8  -6  -4  -7  -6  -3  -6  -7  -4  -3  -4  -6  -6  -5    0   0   0   1   0   1  96   0   0   0   0   0   0   0   0   0   0   0   0   1  2.34 0.75
   95 A     0   0   0   2  -2   1   2   1  -1  -3  -2   0  -1  -3   2   0   0  -4  -2  -2    7   5   2  12   1   5  13  14   1   1   4   6   2   1  12   8   6   0   1   2  0.22 0.12
   96 Q    -3  -2  -3  -2  -1   7   2  -4   4  -2  -2  -2  -1  -3  -4  -2  -3   0   2  -2    1   0   0   1   1  52  12   1  10   3   3   0   2   1   0   1   1   1   7   2  1.07 0.47
   97 I    -4  -6  -5  -6  -3  -6  -6  -5  -6   8  -2  -6   2  -4  -6  -5  -2  -6  -5   0    0   0   0   0   0   0   0   1   0  88   0   0   5   0   0   0   2   0   0   2  2.01 0.63
   98 A     6  -1  -4  -4  -3  -2  -4  -1  -4  -3  -5  -3  -3  -5  -3   2  -3  -5  -5  -3   74   3   0   0   0   1   0   4   0   1   0   1   0   0   0  13   0   0   0   0  1.25 0.51
   99 A     2  -2  -2  -4  -1  -3  -3  -3  -2   2  -1  -3  -2   1  -4   0   3  -2   4   1   22   2   1   0   1   0   1   1   1  12   3   0   0   7   0   5  20   0  16   8  0.37 0.24
  100 V    -3  -5  -6  -6  -1  -5  -6  -6  -6   6  -1  -5   0  -2  -5  -5  -3  -5  -4   5    1   0   0   0   1   0   0   0   0  47   2   0   2   1   0   0   0   0   0  44  1.36 0.47
  101 C    -1  -5  -5  -5   9  -5  -5  -5  -5  -1   2  -5   0  -3  -5   1   0  -5  -4   0    4   0   0   0  46   0   0   0   0   3  20   0   2   1   0  11   5   0   0   6  1.33 0.45
  102 R    -2   6  -2  -3  -3   1  -1  -3   1  -4  -2   3  -2  -1  -4  -2  -3  -1   0  -3    3  50   1   1   0   6   2   1   3   1   4  18   0   2   0   2   1   1   4   1  0.87 0.36
  103 E    -2  -3  -1   1  -2   3   6  -3  -2  -6  -4  -1  -4  -3  -2  -1  -3  -5  -2  -5    3   0   3   4   1  11  65   2   0   0   1   2   0   1   1   5   0   0   1   0  1.20 0.48
  104 C     0  -4  -4  -4   5  -4  -4  -4  -4   2   1  -4   1  -3  -4  -1   3  -4  -4   3    7   0   0   0  14   0   0   0   0  14  13   0   3   0   0   3  25   0   0  20  0.60 0.29
  105 L    -3  -5  -6  -6   3  -5  -6  -6  -6  -1   6  -5  -1  -2  -5  -5  -3  -5  -4  -1    1   0   0   0   6   0   0   0   0   1  85   0   0   1   0   0   1   0   0   3  1.48 0.51
  106 Q    -2   2   0  -2  -2   4   1  -3   1  -3   0   4   0  -3  -3  -1  -2  -4  -3  -3    1   9   4   1   1  20   9   1   3   1  12  30   3   1   0   2   1   0   1   1  0.47 0.26
  107 A     3  -5  -3  -4  -4  -4  -4   6  -5  -5  -5  -4  -5  -5  -4  -2  -4  -5  -5  -5   28   0   0   0   0   0   0  69   0   0   0   0   0   0   0   1   0   0   0   0  1.60 0.52
  108 L    -4  -5  -6  -6  -4  -5  -6  -6  -6   0   6  -5  -1  -3  -6  -5  -4  -5  -4  -1    0   0   0   0   0   0   0   0   0   4  92   0   0   0   0   0   0   0   0   1  1.69 0.55
  109 E     1  -1   0   3   0   1   3  -2   1  -2  -3  -1  -2  -3  -3   1  -1  -4  -2  -1   15   2   3  21   2   8  19   1   4   2   1   3   0   1   0   9   2   0   1   5  0.32 0.19
  110 F    -4  -3  -5  -5  -3  -3  -5  -5   5  -4  -4  -5  -3   5  -6  -3  -5  -2   8  -4    1   1   0   0   0   1   0   1  15   0   0   0   0  25   0   1   0   0  52   0  1.87 0.58
  111 L    -4  -5  -6  -6  -4  -5  -5  -6  -5   1   6  -5   1  -2  -5  -5  -4  -4  -4  -2    0   0   0   0   0   0   0   0   0   5  89   0   3   0   0   0   0   0   0   1  1.61 0.53
  112 H    -5  -4  -3  -4  -7  -3  -4  -6  11  -7  -6  -5  -5  -5  -5  -5  -5  -6  -2  -7    0   0   0   0   0   0   0   0  96   0   0   0   0   0   1   0   0   0   0   0  3.59 0.91
  113 A     0   1   0   0  -3   1   0   0   0  -3  -3   1  -2  -3  -3   4   0  -4  -3  -3    8   6   4   5   0   5   6   5   2   1   2   8   0   1   0  43   4   0   0   1  0.43 0.25
  114 N    -2   1   3  -1  -1   3   2  -2   3  -2  -1   2   0  -2  -3  -1  -2  -3  -2  -3    1   9  17   2   2  15  12   2   9   2   6  13   3   2   0   3   1   0   0   1  0.33 0.20
  115 Q    -2   2   3   0  -4   1  -2   4   3  -5  -4   2  -2  -2  -3   0  -2  -4  -2  -4    1  11  15   3   0   5   1  31   9   0   1  12   1   2   1   6   0   0   1   0  0.53 0.25
  116 V    -3   2  -3  -4  -3  -2  -3  -5  -3   4  -2   4   0  -3  -4  -2  -2  -5  -4   3    0  10   0   0   0   0   0   0   0  27   1  31   2   1   0   2   1   0   0  24  0.69 0.34
  117 I    -4  -6  -6  -6  -2  -6  -6  -7  -6   7   1  -6   1  -3  -6  -5  -3  -5  -4   1    0   0   0   0   1   0   0   0   0  77  12   0   3   0   0   0   0   0   0   6  1.66 0.54
  118 H    -6  -4  -3  -5  -7  -4  -4  -6  11  -7  -7  -5  -6  -3  -6  -3  -6  -6  -1  -7    0   0   0   0   0   0   0   0  95   0   0   0   0   1   0   2   0   0   1   0  3.54 0.92
  119 R    -5   8  -3  -5  -7  -3  -4  -5  -4  -7  -6   0  -5  -6  -6  -4  -5  -6  -5  -6    0  95   1   0   0   0   0   0   0   0   0   2   0   0   0   0   0   0   0   0  2.57 0.76
  120 D    -5  -5  -1   8  -7  -4  -2  -4  -5  -7  -7  -3  -7  -7  -5  -2  -5  -8  -5  -7    0   0   1  94   0   0   0   0   0   0   0   1   0   0   0   2   0   0   0   0  2.53 0.74
  121 I    -4  -6  -6  -6  -4  -5  -6  -6  -6   7   0  -5  -2  -3  -6  -5  -4  -5  -4   3    0   0   0   0   0   0   0   0   0  76   7   0   0   0   0   0   0   0   0  14  1.70 0.54
  122 K    -4   0  -4  -4  -6  -2  -3  -3  -4  -6  -6   8  -5  -6  -4  -4  -4  -6  -5  -6    0   2   0   0   0   0   0   2   0   0   0  94   0   0   0   0   0   0   0   0  2.22 0.71
  123 S     4  -3  -3  -3   2  -3  -3   1  -4  -4  -3  -3  -4  -5  -2   5  -2  -5  -4  -4   32   1   0   0   3   0   0  10   0   0   2   0   0   0   1  49   1   0   0   0  0.93 0.43
  124 D     3  -4  -2   6   1  -2  -2   2  -3  -5  -3  -3  -4  -5  -4  -2  -3  -5  -5  -4   29   0   1  43   3   1   1  17   1   0   2   0   0   0   0   1   0   0   0   0  0.95 0.40
  125 N    -5  -4   9  -2   0  -4  -4  -4  -3  -6  -7  -4  -6  -6  -5   0  -3  -7  -5  -6    0   0  88   0   2   0   0   0   0   0   0   0   0   0   0   7   0   0   0   0  2.39 0.73
  126 V    -4  -5  -6  -6  -2  -5  -6  -6  -6   6  -1  -5  -1  -3  -5  -5  -3  -5  -4   5    0   0   0   0   0   0   0   0   0  56   2   0   1   0   0   0   1   0   0  39  1.51 0.50
  127 L    -5  -5  -6  -6  -4  -5  -6  -7  -6  -1   7  -5   0  -2  -6  -5  -4  -5  -4  -2    0   0   0   0   0   0   0   0   0   0  96   0   1   1   0   0   0   0   0   0  1.85 0.60
  128 L    -4  -5  -6  -6  -4  -5  -5  -6  -5   1   6  -5   2  -1  -5  -5  -2  -4  -4   0    0   0   0   0   0   0   0   0   0   7  79   0   4   2   0   0   3   0   0   5  1.32 0.46
  129 G    -1  -1   2   1  -2  -3  -2   3  -2  -4  -4  -2  -2  -5  -3   3   4  -5  -4  -3    4   3  10   8   1   0   0  20   0   0   0   1   1   0   1  25  25   0   0   0  0.58 0.30
  130 M     0  -1   0   1  -2   0   2  -2   1  -1   1   0   3  -2  -2   1   1  -4  -2  -2    8   3   3   9   0   2  16   1   3   1  14   4  11   1   1  13   8   0   0   1  0.16 0.15
  131 E    -2   1   3   5  -3   1   1  -2   1  -4  -4   0  -2  -4  -3   1   0  -5  -3  -4    2   6  14  34   0   7   9   2   3   0   1   5   1   0   1   9   5   0   0   0  0.58 0.27
  132 G    -1  -2  -4  -5  -1  -5  -5   7  -5  -7  -6  -5  -6  -5  -5  -3  -4  -6  -6  -6    3   2   0   0   2   0   0  91   0   0   0   0   0   0   0   1   0   0   0   0  2.11 0.62
  133 S    -1   1   1   3  -3   2   2  -1   2  -3  -3   0  -2  -3  -3   2  -1  -4  -2  -2    3   7   7  17   0   9  16   3   6   1   1   5   1   1   0  16   3   0   1   3  0.33 0.19
  134 V     0  -5  -6  -6   0  -5  -5  -5  -6   3  -2  -5  -2  -4  -5  -4  -3  -6  -4   6    6   0   0   0   2   0   0   1   0  17   1   0   0   0   0   0   0   0   0  71  1.41 0.50
  135 K    -4  -1  -4  -4  -5  -2  -3  -5  -4  -6  -5   8  -5  -6  -5  -3  -4  -6  -5  -6    1   1   0   0   0   1   0   0   0   0   0  95   0   0   0   0   0   0   0   0  2.29 0.72
  136 L    -3  -5  -6  -6  -4  -5  -5  -6  -5   3   6  -5   0  -2  -5  -5  -4  -4  -4   0    1   0   0   0   0   0   0   0   0  16  76   0   1   0   0   0   0   0   0   4  1.33 0.46
  137 T     5  -4  -3  -4  -1  -3  -4  -1  -4  -4  -4  -3  -4  -5  -4   1   4  -5  -4  -1   56   0   0   0   1   0   0   4   0   0   0   0   0   0   0   8  27   0   0   3  1.03 0.45
  138 D    -5  -5  -2   8  -7  -4  -2  -4  -5  -7  -7  -4  -6  -7  -5  -4  -5  -7  -6  -7    0   0   0  97   0   0   0   1   0   0   0   0   0   0   0   0   0   0   0   0  2.67 0.76
  139 F    -6  -6  -6  -7  -6  -7  -7  -7  -5  -3  -2  -6  -2   9  -7  -6  -6  -3  -1  -4    0   0   0   0   0   0   0   0   0   1   1   0   0  95   0   0   0   0   0   0  2.87 0.77
  140 G    -3  -6  -4  -3  -6  -5  -4   7  -5  -7  -7  -5  -6  -6  -5  -3  -5  -6  -6  -6    0   0   0   1   0   0   1  95   0   0   0   0   0   0   0   1   0   0   0   0  2.33 0.66
  141 F    -4  -5  -5  -6  -4  -3  -5  -6  -2   0   0  -5  -1   6  -5  -4  -3  -3   2   5    0   0   0   0   0   1   0   0   1   2   5   0   1  36   0   0   0   0   7  45  1.17 0.43
  142 C     3  -5  -4  -4   8  -4  -4  -3  -5  -4  -4  -4  -4  -2  -4   4  -2  -5  -4  -3   24   0   0   0  37   0   0   1   0   0   0   0   0   2   0  32   1   0   0   1  1.40 0.50
  143 A     6  -4  -4  -4  -3  -2  -2   2  -4  -3  -4  -3  -4  -4  -4  -1   0  -5  -4  -1   68   0   0   0   0   1   2  16   0   1   0   0   0   0   0   1   5   0   0   3  1.08 0.45
  144 Q    -4   0  -2  -3  -6   8   0  -4  -1  -4  -4   2  -3  -6  -4  -2  -2  -5  -4  -5    0   4   2   0   0  69   3   0   1   1   2  13   0   0   0   1   2   0   0   0  1.60 0.59
  145 I    -4  -5  -1  -6  -4  -4  -5  -6  -5   4   5  -5   1  -2  -5  -5  -3  -5  -4   0    0   0   5   0   0   0   0   0   0  20  68   0   2   0   0   0   1   0   0   4  1.17 0.43
  146 T    -1  -3   2  -1  -3  -2  -2  -2  -2  -3  -3  -1  -2  -4  -4   3   5  -5  -4  -3    3   1   9   3   0   1   2   2   1   1   1   2   1   0   0  24  48   0   0   1  0.83 0.40
  147 P     1   0   2   2  -3   1   2  -1   0  -4  -4   1  -2  -4   2   1  -1  -4  -3  -3   12   4  11  15   0   4  15   2   2   0   1   8   1   0  11   8   3   0   0   1  0.34 0.18
  148 E     0  -1   0   1  -3   2   3  -1  -1  -1  -3  -1  -2  -4  -2   0   4  -4  -3  -2    5   3   5   6   0   9  18   3   1   3   1   2   0   0   1   5  34   0   1   1  0.43 0.26
  149 Q    -1   2  -1  -1  -2   2  -1  -2   1   1   1   1   3   0  -3   0  -1  -3  -2   0    3  11   3   3   1  13   2   2   5   9  11  10  11   3   0   5   3   0   0   5  0.13 0.13
  150 S     1   0   2   0  -2   1  -1   0  -1  -3  -2   0  -2  -3   1   3   1  -4  -3  -3   11   3  10   5   1   7   2   6   1   1   3   5   1   1   7  29   7   0   0   1  0.28 0.19
  151 K    -3   3  -2  -4  -6   1  -1  -4  -3  -5  -5   7  -3  -4  -4  -3  -2  -6  -4  -4    1  17   1   0   0   6   2   0   0   0   0  67   1   1   0   1   2   0   0   1  1.38 0.51
  152 R    -3   8  -3  -5  -2   0  -3  -4  -1  -6  -5   1  -5  -6  -4  -3  -4  -6  -5  -5    1  84   0   0   1   3   0   1   1   0   0   5   0   0   1   1   0   0   0   0  2.03 0.65
  153 S     0   0   5   0  -1   0   0  -2   1  -3  -3   2  -2  -4  -3   1   1  -5  -3  -2    9   5  29   5   2   4   3   1   3   1   1  13   1   0   0   8  11   0   0   2  0.41 0.23
  154 E    -3  -4  -3  -4  -4  -3  -2  -4  -5  -4  -5  -4  -3  -6  -4   4   7  -6  -5  -3    0   0   0   0   0   0   1   1   0   0   0   0   0   0   0  29  67   0   0   0  1.61 0.62
  155 M    -3  -4  -4  -6  -2  -3  -5  -5  -4   1   1  -4   6   6  -6  -4  -3  -3  -1   2    1   0   1   0   1   1   0   1   0   5  10   0  26  36   0   1   0   0   0  18  1.09 0.42
  156 V    -1  -5  -6  -6  -2  -5  -5  -5  -6   4  -2  -5  -2  -4  -5  -4  -2  -6  -4   6    5   0   0   0   0   0   0   1   0  26   1   0   0   0   0   0   1   0   0  66  1.42 0.50
  157 G    -3  -6  -4  -5  -2  -5  -5   7  -5  -7  -7  -5  -6  -6  -5  -3  -5  -6  -6  -6    0   0   0   0   1   0   0  96   0   0   0   0   0   0   0   1   0   0   0   0  2.38 0.68
  158 T    -4  -5  -4  -5  -4  -4  -4  -5  -5  -4  -5  -4  -4  -6  -5  -1   8  -6  -5  -4    0   0   0   0   0   0   0   0   0   0   0   0   0   0   0   3  95   0   0   0  2.30 0.75
  159 P    -3  -4  -5  -5  -6  -5  -5  -6  -6  -5  -5  -5  -4  -7   9  -2  -2  -7  -6  -5    1   1   0   0   0   0   0   0   0   0   1   0   0   0  89   2   3   0   0   1  2.72 0.75
  160 Y    -5  -5  -4  -6  -1  -4  -5  -3   1  -4  -2  -5  -4   5  -6  -4  -4   1   8  -4    0   0   0   0   1   0   0   3   3   0   2   0   0  22   0   1   0   1  63   0  1.95 0.59
  161 W    -6  -6  -7  -7  -2  -6  -6  -6  -6  -6  -5  -6  -5  -2  -7  -6  -6  13  -2  -6    0   0   0   0   1   0   0   0   0   0   0   0   0   1   0   0   0  93   0   0  4.52 1.02
  162 M    -5  -5  -6  -6  -5  -4  -5  -6  -5  -1  -1  -5  11  -4  -6  -5  -3  -5  -5  -3    0   0   0   0   0   0   1   0   0   2   2   0  90   0   0   0   1   0   0   1  3.00 0.85
  163 A     7  -4  -4  -5  -3  -4  -4  -3  -4  -4  -4  -4  -4  -5  -2   1  -3  -5  -5  -3   88   0   0   0   0   0   0   1   0   0   0   0   0   0   1   7   0   0   0   0  1.66 0.59
  164 P    -4  -5  -5  -5  -6  -5  -5  -5  -5  -5  -6  -5  -4  -7   9  -4  -5  -7  -6  -6    1   0   0   0   0   0   0   0   0   1   0   0   0   0  95   0   0   0   0   0  3.04 0.80
  165 E    -4  -4  -4  -2  -6  -2   8  -5  -4  -6  -6  -3  -4  -6  -4  -4  -4  -6  -5  -6    0   0   0   0   0   0  95   0   0   0   0   0   0   0   0   0   0   0   0   0  2.31 0.72
  166 V    -3  -5  -5  -6  -4  -4  -5  -6  -5   2   0  -5   0  -2  -5  -4  -3  -5  -4   7    1   0   0   0   0   0   0   0   0   8   7   0   2   1   0   0   0   0   0  78  1.47 0.51
  167 V    -1  -5  -5  -5  -2  -5  -5  -5  -5   6  -1  -5   0  -3  -5  -4  -3  -5  -4   5    4   0   0   0   0   0   0   0   0  53   3   0   2   0   0   0   0   0   0  35  1.27 0.44
  168 T     0   2   0  -2  -4   3   0  -3  -2  -3  -2   4  -1  -4  -3   1   2  -4  -3  -3    7  12   3   1   0  15   5   1   0   1   3  27   1   0   0   9  14   0   0   1  0.45 0.25
  169 R    -2   4  -1   0  -3   4   2   2   0  -4  -4   1  -3  -5  -3  -2  -2  -4  -4  -3    1  24   2   6   1  24  12  16   2   0   1   6   0   0   0   2   1   0   0   2  0.60 0.29
  170 K     0   0   1  -1  -2   2   1  -2  -1  -1  -2   4  -1  -3  -3   2   0  -4  -3  -2    8   2   5   2   0   9   7   2   1   4   4  28   1   0   0  18   5   0   0   3  0.30 0.20
  171 A     0  -1   0   0  -4   1   2   3   0  -4  -4   0  -3  -4   4   0   0  -4  -2  -4    6   3   4   6   0   5  17  23   2   0   1   4   0   0  18   4   5   0   1   0  0.44 0.21
  172 Y    -6  -6  -6  -7  -6  -5  -6  -7  -1  -5  -5  -6  -5   1  -7  -6  -6  -2  10  -5    0   0   0   0   0   0   0   0   1   0   0   0   0   3   0   0   0   0  96   0  3.24 0.89
  173 G    -3  -4   3   6  -5  -3  -2   4  -3  -6  -6  -3  -5  -6  -4  -1  -1  -6  -6  -6    0   0  13  42   0   0   0  37   0   0   0   1   0   0   0   3   3   0   0   0  1.24 0.45
  174 P     0   0   0  -2   1   0   0  -1   1  -3  -3  -1  -2   1   3   1   1  -3   3  -2    9   5   4   0   3   5   6   5   3   1   1   1   0   7  16  11  11   0  11   2  0.23 0.16
  175 K    -2   1  -2  -4  -6   0   0  -4  -3  -5  -2   7  -3  -6  -3  -1  -3  -6  -5  -4    2   5   1   0   0   2   6   1   0   0   4  72   0   0   1   3   0   0   0   1  1.33 0.52
  176 V     4  -5  -5  -5   4  -4  -5  -4  -5   1  -3  -4  -2  -4  -4  -2  -2  -5  -4   5   37   0   0   0   8   0   0   0   0   5   0   0   0   0   0   2   1   0   0  45  0.99 0.44
  177 D    -6  -6  -3   8  -7  -4  -2  -5  -4  -7  -8  -5  -7  -7  -5  -4  -5  -8  -7  -7    0   0   0  97   0   0   0   0   0   0   0   0   0   0   0   0   0   0   0   0  2.73 0.81
  178 I    -4  -6  -6  -6  -3  -5  -6  -7  -6   7  -1  -6   0  -3  -6  -5  -3  -6  -5   3    0   0   0   0   0   0   0   0   0  74   3   0   1   0   0   0   0   0   0  19  1.70 0.57
  179 W    -7  -7  -8  -8  -7  -6  -7  -7  -7  -7  -6  -7  -6  -3  -8  -7  -7  13  -2  -7    0   0   0   0   0   0   0   0   0   0   0   0   0   0   0   0   0  98   0   0  4.86 1.11
  180 S     1  -4  -3  -4  -4  -4  -4  -3  -4  -6  -6  -4  -5  -6  -4   7  -2  -6  -5  -5    9   0   0   0   0   0   0   1   0   0   0   0   0   0   0  88   0   0   0   0  1.82 0.67
  181 L    -4  -5  -6  -6  -3  -5  -5  -6  -5  -1   6  -5   1   1  -5  -5  -3  -4  -3   0    1   0   0   0   0   0   0   0   0   1  82   0   2   5   0   0   1   0   0   5  1.39 0.48
  182 G    -3  -6  -4  -4  -6  -5  -5   7  -5  -7  -7  -5  -6  -6  -5  -4  -5  -6  -6  -6    1   0   0   1   0   0   0  97   0   0   0   0   0   0   0   0   0   0   0   0  2.39 0.67
  183 I    -4  -6  -6  -6  -4  -6  -6  -7  -6   8  -2  -6  -2  -3  -6  -5  -4  -6  -5   1    1   0   0   0   0   0   0   0   0  92   0   0   0   0   0   0   0   0   0   5  2.15 0.64
  184 M    -3  -4  -4  -5  -4  -4  -4  -5  -5  -2   0  -4   7  -4  -5  -1   6  -5  -4   1    1   0   0   0   0   0   0   0   0   0   7   0  34   0   0   3  45   0   0   7  1.30 0.54
  185 A     5  -4  -4  -4   2  -3  -4  -1  -4   0   0  -3   0  -4  -4  -1   0  -5  -4   1   56   0   0   0   4   0   0   5   0   6   8   0   2   0   0   2   5   0   0   9  0.68 0.36
  186 I    -4  -2  -6  -6  -4  -4  -6  -6  -6   7   0  -5   3  -2  -6  -5  -4  -4  -2   0    0   2   0   0   0   0   0   0   0  76   7   0   7   1   0   0   0   0   1   2  1.59 0.55
  187 E    -5  -4  -4  -2  -7  -2   8  -6  -4  -7  -7  -3  -6  -7  -5  -4  -5  -6  -6  -6    0   0   0   0   0   0  96   0   0   0   0   0   0   0   0   0   0   0   0   0  2.39 0.78
  188 M    -4  -5  -6  -7   0  -4  -6  -6  -5  -2   3  -5  10  -1  -6  -5  -4  -5  -3  -2    1   0   0   0   2   0   0   0   0   1  22   0  71   2   0   0   0   0   1   1  2.23 0.71
  189 V     5  -4  -5  -5  -3  -4  -4  -3  -4   3   0  -4  -2  -4  -4  -2  -2  -5  -4   3   51   0   0   0   0   0   0   1   0  18   8   0   0   0   0   1   1   0   0  19  0.85 0.39
  190 E    -4  -2   0   4  -4   2   6  -5  -2  -5  -4   1  -2  -6  -4  -3  -1  -6  -2  -5    0   1   3  19   0   7  54   0   0   0   2   7   1   0   0   1   3   0   1   0  1.10 0.45
  191 G    -2  -3  -2  -4  -2   0  -4   6  -3  -3  -1  -3   1  -3  -5  -1  -3  -4  -5  -4    1   1   2   0   1   5   0  70   0   1   6   1   4   1   0   5   1   0   0   1  1.28 0.46
  192 E    -1  -1  -1   0  -4   2   6  -4   0  -4  -3   0  -3  -4  -4  -2  -3  -6  -4  -2    5   2   3   4   0   8  62   1   2   1   2   5   1   1   0   2   0   0   0   2  1.06 0.45
  193 P    -3  -6  -6  -6  -7  -5  -5  -6  -6  -6  -7  -5  -6  -8   9  -5  -5  -8  -7  -2    1   0   0   0   0   0   0   0   0   0   0   0   0   0  94   0   0   0   0   3  3.09 0.86
  194 P    -5  -6  -6  -6  -3  -5  -5  -6  -6  -7  -6  -5  -7  -8   9  -4  -5  -8  -7  -6    0   0   0   0   1   0   0   0   0   0   0   0   0   0  97   1   0   0   0   0  3.24 0.89
  195 Y    -5  -2   0  -6  -1  -4  -5  -6   4  -4   1  -5   2   1  -5  -5  -5   0   8  -4    0   3   5   0   1   0   0   0   9   0  14   0   5   4   0   0   0   1  57   0  1.58 0.56
  196 L     1  -3  -3  -4   0  -3  -3  -3   2   0   3  -3   2   3  -4   1  -2   3   0  -1   15   1   0   0   2   0   0   1   6   4  27   0   6  16   0  12   1   3   2   2  0.36 0.23
  197 N    -3  -1   5   5  -4  -1   2  -2   1  -5  -5  -1  -2  -5  -4   0  -1  -6  -4  -5    1   2  32  29   0   2  15   2   3   0   0   4   1   0   0   5   3   0   0   0  0.89 0.37
  198 E    -3  -3  -3  -1  -4   0   5  -5  -1   1   2  -2   3  -1  -4  -3  -2  -4   1   0    1   0   1   2   0   3  40   0   1   8  20   0   8   3   0   0   2   0   5   6  0.56 0.32
  199 N    -1  -3   3  -1  -5   0   1  -4   8  -5  -4  -2  -4  -5   2   0   1  -6  -2  -5    5   0  13   3   0   3   9   0  36   0   1   1   0   0  12   6  10   0   0   0  0.97 0.41
  200 P    -4  -5  -5  -6  -5  -2  -5  -6  -5  -6  -6  -5  -3  -6   9  -2  -4  -8  -5  -6    1   0   0   0   0   2   0   0   0   0   0   0   1   0  90   3   1   0   0   0  2.82 0.82
  201 L    -2  -3  -4  -5  -3  -3  -5  -6  -3   1   4  -5   8  -2  -5  -3  -3  -5  -2   0    2   1   1   0   0   1   0   0   0   6  36   0  42   1   0   1   1   0   1   6  1.25 0.49
  202 R    -3   7  -3  -4  -6   1  -2  -5  -2  -5  -4   4  -3  -6  -5  -2  -2  -1  -5  -5    1  56   1   0   0   5   1   0   0   0   1  29   1   0   0   2   2   1   0   0  1.46 0.54
  203 A     6  -5  -5  -5  -4  -4  -4  -4  -4  -2  -4  -4  -3  -4  -3  -3  -2  -6  -5   4   65   0   0   0   0   0   0   0   0   1   0   0   0   0   1   0   1   0   0  31  1.35 0.55
  204 L    -4  -3  -4  -6  -4  -2  -5  -6  -5   2   5  -2   4  -2  -5  -4  -4  -5  -3  -1    0   1   1   0   0   2   0   0   0  10  69   3  12   0   0   1   0   0   0   1  1.19 0.46
  205 Y    -4  -1  -4  -6  -5  -1  -4  -6   0  -2   0  -1  -1   7  -6  -4  -4   1   6  -3    1   4   0   0   0   3   0   0   2   2   7   4   1  44   0   0   0   1  28   1  1.30 0.47
  206 L    -3   0  -4  -5  -3  -2  -4  -6  -2   0   5   0   5  -2  -5  -4  -3  -4  -2  -1    1   6   1   0   0   2   1   0   1   2  58   7  16   1   0   0   0   0   1   2  0.92 0.40
  207 I    -5  -3  -7  -7  -5  -6  -6  -6  -7   8   0  -6   2  -4  -6  -5  -3  -6  -5   0    0   2   0   0   0   0   0   0   0  85   5   0   4   0   0   0   1   0   0   2  1.95 0.63
  208 A     4   1  -4  -4  -3   0  -3  -2  -3  -4  -4  -2  -3  -4   5   0   1  -5  -4  -2   35   7   0   0   0   4   1   2   0   0   0   1   0   1  33   5   8   0   0   2  0.87 0.39
  209 T    -2   1   0   0  -4   1  -1  -4  -2  -2  -3   4  -2  -4  -4   1   4  -5  -4  -3    1   7   4   5   0   5   2   0   1   3   1  29   1   1   0   9  32   0   0   1  0.62 0.34
  210 N    -1   1   6  -1  -3   0   0  -1   0  -4  -3   1  -1  -4  -4   2  -2  -1  -4  -4    4   7  40   2   0   4   6   3   2   1   2  10   2   0   0  14   1   1   0   0  0.66 0.33
  211 G    -1  -2   0   1  -5  -1  -1   5  -3  -6  -5  -1  -4  -5   5  -1  -3  -5  -4  -5    4   1   5   6   0   2   4  42   0   0   0   3   0   0  25   3   0   0   0   0  0.90 0.37
  212 T     0  -1  -4  -4  -4  -3  -3  -5  -4  -1  -3   1  -3  -5   6  -1   3  -6  -4  -2    8   3   0   0   0   1   1   0   0   4   2   8   0   0  45   4  20   0   0   3  1.08 0.44
  213 P    -4  -5  -6  -6  -7  -4  -5  -7  -7  -7  -7  -5  -7  -7   9  -4  -5  -8  -7  -6    1   0   0   0   0   1   0   0   0   0   0   0   0   0  97   1   0   0   0   0  3.27 0.94
  214 E    -2   2  -2   0  -4   2   1  -2   0  -3  -3   3  -1  -4   1   0   3  -5  -4  -1    1  13   0   4   0   8   8   3   2   1   0  20   1   0   6   6  22   0   0   6  0.37 0.24
  215 L    -4  -5  -6  -7  -4  -5  -6  -7  -6   2   6  -6   0   2  -3  -5  -4  -4  -2  -1    1   0   0   0   0   0   0   0   0  11  73   0   1   8   1   0   0   0   1   3  1.30 0.49
  216 Q    -1   2  -1   0  -3   2   2  -4  -1  -5  -4   5  -2  -5  -1   0   0  -5  -3  -4    4  12   2   4   0  10  12   0   1   0   1  39   1   0   2   6   4   0   0   1  0.65 0.32
  217 N    -2  -1   3   3  -3   3   2   2   2  -4  -4   1  -2  -4  -2  -1  -2  -3  -3  -4    2   2  16  18   0  12  13  15   5   1   1   7   1   1   1   4   1   0   1   0  0.47 0.25
  218 P    -1   0  -2  -3  -4  -1   0  -3  -2  -3  -3   2  -3  -3   6  -1  -1   2  -3  -3    5   4   2   1   0   2   5   2   1   1   2  12   1   1  46   5   3   3   1   2  0.95 0.33
  219 E     0  -1   0   3  -4   0   3  -1   3  -3  -3   1  -1  -3  -3   1  -1  -4  -2  -3    6   3   4  18   0   2  24   5   7   1   2   7   1   1   1  13   2   0   1   1  0.39 0.21
  220 K    -1   3   2   0  -4   2  -1  -2   1  -3  -2   4  -2  -4  -3   1  -1  -3  -3  -4    3  15  11   4   0   8   2   3   3   1   5  30   0   0   0   9   3   0   0   1  0.46 0.26
  221 L    -4  -4  -6  -7  -3  -3  -6  -6  -1  -1   2  -6   1   4  -4  -4  -4  10   2   0    1   1   0   0   0   1   0   0   1   3  23   0   3  18   1   1   1  35   6   6  1.52 0.52
  222 S    -3  -5  -3  -3  -4  -4  -4  -3  -4  -6  -5  -4  -6  -6  -3   7   1  -7  -6  -6    0   0   0   1   0   0   0   1   0   0   1   0   0   0   1  89   6   0   0   0  1.99 0.78
  223 P     1   0   0   0  -3  -1   0  -3  -3  -4  -2   3  -1  -4   5   0  -1  -5  -3  -2   10   5   3   5   0   2   6   1   0   0   3  18   1   1  29   8   3   0   1   2  0.54 0.27
  224 I     0  -1   0   2   0   0   3  -2  -1  -1   0  -1  -1  -3   0   0   0  -1  -2   0    9   2   3  11   2   4  25   2   1   2  10   2   1   0   5   5   5   1   1   9  0.19 0.16
  225 F    -4  -6  -7  -7  -4  -5  -7  -6  -5   0   3  -6   1   8  -6  -6  -4  -3  -1  -3    1   0   0   0   0   0   0   0   0   4  30   0   3  60   0   0   0   0   1   0  1.79 0.61
  226 R    -2   3   2  -3   0   2  -2  -4   4  -1  -2   4  -2  -5  -3  -1  -2  -4  -3  -2    3  19   9   0   2   8   0   0  11   4   3  32   1   0   0   4   1   0   0   2  0.63 0.34
  227 D    -1  -3   2   7  -6  -1   2  -2   2  -6  -5  -2  -6  -6  -4   0  -3  -7  -5  -6    4   1   8  57   0   2  10   2   5   0   1   2   0   0   0   8   1   0   0   0  1.24 0.49
  228 F    -7  -7  -8  -8  -4  -8  -8  -8  -4  -5  -3  -8  -3   9  -8  -7  -6  -2   0  -5    0   0   0   0   0   0   0   0   0   0   1   0   0  96   0   0   0   0   2   0  3.16 0.91
  229 L    -4  -5  -6  -7  -3  -4  -6  -7  -6   3   5  -6   0  -2  -6  -5  -3  -5  -3   4    0   0   0   0   0   0   0   0   0  16  49   0   1   1   0   0   0   0   0  30  1.16 0.46
  230 N     2   0   1   3  -2   0   2  -1   1  -5  -4   2  -4  -4  -3   2  -1  -4  -2  -4   17   5   7  16   1   2  11   3   3   0   0  11   0   0   0  20   1   0   2   0  0.39 0.25
  231 R     0   3  -2  -3   4   2  -1  -4  -1  -2   1   2   0  -2  -4   0  -1   0  -2   0    7  15   1   1  10  12   2   0   1   1  14  16   2   2   0   5   2   1   1   7  0.27 0.20
  232 C     1  -7  -7  -7  11  -7  -7  -6  -7  -4  -5  -7   2  -7  -7  -1  -2  -7  -7  -5    9   0   0   0  77   0   0   0   0   1   1   0   5   0   0   4   3   0   0   0  3.06 0.88
  233 L    -5  -6  -7  -7   0  -6  -7  -7  -7  -1   7  -6  -1  -2  -7  -6  -2  -5  -5  -2    0   0   0   0   2   0   0   0   0   1  92   0   0   1   0   0   2   0   0   1  1.88 0.66
  234 E    -1   0   1   0   3   3   2  -4  -1   0  -2   0  -1  -4  -4  -2   2  -5  -3   1    3   4   6   3   8  15  14   0   1   6   1   6   1   0   0   1  17   0   1  12  0.32 0.24
  235 M    -3   2  -4  -5  -5  -2  -2  -5  -3  -2  -2   5   1  -4  -3  -3   0  -6  -2   3    0  12   0   0   0   1   1   0   0   1   2  44   4   0   1   0   5   0   1  26  0.89 0.44
  236 D    -4  -4   4   7  -7  -2   2  -5  -3  -5  -6  -2  -6  -7  -5  -1  -3  -8  -6  -5    1   1  18  61   0   1  10   0   0   1   0   2   0   0   0   3   1   0   0   1  1.59 0.59
  237 V     0  -5  -5  -4  -5  -2   0  -5  -4  -3  -5  -4  -4  -3   7  -3  -2  -7  -2   3    7   0   0   1   0   2   6   0   0   1   0   0   0   1  57   2   2   0   2  19  1.51 0.58
  238 E     0   0   0   2  -5   1   4  -3   0  -4  -2   2  -3  -4  -3   1  -1  -5  -3  -3    9   5   4  13   0   6  25   1   2   0   3  14   0   1   0  10   4   0   1   1  0.41 0.25
  239 K    -1   3   1   0  -5   3   2  -3  -1  -4  -2   4  -2  -2  -4   0  -2  -1  -2  -3    4  13   5   5   0  14  12   0   1   1   5  27   1   2   0   6   2   1   1   1  0.46 0.27
  240 R    -6   9  -5  -6  -8  -4  -5  -7  -5  -8  -7  -2  -6  -8  -7  -6  -6  -8  -7  -7    0 100   0   0   0   0   0   0   0   0   0   0   0   0   0   0   0   0   0   0  3.10 0.97
  241 G     3  -4  -5  -5  -1  -5  -5  -2  -3  -5  -4  -3  -4  -3   7  -1  -4   6  -4  -4   28   0   0   0   1   0   0   2   0   0   2   1   0   1  49   4   0   9   0   0  1.53 0.59
  242 S    -2  -4   0   1  -5  -4  -3  -4  -4  -5  -6  -3  -5  -6  -3   5   5  -5  -5  -5    1   0   4   6   0   0   1   1   0   0   0   0   0   0   1  48  37   0   0   0  1.27 0.59
  243 A     7  -5  -5  -6  -1  -5  -5  -3  -6  -4  -5  -5  -4  -6  -2   0   1  -7  -6  -3   80   0   0   0   1   0   0   1   0   1   0   0   0   0   2   7   7   0   0   1  1.60 0.65
  244 K     1   1   0   1  -3   1   2  -2   0  -2  -3   3  -2  -3  -2   1   0  -4  -2  -2   11   5   2  10   0   5  13   2   3   3   2  22   0   1   1  10   7   0   1   2  0.26 0.19
  245 E    -2  -2  -2   2  -6   3   6  -4  -3  -5  -5   0  -2  -6  -4  -2  -1  -6  -2  -5    3   2   1  11   0  15  53   1   0   0   1   6   1   0   0   2   3   0   1   1  1.11 0.50
  246 L    -4  -6  -8  -8  -3  -6  -7  -8  -7  -2   7  -7   2  -4  -7  -6  -4  -6  -5  -3    1   0   0   0   1   0   0   0   0   1  93   0   4   0   0   0   0   0   0   0  2.03 0.71
  247 L    -5  -6  -7  -7  -5  -4  -6  -4  -7  -2   7  -6   0  -4  -7  -4  -4  -6  -5  -3    0   0   0   0   0   1   0   1   0   1  92   0   2   0   0   1   0   0   0   1  1.88 0.67
  248 Q    -1   2   1  -1  -3   4   1  -3   1  -5  -3   4  -2  -5  -4   0  -1  -3  -4  -4    3  12   6   3   1  24   9   2   4   0   2  24   1   0   0   6   4   0   0   0  0.61 0.33
  249 H    -6  -5  -3  -1  -6  -4  -5  -7  11  -8  -7  -6  -7  -4  -7  -4  -4  -7  -1  -8    0   0   1   4   0   0   0   0  91   0   0   0   0   1   0   1   1   0   1   0  3.60 1.03
  250 P    -2   1  -3  -1  -6  -2   0  -5  -2  -6  -6   1  -6  -7   7  -1  -4  -7  -6  -5    3   8   1   4   0   2   7   0   1   0   0   9   0   0  60   4   1   0   0   0  1.57 0.58
  251 F    -7  -8  -8  -8  -7  -8  -8  -8  -6  -5  -3  -8  -5  10  -8  -7  -7   1   0  -5    0   0   0   0   0   0   0   0   0   0   1   0   0  97   0   0   0   1   1   0  3.26 0.93
  252 L    -4  -6  -6  -7  -4  -5  -6  -7  -6   5   4  -6   3   0  -6  -5  -4  -5  -4   3    0   0   0   0   0   0   0   0   0  36  37   0   6   4   0   0   0   0   0  18  1.16 0.44

                      K         Lambda
Standard Ungapped    0.1363     0.3186
Standard Gapped      0.0604     0.2670
PSI Ungapped         0.1973     0.3178
PSI Gapped           0.0604     0.2670
