
Last position-specific scoring matrix computed, weighted observed percentages rounded down, information per position, and relative weight of gapless real matches to pseudocounts
            A   R   N   D   C   Q   E   G   H   I   L   K   M   F   P   S   T   W   Y   V   A   R   N   D   C   Q   E   G   H   I   L   K   M   F   P   S   T   W   Y   V
    1 M    -1  -2  -3  -4  -2  -2  -3  -4  -3   2   2  -2   6  -1  -3  -2  -1  -2  -2   2    0   0   0   0   0   0   0   0   0  11  10   0  59   0   0   0   0   0   0  20  0.55 0.12
    2 D    -2  -2   1   6  -4  -1   1  -2  -2  -4  -5  -2  -4  -4  -2   3  -1  -5  -4  -4    0   0   4  57   0   0   5   0   0   0   0   0   0   0   0  34   0   0   0   0  0.95 0.23
    3 A     0  -2   2   4  -3  -1   0  -2  -1  -3  -3   0  -3  -1  -2   1   1  -2   4  -3    7   0  11  28   0   0   5   0   0   0   0   4   0   0   0  10  13   0  22   0  0.41 0.15
    4 V    -1  -1  -2  -2  -2   0   0  -1   3   1   1   0   4  -2  -1   0   0  -3  -2   2    1   2   0   0   0   5   4   3  10   7  11   8  18   0   3   5   5   0   0  17  0.13 0.10
    5 E     0   0   0   3  -4   2   4  -3  -2  -3  -2   0   0  -4  -2   1  -2  -4  -3  -3   10   4   2  16   0  12  36   0   0   0   4   4   2   0   0  10   0   0   0   0  0.47 0.19
    6 P    -1  -1  -1  -1   0  -2   0  -2  -3  -4  -4   2  -3  -5   7  -1   1  -5  -4  -2    3   3   2   2   2   0   5   3   0   0   0  15   0   0  53   2   9   0   0   2  1.09 0.28
    7 G     1  -3  -2  -1  -4  -1  -2   4   0  -4  -4   0  -4  -5   4   0  -1  -4  -4  -3   10   0   0   2   0   3   2  40   2   0   0   6   0   0  25   6   2   0   0   1  0.74 0.25
    8 G     1   0   1   0  -3  -1   0   2  -2  -3  -3   0  -3  -4   4   1   2  -4  -3  -3   11   5   6   6   0   0   4  15   0   0   2   4   0   0  19  12  16   0   0   0  0.38 0.17
    9 R     1   3  -1  -2   3   0   1   0   1  -3  -2   3  -1  -2  -2   0  -1  -4  -3  -2   13  18   1   0   8   3   8   8   3   0   3  21   2   2   1   6   2   0   0   2  0.26 0.16
   10 G    -1  -1   1  -1   1  -2   1   3  -1  -4  -4   1   0  -2   3   1  -1  -4  -3  -4    2   3   6   3   4   0  10  30   1   0   0   8   3   2  15  13   1   0   0   0  0.42 0.20
   11 W    -2   0  -3  -3  -4   2   0  -4  -2  -2   1  -2  -2   3  -2   1  -1   8   2  -2    2   4   0   0   0  10   8   0   0   1  13   0   0  12   1  13   4  21   6   2  0.57 0.26
   12 A     2   0  -1  -1  -2   0  -1   0   0   0  -1   1  -1   0   0   1   0  -3  -1   0   20   3   3   1   0   2   1   5   2   7   6  13   0   6   3  16   4   0   1   6  0.09 0.11
   13 S    -1  -1   2   2   0   1   4   0  -1  -3  -3   0  -3  -4  -1   1  -2  -4   0  -2    3   1  10  13   3   6  30   8   1   1   1   4   0   0   3   9   1   0   3   2  0.37 0.21
   14 M    -1   0  -3  -3  -3  -2  -3  -2  -3   2   2  -1   5   0   0  -1   0  -3  -2   1    4   6   1   1   0   0   0   3   0  11  21   3  20   3   6   5   4   0   0  12  0.28 0.20
   15 L    -1   2  -1  -2  -1  -1   0  -1  -1   0   1   1   0  -1   1   0   0  -3  -1   0    4  15   3   1   1   0   7   3   2   7  19  12   3   2   7   5   5   0   2   4  0.09 0.10
   16 A     0   1   0  -1   0   0   2  -1   0  -3  -2   1  -2  -4  -1   2   1  -4  -2  -2    6   8   3   2   2   3  16   4   2   0   3  10   1   0   2  22  11   0   1   3  0.23 0.18
   17 C    -1   0  -2   0   5  -1   0   0  -3  -1   1   0  -1  -1   0   1   0   2  -2   0    2   5   0   5  14   2   6   7   0   0  18   4   1   2   5  11   7   3   0   8  0.14 0.15
   18 R    -1   5   1  -2  -3   1   0  -2   2  -4  -3   3  -2  -3  -2   1   0  -5  -3  -3    3  32   5   1   1   5   5   3   6   0   1  16   1   1   1  13   4   0   0   2  0.49 0.28
   19 L    -1  -1  -1  -2   0  -2  -3  -3  -2   1   2  -2   2   4   0   0  -1   3  -1   0    4   3   3   2   2   1   1   1   0   7  19   2   7  24   4   6   2   4   0   7  0.27 0.19
   20 W    -5  -3  -3  -3   1  -4  -4  -3  -4  -5  -4  -5  -3   4  -4  -2  -1  11   4  -4    0   2   1   2   3   1   1   2   0   0   1   0   1  14   1   3   4  49  15   1  2.11 0.70
   21 K    -1   4  -2  -1  -2   1   2  -3   1  -3  -1   3  -3  -4  -2  -1  -1  -2  -3  -1    3  29   1   4   1   5  12   1   4   1   6  21   0   0   2   2   3   1   1   4  0.48 0.29
   22 A     2   0   3   1  -3  -1   0  -1   0  -3  -2   1  -2  -4  -2   2   1  -4  -3  -2   16   4  15   9   0   2   4   4   2   1   3   8   1   0   1  17   9   0   1   2  0.27 0.22
   23 I    -2  -5  -4  -2  -2  -3  -4  -5   3   2   3  -5   2   5  -5  -4  -2   0   1   0    3   0   1   3   1   1   1   1   8  12  30   0   5  22   0   1   3   1   4   5  0.66 0.36
   24 S     0  -3  -4  -5  -1  -3  -4  -2  -3   2   0  -4  -1   2  -3   0   0   8   1   1    7   1   0   0   1   1   0   3   1  12  10   0   1  10   1   6   6  23   5   9  0.76 0.40
   25 R    -2   6  -3  -5  -3   3  -3  -5  -3  -1  -4   4  -3  -6  -4  -3  -2  -3  -5   0    3  43   1   0   1  13   1   1   0   3   1  22   1   0   1   1   2   0   0   6  1.12 0.59
   26 A     4   0  -3  -2   2  -1  -2  -1  -3  -2  -3   3   0  -5   0   0  -3  -6  -5  -2   40   6   1   2   4   3   2   4   0   2   1  17   3   0   5   7   1   0   0   3  0.58 0.40
   27 L     1  -5  -5  -6   3  -3  -5  -3  -4   0   2  -5   2   3  -5  -3  -2  -3   3   3   13   0   0   0   7   1   0   2   0   4  22   0   4  12   0   2   3   0  10  19  0.56 0.35
   28 F     0  -4  -6  -6   0  -5  -6  -3  -6   3   3  -5   1   3  -4  -3  -2  -2  -3   2    8   1   0   0   2   0   0   2   0  18  31   0   3  13   0   2   2   0   0  16  0.67 0.38
   29 A     6  -5  -6  -6   0  -6  -6   2  -6  -6  -4  -6  -4  -7  -6   1  -3  -7  -7  -1   66   0   0   0   2   0   0  16   0   0   1   0   0   0   0   9   1   0   0   4  1.50 0.77
   30 E    -7  -6  -6  -5 -10  -4   8  -7  -6  -9  -9  -5  -8  -9  -7  -6  -7  -9  -8  -7    0   0   0   0   0   0  99   0   0   0   0   0   0   0   0   0   0   0   0   0  3.14 1.32
   31 F    -1  -5  -7  -8   2  -7  -7  -4  -6  -2   2  -7   1   8  -8  -5  -4  -2   0   0    5   1   0   0   4   0   0   1   0   2  17   0   3  56   0   1   1   0   3   6  1.61 0.72
   32 L    -3  -7  -7  -7   0  -6  -7  -7  -6   5   4  -7   0   3  -6  -5  -5  -3  -3   3    2   0   0   0   2   0   0   0   0  26  34   0   2  10   0   0   0   0   1  22  1.12 0.55
   33 A     2  -7  -5  -7  -2  -7  -7   7  -7  -6  -6  -7  -7  -8  -7  -1  -5  -8  -8  -6   16   0   0   0   1   0   0  75   0   0   1   0   0   0   0   5   0   0   0   0  2.04 0.91
   34 T    -4  -7  -5  -5  -2  -5  -7  -7  -7  -6  -5  -6   2  -8  -6   0   8  -8  -7  -1    1   0   0   1   1   0   0   0   0   0   1   0   5   0   0   6  81   0   0   3  2.29 1.08
   35 G     2  -6  -6  -7   0  -6  -7  -1  -5  -2   2  -6   2   7  -7  -3   0  -3   1  -2   15   0   0   0   2   0   0   5   0   1  16   0   5  41   0   2   7   0   4   2  1.09 0.57
   36 L     0  -6  -7  -7  -2  -5  -6  -4  -6   4   4  -6   4   3  -6  -4  -1   0  -2   1    7   0   0   0   1   0   0   1   0  21  34   0  10  12   0   1   4   1   1   7  0.86 0.46
   37 Y    -6  -7  -8  -8  -7  -7  -8  -8  -5  -2   5  -8   0   7  -8  -7  -6  -3   2  -3    0   0   0   0   0   0   0   0   0   2  47   0   2  39   0   0   0   0   6   2  1.81 0.80
   38 V    -3  -7  -3  -7  -1  -4  -6  -8  -7   2   3  -7   3  -4  -7  -6  -1  -7  -6   6    1   0   1   0   1   1   0   0   0  10  22   0   6   0   0   0   4   0   0  52  1.36 0.66
   39 F    -4  -8  -8  -8  -2  -8  -8  -6  -6  -2   2  -8   0   8  -8  -4  -3   1   2  -2    1   0   0   0   1   0   0   1   0   3  17   0   2  61   0   2   2   1   6   2  1.94 0.83
   40 F     1  -6  -5  -7  -1  -6  -6  -3  -6   4   2  -6   2   5  -5  -3  -1   0  -3   2   10   0   0   0   2   0   0   2   0  20  17   0   5  22   0   2   4   1   0  15  0.77 0.43
   41 G     2  -7  -5  -6  -1  -4  -6   6  -4  -3  -5  -6  -5  -6  -7  -1  -2  -7  -7   0   17   0   0   0   1   1   0  62   1   2   1   0   0   0   0   5   3   0   0   7  1.47 0.72
   42 V    -1  -7  -6  -7   9  -3  -4  -3  -5   0   1  -6  -2   2  -3  -2   1  -6  -1   2    6   0   0   0  39   1   2   3   0   5  11   0   1   7   1   3   8   0   2  12  1.25 0.60
   43 G     2  -5  -4  -6  -5  -4  -6   6  -6  -4  -2  -6   4  -4  -6   0  -2  -7  -7  -4   14   0   1   0   0   1   0  58   0   1   5   0   9   1   0   7   2   0   0   1  1.36 0.69
   44 S     4  -6  -5  -6   0  -3  -5   2  -6  -3  -5  -5  -4  -5  -4   5   2  -7  -6  -2   27   0   0   0   2   1   0  16   0   1   1   0   0   0   1  36  11   0   0   3  0.98 0.61
   45 V     3  -4  -4  -5   5  -4  -5  -2  -2   2  -2  -5  -2  -3  -3  -1   1   0  -3   4   26   1   1   0  11   1   0   4   1  11   3   0   1   1   1   4   9   1   1  25  0.67 0.42
   46 M     0  -4  -3  -4   0   1  -4  -3  -2   3   2  -4   3  -2  -3  -2   0  -4  -2   3    9   0   2   1   2   6   1   2   1  20  15   1   8   1   1   3   7   0   1  21  0.45 0.30
   47 R     2  -1   0  -1  -2   0  -1   0   0   0  -1  -1  -1  -1   0   1   1  -2  -1   1   18   3   5   2   0   3   4   9   3   4   5   4   1   2   5  11   7   0   2  12  0.08 0.11
   48 W     2  -3   2  -1  -2  -2  -2   1  -2  -3  -1  -3  -1   1  -3   0   0   6   1  -1   16   1  11   3   1   2   2  11   1   1   6   1   2   6   1   7   7  12   5   5  0.34 0.26
   49 P     1  -2   2   0  -3   0   0   1  -2  -3  -1  -1  -2  -2   3   1   1  -2  -2  -2   11   1  11   6   0   4   4  11   1   1   5   2   1   2  16   9   8   1   1   3  0.24 0.20
   50 T     0  -1   1   1  -2   0  -1   2   0  -1  -2  -1  -1  -2   0   2   2  -3  -2   0    8   2   7   7   1   3   4  15   2   3   3   4   1   2   5  14  12   0   1   6  0.14 0.14
   51 A     2  -2   1   1  -2   0  -1   2  -1  -2  -2  -2  -2  -1   1   1   1  -2  -2  -1   15   2   8   8   0   4   3  16   1   2   4   1   1   2   6  11   9   1   1   4  0.18 0.17
   52 L     1  -3   0   0  -3   0  -1   1  -1  -1  -1  -1  -1  -2   3   1   1  -3  -2   0   10   1   5   5   0   4   4  12   1   3   8   2   2   1  15   9   9   0   1   7  0.18 0.16
   53 P     1  -3  -1  -1  -4   0  -1   1  -1   0  -1  -3  -2  -3   4   1   0  -2  -3   0   10   1   3   4   0   4   4  12   1   5   7   1   1   1  22  10   4   1   1   8  0.31 0.24
   54 S     0  -1   2   1  -4   0  -2   3  -1  -4  -4  -2  -4  -5  -1   3   2  -3  -5  -3    7   3  10   7   0   4   2  24   1   1   1   2   0   0   3  20  13   0   0   1  0.46 0.34
   55 V    -1  -2  -1  -3  -3  -2  -2  -4   2   2   3  -3   0  -1   1  -2   0  -1  -1   3    4   2   3   1   0   2   2   1   5  12  29   1   1   3   6   3   4   1   2  18  0.34 0.25
   56 L    -2  -5  -5  -5  -4  -2  -4  -5  -4   2   4  -5   1   1  -2  -4   0  -2  -2   3    2   0   0   0   0   2   1   1   0  10  45   0   3   5   3   1   5   1   1  18  0.75 0.42
   57 Q     1  -1  -2  -3  -3   3  -1   3   2  -1  -2  -2   0   0  -2  -1  -1  -3   3  -1   11   3   1   1   0  15   2  21   5   3   3   1   3   4   2   5   4   0  10   6  0.29 0.26
   58 I    -1  -3  -4  -6  -3  -4  -6  -3  -5   6  -2  -4  -1  -4   0  -2   0  -6  -2   4    6   2   1   0   0   1   0   2   0  45   3   1   1   0   5   3   7   0   1  23  0.99 0.53
   59 A     6  -5  -5  -6   1  -5  -5   0  -3  -5  -6  -5  -6  -7  -2   3  -3  -7  -7  -3   63   0   0   0   3   0   0   6   1   1   0   0   0   0   2  22   1   0   0   2  1.46 0.78
   60 I    -2  -6  -7  -6  -3  -6  -7  -7  -6   2   5  -6   1   4  -6  -5  -1   1  -3   1    4   0   0   0   1   0   0   0   0  10  52   0   3  15   0   1   3   2   0   7  1.07 0.55
   61 T     5  -5  -2  -4   3  -3  -4   0  -5  -3  -4  -4  -3  -5  -5   2   2  -6  -6   1   44   0   2   0   5   1   0   8   0   1   1   0   1   0   0  14  14   0   0   8  0.84 0.53
   62 F    -1  -7  -3  -6  -5  -2  -6  -4   6  -4  -3  -7   0   8  -5  -2  -3   4  -1  -3    5   0   1   0   0   2   0   1  15   1   1   0   2  54   1   4   2   5   1   2  1.69 0.78
   63 N     0  -8  -3  -7  -3  -7  -7   7  -5  -7  -9  -7  -6  -6  -7  -3  -2  -8  -6  -7    8   0   1   0   1   0   0  85   0   0   0   0   0   0   0   1   2   0   0   0  2.32 0.98
   64 L    -2  -7  -6  -8  -2  -6  -7  -3  -6   1   5  -7   1   5  -7  -5  -4   0  -1  -1    3   0   0   0   1   0   0   2   0   7  52   0   3  24   0   1   1   1   1   4  1.23 0.60
   65 V     4  -5  -4  -5  -2  -5  -4   1  -5   1  -4  -5  -1  -4  -3   3   3  -4  -5   1   31   0   0   0   1   0   0   9   0   8   1   0   2   1   1  21  16   0   0   9  0.68 0.47
   66 T    -3  -4  -7  -6  -3  -5  -5  -6  -7   4   3  -6   1  -2  -7  -6  -2  -6  -1   5    2   1   0   0   1   0   1   0   0  23  30   0   2   2   0   0   2   0   2  35  1.09 0.54
   67 A     4  -5  -4  -6  -1  -5  -5  -1  -4  -1   0  -5   5   2  -3  -1   1  -4  -2   1   33   0   0   0   1   0   0   5   0   2  10   0  15   8   1   4  10   0   1   8  0.64 0.44
   68 M     2  -6  -5  -6   1  -5  -5  -3  -6   2   0  -5   0  -1  -5  -1   3   0  -5   4   17   0   0   0   2   0   0   2   0  12   7   0   3   3   0   4  17   1   0  32  0.72 0.45
   69 A     1  -5   2  -5  -1  -4  -5  -2  -5   2   3  -5   5  -2  -5  -1  -1  -4  -5   1   14   0   9   0   1   0   0   4   0   9  26   0  17   1   0   4   3   0   0  10  0.60 0.40
   70 V     3  -7  -5  -6  -2  -6  -6  -5  -4   5  -2  -6   0  -4  -6  -3  -1  -7  -4   5   20   0   0   0   1   0   0   1   0  28   3   0   2   0   0   1   3   0   0  40  1.18 0.61
   71 Q     1  -5  -4  -6  -3   4  -4  -6   1  -2  -3  -5   0   1  -7  -1  -1   7   6  -2   11   0   1   0   1  20   1   0   3   2   3   0   2   4   0   5   3  16  26   3  1.14 0.64
   72 V     3  -6  -4  -6   5  -5  -5  -3  -6   2  -2  -5   1  -2  -5   2   1  -3  -4   2   28   0   0   0  12   0   0   2   0  13   4   0   3   1   0  14   9   0   0  12  0.69 0.45
   73 T    -2  -7  -6  -7  -3  -6  -7  -3  -6   3   2  -7   0   7  -7  -2   1  -2  -1   1    3   0   0   0   1   0   0   2   0  14  15   0   2  40   0   3   8   1   1  10  1.10 0.55
   74 W     1  -3  -4  -3  -2  -4  -5   6  -4  -3  -4  -4   0   2  -6  -1  -4   2   1  -4   12   1   1   1   1   1   1  55   0   1   2   1   2  10   0   4   0   2   5   1  1.14 0.60
   75 K    -3   3   2  -1  -1  -2  -2  -1   8  -7  -6   0  -6  -5   1  -2  -3  -4  -3  -6    2  16   9   3   2   1   2   5  40   0   1   6   0   0   7   2   1   0   1   0  1.30 0.66
   76 A    -3  -6  -6  -7  -4  -7  -6  -5  -4   7  -2  -6  -3  -2  -7  -5  -1  -7  -3   5    2   0   0   0   0   0   0   1   0  53   3   0   0   1   0   0   4   0   1  31  1.64 0.73
   77 S    -5  -7  -5  -5  -3  -6  -5  -4  -7  -8  -7  -6  -7  -8  -7   7   0  -8  -2  -7    0   0   0   1   1   0   0   1   0   0   0   0   0   0   0  89   5   0   1   0  2.41 1.15
   78 G    -4  -5  -4  -4  -5  -5  -4   8  -7  -8  -7  -6  -6  -6  -8  -5  -6  -8  -6  -8    1   1   1   1   0   1   1  91   0   0   1   0   0   0   0   1   0   0   0   0  2.58 1.06
   79 A     4  -6  -6  -7   5  -6  -7   5  -7  -6  -7  -6  -7  -8  -3   0  -4  -8  -7  -6   37   0   0   0   9   0   0  45   0   0   0   0   0   0   1   6   1   0   0   0  1.59 0.78
   80 H    -4  -6  -3  -7  -9   1  -6  -8  11  -6   0  -5  -2  -4  -6  -6  -4  -2  -2  -3    1   0   1   0   0   7   0   0  73   0   9   0   1   1   0   0   1   1   1   3  2.89 1.16
   81 A    -4  -7  -8  -8  -3  -6  -7  -8  -7   5   3  -7   2   6  -8  -5  -5  -5  -2   2    1   0   0   0   0   0   0   0   0  26  23   0   5  29   0   1   0   0   1  12  1.31 0.61
   82 N    -8  -7   9  -4  -9  -7  -7  -7  -6 -10 -10  -7  -9 -10  -9  -4  -4 -11  -9  -7    0   0  96   1   0   0   0   0   0   0   0   0   0   0   0   1   1   0   0   0  3.48 1.41
   83 P    -6  -9  -9  -8  -4  -8  -8  -7  -9 -10  -7  -8  -9  -7   9  -5  -6 -11 -10  -9    1   0   0   0   0   0   0   0   0   0   1   0   0   0  97   1   0   0   0   0  3.58 1.46
   84 A     7  -7  -4  -5  -3  -5  -7  -5  -7  -5  -6  -7  -5  -8  -3  -1  -3  -8  -8  -1   85   0   1   1   1   0   0   0   0   1   0   0   0   0   1   4   1   0   0   4  2.11 1.00
   85 V    -5  -8  -9  -9  -7  -8  -8  -9  -3   3  -2  -8  -2  -4  -8  -7  -4  -1  -7   7    1   0   0   0   0   0   0   0   1  11   4   0   1   1   0   0   1   1   0  80  2.27 0.97
   86 T    -4  -7  -4  -7  -4  -6  -6  -6  -7  -5  -6  -6  -7  -8  -4   3   8  -8  -7  -5    1   0   0   0   0   0   0   0   0   0   1   0   0   0   1  22  73   0   0   0  2.24 1.07
   87 L    -3  -7  -7  -7  -2  -6  -7  -7  -7   4   4  -7   0   4  -4  -6  -3  -1  -4   2    3   0   0   0   1   0   0   0   0  25  39   0   2  14   1   0   1   1   0  12  1.12 0.54
   88 A     5  -7  -5  -7   0  -6  -7   5  -7  -5  -7  -6  -4  -8  -3   1  -1  -8  -8  -4   48   0   0   0   2   0   0  34   0   1   0   0   0   0   2   8   3   0   0   1  1.45 0.78
   89 F     2  -6  -6  -6  -1  -5  -6  -6  -3  -1   4  -6   6   5  -7  -3  -3  -5  -1   0   14   0   0   0   1   0   0   1   1   2  31   0  16  20   0   2   1   0   2   6  0.99 0.55
   90 L     3  -5  -7  -7   1  -6  -6  -5  -6  -1   3  -6   2   4  -4  -4  -2   5   0   2   23   0   0   0   3   0   0   1   0   3  23   0   5  14   1   1   3   8   3  11  0.79 0.47
   91 V     1  -6  -7  -7   0  -6  -7  -5  -7   4   3  -6   0  -1  -4  -2  -2  -6  -3   4   11   0   0   0   2   0   0   1   0  21  28   0   2   3   1   3   2   0   1  25  0.87 0.48
   92 G     2  -2  -1  -3   1  -4  -4   1  -3   0  -1  -4   0   0  -5   1   3   0  -1   1   17   2   3   2   3   0   0  12   0   6   7   0   2   4   0  11  17   1   2   8  0.27 0.26
   93 S    -5   4  -1  -4   0  -3  -4   6  -4  -8  -5   2  -4  -6  -4  -2  -6  -8  -6  -7    0  19   3   1   2   1   1  55   0   0   1  12   0   0   1   3   0   0   0   0  1.44 0.73
   94 H     0   4   1  -1  -3   2  -2  -1   4  -4  -3   3  -2  -5  -6  -3  -2  -6  -2  -3    8  25   7   3   1  10   2   5   9   1   2  20   1   0   0   1   2   0   1   2  0.68 0.45
   95 I    -5  -4  -5  -7  -1  -2  -5  -7  -4   6   2  -4   4   4  -7  -5  -1  -6  -4   2    0   1   1   0   2   2   1   0   1  36  15   1  10  14   0   1   3   0   0  11  1.08 0.54
   96 S    -2  -2   0   1  -3  -3  -2  -1  -1  -7  -6   0  -6  -7   4   4   3  -5  -7  -6    2   2   4   7   1   1   3   5   2   0   0   5   0   0  19  33  14   0   0   0  0.82 0.56
   97 L    -1  -3  -5  -7  -5  -3  -6  -2  -6   3   2  -4  -2   1   3  -4  -2   8  -2   1    6   1   0   0   0   1   0   3   0  13  22   1   1   6  13   1   3  17   1   9  0.82 0.47
   98 P     0   1  -2  -3  -3  -1  -3  -3  -3   2   2   2   0   0   1  -1  -1   0  -2   2    7   9   1   1   0   2   1   2   0  11  17  12   2   5   7   4   4   1   1  12  0.18 0.18
   99 R    -3   6  -2   2  -4   1   0  -5   1  -5  -1   2   2  -5  -5  -3   0  -1  -3  -4    2  36   2   9   1   7   6   1   3   1   6  11   5   0   0   2   5   1   1   1  0.77 0.49
  100 A     4  -3  -6  -6   1  -5  -6   2  -6  -3  -1  -4  -1   2  -6  -1  -1  -3  -4   2   39   2   0   0   2   0   0  15   0   1   7   1   2   7   0   5   3   0   0  15  0.73 0.47
  101 V     1  -6  -5  -6  -2  -6  -6  -1  -6   3   3  -6   0   1   2  -4  -3  -3  -4   3   11   0   1   0   1   0   0   5   0  18  23   0   2   6  11   1   1   0   0  20  0.65 0.40
  102 A     1  -4  -2  -5   2  -3  -4   0  -3   1   3  -3   2   4   1  -2  -3  -1  -1   1   10   0   2   0   4   1   0   8   1   7  23   1   4  15   9   2   1   1   2   8  0.39 0.28
  103 Y    -6  -6  -4  -7  -4  -7  -4  -8  -3  -4   0  -8  -3   1  -8  -5  -6  -5  10  -3    1   0   1   0   0   0   1   0   1   1   9   0   1   5   0   1   1   0  76   2  2.79 1.19
  104 V    -2  -7  -7  -7   0  -7  -7  -5  -7   6   0  -7   3   2  -7  -3  -1   6  -5   4    3   0   0   0   2   0   0   1   0  36   6   0   6   7   0   2   4   9   0  22  1.18 0.59
  105 A     1  -6  -5  -6  -1  -6  -6  -2  -6   5   2  -6  -1   0  -1  -3  -2  -4  -5   3   12   0   0   0   1   0   0   4   0  27  19   0   1   5   3   2   3   0   0  21  0.74 0.42
  106 A     6  -6  -6  -6   0  -6  -6  -1  -7  -4  -5  -6   0   0  -5   2  -1  -3  -6   0   58   0   0   0   2   0   0   5   0   1   1   0   2   5   0  14   3   0   0   7  1.25 0.71
  107 Q    -7  -6  -7  -7  -9   9  -2  -8  -2  -8  -5  -6  -7  -9  -8  -7  -7  -8  -8  -8    0   0   0   0   0  92   3   0   1   0   2   0   0   0   0   0   0   0   0   0  3.38 1.48
  108 L    -4  -7  -7  -7   6  -4  -7  -6  -7   2   4  -7   3   3  -7  -4  -2  -6  -3   2    1   0   0   0  16   1   0   0   0  11  36   0   6   9   0   2   2   0   1  13  1.12 0.55
  109 V     1  -6  -6  -6   1  -5  -6  -1  -6   3   4  -5   0  -1  -6  -2  -1  -4  -5   3   12   0   0   0   3   0   0   4   0  13  37   0   2   3   0   4   4   0   0  17  0.70 0.41
  110 G     0  -6  -6  -7  -7  -7  -5   7  -7  -8  -4  -7  -7  -8  -7  -5  -7  -7  -8  -7    9   1   0   0   0   0   1  85   0   0   2   0   0   0   0   1   0   0   0   0  2.42 1.04
  111 A     6  -6  -6  -3  -2  -6  -6   4  -6  -5  -7  -6  -4  -7  -6   2  -4  -7  -7  -6   51   0   0   2   1   0   0  25   0   1   0   0   0   0   0  17   1   0   0   0  1.45 0.76
  112 T    -1  -3  -6  -7   0  -6  -6  -6  -6   6   1  -6   2   0  -6  -3   1  -6  -3   3    5   2   0   0   2   0   0   1   0  41  11   0   5   4   0   2   9   0   1  16  1.01 0.52
  113 V     3  -5  -6  -6   4  -5  -5  -3  -6   1   2  -3   0   0  -5  -2   0  -4  -4   2   28   0   0   0   7   0   0   2   0   9  21   2   2   4   0   3   6   0   0  15  0.63 0.40
  114 G     5  -7  -6  -7  -7  -6  -7   6  -1  -7  -6  -6  -7  -5  -7  -3  -6  -7  -7  -7   44   0   0   0   0   0   0  49   2   0   1   0   0   1   0   2   0   0   0   0  1.83 0.88
  115 A     5  -6  -5  -6   3  -5  -6   0  -4  -3  -3  -5  -3  -1  -5   3  -1  -6   1  -2   47   0   0   0   5   0   0   6   0   2   2   0   1   2   0  20   4   0   5   3  1.00 0.60
  116 A     4  -6  -5  -5  -1  -4  -5   3  -5  -2   1  -5  -2   3  -5  -1  -3  -1   0  -2   30   0   0   0   1   0   1  24   0   2  16   1   1  10   0   4   1   1   3   3  0.70 0.44
  117 L     1  -6  -6  -6   0  -6  -6  -5  -6   3   4  -6   1   1  -6  -3   0  -4  -4   2   11   0   0   0   2   0   0   1   0  17  37   0   3   6   0   2   6   0   0  14  0.79 0.44
  118 L     0  -6  -6  -6  -3  -5  -5  -4  -1   1   5  -6  -1  -2  -5  -4  -2  -4  -2   3    8   0   0   0   0   1   1   1   2   7  51   0   1   1   0   1   2   0   1  20  1.01 0.53
  119 Y    -1   2  -2  -2  -3   0  -2  -4   0  -3   0   3   1   1  -4   0  -2   2   4  -2    5  12   2   2   1   4   3   1   2   1   8  20   4   6   0   7   2   3  14   3  0.37 0.28
  120 G     3  -3  -4  -5  -1  -3  -3   2  -5   1   1  -4  -1   1  -5  -1  -2   1   1   1   24   1   0   0   1   1   1  18   0   6  16   1   1   5   0   4   2   2   5  11  0.40 0.29
  121 V    -1  -6  -6  -6   0  -4  -6  -5  -6   4   3  -5   3   1  -6  -3   0  -2  -4   3    4   0   0   0   2   1   0   1   0  19  30   0   5   5   0   2   5   1   0  22  0.81 0.42
  122 M    -1  -4  -4  -4  -2  -3  -5  -5  -3   0   2  -4   1   4  -5   0   4   0   1   0    6   1   1   1   1   1   1   1   0   5  16   1   3  16   0   6  28   1   4   7  0.61 0.39
  123 P    -2  -5   0  -1  -8  -4  -5   1   2  -4  -5  -3  -2  -4   7   1  -1  -1  -4  -3    4   1   4   4   0   1   1  11   4   2   2   2   1   1  44  11   4   1   1   2  1.14 0.71
  124 G     0  -3   1   1  -3  -1   1   4   0  -3  -4  -2  -3  -2   1   1  -1  -1  -2  -2    7   1   6   6   1   3  10  29   2   2   2   3   1   2   6  10   4   1   2   3  0.41 0.31
  125 D     0  -2   2   3  -4   0   1   1   1  -3  -2  -1   0  -3   1   1   0  -3  -1  -1    8   3   8  13   0   4  10   9   3   2   4   5   3   1   6  10   6   0   2   4  0.17 0.16
  126 I     1   0   0  -2  -2   0  -1  -2   1   0   1  -1   1   1   0  -1   0  -1   2   1   10   6   5   2   1   4   3   3   3   6  13   4   3   5   5   5   5   1   6   9  0.06 0.06
  127 R     0   1   1   0  -2   0   0   0   2  -1  -1  -1   1   0   0   0   0   0   1   0    7   8   7   6   1   5   5   8   5   4   6   3   3   4   4   6   6   1   5   6  0.04 0.05
  128 E     1  -2   1  -1  -3   0  -1   3   2  -2  -4  -1  -1   0   0   0   0   0   0   1   11   2   6   4   1   4   5  19   4   2   2   4   2   3   6   7   6   1   3   9  0.18 0.16
  129 T     0  -3   3   0  -3  -1  -2   3   1  -3  -2  -3  -1  -1  -3   1   2  -3  -2  -2    9   2  13   6   1   3   2  18   4   2   4   2   2   2   2  11  13   1   2   3  0.34 0.26
  130 L    -1  -3  -2  -3  -2  -3  -3   0   0   0   4  -4   1   3  -1  -3   0  -2   0   0    6   2   2   2   1   2   2   6   2   5  33   1   4  10   3   2   7   1   3   6  0.41 0.25
  131 G     1  -4  -3  -3   5  -3  -5   6  -2  -3  -4  -4  -3  -1  -2  -1  -1  -7  -2  -4    9   1   2   2   9   2   1  47   1   2   2   2   1   3   3   6   4   0   2   2  1.02 0.56
  132 I     3  -2  -2  -4  -1  -1  -2   0  -2   0   1  -3   1   0  -4  -1   2  -6  -2   3   19   2   2   1   1   3   3   6   1   6  12   2   3   4   1   5  11   0   1  18  0.31 0.23
  133 N     0  -4   4  -3  -1  -3  -6   0   2  -3  -4  -5  -2  -2   1  -2   5  -8  -3  -1    7   1  17   2   1   1   1   8   4   2   2   1   1   2   7   3  35   0   1   4  0.87 0.56
  134 V     2  -1  -2  -2  -6   0  -2   0  -2  -1   0  -1   0  -1  -2   1   3  -6  -2   2   16   4   2   3   0   4   2   7   1   3   9   4   2   2   3   9  15   0   1  13  0.22 0.20
  135 V    -2  -3  -2  -3  -2  -2  -3  -2   0   1   3  -4  -2   0   3  -1   0  -1  -1   2    3   1   3   2   1   2   2   3   2   7  25   1   1   3  14   5   7   1   3  13  0.37 0.26
  136 R     2  -2   2  -1  -7  -1  -4   3   4  -3  -2  -3   0  -2   0   2  -2  -3  -4  -2   16   2  10   3   0   3   1  19   8   2   4   2   2   2   5  13   3   0   1   3  0.42 0.32
  137 N     1  -4   1   0  -4  -2   0   0   0  -3  -3  -2  -4  -3   5   1   0  -3  -3  -3   10   1   7   6   0   2   7   8   2   2   3   3   1   1  24  11   7   0   1   3  0.45 0.37
  138 S    -1  -2   2   1  -4  -1   0   5  -1  -4  -4  -2  -3  -4  -2   1  -1  -1  -3  -5    6   2   9   8   0   3   6  39   2   1   2   2   1   1   2   9   4   1   1   1  0.71 0.47
  139 V    -1  -6  -4  -4  -4  -2  -4  -2  -3   4   1  -5   2   1  -4  -4   1  -1   2   4    5   0   1   1   0   2   2   4   1  18  12   1   4   5   1   2   8   1   6  25  0.60 0.35
  140 S    -2  -5   2  -2  -8  -1  -2   2   0  -5  -6  -4  -8  -5  -4   5   4  -8  -3  -8    4   1   8   3   0   3   3  13   2   1   1   1   0   1   1  36  20   0   1   0  0.98 0.66
  141 T     1  -4  -1   0  -2  -3  -1  -2  -2   1   0  -3   1  -2   3  -1   0   3  -2   2   10   1   3   6   1   1   4   3   1   8   9   2   3   2  13   5   7   4   2  13  0.22 0.19
  142 G     2  -6  -5  -5  -5  -4  -3   3  -3   0   0  -5   1   2  -2  -1   0   6  -1   0   13   1   1   1   0   1   2  23   1   5   9   1   3   7   3   5   5  11   2   7  0.59 0.38
  143 Q     0   1  -1  -3  -5   7   1   0   1  -5  -5  -1  -1  -6  -5  -1  -1  -3  -3  -4    8   7   3   2   0  40   8   7   3   1   2   4   1   1   1   5   4   0   1   2  1.00 0.67
  144 A     5  -3 -10  -7  -2 -10 -10   5 -10  -4  -7  -6 -10 -11  -6  -1  -4 -11 -10  -1   45   2   0   1   1   0   0  37   0   1   1   1   0   0   1   5   1   0   0   5  1.64 0.92
  145 V    -3 -11 -11 -11  -2 -10 -11  -6 -10   1   4 -11   2   7  -6  -6  -4  -2  -4   2    3   0   0   0   1   0   0   1   0   8  31   0   4  35   1   1   2   1   1  13  1.53 0.77
  146 A     1  -5  -6  -7  -2  -6  -6   2  -6   2   2  -6   0   4  -5  -3  -1   0  -3   2   12   0   0   0   1   0   0  17   0  12  19   0   2  15   1   1   3   1   0  15  0.60 0.39
  147 V     1  -7  -5  -3   0  -6  -7  -4  -4   4   2  -6   3   0  -7  -4  -1   2  -4   4   11   0   1   2   2   0   0   2   0  25  17   0   6   3   0   1   3   3   0  25  0.80 0.45
  148 E    -4  -7  -7  -5 -11  -4   8  -7  -7 -10 -10  -6  -5 -11  -5  -7  -8 -10  -9 -10    2   0   0   0   0   0  96   1   0   0   0   0   0   0   1   0   0   0   0   0  3.14 1.41
  149 L     2  -6  -6  -7  -2  -6  -6  -2  -6   3   1  -3   3   5  -6  -4  -1  -5  -3   2   18   0   0   0   1   0   0   4   0  18  12   2   8  21   0   1   5   0   0  11  0.77 0.45
  150 L    -2  -7  -6  -8  -2  -7  -7  -5  -7   5   2  -7   2   4  -7  -5  -3  -2  -3   4    4   0   0   0   1   0   0   1   0  29  19   0   4  14   0   1   2   1   1  24  1.07 0.54
  151 L     1  -6  -6  -7   1  -5  -6   1  -7   3   4  -6   3   0  -6  -3  -1  -6  -5   0   10   0   0   0   2   0   0  10   0  16  39   0   7   4   0   2   4   0   0   5  0.76 0.45
  152 T    -2  -8  -7  -6  -5  -7  -7  -4  -8  -7  -8  -7  -4  -9  -8   1   8  -9  -8  -5    3   0   0   0   0   0   0   2   0   0   0   0   1   0   0   8  84   0   0   1  2.59 1.23
  153 L     2  -8  -7  -8   1  -7  -3  -1  -7  -3  -1  -7   1   8  -8  -1  -3  -3  -1  -4   17   0   0   0   3   0   2   4   0   1   5   0   3  54   0   5   2   0   1   1  1.60 0.77
  154 Q    -1  -5  -3  -6  -1   1  -2  -2  -5   4   2  -5   2   4  -6  -3  -2  -5  -2   3    5   0   1   0   2   8   2   3   0  21  17   0   4  15   0   1   3   0   1  17  0.60 0.37
  155 L    -7  -8  -9 -10  -7  -6  -9 -10  -8  -1   6  -8   1   3  -6  -6  -5  -3  -2   0    0   0   0   0   0   0   0   0   0   2  75   0   3  11   1   0   1   0   1   5  1.88 0.87
  156 V    -1  -7  -7  -7   1  -7  -7  -6  -6   2   0  -7   5  -5  -6  -4  -1  -7  -6   6    4   0   0   0   3   0   0   1   0   9   9   0  15   0   0   1   4   0   0  52  1.44 0.71
  157 L    -3  -7  -5  -7  -3  -5  -7  -5  -3   0   4  -7   2   6  -7  -3  -2   3   2  -2    3   0   1   0   1   1   0   1   1   4  32   0   5  34   0   2   3   3   7   3  1.19 0.59
  158 C     1  -7  -5  -7   3  -6  -6  -4  -7   0  -2  -6  -1  -2  -5  -2   5  -7  -4   5   11   0   1   0   5   0   0   1   0   5   3   0   1   2   0   3  28   0   0  38  1.09 0.62
  159 V    -2  -8  -2  -8   1  -7  -8  -5  -5   6  -2  -8  -2   0  -8  -6  -2  -2   1   5    4   0   2   0   3   0   0   1   0  35   2   0   1   4   0   0   2   1   5  40  1.39 0.68
  160 F    -4  -6  -7  -7   6  -2  -6  -5   0  -1   4  -5   2   5  -8  -2  -3  -2   2  -2    2   0   0   0  13   2   0   1   2   3  31   1   5  25   0   3   2   1   7   2  1.07 0.56
  161 A     4  -4  -3  -3  -3  -3  -5   3  -2  -3  -2  -4   4  -2  -6   2  -1  -7  -5   0   32   1   1   2   0   1   0  21   1   1   4   1  10   2   0  14   3   0   0   6  0.69 0.47
  162 S     3  -3  -4  -5   1  -6  -5  -4  -6  -1  -1  -6  -1  -2  -5   1   4  -7  -6   4   23   2   1   1   2   0   0   1   0   3   5   0   1   1   0  11  21   0   0  27  0.79 0.52
  163 T     3  -2  -3  -5   3  -4  -3  -3  -5  -1  -2  -4   1  -2  -3  -1   4   5  -2   2   20   2   1   0   5   1   1   2   0   4   4   1   3   2   1   5  28   8   1  11  0.64 0.44
  164 D    -2  -2   1   6  -5  -3   1  -3   0  -2  -4  -2  -2  -4  -4   0  -4  -8  -4   1    3   2   5  48   0   1   9   2   3   2   1   3   1   1   1   7   1   0   0   9  1.01 0.57
  165 S    -1   0   0   2  -4  -1   1  -2   3  -4  -4   3  -5  -5   3   1   0  -3  -3  -2    6   4   5  10   0   2   9   3   6   1   1  17   0   0  15  11   7   0   1   3  0.41 0.32
  166 R    -3   5   1  -2  -7  -1  -2  -2   4  -5  -5   4  -6  -6  -1  -1  -2  -4  -3  -5    2  34   6   2   0   3   3   4   8   1   1  23   0   0   4   5   2   0   1   1  0.92 0.54
  167 Q     1   4   3  -2  -5   0  -1  -1   0  -5  -3   3  -4  -3  -3   0  -1  -6  -4  -3   13  25  12   2   0   3   4   6   2   0   3  14   0   1   1   7   3   0   1   2  0.53 0.37
  168 T     1   0   1  -1  -1  -1  -2   0   0  -1  -2   1  -2  -3   2   2   1   0  -2  -1   15   4   7   3   1   2   2   8   2   4   4   9   1   1   9  15   9   1   1   4  0.16 0.17
  169 S     0  -1   0   0  -3  -1  -2   2   1  -1  -3   2  -2  -1   0   1   2  -3  -3  -2    9   3   4   5   0   2   1  16   3   4   2  14   1   2   5   9  14   0   0   3  0.21 0.21
  170 G     0  -1   1   1  -3  -1   0   3  -1  -3  -2  -1  -2   1   1   0  -2  -1  -1  -2    8   4   8   8   0   2   6  27   1   2   3   4   1   7   6   7   2   1   2   3  0.27 0.22
  171 S    -1  -3  -1  -2  -1  -2  -4  -2   0   1   2  -4   2   2  -3   3   0   1  -2   0    5   1   3   2   1   1   0   3   2   8  23   0   5   9   1  20   6   2   1   5  0.31 0.27
  172 P     5  -4  -4  -1  -3  -4  -3   1   1  -1  -3  -3  -2  -3   0   0  -1  -2  -4   0   49   1   1   3   0   0   1  11   3   3   2   2   1   1   6   5   4   1   0   5  0.75 0.50
  173 A     2  -8  -5  -7  -3  -7  -7   3  -5  -5  -6  -7  -5  -7   7   1  -4  -9  -8  -8   14   0   0   0   1   0   0  22   0   1   1   0   0   0  50   9   1   0   0   0  1.70 0.89
  174 T    -2  -5  -7  -8  -6  -7  -3  -7  -7   4   5  -7   0   3  -4  -5  -3   0  -3   2    3   1   0   0   0   0   2   0   0  18  44   0   2  11   1   1   2   1   1  13  1.05 0.55
  175 M     5  -1  -5  -6   1  -5  -4   0  -5   0  -2  -1   0  -3   1   1  -2  -4  -2   1   41   4   0   0   2   0   1   8   0   5   4   4   2   1   7   9   3   0   1   9  0.57 0.42
  176 I    -3  -8  -8  -8  -4  -8  -7  -7  -8   8  -2  -5  -2   1  -5  -7  -3  -7  -4   3    2   0   0   0   0   0   0   0   0  66   3   1   1   5   1   0   1   0   1  17  1.96 0.84
  177 G    -3  -8  -7  -7  -5  -7  -7   8  -8  -7  -8  -4  -8  -6  -4  -5  -7  -8  -8  -7    3   0   0   0   0   0   0  91   0   0   0   1   0   0   1   1   0   0   0   0  2.67 1.14
  178 I     0  -6  -7  -7   1  -6  -6  -1  -6   0   5  -6   3   4  -5  -2  -3  -3  -4  -1    9   0   0   0   2   0   0   5   0   6  45   0   6  17   1   3   2   0   0   3  0.92 0.50
  179 S     4  -6  -5  -6   2  -4  -5  -3  -6   0  -3  -5  -1  -4  -5   2   4  -7  -3   2   31   0   0   0   3   0   0   2   0   6   2   0   2   1   0  14  24   0   1  12  0.85 0.54
  180 V    -3  -7  -8  -8  -1  -7  -6  -8  -5   3   3  -7  -2  -1  -7  -6  -4  -6   2   5    2   0   0   0   1   0   0   0   0  17  26   0   0   2   0   0   1   0   6  42  1.29 0.63
  181 A     3  -6  -5  -6   0  -5  -6   1  -6  -1   0  -5   1   4  -6   0   3  -2  -3   0   23   0   0   0   2   0   0  10   0   4   9   0   3  18   0   5  17   0   0   7  0.62 0.42
  182 L     3  -6  -6  -6   0  -5  -6  -1  -6   2   2  -5   3   1  -6  -2  -2  -6  -5   2   26   0   0   0   2   0   0   5   0  12  21   0   7   5   0   2   3   0   0  16  0.66 0.41
  183 G     1  -5   2   1   5  -4  -2   2  -5   1   1  -5   0  -5  -5  -2   0  -6  -5   0   14   0  11   8  11   0   3  17   0   8  13   0   2   0   0   3   5   0   0   5  0.42 0.31
  184 H     1  -5  -2  -6   0  -3  -1  -3   7   4  -3  -6  -2  -4  -6   0  -1  -7  -1   2   10   0   2   0   2   1   4   3  28  22   2   0   1   1   0   7   4   0   2  12  0.95 0.54
  185 L    -4  -7  -6  -8  -2  -7  -8  -6  -7   2   5  -7   4   3  -8  -6  -2  -2   0  -1    2   0   0   0   1   0   0   1   0  11  57   0   9  10   0   0   3   1   3   3  1.35 0.66
  186 I     3  -6  -5  -7   2  -6  -4  -3  -5   2  -1  -6   1   3  -2  -1  -1   2  -3   4   24   0   0   0   4   0   1   2   0  10   6   0   3  12   3   4   3   2   1  24  0.65 0.42
  187 G     4  -7  -6  -6   0  -2  -4   5  -7  -3  -2  -6  -2   0  -6   0   0  -4  -7  -2   32   0   0   0   2   2   1  36   0   1   5   0   1   4   0   6   6   0   0   2  0.95 0.58
  188 I     0  -5  -4  -5  -6  -5  -6   5  -6   4  -1  -6   1  -1  -7  -3  -2  -2  -3   2    8   0   1   0   0   0   0  38   0  23   5   0   4   3   0   1   3   1   1  11  0.93 0.52
  189 H    -1  -1   0  -3   0  -1  -3  -2   0  -7  -5  -1  -5  -2   7   0  -2  -4   2  -4    5   4   5   2   2   3   2   4   2   0   1   3   0   2  49   7   2   0   6   1  1.15 0.67
  190 F    -3  -5  -3  -7  -4  -5  -6  -7  -2   3   2  -6   0   5  -5  -3  -4   2   5   2    2   0   1   0   0   0   0   0   1  17  18   0   2  20   1   2   1   2  20  11  0.99 0.52
  191 T    -5  -7  -6  -1  -2  -6  -5  -6  -7  -6  -6  -6  -7  -6  -7   3   7  -8  -5  -6    1   0   0   4   1   0   1   1   0   0   1   0   0   0   0  23  67   0   0   0  2.09 1.04
  192 G    -5  -6   1  -5  -6  -6  -6   7  -7  -8  -8  -5  -2  -8  -6  -3  -7  -8  -8  -7    0   1   6   1   0   0   0  86   0   0   0   1   1   0   0   2   0   0   0   0  2.44 1.03
  193 C     5  -6  -4  -6   6  -6  -6   3  -6  -6  -5  -6  -4  -5  -2  -1   1  -7  -4  -3   46   0   1   0  13   0   0  19   0   0   1   0   0   1   2   5   8   0   1   1  1.21 0.65
  194 S     1  -6  -4  -6   2  -4  -5   1  -4  -7  -7  -6  -3  -5  -5   7  -4  -7  -7  -5    9   0   0   0   4   1   0  11   1   0   0   0   1   1   0  70   1   0   0   1  1.74 0.91
  195 M    -5  -7  -8  -9  -5  -7  -8  -9  -4   2   3  -7   9  -1  -8  -7  -6  -7  -6   1    1   0   0   0   0   0   0   0   1  12  23   0  50   2   0   0   0   0   0  10  2.12 0.94
  196 N    -8  -7   9  -5  -9  -7  -5  -7  -6 -10 -10  -6  -9 -10  -9  -5  -7 -10  -9  -9    0   0  98   0   0   0   1   0   0   0   0   0   0   0   0   1   0   0   0   0  3.62 1.46
  197 P    -6  -9  -9  -8  -9  -8  -8  -7  -6  -8  -8  -8  -9  -7   9  -6  -3 -10  -9  -7    0   0   0   0   0   0   0   0   0   0   0   0   0   0  95   1   2   0   0   0  3.48 1.46
  198 A     7  -7  -6  -8  -3  -7  -7  -5  -7  -3  -6  -7  -4  -6  -7  -3  -4  -8  -7  -1   89   0   0   0   1   0   0   0   0   1   0   0   0   0   0   1   1   0   0   4  2.33 1.07
  199 R    -7   9  -5  -8  -3  -5  -6  -7  -1  -7  -6  -3  -4  -9  -8  -6  -7  -9  -8  -5    0  92   0   0   1   0   0   0   2   0   1   1   0   0   0   0   0   0   0   1  3.04 1.26
  200 S     2  -6  -4  -4  -4  -6  -6  -5  -5  -7  -6  -6  -6  -6  -6   7   2  -1  -4  -3   14   0   1   1   0   0   0   0   0   0   1   0   0   0   0  67  11   1   1   2  1.69 0.89
  201 F    -6  -7  -8  -8  -7  -8  -8  -8  -7   1   4  -8  -2   8  -7  -7  -2  -4  -3  -4    0   0   0   0   0   0   0   0   0   7  36   0   1  51   0   0   2   0   0   1  1.94 0.83
  202 G     2  -8  -6  -6  -5  -7  -7   7  -7  -8  -8  -7  -8  -8  -4  -3  -7  -8  -8  -8   15   0   0   0   0   0   0  81   0   0   0   0   0   0   1   2   0   0   0   0  2.33 0.99
  203 P    -1  -6  -7  -7  -5  -2  -7  -7  -6  -6  -8  -7  -6  -9   8  -2  -1  -4  -8  -3    5   1   0   0   0   2   0   0   0   1   0   0   0   0  81   3   4   0   0   2  2.65 1.16
  204 A     7  -4  -4  -2   1  -5  -6  -5  -4  -6  -5  -6  -3  -5  -6   0  -3  -4  -3  -4   81   1   1   3   2   0   0   0   0   0   1   0   1   1   0   5   1   0   1   1  1.89 0.91
  205 I    -3  -7  -7  -7  -3  -6  -7  -7  -7   4   3  -7  -1   2  -6  -6  -4  -3  -5   5    2   0   0   0   0   0   0   0   0  22  27   0   1   7   0   0   1   0   0  37  1.24 0.59
  206 I     1  -6  -5  -5  -4  -5  -6  -4  -6   4   0  -6   0   3  -6  -5  -4   4  -1   5   10   0   0   1   0   0   0   1   0  20   7   0   2  11   0   0   1   6   2  37  0.98 0.51
  207 I     2  -4   2  -3  -3  -1  -2  -1  -1  -1  -1  -3   3  -2  -4   3   2  -3  -1  -1   18   0   9   1   0   2   2   5   1   3   5   1   7   2   0  23  13   0   2   5  0.37 0.32
  208 G    -2   0   5  -1  -5  -3  -3   5   0  -7  -4  -2  -2  -5  -5  -1  -4   3  -4  -5    4   5  22   3   0   1   2  44   2   0   2   2   1   1   0   4   1   4   0   1  1.04 0.56
  209 K     0   0   3   1  -2   0   0  -1   2  -1  -2   1  -1   0  -2   1   0  -2   1   0    6   4  14   7   1   3   4   4   5   5   2  11   1   5   1   9   7   0   6   6  0.14 0.15
  210 F    -6  -7  -7  -5  -8  -6  -7  -7  -4  -4   0  -7  -2   6  -6  -7  -3  11   3  -6    1   0   0   1   0   0   0   0   0   1   9   0   1  24   1   0   2  50   8   0  2.78 1.10
  211 T     0  -2   1   4  -4   0   1  -1   1  -4  -5   1  -4  -6  -1   2   3  -6  -4  -4    9   2   5  19   0   4   9   4   4   1   1   9   0   0   3  12  16   0   0   1  0.42 0.33
  212 V    -1  -3   4   3  -5   2  -2   0   4  -4  -3  -2  -2  -1  -5   0  -3  -3   3  -2    5   1  19  16   0  10   2   7   9   1   3   3   1   2   0   7   1   0  11   3  0.53 0.37
  213 H    -4  -6  -2  -6  -5   2  -5  -6  10   0   2  -6  -3  -1  -7  -4  -6  -1  -1  -2    1   0   2   0   0   9   0   0  54   6  16   0   1   3   0   1   0   1   2   4  1.94 0.86
  214 W    -4  -8  -9 -10  -8  -8  -9  -5  -6  -5  -4  -9  -8  -3  -4  -7  -8  13   1  -6    2   0   0   0   0   0   0   1   0   1   2   0   0   1   1   0   0  86   4   1  4.48 1.62
  215 V    -3  -7  -6  -7  -2  -7  -6  -7  -5   6   1  -7  -1  -4  -4  -5  -5  -4  -4   5    2   0   0   0   1   0   0   0   0  36  14   0   1   1   1   1   0   0   1  41  1.46 0.67
  216 F    -8  -8  -9 -10  -5  -8  -7  -9  -3  -6  -6  -8  -3   5  -5  -8  -8   1   9  -7    0   0   0   0   0   0   0   0   1   0   0   0   1  21   1   0   0   2  73   0  3.13 1.26
  217 W    -7  -9 -10 -10  -4  -8  -7  -9  -4   2  -1  -9  -2   0  -8  -7  -7  12  -1  -1    0   0   0   0   1   0   0   0   0  12   7   0   1   4   0   0   0  67   2   4  3.35 1.30
  218 V     1  -7  -7  -7  -3  -6  -7  -7  -7   3   2  -6  -3   1  -7  -5  -1  -4  -4   6   13   0   0   0   0   0   0   0   0  15  15   0   0   7   0   1   3   0   0  45  1.13 0.58
  219 G     3  -7  -6  -5  -7  -7  -7   7  -7  -6  -8  -7  -4  -4  -6  -2  -6  -8  -8  -5   25   0   0   1   0   0   0  69   0   0   0   0   1   1   0   3   0   0   0   1  1.98 0.90
  220 P    -5  -6  -8  -5  -6  -3  -5  -7  -5  -7  -9  -7  -9 -10   9  -5  -3 -10  -9  -9    1   0   0   1   0   1   1   0   0   0   0   0   0   0  92   1   2   0   0   0  3.28 1.36
  221 L    -3  -6  -5  -7   1  -5  -6  -4  -6   4   3  -6   3   3  -2  -3  -1  -4  -3   1    2   0   0   0   3   0   0   1   0  25  29   0   8  13   2   2   5   0   1   8  0.81 0.44
  222 M     0  -5  -5  -6   1  -5  -5  -2  -6   3   3  -5   1   0  -3   0   0  -5  -4   3    9   0   0   0   3   0   0   3   0  16  31   0   3   3   1   6   7   0   0  18  0.59 0.37
  223 G     0  -8  -6  -7  -8  -7  -8   8  -8  -9  -9  -7  -8  -9  -8  -3  -7  -8  -9  -6    7   0   0   0   0   0   0  91   0   0   0   0   0   0   0   1   0   0   0   0  2.67 1.08
  224 A     5  -6  -5  -6  -3  -6  -6   4  -6  -5  -7  -6  -1  -6  -5   2  -1  -7  -7  -5   46   0   0   0   0   0   0  33   0   0   0   0   1   0   0  15   3   0   0   0  1.35 0.71
  225 L     2  -5  -6  -6   1  -4  -5  -1  -6   4   3  -5   1   0  -4  -2  -2  -5  -4   3   18   0   0   0   3   0   0   5   0  21  23   0   3   3   0   2   2   0   0  18  0.62 0.38
  226 L     1  -6  -6  -6  -1  -6  -6  -3  -6   4   4  -6   0   1  -6  -3  -2  -5  -4   2   11   0   0   0   1   0   0   2   0  20  39   0   2   5   0   2   3   0   0  15  0.82 0.45
  227 A     6  -5  -5  -6  -4  -6  -6   3  -6  -5  -7  -6  -4  -5  -6   0  -2  -5  -7  -2   66   1   0   0   0   0   0  21   0   1   0   0   0   0   0   6   3   0   0   2  1.56 0.78
  228 S     4  -5  -5  -5  -1  -5  -5   3  -6  -4  -4  -5  -3  -3  -3   2   0   0  -5   1   39   0   0   0   1   0   0  24   0   1   1   0   1   1   1  12   6   2   0   9  0.84 0.51
  229 L     0  -5  -5  -6  -1  -4  -5   1  -5   2   4  -4   0   3  -4  -2  -2   2   0   1    9   0   0   0   1   0   0  10   0   9  37   1   1  11   1   2   2   3   2  10  0.53 0.34
  230 I     0  -5  -6  -6   1  -5  -6  -4  -4   3   3  -5   0   3  -5  -3   0  -3  -1   3    6   0   0   0   2   0   0   1   0  19  26   0   2  14   0   2   7   0   2  18  0.67 0.38
  231 Y    -3  -5  -4  -7  -2  -4  -7  -6   3  -5  -5  -6  -4   2  -8  -5  -7   4   9  -5    2   0   1   0   1   1   0   1   7   1   1   0   0   6   0   1   0   4  73   1  2.61 1.05
  232 N    -2   4   1   1  -3   1   2  -3   1  -4  -3   3  -2  -2  -3  -1  -1   0  -2  -2    3  21   7   8   0   5  13   1   4   1   1  18   1   2   1   3   4   1   2   3  0.43 0.30
  233 F     0  -3  -2  -4  -1  -3  -5  -4   0   1   2  -3   1   5  -6  -2  -1   1   4   0    7   2   2   1   1   1   0   1   3   7  19   1   3  26   0   3   3   2  14   5  0.59 0.35
  234 V    -3  -6  -6  -5  -3  -6  -6  -5  -4   5   4  -6   1   1  -6  -5  -2  -3  -3   4    2   0   0   0   0   0   0   1   0  28  32   0   2   6   0   0   2   0   0  23  1.01 0.49
  235 L    -3   1  -3  -6  -4  -3  -4  -6  -2   0   2   2   0   7  -6  -4  -3   0   0  -1    2   8   1   0   0   1   1   0   1   4  21  11   2  39   0   1   1   1   2   3  0.93 0.48
  236 F     1  -1   0  -1   0  -1  -1   0   0   0   0  -1   1   2  -2   0  -1   2   1   0   14   3   5   4   3   3   3   6   2   4  12   3   4  10   1   6   3   3   5   5  0.04 0.07
  237 P    -2   1  -3  -3  -3  -3  -1  -1  -3  -3   0   0  -2  -2   6   0   1  -3  -4  -1    3   9   1   1   0   1   3   5   1   1  10   7   1   2  35   6  10   0   0   4  0.62 0.37
  238 D    -2   2   2   4  -5   1   2  -1   1  -5  -5   2  -4  -5   0   0  -1  -5  -2  -4    2  12  10  22   0   4  13   4   3   0   0  11   0   0   4   6   4   0   2   1  0.48 0.30
  239 T     0   1  -1   1  -1   0   1  -1  -1  -3  -2   1  -1  -1   0   0   1   1   3  -1    6   8   3   8   1   3  10   4   1   0   4  10   2   1   5   6   8   2  14   5  0.15 0.16
  240 K    -1   2  -1   0  -5   0   3  -3   2  -3  -3   3  -1  -5   2   0  -2  -2  -3  -4    4  10   3   5   0   3  22   2   4   2   2  22   2   0  10   6   2   1   0   1  0.49 0.32
  241 T    -1   1   1   1  -2  -2   1  -2  -2  -1  -2  -1  -1  -3   2   1   3  -5  -2  -1    4   7   6   9   1   1  10   3   0   3   4   2   1   1  10  10  22   0   1   5  0.24 0.21
  242 L     0   0  -1  -1  -1   0   0  -3  -1   1   2   0   1   1   1  -1  -1  -3  -2   1    7   7   2   3   1   4   7   1   1   6  21   7   4   6   6   4   2   0   0  11  0.07 0.10
  243 A     1   1   0   0  -1   1   0   0   0  -2  -2   0  -2  -1   2   2   0  -2  -2  -2   12   9   4   3   1   5   6   5   2   3   2   6   1   3   9  20   6   0   0   2  0.17 0.15
  244 Q    -2   2  -1   2  -5   2   3   0  -1  -3  -1   0  -2  -4   1  -1  -2  -1   0  -3    2  14   3  12   0   9  23   6   1   1   6   4   1   0   8   3   2   1   4   1  0.33 0.24
  245 R    -2   4  -1  -2  -2   2   2  -1  -2  -3  -3   3  -3  -3   2  -1  -2   2  -3  -3    3  28   2   2   1   9  11   4   0   1   2  16   0   1   9   4   2   3   0   2  0.48 0.29
  246 L     0   0  -2   0  -1   0   0  -1  -2   0   2   0   1  -1   0  -1  -1  -1  -1   1    9   5   1   5   1   3   5   4   1   3  28   5   4   2   4   4   2   1   1  11  0.07 0.10
  247 A     3   0   0   0  -1   0   0  -1  -3  -2  -2   0  -2  -3   1   1   0  -4  -2  -2   32   6   3   5   1   3   4   4   0   2   4   6   0   1   8  13   5   0   1   2  0.24 0.19
  248 I     0  -1  -1  -1   2  -2   0  -2  -3   3   0  -2   0   0  -2   0   1  -3  -2   2    8   3   3   3   4   1   7   2   0  23   6   2   3   3   1   6   9   0   1  14  0.14 0.14
  249 L    -1   0  -1   2  -3  -1  -1  -2  -1   0   2  -1   0   2  -2   0  -1   0  -1   1    2   6   3  12   0   1   3   3   1   5  26   2   2  10   2   7   2   1   1  10  0.11 0.12
  250 T     0   1   0   0   1   0   1   1  -1  -2  -2   2   0  -1  -1   1   0   1  -2  -1    6   8   5   5   4   2   7  11   1   2   2  16   4   3   1   9   7   2   1   3  0.10 0.09
  251 G     0  -1  -1   2  -2  -1   1   4  -2  -3  -1   0  -3  -2  -1   0  -2  -2  -3  -2    5   3   1  14   1   2  10  35   1   1   7   5   0   2   2   8   1   1   0   2  0.37 0.21
  252 T     0  -2   0   2  -3   1   0   1  -2  -2  -2   0  -2  -4  -3   2   2  -4  -3  -2    9   1   4  13   0   5   6   9   0   2   3   4   1   0   0  21  18   0   0   2  0.28 0.20
  253 V     1   0  -1  -2  -2   1   0  -1  -2   0   0   0   1  -2   1   1   0  -2   2   0   16   5   2   2   0   6   5   3   0   5   6   4   6   0   6   9   5   0  10   9  0.09 0.11
  254 E     0   1   2   1  -4   1   4  -1  -2  -4  -3   0  -2  -4   1   1  -1  -4  -3  -3    7   9  10   7   0   4  28   3   0   0   2   5   1   0   6  12   3   0   0   2  0.37 0.22
  255 V     0   1   0  -1  -2   1   1   0  -1   0  -1   0   1  -1   1   1   0  -1  -2   0    7   7   2   3   0   6   8   9   1   4   6   4   7   2   7  12   7   1   0   6  0.07 0.07
  256 G     0  -2   1   1   0   0   2   3  -1  -3  -3  -1   0  -4   1   0   0  -4  -3  -2    9   0   7   8   2   5  17  24   1   1   1   2   3   0   8   5   5   0   0   3  0.31 0.19
  257 T     0   0  -1   0   0   1   0  -1   0  -2  -2   1  -1  -3   0   2   2  -4   0  -1    5   4   2   5   2   6   5   5   2   1   3   9   1   0   5  22  15   0   3   6  0.17 0.15
  258 G     0  -1   1   2  -3   0   0   2   0  -3  -2   0   0  -1   0   2   0  -3  -2  -2    6   3   5  12   0   2   6  20   2   1   3   5   2   3   3  18   4   0   1   2  0.20 0.13
  259 A    -1  -1   0  -1  -3   0   0   2  -1   0   0   0   0   1   0   1   0  -1  -1  -1    2   3   4   3   0   4   7  18   1   6  10   6   3   7   5  11   4   1   2   4  0.06 0.07
  260 G     0   0   0   2  -1   1   1   0   2  -1   0   0   0  -2  -2   0   0  -3  -1  -1    6   3   2  16   2   6   9   9   6   4  10   7   2   0   1   7   4   0   3   4  0.10 0.09
  261 A     2  -2  -2   0  -3  -1   0  -1   0  -1  -1  -1   0   0  -1   2   0  -3   1   1   25   1   0   7   0   2   6   2   3   2   3   2   3   4   2  16   6   0   5  12  0.16 0.17
  262 G    -1   0  -1   2  -3   0   1   2  -1  -3  -2   0   0  -3   1   0   1  -1   0  -1    4   6   2  15   0   3  11  16   1   0   4   5   3   0   7   3  12   1   5   4  0.18 0.14
  263 A     1   0   1   0  -2  -1   1   0  -2  -1   0   0   0  -2   0   0   0  -3   0   1   17   3   9   5   0   1   9   5   0   3   7   7   2   0   4   7   4   0   4  13  0.07 0.08
  264 E     0   1   0   4  -2   0   4  -3  -1  -5  -5  -1  -4  -3  -3   1  -2  -5  -4  -3    7   9   4  25   1   3  34   0   1   0   0   2   0   1   0   9   1   0   0   1  0.67 0.31
  265 P     0  -3  -3   2  -4  -2  -1  -1  -1  -1  -2   0  -3  -4   6   0   1  -5  -2  -3    6   0   0  12   0   0   4   5   1   4   4   6   0   0  38   6  12   0   1   0  0.71 0.30
  266 L     0  -2  -1  -1  -2   0   1  -1   0   1   1  -1   2  -1   0   0   1  -2   1   0   11   1   3   1   0   3  10   3   2   8  15   1   7   2   5   3  12   0   5   7  0.07 0.09
  267 K     0   2   1   3  -4   2   2  -3  -2  -4  -3   2  -1  -4  -3  -1   1  -4  -3  -3    8  15   8  16   0   7  13   0   0   0   1  16   1   0   0   2  10   0   0   1  0.40 0.21
  268 K     0   1   1   1  -3   1   2   0  -2  -2  -2   2  -2  -4   0   1   0  -1  -3  -1    5   7   6   5   0   7  19   7   0   2   2  16   0   0   5  10   3   1   0   5  0.22 0.14
  269 E    -1   0   1   0   1   0   2  -1   0  -1   0   1  -2  -3   2   1  -1  -3  -1  -1    2   6   6   3   4   4  19   4   2   3  11   8   0   0  11  11   2   0   3   2  0.16 0.12
  270 S     1  -2   0   2  -3   0   1   0  -1  -3  -3   0  -1  -4  -1   3   2  -4  -3  -1   12   1   3  11   0   4   8   5   1   0   0   4   1   0   3  30  12   0   0   4  0.32 0.21
  271 Q     1  -1  -1  -1  -3   3   2   0   1  -2  -1   2  -1  -3  -1   1  -1  -4  -3  -1   10   0   1   1   0  17  13   7   5   2   7  16   1   0   1  12   3   0   0   4  0.22 0.17
  272 P     1   0   0  -1  -1  -2   1  -2  -3  -1  -4  -1  -3   0   5   1  -1  -4  -2  -3   11   6   4   2   1   0   9   1   0   5   0   3   0   4  37  11   3   0   2   0  0.61 0.26
  273 G     0   0   0  -1  -3  -2   0   3   0  -2  -3   0  -2   2   1   2   0  -3  -1  -2    7   5   5   1   0   0   6  24   2   1   0   4   0  11   6  19   4   0   2   3  0.22 0.15
  274 S     3  -2  -2  -1  -3   0  -2  -1  -3  -3  -2   0  -3  -3  -3   4   2  -4   0  -3   27   0   0   2   0   4   0   2   0   0   2   5   0   0   0  40  13   0   5   0  0.54 0.29
  275 G    -2   0   2   1  -4   3   1   2   0  -2  -3   0  -2  -4   0  -1   1  -4  -3  -3    0   2  10   9   0  22  10  18   2   2   2   5   0   0   5   1  11   0   0   0  0.34 0.18
  276 A     2  -2   4   0  -3  -2  -1   0  -1  -3  -1  -1  -2   0  -1  -1   0  -3   1  -2   24   0  29   5   0   0   3   7   0   0   5   3   0   6   3   0   6   0   7   2  0.27 0.17
  277 V     1  -1   1  -2   1  -1  -1  -2   1   0  -1  -1  -1   0   1   1   2  -3   1   0   11   3   8   0   4   0   2   0   6   3   6   3   0   3   7   7  21   0   5  10  0.11 0.09
  278 E    -2   1  -1   2  -5   0   5  -3   1  -4  -4   2  -3  -5  -3  -1   1  -4  -3  -4    0   7   0   9   0   0  53   0   3   0   0  16   0   0   0   0  12   0   0   0  0.78 0.27
  279 M    -1   1  -1  -3  -2   1  -2  -3  -2   1   2  -1   3  -1   0  -2  -1  -3   0   2    3  12   4   0   0   9   0   0   0   4  21   0  14   0   4   0   0   0   4  25  0.21 0.13
  280 E    -1   2   2   0  -4   3   4   0   2  -4  -4   0  -2  -4  -2   0  -1  -4  -2  -3    5  13  10   0   0  17  39   6   6   0   0   0   0   0   0   5   0   0   0   0  0.50 0.15
  281 S     2  -2   3   1  -2  -1   1  -1  -1  -3  -4  -1  -3  -4  -2   4   0  -4  -3  -3   17   0  17   5   0   0  12   0   0   0   0   0   0   0   0  49   0   0   0   0  0.52 0.17
  282 V    -1  -3  -4  -4  -1  -3  -3  -4  -4   3   2  -3   1  -1  -3  -2  -1  -3  -2   4    0   0   0   0   0   0   0   0   0  12  20   0   0   0   0   0   0   0   0  68  0.46 0.08

                      K         Lambda
Standard Ungapped    0.1355     0.3229
Standard Gapped      0.0478     0.2670
PSI Ungapped         0.1562     0.3176
PSI Gapped           0.0478     0.2670
