
Last position-specific scoring matrix computed, weighted observed percentages rounded down, information per position, and relative weight of gapless real matches to pseudocounts
           A  R  N  D  C  Q  E  G  H  I  L  K  M  F  P  S  T  W  Y  V   A   R   N   D   C   Q   E   G   H   I   L   K   M   F   P   S   T   W   Y   V
    1 M   -2 -2 -3 -4 -2 -2 -3 -4 -3  3  1 -2  7 -1 -3 -2 -1 -2 -2  1    0   0   0   0   0   0   0   0   0  23   0   0  77   0   0   0   0   0   0   0  0.81 0.17
    2 S    0 -1 -1 -1 -2  2 -1 -2 -1 -2 -2  1  2  2 -2  4  1 -2 -1 -2    0   0   0   0   0  11   0   0   0   0   0   8   9  14   0  52   6   0   0   0  0.34 0.14
    3 A    2  1  1 -1 -2  1 -1 -1 -2 -3 -3 -1 -2 -3 -2  4  1 -4 -3 -1   21   7   6   0   0   5   0   0   0   0   0   0   0   0   0  49   9   0   0   3  0.46 0.18
    4 P    1  0 -2 -3 -3 -2 -2  0 -3 -3  0  0 -2 -3  6  0 -2 -4 -3 -2   12   7   0   0   0   0   0   6   0   0  11   5   0   0  53   6   0   0   0   0  0.98 0.22
    5 P   -1 -2  1 -2 -3 -1 -2 -2 -2 -3 -1  0 -2  0  4  3  3 -3  0 -2    0   0   9   0   0   1   0   0   0   0   5   5   0   4  22  28  22   0   3   0  0.50 0.22
    6 A    0  5 -2 -3 -4 -1  0 -3 -2 -3 -1  3 -2 -4  3 -2 -2 -4 -3 -3    8  38   0   0   0   0   4   0   0   0   9  25   0   0  17   0   0   0   0   0  0.70 0.28
    7 L    0 -2 -2 -1 -2  0 -1  0 -3  0  1 -2 -1 -2 -3  1  3 -3 -3  1    9   0   0   2   0   3   3   7   0   4  16   0   0   0   0  11  32   0   0  13  0.26 0.20
    8 Q    1 -1  3 -2 -3  3 -1 -2  1 -2 -2 -1  0 -3 -3  3  1 -4 -1 -2   13   3  15   0   0  18   0   0   4   2   2   0   3   0   0  28   7   0   2   2  0.41 0.29
    9 I   -4 -5 -6 -6 -4 -5 -6 -6 -6  7  2 -5 -1 -1 -5 -5 -2 -5 -4  1    0   0   0   0   0   0   0   0   0  71  17   0   0   2   0   0   2   0   0   7  1.43 0.56
   10 R   -1  3  0  1 -4  4  2 -3 -2 -4 -4  3 -1 -5 -3 -1  0 -4 -3 -2    4  14   5   6   0  19  16   0   0   0   0  25   2   0   0   1   4   0   0   2  0.58 0.34
   11 E   -4  1 -1  2 -6  0  6 -5 -3 -6 -5  0 -5 -6 -4 -2 -1 -6 -5 -5    0   7   2   9   0   2  71   0   0   0   0   3   0   0   0   2   3   0   0   0  1.40 0.62
   12 A    5 -1 -2 -3 -3  0 -1 -1 -3  1  0  1 -1 -3 -3 -1 -2 -4 -2 -2   56   3   2   0   0   3   3   3   0   8   9  10   1   0   0   0   0   0   1   0  0.57 0.40
   13 N   -3  1  6  2 -5  0  1 -3  2 -5 -4  0 -4 -4 -4 -1 -1 -5  0 -5    0   7  53  11   0   3   7   0   4   0   1   4   0   0   0   3   2   0   3   0  1.00 0.49
   14 A    0  2  1  3 -4  1  2 -3  2 -4 -4  3  0 -4 -3  0  0 -4 -3 -3    8  11   6  17   0   4  15   0   5   0   0  22   2   0   0   5   4   0   0   0  0.44 0.28
   15 H   -3  0 -2  0 -5  2  2 -4  8 -1 -5  1 -4 -4 -4 -2 -1  0 -2 -3    1   5   0   4   0   8  11   0  52   3   0   7   0   0   0   1   3   2   0   2  1.31 0.59
   16 L   -1 -5 -3 -5 -4 -4 -5 -5 -5  4  5 -5  1 -2 -5 -3 -2 -4 -2  0    4   0   1   0   0   0   0   0   0  27  59   0   2   0   0   1   1   0   1   2  1.00 0.49
   17 A    1  0  1  0 -4  5  2 -3  1 -4 -3  0 -3 -4 -3  1 -2  0 -2 -1   15   3   8   4   0  30  15   0   4   0   1   4   0   0   0   8   1   1   1   5  0.50 0.36
   18 A    2  0  0  0 -3  3  1  0 -2 -1  0  1 -1 -3 -3  0 -1 -4 -3 -2   25   3   4   5   0  16  11   6   0   3  10   8   1   0   0   5   1   0   0   2  0.23 0.23
   19 V   -3 -1 -5 -5 -4 -3 -2 -5 -4  1  5  0  3 -1 -5 -4 -1 -4 -3  0    1   3   0   0   0   0   3   0   0   5  66   7   6   1   0   0   3   0   0   3  0.89 0.48
   20 H   -3  0  1  1 -4  1  1 -4  7 -4 -3  1 -1 -3 -4  0 -1 -4  2 -3    0   4   7   8   0   5  11   0  30   0   3  10   1   0   0   8   3   0   7   2  0.64 0.39
   21 R   -1  2  1  0  0  3  1 -2  3 -4 -3  2 -1 -4 -3  0  0 -4 -3 -2    5  10   8   3   2  17   9   2   8   0   1  16   2   0   0   7   6   0   0   2  0.35 0.27
   22 R   -2  5  0 -1 -5  2  1 -4 -1 -2 -4  3 -1 -5 -4 -1 -1 -5 -4 -2    2  43   3   3   0  11   8   0   1   2   0  17   1   0   0   4   3   0   0   2  0.83 0.47
   23 A    0 -4  0 -3 -1 -4 -4 -3 -4  5  1 -3 -1  0 -4 -2 -2 -4 -2  3    8   0   5   1   1   0   0   2   0  37  12   1   0   3   0   3   1   0   1  25  0.61 0.38
   24 A    2  0  1  1 -3  2  1  0  0 -1 -1  0 -1 -2 -2  1  0 -4 -3 -2   19   6   7  10   0  13   8   5   2   4   4   5   2   1   0   9   5   0   0   2  0.18 0.18
   25 E   -1 -2  0  3 -5  1  5 -3 -1 -5 -4  0 -4 -5 -4  0 -2 -5 -4 -3    4   1   5  15   0   5  53   1   1   0   1   5   0   0   0   6   1   0   0   1  0.96 0.53
   26 L   -4 -1 -2 -5 -4 -3 -3 -6 -5 -1  6 -1  2 -3 -5 -3 -4 -4 -4 -1    0   3   2   0   0   1   2   0   0   1  78   4   4   0   0   2   0   0   0   2  1.19 0.61
   27 E   -3 -1  0  2 -6  3  6 -4 -3 -3 -5  0 -4 -5 -4 -2 -1 -5 -2 -4    1   3   5   8   0  11  61   0   0   1   0   4   0   0   0   1   3   0   1   1  1.18 0.62
   28 A    1  0  1 -1 -3  1  3 -1 -2  0 -2  0 -2 -3 -2  2  1 -3 -2 -2   15   6   7   0   0   6  20   4   0   6   3   6   0   0   0  15   9   0   1   0  0.26 0.24
   29 R    0  2 -1  1 -3  3  2 -1  1 -1 -2  1 -1 -3 -2  0  0 -3 -1 -2    6  11   2  10   0  17  12   3   3   4   4  10   1   0   1   8   5   0   1   2  0.23 0.18
   30 L   -1  0  0 -2  0 -1 -1 -2 -2  2  3 -1  0 -1 -3 -2 -1  0 -1  1    5   7   5   2   2   3   3   2   0  18  32   3   1   1   1   1   2   1   2   8  0.20 0.17
   31 D    0  1  1  1 -3  3  2 -1  0 -3 -1  2 -1 -2 -2  1 -1 -3 -2 -2    7   7   8   6   0  17  11   3   3   1   5  14   1   2   1   9   3   0   0   2  0.24 0.18
   32 A    2  0  0  0 -3  2  2  0  0 -2 -1  0  0 -3 -2  1  0 -3 -1 -2   18   3   4   4   0   9  20   6   2   3   4   6   2   0   1   8   6   0   2   2  0.19 0.17
   33 A    1  0 -2 -2 -2  1 -1 -3  0  0  3  1  1 -1 -2 -1 -1 -2 -1  0   12   5   1   1   0   8   3   1   3   6  33  10   4   2   1   4   3   0   1   3  0.17 0.17
   34 E   -2 -1  1  2 -3  2  4 -3 -2 -3 -2  1  0 -2 -2  0 -1 -3 -1 -2    1   2   7  10   0   9  36   1   0   1   5   9   2   2   1   5   4   0   2   3  0.45 0.28
   35 R    0  1  2  1 -2  1  2 -2 -1 -2 -2  2 -2 -3 -2  0  0 -3 -3 -2    9   9  12  10   1   8  13   2   1   2   5  15   0   0   0   7   4   0   0   2  0.26 0.20
   36 T    0  0 -1 -1 -3  1  2 -3  1  0 -1  0  1 -3 -3  0  3 -4 -3 -1    9   4   2   3   0   7  15   1   3   4   5   4   4   0   0   5  29   0   0   3  0.29 0.27
   37 V    0 -2 -1 -3 -3 -1 -3 -4 -4  3  2 -2  1  0 -4 -2 -1 -4 -3  3    6   2   3   1   0   2   0   0   0  21  22   2   3   3   0   3   2   0   0  29  0.43 0.29
   38 H   -1  3  1  1 -4  3  2 -2  2 -4 -3  3 -3 -4 -3 -1 -1  0  0 -4    4  20   6   6   0  13  13   1   6   0   2  19   0   0   0   4   2   2   3   0  0.46 0.31
   39 A   -1  0 -2  1 -2  3  5 -2 -1 -4 -5  2 -4 -3 -4  0 -3 -5 -4 -4    4   3   0   8   1  11  49   2   1   1   0  11   0   1   0   7   0   0   0   0  0.87 0.51
   40 Q   -2  1  0 -3 -4  6  1 -4 -1 -2  1  1 -1 -1 -4 -2 -1 -4 -1 -3    2   5   5   0   0  41   7   0   1   2  15  10   1   3   0   1   3   0   2   0  0.65 0.45
   41 A    1  0  2  1 -3  3  1 -2  1 -2 -1  1 -1 -2 -2  1  0 -3 -1 -2   16   3  12   6   0  15   7   2   3   1   6   8   1   2   0  11   5   0   1   0  0.22 0.21
   42 E    0  0  0  0 -5  2  5 -2 -3 -2 -4  1 -2 -3 -3 -1  0  0 -4 -3    7   3   4   3   0   8  46   2   0   2   1  10   1   1   0   4   5   1   0   1  0.66 0.43
   43 R    1  1  1  0 -3  3  1 -3  0 -1 -1  1 -1 -4 -3  1  1 -4 -3 -2   15  10   5   5   0  16  11   0   3   3   5   7   1   0   0  10  10   0   0   1  0.26 0.24
   44 L   -1 -2  0 -4 -1 -1 -3 -3  1  2  4 -2  2  0 -4 -1 -2 -3 -2  0    4   1   4   0   1   2   0   1   4  13  48   2   5   3   0   5   1   0   0   3  0.48 0.33
   45 A    1 -1  0 -1 -3  2  1 -1 -2  1  0  0  0 -1 -2  0 -1 -3 -2  0   17   3   3   2   0  15  10   4   0  11   8   7   2   2   1   7   3   0   0   6  0.13 0.17
   46 L    1  2  0  1 -2  2  2 -2  1 -3 -2  2 -2 -3 -3 -1  0 -4 -1 -3   15  15   5   9   1   8  16   1   3   0   3  12   1   0   0   3   5   0   2   0  0.30 0.23
   47 H   -3  3  0 -2 -4  1  2 -2  1 -4 -1  5 -1 -3 -2 -1 -2 -4 -3 -3    0  16   4   1   0   5  13   2   3   0   6  39   1   1   1   4   2   0   0   1  0.62 0.39
   48 D   -1 -1  2  5 -4  0  2 -3  0 -2  0 -1 -3 -4 -3 -1 -2  0 -2 -1    4   3   9  38   0   4  14   0   2   2  11   1   0   0   0   4   0   2   1   4  0.55 0.35
   49 Q    0  1  0  0 -4  3  4 -3 -1 -2 -2  1 -1 -4 -2 -1  0 -4 -3 -1    8   6   5   2   0  13  38   0   1   2   3   6   1   0   2   3   5   0   0   3  0.50 0.35
   50 Q    0  1  0 -1 -4  4  3 -1 -1 -2 -2  0 -1  0 -3 -1 -1 -4 -1 -1    9   6   4   2   0  26  20   5   1   1   4   4   1   5   0   3   3   0   2   5  0.35 0.30
   51 L    0 -1  0 -3 -3 -2 -3 -4  2  1  4 -2  2  2 -4 -2 -2  0  0 -1    8   3   5   1   0   1   1   0   7   9  42   2   6   7   0   3   1   1   2   1  0.40 0.30
   52 R   -2  3  0 -1 -2  4  1 -2  1  0 -2  2 -2 -4  0 -1  0 -4 -3 -2    0  16   3   3   1  23  10   3   3   6   3  15   0   0   5   2   5   0   0   2  0.40 0.30
   53 A    1  0  1  1 -3  0  2 -2  1 -2 -1  1 -2 -3 -1  0  1 -4 -1 -1   14   5   6   6   0   2  19   1   4   2   6  10   0   0   2   5  11   0   1   5  0.18 0.19
   54 A    1  2  1  0 -3  3  1 -3 -2 -1 -2  2 -1 -3 -3 -1 -1 -4  0 -1   17  12   6   5   0  19   8   0   0   3   3  13   1   0   0   2   3   0   3   6  0.30 0.27
   55 L   -1 -1  0 -1 -3 -2 -2 -3 -3  2  3 -1  1  0 -4 -1 -2  0 -1  1    3   3   5   4   0   1   2   1   0  15  35   3   3   4   0   3   1   2   2  11  0.27 0.23
   56 D    1  1  2  2 -4  2  3 -2 -2 -4 -4  2 -3 -4 -1  0 -1 -4 -3 -2   11   9  13   9   0  11  18   2   0   0   0  12   0   0   2   8   2   0   0   2  0.39 0.29
   57 E   -2  0  1  0 -5  3  5 -4 -3 -3 -3  0 -4 -5 -4 -1  0 -5 -4 -4    2   4   7   3   0  15  51   0   0   1   2   5   0   0   0   4   5   0   0   0  0.95 0.53
   58 L    0 -1 -3 -2 -3 -2 -1 -3 -3  2  3 -1  1 -2 -3 -1  1 -3  1  1    6   4   0   2   0   1   4   1   0  12  37   3   3   0   0   4   8   0   5   7  0.27 0.23
   59 G    0  0  0 -1 -2  0  1 -1  1  0  1  1  1 -2 -1  1  0 -3 -2  0    4   5   5   3   0   5   9   3   5   5  15  10   4   0   1  11   4   0   0   8  0.06 0.09
   60 R    0  3  0  1 -4  2  2 -2  0 -2 -3  3 -3 -4 -3  1  0 -4 -2 -1    9  17   2   8   0   9  12   1   2   1   0  18   0   0   0  10   5   0   1   3  0.35 0.26
   61 A    1  0  1  0  0  2  1  0 -1 -3 -1  2 -1 -1 -2  0 -1 -1 -2 -2   18   2   6   4   2   9  12   6   1   0   7  15   1   2   0   6   3   1   0   2  0.16 0.17
   62 K   -2  2 -2 -3 -5  3 -1 -4  3 -2 -3  5 -1 -5 -4 -2 -3 -5 -1 -4    2  12   1   0   0  15   3   0   9   3   2  48   1   0   0   1   0   0   2   0  0.97 0.53
   63 D   -3 -1  3  5 -5  1  4 -3 -3 -3 -5  0 -4 -5 -4 -1 -2 -6 -5 -5    1   2  12  35   0   5  31   2   0   1   0   6   0   0   0   3   2   0   0   0  0.97 0.50
   64 R    2  2 -1 -1 -2  2  1  0 -1 -2 -2  2 -2 -3 -3  1  0 -4 -1 -2   22  13   2   2   1   8  10   6   1   1   4  14   0   0   0   9   4   0   2   1  0.25 0.22
   65 E   -1  0 -3 -1 -5  3  6 -4  0 -3 -2  1 -4 -5 -3 -1 -1 -5 -4 -3    4   5   0   2   0  13  54   0   2   1   3   8   0   0   0   2   3   0   0   1  0.94 0.52
   66 I   -3 -3 -2 -5 -4 -4 -3 -4 -5  6  1 -2  1 -3 -5 -3 -1 -5 -4  3    0   1   2   0   0   0   1   1   0  56  11   2   3   0   0   1   3   0   0  17  1.02 0.51
   67 A    1  1  1  1 -1  2  2 -1  1 -3 -3  1 -2 -1 -3  1  0 -3 -1 -2   15   7   7  10   2  13  12   3   3   0   1   8   0   3   0   8   7   0   2   1  0.23 0.20
   68 T    1  0  1  2 -4  2  3 -3 -2 -1 -3  0 -2 -2 -2  0  1 -4 -2 -1   11   4   8  10   0   8  28   0   0   4   1   4   1   2   1   5   9   0   1   3  0.33 0.26
   69 L   -2 -3 -5 -5  0 -1 -2 -5 -2 -1  5 -3  1  0 -5 -4 -1 -4 -2 -1    3   1   0   0   2   2   3   0   1   2  72   1   2   3   0   0   3   0   1   2  1.00 0.52
   70 Q   -1  2  2  0 -4  3  2 -1  0 -3 -4  2 -1 -4 -3  0  1 -4 -2 -3    4  12   9   4   0  19  14   4   1   2   0  15   1   0   0   6   7   0   1   0  0.42 0.30
   71 E    0  1  1  0 -2  3  3 -2  0 -4 -2  3 -1 -4 -2  0  0 -4 -2 -3    6   7   6   4   1  16  21   1   2   0   3  18   2   0   1   5   5   0   1   0  0.39 0.29
   72 Q   -1  2 -1  0 -4  4  2 -3  0 -2 -1  3 -3 -4 -3  0  0  0 -3 -3    4  12   1   4   0  21  12   1   2   2   5  20   0   0   0   6   6   2   0   1  0.41 0.31
   73 L   -3 -3 -5 -5 -3 -2 -5 -4 -4  3  5 -4  2  0 -5 -4 -3 -4 -1  1    0   1   0   0   0   2   0   1   0  19  57   0   3   3   0   0   0   0   2  10  0.92 0.46
   74 M    1  1  0  1 -2  2  2 -1  0 -2 -1  1 -1 -1 -2  0  0 -3 -1 -1   15   7   2  10   1   9  18   3   2   1   4  12   1   3   0   5   4   0   2   3  0.19 0.17
   75 T    1  0  0  1 -3  3  2 -1  1 -3 -3  1 -3 -4 -1  1  0 -4 -2 -3   13   3   3   8   0  14  16   5   4   1   1   9   0   0   2  13   6   0   1   1  0.28 0.23
   76 S    1  0 -1 -3  1  0 -1 -2 -3 -2  2  2  0 -3 -3  2 -1 -3  0 -1   10   4   3   0   3   3   2   2   0   1  22  16   2   0   0  24   2   0   4   3  0.22 0.26
   77 E   -2  1  0  2 -5  1  5 -2 -2 -4 -3  1 -1 -5 -3 -1 -1 -5 -4 -3    2   6   5  10   0   6  47   3   0   0   2   9   1   0   0   3   4   0   0   2  0.73 0.42
   78 A    2  0 -1  0 -3  3  3 -2  1 -3 -2  1 -3 -2 -3  1  0 -4 -2 -2   18   4   2   5   0  15  21   1   3   0   2   8   0   1   0  11   5   0   1   3  0.33 0.27
   79 T    0  2 -1  1 -4  3  3 -3  2 -1 -2  1 -3 -4 -3 -1  1 -4 -2 -2    6   9   2   8   0  14  21   1   6   3   3  10   0   0   0   2  11   0   1   2  0.35 0.27
   80 V   -1  0  0 -4  1 -3 -4 -4 -2  4  1 -1  1 -1 -4 -2 -1  0 -1  3    5   5   4   0   3   1   0   0   1  36  11   4   2   1   0   2   2   2   1  20  0.48 0.32
   81 H   -2  2  1  1 -5  4  2 -4  3 -4 -2  1 -3 -2 -2  0 -1 -4 -1 -3    3   9   7   7   0  24  14   0   8   0   4  10   0   2   1   6   2   0   2   1  0.46 0.33
   82 S   -1  3  1  2 -2  2  2 -3 -2 -2 -3  3 -3 -4 -3  0  0 -4 -3 -1    5  17   6  11   1   9  12   0   0   1   2  18   0   0   0   5   7   0   0   6  0.36 0.27
   83 L   -2 -2 -5 -6 -4 -1 -5 -6 -5  0  5 -3  5 -2 -5 -2 -2 -4 -1 -1    2   2   0   0   0   3   0   0   0   3  63   2  16   0   0   2   2   0   3   2  1.06 0.53
   84 Q   -1 -1  1 -1 -1  2  4 -4 -1 -2 -1  2  1 -4 -3 -1 -1 -5 -4 -1    5   2   6   1   1  10  33   0   1   3   6  17   4   0   0   3   4   0   0   3  0.46 0.33
   85 A    1  0  1  0 -3  3  2 -2 -1 -2 -2  1 -2 -4 -3  0  1 -4 -3 -1   16   5   5   5   0  19  17   2   1   2   3   6   0   0   0   7   9   0   0   3  0.33 0.26
   86 T    0  0  0  0 -3  3  2 -2 -1 -1  0  0  1 -3 -3  1  1 -3 -2  0    7   4   5   4   0  15  13   1   1   2  11   3   4   0   0  12  10   0   1   7  0.17 0.18
   87 V   -1 -1 -1 -2  1 -2 -1 -3 -3  3  3  0  1 -1 -3 -1 -1 -3 -2  1    5   2   3   1   3   1   3   1   0  20  30   5   3   2   0   5   2   0   0  11  0.25 0.19
   88 H   -1  2  0  0 -2  2  3 -2  2 -2 -3  3 -3 -4 -2  0 -1 -4 -3 -3    5  13   5   3   1   8  18   2   5   2   2  26   0   0   2   4   3   0   0   0  0.44 0.29
   89 Q   -2  0  2  1 -5  3  5 -2 -2 -5 -4 -1 -4 -1 -4  0  0 -1 -4 -3    2   5  10   6   0  12  44   3   0   0   1   2   0   3   0   4   5   1   0   1  0.70 0.42
   90 R   -2  4 -3 -4 -5  1 -1 -4 -3 -5 -3  5 -1 -5 -4  0 -1  0 -4 -3    2  26   0   0   0   6   2   0   0   0   2  48   2   0   0   7   3   1   0   2  1.06 0.55
   91 D   -3 -1  2  6 -6  0  3 -4  2 -3 -4 -1 -5 -6 -4 -2 -4 -6 -5 -5    2   2   9  55   0   3  17   0   5   1   2   3   0   0   0   1   0   0   0   0  1.24 0.58
   92 E    1  1  0  0 -1  2  1 -1  0 -1  0  1  1 -2 -2  0  0  1 -2 -1   15   7   3   5   1  10   8   3   2   3   8  11   5   1   0   6   6   3   0   4  0.10 0.12
   93 L    0  1  0  0 -3  1  1 -1  1  0  1  0  1 -2 -3  0  0 -3  0  0    5   8   6   5   0   9   9   4   5   3  22   4   4   0   0   4   4   0   3   5  0.09 0.11
   94 I   -1 -4 -3  0 -3 -3 -1 -4  2  4  1 -3  3 -3 -4 -1  0 -4 -3  1    6   0   0   5   0   0   5   0   7  32  15   0   9   0   0   5   7   0   0  10  0.44 0.28
   95 R    1  0  0  0 -3  2  3  0  1 -3 -1  1  0 -2 -3  0  0 -4 -2 -1   11   5   4   5   0  11  21   6   4   0   7   7   2   2   0   7   5   0   0   3  0.19 0.17
   96 Q   -1  1  0  1 -4  4  2 -3  3 -1 -2  1 -2 -3 -3  0  0 -4  0 -1    4   6   3   7   0  21  16   0   8   5   3   7   0   0   0   8   4   0   4   3  0.35 0.26
   97 L   -4 -4  0 -5 -4 -1 -2 -5 -4  0  5 -4  1  0 -5 -2 -3  1 -1 -1    0   0   5   0   0   3   3   0   0   4  70   0   2   3   0   2   0   2   2   3  0.95 0.48
   98 Q   -1  2  3 -1 -4  4  2 -3  0 -4 -2  2 -1 -4 -3 -2  0 -4 -3 -4    4  13  14   2   0  23  17   0   2   0   3  15   2   0   0   0   5   0   0   0  0.58 0.35
   99 P   -1  2  1  0 -4  3  1 -3  4 -2 -3  1 -1 -2  1  0  0 -3 -1 -1    5  10   7   3   0  20  10   0  11   2   1   6   1   2   6   6   4   0   2   4  0.30 0.22
  100 R   -1  4  0  0 -4  2  1 -2  0 -2 -1  3 -2 -3 -3  0 -1 -4 -1 -3    3  25   3   3   0  13   7   3   2   2   8  19   0   0   0   8   3   0   2   0  0.39 0.26
  101 A    0 -2  0 -3  4 -1 -1 -2  1  1  1 -1  0 -1 -3  0  0 -3  0  1   10   1   4   0  14   2   4   1   4   9  17   3   2   1   0   9   4   0   4   8  0.17 0.16
  102 E    0  2  0  2  0  3  2 -3  1 -4 -4  2 -3 -4 -3  1  1 -4 -3 -2    7  14   2  12   2  17  12   0   3   0   0  10   0   0   0  10   7   0   0   2  0.40 0.27
  103 L    0  0 -1 -1 -3  2  0 -3  2  1  1  0  1  0 -3  0  0 -3 -2  1    6   4   2   3   0  13   5   0   6   7  18   7   3   4   0   7   5   0   0  10  0.10 0.14
  104 L   -1 -2 -4 -4  0 -2 -4 -3 -4  0  4 -1  2  1 -4 -2 -1  0  0  0    4   1   0   0   2   1   0   2   0   2  55   4   6   6   0   3   3   2   3   5  0.59 0.35
  105 Q   -1  0  0  4 -4  2  3 -2 -2 -2 -3  1 -3 -2 -3 -2 -1 -4 -2 -2    4   6   3  28   0  12  24   1   0   3   2   7   0   2   0   0   4   0   1   2  0.54 0.34
  106 D    0  1  0  3 -4  3  4 -2 -2 -4 -4  0 -3 -5 -3  0 -1 -4 -4 -2    9   7   3  15   0  16  31   2   0   0   0   4   0   0   0   5   4   0   0   2  0.58 0.35
  107 I    0 -2 -2 -2 -2  0 -1 -2 -3  2  2  0  2 -2 -3 -1  0 -3 -2  2   10   0   2   2   0   4   5   3   0  14  24   5   5   0   0   4   6   0   0  15  0.17 0.17
  108 C    1  0  1  0  3  0  0 -1  0  0  1  0  0 -2 -2  0  0 -3 -2 -1   11   4   8   4  10   4   5   3   2   6  19   5   2   1   0   8   6   0   0   1  0.08 0.12
  109 R    0  3  1  1 -4  2  2 -1  0 -4 -2  2 -3 -4 -3  0 -1 -4 -3 -3    8  17   5   9   0   9  16   4   1   0   3  16   0   0   0   7   3   0   0   0  0.36 0.24
  110 R   -1  2  0 -1 -3  1  1 -1  2 -2 -1  0 -2  1 -3  1 -1  1  3 -3    2  12   5   3   0   6   9   5   7   2   6   5   0   6   0  11   2   2  16   0  0.22 0.19
  111 R   -1  3  1 -2 -3  1  1 -3 -2 -1  1  3 -2 -2 -3 -1 -1  0 -1 -1    5  17   6   0   0   4   8   0   0   4  14  27   0   1   0   4   3   2   2   2  0.30 0.24
  112 P    0  0 -2  2 -4 -1  2 -2 -3 -3 -4  0 -3 -4  4  0  1 -4 -4 -1    7   5   0  14   0   1  17   2   0   0   0   6   0   0  25   6  10   0   0   5  0.53 0.31
  113 P    1 -1  1  0 -1  1  1  0 -1 -1  0  0  1 -2  1  0  0 -3 -1  0   12   2   8   4   1  10  12   7   0   3   7   6   5   0   5   5   4   0   2   6  0.09 0.10
  114 L   -3 -2 -1 -2 -3 -2 -3 -4 -4  2  4 -2  1  0 -4 -3 -3 -3 -1  1    0   2   3   3   0   1   2   0   0  12  57   2   2   2   0   2   0   0   2   9  0.65 0.36
  115 A    1  1  0  1 -4  2  4 -2 -2 -3 -4  0 -3 -2 -3  0 -2 -4 -4 -4   15   9   4   8   0  11  39   1   0   2   0   5   0   2   0   4   0   0   0   0  0.62 0.38
  116 G    1  1  2  1 -3  2  0  0 -2 -2 -2  1 -2 -4 -3  1  0 -4 -3 -2   10   8  13   8   0  10   6   7   0   1   4  10   0   0   0  15   5   0   0   3  0.22 0.19
  117 L   -2 -2 -2 -4 -1  1  1 -4 -1  0  4 -1  1 -2 -2 -3 -1 -4 -2  0    3   1   2   0   1   6   9   0   1   4  53   3   4   0   2   0   4   0   1   6  0.46 0.33
  118 L   -2 -2  0 -4 -1 -1 -3 -4 -4  1  4 -1  0 -2 -1 -2  1 -4 -3  2    1   2   4   0   1   3   0   0   0   5  49   5   1   0   3   2  10   0   0  13  0.46 0.33
  119 D    2  1 -1  0 -3  0  1  0 -1 -1 -3  1 -2 -3 -1  2  0 -1 -3 -2   17  10   2   3   0   2  13   7   1   4   1  11   0   0   2  18   6   1   0   1  0.22 0.19
  120 A    1 -1 -1 -1  2  1  1 -2 -2  0  0  0  0 -2 -2  0  2 -3  0  0   11   3   2   2   5   9   8   1   0   7   8   5   1   0   0   7  21   0   3   5  0.15 0.17
  121 L   -2 -2 -5 -5 -3 -3 -3 -5 -4  1  4 -1  5 -1 -5 -3 -1 -4 -1  1    2   2   0   0   0   0   2   0   0   6  48   4  22   1   0   2   2   0   2   8  0.78 0.43
  122 A    1  2  1  0 -4  2  3 -2 -2 -3 -3  3 -1 -4 -3  0 -2 -4 -3 -1   11  13   5   4   0  11  21   1   0   0   1  22   1   0   0   4   1   0   0   5  0.42 0.28
  123 E   -3 -2 -1  2 -5  3  4 -1  1 -2 -4  2 -3 -5 -1  0 -1 -5 -4 -4    0   0   2   9   0  18  36   3   3   2   0  15   0   0   2   5   4   0   0   0  0.67 0.40
  124 A    3 -1 -2 -1  0 -2  0  0 -3  1 -1  0 -2 -3 -2  1  1 -4 -3  0   40   3   0   2   2   0   4   5   0   9   6   6   0   0   0  10   8   0   0   5  0.28 0.24
  125 E   -1  0  0  1 -4  0  5 -3  2 -2 -3 -1 -3 -4  2 -1 -2 -4 -3 -4    4   5   4   8   0   2  52   0   5   2   2   0   0   0  10   4   0   0   0   0  0.77 0.39
  126 R    0  2  0  1 -3  2  1  0  2 -3 -2  2  0 -3  0 -1 -2 -3 -2 -3    8  16   3   8   0  14   9   8   8   0   4  13   3   0   4   1   0   0   0   0  0.28 0.18
  127 L   -1 -1 -1 -3 -2  0 -1 -1  0  1  3 -1  2  0 -3 -1 -2 -2  0  0    3   3   4   0   0   4   2   4   2   7  43   5   7   2   0   3   0   0   4   5  0.22 0.16
  128 G    1  1 -1 -2 -2 -1  1  2  0 -1 -2  0  0  0 -2  1  1 -3 -2 -1   14   8   0   0   0   0  11  18   3   3   0   4   3   7   0  12  11   0   0   4  0.15 0.12
  129 P    1  0  0 -2  2  0 -1  0 -2 -3 -2  1 -2 -3  4  2  1 -3 -3 -2   14   6   3   0   4   3   0   6   0   0   3   9   0   0  22  15  11   0   0   0  0.38 0.18
  130 L   -1  0 -2 -2 -2  0 -1 -3 -2  1  2  0  1  0  1  0 -1 -2  0  2    0   6   0   0   0   3   5   0   0   3  27   5   4   4   7  11   0   0   3  20  0.15 0.14
  131 P   -2  0  0  1 -3  0  1 -3  2 -1 -1  1  0 -3  5 -1  0 -4 -2 -1    0   5   3  10   0   4   9   0   7   4   7   8   3   0  30   0   5   0   0   4  0.45 0.19
  132 A    2 -1  0  0  1  0  1  0 -2 -1 -1  1 -2 -2  0  0 -1 -3  0  0   27   0   4   3   4   5  13   8   0   3   4   8   0   0   3   7   1   0   4   7  0.13 0.12
  133 S    0  0  1  0 -3 -1  1  0  2 -3 -3  0 -2 -3 -2  3  1 -4 -2 -1    8   5   8   5   0   0   8   4   7   0   0   3   0   0   0  35  11   0   0   6  0.32 0.21
  134 D   -1  2  1  2 -3  1  1 -1  2 -3 -2  0 -2 -3  0  2 -1 -3  0 -2    0  12   8  14   0   4  11   3   6   0   3   4   0   0   4  23   0   0   4   3  0.27 0.17
  135 P    1 -2  0  1 -3  2  1  1 -2 -3 -1 -1  0 -3  3  1  0 -4 -3 -2   13   0   4   7   0  16   7  11   0   0   6   0   4   0  17  12   4   0   0   0  0.32 0.17
  136 G    1  0  1  1  1 -1  0  3 -2 -2 -1 -1 -2 -3 -2  1  0 -3 -3  0   13   5   8   9   3   0   5  25   0   0   8   0   0   0   0   9   3   0   0  11  0.18 0.12
  137 H   -1  1  0 -2 -3  2  1 -3  5  0 -1  0 -1  0 -3  0  0 -3  1  0    4   7   3   0   0  15   7   0  21   5   3   5   0   5   0   7   4   0   4  10  0.24 0.16
  138 P    0 -2 -1  0 -2 -2 -2 -1 -2 -1 -1  0  0 -3  4  2  1 -4 -3  0    4   0   2   4   0   0   0   3   0   3   6   7   4   0  21  27  12   0   0   7  0.35 0.19
  139 P   -1  0  1  1 -2 -1 -1 -1 -2  0  1 -1  1 -2  2  2  1 -3 -2  0    0   5   9   9   0   0   0   4   0   5  17   0   5   0   9  24   7   0   0   4  0.16 0.14
  140 P    0 -1  0 -2 -3 -2  0 -1 -3 -1 -3  0 -3 -4  6  0  0 -4 -3 -3    9   4   4   0   0   0   6   5   0   4   0   4   0   0  50   8   4   0   0   0  0.95 0.29
  141 G    0  0  1  1 -3 -1  1  2  1 -2 -3  1 -2 -3 -2  2 -1 -4 -3 -2    9   5   8  10   0   0  13  15   4   2   0  12   0   0   0  20   0   0   0   3  0.25 0.14
  142 G    0 -1 -1  0 -3  0  0  4  0 -1 -2  0  0 -3  0  0  0 -3 -3  0    4   2   0   5   0   5   6  39   2   4   2   4   4   0   4   5   4   0   0   8  0.30 0.15
  143 P    0 -3 -2  3 -4 -2 -2 -3  1 -3 -2 -2 -3  0  6 -2  1 -4 -3  0   10   0   0  21   0   0   0   0   4   0   2   0   0   5  41   0   9   0   0   8  0.82 0.29
  144 G    0  0  0  2 -3 -1  1  3 -2 -3 -3  1 -3 -4  1  1 -1 -4 -3 -2    5   4   5  13   0   0  12  26   0   0   2   9   0   0   8  14   0   0   0   3  0.32 0.15
  145 P   -1  0  0  2  1  0  1  0 -2 -1 -3 -1 -2 -1  4  2 -1 -3  0 -1    0   4   3  12   5   5   8   5   0   4   0   0   0   3  21  22   0   0   3   5  0.32 0.16
  146 P    0  0 -2 -2 -4  1  1 -3  0 -3 -3 -2 -3  0  6 -1  0 -4 -3 -1    8   5   0   0   0   7   9   0   3   0   0   0   0   5  46   4   7   0   0   5  0.86 0.28
  147 L   -1  0  0 -2 -2 -1 -1 -3 -2  0  3  0  0 -1 -3  0  2  3 -2  1    0   6   5   0   0   0   3   0   0   0  37   6   0   0   0  10  15   5   0  11  0.21 0.15
  148 D    0 -2  2  3 -2  1 -1  1 -1 -2 -1 -1 -2  0 -2  1  1 -3 -2 -2    6   0  16  21   0   7   1  10   0   0   6   0   0   6   0  14  11   0   0   1  0.24 0.12
  149 N    0 -1  3  2 -2  1  1 -2  2 -1 -1 -1 -1  0 -2 -1  0 -3 -1  0    6   0  26  12   0   7   7   1   6   0   6   1   0   7   0   1   7   0   0  13  0.19 0.11
  150 S   -1 -1  2  1  1  2  1  0 -1 -3 -1 -1 -2 -3 -2  3  0 -3 -3 -3    0   0  12   5   4  11  12   6   0   0   6   0   0   0   0  42   0   0   0   0  0.36 0.19
  151 T   -1 -2 -1  1 -2 -1  1  1  2 -1  0 -1  0 -2 -2  2  1 -3 -2 -2    0   0   0   6   0   0  14  12   7   3  14   0   2   0   0  31   8   0   0   0  0.19 0.13
  152 G    0  1 -1 -1 -2  0  2  2 -2 -2 -1  0 -2 -3  1  1 -1 -3 -2 -1    8   9   0   0   0   0  22  22   0   0   7   6   0   0   7  10   0   0   0   6  0.21 0.09
  153 E   -2 -1 -1  3 -3  2  4 -3 -1 -3 -3 -1 -2 -3 -2  0  0 -3  1 -1    0   0   0  16   0  13  43   0   0   0   0   0   0   0   0   7   7   0   6   6  0.53 0.20
  154 E   -2 -1  0  5 -4  0  4 -3  2 -3 -2  1 -3 -4 -2  0 -2 -4 -3 -3    0   0   0  42   0   0  33   0   5   0   6   7   0   0   0   6   0   0   0   0  0.72 0.22
  155 A   -1  0 -1  1 -3  0  3 -2 -1 -2  0  1 -1  1  1  1  0 -3 -2 -2    3   6   0   6   0   2  30   0   0   0  15   7   0   8   6  10   7   0   0   0  0.21 0.11
  156 D    0 -1  0  4 -3  0  2  2 -2 -4 -4  1 -3 -4 -2 -1 -2 -4 -3 -3    8   0   0  36   0   0  18  23   0   0   0  13   0   0   0   0   0   0   0   0  0.54 0.16
  157 R   -1  3  1  2 -3  1  1 -2 -1 -2 -2  1  3 -3 -2  1 -1 -3 -2 -2    0  26   7  16   0   5   7   0   0   0   0   7  16   0   0  14   0   0   0   0  0.33 0.14
  158 D   -2 -2  0  6 -4  2  1  1 -2 -4 -4 -1 -3 -4 -3 -1  0 -5 -4 -4    0   0   0  63   0  12   7  10   0   0   0   0   0   0   0   0   7   0   0   0  0.93 0.25
  159 H   -1  1  1  2 -3  0  1  1  4 -2 -1  0 -1 -2 -1 -1  0 -3 -1 -2    0  10   8  17   0   3   6  10  17   0   9   6   0   0   2   0  10   0   0   0  0.20 0.07
  160 L   -1 -2 -2 -3 -2  1 -2 -3 -2  1  3 -2  4 -1 -3 -1  1 -2 -2  1    0   0   0   0   0  13   0   0   0   7  37   0  20   0   0   5  10   0   0   8  0.29 0.11
  161 Q    0 -1  0  3 -3  4  3 -2  0 -3 -3  0 -2 -2 -2  1 -1 -2  2 -2    9   0   0  18   0  29  22   0   0   0   0   0   0   0   0  11   0   0  11   0  0.42 0.11
  162 P   -1 -1  1 -1 -3  1 -1  1 -2 -1 -3  1 -2 -3  5  1 -1 -3 -3 -2    0   0  11   0   0  11   0  15   0   7   0  13   0   0  32  11   0   0   0   0  0.53 0.10
  163 A    2 -1 -1 -2 -1 -1 -1  0 -2 -1 -2  1 -1 -3 -1  1  3 -3 -2  0   32   0   0   0   0   0   0   4   0   0   0  10   0   0   0   7  39   0   0   7  0.30 0.09
  164 V   -1 -2 -3 -3 -1  1 -2 -3 -3  2  3 -2  1 -1 -3 -2 -1 -2 -1  3    0   0   0   0   0  12   0   0   0   0  39   0   0   0   0   0   0   0   0  49  0.30 0.05
  165 F   -3 -3 -3 -4 -3 -4 -4 -4 -2  0  0 -3  0  7 -4 -3 -2  1  3 -1    0   0   0   0   0   0   0   0   0   0   0   0   0 100   0   0   0   0   0   0  0.99 0.07
  166 G    0 -3 -1 -2 -3 -2 -2  6 -2 -4 -4 -2 -3 -3 -2 -1 -2 -3 -3 -3    0   0   0   0   0   0   0 100   0   0   0   0   0   0   0   0   0   0   0   0  1.19 0.06
  167 T    0 -1  0 -1 -1 -1 -1 -2 -2 -1 -2 -1 -1 -2 -1  1  5 -3 -2  0    0   0   0   0   0   0   0   0   0   0   0   0   0   0   0   0 100   0   0   0  0.66 0.07
  168 T    0 -1  0 -1 -1 -1 -1 -2 -2 -1 -2 -1 -1 -2 -1  1  5 -3 -2  0    0   0   0   0   0   0   0   0   0   0   0   0   0   0   0   0 100   0   0   0  0.66 0.07
  169 V    0 -3 -3 -4 -1 -3 -3 -4 -3  2  1 -3  0 -1 -3 -2  0 -3 -2  5    0   0   0   0   0   0   0   0   0   0   0   0   0   0   0   0   0   0   0 100  0.50 0.06

                      K         Lambda
Standard Ungapped    0.1310     0.3154
Standard Gapped      0.0408     0.2670
PSI Ungapped         0.1333     0.3172
PSI Gapped           0.0408     0.2670
