
Last position-specific scoring matrix computed, weighted observed percentages rounded down, information per position, and relative weight of gapless real matches to pseudocounts
            A   R   N   D   C   Q   E   G   H   I   L   K   M   F   P   S   T   W   Y   V   A   R   N   D   C   Q   E   G   H   I   L   K   M   F   P   S   T   W   Y   V
    1 M    -2  -3  -4  -4  -2  -2  -3  -4  -3   2   3  -3   6  -1  -4  -3  -2  -3  -2   1    0   0   0   0   0   0   0   0   0  13  32   0  46   0   0   0   0   0   0   9  0.65 0.16
    2 R    -1   4   0  -2  -3   1  -1  -2  -1  -2   0   2  -1  -3   0   1  -1  -3  -2  -1    0  30   5   0   0   8   0   0   0   0  15  14   0   0   5  18   0   0   0   5  0.28 0.11
    3 A     1  -2   2  -2  -3  -2  -1   1  -2  -3  -4  -2  -3  -4   4   4  -1  -4  -3  -2    9   0  11   0   0   0   4  11   0   0   0   0   0   0  23  39   0   0   0   3  0.60 0.20
    4 N    -2  -2   6   1  -4  -2  -1  -2  -2  -3  -4   1  -3  -1  -3   1   2  -5  -3  -1    2   0  52   5   0   0   2   0   0   0   0   9   0   3   0  10  11   0   0   7  0.73 0.27
    5 C     0  -1   0  -2   6  -2  -2  -3  -2  -1   0  -1  -1   1  -1  -1   2  -3   2   1    7   2   6   2  19   0   2   0   0   0   8   3   0   6   2   0  20   0   8  15  0.29 0.17
    6 S    -1   0   3   0  -3  -1   0  -1   1  -3  -2   0  -1  -1  -3   2   3  -4  -2  -2    3   4  16   4   0   0   6   4   4   0   4   6   1   4   0  22  21   0   0   1  0.27 0.17
    7 S     0  -2   5   1  -4  -2  -2   1  -2  -3  -4   0  -3  -3  -1   2   2  -5  -4  -4    5   0  36   6   0   0   0  10   0   2   1   4   0   1   2  19  12   0   0   0  0.58 0.29
    8 S     0  -2   3   3  -3  -1   1  -1  -2  -3  -2  -1  -3  -1  -2   3   0   1  -2  -2    7   1  13  17   0   1   8   2   0   1   4   1   0   2   1  33   5   2   1   2  0.38 0.24
    9 S     0  -1   0   0  -3   0   0  -2  -2  -2  -1   0   1  -1   1   3   2  -4  -2  -1    6   1   4   3   0   4   6   1   0   1   5   6   6   2   8  27  15   0   1   5  0.21 0.17
   10 A     2  -2   2  -1  -3   0   1   2   0  -1  -2  -1  -2  -3  -1   1   1  -4  -2   0   21   1  13   2   0   2  10  15   2   2   3   2   0   0   2   7  10   0   1   7  0.18 0.14
   11 C    -1  -3   2  -2   6  -1  -2   0   1   1   0  -3  -1   0  -4   1   0  -1  -3  -1    3   0  12   1  23   3   1   6   4  10  12   0   1   4   0  14   4   1   0   2  0.35 0.22
   12 P    -1   0  -1   0  -3  -1   0  -2  -2  -2   1  -1  -2  -3   4   2   1   1  -3   0    4   5   3   6   0   1   7   1   1   0  15   2   0   1  21  19   8   2   0   6  0.29 0.18
   13 A     2  -2   1   0  -2   0   0   1   0  -1  -1  -1  -1   0   0   1   0  -3  -1   0   21   0   6   4   0   3   4  14   2   3   6   2   0   6   4  11   3   0   2   9  0.09 0.09
   14 N    -1  -3   6   1  -4  -2   0   0   0  -2  -2  -1  -4  -5  -1   0   0  -5  -4  -2    4   0  49   7   0   0   7   7   2   3   4   2   0   0   3   5   4   0   0   4  0.71 0.34
   15 S     1  -1   3   1  -2   1  -1   0  -2   0  -1  -2  -2  -1   0   2   1  -4  -3   0   10   2  16   8   1   6   3   5   0   7   5   0   0   2   3  19   8   0   0   6  0.17 0.15
   16 S     0  -2   0  -3  -2   1  -1  -3  -2  -1  -2  -1  -2  -3  -1   3   4  -5  -3  -1    5   1   4   0   1   8   3   1   1   2   3   4   0   1   3  27  33   0   0   4  0.46 0.30
   17 E    -1  -1   1   2   1   0   2  -1  -2  -1  -2  -1  -1  -2  -1   1   2   1  -3   0    3   2   9  14   3   2  15   4   0   3   4   1   1   1   3  11  13   2   0   7  0.16 0.13
   18 E    -1   0   3   1   3   0   2  -1  -2   0  -2   0  -1  -2  -1   1   0  -4  -2  -2    5   5  16   9   7   2  17   4   0   7   2   6   1   1   2   9   6   0   1   1  0.19 0.14
   19 E    -1  -2   2   1  -1   1   2   0   1  -1  -2  -1  -1  -2   0   1   0  -3   1  -1    4   1  14   8   2   5  14   6   4   3   3   1   2   0   4  11   6   0   7   6  0.14 0.12
   20 L     0  -2  -1  -1  -1  -1  -1   0  -2   1   2  -2   1   0  -1  -1   1   1   0   1    7   1   4   3   1   1   4   8   1  10  24   2   2   4   2   1   9   2   4  10  0.06 0.08
   21 P     0  -3   0   0  -3  -2  -2  -3   0   0  -2  -2  -1  -3   4   0   3   0  -3   1    9   0   4   7   0   1   1   0   2   5   2   1   1   1  25   7  18   2   0  14  0.43 0.25
   22 V     0  -1   1  -2   0   0  -1   0  -2   2   0  -1   0  -2  -1   1   0  -1  -2   2    7   2   7   1   2   4   4   6   1  13   5   4   2   1   2  10   5   1   0  22  0.08 0.11
   23 G     0   0   0  -2   2  -1  -1   2   1   0  -1   0  -1  -1   0   1   1   0  -2   1    7   5   3   1   6   0   3  15   4   6   2   7   1   2   4  10   8   1   1  14  0.08 0.10
   24 L    -2  -4  -2  -2  -3  -1  -4  -4  -3   3   3  -2   2   1  -1  -3  -2  -3   0   2    3   0   2   2   0   2   0   1   0  20  36   2   5   5   3   1   1   0   2  15  0.44 0.25
   25 E    -1   5   0  -1  -3   1   2  -3  -1  -2  -2   0  -1  -2   1   0  -2   1   0  -1    4  34   4   2   0   6  12   1   1   2   4   4   1   1   6   7   1   2   3   5  0.38 0.26
   26 V     0   1  -1  -1  -2   1   1  -1  -1   0  -1   1   0  -2   2   0  -1  -3   0   0    8   9   1   1   1   5   9   3   1   8   4  13   3   1  12   5   3   0   4   9  0.13 0.11
   27 H    -2   1   1   1  -4   1   1  -2   1  -2  -2   0  -1  -1   4   1   0   1  -1  -2    1   7   6   8   0   6  11   2   4   2   3   3   1   3  20  12   5   2   2   3  0.29 0.19
   28 G    -1   2   0   1  -4   0   1   1  -1  -4  -2   1  -3  -4   0   2   0  -3  -3  -3    4  15   3   7   0   4   8  12   1   0   3   8   0   0   5  21   6   0   0   1  0.27 0.20
   29 N     0   0   2   0  -3  -1  -1  -1   0   0   0  -1   1  -1   1   0   1  -2  -1   0    8   4  15   5   0   1   2   4   3   7   8   3   4   2   6   7  11   0   1   8  0.07 0.10
   30 L    -2  -5  -4  -5  -4  -3  -4  -5  -4   2   4  -4   4   4  -4  -2  -2  -2  -2   2    2   0   0   0   0   1   0   0   0  12  35   0  13  16   1   3   1   1   0  14  0.71 0.37
   31 E    -2  -1   3   4  -5   1   1  -1  -1  -3  -4   1  -4  -2  -3   1   0  -5  -1  -2    1   3  17  29   0   5   8   4   1   1   1   8   0   2   1   8   4   0   2   3  0.49 0.31
   32 L    -1   0   0  -1  -3  -1  -1  -3   0   1   1   0   1   0  -1   0   1   3  -1   0    4   4   4   3   0   2   3   1   3  12  19   9   3   4   3   7   9   4   1   5  0.08 0.11
   33 V     1  -3  -4  -4  -3  -3  -4  -1  -4   4   2  -3   1   0  -4  -2   0  -2  -1   3   15   1   0   1   0   0   0   5   0  24  18   1   3   3   0   2   4   0   2  21  0.42 0.28
   34 F    -2  -3  -1  -3  -4   0  -2  -3  -2   2   1  -3   1   5  -4   0   1  -1   1   0    3   1   4   1   0   4   3   2   1  10  14   1   3  29   0   6  10   1   4   5  0.37 0.27
   35 T    -1   1   2   2  -4   2   0  -2  -2  -2  -2   1  -2  -2  -1   1   2  -4  -3  -1    3   8  13  10   0  12   4   2   0   2   4   8   0   2   2  10  17   0   0   5  0.25 0.23
   36 V     0  -3  -3  -2  -1  -3  -3  -1  -2   3   0  -3  -1   0  -3  -2   0   3   2   3    6   1   1   2   1   1   1   4   1  23   9   1   1   3   1   2   7   4   9  24  0.34 0.26
   37 V     0  -4  -4  -5   0  -4  -4  -2  -4   3   3  -4   0   2  -4   0  -1  -1  -1   2    9   0   0   0   2   0   0   4   0  17  27   0   2  10   0   7   4   1   2  17  0.40 0.27
   38 S    -1  -5  -4  -5  -3  -3  -5  -4  -4   3   4  -4   3   0  -4  -1   0  -3  -2   2    5   0   0   0   0   1   0   1   0  19  36   0   6   3   1   6   5   0   1  15  0.59 0.35
   39 T     1  -4   1  -3  -3  -2  -3  -1  -4   2  -1  -2   0  -1   4   1   1  -1  -2   0   10   0   7   0   0   2   0   5   0  11   5   2   3   3  23   9  11   1   1   7  0.35 0.27
   40 V     1  -4  -5  -5  -1  -4  -4  -3  -4   3   2  -4   0   0   1  -2  -1   1   0   3   14   0   0   0   1   0   0   2   0  19  20   0   1   4   8   2   4   2   3  19  0.39 0.28
   41 M     1  -4  -4  -5   0  -3  -4  -1  -4   2   3  -4   3   1  -4   0   0   2  -2   1   16   0   0   0   2   1   0   6   0  10  27   0   7   7   0   6   4   3   0  11  0.33 0.26
   42 M    -2  -6  -6  -7  -4  -4  -6  -4  -6   3   5  -6   1  -1  -6  -4  -2  -5  -4   2    3   0   0   0   0   1   0   1   0  14  59   0   3   2   0   1   2   0   0  15  1.07 0.53
   43 G     3  -4  -4  -4   1  -1  -4   2  -4   1  -1  -4   0   3  -3   0   0  -2  -3   1   29   0   0   0   3   2   0  16   0   9   4   0   3  15   0   6   4   0   0   9  0.41 0.32
   44 L    -1  -5  -5  -6   0  -4  -5  -3  -5   3   3  -5   1   4  -4  -3  -1  -2  -2   3    4   0   0   0   2   0   0   2   0  20  27   0   2  17   0   2   3   0   0  19  0.65 0.37
   45 L     0  -5   0  -5  -3  -5  -5  -5  -5   5   2  -5   2  -1  -5  -1   1  -5  -4   2    7   0   5   0   0   0   0   0   0  38  15   0   5   2   0   4   8   0   0  14  0.70 0.40
   46 M    -4  -6   0  -7  -4  -5  -6  -7  -4   1   0  -5  10  -2  -7  -3   0  -6   1  -1    1   0   4   0   0   0   0   0   0   6   5   0  64   1   0   2   7   0   5   4  1.98 0.88
   47 F    -3  -6  -7  -7  -2  -6  -6  -5  -5   2   3  -6   0   7  -7  -5  -4  -2  -1   1    2   0   0   0   1   0   0   1   0  10  27   0   2  45   0   0   1   0   1  11  1.29 0.59
   48 S     2  -4   1  -4   2  -1  -4   5  -3  -2  -2  -4  -2  -3  -5   3  -1  -5  -4  -2   15   0   7   0   4   2   0  37   0   2   4   0   1   1   0  22   3   0   0   2  0.68 0.43
   49 L    -4  -6  -7  -7  -5  -2  -6  -7  -6   2   2  -6   9   1  -7  -4  -3  -4  -3   2    1   0   0   0   0   2   0   0   0  10  18   0  51   5   0   1   1   0   1  11  1.66 0.76
   50 G     0  -7  -2  -6  -7  -6  -7   7  -7  -8  -8  -6  -7  -8  -7  -1  -6  -7  -8  -7    7   0   2   0   0   0   0  87   0   0   0   0   0   0   0   3   0   0   0   0  2.31 0.93
   51 C     1  -4  -5  -6   7  -5  -6  -3  -6   0   4  -3   2  -2  -6  -1   0  -3  -4  -1   11   0   0   0  26   0   0   2   0   5  35   2   5   1   0   4   6   0   0   3  0.91 0.50
   52 S     0  -2   1  -1  -2   0   0   0  -1  -3  -3   0  -2  -4  -4   2   4  -5  -4  -2    6   1   6   3   1   4   6   7   2   1   2   6   1   0   0  17  32   0   0   3  0.44 0.36
   53 V    -4  -6  -5  -7  -3  -5  -6  -7  -6   3   5  -6   4  -1  -6  -4   0  -5  -4   2    0   0   1   0   0   0   0   0   0  14  54   0  10   2   0   1   6   0   0  11  1.10 0.55
   54 E    -2   1   0   4  -3   0   2  -4  -2  -4  -3   1  -3  -5  -2   1   3  -6  -5  -3    1   8   4  22   0   4  14   0   1   0   2   7   0   0   1  12  22   0   0   1  0.55 0.39
   55 I    -1  -2  -4  -4  -4  -3  -3  -2  -4   2   3  -2   1   1   2  -3  -1   4  -1   2    5   3   0   0   0   1   1   3   0  12  26   2   3   7  10   1   3   6   1  14  0.36 0.26
   56 R     1   1   2   2  -4   1   2  -1   0  -3  -4   2  -3  -4  -2   1  -1  -5  -3  -3   14   7   9  12   0   6  12   4   2   1   1  14   0   0   1  11   4   0   1   1  0.29 0.24
   57 K    -2  -1  -1   6  -2   0   1  -3   1   0  -3   0  -3  -5  -4  -1  -1  -6  -5   0    3   3   1  45   1   4   7   1   4   6   3   6   0   0   0   3   4   0   0   8  0.71 0.43
   58 L    -4  -5  -7  -7  -4  -6  -7  -7  -5   3   1  -6   0   7  -7  -6  -4  -2  -1   2    1   0   0   0   0   0   0   0   0  16  14   0   2  51   0   0   1   0   1  13  1.45 0.64
   59 W    -1   3  -3  -4  -4   0  -2  -1  -2   0   0   4  -1  -2  -4  -1   0   4  -1  -1    6  18   0   0   0   3   1   4   1   5   9  29   1   1   0   5   5   6   1   5  0.41 0.32
   60 S     0   3   1   0  -2   1   2   0   0  -2  -2   1  -2  -3  -2  -1  -1  -4  -1  -2   10  22   8   5   1   5  14   6   2   2   3   7   1   1   2   3   4   0   2   3  0.24 0.21
   61 H    -1  -2  -1  -4   0   0  -3  -4   4   3   1  -2  -1  -1  -3  -3   0  -4  -1   4    6   2   3   0   2   4   1   1  10  16  13   2   0   3   1   1   5   0   2  30  0.39 0.29
   62 I     0  -1  -5  -4  -2  -4  -5  -3  -4   2   4  -3   1   3  -5  -3  -2   1  -1   1    7   4   0   1   1   0   0   2   0  14  37   1   3  15   0   1   1   2   1  10  0.55 0.33
   63 R    -2   5  -2  -3  -4   1  -1  -4   1  -3  -2   5  -2  -5  -4  -1   0  -3  -3  -2    3  28   1   1   0   6   2   1   3   2   4  36   1   0   0   4   5   0   1   3  0.76 0.45
   64 R    -2   5   1  -2  -4   2  -1  -4   2  -4  -3   3   0  -2  -3  -1  -1  -4   0  -4    3  32   8   1   0   7   2   1   6   1   2  21   2   2   1   4   3   0   3   1  0.63 0.39
   65 P    -4  -4  -5  -5  -7  -4  -5  -5  -4  -6  -4  -1  -5  -2   8  -4  -4   0  -4  -6    1   1   0   1   0   0   0   1   0   0   2   4   0   2  83   1   1   1   0   0  2.51 0.99
   66 W    -1   2  -3  -3  -4  -1  -2  -2  -2   1  -1   4  -2   0  -3  -2  -1   4   0   1    3  13   0   1   0   2   0   3   1  10   5  27   1   4   1   2   2   6   3  12  0.35 0.29
   67 G     3  -3  -1  -1  -2  -2  -2   3  -2  -3  -2  -2  -3  -4   2   0  -1  -2  -4  -2   29   1   3   4   1   2   2  26   1   1   4   2   0   0  11   6   3   1   0   3  0.44 0.31
   68 I     0  -5  -5  -5  -4  -4  -5  -5  -5   4   1  -3   1   1   3  -3  -2  -4  -2   4    6   0   0   0   0   0   0   0   0  21  14   1   3   6  15   1   1   0   1  30  0.65 0.37
   69 A     1  -4  -4  -4  -1  -4  -4   0  -4   3   3  -4   0   2  -4  -2  -1  -1  -2   1   16   0   0   0   1   0   0   7   0  15  29   0   1  10   0   3   4   1   1  11  0.38 0.27
   70 V     0  -4  -5  -5   0  -4  -5  -3  -5   5   2  -4   0   0  -4  -2   0  -1  -2   3    6   0   0   0   2   0   0   2   0  32  17   0   2   4   0   2   6   1   1  24  0.61 0.34
   71 G     1  -3  -2  -5  -1  -4  -5   7  -5  -5  -6  -5  -6  -6  -5  -1  -4  -6  -6  -4   11   1   1   0   1   0   0  76   0   0   1   0   0   0   0   4   1   0   0   2  1.69 0.70
   72 L     0  -3  -4  -5   0  -4  -4  -4  -4   1   3  -3   2   4  -3  -2  -1  -1   0   2    9   1   0   0   2   0   0   1   0   8  33   1   6  18   1   2   3   1   2  12  0.48 0.30
   73 L     1  -4  -4  -5   2  -4  -4  -1  -4   2   2  -4   1   3  -4  -1   0  -3  -2   2   13   0   0   0   4   0   0   5   0  11  23   0   3  14   0   3   5   0   0  18  0.39 0.27
   74 C     2  -4  -1  -3   7  -4  -4   1  -4  -1   1  -4  -1  -2  -4   2   0  -5  -3  -2   17   0   2   1  26   0   0   9   0   3  14   0   1   1   0  17   4   0   1   2  0.67 0.40
   75 Q    -3  -2  -3  -5  -2   9  -2  -6   3  -5  -5   0  -3  -6  -5  -4  -5  -6  -1  -5    1   2   1   0   1  79   1   0   5   1   1   4   0   0   0   1   0   0   2   0  2.16 0.95
   76 F    -4  -5  -5  -6  -2  -4  -5  -4   0   0   1  -5   2   7  -6  -4  -4   3   5  -1    1   0   0   0   1   1   0   1   2   4  13   0   5  43   0   1   1   3  18   4  1.16 0.52
   77 G    -1  -4  -4  -4  -1  -4  -4   1  -4   3   2  -4   0   0  -4  -1   1  -4  -3   3    4   0   0   0   1   0   0  13   0  21  22   0   1   4   0   4   7   0   0  19  0.41 0.28
   78 L    -1  -4  -5  -5   2  -4  -5  -3  -3   4   3  -4   1   2  -5  -3  -2  -1  -2   3    4   0   0   0   4   0   0   3   0  25  30   0   3   8   0   1   2   1   1  18  0.60 0.33
   79 M    -3  -3  -4  -6  -5  -2  -5  -6  -5  -2   3  -2   9  -2  -5  -2  -3  -5  -4   0    2   1   1   0   0   1   0   0   0   1  24   2  54   2   0   3   1   0   0   6  1.58 0.72
   80 P    -4  -2  -5  -6  -7  -5  -5  -6  -6  -4  -6  -5  -6  -7   9  -4  -4  -7  -7  -4    1   2   0   0   0   0   1   0   0   1   1   0   0   0  90   1   1   0   0   1  2.88 1.06
   81 F     1  -3  -5  -5  -1  -3  -5  -3  -3   1   5  -4   0   2  -3  -2  -2  -3  -3   1   12   1   0   0   1   1   0   2   1   6  54   0   2   7   1   2   2   0   0   8  0.67 0.39
   82 T    -1  -4  -4  -5   0  -2  -4  -3  -4   3   3  -4   1   0  -3  -2   1   0  -2   2    5   0   0   0   2   2   0   2   0  19  32   0   3   4   1   3   9   1   1  14  0.42 0.28
   83 A     5  -4  -4  -4   1  -4  -3   4  -5  -4  -3  -4  -3  -4  -4   2   1  -5  -5  -3   44   0   0   0   3   0   1  26   0   0   2   0   0   1   0  13   7   0   0   1  0.88 0.50
   84 Y    -3  -5  -5  -6  -2  -5  -5  -3   0   0   1  -5  -1   7  -6  -4  -4   4   4  -1    3   0   0   0   1   0   0   2   3   4  14   0   1  44   0   1   1   6  15   4  1.20 0.53
   85 L     2  -4  -3  -4   1  -4  -4   3  -4   1   2  -4   0  -1  -3  -1  -1  -2  -3   1   18   0   0   0   3   0   0  22   0  10  24   0   2   3   1   5   4   0   0   8  0.36 0.27
   86 L    -1  -5  -6  -6  -1  -5  -5  -5  -5   4   4  -5   1   1  -5  -3  -2  -2  -1   2    4   0   0   0   1   0   0   0   0  26  41   0   3   5   0   2   2   0   2  13  0.82 0.42
   87 A     4  -4  -2  -3   1  -4  -4   2  -4   1  -2  -3  -1  -4  -3   1   0   1  -3   1   36   0   1   1   3   0   0  14   0   9   3   0   1   0   1  11   5   2   1  11  0.47 0.35
   88 I    -1   1  -1  -3  -3   2  -2  -2   2   0   1   3   1  -1  -4  -1  -1   1   2   0    3   8   3   0   0   8   1   3   7   5  13  20   4   2   0   4   4   2   7   7  0.18 0.20
   89 S     2  -4  -4  -5  -2  -4  -4  -1  -4   2   3  -4   1   1  -4  -1  -1   1  -2   2   16   0   0   0   1   0   0   6   0  14  31   0   3   6   0   4   3   2   1  12  0.41 0.28
   90 F    -2  -2  -6  -6  -1  -5  -6  -5  -4   0   3  -5   2   7  -5  -3  -3   1   0   0    4   2   0   0   1   0   0   1   0   4  31   0   4  40   0   1   1   2   2   5  1.04 0.50
   91 S    -1   1   1   1  -3   2  -1   2   0  -2  -2   0  -2  -1   2   0  -2  -1  -3  -3    5   8   7   9   0  10   3  16   3   2   4   6   0   3  12   7   2   1   0   1  0.23 0.19
   92 L    -3  -4  -2   0  -3  -3  -3  -4   0   0   4  -4   2   2   1  -3  -2  -2  -2   0    1   1   2   6   0   1   1   1   3   5  50   0   5   8   7   1   2   0   0   5  0.58 0.36
   93 K    -2  -1   1   3  -5   1   1  -2  -1  -4  -3  -1  -2  -4   5   2   0  -5  -3  -4    2   3   6  16   0   6  10   3   1   1   2   3   1   1  25  15   5   0   1   1  0.55 0.33
   94 P     1  -2   0   0  -5  -1  -1   0  -1  -3  -3  -1  -3  -4   6   0   0  -3  -2  -2   14   2   4   5   0   2   4   7   2   1   2   3   0   0  37   6   5   0   1   3  0.67 0.37
   95 V     1  -1  -1   0  -3   0   2  -1   1  -1  -1  -2  -1  -1   1   1   0  -2   0   0   17   3   2   6   0   4  16   3   5   4   5   0   1   2   6   9   7   0   4   6  0.12 0.14
   96 Q    -1  -3  -3  -3   0   1  -1  -4   0   2   2  -2   2   2  -2  -2   0   1   1   1    4   1   0   1   3   6   5   0   2  16  25   1   6   8   1   2   5   2   5   6  0.22 0.18
   97 A     5   0  -3  -4   1   0  -2   0  -3  -2  -3  -1  -2  -2  -4   2  -1   2  -2  -2   51   4   0   0   3   4   1   7   0   1   1   4   1   2   0  12   3   3   1   1  0.62 0.41
   98 I     1  -3  -4  -5   1  -2  -4  -4  -4   3   3  -4   1   2  -1  -3  -1  -4  -1   3   12   1   0   0   3   1   0   1   0  14  28   0   3   7   3   0   4   0   1  22  0.43 0.27
   99 A     1  -2  -4  -4  -3  -4  -5   7  -5  -5  -6  -4  -3  -6  -4   0  -3  -6  -6  -2   11   3   0   0   0   0   0  74   0   0   0   0   1   0   1   6   1   0   0   3  1.49 0.61
  100 V    -2  -4  -5  -5  -2  -1  -4  -4  -5   3   4  -4   4   1  -5  -4  -2  -4  -2   2    3   0   0   0   1   3   0   1   0  15  42   0  13   5   0   0   1   0   1  14  0.70 0.37
  101 L    -3  -4  -5  -5  -2  -1  -5  -6  -5   4   3  -4   5   3  -4  -4  -2  -2  -2   2    1   0   0   0   1   3   0   0   0  22  27   0  16  13   1   0   1   0   0  14  0.72 0.38
  102 I    -2  -5  -4  -5  -1  -4  -5  -5  -5   4   4  -5   2  -1  -5  -3  -1  -4  -2   2    3   0   1   0   1   0   0   0   0  25  44   0   5   2   0   2   4   0   1  12  0.75 0.38
  103 M    -1  -1  -4  -3   2  -2  -3  -4  -4   2   3  -3   1  -2  -4  -1   1  -4  -1   3    3   3   0   2   5   1   1   0   0  10  26   1   4   1   0   4  11   0   2  27  0.40 0.27
  104 G     3  -5  -3  -4   1  -4  -4   5  -5  -5  -4  -4  -2  -3  -4   2  -1  -5  -5  -2   28   0   0   0   3   0   0  47   0   0   1   0   1   1   0  13   3   0   0   3  0.99 0.49
  105 C     3  -5  -4  -5   8  -4  -4  -3  -5  -1  -1  -4   1  -2  -4   2   0  -5  -4  -1   21   0   0   0  38   0   0   1   0   3   4   0   4   2   0  15   6   0   0   4  1.10 0.51
  106 C     0  -5  -4  -5   9  -4  -5  -2  -5  -2  -3  -4  -2  -4  -5   3  -1  -5  -5   1    8   0   0   0  43   0   0   4   0   2   1   0   1   1   0  24   3   0   0  12  1.36 0.59
  107 P     0  -2  -2  -5  -3  -5  -5  -5  -2  -6  -6  -4  -6  -7   8  -2  -4  -7  -6  -6    7   3   2   0   1   0   0   0   1   0   0   0   0   0  82   3   0   0   0   0  2.41 0.87
  108 G     0  -4  -3  -4  -1  -1  -4   7  -5  -5  -6  -4  -5  -6  -3   1  -2  -6  -6  -4    5   0   0   0   1   3   0  75   0   1   0   0   0   0   1   9   2   0   0   1  1.56 0.65
  109 G     0  -1  -4  -3  -3  -5  -2   7  -5  -7  -7  -4  -6  -6  -5  -1  -3   2  -6  -5    6   3   0   1   1   0   2  78   0   0   0   0   0   0   0   4   1   3   0   1  1.66 0.68
  110 T     0  -2   2  -2  -3   0  -1   2   0  -1  -2  -2   0  -2   0   1   2   1  -2   0    9   1   9   0   0   5   3  18   3   3   2   1   2   2   4  10  18   2   0   9  0.19 0.21
  111 I     2  -2  -2  -4  -3  -2  -3   0  -3   1   2  -2   1   0  -3   0   2  -4  -1   1   22   2   1   0   0   1   0   6   0   6  20   1   3   4   1   7  15   0   2   9  0.23 0.24
  112 S     1  -4  -1  -4  -1  -1  -4   0  -4  -6  -4  -4  -5  -6  -3   7  -1  -6  -5  -3   10   0   3   0   1   2   0   6   0   0   2   0   0   0   1  73   1   0   0   1  1.37 0.76
  113 N    -2  -4   8  -2   1  -4  -4  -3   0  -5  -5  -4  -2  -6   0  -1  -3  -7  -1  -5    3   0  76   1   3   0   0   1   2   1   1   0   1   0   4   4   1   0   2   1  1.86 0.86
  114 I    -2  -4  -5  -4  -3  -4  -2  -4  -4   4   2  -3   3   2  -5  -3  -2   1   2   3    2   0   0   1   0   0   3   1   0  22  22   1   8   8   0   1   1   2   6  22  0.55 0.34
  115 F     0  -4  -4  -5   0  -4  -4  -5  -2   2   2  -2   3   4  -5  -3  -1   7   2   0    8   0   1   0   2   0   1   0   1  13  16   3   9  17   0   1   3  14   5   5  0.62 0.37
  116 T     1  -4  -2  -4   2  -3  -2  -4   0  -2  -3  -4  -4  -5  -1   3   6  -6  -4   0   11   0   1   0   5   0   2   0   3   1   2   0   0   0   3  19  46   0   0   8  0.84 0.56
  117 F    -2  -2  -3  -2  -4  -2  -3  -3   3  -1   2  -1  -1   4  -2  -2  -3   0   5   0    3   1   1   3   0   1   1   1   7   2  19   3   1  15   2   3   1   1  25   6  0.47 0.34
  118 W     0  -1  -4  -5  -3  -3  -4  -5  -2   2   4  -3   1   2  -5  -3  -2   5   1   0    8   4   1   0   0   1   0   0   1  10  45   1   4   7   0   1   1   8   4   4  0.60 0.37
  119 V     3  -3  -2  -2   0  -2  -2   0  -3   0   2  -3   1   0  -2   1   0  -4  -2   0   31   0   1   2   2   1   1   6   0   3  21   0   3   4   2  11   4   0   1   7  0.25 0.25
  120 D    -2   4   1   3  -5   0   1   2   0  -5  -4   3  -2  -5  -4  -2  -3  -5  -3  -4    1  22   7  17   0   2   9  15   2   0   1  19   1   0   0   2   0   0   1   0  0.55 0.36
  121 G     1  -2  -3  -3   0  -3  -2   5  -4  -4  -3   0  -4  -5   0   0   0   0  -4  -2   11   2   0   0   3   0   2  54   0   0   3   5   0   0   4   6   6   2   0   3  0.80 0.43
  122 D    -2   0   4   5  -5   0   0  -3   2  -2  -3  -1  -4  -1  -1  -1  -1  -5  -3  -3    2   5  20  39   0   5   3   0   5   3   2   2   0   4   2   3   2   0   0   2  0.67 0.40
  123 M     0  -1  -3  -3   0  -2  -2  -2  -3   2   2  -2   1   0  -1  -1   1   3   0   2    7   4   0   0   2   0   2   2   0  11  19   2   4   4   2   2   8   4   2  21  0.18 0.19
  124 D     3  -2   1   0   0  -1  -1  -1   2   0  -2   0  -2  -3   0   0   0  -4  -1   0   35   0   6   5   2   2   3   2   5   6   3   4   0   0   5   5   4   0   2   8  0.22 0.23
  125 L    -1  -4  -4  -5  -3  -1  -4  -5  -4   0   5  -4   1   0  -1  -2  -1  -3   0   2    3   0   0   0   0   3   0   0   0   3  55   0   3   3   3   3   3   0   4  12  0.63 0.39
  126 S     1   2   1   0   2  -2  -2   1  -2  -3  -3   0  -3  -4   0   3   0  -4  -3  -1   12  14   5   5   5   0   0   8   0   0   1   5   0   0   5  29   5   0   0   5  0.30 0.25
  127 I     0   0  -2  -2   2   1  -2   0   2   0   0   0   1   1  -2   0   0  -2   1   0    7   7   0   0   6   7   0   7   6   7   7   7   6   6   0   7   7   0   6   7  0.06 0.12
  128 S     0  -2  -2   0   2  -2   0  -1   2  -1  -1  -2   1   0  -3   1   2   3   0   0    9   0   0   4   6   0   7   4   7   4   5   0   4   4   0  15  15   4   3   6  0.13 0.18
  129 M    -2  -4  -1  -1  -1  -3  -3  -5  -4   1   3  -2   7  -1  -4  -3  -1  -4  -1   0    3   0   4   4   1   0   2   0   0   8  33   2  32   2   0   2   3   0   2   3  0.75 0.47
  130 T    -2  -1   1  -3   0  -1  -2  -2  -4  -2  -3  -1   0  -4  -4   1   6  -5  -4  -2    3   4   6   0   2   3   2   2   0   2   2   2   3   0   0   7  60   0   0   2  0.96 0.59
  131 T     2   0  -2  -3   1  -2  -2  -1   2   0   0  -2   0   2  -3   1   2  -3  -2   0   23   5   0   0   3   0   0   3   6   5   8   0   2   9   0   9  15   0   0   7  0.19 0.23
  132 C    -1  -3  -3  -4   2   0  -3  -3  -4   4   1  -3   1   0  -1  -1   0   0  -1   3    4   0   0   0   5   4   0   2   0  29  11   0   3   4   3   3   7   1   1  21  0.35 0.27
  133 S     0  -3   2   0   1   0  -1   0   3  -1  -2  -3   0   0  -4   3   1  -4   0  -1    5   0  11   4   4   3   3   5   7   3   4   0   3   5   0  27   7   0   4   4  0.27 0.29
  134 T    -1  -1   0  -1   1   1  -3  -1   0  -1  -2  -1   1   0   0   2   3  -4   0  -1    4   3   3   3   4   6   0   4   3   3   3   3   3   4   4  19  24   0   3   3  0.24 0.28
  135 V    -1  -2  -4  -2  -1  -1  -2  -2  -4   3   3  -2   1   1  -2  -2  -2  -1  -2   2    5   2   0   2   1   3   2   3   0  16  35   2   2   6   1   2   1   1   0  15  0.37 0.28
  136 A     1  -4  -4  -4  -1  -4  -3  -2  -4   2   4  -3   1   1  -4  -1  -1  -1  -3   2   14   0   0   0   1   0   1   3   0  14  37   1   3   5   0   4   3   1   0  12  0.44 0.31
  137 A     4  -1  -2  -1   2  -3  -1   0  -3  -2  -2  -2  -2  -2  -1   2   0  -4  -2  -1   38   2   1   3   4   0   3   7   0   2   4   1   1   2   2  16   6   0   2   5  0.38 0.33
  138 L    -1  -2  -3  -4  -1  -3  -3  -2  -3   2   1  -2   1   1   4   0   0  -1  -1   2    4   2   1   0   1   0   0   2   0  11  17   2   4   6  19   6   5   1   1  16  0.31 0.25
  139 G    -1  -2  -3  -3  -2  -3  -4   2   0   2   1  -3  -1   4  -2  -3  -2   1  -2   2    5   3   0   1   1   0   0  18   2  13  13   0   1  18   2   0   2   2   0  16  0.31 0.27
  140 M     0  -4  -3  -4  -1  -3  -4  -3  -4   0   2  -3   5   1  -4  -1   3   3  -1   1    7   0   0   0   1   0   0   1   0   5  17   1  15   6   0   4  23   4   1  11  0.43 0.34
  141 M    -2  -4  -3  -1  -3  -1  -2  -3  -4   1   1  -3   6  -1  -3  -2   4   0   0   1    3   0   0   3   0   3   2   1   0   9  13   0  20   2   1   1  28   1   4   7  0.51 0.39
  142 P    -2  -5  -3  -1  -6  -5  -4  -5  -5  -3  -3  -2  -5  -3   8  -2  -3  -6  -6  -3    2   0   1   3   0   0   0   0   0   2   3   2   0   1  75   2   2   0   0   2  2.08 0.90
  143 L     0  -4  -1  -4   1  -2  -4  -3  -1   1   3  -3   1   3  -1  -2  -2   1   0   1    8   0   3   0   3   1   0   1   2   9  36   0   3  13   3   2   2   2   2  10  0.35 0.26
  144 C    -2  -3   2  -2   2  -2  -3  -3  -2   1   3  -3   0   0  -4  -2  -1   6   1   1    3   0  11   2   5   2   0   2   1   9  27   0   2   3   0   2   4  12   5   8  0.41 0.29
  145 I    -1  -4  -4  -4  -1  -3  -4  -1  -4   3   2  -3   3   0  -2  -1   2   0  -1   2    4   0   0   0   1   0   0   4   0  19  20   0  10   4   1   3  15   1   1  13  0.35 0.28
  146 Y     0   0   0  -1  -2   0  -1  -1   2  -1   0   0   0   2  -1   0  -1   4   2  -1    7   4   6   2   1   3   3   4   5   2  12   5   2  12   3   6   3   6   9   4  0.11 0.13
  147 L     0  -3  -3  -3  -2  -3  -4  -4  -3   2   3  -3   0   3  -3  -3   0   3  -1   1    7   1   1   1   1   1   0   1   1  12  33   1   2  14   1   2   6   4   2   8  0.48 0.32
  148 Y     1  -3  -5  -5  -2  -3  -5  -3  -4  -1   3  -5   0   2  -2   0  -2   3   5  -1   12   1   0   0   1   1   0   2   0   2  29   0   2   8   2   7   2   4  22   3  0.67 0.44
  149 T     2  -2  -2  -2   0  -1  -2   2  -3   0   1  -2   1  -1  -2   1   1  -4  -2   0   19   2   2   2   2   3   1  13   0   5  15   1   3   3   2  12   8   0   1   8  0.17 0.19
  150 W    -1   1   1   0  -4   1  -1   3   2  -2  -2   0   0  -2  -1   1  -1   2   0  -3    5   9   6   5   0   7   3  22   5   3   4   4   2   1   3   9   4   3   3   1  0.21 0.19
  151 S     0  -1  -1  -2  -1   1  -1   0   2   0   0  -1   0   1  -1   0   0   2   2   0    8   3   2   1   2   6   4   7   7   5  12   4   3   6   2   7   7   3   7   4  0.05 0.09
  152 W    -3  -1  -2  -2  -4  -3  -3  -3  -1   1   1  -3   2   5  -4  -1  -2   5   3  -1    2   3   2   3   0   1   1   2   1   7  15   1   4  24   1   6   2   8  11   4  0.55 0.35
  153 S     0  -2  -1  -1  -2  -1  -1   1  -2   1   0  -2   2   1   0   0   1  -2   0   1    6   1   3   3   0   2   3  12   1   9  10   2   7   6   5   9   8   1   3  11  0.08 0.11
  154 L     0  -1   0   2  -4   0   1   1   0   0   0  -1  -1  -3   2   0  -1  -4  -1  -1    8   2   3  12   0   4   9  12   3   7   9   2   2   1  11   7   4   0   2   3  0.13 0.14
  155 Q     0   0   0   0   2   0   0  -1   1   0  -1   0   1   0   0   0   0  -2   1   0    5   5   5   5   5   5   5   5   5   5   5   5   5   5   5   5   5   0   5   5  0.03 0.05
  156 Q     0  -1   0   3  -4   2   1   0   2  -1  -2   0  -1  -2  -1   1   0  -5  -1  -2    8   3   5  16   0   9  10   7   6   3   3   4   1   2   3   9   6   0   2   3  0.19 0.21
  157 N     1  -1   1   0  -3   0   0  -1   0   0  -2   0   0   0  -1   1   1   0  -1   0   16   3   7   5   0   4   6   4   2   6   3   5   2   5   2   8   8   1   2   8  0.05 0.11
  158 L    -1  -2  -2  -1  -1  -1  -2  -2  -1   3   1  -1   1   0  -1  -1   0   2  -1   2    6   2   2   3   1   2   2   3   1  17  16   4   4   5   3   3   7   2   1  14  0.13 0.16
  159 T     0   0  -1   0  -1   1   0   0   1   0  -1   0   0  -1   1   0   0  -3  -1   0   10   4   3   5   1   6   7   6   3   7   6   7   3   2   8   8   5   0   2   8  0.05 0.06
  160 I    -2  -3  -1  -1  -1  -3  -3  -3  -2   4   2  -3   3   1  -1  -2  -1  -5  -4   3    2   1   3   4   1   1   2   2   1  24  18   1   8   6   3   2   3   0   0  16  0.46 0.34
  161 P    -2  -4  -2   0  -1  -2  -4  -4  -3  -3  -3  -3   2   1   7   0  -2  -2  -5  -2    4   1   2   5   1   2   1   2   1   2   3   2   4   6  49   7   2   1   0   3  1.15 0.72
  162 Y    -2  -3  -4  -6  -5  -3  -4  -4  -2   2   1  -3   1   4  -2  -2  -3   4   5   2    4   1   1   0   0   1   1   2   1  11  12   1   3  18   2   3   2   5  18  12  0.66 0.43
  163 Q     0   0  -1   1  -4   1   0   1  -2  -1   0   0  -1  -2  -1   2   0   3  -2  -1    7   5   2   9   0   5   5  13   1   3  10   5   2   2   2  15   5   4   1   5  0.11 0.15
  164 N    -1  -1   1  -1  -2   0   0  -1  -1   1  -1   1   3  -1  -1   0   1  -1  -2   0    4   3   9   4   1   5   6   5   2   9   5   8  10   2   3   7  11   1   1   5  0.10 0.15
  165 I    -2  -6  -3  -6  -2  -5  -6  -4  -6   5   2  -5   4   2  -4  -3   1  -1  -4   2    3   0   1   0   1   0   0   1   0  30  20   0  10   7   1   2   8   1   0  14  0.81 0.49
  166 G     1  -1  -3  -4  -1   0  -2   1  -3   2   1   0   1   2  -2  -1   0  -2  -2   1   12   3   1   0   1   5   3  11   0  11  12   5   4   9   1   4   4   1   1  11  0.13 0.16
  167 I    -2  -2  -2  -1   0   0  -1  -1  -2   2   1  -1   1   1  -3   1   1   0  -1   1    2   2   2   3   2   4   3   5   1  16  14   3   4   5   1  10  10   1   2   8  0.11 0.14
  168 T    -1  -1  -1  -2  -2   1  -2  -1  -1   2  -1  -1   1  -1  -2   2   2   1  -2   1    5   3   3   2   1   7   2   4   1  13   6   3   3   2   2  17  13   2   1  11  0.17 0.19
  169 L    -1  -5  -6  -6   0  -2  -4  -2  -5   3   4  -5   1   2  -3  -2  -2  -5  -4   1    6   0   0   0   2   2   1   3   0  13  44   0   3   8   1   3   2   0   0   8  0.70 0.42
  170 V     1  -2  -3  -4   2   0  -3  -2  -4   2   2  -2   1   2  -4  -2  -2   0  -1   3   13   2   1   1   4   5   1   3   0   9  21   2   3   8   0   2   2   1   1  19  0.32 0.25
  171 C     0  -3  -3  -4   1  -2  -3  -1  -2   2   1  -3   3   0  -1  -1   0  -1   1   2    6   1   1   0   3   2   1   4   1  13  14   1   9   4   3   5   7   1   5  16  0.25 0.21
  172 L    -3  -2  -4  -4  -2  -2  -5  -5  -3   4   3  -5   3  -2  -4  -3   1  -1  -3   4    2   2   1   1   1   2   0   1   1  21  22   0   6   1   1   2   9   1   1  24  0.68 0.41
  173 T    -1  -5  -5  -6  -1  -5  -6  -2  -6   4   3  -5   0   0  -3  -2   2   0  -4   3    4   0   0   0   1   0   0   4   0  19  27   0   2   4   1   3  12   1   0  20  0.65 0.41
  174 I     0  -6  -4  -6  -1  -6  -6  -2  -6   4   2  -6   0   1  -3  -3  -2  -5  -2   4    7   0   1   0   1   0   0   4   0  26  21   0   2   5   1   2   2   0   1  26  0.76 0.44
  175 P     0  -7  -7  -6   0  -6  -6  -1  -7  -3  -4  -6  -7  -3   8  -2  -4  -8  -7  -3    8   0   0   0   2   0   0   5   0   2   2   0   0   1  72   3   1   0   0   2  2.19 1.02
  176 V    -1  -5  -4  -6   2  -3  -4  -4  -2   3   2  -3   1  -2  -2  -3  -1  -5  -2   4    5   0   1   0   4   1   1   2   1  18  20   1   2   2   2   2   3   0   1  34  0.66 0.38
  177 A     2  -4  -3  -4   0  -4  -3   1  -4   2   2  -4   2   1  -4   0   0  -4  -3   1   21   0   1   0   2   0   2   9   0  12  19   0   5   5   0   6   6   0   0  10  0.34 0.27
  178 F     1  -5  -5  -3   1  -5  -5  -1  -5   4   3  -4   0   1  -3  -2  -1  -5  -4   2   12   0   0   2   3   0   0   5   0  25  25   1   1   6   1   3   4   0   0  11  0.50 0.33
  179 G    -3  -4  -2  -5  -6  -4  -3   7  -2  -7  -2  -5  -6  -6  -6  -3  -5  -6  -6  -5    1   1   2   0   0   1   2  83   1   0   5   0   0   0   0   2   0   0   0   1  1.99 0.85
  180 V    -2  -5  -4  -4  -1  -3  -4  -3  -2   3   2  -4   7   2  -5  -2  -2   0  -1   2    3   0   1   1   1   1   1   2   1  13  19   1  26   7   0   3   2   1   2  14  0.74 0.43
  181 Y     0   0  -2  -3   2   0  -2   0   2   0   0   0   1   1   1   0   0   4   1   0    6   6   0   0   6   6   0   6   6   6   6   6   6   6   6   6   6   6   6   6  0.10 0.14
  182 V     0  -4  -2  -5   1  -4  -4  -3  -1   4   2  -2   1   1  -5  -2  -1   1  -1   2    8   0   2   0   3   0   0   2   2  21  21   2   4   7   0   3   4   2   2  15  0.42 0.29
  183 N    -1   4   3  -2   1   1  -3  -1   3  -2  -2   2  -3  -1  -2   0  -2   0   0  -3    5  22  14   2   3   6   0   4   7   2   4  10   0   3   2   7   2   1   3   2  0.36 0.31
  184 Y    -1   3  -1  -2  -1   0  -1  -2   4  -2  -2   1  -1  -1  -2   0  -1   4   4  -2    6  17   2   2   2   4   3   2  10   2   3  10   2   2   2   6   3   5  13   2  0.36 0.31
  185 R    -2   1  -2  -4   0  -1  -1  -3   0  -1   0   2  -1   4  -1  -2  -1   3   3  -1    3   9   2   0   2   2   3   2   2   4  10  16   2  17   3   3   4   4  10   3  0.31 0.27
  186 W     0   1  -2  -4   1  -3  -4  -4  -1  -2   1   1   1   5  -5   0  -3   6   0  -1    8   7   2   1   2   1   1   1   1   2  13   9   3  22   0   6   2  10   3   4  0.52 0.37
  187 P    -2  -2  -1  -3  -3  -1  -1  -1   0  -4  -3   0  -3  -1   7  -1  -2  -7  -2  -3    4   3   3   2   1   3   4   5   2   1   3   6   1   3  49   4   3   0   2   2  1.09 0.70
  188 K     0   3   1  -1  -2   1   0  -1   1  -3  -2   4  -1  -3  -2   0  -1  -2  -1  -2    9  15   5   3   1   6   7   5   3   2   4  22   1   1   2   6   3   1   2   2  0.30 0.28
  189 Q    -1  -1  -2  -4   0   0  -3  -3   0   1   1   0   0   4  -2  -2  -1   5   1   1    6   4   3   1   2   5   1   2   2   7  15   5   2  16   2   3   3   8   4  11  0.29 0.23
  190 S     4  -1  -2  -3   0  -1  -3  -1  -2   0  -2  -2  -1  -3  -3   1   0  -2  -2   2   33   3   2   1   2   3   2   4   1   5   4   3   2   1   1  10   7   1   1  14  0.41 0.34
  191 K     1   2   0   0  -3   1   1  -2  -1  -2  -2   3  -2  -3   0   0  -1  -2  -1  -1   11  11   4   5   1   6  10   2   2   2   4  18   1   1   5   6   3   1   2   4  0.23 0.23
  192 I    -1   4  -1  -3  -2  -1  -3  -4  -1   1   0   3  -1   2  -3  -2  -2   3   1   0    5  18   3   1   1   2   1   1   1   9   8  17   2   8   2   3   3   4   5   6  0.37 0.29
  193 I     1  -3  -3  -4   0  -4  -5  -4  -3   4   3  -5   2   1  -6  -2  -2  -2  -1   2   12   2   1   1   2   1   1   1   1  21  24   1   4   5   0   4   2   1   2  14  0.58 0.37
  194 L     0   1   0  -1  -3   1   3  -2  -1  -1   1   1   0  -2  -4  -1   1  -2  -2   0    6   9   4   3   1   7  16   3   1   4  12   9   2   1   1   4   8   1   1   6  0.17 0.18
  195 K    -4   4  -1  -2  -8   0  -3  -4   0  -4  -4   5  -3  -3   3  -2  -2   2  -2  -2    2  18   3   2   0   4   2   2   2   1   2  30   1   1  16   3   2   2   1   3  0.81 0.56
  196 I    -1  -3  -3  -6  -2  -4  -4  -1  -2   4   1  -3   0   3   2  -3  -2   4   1   3    6   1   1   0   1   1   1   5   1  18  12   1   2  11   9   2   2   5   4  16  0.47 0.32
  197 G     0  -4  -4  -5   1  -4  -4   2  -2   1   3  -4   3   2  -2   0  -1  -5  -3   1    7   1   0   1   3   1   1  14   1   7  26   1   7   7   2   6   3   0   1  11  0.40 0.31
  198 A     0   3  -1  -3  -6  -2  -3  -1  -4  -2  -3   3  -2  -4   4   2   0  -7  -2  -2    7  15   3   1   0   2   1   4   0   3   3  17   1   1  20  12   5   0   1   3  0.53 0.43
  199 V     0   0  -1  -1   0  -1  -2  -1   0   1   0  -1   2   1   2  -1  -1   3   0   0    6   6   3   3   3   3   0   4   3  10   9   4   6   6  11   4   4   4   4   8  0.10 0.11
  200 V     0  -4  -4  -4   2  -1  -4  -1  -4   2   1  -4   1   2  -1  -1   1   3   0   2    9   0   0   0   4   4   0   5   0  12  16   0   4   8   4   6   8   4   4  13  0.24 0.21
  201 G     2  -2  -1  -2   2  -1  -2   2   0  -1  -1  -3   0  -1  -2   3   1   0  -4  -1   16   2   2   2   4   2   1  15   3   3   6   0   2   3   2  25   7   1   0   4  0.29 0.29
  202 G     0  -2   0  -2  -1  -1  -2   0  -1   2   1  -2   2   1  -1  -1   0   1   0   1    9   2   5   1   1   2   3   7   1  11  13   2   6   7   3   3   6   2   2  13  0.08 0.10
  203 V     1  -5  -4  -2   1  -4  -2  -1  -5   3   2  -4   1   2  -1  -2  -1   1  -3   2   10   0   0   2   2   0   3   6   0  16  21   0   3   7   4   3   4   2   0  17  0.34 0.26
  204 L     0  -4  -3  -2   1  -2  -3  -1  -4   2   2  -2   2   2  -4  -1   0  -1  -1   1   10   0   1   3   3   1   1   5   0  11  23   1   6  11   0   5   5   1   1  10  0.22 0.22
  205 L    -2  -5  -3  -5  -1  -2  -5  -3  -5   4   3  -5   2   2  -3  -2   0   0  -1   1    3   0   1   0   1   2   0   3   0  26  27   0   4   9   1   3   5   1   1  10  0.55 0.38
  206 L     0  -4  -2  -4   0  -2  -4  -1  -4   2   2  -4   0   0  -2  -1  -1  -1   0   3    9   0   2   1   2   1   0   6   0  14  23   0   2   4   1   5   3   1   3  20  0.30 0.28
  207 V     0  -4  -4  -5   2  -3  -4  -2  -1   3   2  -4   1   3  -3  -1   0   0   0   2    7   0   0   0   4   1   0   4   2  17  20   0   3  12   1   4   5   1   3  12  0.31 0.27
  208 V    -1  -5  -3  -3   1  -2  -5  -2  -5   4   2  -4   2   1  -5  -1  -1  -4  -1   3    4   0   1   2   4   2   0   3   0  28  15   0   6   6   0   5   3   0   2  17  0.46 0.35
  209 A     0  -3  -2  -3   1  -2  -3  -1  -4   3   1  -4   1   1  -2  -1   0  -1   0   3    8   1   2   1   4   1   1   5   0  22   9   0   2   6   2   5   5   1   4  22  0.31 0.27
  210 V     1  -2  -4  -3   0  -4  -4   1  -1   2   0  -4   0   1  -4   0   1  -4  -2   3   14   2   0   1   2   0   0  10   2  13   9   0   2   5   0   8   8   0   1  22  0.28 0.27
  211 A     1  -3  -3  -3   0  -2  -4   1  -4   2   2  -3   2   2  -3   0  -1  -1  -1   1   15   1   1   1   2   1   0  10   0  12  18   1   5   9   1   6   4   1   2   9  0.21 0.22
  212 G     1  -3  -1  -2   0   0  -1   2  -3   1  -1  -2  -1  -1  -1   0   0   2  -2   1   14   1   3   1   2   4   4  20   0  11   5   1   1   3   3   8   6   3   1   9  0.15 0.19
  213 V     0  -3  -3  -4   0  -2  -4  -2  -3   3   1  -2   0   2  -3  -1   0  -1  -1   3    7   1   1   0   2   2   0   4   1  17  13   2   2  10   1   6   7   1   2  21  0.30 0.25
  214 V     2  -2  -2  -3  -3  -1  -2  -1   0   2   0  -1   1   1  -1   0  -1   1   3   1   17   2   1   1   0   2   1   4   2  15  10   3   3   6   3   6   2   2  10  11  0.17 0.19
  215 L     1  -1   1  -1  -2   0  -1  -1  -1   1   0   0   1   0  -2   1   0  -2  -2   0   16   3   8   3   1   4   2   5   1   8  11   4   3   4   1  11   6   0   1   6  0.06 0.11
  216 A     0  -1   5  -1  -1   0   0   0   2  -1  -2  -2  -2   0  -2   0  -1   0   2  -2    8   3  28   2   1   4   5   7   4   5   5   2   1   4   2   7   3   1   7   3  0.31 0.29
  217 K     0   2  -1   0  -1   0   0  -1   0  -1   0   0   0  -1   2   0  -1   4   0  -1    6  12   3   4   1   4   7   4   2   3  10   6   2   3   9   7   3   6   3   4  0.10 0.12
  218 G     0  -1   1   2  -4   0   1   0   0  -2  -1   0  -2   1   0   0   0  -2   2  -1    9   2   7  12   0   4   9   8   3   2   4   5   1   5   4   6   5   0   8   4  0.10 0.13
  219 S    -1  -2   1  -3  -2   0  -3  -3  -2   4   2  -3   3   1  -2   0  -1  -2  -2   1    5   2   6   1   1   4   1   2   1  22  19   1   6   6   2   8   4   0   1   8  0.28 0.25
  220 W     0  -2  -2  -3  -2  -2  -2  -1  -2   1   2  -1   1   5  -2  -2  -2   4   1   0    7   2   2   2   1   2   2   5   1   8  19   3   4  21   3   3   3   5   4   6  0.33 0.24
  221 N     0  -1   1   0  -3   1   0   0   1   0   0   0   0  -1   0   1   0  -1   0  -1    8   3   7   5   0   6   6   8   3   6  10   5   3   2   4  10   6   1   3   4  0.03 0.06
  222 S     1  -1  -1   0  -2   0   0  -1   0   1   0  -2   2   1  -3   2   1  -1  -1   0   13   2   3   5   0   4   5   4   2   7   8   2   6   7   1  16   7   1   2   6  0.10 0.15
  223 D     0   0   0   0   0   0   0   1   0   0   0  -2   0   1   1   0   0   2   1  -1    7   4   5   5   3   3   4  12   3   6   8   0   3   7   6   6   6   3   5   4  0.03 0.07
  224 I     0  -1  -1  -1  -4  -1  -1  -1   0   0   1  -1   1   2   1  -1  -1   6   0   0    7   3   3   3   0   3   3   5   3   6  13   3   4   8   9   3   5  10   3   6  0.18 0.18
  225 T     0   1   0   0  -1   2   0  -1   0  -1  -1   1   0  -1   0   0   0   1   0  -1    8   6   3   5   1  11   5   4   2   4   8   8   3   2   5   8   7   2   3   3  0.06 0.10
  226 L     0  -3  -2  -1   0   0  -3  -4  -2   3   3  -3   2   0  -2  -2  -1  -1  -2   2    7   1   2   3   2   5   2   1   1  14  26   1   4   3   2   3   3   1   1  16  0.32 0.25
  227 L    -1  -3  -4  -5  -2  -3  -5  -1  -3   3   2  -4   1   2  -4  -3  -2   5   3   2    6   1   1   1   1   1   1   5   1  14  22   1   2   8   1   2   2   7   9  14  0.50 0.33
  228 T     1  -4  -4  -3   0  -2  -4   2   0   2   2  -3   0   0   1  -2   0   0   0   1   12   1   0   1   2   2   1  14   2  10  18   1   2   4   8   2   6   1   3  11  0.22 0.21
  229 I     3  -4  -4  -6   0  -3  -4  -1  -5   2   1  -4   0  -2   1  -1  -1  -1  -2   2   25   1   1   0   2   1   1   5   0  12  14   1   3   2   6   5   4   1   1  15  0.40 0.32
  230 S     3  -6  -5  -4   1  -3  -4   2  -1  -1  -1  -5  -1  -1  -2   1  -1  -2  -5   3   26   0   0   1   3   1   1  12   1   3   6   0   1   2   2  11   4   1   0  22  0.52 0.40
  231 F     1  -6  -3  -6   3  -5  -3  -2  -6   3   3  -5   2   2  -6  -2  -1   0  -2   2   11   0   1   0   5   0   2   3   0  17  23   0   4   9   0   3   3   1   1  14  0.53 0.35
  232 I     1  -6  -4  -7   1  -6  -6  -3  -6   3   4  -6   1   0  -3  -2  -1   1  -1   1   10   0   1   0   3   0   0   3   0  14  40   0   3   4   2   3   4   2   2  10  0.68 0.43
  233 F    -4  -6  -3  -6  -2  -2  -6  -4   5   0   4  -6   3   3  -2  -4  -3  -2   1   0    1   0   1   0   1   2   0   1  11   4  42   0   7  12   2   1   2   1   4   6  0.88 0.52
  234 P    -2  -5   5  -4   3  -3  -4  -2   3  -2  -2  -5  -2  -2   5  -1  -1  -7  -3  -1    4   0  25   1   6   1   1   3   7   3   4   0   1   2  27   4   4   0   1   5  0.85 0.56
  235 L     1  -5  -3  -5   1  -4  -5  -2  -5   2   3  -4   0   2  -2  -1   0   5   0   1   12   0   1   0   2   0   0   3   0  11  24   1   2   8   3   5   5   8   3  11  0.42 0.31
  236 I     0  -4  -4  -4   3  -4  -3   0  -4   2   3  -4   1   1  -4   0   0  -2  -2   1    9   0   0   0   6   0   2   7   0  14  27   0   3   6   0   8   5   1   1  11  0.35 0.28
  237 G     2  -3  -2  -4  -1  -3  -4   5  -2  -2  -2  -4   0  -4  -3   0  -1  -5  -2  -2   18   1   1   0   1   1   0  48   1   2   4   0   3   1   2   7   4   0   1   3  0.84 0.51
  238 H    -2  -5  -3  -6  -1  -4  -5  -3  -2   1   2  -5   5   5  -4  -3  -3  -1   4  -2    4   0   1   0   1   1   0   2   1   7  20   0  15  26   1   2   1   1  14   3  0.88 0.51
  239 V     1  -4  -2  -4   2  -3  -4   0  -2   2   2  -4   1   2  -3  -1   0  -1  -2   1   15   0   2   0   4   1   0   9   1  13  20   0   3   8   1   5   6   1   1  10  0.26 0.24
  240 T     0  -4  -4  -5   0  -3  -4   0  -1   2   3  -4   0   3  -2  -1  -1   1  -2   1    9   0   0   0   2   1   0   7   1  14  30   0   2  11   2   6   4   2   1   9  0.37 0.29
  241 G     1  -4  -5  -5  -3  -5  -6   7  -3  -4  -5  -4  -6  -6  -6  -1  -2   1  -4  -4   10   1   0   0   1   0   0  71   1   1   1   1   0   0   0   5   2   2   1   1  1.62 0.80
  242 F    -1  -4  -3  -6   0  -5  -6  -2  -1   0   0  -5   0   4  -6  -4  -4   5   7  -2    6   1   2   0   2   0   0   4   1   5   8   0   2  17   0   1   1   7  41   3  1.26 0.66
  243 L     0  -3  -3  -4  -1  -2  -3   1  -3   2   3  -2   0   3  -4  -1  -1   3   0   1   10   0   1   0   1   2   1  10   0  10  27   2   2  12   0   5   3   4   2   7  0.29 0.24
  244 L     0  -3  -4  -4   1  -4  -4  -2  -4   3   2  -3   1   2  -3   0   0  -1  -1   2    9   2   0   0   3   0   0   3   0  15  24   1   4   8   1   7   6   1   2  15  0.33 0.26
  245 A     5  -3  -3  -5   1  -4  -3   2  -5  -4  -4  -3  -3  -2   1   3  -1  -6  -5  -3   43   1   1   0   3   0   1  14   0   1   2   1   0   2   7  19   3   0   0   1  0.79 0.54
  246 L     0   4  -2  -4  -3  -1  -3  -2  -2  -2  -1   3   0   1  -3  -1   0   4   1  -2    7  27   1   0   1   2   0   3   1   2   7  19   2   6   1   4   6   5   4   2  0.46 0.36
  247 F     1  -3  -4  -5   0  -3  -4  -2  -3   3   3  -3   1   1  -3  -2  -2   3  -1   2   11   1   1   0   2   1   1   3   0  16  34   1   3   5   1   2   2   4   1  11  0.45 0.31
  248 T     1  -3  -4  -5   3  -4  -4  -2  -4  -1   2  -3   1   5  -3  -1   0  -1  -1   0   13   1   1   0   6   0   1   3   0   3  23   2   4  24   1   5   5   1   1   6  0.48 0.35
  249 H    -2   5  -1  -3   1  -1  -3   4   1  -5  -4   3  -3  -3  -5  -1  -3  -5  -4  -5    2  29   3   1   3   3   1  29   3   1   1  15   1   1   0   4   1   0   1   1  0.80 0.50
  250 Q    -3   1  -4  -5  -1   2  -3  -3  -2   0   4  -2   3   2  -3  -3  -3  -2  -1   0    1   8   1   0   1  11   1   2   1   5  41   1   7   9   1   1   1   1   2   5  0.55 0.39
  251 S    -1  -2   2   3  -3  -2  -1   0  -2  -4  -5   0  -3  -5   4   3   0  -6  -3  -3    5   2  10  15   1   1   3   8   1   1   1   6   0   0  18  20   5   0   1   1  0.51 0.39
  252 W     0   1   0   0  -2   0   2  -2   2  -1  -2   1  -1  -2   2  -1  -1   4   0  -1    8   9   3   5   1   3  15   3   5   3   4   7   2   2  10   4   4   5   3   4  0.17 0.17
  253 Q     1   3  -1   0  -3   1   0  -2  -1  -3  -3   2  -3  -2   3   0  -1  -3  -1  -3   14  16   2   5   1   6   5   2   1   1   2  13   0   2  15   7   3   0   2   2  0.34 0.29
  254 R    -1   1   0   4   0   4   1  -3  -1  -1  -3   0  -1  -3  -3   0   0  -5  -2   0    4   8   4  20   2  18   9   1   1   3   2   5   2   1   1   7   5   0   1   7  0.38 0.32
  255 C     2   4  -2  -5   6   0  -3  -3  -2   0  -4   0  -1  -4  -4   1   0  -3  -3   0   16  23   1   0  15   4   1   1   1   5   1   4   2   1   0  12   5   0   1   6  0.58 0.42
  256 R    -3   6  -4  -4  -2  -3  -4  -5  -3   2   0   2   0  -2  -5  -4   0  -1  -3   1    1  44   0   1   1   1   1   1   1  11   7  11   2   2   0   1   5   1   1   9  0.90 0.54
  257 T     4  -6  -5  -6  -1  -5  -6  -5  -6  -6  -6  -5  -6  -7  -4   0   7  -7  -6  -3   30   0   0   0   1   0   0   1   0   0   0   1   0   0   1   7  56   0   0   2  1.65 0.91
  258 I    -4  -6  -5  -7  -3  -5  -7  -6  -5   6   2  -6   1  -3  -6  -5  -3  -3  -5   4    1   0   1   0   1   0   0   0   0  49  15   0   3   1   0   1   1   1   0  25  1.41 0.68
  259 S     4  -5  -4  -5   3  -4  -4   0  -5  -3  -3  -5   0  -6  -4   4   1  -6  -4  -1   36   0   1   0   5   0   1   8   0   1   3   0   2   0   0  29   9   0   0   4  0.83 0.57
  260 L    -4  -6  -7  -7  -4  -6  -7  -7  -6   6   2  -6   3   3  -7  -5  -2  -6  -2   2    1   0   0   0   0   0   0   0   0  47  18   0   8  11   0   0   2   0   2  10  1.29 0.63
  261 E    -4  -5  -3  -3  -4  -2   8  -5  -2  -6  -7  -4  -7  -4  -6  -3  -5  -8  -7  -5    1   0   1   1   1   1  87   1   1   0   0   0   0   1   0   2   0   0   0   1  2.38 1.14
  262 T    -1  -5  -3  -6   3  -5  -5  -4  -2   0  -2  -5   0  -1  -5   0   5  -6  -4   4    4   0   1   0   5   0   0   1   1   5   3   0   2   2   0   6  38   0   0  30  0.96 0.59
  263 G     0  -6  -5  -6   1  -5  -6   7  -6  -6  -5  -6  -3  -6  -3   0  -2  -2  -7  -2    7   0   0   0   3   0   0  72   0   0   2   0   1   0   1   6   2   1   0   3  1.68 0.81
  264 A    -2  -4  -5  -5   2  -3  -5  -6  -5   5   1  -5   6   0  -6  -2  -2  -5  -1   3    3   1   0   0   4   1   0   0   0  28  13   0  21   3   0   3   2   0   2  17  0.92 0.51
  265 Q    -5   2  -5  -5  -1   8  -3  -6   2  -7  -4   0  -5  -3  -3  -4  -5  -6  -4  -6    0   9   0   0   1  70   1   0   4   0   2   6   0   2   2   1   0   0   1   0  2.06 1.02
  266 N    -5  -5   9  -2  -7  -2  -5  -5  -2  -7  -7  -5  -4  -7  -6  -1  -4  -8  -7  -7    1   0  86   2   0   2   0   0   1   0   0   0   0   0   0   5   1   0   0   0  2.73 1.16
  267 I     2  -4  -2  -4   0  -3  -2   1  -4   0  -3  -4  -1  -3  -2   3   2  -3  -3   2   15   0   2   0   2   0   2  12   0   6   2   0   1   1   2  27  14   0   1  13  0.43 0.36
  268 Q     2  -3  -2  -4  -4   2  -4   4  -3  -3  -1  -4  -2  -3   0   0   1  -5  -3  -1   19   1   2   0   0   8   0  35   0   1   6   0   1   1   5   6  10   0   1   4  0.55 0.40
  269 M    -4  -5  -6  -6  -5  -5  -6  -6  -6   3   5  -5   3  -2  -5  -5  -1  -5  -4   1    1   0   0   0   0   0   0   0   0  16  60   0   6   1   1   1   4   0   0   8  1.21 0.59
  270 C     5  -5  -5  -5   4  -5  -5   3  -5  -5  -5  -5  -5  -4  -2   0  -1  -6  -4  -2   53   0   0   0   8   0   0  22   0   0   1   0   0   1   2   6   3   0   1   3  1.13 0.63
  271 I     0  -3  -4  -5  -2  -4  -4  -3  -4   4   2  -4   2   2  -4   0   1  -2  -1   2    7   1   1   0   1   0   0   1   0  27  19   1   5   7   0   8   8   0   2  12  0.46 0.31
  272 T     2  -4  -3  -4  -3  -3  -4  -1  -4   0   1  -4   1   2  -2   0   3  -4  -2   2   16   0   0   0   0   1   0   5   0   4  14   0   3   8   2   7  21   0   1  18  0.37 0.31
  273 M    -1  -5  -6  -6  -4  -5  -6  -5  -5   5   4  -5   2  -3  -6  -4  -2  -5  -4   3    5   0   0   0   0   0   0   1   0  32  36   0   4   0   0   1   2   0   0  18  1.05 0.53
  274 L     4  -4  -4  -5  -1  -4  -4  -1  -5   2   3  -3   0  -3  -4  -1  -1  -5  -4   0   39   0   1   0   1   0   0   4   0  13  24   2   2   0   0   4   3   0   0   6  0.62 0.42
  275 Q     1   1   0  -2  -3   1  -1   0  -1   0   0   1   0   0  -2   0   1  -2  -1   0   10   7   3   1   0   8   2   7   1   5  12  10   3   5   0   8   9   1   1   5  0.06 0.11
  276 L     1  -2   0  -2  -3   0  -2  -2  -2   0   2  -1   1   1  -3   1   1  -2   0   1   10   1   4   1   0   4   1   3   0   4  22   4   3   6   0  11  11   0   3  10  0.14 0.16
  277 S     1  -4  -1  -4  -1  -2  -3  -3   4   0   0  -3   1   2  -3   3   1  -2   1  -1   13   0   2   0   1   1   1   2  10   5  10   1   3   9   1  25   7   0   4   5  0.33 0.30
  278 F    -3  -5  -5  -5  -3  -5  -6  -4  -4  -2   3  -5   1   7  -3  -4  -4  -2   2  -2    2   0   1   1   1   0   0   1   0   2  28   1   3  49   1   1   1   0   5   2  1.41 0.65
  279 T     1  -3   0   1  -4   1  -1   2   0  -4  -3  -1  -1  -4   4   1   1  -5  -3  -3   12   1   4   7   0   5   4  13   2   1   2   2   1   1  22  12   9   0   1   1  0.42 0.30
  280 A     1   0   1   1  -2   2   0   0  -1  -1  -1   0   0  -1   3   0  -1  -4  -3  -2   12   5   7   7   1  10   4   7   2   3   5   4   3   3  13   8   3   0   0   3  0.15 0.15
  281 E    -1  -1  -2   1  -2   1   2  -1  -1  -2   0  -1   0  -2   5  -1  -1  -4  -2  -2    5   2   2   8   1   6  13   4   2   3   8   3   3   2  29   4   3   0   2   2  0.45 0.30
  282 H     0  -1   1   1  -1   1   2   0   0  -1  -1   0  -1  -1  -1  -1  -1  -2   0   0    8   2   6  10   1   7  18   6   2   4   6   5   1   2   3   3   3   0   3   8  0.10 0.11
  283 L     2  -1   1  -1  -2   0  -2   0  -1   1   1  -2   1   0  -2   0  -1  -1  -1   0   19   4   7   2   0   4   1   8   1   9  14   2   3   4   1   8   2   1   2   7  0.08 0.11
  284 V     1  -2   0   3  -3   0  -1   2  -2  -1  -1  -2  -2  -1   0   0  -1  -2  -2   0   12   2   4  19   0   4   3  17   1   4   7   2   1   2   4   8   2   0   1   6  0.20 0.17
  285 Q     1  -2  -2   0  -3   1   1   0  -3   0   1  -1   1  -2   2   0   0  -4  -2  -1   10   2   1   5   0   8   9   7   0   6  16   2   4   2  12   6   6   0   1   3  0.14 0.15
  286 M     2  -5  -4  -5  -3  -4  -4  -1  -5   1   2  -5   6  -2  -2  -2   0  -5  -1   2   20   0   1   0   0   0   1   5   0   7  17   0  24   1   2   3   5   0   2  11  0.64 0.43
  287 L     4  -4  -3  -4  -2  -3  -3  -1  -2   0   0  -3   2   2  -3   1   1  -2   1   0   33   1   1   0   1   1   1   4   1   5  10   1   4   7   1  12   7   1   4   6  0.39 0.33
  288 S     1  -1  -3  -4  -2  -2  -3  -2  -4   2   2  -2   1   1  -3  -1   1  -1  -2   3   14   4   1   0   1   1   1   2   0  13  18   2   3   6   1   3   8   1   0  20  0.31 0.24
  289 F     0  -5  -4  -4  -3  -5  -5  -4  -5   2   0  -5   1   4   4  -2  -1  -3  -1   3    9   0   0   1   0   0   0   1   0  11   9   0   3  16  19   2   3   0   2  22  0.64 0.40
  290 P     2  -5  -4  -5   0  -4  -5  -2  -5  -2  -2  -5  -2  -5   7   1  -2  -6  -4  -1   16   0   1   0   2   1   0   3   0   2   4   0   1   1  52   9   3   0   1   4  1.34 0.69
  291 L     4  -5  -5  -5  -1  -4  -5  -1  -5   2   2  -4   1   0  -3  -1  -1  -1  -2   1   31   0   0   0   1   0   0   4   0  11  23   0   3   4   1   5   3   1   1  11  0.52 0.37
  292 A     0  -5  -5  -6  -1  -4  -5  -4  -3   4   3  -5   2   1  -5  -3  -1   3  -2   3   10   0   0   0   1   0   0   1   1  21  26   0   5   6   0   2   4   4   1  16  0.59 0.37
  293 Y    -1  -5  -2  -6  -2  -3  -6  -4   1  -2  -4  -5  -3   3  -6   0  -3   4   8   0    6   0   2   0   1   1   0   2   3   3   1   0   1  11   0   8   1   5  46   8  1.33 0.68
  294 G     3  -5  -2  -4  -3  -3  -4   4  -5  -1  -2  -4   0  -3  -3   3   0  -3  -4  -2   23   0   1   0   0   1   1  29   0   4   4   0   2   1   1  23   5   0   1   2  0.67 0.47
  295 L    -1  -5  -5  -6   1  -5  -5  -3  -6   4   3  -5   2   1  -1  -2  -1  -5  -3   3    4   0   0   0   3   0   0   2   0  22  25   0   5   6   3   3   4   0   0  21  0.63 0.39
  296 F    -2  -6  -4  -6   2  -5  -5  -4  -5   2   1  -5   3   4  -4  -1   0   7  -1   1    3   0   1   0   4   0   0   1   0  10  14   0   8  20   1   5   6  14   2  11  0.78 0.45
  297 Q    -2  -4  -4  -3  -2   4  -2  -4   5  -2  -3  -4   7  -3  -6   0   2  -6  -2  -2    3   0   0   1   1  19   2   2  14   2   2   0  26   1   0   8  15   0   1   2  1.00 0.64
  298 L    -1  -4   3  -3   0  -3  -4  -2  -3   1   1  -4   1   2   2   0   0  -2   3   0    5   0  16   1   2   1   0   3   0   7  17   0   3   8   9   7   4   0   9   6  0.27 0.27
  299 I     0  -5  -5  -6   1  -5  -5  -1  -5   4   2  -4   0   2  -2  -2  -2  -1  -3   3    8   0   0   0   3   0   0   4   0  27  20   1   2   9   2   3   2   1   0  17  0.55 0.36
  300 D    -1  -4  -2  -2  -2  -2   1  -2  -3   1  -1  -3   1   0   3   1   2  -2  -1   0    5   0   1   2   1   0  11   3   0   8   6   1   4   5  16  12  14   1   2   8  0.25 0.26
  301 G     3  -5  -4  -5   1  -5  -5   5  -5  -1   0  -5   1  -2  -2  -1  -1  -6  -5  -1   22   0   0   0   2   0   0  42   0   3  11   0   4   2   2   4   4   0   0   4  0.78 0.48
  302 F     1  -4  -4  -5  -1  -4  -4   0  -4   2   2  -4   1   3  -1   2  -1   1  -1   0   10   0   0   0   1   0   0   6   0  10  24   0   3  13   3  15   3   2   2   7  0.34 0.30
  303 L     1  -4  -4  -5  -1  -5  -5  -1  -5   3   3  -5   1   1  -1  -2  -1  -3  -2   2   14   0   0   0   1   0   0   4   0  19  28   0   2   6   4   2   4   0   1  14  0.47 0.33
  304 I    -1  -6  -6  -6  -2  -5  -6  -3  -5   3   4  -6   2   4  -5  -4  -3   2   0   1    6   0   0   0   1   0   0   2   0  15  37   0   5  15   0   1   1   3   3  10  0.76 0.44
  305 V     3  -5  -5  -5   2  -4  -4  -1  -4   3   0  -4  -1  -2  -4  -1   1   0   0   3   27   0   0   0   4   0   1   5   0  16   8   0   1   1   0   4   7   1   4  20  0.45 0.36
  306 A     1  -2  -2  -4  -2  -3  -4   1  -3   2   2  -3   0   2  -3   0   0   1   0   1   16   2   2   0   0   1   0  10   0  12  20   0   2   8   1   6   5   2   3  10  0.22 0.21
  307 A     1  -4  -4  -4  -2  -4  -5  -2  -3   3   1  -5   1   2  -4  -2  -1   5   3   2   11   1   0   1   1   0   0   3   1  18  15   0   3   9   0   2   3   8  11  13  0.50 0.34
  308 Y    -3  -1  -4  -6  -1  -3  -5  -4   2  -1   0  -4   1   4  -6  -3  -3   8   6  -2    2   4   1   0   1   1   0   2   5   3   9   1   3  18   0   2   1  21  23   3  1.18 0.60
  309 Q    -2   6  -1  -3  -3   1  -2  -3   0  -3  -2   2  -1  -2  -5  -1  -2   3   0  -2    4  41   3   1   1   7   1   2   2   1   4  13   2   2   0   6   2   4   3   4  0.72 0.47
  310 T     0   2  -1  -4   2  -1  -3  -2  -2   2   1   0   1   1  -3  -1   0   2   0   1    8  11   3   0   5   2   0   2   1  15  13   7   4   5   0   5   4   4   4   7  0.15 0.17
  311 Y    -2   2  -2  -4  -1  -1  -4  -3   1   1  -1   1   0   3  -5  -1  -3   4   5  -1    4  10   2   0   1   2   0   2   4  10   5   9   3  10   0   4   1   6  21   5  0.46 0.33
  312 K    -1   3   0   0  -3   1   0  -1   1  -2  -2   4  -1  -2  -1   0  -1  -1  -3  -2    5  15   4   6   0   7   5   5   3   2   4  25   2   2   2   7   3   1   1   2  0.29 0.25
  313 R    -2   5  -1  -2  -1  -1  -1  -4  -1  -3  -4   4  -5  -2  -2   0  -2   2   0  -4    3  35   2   2   2   2   3   1   1   2   2  28   0   1   2   7   2   3   3   1  0.82 0.51
  314 R    -3   4  -1  -2   5   0  -1  -4  -2  -2  -2   3  -3   2  -3  -2  -1   3   2  -2    1  26   3   2  11   3   3   1   0   2   4  16   0   9   1   2   3   3   6   3  0.51 0.36
  315 L    -1   0   0  -1   3   1  -1  -1  -1   0   0   2   1   1  -3   0   0   0   1   0    3   3   4   3   9   6   2   4   1   6  11  14   4   8   0   6   6   1   5   4  0.09 0.13
  316 K     0   2   0  -1  -1   1   1  -1  -1  -2  -1   3  -2  -4   1   0   0   0  -2  -2    6  10   3   3   1   6  11   4   2   2   5  22   0   0   7   7   6   1   1   3  0.22 0.20
  317 N    -1   1   2   0  -4   1   1  -2   0  -2  -2   4  -3  -3   0   0   1  -2  -2  -3    4   7  10   5   0   5  10   3   2   2   3  27   0   1   5   6   8   1   1   1  0.32 0.26
  318 K    -1   2  -1  -1   1   2   1  -2  -1  -2  -3   4  -3  -3   1   0   0  -5  -3  -3    4   9   2   2   3  10  10   2   1   2   2  31   0   1   8   6   5   0   1   1  0.43 0.31
  319 H     0   1   1   1  -1   1   2  -1   3  -2  -2   1  -1  -2  -2   0  -1  -4   0  -2    7   9   5   8   1   7  17   3   7   3   5  11   1   1   1   7   2   0   3   2  0.18 0.16
  320 G     0   0  -1   1  -3  -1   1   2  -2  -2  -3   2  -2  -2   2   0   0  -4  -2  -1   10   3   2   9   0   1  10  17   1   2   2  14   1   2   9   6   5   0   2   5  0.19 0.17
  321 K     0   1   0   1  -4   1   2  -1   0  -2  -3   3  -1  -4   1   0   0  -2  -2  -1    7   7   3   9   0   5  14   3   3   1   2  21   1   0   6   7   5   0   1   4  0.24 0.20
  322 K    -1   0   1   0  -4   1   2  -1  -1  -1  -1   3   0  -4  -1   0   0  -2  -2  -2    4   4   8   5   0   5  15   5   1   4   5  22   3   0   2   7   5   1   1   2  0.21 0.19
  323 N    -1   0   3   3  -3   0   2  -2   2  -3  -3   2  -3  -4   0   0   0  -5  -3  -2    6   5  16  15   0   4  14   1   5   2   2  11   0   0   4   8   4   0   0   2  0.33 0.24
  324 S     1   0  -1   2  -2   0   2  -2   0  -2  -1   0  -2  -4   2   1   0  -4  -2  -1   10   4   1  11   1   2  16   3   2   3   5   7   0   0  11  14   7   0   1   3  0.21 0.18
  325 G     0  -1   1   2  -2   0   2   1   0  -1  -2   0   1  -1   0   0  -1  -3  -1  -1    9   2   8  11   1   3  16  11   2   3   3   4   4   2   4   8   3   0   3   3  0.13 0.12
  326 C     0  -1   0   1   4   1   2  -2  -1   0   0  -1  -1  -2   0   0  -1   0  -2   0    6   2   4   8  11   6  15   2   2   8  10   2   1   1   4   7   3   1   1   6  0.12 0.14
  327 T     0   0  -1   1  -2   1   2  -1  -1  -1  -1   0  -1  -1   1   0   1  -3  -1   0    8   6   2  10   0   5  14   3   1   2   4   5   1   3   8   7  10   0   2   8  0.12 0.12
  328 E    -3  -1   0   2  -5   1   5  -2   0  -4  -4   2  -1  -2  -2  -1  -1  -5  -1  -3    1   2   5  11   0   6  41   2   2   1   1  10   2   2   1   5   4   0   2   2  0.60 0.38
  329 V     0  -1   0   2  -3  -1   1  -1  -1   2   0   0   0  -2  -2   0   0  -4  -2   1    8   1   3  13   0   1  12   5   2  14   9   5   2   1   1   5   5   0   1  13  0.10 0.13
  330 C     0   0   1   1   0   0   1   0   0   0  -1   0   0  -3   1   1   0  -3  -2   0    7   4   7  11   3   3   7   6   2   6   5   7   2   0   6  11   7   0   1   6  0.08 0.07
  331 H    -1  -1   2   1  -1  -1   2  -2   1  -1   0   0  -1  -1  -1   1   0  -3   2  -1    5   3  10   9   2   0  17   2   4   3  10   6   1   1   2  10   4   0   8   5  0.11 0.14
  332 T    -1   0   2   1  -4   0   2  -1   0  -1  -2   2  -2  -2  -1   0   1  -4   1  -2    5   2  12   9   0   4  15   3   2   3   3  15   0   2   2   6   8   0   5   2  0.19 0.18
  333 R    -1   1   0   0  -4   1   2  -1  -2  -1  -1   2  -1  -2   1   0  -1  -4   1  -1    2   9   4   3   0   6  15   5   0   3   8  18   1   1   6   7   2   0   5   5  0.17 0.17
  334 K     1   0   0   1  -4   1   3  -2  -2  -3  -2   3  -2  -4  -2   1   0  -5  -2  -2   11   3   4   8   0   6  18   2   0   0   5  23   0   0   1   9   6   0   2   2  0.32 0.25
  335 S     1  -1   1   0  -3  -1   1  -2  -1  -1  -1   1  -1  -3   0   2   1  -4  -1   1   11   2   8   5   0   1   8   2   1   2   7  12   1   0   4  16   9   0   2  11  0.13 0.15
  336 T     0  -2   1   0  -3  -1   1  -2  -2   0  -1   1   0  -3   0   2   2  -4  -2   0    7   0   9   3   0   1  11   2   1   7   5  11   2   1   4  16  13   0   1   8  0.16 0.17
  337 S     0  -1   1   2  -1   0   2  -1  -2  -3  -2   1  -2  -3   1   2   0  -4  -2  -2    5   2   5  11   1   2  18   5   1   1   3   9   1   1   6  19   6   0   1   3  0.25 0.20
  338 S    -1  -2   2   2  -1  -1   2   0  -3  -3  -2   1  -3  -3   2   1   2  -5  -4  -1    4   0   9  10   2   1  15   8   0   1   5   7   0   1   9  10  14   0   0   5  0.23 0.20
  339 R     0   1   1   2  -2   1   1   0  -2  -2  -3   2   0  -4  -1   1   0  -4  -3  -2    8   8   6  13   1   5  10   7   0   1   1  15   3   0   1  13   3   0   0   3  0.22 0.18
  340 E    -1  -2   1   2  -4   1   3  -2  -1   0  -1   0   3  -4  -1   1   1  -4  -3  -1    4   1   7  10   0   4  22   2   1   5   4   6  12   0   2   9   7   0   0   3  0.25 0.22
  341 T     2  -1   0   1   0   0   1  -1  -2  -3  -2   1  -2  -4   1   2   2  -4  -2  -2   16   2   4  10   2   4   9   3   0   0   3   8   1   0   5  16  16   0   1   2  0.24 0.20
  342 N    -1  -1   3   3  -4   1   1   0  -1  -3  -4   1  -3  -4  -1   2   1  -5  -2  -4    4   2  18  15   0   6   7   5   1   2   1  11   0   0   2  15  10   0   1   0  0.37 0.25
  343 A     2  -1  -1   1  -3   0   0   2  -2   0  -3   0  -2  -1   0   1   1  -3  -3  -1   17   3   2   9   0   4   5  17   0   7   0   7   0   2   3  13   7   0   0   4  0.16 0.13
  344 F     0  -1  -2  -1  -1  -1  -2  -1   1   1   0  -1   0   3   0   0   0  -2   2   1    6   2   1   3   1   2   1   6   5   7   5   2   3  16   4   6   5   0  10  13  0.10 0.10
  345 L    -1  -1  -1   0  -3  -1   0  -1  -3   0   2  -1   1   0  -2   0   1  -3  -1   0    5   2   2   7   0   1   5   5   0   1  31   2   4   4   1   8  13   0   1   7  0.12 0.14
  346 E    -1  -2   0   1  -1   1   4  -1   0  -4  -4   2  -3  -2   1   1   1  -4  -3  -3    4   0   4   7   1   6  32   3   2   0   0  11   0   2   6  12   9   0   0   0  0.42 0.26
  347 V    -1  -1  -2   0   1  -1   1  -1  -1   0   0   0   0  -1   0   0  -1   1  -1   2    3   1   1   5   3   0  10   3   2   4  10   6   2   2   5   8   3   2   2  27  0.08 0.12
  348 N     0   0   2   1  -3   0   1  -1   1  -2  -2   0  -2  -3   0   1   3  -4  -2  -2    7   4  14   8   0   3   8   3   3   2   2   5   0   0   5  11  22   0   1   1  0.24 0.18
  349 E     0   0   1   2  -4   1   3  -1   0  -1  -2   0  -2  -4   0   0   0  -4  -3  -2    6   6   6  12   0   6  26   4   2   5   4   4   0   0   5   5   7   0   0   1  0.26 0.18
  350 E     0  -2   3   0  -4   0   3   0  -2  -2  -3  -1  -3  -4   2  -2   0  -4   0  -3    9   1  20   3   0   3  27   8   0   3   1   1   0   0  12   0   7   0   4   0  0.43 0.28
  351 G     1  -3   0  -2  -3  -2  -1   3  -3  -2  -2  -1  -3  -2   2   1   2  -4  -3   0   12   0   4   0   0   0   3  30   0   2   4   3   0   1  11  13  13   0   0   7  0.36 0.22
  352 A     1   0   2   1  -3   1   0   0   1  -1  -2  -1   0  -3  -2   2   1  -4  -3  -1   16   4  12   6   0   5   6   4   3   3   2   2   3   0   0  22   7   0   0   5  0.19 0.16
  353 I     0  -2  -3   0  -3   0  -1  -2  -1   4   1  -2   3  -1  -4  -2  -2  -3   0   2    7   1   0   8   0   5   2   2   2  28  12   1   9   2   0   1   0   0   3  15  0.25 0.19
  354 T     1  -2   1   0  -3   2  -1  -3   1  -1  -1  -1   0  -3   1   1   4  -4  -3  -1    9   0   6   3   0  10   1   0   4   2   5   1   2   0   7  12  32   0   0   4  0.32 0.23
  355 P    -1  -2   0   2  -3  -1  -2  -2  -3  -2  -1   0   0   0   4   0   2   2   0   0    3   0   4  15   0   2   0   2   0   0   6   7   2   4  23   5  15   3   3   6  0.33 0.19
  356 G     1   0  -1   1  -3  -1   2   2  -2  -2  -2  -1  -1  -3   1   0   1  -3  -1  -1   15   4   2   6   0   0  19  18   0   2   4   0   2   0   8   6   8   0   2   3  0.20 0.14
  357 P     0  -3  -3  -3  -5   0   0  -4  -4  -4  -5   1  -4  -5   7  -1   1  -5  -5  -2    6   0   0   0   0   5   5   0   0   0   0   8   0   0  63   3   8   0   0   2  1.46 0.43
  358 P     0  -2  -1   0  -3  -2   1  -1  -2  -1  -3   0  -3  -4   5   2   1  -4  -1  -1    4   0   3   3   0   0   8   3   0   4   0   7   0   0  34  20   8   0   3   3  0.58 0.22
  359 G     0  -3  -2  -3  -3   0  -2   5  -3   0  -2  -1   4  -1  -1  -2   0  -3  -3  -2    7   0   0   0   0   4   2  48   0   7   0   4  17   4   3   0   5   0   0   0  0.56 0.24
  360 P     0  -3  -3  -2  -3   0   1  -3  -3  -2  -3  -2  -3   0   6   1   0  -4  -3   1    6   0   0   0   0   5  11   0   0   0   0   0   0   6  47  10   4   0   0  12  0.87 0.25
  361 M    -1  -1  -1   1  -3   1   3   0   2   1   0   0   0  -2  -2   0   0  -3  -2   0    4   0   0   8   0   4  26   6   6  14   6   4   3   0   0   6   6   0   0   7  0.14 0.10
  362 D    -1  -2   0   5  -4   2   1   1  -2  -1  -3   0  -3  -4   1  -1   1  -4  -3  -3    4   0   0  41   0  11   8  11   0   4   0   4   0   0   7   0  10   0   0   0  0.49 0.17
  363 C     0   2   2  -1   0   1  -1   0   0  -3  -2   2  -2  -3  -2   2  -1  -4  -2  -1    5  11  16   0   2   8   0   7   3   0   2  17   0   0   0  24   0   0   0   5  0.24 0.11
  364 H    -2  -1   1   2  -4   1   2  -3   7  -3  -3  -1  -2   2   0  -2  -1  -3   0  -3    0   3   5  12   0   4  13   0  37   0   0   0   0  15   6   0   5   0   0   0  0.57 0.19
  365 R    -1   3   2  -1  -3   0   0   1  -1  -3  -3   1  -2  -1   0   1   2  -3  -2  -2    0  27  11   0   0   0   6  15   0   0   0   6   0   5   5   8  16   0   0   3  0.26 0.11
  366 A     1  -1   0   3  -3   3   0   0  -2  -3  -3  -1  -2  -4  -2   2   2  -4  -3  -2   15   0   0  23   0  23   0   6   0   0   0   0   0   0   0  17  16   0   0   0  0.40 0.15
  367 L     0  -2  -2   1  -2   0  -1   0   2   1   2  -2   0  -1  -3  -2  -1  -3  -2   1    9   0   0  14   0   5   0   7   8   6  34   0   0   0   0   0   0   0   0  16  0.13 0.08
  368 E    -1  -1   2   2  -2   0   2  -1  -1   0  -2   1  -2  -3  -2   1   2  -4  -2   0    0   0  17  10   0   0  17   4   0   7   0   8   0   0   0  16  14   0   0   6  0.22 0.07
  369 P     0  -3  -3  -3  -4  -2  -2  -3  -3  -3  -1  -2  -3  -4   8  -2  -2  -5  -4  -3    8   0   0   0   0   0   0   0   0   0   9   0   0   0  83   0   0   0   0   0  1.86 0.22
  370 V     1  -2   1  -1  -2  -1   0   0  -2  -1   0  -1   1  -2   3   1   1  -3  -2   0   18   0   8   0   0   0   7   8   0   0   9   0  10   0  13  14   8   0   0   4  0.17 0.05
  371 G    -1  -1   3   1  -3  -1  -1   3   2  -4  -4   1  -3  -3   2   1  -1  -4  -2  -3    0   0  19   8   0   0   0  30   8   0   0  11   0   0   9  16   0   0   0   0  0.39 0.08
  372 H    -2  -1   2   1  -4   4   2  -2   5  -4  -3   0  -2  -3   3  -1  -1  -3  -1  -3    0   0  12   9   0  31  10   0  22   0   0   0   0   0  16   0   0   0   0   0  0.57 0.10
  373 I    -1  -2   2  -2  -2  -1  -2  -2  -2   2   1  -2   2  -1  -2   1   0  -3  -2   2    0   0  17   0   0   0   0   0   0  15   9   0  12   0   0  16   0   0   0  30  0.15 0.04
  374 T     1  -1   0  -1  -1  -1  -1  -1  -1  -2  -2  -1  -1  -3  -1   4   4  -3  -2  -1    0   0   0   0   0   0   0   0   0   0   0   0   0   0   0  59  41   0   0   0  0.45 0.04
  375 S     0  -1   0   0  -2   0   2  -1  -1  -2  -3   0  -2  -3  -1   3   3  -3  -2  -2    0   0   0   0   0   0  24   0   0   0   0   0   0   0   0  52  24   0   0   0  0.38 0.03
  376 C    -1  -4  -3  -4   9  -3  -4  -3  -3  -1  -1  -3  -2  -3  -3  -1  -1  -3  -3  -1    0   0   0   0 100   0   0   0   0   0   0   0   0   0   0   0   0   0   0   0  1.26 0.02
  377 E    -1   0   0   2  -4   2   5  -2   0  -3  -3   1  -2  -3  -1   0  -1  -3  -2  -3    0   0   0   0   0   0 100   0   0   0   0   0   0   0   0   0   0   0   0   0  0.73 0.00

                      K         Lambda
Standard Ungapped    0.1379     0.3253
Standard Gapped      0.0414     0.2670
PSI Ungapped         0.1354     0.3176
PSI Gapped           0.0414     0.2670
