
Last position-specific scoring matrix computed, weighted observed percentages rounded down, information per position, and relative weight of gapless real matches to pseudocounts
            A   R   N   D   C   Q   E   G   H   I   L   K   M   F   P   S   T   W   Y   V   A   R   N   D   C   Q   E   G   H   I   L   K   M   F   P   S   T   W   Y   V
    1 M    -5  -6  -7  -8  -6  -5  -7  -7  -6  -3  -2  -6  11  -4  -7  -6  -5  -6  -6  -4    0   0   0   0   0   0   0   0   0   0   0   0 100   0   0   0   0   0   0   0  3.78 1.16
    2 F    -2  -5  -5  -5  -5  -5  -6   4  -4  -2  -2  -5  -3   6  -6  -3  -5  -3   3  -4    3   0   0   0   0   0   0  38   0   3   4   0   0  42   0   1   0   0  10   0  1.36 0.55
    3 S     0   0   1  -2  -3   1  -1   1   3  -1  -1   0  -2  -3  -3   3   1  -4  -2  -2    6   6   8   0   0   6   1  13   8   3   5   4   0   1   0  25   9   0   1   2  0.27 0.22
    4 L    -2  -4  -3  -6  -4  -3  -3  -5  -5   2   5  -2   2   1  -5  -2  -2   0  -2  -1    3   1   2   0   0   1   1   0   0   9  62   2   5   4   0   3   2   2   1   3  0.88 0.43
    5 M    -4  -6  -5  -8  -6  -6  -7  -7  -6   2   2  -6   9   4  -7  -6  -4  -5  -4  -2    1   0   0   0   0   0   0   0   0   9  19   0  49  18   0   0   1   0   0   2  1.93 0.81
    6 A    -1  -1  -1  -1  -3  -3  -2   5  -1  -6  -5  -2  -4  -5  -4   4   0  -4  -2  -4    5   3   2   3   0   1   2  42   1   0   0   2   0   0   0  28   5   0   2   1  0.88 0.49
    7 S    -1   0   4  -2  -1   0  -3   3   1  -3  -1   1  -3  -3  -4   1  -2   0  -4  -3    5   6  25   1   1   4   0  21   3   1   6   8   0   1   0  11   2   2   0   1  0.47 0.32
    8 C    -2  -4  -3  -5   7  -4  -5  -4  -4   2   3  -5  -1   2  -5  -1  -1   0  -3   0    3   1   1   0  26   0   1   1   0   9  31   0   1   9   0   5   3   1   0   5  0.91 0.43
    9 C    -1  -3  -4  -4   5  -4  -4  -3  -2   0   1  -3   0   3  -4  -1  -2   7   2   1    5   2   1   1  14   1   1   2   1   5  13   1   2  14   1   5   2  17   6   8  0.78 0.37
   10 G     0  -1   1   1   1   1  -1   1  -2  -2  -4   1  -3  -2  -2   4   0  -4  -3  -3    6   4   5   6   3   5   3  13   1   2   1   7   0   2   2  31   6   0   0   1  0.34 0.27
   11 W    -2   2  -1  -4   0  -2  -3  -1  -2   0   1   1  -1   2  -3   0  -3   7   2  -1    3  13   3   1   2   1   1   4   1   5  12   8   1   7   1   7   1  19   7   4  0.53 0.29
   12 F    -2  -2  -4  -4   0  -2  -4  -3  -4   2   4  -2   1   4  -3  -3  -2   0   1   0    2   2   1   1   2   2   1   2   0  10  42   2   3  17   1   1   1   1   4   6  0.64 0.33
   13 K    -1   3   0  -3  -3   1  -1   0  -2  -2  -1   3  -1   2  -3   1  -1  -1   0  -2    4  17   3   1   0   5   2   6   0   2   7  18   2  11   1  11   3   1   3   1  0.25 0.21
   14 R     0   2   0  -2  -3   0   0   0  -1  -2  -1   3  -2  -1  -2   1   0  -2  -2  -2    7  12   4   2   0   4   4   7   1   1   8  22   1   2   2  14   6   1   1   2  0.22 0.19
   15 W    -1   1  -2  -3   1   0  -2  -2  -1   0   1   2   0   1  -2  -1   0   5   1  -1    4   9   2   1   3   4   2   3   2   6  13  15   2   7   1   4   6   9   4   3  0.20 0.15
   16 R    -1   2   0  -1  -1   1   0  -1  -1  -1   1   2  -1   1  -1   0  -1  -2  -1  -1    5  12   5   3   1   6   4   5   1   3  14  18   1   7   2   6   3   0   1   2  0.11 0.12
   17 E    -1   0   1  -1  -2   1   2  -1  -1  -2  -1   1  -1   2  -1   0  -1   3   0  -2    5   5   9   2   1   6  17   5   1   2   7  10   1  10   3   5   3   5   2   1  0.17 0.14
   18 P     0   0   0  -1  -2   0   0   1  -1  -2  -2   2  -1  -3   4   1   1  -1  -2  -2    8   4   4   2   1   3   5  10   1   2   3  16   1   1  19   9   7   1   1   2  0.29 0.18
   19 V    -1   2   1   0  -2   1   1  -2   0  -1  -1   3  -2  -2   0   0  -1  -3  -2  -1    3  11   7   5   1   7  10   3   2   4   5  20   1   2   4   7   2   0   1   5  0.20 0.15
   20 R    -3   5  -1  -1  -4   2  -1  -4  -2  -3  -4   5  -3  -5  -1  -2  -1  -5  -4  -4    1  29   2   3   0   9   3   1   1   1   1  36   1   0   3   2   4   0   0   1  0.96 0.48
   21 K    -3  -1   1   1  -4   2   5  -3   1  -5  -5   3  -4  -5  -1  -1  -2  -5  -4  -2    1   2   6   7   0   7  40   2   3   0   1  18   0   0   3   4   2   0   0   3  0.80 0.46
   22 V     1  -2  -4  -5   0  -2  -4  -4   0   3   1  -3   4   0  -3  -2  -2  -4   2   3   10   2   0   0   2   1   0   1   2  16  11   1  14   3   1   3   2   0   8  22  0.47 0.30
   23 T    -4   6   1  -3   0  -1  -1  -2   0  -4  -5   2  -4  -3  -4  -2   3  -3  -2  -1    1  41   5   1   2   2   3   3   3   1   0  11   0   1   0   3  17   0   2   4  0.87 0.49
   24 L    -4  -4  -7  -7  -3  -6  -6  -6  -7   6   3  -6   0  -2  -6  -5  -3  -3  -5   4    1   1   0   0   0   0   0   0   0  44  23   0   1   1   0   0   1   0   0  26  1.35 0.60
   25 L    -1  -5  -6  -7   1  -6  -6  -4  -5   2   5  -6   1  -3  -5  -3  -2  -5  -4   2    4   0   0   0   3   0   0   1   0  11  59   0   3   0   1   2   2   0   0  14  1.10 0.54
   26 M    -4  -6  -6  -7   0  -3  -6  -7  -6   4   2  -6   7   1  -6  -6  -2  -3  -4   2    0   0   0   0   2   1   0   0   0  25  20   0  30   5   0   0   2   0   0  14  1.32 0.61
   27 V    -3  -6  -7  -7  -1  -5  -7  -7  -7   3   5  -6   1  -1  -6  -6  -4  -2  -5   4    1   0   0   0   1   0   0   0   0  12  52   0   2   2   0   0   1   0   0  27  1.29 0.60
   28 G    -5  -7  -6  -7  -8  -7  -7   8  -7  -9  -9  -7  -8  -8  -7  -4  -7  -8  -8  -8    0   0   0   0   0   0   0  98   0   0   0   0   0   0   0   1   0   0   0   0  2.96 1.13
   29 L    -6  -7  -8  -7  -4  -7  -8  -8  -5   0   7  -7  -2  -5  -4  -7  -6  -7  -6  -3    0   0   0   0   0   0   0   0   0   4  92   0   1   0   1   0   0   0   0   1  2.21 0.93
   30 D    -4  -5  -1   8  -7  -1  -1  -5  -3  -7  -8  -4  -7  -5  -5  -3  -4  -4  -7  -7    1   0   3  83   0   3   3   1   1   0   0   1   0   0   0   1   1   0   0   0  2.43 1.00
   31 N     2  -4   7  -2  -2  -3  -4   2  -2  -6  -6  -2  -6  -4  -5   0  -4  -6  -2  -5   17   1  51   2   1   1   1  14   1   0   1   2   0   1   0   6   0   0   2   0  1.35 0.68
   32 A     6  -6  -5  -6  -2  -5  -4  -2  -6  -6  -6  -5  -5  -6  -5   3  -2  -7  -6  -3   70   0   0   0   1   0   1   2   0   0   0   0   0   0   0  21   2   0   0   2  1.69 0.83
   33 G    -4  -5  -5  -6  -7  -7  -7   7  -7  -8  -8  -6  -7  -8  -7  -5  -6  -7  -8  -8    1   1   0   0   0   0   0  96   0   0   0   0   0   0   0   0   0   0   0   0  2.85 1.11
   34 K    -5  -2  -6  -6  -8  -3  -5  -7  -6  -8  -7   8  -7  -8  -6  -6  -6  -8  -7  -7    1   1   0   0   0   0   0   0   0   0   0  96   0   0   0   0   0   0   0   0  2.98 1.23
   35 T    -5  -6  -5  -6  -6  -6  -6  -7  -7  -6  -7  -4  -6  -7  -6   2   8  -8  -7  -6    0   0   0   0   0   0   0   0   0   0   0   1   0   0   0  16  82   0   0   0  2.49 1.15
   36 A    -3  -4  -5  -6   0  -6  -3  -6  -6  -6  -6  -5  -5  -5  -6   3   7  -7  -5  -2    2   1   0   0   2   0   1   0   0   0   0   0   0   0   0  18  72   0   0   2  1.99 1.01
   37 T    -1  -6  -6  -7  -1  -6  -6  -7  -6   6   3  -6   1   1  -6  -4   0  -2  -3   1    4   0   0   0   1   0   0   0   0  43  28   0   3   5   0   1   5   1   1   8  1.14 0.57
   38 A    -2  -5  -7  -7  -3  -5  -7  -6  -5   2   5  -6   0  -3  -7  -4  -3  -6  -4   2    4   0   0   0   0   0   0   0   0   9  65   0   2   1   0   1   1   0   0  15  1.33 0.67
   39 K    -2   0   2  -5  -3  -1   1  -5   2  -6  -4   3  -1  -1  -6  -1  -3   0   7  -6    4   5  10   0   1   3   8   0   5   0   2  16   2   2   0   4   1   1  38   0  1.06 0.62
   40 G     0   4  -1  -1  -1   3  -2  -1   2  -4  -4   4   0  -4  -5  -1  -1  -1  -2  -2    8  20   3   3   1  13   1   5   4   1   1  25   3   0   0   4   3   1   1   4  0.53 0.39
   41 I    -4  -7  -6  -8  -4  -5  -7  -8  -7   3   5  -7   3   2  -7  -5  -5  -2  -2  -1    1   0   0   0   0   0   0   0   0  17  61   0   7   8   0   1   0   0   2   3  1.43 0.69
   42 Q     0   1   0  -4   0   3  -2  -4   0  -4   0   5   0  -4  -5  -1  -2  -6  -5  -3    9   6   4   0   2  12   1   1   2   1   8  40   3   1   0   5   2   0   0   2  0.74 0.50
   43 G    -2   1   0  -1  -3  -1  -2   3   0  -2   2   0   1   0  -1   0  -1  -3  -2  -2    2   7   5   3   0   2   2  25   3   2  19   6   4   4   3   8   3   0   1   2  0.23 0.22
   44 E    -2  -1   2   2  -6   0   4   3   0  -4  -2  -1  -1  -5  -2  -2  -3  -6  -4  -3    3   3  12  10   0   5  25  24   2   1   5   4   2   0   1   1   1   0   0   2  0.55 0.39
   45 Y    -2   0   1   3  -3   2   4  -3  -1  -3  -1   1  -3  -1   1   0  -2  -3  -1  -3    2   4   5  15   1   8  25   1   2   2   5   8   0   4   7   5   2   0   2   1  0.38 0.31
   46 P     0  -1  -1  -1  -1  -1  -2  -3  -2   2   0  -3  -2   0   2  -1   1  -3  -1   3    8   3   4   3   1   2   2   1   1  13  10   1   0   3  12   5   9   0   2  20  0.23 0.22
   47 E    -1  -1  -1   1  -2   0   1  -2  -1   1  -1  -1   0  -1  -2   1   1  -4  -2   3    3   2   3   8   1   4  11   3   1   7   4   4   2   3   2   9   8   0   1  25  0.17 0.20
   48 D    -2   0   1   3  -1   1   1  -2   1  -1  -3   0  -1  -4  -1   1   3  -2  -4  -2    2   4   7  15   1   6   8   2   4   3   1   7   1   0   2  11  22   1   0   2  0.33 0.29
   49 V    -2  -4  -4  -6  -2  -3  -5  -5   0   3  -2  -5   1  -3  -2  -2   5  -6  -2   3    3   1   0   0   1   1   0   0   2  17   3   0   3   1   2   3  42   0   1  19  0.97 0.59
   50 A     1  -3  -2  -2  -2   0  -2  -2  -1   3   0  -2   1  -2  -2   0   2  -4  -2   2   10   1   2   2   1   5   2   3   1  22   7   2   4   1   2   7  12   0   1  15  0.25 0.23
   51 P    -3  -5  -5  -6  -7  -2  -5  -7  -1  -5  -6  -4  -3  -8   8  -1  -2  -8  -7  -6    2   1   0   0   0   2   0   0   2   1   1   1   1   0  83   4   3   0   0   0  2.65 1.15
   52 T    -3  -6  -5  -6  -1  -6  -4  -5  -7  -4  -4  -4  -6  -7  -6  -2   8  -7  -7  -3    1   0   0   0   2   0   1   1   0   1   1   1   0   0   0   2  88   0   0   1  2.47 1.14
   53 V    -2  -4  -2  -5  -2   1  -4  -4  -2   5   1  -3   1  -2  -5  -4  -1   0  -3   4    3   1   2   0   1   6   1   1   1  35  11   2   3   2   0   1   3   1   0  26  0.78 0.45
   54 G    -3  -5  -3  -5  -7  -3  -3   7   0  -6  -8  -3  -7  -4  -7  -3  -6  -7  -5  -6    2   1   1   0   0   1   2  84   2   0   0   2   0   1   0   1   0   0   0   0  2.16 0.96
   55 F    -5  -7  -7  -7   2  -2  -7  -6  -3  -3  -1  -7  -1   8  -1   0  -6  -4   2  -4    1   0   0   0   4   2   0   0   1   1   5   0   1  66   4   8   0   0   5   1  1.93 0.88
   56 S    -3  -2   7  -2  -5  -1  -2  -2  -1  -2  -5  -3  -4  -7  -5   1   1  -7  -3  -3    1   2  61   2   0   3   2   3   1   2   1   1   0   0   0   8   8   0   1   2  1.46 0.77
   57 K    -2  -1  -2  -5   0   0  -3  -4  -3   3   0  -2   1  -2  -2   0   0  -5  -3   5    3   3   2   0   2   4   1   1   1  14   9   2   3   1   2   6   5   0   1  40  0.54 0.38
   58 I    -2  -1  -3   0  -4  -1   6  -2  -2  -2  -5   1  -3  -2  -3  -2   0  -6  -3  -1    4   3   1   3   0   2  53   3   1   3   0   8   1   2   1   3   5   0   1   4  0.89 0.57
   59 N    -3   0   1  -1  -3   0   2  -4   0  -3  -4   2  -1  -5  -3   1   5  -4  -4  -2    1   6   5   3   1   4  14   0   2   1   0  11   1   0   1   9  36   0   0   3  0.62 0.46
   60 L    -3  -5  -6  -6  -3  -5  -6  -6  -6   4   2  -5   1   3  -5  -5  -2  -1  -1   4    2   0   0   0   0   0   0   0   0  24  22   0   2  14   0   0   2   1   1  28  0.95 0.49
   61 R    -2   1   0   0  -4   3   3  -4   1  -2  -2   3  -2  -4  -2  -1   1  -5  -2  -1    3   8   3   4   0  15  17   1   3   2   3  18   1   0   1   4   9   0   1   5  0.38 0.31
   62 Q    -3  -2  -3  -4  -1  -2  -4  -5   4   1   0  -1   0   2  -3  -1  -1   1   6   1    2   2   1   0   2   1   1   0  10   9   7   5   2   8   1   4   3   2  30  10  0.65 0.41
   63 G    -2   1   2   1  -4   0   1   2   1  -5  -4   4  -2  -4  -1  -2  -3  -5  -4  -5    3   7  10   8   0   4   8  17   3   0   1  31   1   0   2   2   1   0   0   0  0.57 0.39
   64 K    -3   1   5   1  -3  -1  -1   3   0  -4  -6   1  -4  -6  -3   0  -2  -3  -4  -6    1   7  33   7   1   2   3  21   2   1   0  10   0   0   1   6   2   0   1   0  0.78 0.47
   65 F    -1  -3  -3  -4   0  -3  -4  -4   0   3   1  -2   1   3  -4  -2   0   0   3   2    4   1   1   1   2   1   1   1   2  16  16   2   3  13   0   2   6   1  11  18  0.40 0.27
   66 E    -2   1   2   1  -1   0   1  -3   1  -3  -3   3  -1  -3  -2   2   1  -5  -2  -2    2   7  10   7   1   4  10   1   3   1   2  19   1   1   1  18   9   0   1   2  0.31 0.26
   67 V    -3  -6  -6  -6  -1  -6  -6  -6  -5   3   3  -6   1   6  -6  -5  -4  -2   0   2    2   0   0   0   1   0   0   0   0  14  24   0   3  38   0   0   0   0   2  14  1.18 0.54
   68 T    -2  -1   3  -1  -2   1  -2  -4  -1   0  -1   1   0  -2  -4   0   5  -5  -3  -1    2   2  14   2   1   6   2   0   1   5   4   8   3   1   0   5  38   0   0   4  0.55 0.40
   69 I     0  -3  -5  -5   1  -4  -5  -5  -5   3   2  -4   3   2  -5  -2  -1  -3  -2   4    6   1   0   0   4   0   0   0   0  19  15   0   7   7   0   4   3   0   1  32  0.66 0.37
   70 F    -6  -6  -8  -8  -4  -5  -7  -6  -3  -3  -2  -7  -3   3  -8  -5  -4  11   4  -4    0   0   0   0   0   0   0   0   1   2   4   0   1  11   0   1   1  64  12   1  3.11 1.10
   71 D    -6  -6  -3   8  -7  -5   0  -6  -5  -7  -8  -2  -7  -7  -6  -5  -5  -8  -7  -7    0   0   0  91   0   0   5   0   0   0   0   2   0   0   0   0   0   0   0   0  2.77 1.05
   72 L    -3  -5  -5  -5  -2  -5  -5  -5  -5   4   3  -4   3   0  -3  -4  -1  -5  -4   4    2   0   0   0   1   0   0   0   0  23  31   1   7   3   1   0   3   0   0  27  0.90 0.45
   73 G    -2  -5  -2  -4  -1  -5  -5   7  -5  -6  -6  -4  -6  -3  -1   1  -3  -6  -6  -6    2   0   2   1   1   0   0  75   0   0   0   1   0   1   3  10   1   0   0   0  1.77 0.76
   74 G    -3  -4  -3  -5  -1  -6  -6   7  -6  -7  -5  -5  -6  -6  -6  -2  -4  -6  -3  -5    2   1   1   0   1   0   0  86   0   0   1   0   0   0   0   3   1   0   1   1  2.19 0.92
   75 G    -1   1   0  -1  -2   7  -2   1   2  -5  -4  -2  -4  -1  -4   0  -3  -2  -2  -4    6   6   4   3   1  47   1  10   4   0   1   2   0   3   1   7   1   1   1   1  0.94 0.58
   76 I     0   0  -1   3  -1   1   2  -2   0  -3  -2   1  -1  -3   1   0   0  -1  -1  -2    7   5   2  18   1   6  15   3   2   1   4   9   1   1   7   8   5   1   3   2  0.23 0.20
   77 R    -1   3   1  -2  -5   2   0  -2  -2  -4  -4   4  -2  -4  -2   1   1  -5  -3  -4    3  14   7   2   0   8   4   3   0   1   1  32   1   1   2  12   8   0   1   1  0.56 0.38
   78 I    -2  -2  -2  -4  -1  -3  -4  -3  -2   4   2  -3   2   2  -3  -2  -1  -3   2   0    4   2   2   0   1   1   0   2   1  32  23   1   4  10   1   2   4   0   6   3  0.53 0.33
   79 R    -5   8  -2  -5  -6  -1  -4  -6  -1  -4  -4   0  -1  -4  -4  -3  -5  -1  -5  -4    0  80   1   0   0   2   0   0   1   1   2   3   2   1   1   2   0   1   0   1  2.13 0.90
   80 G     1   0   0   0  -2   0   0   0  -2  -3  -3  -1  -4  -3   5   2   0  -5  -4  -3   10   4   4   4   1   4   5   8   1   1   3   3   0   1  29  15   5   0   0   1  0.50 0.33
   81 I    -1  -3  -3  -4  -3  -2  -3  -4  -1   3   4  -3   3   1  -3  -1  -1  -3   2   0    4   1   1   0   0   2   1   1   2  15  38   1   6   5   1   4   3   0   9   6  0.49 0.31
   82 W    -4  -4  -7  -7  -6  -6  -7  -6  -6  -4  -6  -7  -2  -2  -7  -6  -4  12   1  -4    1   1   0   0   0   0   0   0   0   1   0   0   1   2   0   0   1  85   4   1  4.20 1.42
   83 K    -2   4   1  -1  -2   1   1  -3   1  -3  -3   3  -3  -3   0  -1  -1  -4  -2  -2    2  27   6   3   1   6  10   2   4   1   1  19   0   1   5   5   3   0   1   3  0.49 0.33
   84 N    -2   1   3   0   2   0  -1  -3   7  -3  -4   0  -1  -2  -1   0   0  -2   0  -4    2   9  15   4   5   3   4   1  28   1   1   7   1   2   3   6   5   1   3   0  0.67 0.40
   85 Y    -5  -4  -2  -6  -2  -3  -6  -6   2  -3  -3  -5  -2   1  -6  -4  -5  -3   9  -5    0   1   3   0   1   1   0   0   5   1   2   0   1   5   0   1   0   0  78   0  2.59 1.03
   86 Y    -3  -5  -3  -4   2  -4  -5  -3  -2  -2   0  -5  -1   6  -5  -3  -1  -2   7  -3    2   0   1   1   4   1   0   3   1   2   9   0   2  28   0   1   4   0  40   2  1.36 0.63
   87 A     1   1   0   0  -1   2   1   0   0  -2  -2   1  -2  -2   1   1   0  -4  -2  -1   15   7   3   5   1  10  12   5   2   2   2   9   0   2   7   8   4   0   1   3  0.16 0.15
   88 E    -1  -1   4   2  -1   1   3   1   0  -4  -4   0  -2  -3  -3   0  -1  -5  -2  -3    3   3  22  12   2   6  18  12   2   0   1   5   1   1   0   5   4   0   1   1  0.45 0.31
   89 S     2  -4  -2  -4   3  -3  -4  -3  -4   0  -3  -3  -1  -3  -3   1   5  -5  -1   2   19   0   2   0   6   1   0   1   0   4   1   1   1   1   1   8  36   0   2  14  0.67 0.45
   90 Y    -2  -1   1   4  -3   3   0  -3   6  -3  -3   0  -4  -2  -4   0  -2  -2   0  -3    3   2   7  26   1  14   5   1  20   2   2   5   0   2   0   6   2   1   2   1  0.70 0.42
   91 G     4  -5  -4  -5  -1  -2  -4   5  -5  -3  -3  -4  -2  -2  -4  -2  -3  -5  -5  -1   40   0   0   0   1   1   0  42   0   1   2   0   1   2   0   2   1   0   0   4  1.10 0.58
   92 V    -3  -5  -6  -6  -2  -5  -3  -4  -6   5   3  -5   0   0  -5  -4  -4  -5  -2   4    1   0   0   0   1   0   2   1   0  31  28   0   1   3   0   1   0   0   1  29  1.01 0.51
   93 I    -3  -6  -6  -6  -2  -6  -6  -6  -6   7  -1  -6   1  -2  -6  -5  -4  -6  -5   4    2   0   0   0   1   0   0   0   0  60   5   0   3   1   0   0   0   0   0  26  1.63 0.65
   94 F    -5  -6  -6  -6  -3  -6  -6  -6  -4  -4  -1  -6  -1   8  -6  -5  -5   6   5  -3    1   0   0   0   0   0   0   0   0   0   5   0   2  59   0   1   0   9  19   1  2.13 0.79
   95 V    -3  -6  -6  -6  -2  -6  -6  -6  -6   0  -1  -6   0  -2  -6  -5  -3  -6  -5   7    1   0   0   0   1   0   0   0   0   4   4   0   2   2   0   0   1   0   0  83  1.95 0.78
   96 V    -3  -5  -6  -6  -4  -5  -4  -6  -6   4   1  -5  -1  -2  -5  -5  -3  -2  -4   6    2   0   0   0   0   0   1   0   0  24   9   0   1   1   0   0   1   1   0  57  1.36 0.59
   97 D    -6  -6  -2   8  -7  -5  -3  -5  -2  -7  -7  -3  -7  -7  -6  -5  -3  -7  -7  -7    0   0   1  92   0   0   0   0   1   0   0   2   0   0   0   0   1   0   0   0  2.74 1.00
   98 S     2  -3  -3  -4   1  -4  -4   0  -4  -2  -3  -3  -2  -3  -2   6  -1  -6  -5  -4   19   1   1   0   3   0   0   6   0   2   2   1   1   1   2  58   2   0   0   1  1.08 0.60
   99 S     2  -3   2  -3   0  -1  -3  -2  -1  -4  -4  -1  -3  -3  -4   4   3  -3  -3  -2   21   1  10   0   2   2   1   2   1   1   1   2   0   1   0  35  16   0   1   2  0.65 0.42
  100 D    -2  -5   1   8  -3  -4  -1  -4  -3  -6  -6  -4  -3  -6  -5  -2  -3  -7  -6  -6    4   0   5  80   1   0   2   1   0   0   0   1   1   0   0   2   1   0   0   0  2.14 0.83
  101 E    -1   5  -2  -2  -4   0   1  -3   1   0  -2   1  -1  -3   1   0   0  -1  -2  -1    4  32   1   2   0   4   9   1   3   5   4   9   1   1   6   5   6   1   1   4  0.41 0.28
  102 E     0   0   0   3  -4   1   4  -1  -1  -4  -2   0  -1  -3  -2   0  -1  -3  -3  -3    9   5   5  17   0   4  30   5   1   1   4   4   2   1   2   7   2   0   0   2  0.43 0.29
  103 R    -3   8  -1  -5  -4  -2  -3  -5  -2  -5  -4  -1  -5  -6  -5  -3  -3  -2  -6  -5    2  82   2   0   0   1   1   1   1   0   1   2   0   0   1   1   2   1   0   1  2.19 0.87
  104 M    -4  -5  -5  -6  -3  -4  -5  -6  -3   4   3  -5   5   4  -3  -4  -3   1  -1   1    1   0   0   0   0   1   0   0   1  24  31   0  14  15   2   1   1   2   1   7  0.89 0.43
  105 E     0  -1   1   3  -2   1   3   0   1  -2  -3  -1  -2  -4   1   0  -2   0  -2  -1    7   2   5  18   1   7  20   6   3   2   2   3   1   0   7   8   2   2   1   4  0.30 0.23
  106 E    -3  -2  -3   2  -1   1   6  -5  -3   0  -1  -2  -2  -2  -4  -3  -1  -5  -3   0    2   2   1  10   1   4  53   0   0   5   6   1   1   2   0   1   4   0   1   6  0.90 0.52
  107 T     5  -4  -1  -4   4  -4  -4  -3  -3  -2  -3  -4  -1  -5  -4   2   0  -3  -5   1   49   0   3   1   9   0   0   1   0   1   2   0   2   0   0  15   6   0   0   9  0.89 0.51
  108 K     0   5  -1  -3  -1  -1  -2  -1  -1  -2  -3   4  -3  -4  -4  -1  -3  -2  -1  -3    9  30   2   1   1   2   2   4   2   2   2  32   1   1   0   3   1   1   2   2  0.77 0.44
  109 E     0   0   1   3  -3   2   4  -3   0  -2  -2   1  -1  -3  -3   0   0  -5  -2  -3    6   4   7  14   0  10  25   1   2   2   4   7   2   1   0   5   7   0   1   2  0.38 0.28
  110 A     1  -3  -3  -1  -3  -1   6  -5  -2  -1  -2  -3  -1  -4  -5  -3  -1  -1  -3   1   10   1   1   2   1   1  56   0   1   4   4   1   1   1   0   1   4   1   1  11  1.02 0.58
  111 M    -1   0  -7  -7   2  -7  -7  -7  -7   1   5  -7   3   2   0  -7  -1  -7   1  -1    5   5   0   0   4   0   0   0   0   7  43   0   6   8   5   0   5   0   4   5  0.95 0.41
  112 S     0   0   0  -1   1   1   0  -2   3   0  -2   1   2  -1  -1  -1   0   2   0   0    7   6   5   4   3   5   7   3   8   5   4   8   6   3   3   5   6   3   3   7  0.11 0.08
  113 E    -1   2   0   0  -2   0   2  -2   0  -2  -1   2   1  -2  -1   0  -1   2   0  -3    5  13   5   5   1   4  12   3   3   2   6  14   3   2   3   7   3   3   4   2  0.18 0.16
  114 M    -1  -6  -6  -6   0  -2  -3  -6  -6   3   4  -5   5  -1  -6  -3  -1  -6  -5   3    5   0   0   0   2   2   2   0   0  15  32   0  14   3   0   2   5   0   0  17  0.89 0.45
  115 L    -2  -3  -6  -6  -1  -3  -4  -4  -6   2   5  -3   3  -1  -4  -2  -1   2  -1   0    4   1   0   0   2   1   1   2   0   9  52   2   7   3   1   3   3   2   2   5  0.88 0.46
  116 R     1   1   2   0   2   2   2  -1  -1  -3  -2   1   0  -3  -4   1  -1   1  -2  -2   10   6   9   5   4  11  12   5   2   1   4   8   3   1   0  11   3   2   1   3  0.22 0.20
  117 H    -2  -1   2   3  -1   1   4  -4   5  -4  -4  -2  -2  -3  -2  -1  -3  -1  -2  -3    4   4   9  14   1   7  26   1  15   1   2   2   1   1   3   5   1   1   1   2  0.73 0.45
  118 P    -1  -1   0   3  -1   1   4  -4  -1  -3  -4   0  -6  -6   4  -1  -2  -7  -3  -2    6   3   4  17   1   5  23   1   2   2   2   6   0   0  17   4   3   0   1   3  0.61 0.41
  119 R    -1   2   1   2  -2   1   4  -3   0  -4  -3   1  -3  -2  -3  -2  -3  -1  -1  -2    4  12   6  12   1   5  29   2   3   1   3   9   1   2   1   3   2   1   2   3  0.54 0.37
  120 I    -3  -3   0  -7  -2  -3  -6  -7  -6   1   5  -6   3  -1  -4  -4  -2  -6  -3   1    2   2   4   0   1   1   0   0   0   8  56   0   8   3   1   2   2   0   1   8  1.16 0.57
  121 S     2   3  -1  -2  -2   2   0  -3   0  -2  -3   3  -1  -3  -3   2  -1  -2  -3  -2   15  14   3   2   1   8   5   1   3   2   2  17   1   1   1  14   3   1   1   3  0.38 0.30
  122 G    -3  -2   2   3  -3  -1   0   5   1  -4  -5   1  -4  -4  -4  -2  -2  -6  -3  -6    2   2  11  16   1   2   6  37   3   1   1  10   0   1   1   3   2   0   1   0  0.79 0.45
  123 K     3  -2  -5  -5   2  -4  -4  -3  -5   2  -2   3  -2  -4  -4  -1  -1  -6  -3   3   24   2   0   0   5   0   0   2   0  10   2  20   1   1   1   4   3   0   1  24  0.65 0.42
  124 P    -1  -1  -2  -2   2  -2  -3  -2  -1  -1   0  -1   1  -1   6  -1  -1   0  -1   0    4   3   2   2   4   2   0   2   1   3   8   3   5   3  40   4   2   1   2   9  0.64 0.29
  125 I    -1  -2  -3  -3   1  -2  -3  -3  -2   2   2  -2   1   2  -3  -1   0   2   0   2    5   0   0   0   3   0   1   1   0  19  27   0   5  10   0   5   3   3   3  13  0.22 0.12
  126 L     0  -2  -2  -3   2  -2  -2  -1   1   1   3  -2   2  -1   0  -1  -1  -2  -2   1    5   0   0   0   6   0   1   5   5   7  44   1   5   0   5   5   1   0   0   8  0.21 0.14
  127 V    -1   0  -3  -3   2  -2  -3  -3  -2   3   1  -2   1   1  -3  -2   0  -2   1   3    1   6   0   0   5   0   1   1   0  22   9   1   5   6   0   1   7   0   5  30  0.24 0.14
  128 L     0  -2  -2   0   3  -1   0  -2  -2   1   0  -2   2   1  -2   0  -1   4   2   0    8   0   0   8   8   0   8   1   0   8   8   0   8   8   0   8   0   8   8   8  0.16 0.14
  129 A     4  -2  -1  -2   1   1   0   0  -2  -1  -1   1   0  -2  -2   0  -1  -3  -1  -1   42   0   3   0   3   6   5   5   0   3   7   8   2   2   0   7   2   0   2   3  0.30 0.23
  130 N    -3   1   7  -2  -4  -2  -3   0   3  -5  -5   0  -4  -4   0  -1  -1  -5  -3  -4    1   7  58   0   0   0   1   6   9   0   1   4   0   0   5   3   4   0   0   1  1.17 0.49
  131 K    -3   1   1  -3   2   2   1  -4  -3  -4  -4   6  -3  -5  -3  -2  -3  -4  -4  -4    1   4   6   0   5   7   7   1   0   0   1  65   0   0   0   1   1   0   0   1  1.21 0.51
  132 Q     0   2  -1  -1  -1   5  -1  -2   0   0  -2   0   0  -2   1   0  -1  -3   1  -2    8  11   2   3   2  35   2   2   2   6   2   3   2   1   6   6   2   0   5   2  0.40 0.27
  133 D     0  -2   0   6  -5   0   2  -2  -3  -3  -3  -3  -4  -4  -2  -2  -3   4  -4  -4    8   2   2  59   0   3  10   2   0   2   2   0   0   0   2   2   0   6   0   0  1.10 0.45
  134 K    -1   0  -2  -2  -1  -1   1  -3  -1   1   3   0   1  -1   1  -2  -1  -3  -2   0    4   5   1   1   2   2  11   1   2   7  34   5   3   1   9   2   2   0   1   6  0.19 0.17
  135 E    -1   2  -1  -1  -4   1   1  -2  -1  -2  -2   0  -2  -3   5   0  -1  -4  -2  -1    5  13   2   2   0   8  10   3   1   2   4   5   1   1  27   7   2   0   1   4  0.46 0.26
  136 G    -1  -1   3   2  -1   0   0   3   2  -4  -3   1  -2  -3  -1  -1   1  -2  -2  -2    4   3  16  12   1   3   5  23   5   0   1   7   1   1   3   4   8   1   1   2  0.33 0.22
  137 A     5  -3  -1   0   4  -2  -2  -2   0  -3  -4  -3  -4  -3  -2   1  -1  -5  -3  -2   51   1   4   6   9   1   3   2   2   1   0   1   0   1   2  10   3   0   1   3  0.79 0.45
  138 L    -1   1  -3  -5   1  -2  -2  -4  -4   2   3  -2   6  -1  -4  -3  -1  -2  -2   1    5   7   1   0   2   1   3   1   0  10  24   3  25   2   0   1   4   1   1   8  0.59 0.35
  139 G     0  -1   1   2  -2  -2  -1   1  -2  -4  -2   0  -2  -4   2   3   2  -5  -4  -2    6   3   6  10   1   1   4   9   1   0   3   5   1   0  12  26  11   0   0   3  0.35 0.28
  140 E     1  -2  -2  -2  -2  -1   3  -3  -2   0  -1  -1  -1  -2   3   0   0  -2  -2   1   15   1   2   2   1   1  19   2   1   5   6   4   1   1  13   8   4   0   1  12  0.25 0.23
  141 A     1  -1  -1   1   2   1   2  -1   0   0  -1  -1  -1  -2  -1   1   0  -4  -2  -1   16   2   3  10   5   8  15   3   2   6   4   2   2   1   2   9   5   0   1   4  0.16 0.17
  142 D    -1  -2  -1   3  -4   2   6  -3  -1  -3  -4   0  -3  -4  -4  -2  -2  -5  -2  -3    5   2   2  17   0   7  47   2   1   1   1   5   1   1   0   2   2   0   1   2  0.96 0.53
  143 V    -2  -5  -3  -1  -1  -5  -5  -5  -5   5   3  -5   2   0  -5  -4  -3  -5  -4   3    4   0   1   4   1   0   0   0   0  37  24   0   5   4   0   0   1   0   0  18  0.92 0.43
  144 I     2   1  -1  -3   1  -1  -1  -3  -2   3  -2   0  -1  -3  -3   1   2  -4  -2   0   16   8   2   1   3   2   5   1   1  18   2   5   2   1   1  13  12   0   1   7  0.23 0.21
  145 E    -1   0   0   3  -5   1   4  -1   0  -4  -4   1  -2  -3  -3   0  -1  -5  -3  -4    5   4   4  19   0   6  31   4   2   1   1   9   1   1   1   6   3   0   1   1  0.60 0.37
  146 C     1   1  -1  -1   0   2   1   0   1   0  -1   1   0  -1  -3   0  -1  -3   0   0   16   7   2   2   2   9   8   6   3   5   6  11   3   3   0   7   3   0   3   5  0.10 0.12
  147 L    -3  -3  -6  -6  -5  -5  -4  -5  -6  -1   6  -6   3   2  -6  -6  -5  -5  -3  -2    2   2   0   0   0   0   1   1   0   2  71   0   8   9   0   0   0   0   1   1  1.50 0.67
  148 S    -1   0   3   2   0   2   0   3  -1  -4  -3   0  -1  -4  -3   0  -2   1  -3  -2    3   6  14  11   2  10   7  23   2   0   2   4   2   1   1   6   1   2   1   3  0.36 0.26
  149 L     0   0   0  -2   2   1   0   0  -2   0   0   0   1   0   1   0   0  -3  -2   0    6   6   6   0   6   6   6   6   0   6   6   6   6   6   6   6   6   0   0   6  0.04 0.09
  150 E     0  -1   0   0   2   1   2   0   2   0  -2   0   0   0  -1   0  -1   2   0   0    7   4   5   4   4   6  12   9   6   5   4   5   3   5   4   6   4   3   3   6  0.08 0.08
  151 K     0   0   1   0   0   1   1  -1   1   0  -1   1   0  -1   0   0   0  -3  -1  -1    9   5   7   6   2   8   8   4   4   5   4  10   2   2   5   8   4   0   2   5  0.08 0.09
  152 L    -2  -3  -2  -2   0  -3  -3  -4  -1   3   4  -1   2   0  -2  -2  -1   1   0   0    3   2   2   3   2   2   2   2   2  15  34   4   5   4   2   4   4   2   3   5  0.49 0.27
  153 V     0   2  -1  -1   1   0   0  -1   0   0  -1   1   1  -2  -1   0   1  -3  -1   1    7  13   2   3   3   4   4   4   2   6   5  10   3   2   3   8   9   0   2  11  0.09 0.11
  154 N    -2  -2   4   4   0   0  -1   2   1  -3  -3  -1  -2  -2  -2   1  -2  -1  -1  -3    3   2  16  18   2   4   4  15   3   2   4   4   1   2   2   9   3   1   2   2  0.43 0.29
  155 E    -1   4   0   1  -5   0   1  -1   2  -2  -1   1   1  -3  -2   0  -2   0  -2  -2    5  24   4   7   0   5   8   4   6   2   6   8   3   1   2   8   2   1   1   2  0.33 0.28
  156 H    -1   3   1  -2   0   1   0   0   4  -3  -3   1  -2  -2   0   0  -1   0   1  -3    6  16   7   2   2   5   6   7  10   2   3  10   1   2   4   6   4   1   4   2  0.31 0.22
  157 K    -1   2   1   1  -3   1   0  -1   0  -1  -2   2  -1  -2  -1   0  -1   2  -1   0    5  12   6   9   1   6   5   4   3   3   3  15   1   2   3   7   3   2   2   7  0.16 0.13
  158 C    -1   3  -1  -3   5   0  -1  -2   1  -1  -1  -1  -1  -1  -1   1   0   2  -2  -1    4  16   3   2  14   4   3   4   4   3   6   3   1   3   3  10   7   3   2   4  0.32 0.20
  159 L    -1  -1  -1   0   2   0  -1  -3   1  -1   0  -1  -1  -1   4  -1   1   0  -1   0    6   3   3   6   4   5   5   2   3   4   9   4   2   2  20   4   9   1   3   5  0.22 0.18
  160 C    -3  -4  -6  -6   5  -2  -4  -4   0   1  -3  -6  -2   1  -6  -1   1  10   2  -1    3   1   0   0  12   2   1   2   3   6   3   0   1   5   0   6   7  34   7   5  1.55 0.78
  161 Q    -2   3  -1  -2   0   2   0  -3   5  -3  -2   1   1   0  -4  -1  -1  -1   2  -2    4  18   3   2   2   8   6   2  15   2   4   8   3   4   0   6   4   1   7   3  0.45 0.33
  162 I    -3  -4  -6  -5  -2  -4  -4  -5  -6   6   0  -6  -1  -2  -4  -4  -3  -6  -6   5    2   1   0   1   1   1   1   1   0  37   8   0   2   2   1   1   2   0   0  39  1.38 0.70
  163 E    -2  -2  -3  -4   0   5   2  -5   0   0   1  -1   1   3  -3  -2  -2  -1  -1   0    4   2   1   1   2  26  12   1   2   5  11   3   4  10   1   3   2   1   2   7  0.52 0.40
  164 P     0   0   0   0   2   1   0   0   1   0  -1   0   1  -2   0   0   0   3  -2   0    6   6   5   6   5   5   6   6   5   6   6   6   5   0   6   6   6   5   0   6  0.07 0.11
  165 C    -1  -1  -1  -4   8  -4  -2  -2  -4  -1  -2  -1   0  -1  -1   0   2  -5  -1  -1    5   3   3   0  38   0   2   3   0   3   3   3   2   3   3   8  14   0   2   4  0.94 0.56
  166 S    -1  -1   1  -1   5   0  -1  -2   0  -1  -4  -1  -3  -2   0   4   0  -4   0  -1    4   2   7   4  12   3   3   2   3   4   0   2   0   2   5  36   3   0   3   3  0.47 0.41
  167 A     5  -4  -1   0   1  -1  -3  -1  -4  -2  -3  -3   0  -4  -1   0   0  -5  -4   0   54   0   3   5   3   2   0   4   0   2   2   0   2   0   3   7   5   0   0   6  0.70 0.49
  168 I    -1  -1   0  -3   0  -1  -2  -3  -1   2   2   0   2  -1  -1  -1   1   2   0   2    3   4   5   0   2   2   2   2   2  12  19   5   5   2   2   3  12   3   2  16  0.17 0.18
  169 S     0   0   1  -1   1   0   0  -2   0  -2  -1   0   1  -3   0   1   3  -4  -2  -1    7   5   7   3   3   5   4   3   3   2   5   6   3   0   4  13  23   0   1   3  0.21 0.23
  170 G    -1  -1   1   0  -1  -2  -2   5  -2  -3  -3  -1  -2  -3  -2   0  -1  -5  -2  -3    4   4   6   4   1   2   2  51   1   2   2   4   1   1   2   6   3   0   1   2  0.77 0.45
  171 Y    -1   0   0   1   0   1   2  -3   0   0  -1   0   0   1   0   0   1   1   1  -1    4   4   3  10   2   6  17   1   2   5   5   4   3   6   4   6   8   2   4   3  0.12 0.14
  172 G    -1  -2  -1   0  -2  -2  -2   5   0  -5  -3  -2  -4  -3  -1   0  -2   1  -3  -3    4   2   3   6   1   2   2  52   2   1   2   2   0   1   4   7   2   2   1   2  0.85 0.48
  173 K     0   1   0   0   0   0   0   0   0  -1  -1   2  -1  -1   0   0   0   0   1   0    8   7   4   4   2   5   7   7   1   3   5  16   1   2   4   6   5   1   5   7  0.06 0.06
  174 K    -1   1   1  -1  -2   0   0   0   0  -1  -1   3   0  -1   0   0  -1   2  -1  -1    5   7   6   3   1   3   5   8   2   4   6  21   3   2   6   5   4   3   2   4  0.12 0.10
  175 I    -1  -1   0  -1   0   0   0  -1   0   2   1   0   1  -1   0   0   0  -2   0   1    5   3   5   3   2   3   7   3   2  15  11   5   3   3   5   7   5   0   3   9  0.04 0.05
  176 D    -1  -1   1   5  -3   0   0  -2   1  -3  -2   0  -2  -3  -1   0  -1  -3   0  -2    5   3   7  36   1   4   4   3   3   2   5   6   1   1   3   7   3   0   3   3  0.51 0.26
  177 K    -1   1  -1   0  -1   0   1  -1  -1  -2  -2   2  -2  -2   3   1   1   2  -1  -1    4   8   3   5   1   4   9   4   2   2   4  12   1   1  14  10   9   3   2   3  0.19 0.14
  178 S     0   1   3  -1   0  -1  -1   2  -1  -2  -2  -1   0  -3   1   1   0   0  -2  -2    8   9  14   3   2   2   4  19   2   3   5   3   2   1   6   9   5   1   1   2  0.19 0.15
  179 I    -3  -3  -6  -6   0  -5  -4  -6  -5   5   4  -5   0  -2  -3  -3  -2  -1  -1   1    2   1   0   0   2   0   1   0   0  31  39   0   2   1   1   2   3   1   2  10  0.95 0.52
  180 K    -1   1  -1   1  -2   1   1  -2   1  -1   0   1   0  -1  -1  -1   0  -1   1  -1    5   7   2  10   1   5  12   3   3   4  11  12   2   3   2   3   5   1   6   4  0.09 0.12
  181 K     0   0   1   2  -1   1   4  -2   0  -1  -3   1  -1  -5  -1  -1  -1  -5  -3  -3    6   6   7  12   1   7  28   2   2   3   2   8   2   0   3   4   3   0   1   2  0.43 0.35
  182 G     2  -6  -5  -6   0  -2  -6   6  -1  -4  -5  -5   0  -6  -5  -1  -1  -6  -6  -1   15   0   0   0   2   2   0  60   2   1   1   0   2   0   1   5   4   0   0   4  1.32 0.74
  183 L    -5  -2  -6  -7  -5  -3  -6  -5  -6   3   4  -6   3   4  -6  -6  -3  -5   1   1    0   2   0   0   0   1   0   1   0  14  40   0   7  20   0   0   1   0   5   7  1.07 0.57
  184 Y    -2   3   1   3  -1   2   2  -3   2  -4  -3   1  -1  -4  -3  -1  -2  -5  -2  -4    4  15   5  20   2   9  16   1   5   1   3   8   1   1   1   5   1   0   1   1  0.49 0.36
  185 W    -6  -5  -6  -4  -7  -4  -5  -7  -3  -7  -5  -3  -4  -2  -3  -3  -5  12  -3  -4    1   1   0   1   0   1   1   0   1   0   1   2   0   1   2   3   1  82   1   2  4.09 1.61
  186 L    -4  -6  -5  -7  -3  -6  -6  -7  -6   1   6  -6   2   0  -3  -6  -3  -6  -5  -1    1   0   1   0   1   0   0   0   0   5  76   0   4   3   1   0   2   0   0   4  1.62 0.79
  187 L     0  -3  -3  -3   0  -2  -3  -4  -2   2   3  -3   1   1  -3   1  -1  -4  -1   3    8   1   1   2   2   1   1   1   1  12  26   1   3   5   1  10   3   0   1  21  0.40 0.29
  188 H     0   1   2   2  -2   2   2   0   3  -3  -4   1  -1  -5  -4   0  -1  -3  -2  -3    8   9   9  12   1  10  13   6   6   1   1   8   1   0   0   7   4   0   1   1  0.31 0.26
  189 V     0   1   1   0  -1   2   0  -3   2  -1  -2   0   1  -2  -3   0   2  -4   1  -1   10   9   6   4   2  12   5   1   5   3   3   5   4   2   0   4  14   0   6   4  0.20 0.23
  190 I    -4  -3  -6  -3  -1  -6  -4  -7  -4   6   2  -3   0  -3  -6  -4  -2  -6  -4   3    1   1   0   2   1   0   1   0   0  46  18   2   2   1   0   1   2   0   0  20  1.16 0.59
  191 A     1   0   0   0  -1   1   1  -1   0   0   0   2   0  -2  -2   1   0  -3  -1  -1   11   3   4   5   1   6   9   4   2   7   9  14   3   1   1   9   4   0   2   4  0.08 0.11
  192 R    -1   2   2   0  -3   1   1  -3   1  -3  -1   3   0  -4  -2   1  -2  -2  -1  -3    5  13  11   4   0   5   9   1   3   1   7  19   2   0   1  12   2   0   2   2  0.32 0.28
  193 D    -3   0   4   4  -3   1   1  -2   4  -4  -4  -1   0  -4  -3   1  -2  -5  -3  -4    2   6  20  22   1   7   8   2  10   1   1   3   2   1   1  11   2   0   1   1  0.64 0.42
  194 F    -3   2  -3  -3  -2  -3  -4  -3   3  -2   0   0  -2   3  -3  -1  -3   4   6  -2    2  10   1   2   1   1   1   2   6   2   7   6   1  13   2   6   1   5  31   3  0.78 0.46
  195 D    -1   0   1   4  -4   1   2  -1  -1  -2  -3   1  -4  -3   2   0  -1  -5  -1  -2    5   5   8  23   0   5  11   4   1   3   2   9   0   1   9   6   3   0   2   2  0.36 0.28
  196 A     1   0   0   1  -3   0   2  -2   0  -1  -2   1   0   0  -2   1   1   0  -2  -2   14   4   5   9   0   3  12   2   2   3   3   9   2   6   2  11   9   1   1   3  0.14 0.17
  197 L    -3  -2  -5  -1   0  -4  -4  -4  -1   3   5  -4  -2   0  -2  -3  -4  -2  -2   0    1   2   0   4   2   1   1   1   1  18  53   1   0   4   3   2   0   0   2   4  0.83 0.48
  198 N    -1   0   3   1   2   2   2  -3   2  -3  -3   1  -1  -3  -3   2   0  -4  -1  -3    5   4  14   7   5   9  11   1   5   1   2   8   2   1   1  16   5   0   2   1  0.33 0.28
  199 E     0   2   0   1  -1   2   2  -1   0  -3  -2   2  -1  -4   0   0   0  -4  -3  -2    9  13   4   7   1   8  12   3   3   1   3  14   2   0   6   8   6   0   0   2  0.25 0.22
  200 R    -4   7  -2  -2  -6   0  -2  -1  -2  -6  -3   1  -3  -1  -5  -1  -3  -2  -5  -4    1  61   2   2   0   4   3   5   1   0   3   9   1   3   0   4   1   1   0   1  1.36 0.71
  201 I    -2  -1  -4  -5   0  -1  -3  -4  -5   3  -1  -1   0  -3  -3  -2   0  -1  -2   5    3   4   1   0   2   3   2   1   0  17   5   4   1   1   1   3   4   1   2  45  0.69 0.43
  202 Q    -1   2   1  -1  -1   4   3  -2  -1  -2  -1   1   0  -4  -3  -2  -2  -5  -3  -2    5  10   7   2   1  24  17   3   1   2   7   8   2   0   1   1   2   0   1   2  0.44 0.35
  203 K     0   3   0  -2  -3   2   1  -3   1  -2  -2   3  -3  -3  -1   0   0  -4   0  -2    9  15   4   1   0   9  11   1   3   3   4  18   0   1   2   8   5   0   3   2  0.28 0.24
  204 E     1  -1  -2   6  -5   1   3  -2  -2  -4  -2  -1  -4  -5  -4  -1  -3  -5  -5  -2   10   4   1  41   0   6  18   3   1   1   4   4   0   0   0   4   1   0   0   3  0.83 0.49
  205 T    -1   0  -2  -2   0  -1   0   0  -3   1   1  -1   3  -1  -2   1   3  -4  -2   0    5   5   1   1   2   2   7   6   0   9  12   2   8   3   2   9  19   0   0   7  0.16 0.19
  206 T     2   1   0  -1  -3   1   2  -1  -1  -2  -2   1   0  -2   0   1   1  -4  -2  -2   16   6   3   2   0   5  16   4   1   3   4   9   3   2   4  11  10   0   1   1  0.18 0.20
  207 E     1   1  -1  -1  -4   0   3  -1  -1  -1  -1   1  -1  -1  -1   0   0  -4  -1  -1   12   7   2   1   0   4  23   4   1   4   7   9   1   2   2   7   7   0   2   4  0.17 0.19
  208 Q    -1   1  -1  -4  -2   6   1  -3   0  -3   0   2   0  -2  -1  -3  -4   2  -3  -1    6   7   3   0   1  35   7   2   2   1  10  10   2   2   3   1   0   3   1   4  0.59 0.45
  209 R    -2   4  -2  -2  -1   0   1  -2   0  -2  -2   5  -2  -1  -1  -3  -2  -2  -4  -2    3  25   1   1   1   3   9   2   2   2   4  33   1   2   3   0   2   0   0   3  0.66 0.44
  210 A     2   2  -1  -1  -1   1   3  -1  -3  -1  -1   1  -1  -3  -3  -1  -2  -4  -3   0   16  11   2   3   2   7  22   4   0   4   6  10   1   1   0   4   0   0   0   6  0.28 0.26
  211 L     0   2  -3  -2  -2   2   1  -2  -2   0   1   1   0  -3  -1  -1  -1   0  -2  -1   10  14   0   1   1  11  10   2   0   6  18  10   2   1   3   2   2   1   1   4  0.19 0.21
  212 E    -1   1  -2   2  -5   2   4  -2   1  -3   0  -1  -3  -1   0  -2  -3   1  -1  -2    4   7   1   9   0  10  32   3   3   1   9   3   0   3   6   1   1   2   2   3  0.42 0.34
  213 E     1   0   0   2  -1   2   4  -1  -1  -4  -2   2  -3  -4  -1   0  -2  -5  -4  -3   11   3   3  11   1  10  27   3   1   1   5  11   0   1   3   5   2   0   0   1  0.41 0.33
  214 Q     0   2  -1  -1   0   3   3  -2   1  -2  -1   2  -2  -2  -2   0  -3  -4  -2  -2    8  13   2   1   2  14  19   3   4   3   7  11   1   2   2   5   0   0   1   2  0.30 0.27
  215 E    -2   2  -1   2  -5   1   5  -3  -3  -3  -2   1  -4  -5  -2   0  -2   1  -2  -2    3   9   3  11   0   6  38   1   0   1   4   9   0   0   1   6   2   2   2   3  0.61 0.42
  216 K    -1   5   0  -1  -5   0   0  -2   0  -4  -2   4  -1  -4  -4  -1  -1   1  -4  -3    5  31   4   4   0   4   4   3   2   0   3  25   1   1   0   4   3   2   0   2  0.61 0.40
  217 Q     0   1   0   1  -3   1   2  -2   0  -1  -1   2   0  -2   0   0  -1  -4  -1  -1    8   6   4   6   0   6  18   1   3   4   5  15   3   1   4   8   3   0   1   3  0.18 0.17
  218 E     0   2  -2   1  -5   1   4  -2   0  -3  -3   1  -2  -1  -1   0  -2  -5  -4  -2    9   9   1   6   0   6  36   2   2   1   3  10   1   3   3   6   1   0   0   2  0.49 0.37
  219 R    -2   5  -2  -2  -5   2  -1  -1  -1  -1  -2   3  -2  -2  -2  -1  -3   2  -2  -4    3  37   1   2   0   7   3   4   2   4   3  18   1   2   2   4   0   3   2   1  0.66 0.42
  220 A     1   3  -2  -2   0   1  -1  -2  -1   0   1   1   0  -3  -1   0   0  -1  -3  -1   13  18   1   1   2   5   3   2   1   6  16  10   3   0   2   7   7   1   0   3  0.17 0.19
  221 E     1   0   0  -1  -5   1   5  -4   3  -4  -3   1  -4  -1  -2  -2  -1   1  -3  -2   12   5   3   2   0   6  40   1   8   0   2   6   0   2   2   2   3   2   0   3  0.64 0.43
  222 R    -2   6  -1  -4  -5   0  -1  -2   0  -4  -1   1   1  -5  -4  -1  -2  -5  -4  -3    4  54   2   0   0   4   3   4   3   1   6   7   4   0   0   3   3   0   0   1  1.03 0.55
  223 V     1  -2  -3  -4  -3   0  -1  -3  -2   3   1  -2   1  -2  -2  -2  -1  -4  -2   4   10   2   0   1   0   5   3   1   1  20  14   1   3   1   2   3   2   0   1  28  0.39 0.28
  224 R     0   5  -1  -1  -4   1   1  -4  -1  -3  -2   2   1  -4   0  -1  -1  -4  -1  -2    8  32   2   3   0   6   8   0   2   1   3  14   3   0   5   4   3   0   2   2  0.49 0.34
  225 K     0   3   0   1  -4   0   0  -2   0  -1   0   3  -2  -4  -2   1   0  -4  -2  -1    8  16   3   7   0   4   3   2   2   4   8  20   1   0   1  11   4   0   1   3  0.24 0.23
  226 L     0  -1  -1  -3  -3   0  -1  -2  -1   2   2  -1   1   0  -1  -1   0   3  -1   1    8   3   3   0   0   4   4   2   2  18  20   4   3   3   3   3   5   4   2   8  0.13 0.15
  227 R     0   5  -1  -2  -5   2   1  -2  -1  -4  -1   3  -3  -5  -1  -1  -1  -2  -4  -4    9  31   2   1   0  11   7   2   1   1   7  18   0   0   2   3   4   1   0   0  0.59 0.40
  228 E     0   0  -2   0   1   3   4   0   0  -3  -3   0  -3  -5  -3  -1   0  -4  -4  -3    7   4   1   4   3  15  34   6   2   1   2   5   0   0   0   4   7   0   0   2  0.52 0.38
  229 E     1   0  -1   0  -4   0   5  -2   0  -1  -2   1  -2  -4   0   0  -2   1  -2  -4   10   4   2   4   0   3  41   3   2   4   5   7   1   0   5   5   1   2   1   0  0.52 0.38
  230 R    -3   5  -1  -2  -5   3   1  -4  -1  -3   0   1   0  -4  -3   0  -2  -4   0  -1    1  37   2   2   0  12   9   1   2   1   8   7   2   0   1   6   1   0   3   5  0.62 0.41
  231 K    -1   2  -1   1  -5   0   4  -1   0  -2  -2   3  -2  -1  -2  -2   0  -4  -1  -3    4  11   2   6   0   3  32   4   2   3   4  17   1   2   2   1   5   0   2   1  0.43 0.33
  232 Q    -1   3   1  -1  -4   2   2  -3   1  -1  -3   3   0  -3  -2   0   0  -4  -2  -3    4  17   6   3   0  10  12   0   3   4   2  19   3   1   1   8   5   0   1   0  0.37 0.29
  233 N    -1   3   1   0  -4   3   2  -1  -2  -2  -1   1  -3  -2  -1   1   0  -4  -3  -2    3  15   5   4   0  13  17   3   0   3   5   9   0   2   3   9   5   0   0   3  0.28 0.25
  234 E     0   1   0   1  -4   2   3  -1   2  -3  -3   1  -1  -4  -3   1  -1  -4  -3  -1    8   7   5   8   0  11  24   3   5   1   1   8   2   0   0  10   2   0   0   6  0.36 0.29
  235 Q     0   1   0   2  -4   1   3  -1  -2  -2  -2   1   0   1  -2   0  -1   1  -3  -2    9  10   4  10   0   7  19   3   0   2   2   7   3   6   2   8   3   2   0   2  0.21 0.21
  236 E     0   1  -1  -1  -4   2   3  -1   0  -2  -1   1  -1  -4  -1   1   1  -1  -3  -1    7   9   2   3   0   9  24   5   2   1   5   8   2   0   2   9   8   1   0   4  0.25 0.23
  237 Q     0   3   0   0  -4   2   2  -3   0   0  -2   1  -1  -3  -1   0   0  -4  -1  -2   10  16   4   5   0   9  16   1   3   5   4   7   2   0   2   7   6   0   2   1  0.23 0.21
  238 A     1   1   0   0  -3  -1   0  -1   0  -1  -1   1   0  -1   2   0   1  -3  -1   0   17  10   3   4   0   2   5   3   2   4   3   8   4   3  10   4   9   0   1   8  0.11 0.13
  239 E     0   1  -1   0  -2   1   4  -2  -1  -2  -1   2  -1  -3  -2   0  -1  -4  -1  -2    7   6   2   5   1   7  30   3   1   2   5  15   1   1   1   7   3   0   2   3  0.34 0.27
  240 L     0   1   0   0  -1  -1   0   0  -1   1   0   0   0   0  -1   0   1  -2   0   0   10   9   4   4   1   1   4   6   1  10  13   7   1   5   2   6   9   0   4   4  0.02 0.05
  241 D     0   1   1   2  -2   1   1   0  -1  -2  -1   0  -2  -2   1   1  -1  -4  -3  -2    9   8   6  12   1   8  10   7   1   3   6   4   0   1   8  11   3   0   0   1  0.17 0.15
  242 G     0  -1  -1   0  -3  -1   1   2  -3   0  -2  -1   0  -2   3   1   0  -4  -2  -1    7   4   2   4   0   1  10  20   0   6   2   4   3   1  14  13   4   0   2   4  0.24 0.20
  243 T     0   1  -1   0  -2   0   0  -2   0   1   0   1   0  -1  -1   0   2  -3  -1  -1    8   8   2   6   1   5   7   1   3  10   9   7   2   2   2   8  16   0   2   1  0.10 0.14
  244 S    -1   2   1   0  -2   1   1  -2  -1  -4  -4   0  -3   0   2   2   0  -4  -3  -1    4  11   8   4   1   7  11   2   1   0   0   5   0   5   9  21   6   0   0   4  0.29 0.27
  245 G     0   0   0   1  -3   2   1   0  -1  -1  -2   0  -2  -2   1   1   0  -3  -1  -1    8   5   5   9   0  10  11   9   1   2   3   5   0   1   8   8   7   0   2   6  0.14 0.13
  246 L     0   1  -1   0  -3   1   0  -2  -2   1   0   0   0  -1   1   0   0  -3   1   0    6  10   2   6   0   7   5   1   0  11  10   7   3   2   6   4   7   0   5   5  0.07 0.10
  247 A     0  -1   0   1  -3   1   2   0   0  -2  -1   1  -1  -1   0   1   0   0   0  -1    8   3   3   6   0   5  14   7   3   2   7   8   1   2   5  13   3   1   3   5  0.09 0.11
  248 E     0  -1   1   2  -1  -1   3  -1   1  -1  -2   0   0  -2   0   1  -1   2  -1  -1    7   1   5  12   2   2  24   4   3   3   3   5   3   1   4   9   3   4   2   3  0.22 0.21
  249 L     0   0   0   1  -3   1   1  -1  -2  -1   0   1  -1  -1   1   0  -1  -3  -1  -1    6   4   2  10   0   8  12   4   0   4   9  11   0   2   8   9   2   0   2   5  0.12 0.13
  250 D    -2   0   2   4   0   0   1  -2   2  -3  -2   1  -2  -3   1   0   0  -4  -3  -4    3   5  10  27   2   2   9   2   5   1   4  10   1   1   7   5   5   0   0   0  0.41 0.29
  251 P    -1  -1  -1   2  -4   0   2  -1  -1  -1  -3   1  -3  -3   3   2   0  -4  -3   2    3   2   2  10   0   4  13   3   1   3   1   8   0   1  13  16   4   0   0  15  0.27 0.26
  252 E    -1   1   2   0  -3   1   2  -2  -1   0  -1   1  -1  -1  -1   0  -1   0   0   0    3   8  13   6   0   5  14   1   1   5   5   9   1   2   2   5   3   1   4  10  0.13 0.15
  253 P    -1  -2  -1   2  -4  -1   0  -2   1  -2  -3   0   1   0   4  -1   0  -1  -3   0    4   2   3  15   0   2   7   2   4   2   2   6   4   4  26   3   5   1   0   8  0.42 0.28
  254 T     1   0   1   0  -2   0   0   1   0  -1  -1   0  -1  -1   0   1   1  -3  -1   0   12   4  10   6   0   3   4   9   3   4   3   6   2   2   4   9  11   0   2   6  0.08 0.08
  255 N    -1   2   5   0  -4  -1  -1  -1  -2  -1  -4   0  -3  -4  -1   1   2  -4  -1  -3    3  14  32   4   0   1   2   5   0   3   1   4   0   0   3   8  13   0   2   2  0.54 0.36
  256 P    -1  -2  -2  -1  -4   0  -1  -2   2  -3  -2   0  -4  -4   6   0   0  -4   1  -4    4   2   2   3   0   4   5   3   5   1   4   5   0   0  44   8   5   0   5   1  0.88 0.46
  257 F    -1  -3  -3  -1  -3  -1  -2  -2  -1   0   1  -1  -2   6  -2  -2  -1  -2   1  -1    5   1   0   4   0   4   2   4   1   6  17   4   0  37   2   3   4   0   4   3  0.52 0.33
  258 Q    -2   1  -1  -2  -4   3   1  -2  -2   0  -2   4  -1  -4   1   0  -1  -4  -2  -3    3   6   2   1   0  17   8   3   0   6   3  29   1   0   7   8   3   0   1   1  0.45 0.33
  259 P    -2   0  -3  -4  -4   0  -2  -3  -1  -4  -2   2  -4  -5   7  -2  -2  -5  -4  -4    3   5   1   1   0   5   2   2   2   1   5  11   0   0  56   3   3   0   0   1  1.35 0.61
  260 I     1   1  -1  -2  -1   0   0  -2  -1   4   1  -2   0  -2  -1  -1   0  -3  -1   1   11   9   2   2   1   4   5   2   1  29  11   1   1   0   3   4   5   0   2   6  0.19 0.19
  261 A     0   1   2   1  -3   0   1  -1   1  -2  -2   0  -2  -3   1   2   0  -3  -2  -1    9   7  10   8   0   3   9   4   4   2   4   5   0   1   7  16   7   0   0   3  0.18 0.15
  262 S     0   0   2   2  -3   1   2  -1  -2  -3  -2   0   0  -2  -1   2   0   0  -3  -2    8   5   9  10   0   6  17   3   0   1   3   5   4   1   2  17   5   1   0   1  0.24 0.21
  263 V    -1  -1  -2   1  -2  -1   0  -1   0   2   1  -2   1  -1  -3   0   0  -3   0   2    5   2   1   8   0   3   7   4   3  16  16   1   3   2   1   6   4   0   3  16  0.10 0.13
  264 I    -1   1  -1  -1  -2  -1  -2  -1  -1   2   1  -1  -1   0   0   0   1  -3   0   1    3   9   2   2   0   3   1   3   2  15  11   4   0   4   5   8  10   0   3  14  0.08 0.12
  265 I     0   1   0  -1  -2   0   0  -2  -1   1   0   1   0  -1  -1   1   1   0  -2   1    4   8   4   3   0   3   6   1   1   8  11  11   2   2   3  13   9   1   0  10  0.08 0.11
  266 E    -2   1  -1   0  -4   1   4  -2  -1  -1  -1   1  -3  -4   1   1   1  -4  -3  -1    1   7   2   5   0   5  29   3   1   3   6   9   0   0   6   9   8   0   0   5  0.31 0.26
  267 N     0   0   3   1  -3   0   0  -2   1  -1  -1   2  -1  -1  -1   0   1   0  -2   0    7   3  15   6   0   4   6   2   4   3   4  14   1   4   3   8   8   2   0   6  0.14 0.15
  268 E    -1   1   1   1  -2   1   3   0  -2  -4  -3   2  -3  -4  -1   1  -1  -4  -4  -3    3   8   5   7   1   6  25   7   0   0   2  15   0   0   2  14   2   0   0   2  0.40 0.30
  269 G     0   1   0   0   0   1   2   0   1  -1  -3   2  -2  -2   1   1   0  -3  -2  -1    8   7   5   5   3   6  13   8   3   4   0  14   0   2   6   9   3   0   0   3  0.16 0.16
  270 K     0   2   0  -2  -3   2   1  -1   1  -1  -1   2  -2  -1   0   0   0  -3  -1   0    5  13   4   0   0  10   8   3   3   4   7  16   0   3   4   7   5   0   2   6  0.14 0.16
  271 L    -1   0  -1  -1  -3   1   1  -1   0   0   2   1   0   0   0  -1   0  -3  -2   0    2   6   2   2   0   5   9   6   2   7  23  11   3   5   4   4   4   0   0   5  0.07 0.12
  272 E    -1   0   1   1   2   2   2  -1  -2  -1  -1   2   1  -1   0   0   0  -3  -3  -2    4   5   8   6   5   8  18   3   0   4   4  14   4   3   5   5   4   0   0   0  0.18 0.20
  273 R    -1   1   1   1  -3   0   0  -1   1   0  -1   2  -2  -3   1   0   0  -3  -2  -1    5   9   7   9   0   3   5   3   5   8   7  17   0   0   6   6   5   0   0   4  0.13 0.14
  274 E     0   0   0   0  -3   2   2  -1  -2  -1  -1   0   0  -3   1   1   1  -4  -3  -1    6   3   4   5   0  11  19   5   0   3   8   5   2   0   6   9   9   0   0   4  0.17 0.19
  275 K    -1   0   1   1  -3   1   1  -1  -1   1   0   2   0  -3  -1   0   0  -4  -3  -1    3   4   9   6   0   5  10   3   1  12   8  17   2   0   2   9   4   0   0   3  0.11 0.17
  276 K    -1   1   2   1  -4   0   1  -1   1  -2  -2   2  -1  -2   2   0   0  -4  -3  -1    3   6  12   7   0   3  10   3   4   3   3  19   1   2   9   4   7   0   0   4  0.22 0.21
  277 N    -2   2   4   1  -4   0   0   0   1  -3  -1   0   0  -4   1   0   0  -4  -3  -2    2  15  24   6   0   3   4   8   3   0   5   6   2   0   7   5   6   0   0   3  0.33 0.29
  278 Q     0   0   0   1  -1   3   2   0   2  -3  -3   1  -3  -4   0   1   1  -4  -2  -1    8   4   3   8   1  17  11   6   6   0   2   8   0   0   4   9   9   0   1   4  0.24 0.24
  279 K     0   2   0  -1  -1   0   0  -1  -2   0  -2   2  -1  -1   2   0   0  -4  -3   0    7  12   6   2   1   3   6   3   0   7   3  14   1   3  11   7   6   0   0   8  0.15 0.17
  280 M    -1   0   0  -1  -3   0   0  -1   0   0   2   0   2  -2   0   0   1  -3  -2   0    3   4   5   1   0   4   7   6   2   2  23   7   7   0   5   7   8   0   0   8  0.09 0.16
  281 E    -1   1  -1   0  -4  -1   3   1   0   1  -3   0   1  -4   0   0   1   0  -3  -1    3   7   1   5   0   1  21  13   2   9   0   7   4   0   5   5  12   1   0   4  0.20 0.24
  282 K     0   0   1   0  -3   1   1  -1   0  -1  -1   1  -1  -2   2   1   1  -3  -1  -1    5   5   7   5   0   5   8   4   2   5   5  10   1   1  11  12   8   0   1   3  0.13 0.13
  283 D     1   0   1   2  -3   1   1  -1  -2  -2  -2   1  -1  -4   2   0   1  -4  -3  -1   12   6   8  14   0   6   8   3   0   3   2   8   2   0   9   4  10   0   0   4  0.20 0.19
  284 S     1   1   1   0  -3  -1   1  -1  -2  -2  -2   2   0  -2  -1   1   1  -3   0  -1   10   6   8   3   0   1   8   5   0   1   3  15   3   1   3  12  10   0   4   4  0.12 0.17
  285 D     1  -1   1   3  -3   1   2   0  -2  -2  -2   0  -2  -3   1   1  -1  -4  -1  -2   11   2   8  17   0   8  13   6   0   2   4   3   0   0   6  13   2   0   2   3  0.23 0.22
  286 G     0  -1   1  -1  -3  -1  -1   2  -1   1  -1   1  -1  -3   0   0   1  -3  -3   0    5   2   7   2   0   2   3  19   2   9   6  11   2   0   3   7  11   0   0   9  0.12 0.15
  287 C     0  -1   2   0   3   0   0  -1  -1  -1  -1   0  -1  -1   1   1   2  -3  -2  -1    5   2  10   6   8   5   6   3   1   3   5   7   1   4   6   9  14   0   0   4  0.12 0.15
  288 H    -1   0  -1  -1  -3   0   0  -2   1   1  -1   2   0  -1   4   0   0  -4  -3   1    2   4   3   3   0   5   5   2   3   8   4  14   3   2  19   6   5   0   0  12  0.23 0.21
  289 L    -1  -1   1   0  -1  -1  -2   1  -1   0   1   1   0  -1   1   0   0   0  -2   0    4   2   8   6   1   1   0  10   2   3  16  10   2   3   8   8   6   1   0   9  0.05 0.11
  290 K    -2   3   0  -1   0   2   2  -1   0  -2  -3   3   1  -4   1   0   0  -4  -2  -3    0  17   3   2   2   9  13   5   2   3   0  17   4   0   8   5   4   0   1   1  0.32 0.30
  291 H     0  -2   0   0  -1   2   2   0   3  -1   0   0  -2  -1   0   1  -1  -3   0  -3    5   0   5   4   1  10  19   6   9   3  12   4   0   2   4  12   2   0   4   0  0.19 0.24
  292 K    -1   1   0   1  -3   1   0   0   0  -2  -3   2  -2  -3  -2   1   1  -4  -1   1    4   9   4   9   0   7   4   8   2   1   0  13   0   0   1  12  11   0   2  13  0.18 0.22
  293 M     0  -1   0  -1  -3   0   1   0  -2   0  -1   0   1  -3   1   1   1  -3  -1   1    7   1   5   2   0   4  10   8   0   6   4   6   6   0   6  11  10   0   2  10  0.09 0.14
  294 E     0   1   0   0  -1   1   2  -1  -1  -2  -2   1  -1  -4   0   2   0  -4  -3  -1    5   6   3   5   1   4  19   5   1   2   4   8   2   0   5  17   6   0   0   5  0.19 0.21
  295 H    -1   1   1   1  -1   1   2  -3   2   0  -1   1  -1  -1  -1   0   1  -3   0  -1    3   7   5   7   1   7  13   0   7   9   6   8   1   3   3   4   8   0   4   1  0.10 0.15
  296 E    -1   1  -1   3  -4   1   4  -3  -1   0  -2  -1  -3  -2  -2   1  -3  -5  -4  -2    5   7   2  16   0   4  33   1   1   7   3   3   0   2   1  11   0   0   0   2  0.46 0.38
  297 Q    -1   1   1   1  -3   2   1  -1  -1  -2  -1   0  -1  -3   0   2  -1  -4  -1   1    1  10   7   6   0  13   9   5   1   2   6   3   1   0   4  16   2   0   2  11  0.16 0.22
  298 I    -2  -2  -1  -1  -3  -2  -1   0  -3   2   0  -2   2   0   2   0   1  -3  -1   2    1   1   3   4   0   1   3   6   0  13  10   0   7   3  11   8  11   0   2  15  0.17 0.20
  299 E    -1  -1  -1   3  -4   0   4  -2  -1  -2  -3   1  -3  -1   1   0  -2  -4  -1  -1    3   2   2  21   0   2  27   3   1   2   1  11   0   3   8   5   1   0   2   4  0.44 0.35
  300 T     1   0   1   0   0  -1  -1   1  -1   0  -1   0  -2  -3   0   2   1  -4  -3  -2   12   6   8   4   2   1   2  13   1   6   6   5   0   0   3  20   8   0   0   0  0.16 0.20
  301 Q    -1   0   1  -1  -3   3   1  -1   1  -2  -1   2   0  -3  -1   2   0  -4  -1  -1    4   5   6   3   0  15   9   5   4   1   5  12   3   0   2  17   3   0   1   6  0.20 0.22
  302 G    -1   0   1   2  -3  -1   2   1   1  -3  -3   0  -1  -4   2   2   0  -4  -3  -2    2   5   6  11   0   2  12  12   4   0   2   5   2   0  13  16   5   0   0   2  0.29 0.25
  303 Q     0   0   1   0  -3   1   1  -2   3  -1  -1   0  -1  -2  -1   0   1  -3  -1   0    9   6   7   5   0   6  12   1  11   3   7   5   1   1   3   7  10   0   1   6  0.14 0.16
  304 V     0  -1  -1   0  -3  -1   1  -2  -1   0  -1   0  -2  -1   2   2   1  -3  -2   0    7   3   3   3   0   1  10   2   2   6   5   6   0   3  13  19   8   0   0   7  0.18 0.19
  305 N     0  -1   1   0  -1   1   2   0  -2  -3  -2  -1   0  -3   0   3   0  -4  -3  -1    5   2   7   6   2   6  15   8   0   0   4   2   3   0   5  25   4   0   0   5  0.24 0.25
  306 H     0  -1   1   1  -1   0   1  -2  -1   0  -1  -1  -2  -2   2   1   1  -3  -2   1    5   2   7  10   1   5   8   1   1   6   7   3   0   1   9  13   9   0   0  10  0.12 0.14
  307 N    -1   1   2   2  -3  -1   1  -1   0  -1  -2   2  -2  -2   0   2  -1  -4  -3  -1    3   6  13  12   0   0   8   4   3   4   4  12   0   2   5  16   3   0   0   5  0.20 0.21
  308 G     0   1   2   0  -1  -1   0   0  -1  -1  -1   0   0  -2   0   2   0  -3  -1  -2    8  10  11   5   1   1   4   6   1   4   6   5   3   2   5  19   6   0   2   2  0.12 0.15
  309 Q    -1   1   0   1  -3   3   1   0  -2   0  -1  -1  -1  -3  -2   1   1  -4  -1  -1    3   7   4   8   0  19   7   6   0   7   6   3   1   0   1  13  10   0   2   5  0.18 0.23
  310 K     0   0   1   1  -3   1   1  -2   0  -3  -2   2  -2  -3   2   0   2  -4   0  -1    6   5   6   8   0   5   9   1   3   0   5  17   0   0   9   6  14   0   3   4  0.22 0.22
  311 N    -1  -1   2   2  -3   0   1   0   1  -1  -2  -1   1  -1  -1   1   2  -4  -3  -1    3   3   9  12   0   3  12   6   3   3   2   3   5   3   3  11  13   0   0   6  0.16 0.19
  312 N     0  -2   2  -1  -3  -2   0   0   1  -1  -2   0   0  -2   2   2   1  -4  -3   0    7   0  13   2   0   0   7   8   3   3   3   7   4   1   9  16  10   0   0   7  0.18 0.21
  313 E     0   1   1   2  -4   0   3  -2   1  -1  -3   1  -3  -2   0   1  -2   1   0  -2    6   6   6  13   0   3  20   2   3   4   2  10   0   2   5   9   0   2   3   3  0.24 0.23
  314 F     0   1   1  -1  -1   0  -1  -3   1  -1  -1   0   1   2   2   1  -1  -3  -1   0    7   9   9   4   1   3   1   1   3   2   5   7   5  10  12  10   2   0   1   9  0.13 0.17
  315 G    -1   0   1   2  -1   1   0   0  -1  -1  -2   0  -3  -2   1   3   0  -3   0  -2    4   4   5  11   1   7   4   7   1   3   3   4   0   2   8  25   6   0   4   3  0.19 0.22
  316 L     1   0   1   0   1   0   0  -2   1   0   0   0   0   0   1  -1   0  -3   0   0   13   6   7   5   3   2   4   0   4   6  10   5   3   4   6   2   7   0   3  10  0.04 0.08
  317 V    -1  -1  -1  -2   1  -1  -1  -2   0   0   0   0   2   1   1   0   0   0  -1   1    3   3   2   2   4   1   3   3   2   5   9   5   7   8   9  10   6   2   1  14  0.08 0.13
  318 E    -1  -2   1   1  -1  -1   4  -2   0  -2  -2   0   1  -4  -1   1   2  -5  -4  -2    4   1   7   8   1   1  33   3   3   2   5   5   4   0   2   9  12   0   0   2  0.40 0.35
  319 N     0   0   2   0  -3   0   0  -1  -1  -1  -2   1  -1  -2   1   1   2   0  -3   0    6   6  11   4   0   4   6   5   1   4   2   7   1   1   6  15  13   1   0   6  0.15 0.17
  320 Y    -1  -1   0  -1   2   1  -1  -2   1  -1  -2   1  -1   1   1   0   1   1   3   0    4   2   4   4   6   7   2   3   4   3   0  10   1   5   8   7   9   2  11   7  0.13 0.18
  321 K     0  -1   1   0  -4   1   1   0  -3  -3  -3   3  -3  -4   0   2   1  -4  -4  -1    9   2   8   4   0   4   8   7   0   0   2  23   0   0   4  14   9   0   0   6  0.29 0.28
  322 E    -1   2  -1   2  -4  -1   3  -2   2  -4  -2  -1  -1  -4   0   2   0  -4  -1  -3    5  10   2  12   0   2  22   2   6   0   3   3   1   0   5  20   4   0   2   2  0.37 0.33
  323 A     1  -2   0  -1  -1   1   0  -1  -1   0  -1  -1   0  -3   1   2   1  -4  -3  -1   14   0   5   3   1   7   7   4   2   7   6   3   3   0   7  19   7   0   0   4  0.14 0.18
  324 L     1   1  -2  -2  -2  -1  -2  -2  -1   0   1   0  -1   1   0   0   1   2  -1   1   13  11   1   2   0   2   0   2   2   6  13   4   0   6   5   8   8   3   2  12  0.09 0.14
  325 T     0   1   0   0  -2  -1   0   1  -1   0   0   1  -1  -2   1   1   1  -3  -2   0    5   9   3   4   0   2   4   9   1   5  11   8   0   0   7  13  10   0   1   6  0.08 0.11
  326 Q     0   0   0   0  -3   3   1  -1  -2  -1   0   0   1  -2   0   1  -1  -3  -3  -2    9   5   4   5   0  20   7   4   0   3  10   6   5   1   4  12   2   0   0   2  0.19 0.22
  327 Q    -2   3   0   0  -4   4   1  -1  -1  -1  -1   1  -3  -4  -1   1  -1  -4  -3  -3    2  15   3   5   0  24   8   3   1   4   6   8   0   0   2  13   4   0   0   0  0.38 0.33
  328 L     1  -2   0   0  -1   0  -1   0   1  -1   1   0   1  -2   0   1   1  -3  -1   0   10   0   3   4   1   3   3   6   4   3  15   8   4   0   5  15   7   0   2   6  0.07 0.12
  329 K    -1   1   0   0  -1   2   2   0   2  -2  -2   2  -2  -2   0   0  -1  -4  -2  -1    3   9   4   5   1  12  13   7   5   3   2  13   0   2   3   8   2   0   0   6  0.20 0.19
  330 N    -1   2   2  -1  -3   1   0   0   0  -1   0   1   0  -2   1   0   0  -3  -1  -1    4  11  11   3   0   8   5   6   3   5   8   7   4   0   8   8   6   0   3   2  0.11 0.13
  331 E    -1   0  -1   0  -4   1   3  -1   1  -1  -2   0  -3  -2   2   1   0  -4  -3   0    3   6   2   3   0   4  25   4   3   3   2   5   0   1  12  12   7   0   0   7  0.29 0.26
  332 D     0   1  -1   3  -1   0   2  -2  -2  -2  -2  -1  -3  -1   2   1   0  -4  -3  -2    7   7   2  21   2   4  12   2   0   2   3   3   0   3  11  14   4   0   0   2  0.30 0.26
  333 E     0   0   1   0  -3   2   2  -2  -2  -2   0   1  -1  -3   0   1   0   0  -1   0    5   5   8   3   0  10  17   1   0   2   9   9   2   0   3  11   3   2   2   8  0.15 0.18
  334 T    -2   0   1   0  -3   1   0   0  -1  -2  -1   1   1  -2   1   1   2   0  -2  -1    1   4   8   6   0   5   7   6   2   0   4   9   4   2   7  10  17   2   0   5  0.15 0.18
  335 D     0   1  -1   4  -1   1   3  -1   2  -2  -2   0  -3  -4  -1  -1  -2  -4  -3  -1    9   8   2  24   2   7  20   3   5   3   4   5   0   0   3   2   0   0   0   5  0.37 0.30
  336 R     0   1   0   1  -3   2   0   0   0  -3  -1  -1   0  -2   2   1  -1   1  -1  -3   10   9   4   8   0  12   3   8   2   0   8   3   3   1   9  15   2   3   2   0  0.17 0.20
  337 P    -1   1   0   0  -2   0   0  -1   0   1   0  -1  -1   1   1   0   0  -3   0   1    3   9   5   5   0   6   4   4   3   9   8   2   0   7   7   7   4   0   2  14  0.05 0.10
  338 S     1   0  -1   0  -1  -2   0  -1  -1  -1  -1   1  -1  -2   0   3   1  -4  -3  -1   10   5   1   5   1   0   6   4   1   3   6  11   2   2   4  29   6   0   0   4  0.19 0.23
  339 L    -1   0   0  -2  -3  -2  -2  -1  -3   1   0  -1   0   0   3   1   1   1  -2  -1    2   7   5   2   0   0   2   6   0   9  10   3   3   4  18  13   8   3   0   4  0.21 0.21
  340 E     0   1   1   2  -4   1   3  -3  -2  -4  -3   2  -3  -4   1   1   0  -4  -4  -2    7   7   8  10   0   6  19   0   0   0   2  16   0   0   6  10   6   0   0   3  0.35 0.29
  341 S    -1  -2  -1  -1  -3   2   2  -1   1  -2  -1  -1   0  -1   3   2   0  -4  -1  -2    4   0   2   2   0  10  15   5   3   2   5   2   3   3  14  22   6   0   2   2  0.29 0.29
  342 A     0  -3   0   3  -3  -1  -1   1   0  -1   0  -2  -1  -1   2   1  -1  -4  -1  -1    9   0   4  18   0   2   3  11   2   4   9   0   2   3  13  11   3   0   2   3  0.20 0.20
  343 N    -1   0   3   1  -3   1   1   0  -2   0  -1  -2  -1  -3  -1   1   0   0  -3   1    2   5  18   8   0   5  11   7   0   6   6   0   2   0   2   9   5   2   0  10  0.16 0.19
  344 G     0   0   1   0  -3   2  -1   1  -2  -3  -3  -1  -1  -2  -1   3   0   3   1  -1    8   5   7   5   0  11   2  12   0   0   2   2   2   1   2  24   4   4   5   4  0.24 0.26
  345 K    -1   4   0   0  -4   1   0  -2   1  -4  -4   4  -1  -4  -3   1  -1  -5  -4  -3    5  25   3   5   0   5   4   2   3   0   0  28   2   0   0  13   2   0   0   2  0.59 0.41
  346 K    -1   2  -2   1  -5   2   0  -2   0  -2  -2   5  -3  -4   0  -2  -1  -4  -1  -2    3  11   0   7   0   8   5   2   2   2   3  44   0   0   4   0   4   0   2   2  0.61 0.42
  347 K    -1   0   0   0  -4   0  -1  -3  -3  -3  -3   5   2  -2   2   0  -1  -4  -3  -1    6   4   3   5   0   4   2   0   0   0   2  42   6   2  10   6   3   0   0   4  0.53 0.39
  348 T     1   1   2  -2  -3   2   0  -3   0  -3  -3   1  -3  -4   0   3   1  -4  -3  -1    9   9   9   0   0  11   4   0   2   0   1  11   0   0   4  27   8   0   0   4  0.36 0.31
  349 K    -1   1   1  -2  -4   0   1  -1  -2  -4  -2   5   0  -2  -3   1   0  -4  -3  -2    3   7   7   0   0   3   8   4   0   0   3  41   2   2   0  11   6   0   0   2  0.51 0.37
  350 K    -1   3  -1  -3  -4   0   0  -3  -3   0  -2   4  -3  -4   0  -1   2  -4  -3  -1    3  19   2   0   0   2   5   0   0   5   2  32   0   0   4   4  15   0   0   4  0.48 0.35
  351 L    -1   1   0  -3  -3  -1  -1  -3  -3   0   2   2   0  -1   3   0   0  -3  -3  -1    3   7   5   0   0   2   3   1   0   4  25  14   2   2  18   6   5   0   0   4  0.27 0.23
  352 R    -2   3  -1  -1   0   1  -2  -1  -2  -3   0   4  -1  -3   2   0   0  -4  -3  -1    0  17   2   2   2   5   0   4   0   0  10  28   2   0  12   5   4   0   0   4  0.37 0.29
  353 M    -1   0  -3  -1  -3   1  -1  -3   0   0   3   1   4   2  -1  -1  -1  -3  -2   0    3   4   0   3   0   6   3   1   2   3  29   8  13  10   3   2   4   0   0   4  0.22 0.22
  354 K     0   3  -2  -1  -3   0  -1  -3   3  -1  -1   4  -2  -3  -3   1  -1  -4  -2   0    9  16   0   3   0   2   2   1   8   4   5  29   0   0   0  10   3   0   0   6  0.33 0.27
  355 R    -1   5   1  -3  -4   0   0  -3   0  -4  -2   3   0  -2  -3   0  -3  -4  -3  -2    5  44   6   0   0   2   4   0   2   0   3  18   2   2   0   6   0   0   0   2  0.74 0.43
  356 N    -2   1   3  -2  -3   0   0   0   0  -3  -3   1  -3   0  -1   3   0  -3   0  -1    0   9  17   0   0   2   4   5   2   0   1   9   0   6   3  27   6   0   3   5  0.30 0.28
  357 H    -2  -3   5  -1  -4  -1  -2  -3   7  -5  -3   0  -4  -4   0   0   1  -5  -3  -4    3   0  37   2   0   3   0   0  27   0   3   5   0   0   4   5  10   0   0   0  1.02 0.55
  358 R    -2   6  -1  -3  -5   1  -1  -2  -3  -2  -4   3   1  -4   0  -1  -1  -4  -4  -4    3  47   2   0   0   6   2   3   0   2   0  15   5   0   5   4   3   0   0   0  0.79 0.45
  359 V    -2  -2  -3  -2  -3  -1  -3  -4  -4   1  -1  -3  -2  -1   1  -1   2  -4  -3   5    0   3   0   3   0   3   0   0   0   4   4   0   0   3   7   5  18   0   0  50  0.60 0.40
  360 E     2  -2   1   1   0   2   2  -2   0  -3  -1   0   0  -1  -3   0  -2  -4  -3  -1   25   0   7   9   2   8  20   0   3   0   7   5   2   3   0   4   0   0   0   4  0.25 0.24
  361 P    -2  -4  -1   1  -5  -3  -1  -4  -4  -5  -5  -1  -5  -6   8  -1  -3  -6  -5  -5    3   0   3   8   0   0   3   0   0   0   0   3   0   0  74   3   0   0   0   0  2.00 0.72
  362 L     0  -2  -2  -1  -2   0   0   0  -3   2   2  -2   3  -2  -1   0  -1  -3  -2   1    9   0   0   3   0   5   8   8   0  13  19   0  12   0   2   5   3   0   0  11  0.14 0.16
  363 N    -1   2   4   4  -3  -1   1  -2  -2  -1  -2  -1  -3  -4  -3   0   0  -4  -3  -2    3  16  22  24   0   0   8   1   0   3   4   0   0   0   0   8   7   0   0   3  0.45 0.28
  364 I     1  -2  -1   0  -2   0   0  -1   0  -1  -1  -2   1  -3   1   0   3  -4  -3   1   12   0   2   4   0   4   8   3   2   2   6   0   4   0   8   6  29   0   0   9  0.23 0.22
  365 D    -1  -1   1   4  -4   0   4  -3   1  -4  -2  -1  -3  -4  -3   1  -2  -5  -3  -2    3   3   7  27   0   3  33   0   3   0   3   3   0   0   0  11   0   0   0   2  0.63 0.35
  366 D    -1  -2   0   3  -3  -1   2  -1   1  -1  -3   0  -1  -4   0   1   2  -4  -3  -2    2   0   3  23   0   0  19   5   3   3   0   5   2   0   4  14  13   0   0   2  0.36 0.25
  367 C     1   0  -2  -2   0  -2  -1   0  -3   0   0  -2  -2  -1   1   2   3  -3  -2   0   11   6   0   0   2   0   2   6   0   6   8   0   0   3   6  21  24   0   0   5  0.22 0.21
  368 A     3  -3  -2   0   1  -2   0  -1   0   1   0  -2   0  -3   1   0   0  -4  -3   2   36   0   0   5   3   0   5   3   3   6   7   0   2   0   7   3   3   0   0  16  0.23 0.22
  369 P     0  -3  -3  -1  -4   0   0  -2  -3  -2  -2  -3  -3   1   6   0   1  -4  -3  -3    7   0   0   3   0   4   5   3   0   3   3   0   0   8  49   6   8   0   0   0  0.96 0.41
  370 E    -1   2  -1   1  -3   2   1  -3  -2  -3  -2   3   0  -1   0   1   1  -4  -3  -3    3  12   0  10   0  10  10   0   0   0   3  21   3   3   4   8  13   0   0   0  0.30 0.22
  371 S     1   2   3  -1  -3   0   1   0   3  -4  -4   0  -3  -4  -1   2  -1  -4  -3  -3   12  12  18   0   0   3   8   6   9   0   0   5   0   0   3  23   0   0   0   0  0.39 0.27
  372 P    -2   0  -2   0  -3   0   0  -2  -3  -1   0   0  -2  -1   5   0   0  -4  -3  -1    1   5   0   4   0   4   6   3   0   4   9   6   0   2  37   5   7   0   0   6  0.55 0.26
  373 T    -1   0   2  -1  -2   1   0  -2  -2   0   1   0   0  -2  -1   1   3  -3  -1  -1    4   3  10   3   0   6   6   0   0   4  18   3   1   0   2  12  23   0   2   2  0.17 0.18
  374 P    -2  -1   0  -2  -4  -2   1  -3   3  -2  -1  -1  -3  -4   6   0  -1  -4  -3  -3    0   3   4   0   0   0   9   0   7   3   8   3   0   0  50   6   4   0   0   0  1.00 0.39
  375 P    -1  -1  -2  -1  -3  -2  -1   0  -3  -3  -2   0   0  -2   5   1   2  -4  -3  -3    4   3   0   3   0   0   3   7   0   0   4   7   3   2  37  11  13   0   0   0  0.64 0.28
  376 P     0  -2   1  -2  -3  -2   0  -1  -3  -1  -1   0  -2  -3   6   1  -2  -4  -3  -1    9   0   7   0   0   0   6   3   0   2   8   7   0   0  41  10   0   0   0   4  0.70 0.29
  377 P     1   0  -2   0  -2  -1   1  -1  -2  -2   0  -1  -1  -3   4   2  -1  -3  -3  -1   14   4   0   4   0   0  11   3   0   1  14   1   0   0  23  17   1   0   0   4  0.33 0.19
  378 P     0  -3  -3  -4  -3  -3  -3  -4  -4  -1   4  -2  -1  -2   5   0  -2  -4  -3  -2    7   0   0   0   0   0   0   0   0   0  52   2   0   0  29   7   0   0   0   0  0.76 0.34
  379 P    -1  -3  -3  -3  -3  -2  -2  -3   1  -3  -2  -2  -3   0   7   0   1  -4  -3  -2    4   1   1   1   0   1   1   1   4   1   4   1   0   4  58   8   9   0   0   2  1.20 0.36
  380 P    -1  -3  -3  -3  -3   0  -2   0  -3  -2   1  -2   0  -3   6  -1  -1  -3  -3  -1    5   1   0   1   0   5   1   8   0   1  14   1   3   0  48   4   3   0   0   4  0.86 0.28
  381 V    -2  -2   1  -2  -2   1  -1  -3  -3   2   1  -2   0  -2   0  -2   0  -3  -2   3    0   0  12   0   0   8   3   0   0   9  17   0   0   0   4   0   7   0   0  38  0.28 0.20
  382 G     1   1  -1  -2  -3  -2  -2   4  -2  -3  -3  -1  -3  -3   0   2   0   2  -3  -3   13  12   0   0   0   0   0  38   0   0   0   0   0   0   5  21   4   4   0   0  0.51 0.23
  383 W    -1  -4  -4  -4  -4  -3  -4  -4   2  -3  -1  -4   1   0   1  -3  -1  10   0  -1    5   0   0   0   0   0   0   0   5   0   4   0   3   4   8   0   5  58   0   5  1.85 0.48
  384 G     2  -2  -1  -2  -2   1  -1   4  -2  -3  -2  -2  -2  -3   0   1   1  -3  -3  -2   25   0   0   0   0   8   2  33   0   0   4   0   0   0   3  14   9   0   0   0  0.42 0.20
  385 T     0  -2   0  -2  -2   0  -2   0  -2   0  -1  -1  -1  -3  -2   2   4  -3  -2   0    5   0   4   1   0   5   1   7   0   5   6   1   0   0   0  20  40   0   0   4  0.34 0.20
  386 P    -2  -3  -3  -3  -4  -2   1  -4  -3  -4  -4  -1   1  -5   7  -1  -2  -5  -4  -4    0   0   0   0   0   0   8   0   0   0   0   4   5   0  75   4   0   0   0   0  1.84 0.45
  387 K     0   3   1  -2  -3   2  -1   0  -2  -2  -3   3  -2  -4   2   2  -1  -4  -3  -3    4  16   5   0   0   9   0   5   0   3   0  27   0   0  12  19   0   0   0   0  0.41 0.21
  388 V     0  -1   0  -2  -2   0  -2  -3  -1   2   1  -2   1   1  -1   0  -1  -2  -1   2    7   4   6   0   0   5   0   0   2  15  13   0   3  10   2   9   0   0   0  23  0.12 0.10
  389 T    -1  -2   2   1  -3  -1  -1  -2   2  -3  -1  -2  -2  -3  -2   4   2  -3   0  -1    0   0  12  10   0   0   0   0   5   0   5   0   0   0   0  45  15   0   5   4  0.44 0.26
  390 R    -2   5  -2  -3  -4   1  -1  -3  -2  -1  -3   1   1  -4  -3   2   0  -4  -3  -3    0  53   0   0   0   4   0   0   0   6   0   5   5   0   0  22   5   0   0   0  0.73 0.32
  391 L    -2   0  -2   0  -3  -2  -2  -3  -3  -1   3   1   0   0   3   0  -2  -3  -2  -1    0   6   0   6   0   0   0   0   0   0  45  11   0   4  18   9   0   0   0   0  0.35 0.20
  392 P    -2   2  -3  -3  -4  -1  -2   1  -3  -4  -2  -2  -3  -4   6   0  -2  -4  -4  -3    0  14   0   0   0   3   0  15   0   0   5   0   0   0  55   6   0   0   0   0  1.17 0.33
  393 K    -1   2  -1   0  -3   1   1  -2   2  -3  -3   4  -2  -3  -2   0   1  -3  -2  -2    4  12   0   4   0   6   9   0   5   0   0  40   0   0   0   6   9   0   0   3  0.42 0.20
  394 L     0  -1  -4  -4  -2  -3  -3  -4  -3   1   4  -3   3  -1  -3  -3  -2  -3  -2   0   11   3   0   0   0   0   0   0   0   3  70   0   7   0   0   0   0   0   0   3  0.61 0.24
  395 E     1  -1   1   2  -3   0   5  -2  -1  -3  -3   0  -3  -4  -2   0   0  -4  -3  -3   14   0   5  11   0   0  51   0   0   0   0   3   0   0   0   6   7   0   0   0  0.58 0.23
  396 P    -2  -3  -3  -2  -3  -2   0   0  -3  -3  -3  -2  -3  -4   7  -1  -2  -4  -3  -1    1   0   0   1   0   0   7   7   0   0   1   1   0   0  71   4   1   0   0   5  1.56 0.34
  397 L    -2  -3  -4  -3  -2  -2   0  -4  -3   1   5  -3   1  -1  -3  -3  -2  -3  -2   0    1   0   0   1   0   0   7   1   0   4  81   1   0   0   1   1   1   0   0   1  0.75 0.27
  398 G     1  -2  -1  -2  -3   1   0   4   1  -3  -3  -1  -2  -3   0   1   0  -3  -3  -3   15   0   0   0   0   6   7  43   5   0   0   0   0   0   5  10   7   0   0   0  0.48 0.17
  399 E     0  -1  -1   2  -3   1   5  -3  -1  -3  -1  -1   1  -3  -2   1  -1  -4  -3  -3    5   0   0   9   0   6  55   0   0   0   5   0   6   0   0  11   0   0   0   0  0.62 0.25
  400 T    -2  -1  -2   0  -3   0  -2  -3  -3  -1  -3   0  -2  -4   6  -1   3  -4  -3  -1    0   4   0   6   0   5   0   0   0   3   0   5   0   0  48   0  22   0   0   5  0.94 0.27
  401 H    -1   3   1  -2  -3   1  -1   0   5  -3  -3   1  -2  -3  -2   1   1  -3  -1  -1    0  26   5   0   0   6   0   6  22   0   0   7   0   0   0  10  11   0   0   5  0.39 0.18
  402 H     1   1   2  -2   1   1  -1  -2   7  -3  -3   0  -2  -3  -2   0   0  -3  -1  -3   12   7  12   0   4   6   0   0  41   0   0   6   0   0   0   5   5   0   0   0  0.60 0.23
  403 N     0   0   2   0  -3  -1   1  -2  -2  -3  -3  -1  -2  -3   5   1   1  -3  -3  -2    6   6  12   4   0   0   8   1   0   0   1   1   0   0  35  15  10   0   0   1  0.61 0.17
  404 D     0   2   1   2  -3   0   1   2  -1  -3  -1   0  -2  -3  -2  -1   0  -3  -2  -2    8  17   9  18   0   0  14  19   0   0   7   1   0   0   0   1   5   0   0   1  0.25 0.11
  405 F    -1  -2  -1  -2  -2  -2  -2   0   2  -1   0  -2  -1   5   0  -1   0  -1   1   0    2   1   4   1   0   1   1   9   7   1   5   1   1  42   6   2   6   0   1   9  0.30 0.13
  406 Y     0   0   0   1   2  -1  -1  -2  -1  -2  -2  -1  -1   1  -2   0   1   3   4  -1   11   8   4  13   5   1   1   1   0   1   2   1   0   4   1   6  11   5  21   1  0.19 0.10
  407 R    -1   1   0  -2  -3  -1  -2   3  -2  -1   2   2  -1  -2  -2  -1  -2  -3  -2  -2    1   7   5   1   0   0   1  32   0   1  28  22   0   0   1   1   1   0   0   1  0.29 0.15
  408 K    -2   0   1   1  -3   1  -1   1  -2  -3  -1   4  -2  -3  -2  -1  -2   6  -2  -3    0   0   7  10   0   6   0  10   0   0   7  42   0   0   0   0   0  16   0   0  0.53 0.22
  409 P     0  -2  -2   0  -3  -1   1  -2  -2  -3  -3  -2  -3  -1   6   2   0  -4  -3  -3    5   0   0   5   0   0  10   0   0   0   0   0   0   3  50  17   6   0   0   0  0.98 0.25
  410 L    -2  -3  -4  -4  -2  -3  -1  -5  -4   2   5  -3   1  -1  -4  -3  -2  -3  -2   2    0   0   0   0   0   0   7   0   0   8  71   0   0   0   0   0   0   0   0  14  0.68 0.26
  411 P    -1   0  -3  -3   1   1  -2  -3  -3  -4  -4   0  -3  -5   7   1  -2  -5  -4  -3    3   5   0   0   3   7   0   0   0   0   0   5   0   0  65  11   0   0   0   0  1.42 0.33
  412 P    -1  -3  -2  -2  -3  -2   0  -3  -3  -2  -3  -2   0   1   6   2   1  -4  -2  -1    0   0   0   0   0   0   5   0   0   0   0   0   4   7  51  19   8   0   0   6  0.99 0.27
  413 L    -2  -2  -3  -3  -2   0  -2  -1  -3   1   3  -1   0  -1  -3   0  -1  -3  -2   2    0   0   0   0   0   6   0   5   0   7  51   5   0   0   0   8   0   0   0  19  0.32 0.17
  414 A     1   0  -1   0  -2  -1   0  -2  -2  -1   0   0  -1  -2   3   1   1  -3  -2   0   14   6   0   6   0   0   6   1   0   0  12   4   0   0  16  12  15   0   0   8  0.19 0.08
  415 V    -1   2  -2  -2   1  -1  -2  -3  -2   2   0  -1   1   0   0   1   0  -3  -1   2    0  19   0   0   4   0   0   0   0  19   7   0   3   5   5  13   5   0   0  17  0.13 0.10
  416 P    -2   2   0  -2   1   0  -1  -3   1  -1  -3   0  -2  -3   6  -1  -2  -4  -3  -1    0  15   5   0   4   4   0   0   5   5   1   5   0   0  44   3   0   0   0   6  0.77 0.20
  417 Q    -2   1  -1  -2  -3   5   1  -3  -1  -2  -2   1   3   1  -3   0   1  -3  -2  -2    0   9   0   0   0  42   5   0   0   0   0   6  13   8   0   6  11   0   0   0  0.47 0.22
  418 R     0   7  -2  -3  -4  -1  -1  -3  -2  -4  -4   1  -3  -4  -3   1  -2  -4  -3  -4    6  80   0   0   0   0   0   0   0   0   0   0   0   0   0  14   0   0   0   0  1.19 0.34
  419 P     0  -3  -3  -3  -4  -2   0  -3  -3  -3  -1  -2  -3  -4   7  -2  -2  -5  -4  -3    8   0   0   0   0   0   7   0   0   0  10   0   0   0  75   0   0   0   0   0  1.71 0.34
  420 N    -2  -2   7   0  -4  -1   1  -2   2  -4  -4  -1  -3  -4  -3   0   1  -5  -3  -4    0   0  75   0   0   0   8   0   4   0   0   0   0   0   0   6   7   0   0   0  1.13 0.33
  421 S     2  -2  -1  -2  -2  -2  -2   2  -2  -1  -1  -2  -2  -3  -2   4   2  -3  -3  -2   14   0   0   0   0   0   0  14   0   5   7   0   0   0   0  49  11   0   0   0  0.40 0.19
  422 D    -3  -3   0   6  -4  -1   3  -3  -2  -4  -2  -2  -3  -4   1  -1  -2  -5  -4  -4    0   0   0  68   0   0  17   0   0   0   7   0   0   0   8   0   0   0   0   0  1.04 0.27
  423 A     2  -2   0   4  -2  -1   0  -2  -2  -3  -3  -1  -2  -3   1   2   3  -4  -3  -2   20   0   0  30   0   0   0   0   0   0   0   0   0   0   5  21  25   0   0   0  0.44 0.15
  424 H     0   0  -1   2   2   1   1  -3   7  -3  -3  -1  -2   1  -3  -1  -2  -3   0  -3   10   4   0  13   7   6   8   0  43   0   0   0   0  10   0   0   0   0   0   0  0.57 0.19
  425 D    -3  -3   0   7  -5  -1   2  -3  -2  -4  -5  -2  -4  -5  -3  -1  -2  -5  -4  -4    0   0   0  92   0   0   8   0   0   0   0   0   0   0   0   0   0   0   0   0  1.48 0.28
  426 V     0  -3  -2   2  -2  -2  -2  -3  -3   3   1  -3   0  -1  -3  -2  -1  -3  -2   3    9   0   0  15   0   0   0   0   0  23  13   0   0   0   0   0   0   0   0  40  0.31 0.12
  427 I    -1  -3  -3  -4  -2  -3  -3  -4   0   5   1  -3   0  -1  -3  -2   0  -3  -2   2    5   0   0   0   0   0   0   0   4  61  10   0   0   0   0   0   5   0   0  14  0.50 0.16
  428 S     2  -2  -1  -1  -1  -1  -1  -1  -2  -2  -2  -1  -2  -3  -2   3   4  -3  -2  -1   21   0   0   0   0   0   0   0   0   0   0   0   0   0   0  41  38   0   0   0  0.51 0.14

                      K         Lambda
Standard Ungapped    0.1328     0.3128
Standard Gapped      0.0435     0.2670
PSI Ungapped         0.1421     0.3171
PSI Gapped           0.0435     0.2670
