
Last position-specific scoring matrix computed, weighted observed percentages rounded down, information per position, and relative weight of gapless real matches to pseudocounts
            A   R   N   D   C   Q   E   G   H   I   L   K   M   F   P   S   T   W   Y   V   A   R   N   D   C   Q   E   G   H   I   L   K   M   F   P   S   T   W   Y   V
    1 M    -1  -1  -2  -3  -2   0  -2  -3  -2   1   2  -1   6   0  -3  -2  -1  -2  -1   1    0   0   0   0   0   0   0   0   0   0   0   0 100   0   0   0   0   0   0   0  0.35 0.01
    2 K    -1   2   0  -1  -3   1   1  -2  -1  -3  -3   5  -1  -3  -1   0  -1  -3  -2  -2    0   0   0   0   0   0   0   0   0   0   0 100   0   0   0   0   0   0   0   0  0.53 0.00
    3 T     0  -1   0  -1  -1  -1  -1  -2  -2  -1  -1  -1  -1  -2  -1   1   5  -3  -2   0    0   0   0   0   0   0   0   0   0   0   0   0   0   0   0   0 100   0   0   0  0.48 0.01
    4 L    -2  -2  -4  -4  -1  -2  -3  -4  -3   2   4  -3   2   0  -3  -3  -1  -2  -1   1    0   0   0   0   0   0   0   0   0   0 100   0   0   0   0   0   0   0   0   0  0.46 0.00
    5 F    -2  -3  -3  -4  -3  -3  -3  -3  -1   0   0  -3   0   7  -4  -3  -2   1   3  -1    0   0   0   0   0   0   0   0   0   0   0   0   0 100   0   0   0   0   0   0  0.75 0.01
    6 E    -1   0   0   3  -4   3   5  -2   0  -3  -3   1  -2  -3  -1   0  -1  -3  -2  -3    0   0   0  13   0  12  75   0   0   0   0   0   0   0   0   0   0   0   0   0  0.64 0.00
    7 E    -1   0   0   2  -4   2   5  -2   0  -3  -3   1  -2  -3  -1   0  -1  -3  -2  -3    0   0   0   0   0   0 100   0   0   0   0   0   0   0   0   0   0   0   0   0  0.74 0.01
    8 I    -1  -3  -3  -3  -1  -3  -3  -4  -3   4   2  -3   1   0  -3  -3  -1  -3  -1   3    0   0   0   0   0   0   0   0   0 100   0   0   0   0   0   0   0   0   0   0  0.40 0.00
    9 K    -1   4   0  -1  -3   1   1  -2  -1  -3  -3   4  -1  -3  -1   0  -1  -3  -2  -2    0  25   0   0   0   0   0   0   0   0   0  75   0   0   0   0   0   0   0   0  0.52 0.00
   10 A     4  -2  -2  -2   0  -1  -1   0  -2  -1  -2  -1  -1  -2  -1   1   0  -3  -2   0  100   0   0   0   0   0   0   0   0   0   0   0   0   0   0   0   0   0   0   0  0.41 0.00
   11 S     1  -1   1   0  -1   0   0   0  -1  -3  -3   0  -2  -3  -1   4   1  -3  -2  -2    0   0   0   0   0   0   0   0   0   0   0   0   0   0   0 100   0   0   0   0  0.46 0.00
   12 I    -1  -3  -3  -3  -1  -3  -3  -4  -3   4   1  -3   1   0  -3  -2  -1  -3  -1   3    0   0   0   0   0   0   0   0   0  74   0   0   0   0   0   0   0   0   0  26  0.37 0.00
   13 K    -1   2   2   0  -3   1   1  -1  -1  -3  -3   5  -2  -3  -1   0  -1  -3  -2  -3    0   0  12   0   0   0   0   0   0   0   0  88   0   0   0   0   0   0   0   0  0.47 0.00
   14 N    -2  -1   6   1  -3   0   0   0   1  -3  -4   0  -2  -3  -2   1   0  -4  -2  -3    0   0 100   0   0   0   0   0   0   0   0   0   0   0   0   0   0   0   0   0  0.74 0.01
   15 N    -2  -1   6   3  -3   0   0  -1   0  -3  -4   0  -2  -3  -2   1   0  -4  -2  -3    0   0  87  13   0   0   0   0   0   0   0   0   0   0   0   0   0   0   0   0  0.68 0.00
   16 Y    -1  -2  -1   1  -2  -1  -1  -2   1   0  -1  -1  -1   2  -2   1   0   1   5  -1    0   0   0  12   0   0   0   0   0  12   0   0   0   0   0  27   0   0  50   0  0.29 0.00
   17 N    -1  -1   5   2  -3   0   1  -1   0  -2  -3   0  -2  -3  -2   0   0  -4  -2  -1    0   0  63  13   0   0  12   0   0   0   0   0   0   0   0   0   0   0   0  12  0.43 0.00
   18 Q    -1   0   0   0  -3   4   3  -2   3  -3  -2   1  -1  -1  -2   0  -1  -1   2  -2    0   0   0   0   0  50  25   0  12   0   0   0   0   0   0   0   0   0  13   0  0.44 0.00
   19 D    -2  -2   1   6  -4   0   2  -1  -1  -3  -4  -1  -3  -4  -2   0  -1  -5  -3  -3    0   0   0 100   0   0   0   0   0   0   0   0   0   0   0   0   0   0   0   0  0.94 0.01
   20 R    -2   6   0  -2  -4   1   0  -2   3  -3  -2   2  -2  -3  -2  -1  -1  -3  -1  -3    0  87   0   0   0   0   0   0  13   0   0   0   0   0   0   0   0   0   0   0  0.65 0.00
   21 S     1  -1   1   0  -1   0   0   0  -1  -3  -3   0  -2  -3  -1   4   1  -3  -2  -2    0   0   0   0   0   0   0   0   0   0   0   0   0   0   0 100   0   0   0   0  0.47 0.01
   22 F    -2  -3  -3  -4  -3  -3  -3  -3  -1   0   0  -3   0   7  -4  -3  -2   1   3  -1    0   0   0   0   0   0   0   0   0   0   0   0   0 100   0   0   0   0   0   0  0.77 0.01
   23 C    -3  -3  -4  -5   2  -2  -3  -3  -3  -3  -2  -3  -2   1  -4  -3  -3  11   2  -3    0   0   0   0   8   0   0   0   0   0   0   0   0   0   0   0   0  92   0   0  2.13 0.02
   24 R    -2   5   3   0  -3   1   0  -2   0  -3  -3   2  -2  -3  -2   0  -1  -3  -2  -3    0  65  35   0   0   0   0   0   0   0   0   0   0   0   0   0   0   0   0   0  0.55 0.01
   25 P    -1  -1  -1  -1  -2  -1  -1  -1  -1  -2  -2  -1  -2  -2   7   0  -1  -2  -2  -2    3   2   2   2   1   1   2   3   1   2   3   2   1   1  67   2   2   0   1   2  1.11 0.00
   26 V     0  -3  -3  -3  -1  -2  -3  -3  -3   3   2  -3   1  -1  -3  -2   0  -3  -1   4    0   0   0   0   0   0   0   0   0   0  15   0   0   0   0   0   0   0   0  85  0.35 0.02
   27 L    -2  -3  -3  -3  -2  -2  -3  -3  -3   1   3  -2   1   2   3  -2  -1  -2   0   0    0   0   0   0   0   0   0   0   0   9  53   0   0  16  22   0   0   0   0   0  0.39 0.01
   28 P    -1  -1  -2  -2  -3  -1  -1  -2  -2  -3  -3   2  -2  -4   7  -1  -1  -4  -3  -3    0   0   0   0   0   0   0   0   0   0   0  22   0   0  78   0   0   0   0   0  1.53 0.03
   29 W    -3  -3  -4  -5  -3  -2  -3  -3  -3  -3  -2  -3  -2   1  -4  -3  -3  11   2  -3    0   0   0   0   0   0   0   0   0   0   0   0   0   0   0   0   0 100   0   0  2.53 0.07
   30 G     0  -3  -1  -2  -3  -2  -2   6  -2  -4  -4  -2  -3  -3  -2   0  -2  -3  -3  -3    0   0   0   0   0   0   0 100   0   0   0   0   0   0   0   0   0   0   0   0  1.11 0.03
   31 G     0  -3  -1  -2  -3  -2  -2   6  -2  -4  -4  -2  -3  -3  -2   0  -2  -3  -3  -3    0   0   0   0   0   0   0 100   0   0   0   0   0   0   0   0   0   0   0   0  1.11 0.03
   32 V    -1  -2   0  -2  -1  -1  -2  -3  -2   3   1   0   2  -1  -2  -1   0  -3  -2   3    0   0  10   0   0   0   0   0   0  26   0   9   9   0   0   0   0   0   0  46  0.17 0.01
   33 F     0  -2  -1  -1  -2  -1   2  -2  -1  -1  -1  -1  -1   4  -2   0   2   0   2  -1   10   0   0   0   0   0  22   0   0   0   0   0   0  35   0   0  25   0   8   0  0.21 0.02
   34 T     0  -1   0  -1  -1  -1  -1  -1  -2  -1  -2  -1  -1  -2  -1   2   5  -3  -2  -1    0   0   0   0   0   0   0   0   0   0   0   0   0   0   0  25  75   0   0   0  0.45 0.03
   35 I    -1  -2  -2  -2  -1  -1  -2  -2  -1   3   1  -1   0   0  -1  -1   1  -1   2   1    2   1   1   1   0   1   2   2   1  51   2   1   1   1   1   2  16   0  11   2  0.11 0.01
   36 K    -1   1   0  -1  -2   1   0  -1  -1  -2  -2   3  -1  -2   4   0  -1  -2  -2  -2    2   1   1   1   0   1   2   2   1   1   2  54   1   1  23   2   1   0   1   2  0.42 0.01
   37 A     2  -1  -1  -1  -1   0   1   3  -1  -2  -2  -1  -1  -2  -1   0  -1  -2  -2  -1   38   1   1   1   0   1  17  32   0   1   2   1   0   1   1   1   1   0   1   1  0.28 0.01
   38 G     0   2   0  -1  -2   0  -1   4  -1  -3  -2   1  -2  -3  -2   0  -1  -2  -2  -2    1  24   1   1   0   1   1  53   0   1   2   9   0   1   1   1   1   0   1   1  0.44 0.02
   39 R     0   3   0   2  -2   1   0  -1  -1  -2  -2   2  -1  -2  -1   1   0  -2  -2  -2    1  33   1  14   0   1   1   1   0   1   2  18   0   1   1  22   1   0   1   1  0.28 0.03
   40 K    -1   1   0  -1  -2   1   0  -1  -1  -2  -2   4  -1  -3  -1   0   1  -2  -2  -2    1   1   1   1   0   1   1   1   0   1   1  69   0   1   1   1  16   0   1   1  0.38 0.06
   41 A     3  -2  -1  -2  -1  -1  -1  -1  -2   1  -1  -1   0  -2  -1   1   0  -2  -2   1   50   1   1   1   0   1   1   1   0  11   1   1   0   1   1  13   1   0   0  17  0.19 0.04
   42 V    -1  -2  -3  -3  -1  -2  -2  -3  -3   3   2  -2   2   0  -2  -2  -1  -2  -1   3    1   1   1   1   0   1   1   1   0  36  14   1   9   0   1   1   1   0   0  32  0.28 0.05
   43 S     0  -2  -1  -1  -2  -1  -1  -1   2  -2  -2  -1  -2   2   5   1   0  -2   0  -2    9   1   1   1   0   1   1   1   9   1   1   1   0  14  37  23   1   0   0   1  0.55 0.07
   44 C    -1  -2  -2  -2   6  -1   1  -2  -1  -1  -1  -1   1   3  -2  -1  -1   4   0  -1    2   1   1   1  28   1  15   2   0   1   2   1   9  20   1   2   1   9   1   1  0.31 0.06
   45 T    -1  -1   2  -1  -1   2   0  -1  -1   0  -1   0   0  -2  -1   0   2  -2  -1   1    2   1  19   1   0  20   1   2   0   5   2   1   5   1   1   2  21   0   1  15  0.13 0.04
   46 P    -1  -2  -2  -2  -2  -1  -1   0  -2   0   0  -1  -1   1   5  -1  -1  -2  -1  -1    2   1   1   1   0   1   1  11   0  10  11   1   0  11  42   2   1   0   1   1  0.56 0.05
   47 L    -1   0  -1   0  -2   2   2  -2  -1  -1   1   1   0  -1  -1  -1  -1  -2  -1  -1    2   1   1   1   0  20  23   2   0   1  30  10   0   1   1   2   1   0   1   1  0.17 0.04
   48 Y    -1  -1  -1  -2  -2  -1  -1  -2   0  -1   0  -1  -1   1  -2   0  -1   6   5  -1    2   2   1   2   1   1   2   2   1   2  11   2   1   1   2  13   2  16  36   2  0.46 0.07
   49 V     1  -1   0  -1  -2  -1  -1   2  -2   0  -1   1  -1  -2  -1   0   0  -2  -2   1   10   1   6   1   0   1   1  18   0   1   1  19   0   1   1   6   6   0   0  26  0.11 0.04
   50 E     1  -2  -1  -1  -2  -1   2   4  -2  -3  -3  -1  -2  -3  -2   1   1  -3  -2  -2    8   1   0   1   0   0  18  43   0   1   1   1   0   0   1  11  14   0   0   1  0.41 0.08
   51 I    -1  -2  -2  -2  -2  -1   1  -3  -2   3   0   0   0   1  -2  -2  -1  -2  -1   2    1   1   0   1   0   0  18   1   0  34   1   8   0   8   1   1   1   0   0  25  0.20 0.08
   52 R    -1   1   2  -1  -2   3   1  -2  -1  -1  -1   2   1  -2  -2   0   1  -3  -2   0    1   8  12   0   0  23   6   1   0   0   1  13   7   0   0   1  15   0   0  11  0.21 0.08
   53 L     0  -2  -2  -3  -2  -1  -2  -3   3   0   2  -2   1   1  -2   0  -1  -1   3   0    8   0   0   0   0   0   1   1  11   0  38   1   5   5   0   8   1   0  15   6  0.20 0.08
   54 K    -1   0   1  -1  -2   0  -1  -2   2  -2  -2   3  -2  -3  -2   1   3  -3  -2   0    1   0   9   0   0   0   1   1   6   0   1  31   0   0   0  14  28   0   0   7  0.29 0.11
   55 N     0  -2   7   0  -4  -1  -2  -2  -1  -4  -5  -1  -3  -4  -3  -1  -1  -5  -3  -4   10   0  90   0   0   0   0   0   0   0   0   0   0   0   0   0   0   0   0   0  1.31 0.28
   56 T    -1  -2  -1  -2  -2  -2  -2  -3  -3  -2  -3  -2  -2  -3  -2   2   6  -4  -3  -1    0   0   0   0   0   0   0   0   0   0   0   0   0   0   0  10  90   0   0   0  1.06 0.27
   57 C    -2  -5  -4  -5  10  -4  -5  -4  -5  -2   0  -5  -2  -3  -4  -2  -2  -4  -4  -2    0   0   0   0  90   0   0   0   0   0  10   0   0   0   0   0   0   0   0   0  2.18 0.34
   58 T     0  -2  -2  -2  -2  -2  -2  -2  -3   1  -2  -2  -1  -3   5   1   3  -4  -3  -1    8   0   0   0   0   0   0   0   0  17   0   0   0   0  29  12  34   0   0   0  0.58 0.15
   59 I    -2  -3  -4  -4  -2  -3  -4  -5  -4   4   3  -3   1  -1  -4  -3  -2  -3  -2   2    0   0   0   0   0   0   0   0   0  39  45   0   0   0   0   0   0   0   0  15  0.60 0.15
   60 D    -3  -3   0   7  -5  -2   0  -3  -2  -5  -5  -2  -5  -5  -3  -2  -2  -6  -5  -5    0   0   0 100   0   0   0   0   0   0   0   0   0   0   0   0   0   0   0   0  1.70 0.30
   61 G     0  -2   4  -1  -2  -1  -1   2  -1  -3  -1  -1  -2  -3  -2   2   1  -4  -3  -2    5   0  35   0   0   0   0  19   0   0  10   0   0   0   0  23   7   0   0   0  0.39 0.13
   62 F    -3  -4  -4  -4  -3  -3  -4  -1  -3  -1  -1  -4  -1   6   0  -3   0   7   1   0    0   0   0   0   0   0   0   5   0   0   0   0   0  54   5   0   7  21   0   8  0.92 0.20
   63 L    -2  -3  -3  -4  -2  -3  -3  -4  -3   1   5  -3   1   1  -3  -3  -2  -2  -1   0    1   1   0   1   0   0   1   1   0   6  78   1   0   6   1   1   1   0   0   1  0.56 0.15
   64 M     1  -2  -2  -3  -2  -2  -3  -3  -3   1   0  -2   6  -2  -3  -1   3  -3  -2   1   15   0   0   0   0   0   0   0   0   9   0   0  44   0   0   0  22   0   0   6  0.52 0.25
   65 L     0  -3  -2  -3   3  -2  -3   0  -3   3   1  -2   0  -1  -2  -1   1  -3  -2   2    8   0   0   0   9   0   1   7   0  31  15   1   0   0   0   1  13   0   0  13  0.21 0.11
   66 L    -2  -3  -4  -4  -2  -3  -4  -4  -3   2   3  -3   2   4  -4  -3  -2   4   0   0    0   0   0   0   0   0   0   0   0  16  44   0   7  23   0   0   0   7   0   0  0.54 0.18
   67 Y     0  -1  -2  -2   3   3  -1  -2   0  -1   0  -1   1   0  -2  -1   0   3   5  -1    8   1   1   1   7  19   1   1   0   1  11   1   5   1   1   1   7   5  28   1  0.29 0.14
   68 V     1   0  -2  -2   3  -1  -2  -2  -2   0   2  -1   0   1  -2   0  -1  -2  -1   1   20   7   1   1   7   1   1   1   0   1  26   1   0   7   1   6   1   0   1  17  0.11 0.08
   69 I     1  -2  -2  -2  -2  -1  -2  -2   2   2   3   0   1  -1  -2  -1  -1  -2  -1   0   15   1   1   1   0   1   1   1   9  17  42   6   0   1   1   1   1   0   1   1  0.20 0.11
   70 L    -1  -2  -2  -3   3  -2  -2   0   2   2   1   0   0  -1  -3  -2  -1  -2   1   3    0   0   0   0   9   0   0  10   7  12  17   7   0   0   0   0   0   0   6  30  0.17 0.11
   71 N    -1   3   2  -1  -3   1   0  -2  -1  -1  -1   3  -1  -3  -2   1  -1  -3  -2  -1    0  17  15   0   0   6   5   0   0   5   5  25   0   0   0  15   0   0   0   4  0.27 0.12
   72 E    -1   2   1   1  -3   3   2  -2  -1  -3  -3   1  -2  -3  -2   1  -1  -3  -2  -1    1  12   5   9   0  23  19   1   0   0   1   8   0   0   0  14   1   0   0   5  0.34 0.13
   73 N     0   0   3   1  -3   1  -1   1   4  -2  -2  -1  -2   0  -2   0  -1  -2   1  -1    8   7  21   8   0   6   1   9  17   0   1   1   0   5   0   5   1   0   6   5  0.22 0.10
   74 E     0   1   0   0   1   3   2  -2  -1  -2  -3   1  -2  -3   3   1  -1  -3  -2  -1    7   8   2   2   4  18  16   0   0   0   0   9   0   0  16  10   0   0   0   5  0.33 0.11
   75 N     0  -1   1  -1  -2   1  -1   2  -2  -1   0   0  -1  -2  -2   1   1  -3  -2  -1    5   0  10   0   0   7   0  21   0   0  16   7   0   0   0  17  10   0   0   4  0.15 0.09
   76 F    -2  -3  -3   0  -2  -2  -3  -3  -2   0   3  -3   2   5  -3  -2  -1  -1   2   0    0   0   0   8   0   0   0   0   0   0  32   0   9  34   0   0   4   0   5   5  0.40 0.16
   77 P     0  -2  -2  -2  -2  -1  -1  -2   0   0   1  -2  -1   0   4   1   1  -3  -2   0    5   0   0   0   0   0   5   0   2   6  19   0   0   4  27  15   9   0   0   5  0.35 0.12
   78 R    -1   4   2  -1  -3   0   0  -2  -1  -3  -1   2  -2  -3  -2   0   2  -4  -3  -2    5  35  16   0   0   0   5   0   0   0   5  15   0   0   0   5  15   0   0   0  0.40 0.17
   79 E     0   1   2   1  -3   0   2  -2  -1  -2   1  -1  -1  -2  -2   1   1  -3  -2  -2    7   7  14   8   0   0  23   0   0   0  18   0   0   0   0   9  14   0   0   0  0.21 0.12
   80 L    -1  -2  -3  -3  -2   0  -2   0  -3   0   3  -2   1   1  -3  -2   0  -2  -1   1    5   0   0   0   0   7   0  10   0   0  55   0   0   8   0   0   5   0   0   7  0.28 0.14
   81 S     0   0   2   1  -3   1   2   0   2  -2  -1  -1  -2  -3  -2   1   0  -3  -2   0    7   4  17   9   0   7  16   6   6   0   6   0   0   0   0  11   4   0   0   8  0.17 0.09
   82 L    -1  -1   1   1  -2   0  -1  -2  -2   1   2   0   2  -1  -2   0   0  -2  -2   1    1   1   7  11   0   3   1   1   0   6  34   9   6   0   1   6   5   0   0   8  0.11 0.08
   83 H    -1  -1  -1  -2  -2   2  -1   0   5   0  -1  -1  -1   0  -2   1   0  -2   1   0    1   1   0   1   0  11   1   7  26   9   6   1   0   3   1  16   7   0   4   5  0.23 0.13
   84 F    -1   1  -1   1  -3   3   1   0  -1  -1   0   0  -1  -2   1   0  -1  -3  -2  -2    0   7   0  11   0  24   4   9   0   6  16   4   0   2   7  11   0   0   0   0  0.17 0.12
   85 G     1  -2  -1  -2  -2  -2  -2   4  -3  -1  -1  -2  -2  -3  -2   2   2  -3  -3  -2    7   0   0   0   0   0   0  38   0   6   7   0   0   0   0  26  17   0   0   0  0.45 0.19
   86 R     1   1   0   2  -3   0   1   3  -2  -3  -3   0  -2  -3  -2   2  -1  -3  -3  -3    9  11   0  17   0   0  11  23   0   0   1   3   0   0   0  20   0   0   0   1  0.32 0.12
   87 E     0   1  -1   1  -2   1   2  -2   1   0  -1   1  -1   0  -2   0  -1  -2  -1  -1    7   8   1  10   0   7  16   1   5  13   1  11   0   7   1  10   1   0   0   1  0.12 0.07
   88 F     0  -2  -2  -3  -2  -2  -2  -3  -2   1   2  -1   0   3  -2  -1   1  -1   2   1    6   0   0   0   0   0   1   1   0   5  23   6   0  19   0   1  16   0   7  12  0.19 0.10
   89 V    -1  -2  -3  -3   4  -2  -3  -3  -3   2   2  -2   0   2  -2  -1  -1  -2  -1   2    1   1   1   1  12   1   1   1   0  19  29   1   0   9   1   7   1   0   0  15  0.26 0.11
   90 D     1   3   1   2  -2   0   2  -1  -1  -3  -3   2  -2  -3  -1   1  -1  -3  -2  -2   16  19   6  11   0   1  17   1   0   1   1  15   0   1   1   8   1   0   0   1  0.28 0.10
   91 C    -1   0   1   2   5   0   1   0   0  -2  -2   1  -2  -3  -2   0   1  -3  -2  -2    1   7   5  12  18   1  13   7   3   1   1   9   0   1   1   6  14   0   0   1  0.24 0.10
   92 F     1   0  -2  -2  -2  -1  -2   0  -1   1  -1  -1  -1   2  -2   0   0  -1   2   1   19   7   1   1   0   1   1   6   0  11   1   1   0  14   1   7   8   0   9  12  0.09 0.07
   93 L    -2  -3  -4  -4  -2  -3  -3  -4  -3   1   4  -3   1  -1  -3  -3   0  -3  -2   2    0   0   0   0   0   0   0   0   0   5  68   0   0   0   0   0   7   0   0  15  0.59 0.21
   94 Y    -2   2   2   0  -3   2  -1  -3   3   0  -2   1   1   2  -3  -1  -2  -2   2  -2    0  13  13   7   0  14   0   0  10   7   0  11   5  12   0   0   0   0  10   0  0.24 0.14
   95 L    -2  -2  -3  -4  -2  -2  -3  -4  -3   2   4   0   3  -1  -3   0  -1  -3  -1   2    0   0   0   0   0   0   0   0   0  13  50   7   8   0   0   9   0   0   2  12  0.38 0.17
   96 M     0  -2  -3  -3  -2   1   0  -3  -2   3   1  -2   5  -1  -3  -2  -1  -3  -2   2    6   0   0   0   0  11   7   0   0  23  11   0  30   0   0   0   0   0   0  11  0.34 0.18
   97 D    -1  -1   0   5  -3  -1   1   0  -2  -2   0   0  -2  -3  -2  -1   1  -3  -2  -2    1   1   1  44   0   1   9   8   0   1  11   7   0   1   1   1  12   0   0   1  0.38 0.13
   98 T     1   0  -1   1   1   1   1  -1  -1  -1   0   0  -1  -2  -1   1   1   3  -1  -1   13   7   1   7   5   8  12   1   0   1  13   1   0   1   1  14   9   6   0   1  0.12 0.06
   99 Y    -1  -2  -1  -2   4  -1   0   3   1  -2  -3   0  -2  -2  -2   1  -1  -2   1  -1    1   0   0   0  14   0   7  33   6   0   1   7   0   0   0  15   1   0   7   6  0.31 0.12
  100 S    -1  -1   1   2  -3   3   1  -2   1  -2   0  -1  -1   1  -2   1  -1  -2  -1  -2    1   0   6  17   0  23   7   1   5   0  10   0   0  11   0  16   1   0   0   1  0.22 0.12
  101 F    -3  -3  -4  -4  -3   0  -3  -4   1   0   2  -3  -1   3  -4  -3  -3   7   6  -2    0   0   0   0   0   5   0   0   4   6  22   0   0  13   0   0   0  16  34   0  0.81 0.24
  102 T     1   0   1   0  -2  -1   0   0  -2  -2  -2  -1   3  -2  -2   0   3  -3   0  -1   18   7  10   5   0   0   6   5   0   0   0   0  12   0   0   0  32   0   5   0  0.24 0.17
  103 T    -2  -2   0   5  -4  -1   2  -3   3  -4  -2   0  -3  -4  -3   0   1  -5  -3  -3    0   0   0  52   0   0  14   0  10   0   4   7   0   0   0   4   9   0   0   0  0.71 0.23
  104 V     4   0  -2  -3  -2  -2  -2   4  -3  -2  -3  -2  -2  -3  -3  -1  -2  -4  -3   1   47   6   0   0   0   0   0  34   0   0   0   0   0   0   0   0   0   0   0  13  0.57 0.23
  105 K    -2   3   1  -2  -4   0  -1  -3   2  -4  -3   5  -3   1  -3  -2  -2  -4  -2  -4    0  16   9   0   0   0   0   0   5   0   0  63   0   7   0   0   0   0   0   0  0.79 0.28
  106 L    -1  -3  -3   1  -2  -2  -2  -3  -3   2   4  -3   2  -1  -3  -2  -2  -3  -2   1    6   0   0  12   0   0   0   0   0  13  54   0   4   0   0   0   0   0   0   9  0.39 0.16
  107 L    -2   1  -1   2  -3   0   1  -3  -2   0   2  -1   1   2  -3  -2  -2  -2  -1   0    0  13   0  17   0   4  11   0   0   0  25   0   5  12   0   0   0   0   0  10  0.17 0.11
  108 W    -3  -3  -4  -5  -4   2  -3  -4  -3   2  -1  -3  -2   3  -5  -4  -3  10   2  -2    0   0   0   0   0  12   0   0   0  17   5   0   0  11   0   0   0  50   5   0  1.56 0.36
  109 I    -2   0  -4  -4  -2  -3  -4  -5  -4   4   3  -3   2  -1  -4  -3  -2  -3  -2   2    0   7   0   0   0   0   0   0   0  38  38   0   5   0   0   0   0   0   0  12  0.54 0.19
  110 W    -2   2  -2  -2  -3   1   0  -3   4  -3  -1   1  -2   0   1  -1  -2   7   0  -3    1  14   0   0   0   6   6   1  14   0   5  13   0   5   6   5   0  23   0   1  0.55 0.17
  111 D    -1  -1   3   3   2   1   0  -2   2  -3  -3   1  -2  -2  -2   2   0  -3   0  -3    1   0  16  21   5   6   1   1   5   0   1  11   0   0   0  20   5   0   5   1  0.31 0.13
  112 K     0   1   0  -1  -3   1   2   0  -1  -2   0   2  -1  -2   0  -1   0  -3  -2  -1    6   9   6   0   0   5  19   8   0   0  11  19   0   0   5   1   5   0   0   6  0.15 0.08
  113 M     0  -2  -2  -2  -2   0  -2  -2   1   1   2   0   4   2  -2   1   0  -2  -1   0    5   0   0   0   0   5   1   1   5   9  20   5  19  10   0  13   4   0   0   1  0.15 0.11
  114 E     0  -1  -1   1  -2   2   3  -2  -1   1  -2   1  -1  -2  -2   1  -1  -3  -2   0    6   0   0   7   0   8  29   1   0  13   1  11   0   0   1  11   1   0   0   9  0.22 0.12
  115 K    -1   1  -2  -2  -3   0  -1  -3  -2   1   1   3   0  -2   1  -1  -1  -3  -2   0    1   7   0   1   0   4   1   1   0  12  20  36   0   0   6   5   1   0   0   5  0.23 0.13
  116 Q    -1   1   1  -1  -3   2   1   0  -1  -1  -1   1  -1  -2   0   0  -1  -2   1   0    1   8  11   1   0  13  11   6   0   0   5  13   0   0   4   5   1   0   8  12  0.13 0.08
  117 Q    -1   1   2   1  -3   3   1  -2  -1   1   0   0   1  -2  -2  -1  -1  -2   0   0    5  11  11   7   0  21   7   1   0  13   6   1   4   0   0   1   1   0   5   5  0.15 0.10
  118 Y    -2  -2  -2  -3  -3  -2  -2   0   3  -1   0  -1  -1   4  -3  -2   0   0   5   0    1   0   0   1   0   0   1   7   8   0  10   5   0  18   0   1   5   0  31  10  0.39 0.16
  119 K     0   0   1   2  -2  -1   0   1  -1  -2  -3   2  -2  -3   2   1   1  -3  -2  -1    5   5   7  16   0   0   1  13   0   0   1  16   0   0   9  13   9   0   0   4  0.23 0.08
  120 S     0  -1   2  -1  -2   1   0   0   1  -2  -1  -1  -1  -2   0   3   1  -3  -2  -2    1   1  13   1   0   5   5   8   4   1   8   1   0   1   5  35   9   0   0   1  0.23 0.11
  121 E    -1   2  -1   0   2   2   2   1  -1  -3  -1   2  -2  -3  -2   0  -1  -3  -2  -2    1  11   0   4   7  12  18  13   0   1   6  18   0   0   1   6   1   0   0   1  0.25 0.10
  122 V    -1  -2   0   0  -1  -1  -1  -2  -2   2  -1  -1  -1  -2   1   1   2  -2  -2   2    1   1   6   6   0   1   1   1   0  19   2   1   0   1   5  14  19   0   1  19  0.15 0.09
  123 H     0  -1   0   2  -2   1   0  -2   6  -2  -2  -1  -1  -2  -2   1  -1   3   0   0    7   1   1  14   0   5   1   2  29   1   2   1   0   1   1  15   1   4   1  12  0.31 0.13
  124 K     0   1   1   0  -2   2   1  -1  -1  -1  -1   3  -1  -2  -1   0  -1  -2  -1  -1    7   4   7   2   1  10   9   3   1   7   4  32   1   2   2   3   2   1   1   3  0.17 0.06
  125 A     2   0  -1   1  -1   0   0   0  -1  -1   0   1  -1  -1  -1   0   0  -1  -1   0   24   2   2   9   1   2   2   7   1   2  10  15   1   2   2   3   7   1   1   7  0.06 0.04
  126 S     0  -1   1   1   3  -1  -1   2  -1  -2  -2  -1  -1   0  -1   1   0  -1  -1  -1    7   2   6   8   9   2   2  22   1   2   3   2   1   6   2  14   8   0   1   2  0.14 0.05
  127 L     0   0  -1  -1  -1   0  -1   0  -1   0   1   0   1  -1   2   0   0  -1  -1   0    4   7   2   3   1   2   3   8   1   9  21   9   3   2   9   3   8   1   2   3  0.05 0.02
  128 I    -1   2   1  -1  -2   0   2  -2   1   0   0   0  -1  -2  -1  -1   0  -2  -1   1    2  20   8   1   0   1  17   2   5   6   7   1   1   1   1   2   6   0   1  18  0.11 0.07
  129 I    -1  -2  -2   0  -2  -2  -2  -3  -1   2   2  -2   2   2  -2  -2  -1  -1   3   1    1   1   1   7   0   1   1   1   0  20  20   1   6  12   1   1   1   0  13  12  0.20 0.09
  130 D    -3  -3   1   7  -5  -2   1  -3  -3  -5  -5  -2  -5  -5  -3  -2  -3  -6  -5  -5    0   0   4  89   0   0   7   0   0   0   0   0   0   0   0   0   0   0   0   0  1.67 0.40
  131 L     0  -3  -4  -5   3  -3  -4  -4  -4   0   4  -3   4   1  -4  -3  -2  -3  -2  -1    8   0   0   0   9   0   0   0   0   0  66   0  13   4   0   0   0   0   0   0  0.68 0.25
  132 F    -3  -3  -4  -4  -4  -3  -1  -4  -1  -2   0  -1  -2   5  -4  -3  -3   7   6  -3    0   0   0   0   0   0   6   0   0   0   7   4   0  36   0   0   0  17  30   0  1.07 0.29
  133 G     1  -3  -2   0  -3  -3  -3   6  -3  -4  -2  -3  -3  -4  -3   0  -2  -4  -4  -3   13   0   0   5   0   0   0  72   0   0   4   0   0   0   0   7   0   0   0   0  1.02 0.27
  134 N    -2  -2   6   2  -3  -1  -1  -2  -1  -4  -5  -2  -3  -4  -3   4  -1  -5  -3  -4    0   0  51  12   0   0   0   0   0   0   0   0   0   0   0  36   0   0   0   0  0.96 0.32
  135 E    -2  -1  -1   0  -4   0   6  -3  -2  -3  -3   1  -3  -4  -2   0   1  -4  -3  -1    1   0   0   0   0   0  67   0   0   0   1   6   0   0   0   7  11   0   0   5  0.77 0.26
  136 H     1   1  -1  -2   4  -1   0  -1   6  -3  -3   0  -2   0  -2   0  -2  -2   1  -2   19   7   0   0  13   0   5   4  30   0   1   5   0   4   0   5   0   0   4   0  0.41 0.17
  137 D    -2   0   1   4  -3   0   3  -1  -1  -3  -1  -1  -2  -3  -2   1  -1  -3   0  -3    1   6   7  31   0   0  27   5   0   0   7   0   0   0   0  10   0   0   4   0  0.40 0.15
  138 N     0  -2   3  -2  -2  -2  -2  -2  -1   1  -1  -1   2   3  -3   1  -1  -2   2   0   11   0  19   0   0   0   0   0   0  13   0   4  10  19   0  11   0   0   8   5  0.21 0.15
  139 F    -3  -4  -4  -5  -3  -4  -4  -5  -3   2   2  -4   0   7  -5  -4  -3  -1   3   0    0   0   0   0   0   0   0   0   0  13  19   0   0  57   0   0   0   0   6   4  0.93 0.27
  140 T    -2  -3  -2   0  -2  -2  -2  -4  -3   2   3  -3   0  -1  -3  -1   3  -3   1   2    0   0   0   8   0   0   0   0   0  11  36   0   0   0   0   0  25   0   5  15  0.32 0.17
  141 K    -2   4   1   2  -4   0   1  -3  -1  -3  -3   2   1  -4   0   0   0  -4  -3  -3    0  34   7  15   0   0  11   0   0   0   0  13   7   0   5   4   5   0   0   0  0.43 0.17
  142 N    -2  -1   3  -1   1  -1   0  -3   5  -1   2   0  -1  -2  -3   0  -1  -3  -1  -2    1   0  20   0   4   0   5   0  19   0  35   6   0   0   0   7   0   0   0   0  0.30 0.17
  143 L    -1  -3  -4  -4  -2  -3  -3  -4  -3   1   4  -3   3   3  -3  -3  -2  -2  -1   1    6   0   0   0   0   0   0   0   0   5  55   0   9  13   0   0   0   0   0   7  0.47 0.17
  144 E    -1   1   0   1  -3   0   3   0  -1  -2  -1   1  -2   1   0   1   0  -2   1  -2    1   9   3   4   0   0  32   6   0   0   5   6   0   7   5  10   4   0   7   0  0.21 0.11
  145 N    -1   2   3  -1  -3   0   0   1   1  -3  -3   1  -2  -2   2   0   0  -3   0  -1    1  14  22   0   0   0   6   9   4   0   1   8   0   0  12   6   6   0   5   4  0.26 0.11
  146 L     0  -2  -3  -3  -2  -2  -3  -3  -2   2   3  -2   2   2  -3  -2  -1  -1   3   1    7   1   1   1   0   1   1   1   0  14  38   1   7   9   1   1   1   0  12   6  0.30 0.11
  147 M    -1  -1  -1  -2  -2   1  -1  -2  -2   1   2  -1   4  -1  -2   1   1  -2  -2   0    1   1   1   1   0   9   1   1   0   6  27   1  18   1   1  18  10   0   1   1  0.19 0.12
  148 S     1   1   0  -1  -1  -1  -1   1  -1   0  -1  -1   0   1  -1   1   0  -2  -1   0   21  11   6   1   0   1   1  10   0   6   2   1   4   8   1  14   5   0   1   8  0.08 0.06
  149 T    -1  -1   3  -1  -2  -1   0  -2  -1   0  -1  -1  -1  -2   1   1   3  -3  -2   0    1   1  21   1   0   1   8   1   0   7   7   1   0   1   5   8  25   0   1  10  0.19 0.10
  150 I    -1  -1   1   1  -2  -1   1  -2  -1   1   1  -1   0  -1  -2   0   2  -2   0   0    1   1   9   7   0   1  12   1   0  16  14   1   0   1   1   6  21   0   5   1  0.10 0.08
  151 Q    -1  -1  -1  -2  -2   4   0  -2  -1   1   0   1   0   0  -2   0   1  -2  -1   1    1   1   1   1   0  29   1   1   0  11  11   8   0   5   1   6   8   0   0  14  0.18 0.12
  152 E    -1   0   0  -1   1   1   2  -2  -1  -1  -2   0   0  -2  -2   2   1  -2   0   0    1   6   5   1   4   5  15   1   0   1   1   5   4   1   1  20  12   0   5  12  0.13 0.08
  153 S     0   1  -1   1  -2   2  -1  -2  -2  -3  -3   0  -2  -4  -2   4   2  -4  -3  -2    4   8   0   6   0   9   0   0   0   0   0   5   0   0   0  49  18   0   0   0  0.50 0.22
  154 Y    -1   2  -2  -2  -2  -1  -2  -3  -2   1   0  -1  -1  -1  -2   0   4  -2   2   1    0  13   0   0   0   0   0   0   0   7  10   0   0   0   0   7  39   0  10  11  0.29 0.17
  155 C    -2  -5  -5  -5  11  -5  -6  -5  -5  -3  -1  -5  -3  -4  -5  -3  -3  -4  -4  -3    0   0   0   0  90   0   0   0   0   0   5   0   0   0   0   0   0   0   0   0  2.53 0.53
  156 S    -1   0   1   0   1  -1  -1  -2  -2  -3  -1  -1  -2   0   0   4   2  -3   1  -2    0   7   4   6   4   0   0   0   0   0   4   0   0   5   3  46  14   0   7   0  0.33 0.19
  157 N    -1  -2   4   1  -3  -1   1  -2  -1  -2   1  -1  -1  -3  -3   2  -1  -4  -3   0    0   0  33   7   0   0  12   0   0   0  19   0   0   0   0  23   0   0   0   6  0.35 0.19
  158 W    -1   2   0   1   2   2  -1  -2  -2  -2  -1  -1  -2  -3   3   0  -1   3  -2  -1    3  16   5  10   6  16   0   0   0   0   7   0   0   0  18   9   2   5   0   5  0.30 0.14
  159 R     1   1  -1   1  -3   0   2   0   1  -3  -3   1  -2   0  -2   0   2  -3   1  -2   13  10   0  10   0   2  15   6   4   0   0  13   0   5   0   0  17   0   5   0  0.19 0.11
  160 C    -2  -4  -4  -5  10  -4  -4  -4   2  -3  -3   0  -3  -4  -4   0  -2  -4  -4  -3    0   0   0   0  80   0   0   0   6   0   0   8   0   0   0   7   0   0   0   0  2.08 0.46
  161 P    -2   1  -3  -3  -4   1  -2   1  -3  -3  -1  -1  -3  -4   7  -2  -2  -4  -3  -3    0  11   0   0   0   8   0  11   0   0   8   0   0   0  58   0   0   0   0   0  1.18 0.27
  162 T     1   0   2  -1  -2   0  -1   0   3  -1   0   0  -1  -2  -2   1   3  -3  -2  -1   11   4  11   0   0   4   0   4  11   2   9   5   0   0   0   8  28   0   0   0  0.19 0.12
  163 R    -1   5  -1  -2  -3   1   0  -2  -1  -2  -1   1  -1  -3   2   0   0  -3  -2  -2    5  43   0   1   0   5   6   1   0   1   9   5   0   0   9   7   7   0   0   1  0.39 0.15
  164 V    -1  -2  -2  -2  -2   1  -1  -3  -2   2   1   0   1   0  -2   1   1  -3  -2   2    0   0   0   0   0  11   0   0   0  15   9   5   4   4   0  15  13   0   0  21  0.15 0.11
  165 Q    -1   1   2  -1   2   3   2  -2   3  -2  -1   1  -1  -2  -2   0  -1  -3   0  -1    0   9  11   0   5  21  15   0  11   0   7   5   0   0   0   6   0   0   4   4  0.26 0.13
  166 E     0  -1   3   0  -3   0   3  -2  -1  -3  -3   0  -2  -3  -2   2   3  -4  -3  -2    7   0  21   0   0   0  30   0   0   0   0   2   0   0   0  16  21   0   0   0  0.46 0.19
  167 D     0  -1  -1   2  -2  -1  -1  -2  -2   1  -1  -2  -1  -2  -2   1   2  -3   0   2    7   4   0  18   0   0   0   0   0   7   4   0   0   0   0   9  23   0   5  22  0.18 0.12
  168 Q    -2   2  -2  -2  -3   2  -1  -3   0   0   0   2  -1   2  -1  -2  -2  -1   3   0    0  14   0   0   0  15   0   0   2   5   7  21   0  11   2   0   0   0  14   7  0.24 0.13
  169 Q    -1   2   3   1  -3   1   0  -2   2  -3  -2   1   1   0  -2   2   1  -3  -1  -2    1  13  16   6   0   6   5   1   7   0   1   6   5   5   0  17  11   0   0   0  0.23 0.16
  170 R    -1   1   1   0   1   0  -1   0   2  -1  -2   1   0   0  -2   1   1  -2   1  -2    1   9   7   6   4   3   0   8   8   4   1  13   3   5   0  11   9   0   7   0  0.11 0.10
  171 T     0  -2   0  -2  -2  -2  -2   1  -2   1   1  -2   0  -2  -2   1   3  -3  -2   0    6   1   4   1   0   0   1  10   0   7  22   1   0   0   1  14  24   0   0   6  0.17 0.14
  172 I     0  -2  -2  -3  -2  -2  -2   0  -2   3   1  -2   2   1  -2   0   1  -2   1   1    8   1   0   1   0   0   1   8   0  30  11   1   6   6   1   6   8   0   6   7  0.16 0.13
  173 N     0   0   3  -1   1   0   0  -2  -1   0  -1  -1  -1  -2   1   2  -1  -3  -2   1    6   4  21   1   4   4   4   1   0   5   6   1   0   0   6  21   1   0   0  15  0.16 0.14
  174 I    -1  -2  -3  -3   5  -2  -3  -3  -3   3   2   0   0   1  -3  -2   0  -3  -2   1    6   0   0   0  17   0   0   1   0  23  24   7   0   7   0   1   6   0   0   6  0.32 0.18
  175 N     0  -1   3   1  -3   1  -1   1   4  -3  -3   1  -2  -3   1   1   0  -3  -2  -3    9   0  17   7   0   5   0  11  13   0   1  12   0   0   8   8   6   0   0   0  0.28 0.15
  176 P    -1   1  -2  -2   2   0  -1  -2  -2   0   0  -1  -1   1   4   0   0  -2  -1   0    1   9   1   1   5   6   1   1   0   6  13   1   0   8  22  11   6   0   0   7  0.23 0.12
  177 P     0  -1  -1  -1   4   0   1   1   3  -2  -2  -1  -2  -2   2   1   1  -3  -1  -2    1   1   1   1  13   1  13  13  13   1   1   1   0   0  13  13  13   0   0   1  0.27 0.08
  178 Q     0  -1   1  -1  -2   1   0  -2   5  -2   0   0   1  -2  -2   0   2  -2   1  -2    6   1   6   1   0   8   6   1  20   1   9   6   5   0   1   6  18   0   5   1  0.21 0.14
  179 E    -2  -1   2   4  -3   2   3  -2   2  -3  -3  -1   1  -3   1   0  -1  -3  -2  -3    1   1  10  28   0  12  19   1   6   1   1   1   5   0   6   7   1   0   0   1  0.43 0.17
  180 I     0   1  -1   0  -2  -1  -1   1   3   0   0   1   2  -2   2  -1  -1  -3  -1  -1    6   9   0   5   0   0   1  12  12   7  10  12  11   0  13   1   1   0   0   1  0.15 0.11
  181 P    -1  -1   0   0  -3  -1   0  -2  -2  -1  -1   2  -1  -3   5   0   0  -3  -2   0    1   1   4   6   0   0   5   1   0   1   8  18   0   0  30   6   7   0   0  11  0.42 0.15
  182 H     0   1   1  -1  -2  -1  -1   2   4   0  -1  -1  -1  -2  -2   1   0  -3  -1  -1    6  11   8   1   0   0   1  18  18   9   8   1   0   0   1  10   6   0   0   1  0.18 0.12
  183 G    -1   0   1   1   2   1   1   3   1  -3  -3   1  -2  -3   1   0  -1  -3  -2  -3    1   6   6  10   5   6  12  29   5   0   1   9   0   0   5   5   0   0   0   0  0.30 0.12
  184 N    -1   0   2   4  -3  -1   0  -2  -2  -3  -3   0  -3   0  -2   2   1  -3  -2  -3    1   5  14  34   0   0   0   0   0   0   1   6   0   6   0  21  10   0   0   0  0.44 0.20
  185 L    -1   0  -2  -2  -2  -1   0  -2  -2   1   1  -1   3  -1   3   0   1  -2  -2   0    1   6   1   1   0   1   7   1   0  11  14   1  17   1  15   5  11   0   1   6  0.20 0.11
  186 I     0  -2  -3  -3  -2  -2  -2  -3  -2   3   1   0   1   1   2  -2  -1  -2   1   2    6   0   0   1   0   0   1   1   0  28  16   7   4   6  10   1   1   0   6  12  0.20 0.11
  187 R    -1   0   1  -1   2   4   0   0  -1  -3  -3   0  -2   2  -2   2   0  -2  -1  -3    1   3   6   0   6  34   0   6   0   0   1   5   0  11   0  21   5   0   0   0  0.35 0.22
  188 L     0   0   1   1  -2   1   0   0  -1   0   0   1  -1   0  -2   1  -1  -3  -1   0    9   2  11   9   0   9   0   6   0   7   9  10   0   6   0  14   0   0   0   7  0.06 0.07
  189 A     3  -2   0  -2  -2  -1   1  -1  -2   0  -1  -1  -1  -2   1   1  -1  -3   1   1   37   0   5   0   0   0  11   0   0   6   5   0   0   0   5  11   0   0   5  11  0.19 0.14
  190 V    -1  -2   2   0   4  -2  -2  -3  -2   0   2  -2   0  -1  -3   0  -1  -2   1   2    1   0  15   5  11   0   0   0   0   0  29   0   0   0   0   6   0   0   7  23  0.22 0.16
  191 N    -1   0   1   4  -3  -1   1   0  -1   0  -1  -1  -2  -2  -2   0   1  -3   0  -1    1   5   7  31   0   0  10   6   0   6   7   0   0   0   0   6  11   0   4   5  0.22 0.13
  192 E     0  -2   1   3   2  -1   2  -2  -2  -2  -3  -1  -2  -3   1   1   0  -4  -3   0    6   0   6  24   6   0  21   0   0   0   1   0   0   0   6  12   5   0   0  11  0.30 0.15
  193 L     0  -2  -2  -2  -2  -2  -1   1   1   1   2  -2   0   2  -2  -2  -2   5   0  -1    9   1   1   1   0   1   6  11   5   7  31   1   0  12   1   1   1  11   0   1  0.22 0.13
  194 F    -2   1   0   0  -3   0  -1  -3   1   0   0  -1  -1   4  -2  -1   0   4   2  -1    1  11   6   6   0   6   1   1   5   6   8   1   0  28   1   1   6   6   6   1  0.23 0.13
  195 C     0  -2   0  -2   7  -1   0   0   2  -1  -1  -2  -1  -2  -2   0  -1  -2  -2   0    8   1   6   1  31   1   7   8   7   1   7   1   0   1   1   9   1   0   1   8  0.35 0.15
  196 S     1  -1   1   1  -2   2   1  -1  -1  -2  -2   0  -2  -3   3   2   1  -3  -2  -2   12   1  10   6   0  11   7   1   0   1   2   5   0   1  18  17   7   0   1   1  0.31 0.10
  197 K     0   0   1  -1  -2   1   1   2   3  -3  -2   1  -2  -2   1   1  -1  -2  -1  -2    6   4   6   1   0   7   7  16  13   1   2  15   0   1   6  12   1   0   1   1  0.22 0.09
  198 I    -1  -1  -1  -1  -2   0   0  -2   2   1   0   0   0  -1   1   0   1  -2  -1   1    2   1   1   1   0   6   7   2  10  16  12   6   1   1   8   7  10   0   1   8  0.08 0.06
  199 E    -1   1  -1  -1  -3   1   3  -2   1  -2   0  -1  -1   0   3   2  -1  -3  -2  -2    1   7   0   1   0   5  30   1   5   1  11   1   0   5  13  20   1   0   0   1  0.29 0.16
  200 L     0  -2   0  -2  -2  -1   0  -2  -2   2   2  -2   0   1   1   0  -1  -2   1   1    6   1   7   1   0   0   7   1   0  16  26   1   0   5   7  11   1   0   6   6  0.10 0.08
  201 C     0  -2  -2  -3   8   0  -2  -2  -2  -1  -1  -2  -2  -3   3   0  -1  -3  -2   0    8   1   1   1  40   7   1   1   0   1   5   1   0   1  14   6   1   0   1  10  0.66 0.22
  202 E    -1   0   0   2   2   1   2   1  -1  -3  -3  -1  -2  -3  -2   2   1  -3  -2  -2    1   5   0  13   7   6  22  11   0   0   1   0   0   0   0  20  12   0   0   1  0.29 0.14
  203 E    -2   1  -1   1   2   1   3   0   2  -2  -2  -1  -2   0  -2  -1  -2   6  -1  -1    1  10   0   6   7   6  27   7   7   0   1   0   0   5   0   1   1  14   0   6  0.35 0.17
  204 H    -1  -1   2  -1  -2   1   1  -2   2  -1  -1  -1  -1   1  -2   1   1  -1   3  -1    1   0  13   0   0   9  11   1   6   5   6   0   0   6   0  15  11   0  14   1  0.17 0.12
  205 G     0   1  -1   1  -2   1  -1   3  -1  -3  -2   1  -2   1  -2   1  -1  -2  -1  -2    8  11   1   8   0   7   1  27   0   1   1  10   0  11   1  12   1   0   0   1  0.22 0.11
  206 C    -2  -2  -3  -4   9  -2  -3  -4  -4  -3  -3   3  -3  -4  -4  -2  -2  -4  -4  -2    0   0   0   0  72   0   0   0   0   0   0  28   0   0   0   0   0   0   0   0  1.61 0.20
  207 G    -1   0   1   1  -3   2   0   1   2  -2  -3   3  -2  -3  -2   1  -1  -3  -2  -1    0   0   8   8   0   9   0  12   7   0   0  34   0   0   0  14   0   0   0   8  0.26 0.07
  208 G    -1  -3  -1  -2   1  -2  -3   5  -3  -2  -3  -2  -2  -3  -3   1  -2  -3  -3   1    0   0   0   0   4   0   0  65   0   0   0   0   0   0   0  12   0   0   0  14  0.77 0.17
  209 L    -1   1  -1  -2   3   1   0  -3   1  -1   2  -1   0   0  -2   0   1  -2  -1  -1    0  12   0   0   8   9   5   0   6   0  33   0   0   4   0   6  14   0   0   0  0.14 0.09
  210 R    -2   6  -2  -3  -4   2  -1  -3  -1  -3  -3   2   1  -4   0  -2  -2  -4  -3  -1    0  61   0   0   0   8   0   0   0   0   0  14   5   0   5   0   0   0   0   6  0.78 0.20
  211 E    -1   1  -1   2  -3   3   2  -3  -1  -2  -2   2  -2  -3  -2  -1   2  -3  -2   0    0   8   0  12   0  16  19   0   0   0   0  18   0   0   0   0  18   0   0   9  0.33 0.11
  212 F    -1  -3  -1  -3  -2  -3  -3  -3  -2   1   0  -3  -1   5  -3   0  -1   4   2   1    5   0   3   0   0   0   0   0   0   6   4   0   0  43   0   8   4   7   3  16  0.46 0.14
  213 S    -1   2   1   2  -2  -1   0  -2   1  -2   1  -1  -1  -2  -2   2   1  -3  -2  -2    0  14   5  17   0   0   5   0   4   0  21   0   0   0   0  22  12   0   0   0  0.19 0.10
  214 Q    -1   1   1  -1  -3   4   2  -2  -1  -3  -3   2  -2  -4   3   0   2  -3  -3  -3    0   5   7   0   0  27  11   0   0   0   0  12   0   0  17   4  18   0   0   0  0.48 0.14
  215 R     0   4  -2  -2  -3   0  -1  -3  -2   0  -1   2   2  -3   0  -1   1  -3  -2   0   11  34   0   0   0   0   0   0   0   8   0  11  10   0   5   0  13   0   0   7  0.28 0.12
  216 I    -1  -2  -1  -2  -2   2   1  -3   1   1   0  -1   1   1  -3   0   2   5  -1   0    0   0   3   0   0  14  11   0   5  10   6   0   4   6   0   6  17  11   0   7  0.21 0.11
  217 F    -2  -3   0  -3  -3  -3  -3  -3  -2   0   0  -3   3   6  -3  -2  -2  -1   2   1    1   0   6   0   0   0   0   0   0   0   1   0  11  50   0   0   0   0   6  16  0.58 0.20
  218 C    -1  -2  -1   1   5  -2  -1  -2  -2   1   0  -2  -1  -2  -2   1   2  -2  -2   1    1   1   1  11  21   1   1   1   0  12   7   1   0   1   1  13  16   0   1  11  0.23 0.09
  219 H    -1  -1   1  -1  -2   0   2   0   5  -3  -3  -1  -2  -2  -2   2   1  -3  -1  -2    1   1   7   1   0   1  17   6  24   1   2   1   0   1   1  28   7   0   1   1  0.37 0.13
  220 G    -1   2  -1  -2  -3  -1   0   2  -1  -2  -2   1  -2   2   0   1  -1   4   0  -2    1  16   0   1   0   0   7  20   0   1   1   9   0  17   5  13   1   7   0   1  0.23 0.10
  221 A     0   0   0  -1  -2  -1  -1  -2  -2   0  -1   1  -1  -2   4   0   2  -3  -2   0   10   6   6   1   0   0   1   1   0   6   7  12   0   0  22   6  17   0   0   4  0.28 0.08
  222 P     1  -2   0  -2  -3  -2  -2   0  -2   0  -1  -2  -2  -3   6  -1  -2  -3  -3  -1   13   1   6   1   0   0   1   7   0  10   7   1   0   0  50   1   1   0   0   1  0.85 0.17
  223 P    -2  -4  -4  -4  -3  -3  -3  -4  -3   2   0  -3  -2  -2   6  -3  -2   8   1   0    0   0   0   0   0   0   0   0   0  21   6   0   0   0  40   0   0  23   5   5  1.13 0.25
  224 F    -1  -4  -4  -4  -3  -3  -4  -4  -3   2   3  -4   2   6  -4  -3  -2  -1   1  -1    6   0   0   0   0   0   0   0   0  10  30   0   6  48   0   0   0   0   0   0  0.70 0.21
  225 V    -2  -3  -3  -2  -2  -2   0  -3  -3   4   2  -2   0  -1  -3  -2  -1  -3  -2   2    1   1   0   1   0   0  10   1   0  46  20   1   0   0   1   1   1   0   0  15  0.38 0.14
  226 V    -2  -3  -3   1   2  -3  -2  -4  -3   3   0  -3  -1   2   4  -2  -2  -3  -1   1    0   0   0  11   5   0   0   0   0  29   6   0   0  15  22   0   0   0   0  12  0.42 0.15
  227 L    -1  -3  -3   0  -2  -3  -3  -3  -3   2   2  -3   0   1  -3   0  -1  -3  -2   3    0   0   0   6   0   0   0   0   0  11  29   0   0   5   0  12   0   0   0  37  0.31 0.14
  228 N    -1  -2   4   4   2  -1  -1  -2  -2  -2  -3  -2  -2  -4  -2   2   0  -4  -3   0    0   0  24  27   6   0   0   0   0   0   0   0   0   0   0  26   5   0   0  12  0.46 0.18
  229 M    -1   0   0   0  -2   1  -1  -3  -2   2   1  -1   3  -2   1   0   1  -3  -2   0    0   6   6   6   0  11   0   0   0  23  11   0  15   0   9   5   9   0   0   0  0.16 0.11
  230 Q     0   1  -1  -1  -2   3   1  -2  -1   0   1   2  -1  -2  -2   2   0  -3  -2  -1    4   5   0   0   0  18   7   0   0   5  16  14   0   0   0  23   6   0   0   0  0.20 0.11
  231 H     0   0  -2   0  -2   2  -1  -3   1   1   2   1   0  -2  -3  -1   0  -3  -2   1    6   5   0   5   0  15   0   0   4   5  34  11   0   0   0   0   4   0   0   9  0.14 0.10
  232 W    -2   0  -2  -3  -3   2  -2  -3   3  -2   0  -2   1   2  -3   0  -2   7   3  -2    0   6   0   0   0  12   0   0  10   0  11   0   5  11   0  12   0  21  13   0  0.56 0.17
  233 K     0   3  -1   0  -3   2   0  -2   2  -2  -3   3  -2  -3  -2   1   1  -3  -2  -1    5  24   0   4   0  11   0   0   6   0   0  24   0   0   0   8  11   0   0   6  0.34 0.13
  234 S     0   0  -1  -1  -3   0   3   1  -2  -3  -3  -1  -3  -4   3   3   1  -4  -3  -3    6   6   0   0   0   0  25  11   0   0   0   0   0   0  13  34   6   0   0   0  0.43 0.16
  235 E    -1   1   0   2  -3   1   2   0  -1  -2  -1   0   0   0  -2   2   0  -3  -2  -2    0  10   0  14   0   5  15   6   0   0   6   5   5   6   0  23   6   0   0   0  0.18 0.09
  236 D     0   1   1   1  -3   0   1   1   2  -3  -3   1  -2  -3   2   0   1  -3  -2  -2   10  10   9  10   0   0  10  10   9   0   1  10   0   0  10   1  10   0   0   1  0.22 0.10
  237 L    -1  -2  -2  -2   2  -1   0   0  -2   1   2   0   1  -1  -2  -1   1  -2  -2   1    1   0   0   0   6   0   8   7   0  12  28   7   5   0   0   1  10   0   0  12  0.11 0.06
  238 A     1   2   1   0  -2   1  -1   0   2  -2  -2   1   0  -1  -2   1   1  -3  -1  -2   12  15   9   4   0   6   1   7   8   0   1   6   5   3   0  10  12   0   0   1  0.15 0.06
  239 Y    -2  -1  -2  -2  -3   2   1  -3  -1  -1   0   0   3   2  -2   0  -1   5   3  -1    1   0   0   0   0  13  12   1   0   0   8   5  15  12   0   7   0   8  15   1  0.28 0.11
  240 V     0  -3  -3  -3  -2  -2  -3  -3  -3   2   2  -2   2   1   1  -2  -1  -2  -1   2    7   0   0   0   0   0   1   1   0  12  26   0   8   7   9   1   0   0   0  26  0.26 0.09
  241 P    -2  -3  -2   1   2   1   1  -3  -3  -4  -4  -2  -3  -5   7  -1   0  -5  -4  -3    0   0   0   8   7   7   8   0   0   0   0   0   0   0  59   4   8   0   0   0  1.27 0.23
  242 Y    -2   3  -2  -3  -4  -1  -2  -3   2  -3  -1   1  -2  -1   5  -1  -2  -2   3  -3    0  23   0   0   0   0   0   0   7   0   8   8   0   0  32   5   0   0  17   0  0.66 0.17
  243 Y     0   0   1  -2   2  -1   0  -3   3   0  -2  -1  -1   2  -3   1  -1  -1   4   0    6   5   7   0   6   0   8   0   9   5   0   0   0   8   0  14   0   0  24   8  0.22 0.11
  244 L    -2   0  -3  -2   2  -3  -3  -4  -4   4   3  -3   0  -1  -4  -3  -2  -3  -2   2    0   8   0   4   5   0   0   0   0  41  29   0   0   0   0   0   0   0   0  13  0.43 0.15
  245 D     0  -1   1   3  -3   0   2  -2  -1  -2  -1   0   1   0  -2   1   1  -3  -2  -2    7   0   8  18   0   0  22   0   0   0   5   4   8   7   0  15   8   0   0   0  0.23 0.10
  246 L    -2  -3  -3  -3  -2  -2  -1  -4  -3   3   4  -3   1  -1  -3  -3  -1  -3  -2   2    1   0   0   0   0   0   5   1   0  25  48   0   0   0   0   1   0   0   0  15  0.44 0.13
  247 S     0  -2   2   2   1   1  -1   2  -1  -1  -2  -1  -2  -2  -2   1  -1  -2   2  -2    3   0  13  15   3   8   0  20   0   5   5   0   0   0   0  18   0   0  10   0  0.22 0.10
  248 D    -1  -2   2   1  -3   1   0   4  -2  -4  -4  -1  -3  -4   2   1   0  -4  -3  -3    0   0  11  10   0   7   7  37   0   0   0   0   0   0  13   8   7   0   0   0  0.50 0.13
  249 H     1   0   0  -1  -2   0   1   0   2  -2  -2   1  -2   0  -2   1   0  -2   1  -2   21   5   2   0   0   3   8   6   9   0   2  15   0   5   0   8   8   0   7   0  0.15 0.07
  250 K    -2   4  -1   1  -4   1   2  -3  -1  -4  -3   3  -2  -4  -2   0   1  -4  -3  -3    0  34   0   7   0   5  13   0   0   0   0  25   0   0   0   5  11   0   0   0  0.53 0.15
  251 Y    -3  -3  -4  -5  -4  -3  -4  -5  -1   0   1  -4  -1   5  -5  -3  -3   0   7  -2    0   0   0   0   0   0   0   0   0   5  13   0   0  24   0   0   0   0  58   0  1.18 0.26
  252 L    -2   2  -1  -2  -3   0   0  -3   2   0   1   2  -1  -1  -2  -1   1  -2   1   0    0  14   0   0   0   2   7   0   8   7  15  23   0   0   0   0  12   0   8   5  0.18 0.09
  253 L    -3  -4  -5  -5  -3  -4  -4  -5  -4   2   5  -4   1  -1  -4  -4  -2  -3  -2   0    0   0   0   0   0   0   0   0   0   8  92   0   0   0   0   0   0   0   0   0  1.02 0.25
  254 E     1   1  -1  -1  -3   1   2   3   3  -2  -3  -1  -2   1  -3  -1  -2  -3  -1  -1   12  11   0   0   0   7  17  25  13   0   0   0   0   8   0   0   0   0   0   8  0.26 0.11
  255 G     1  -3  -2  -2   4  -3  -3   5  -3  -4  -4  -2  -3  -4  -3   2  -2  -4  -4  -3    8   0   0   0  11   0   0  63   0   0   0   0   0   0   0  18   0   0   0   0  0.94 0.21
  256 A     2  -3  -3  -3  -2  -2  -3  -3  -2   3   1  -2   2  -1  -3   0   0  -2   2   2   22   0   0   0   0   0   0   0   0  25   8   0   7   0   0   8   2   0  10  18  0.24 0.11
  257 T    -1  -3  -2  -3  -2  -2  -2  -3  -3   2   0  -2  -1  -3  -3   1   6  -4  -3  -1    0   0   0   0   0   0   0   0   0  15   8   0   0   0   0  10  67   0   0   0  0.72 0.24
  258 L    -3  -3  -4  -5  -3  -3  -4  -5  -3   2   5  -4   1   0  -4  -4  -2  -2   3   0    0   0   0   0   0   0   0   0   0  12  72   0   0   0   0   0   0   0  16   0  0.77 0.21
  259 F     0  -3   1  -3  -3  -2  -3  -3   5  -1  -2  -3  -2   6  -4  -2  -3   6   1  -2    8   0   8   0   0   0   0   0  23   5   0   0   0  43   0   0   0  13   0   0  0.84 0.22
  260 N    -2  -1   6   0  -3   1  -1   2  -1  -4  -4   0  -3  -4  -3   1   0  -4  -3  -4    0   0  52   0   0   8   0  18   0   0   0   7   0   0   0   9   5   0   0   0  0.71 0.20
  261 K     1  -1  -1  -2   2  -1  -2   4  -2  -2  -2   2   1  -3  -2  -1   0  -3  -3  -2   15   0   0   0   5   0   0  40   0   0   1  20   8   0   0   1   6   0   0   0  0.41 0.13
  262 E     0   0   0   2  -2   1   3  -1  -1  -2  -1   0  -1  -2  -1   1   0  -1  -1  -1   10   2   2   9   1   2  37   3   1   2   4   3   1   2   2  10   3   1   1   3  0.23 0.05
  263 E     0   1   0   0  -2   1   4  -1   0  -2  -1   0  -1  -2  -1   1   0  -1  -1  -1    4  10   2   3   1   2  39   4   1   2   4   3   1   2   3  11   3   1   2   3  0.24 0.05
  264 H     0  -1  -1  -2  -3   1  -1   3   7  -3  -3  -1  -2  -2  -2  -1  -2  -3  -1  -3    9   1   1   1   0   5   1  30  41   1   2   1   0   1   1   1   1   0   1   1  0.67 0.16
  265 H    -4  -2  -1  -3  -5  -1  -2  -4  10  -5  -5  -3  -3  -2  -4  -3  -4  -3   3  -5    0   0   0   0   0   0   0   0  92   0   0   0   0   0   0   0   0   0   8   0  2.25 0.41
  266 Y    -3  -4  -4  -5  -4  -3  -4  -5   0   0  -2  -4  -2   4  -5  -3  -3   5   8  -2    0   0   0   0   0   0   0   0   0   8   0   0   0  15   0   0   0   8  69   0  1.48 0.31
  267 S    -1   0  -1  -2   3  -2  -2  -3  -3   0  -2  -2  -1  -3  -2   2   3  -4  -2   2    0   8   0   0   8   0   0   0   0   5   0   0   0   0   0  25  30   0   0  25  0.35 0.16
  268 A     4  -3  -2  -3   6  -2  -2   0  -3  -2  -2  -2   2  -3  -2   1  -1  -4  -3  -2   48   0   0   0  25   0   0   7   0   0   0   0   8   0   0  13   0   0   0   0  0.65 0.20
  269 A     1  -3  -3  -3  -2  -2  -3  -3  -3   4   1  -2   2  -1  -3   0   1  -3  -2   2   17   0   0   0   0   0   0   0   0  39  12   0   7   0   0   8   8   0   0  10  0.30 0.12
  270 F     0  -3   0  -3  -2  -3  -3  -3  -3   3   1  -3   0   4  -3  -2   0  -2   0   2    7   0   8   0   0   0   0   0   0  25  11   0   0  28   0   0   8   0   0  14  0.31 0.12
  271 Q    -2   0   0  -2  -3   2  -1  -3   4  -2  -1   1   1   1   3  -2  -2  -2   2  -2    0   5   5   0   0  13   0   0  16   0   7  10   5   8  20   0   0   0  11   0  0.39 0.13
  272 I    -2   1  -2   0  -3  -1   0  -3   1   2   0  -1   2   1  -3   0  -1   5   1   0    0  12   0   6   0   0   7   0   5  23   8   0   8   8   0   8   0  10   5   0  0.19 0.10
  273 G    -1   0   2   5  -4   1   0  -1   1  -3  -2   1  -3  -4  -2  -1  -2  -4  -3  -3    7   5  10  47   0   8   0   2   5   0   5  11   0   0   0   0   0   0   0   0  0.55 0.16
  274 G    -1   0   3   0  -3  -2  -2   5  -2   0  -3  -2  -3  -4  -3  -1   0  -4  -3  -3    0   7  22   5   0   0   0  52   0   8   0   0   0   0   0   0   6   0   0   0  0.65 0.17
  275 H    -1   2   0  -2   4   1   0   0   3  -3  -3   3  -2  -3  -2   1   0  -3  -1  -3    0  13   3   0  11   5   2   8  13   0   0  26   0   0   0  12   5   0   2   0  0.32 0.12
  276 W    -3  -4  -5  -5  -4  -4  -4  -4  -3  -2  -2  -4  -2   3   0  -4  -3  10   3   1    0   0   0   0   0   0   0   0   0   0   0   0   0  13   5   0   0  58   8  16  1.88 0.30
  277 M    -2  -3  -4  -4  -3  -3  -4  -4  -2   2   3  -3   4   2  -4  -3  -2  -1   4   0    0   0   0   0   0   0   0   0   0  18  36   0  17   5   0   0   0   0  23   0  0.56 0.16
  278 H    -2   1   1  -2   2  -1  -2  -3   4  -1   0  -2  -1   3  -3  -2  -2  -1   4   0    1   8   8   0   7   0   1   1  17   0  13   0   0  19   0   1   0   0  17   6  0.30 0.10
  279 Y    -4  -4  -4  -5  -4  -3  -4  -5   0  -3  -3  -4  -3   1  -5  -4  -3   1   9  -3    0   0   0   0   0   0   0   0   0   0   0   0   0   0   0   0   0   0 100   0  2.17 0.39
  280 D    -3  -3   0   8  -5  -2   0  -3  -3  -5  -5  -2  -5  -5  -3  -2  -3  -6  -5  -5    0   0   0 100   0   0   0   0   0   0   0   0   0   0   0   0   0   0   0   0  1.83 0.33
  281 G    -1  -3  -1   2  -4  -3  -2   6  -3  -5  -5  -2  -4  -4  -3   0  -2  -4  -4  -4    0   0   0  13   0   0   0  80   0   0   0   0   0   0   0   7   0   0   0   0  1.22 0.24
  282 L    -2   1  -3  -4  -2  -2  -3  -4  -3   4   3  -2   2  -1  -3  -3   0  -3  -2   1    0   9   0   0   0   0   0   0   0  36  41   0   7   0   0   0   7   0   0   0  0.46 0.15
  283 R    -2   3  -1  -1  -4   0   2  -3  -2  -4  -3   5  -2  -4  -2  -1   0  -4  -3  -3    0  21   0   0   0   0  14   0   0   0   0  58   0   0   0   0   7   0   0   0  0.73 0.18
  284 N    -1  -1   4   0  -3  -1   1   1   2  -3  -3  -1  -2  -3   2   0   3  -4  -2  -2    0   0  31   0   0   0   9   9   6   0   0   0   0   0  10   3  32   0   0   0  0.42 0.11
  285 V    -1   2  -1   2  -3  -1   0  -3   2   0  -2  -1  -1  -3   2   0  -1  -4  -2   2    0  15   0  20   0   0   5   0   9   3   0   0   0   0  11   7   0   0   0  29  0.21 0.08
  286 N    -1   0   5   0  -3   0  -1   1  -1  -4  -4   3  -2  -4  -2   1  -1  -4  -3  -3    0   0  48   0   0   0   0   9   0   0   0  30   0   0   0  13   0   0   0   0  0.55 0.11
  287 L    -2  -2  -3  -4  -2  -2  -3  -4  -2   1   3  -3   5   0  -3  -3  -1  -1   2   1    0   0   0   0   0   0   0   0   0   0  45   0  33   0   0   0   0   0  11  11  0.47 0.10
  288 I    -1   3  -1  -2  -2  -1  -1  -3  -2   2   0   0   2  -1  -2   1   0  -3  -2   1    0  29   0   0   0   0   0   0   0  28   0   0  17   0   0  16   0   0   0   9  0.17 0.04
  289 L    -1  -1  -2  -3  -2  -1  -2  -3  -1   1   2   1   1   0  -2   0  -1  -1   3   1    0   0   0   0   0   0   0   0   0   0  37  17   0   0   0   9   0   0  20  16  0.16 0.03
  290 L    -2  -3  -4  -4  -2  -3  -3  -4  -3   3   3  -3   1   3  -3  -3  -2   6   0   1    0   0   0   0   0   0   0   0   0  29  37   0   0  16   0   0   0  17   0   0  0.49 0.04
  291 N     1  -1   5   0  -2  -1  -1  -1   3  -2   0  -1  -1  -2  -2   1   0  -3  -2  -2   16   0  51   0   0   0   0   0   9   0  17   0   0   0   0   6   0   0   0   0  0.31 0.05
  292 K    -1   3   0  -1  -3   1   0   2  -1  -3  -3   4  -2  -3  -2   0  -1  -3  -2  -3    0  25   0   0   0   0   0  25   0   0   0  50   0   0   0   0   0   0   0   0  0.44 0.02
  293 P    -1  -1  -2  -1  -3   3   0  -2  -2  -3  -3   0  -2  -4   7  -1  -1  -4  -3  -3    0   0   0   0   0  25   0   0   0   0   0   0   0   0  75   0   0   0   0   0  1.49 0.04
  294 P    -1  -2  -1   3  -3  -1   0  -2  -2  -3  -3  -1  -3  -4   7  -1  -1  -4  -3  -3    0   0   0  25   0   0   0   0   0   0   0   0   0   0  75   0   0   0   0   0  1.53 0.04
  295 E     0   0   0   1  -3   1   5  -2   0  -3  -3   0  -2  -3  -1   2   0  -3  -2  -3    0   0   0   0   0   0  75   0   0   0   0   0   0   0   0  25   0   0   0   0  0.60 0.03
  296 F    -1  -3  -2  -3  -2  -2  -3   3  -2   0   2  -2   1   3  -3  -2  -2  -1   0   0    0   0   0   0   0   0   0  33   0   0  44   0   0  23   0   0   0   0   0   0  0.27 0.01
  297 L    -2  -2  -3  -4  -2  -2  -3  -4  -1   1   3  -2   1   2  -3  -2  -1   0   4   0    0   0   0   0   0   0   0   0   0   0  67   0   0   0   0   0   0   0  33   0  0.39 0.01
  298 L    -2  -2  -4  -4  -1  -2  -3  -4  -3   2   4  -3   2   0  -3  -3  -1  -2  -1   1    0   0   0   0   0   0   0   0   0   0 100   0   0   0   0   0   0   0   0   0  0.48 0.01
  299 L    -2  -2  -4  -4  -1  -2  -3  -4  -3   2   4  -3   2   0  -3  -3  -1  -2  -1   1    0   0   0   0   0   0   0   0   0   0 100   0   0   0   0   0   0   0   0   0  0.48 0.01
  300 S     1  -1   1   0  -1   0   0   0  -1  -3  -3   0  -2  -3  -1   4   1  -3  -2  -2    0   0   0   0   0   0   0   0   0   0   0   0   0   0   0 100   0   0   0   0  0.49 0.02
  301 S     0  -1   1  -1  -2   0   0  -1   5  -3  -3   0  -2  -2  -1   3   1  -3   0  -2    0   0   0   0   0   0   0   0  33   0   0   0   0   0   0  67   0   0   0   0  0.41 0.01
  302 L    -2  -3  -4  -4  -1  -3  -3  -4  -3   3   4  -3   2   0  -3  -3  -1  -2  -1   2    0   0   0   0   0   0   0   0   0  33  67   0   0   0   0   0   0   0   0   0  0.40 0.01
  303 V    -1  -3  -3  -3  -1  -3  -3  -4  -3   3   1  -3   1  -1  -3  -2   0  -3  -1   4    0   0   0   0   0   0   0   0   0  33   0   0   0   0   0   0   0   0   0  67  0.36 0.01
  304 Y    -2  -2  -2  -3  -3  -2  -2  -3   2  -2  -1  -2  -1   3  -3  -2  -2   2   7  -1    0   0   0   0   0   0   0   0   0   0   0   0   0   0   0   0   0   0 100   0  0.94 0.02
  305 I    -1  -3  -3  -3  -1  -3  -3  -4  -3   4   1  -3   1  -1  -3  -2   0  -3  -1   4    0   0   0   0   0   0   0   0   0  49   0   0   0   0   0   0   0   0   0  51  0.37 0.01
  306 R    -2   6   0  -2  -4   1   0  -2   0  -3  -2   2  -1  -3  -2  -1  -1  -3  -2  -3    0 100   0   0   0   0   0   0   0   0   0   0   0   0   0   0   0   0   0   0  0.76 0.00
  307 A     3  -2  -1   3  -1  -1   0   0  -2  -2  -2  -1  -1  -3  -1   1   0  -3  -2  -1   75   0   0  25   0   0   0   0   0   0   0   0   0   0   0   0   0   0   0   0  0.33 0.00
  308 T     1  -1  -1  -1  -1  -1  -1  -1  -2   1  -1  -1   0  -2  -1   2   3  -3  -2   1   15   0   0   0   0   0   0   0   0  13   0   0   0   0   0  25  35   0   0  13  0.20 0.00
  309 E    -1   0   0   3  -4   2   5  -2   0  -3  -3   0  -2  -3  -1   0  -1  -3  -2  -3    0   0   0  25   0   0  75   0   0   0   0   0   0   0   0   0   0   0   0   0  0.67 0.00
  310 K    -1   2   0  -1  -3   1   1  -2  -1  -3  -3   5  -1  -3  -1   0  -1  -3  -2  -2    0   0   0   0   0   0   0   0   0   0   0 100   0   0   0   0   0   0   0   0  0.53 0.01

                      K         Lambda
Standard Ungapped    0.1393     0.3233
Standard Gapped      0.0391     0.2670
PSI Ungapped         0.1276     0.3175
PSI Gapped           0.0391     0.2670
