
Last position-specific scoring matrix computed, weighted observed percentages rounded down, information per position, and relative weight of gapless real matches to pseudocounts
            A   R   N   D   C   Q   E   G   H   I   L   K   M   F   P   S   T   W   Y   V   A   R   N   D   C   Q   E   G   H   I   L   K   M   F   P   S   T   W   Y   V
    1 M    -1  -2  -3  -4  -2  -1  -2  -3  -2   1   2  -2   7   0  -3  -2  -1  -2  -1   0    0   0   0   0   0   0   0   0   0   0   0   0 100   0   0   0   0   0   0   0  0.75 0.10
    2 A     5  -2  -2  -2  -1  -1  -1   0  -2  -2  -2  -1  -1  -3  -1   1   0  -3  -2   0  100   0   0   0   0   0   0   0   0   0   0   0   0   0   0   0   0   0   0   0  0.56 0.07
    3 G    -1   2   0  -1  -3   4   0   2   4  -3  -3   0  -1  -3  -2  -1  -1  -2  -1  -3    0  13   0   0   0  45   0  25  17   0   0   0   0   0   0   0   0   0   0   0  0.46 0.05
    4 L    -2  -2  -4  -4  -2  -2  -3  -4  -3   2   4  -3   2   0  -3  -3  -1  -2  -1   1    0   0   0   0   0   0   0   0   0   8  92   0   0   0   0   0   0   0   0   0  0.55 0.05
    5 Q    -1   1   0  -1  -3   6   1  -2   0  -3  -3   1  -1  -4  -2  -1  -1  -2  -2  -3    0   0   0   0   0 100   0   0   0   0   0   0   0   0   0   0   0   0   0   0  0.93 0.10
    6 R     0   3   0   0  -1   0   0  -1   0  -1  -1   1  -1  -1   0   1   0  -1  -1  -1    4  30   2   3   1   2   3   4   1   3   5   3   1   2   3  21   3   1   2   4  0.14 0.01
    7 L    -2   1  -3  -3  -2  -1  -2  -3  -2   1   3  -1   4   0  -3  -2  -1  -2  -1   0    0  14   0   0   0   0   0   0   0   0  54   0  32   0   0   0   0   0   0   0  0.40 0.07
    8 A     3  -2  -1  -2  -1  -1  -1   1  -2  -1  -2  -1  -1  -2  -1   2   1  -3  -2   0   44   0   0   0   0   0   0  11   0   0   0   0   0   0   0  23  12   0   0   9  0.29 0.05
    9 S     1  -2  -1  -1  -2  -1   1  -2  -2  -2  -2  -1  -2  -3   5   2   0  -3  -2   0   12   0   0   0   0   0  14   0   0   0   0   0   0   0  41  23   0   0   0  10  0.68 0.06
   10 H    -2  -2  -2  -3   3  -2  -2  -3   5   1  -1  -2  -1   1  -3  -2  -2   0   6  -1    0   0   0   0   9   0   0   0  23  14   0   0   0   0   0   0   0   0  54   0  0.65 0.09
   11 L    -1   0  -2  -2  -2  -1  -1  -2  -2  -1   1  -1  -1  -2   5   1  -1  -3  -2  -1    0   6   0   0   0   0   0   0   0   0  27   0   0   0  43  24   0   0   0   0  0.66 0.06
   12 P    -2  -1  -1  -2  -3   1  -1  -3   5  -3  -3  -1  -2  -3   6  -1  -2  -3  -1  -3    0   0   0   0   0  11   0   0  33   0   0   0   0   0  56   0   0   0   0   0  1.23 0.10
   13 V    -1  -2  -2  -3  -1  -2  -2  -3  -3   3   1  -2   2   1  -3   0   0  -2  -1   3    0   0   0   0   0   0   0   0   0  22   0   0  12   9   0  14   0   0   0  42  0.24 0.05
   14 G    -2  -2   2   5  -3  -1   0   2  -1  -3  -3  -1  -3   1  -2  -1  -1  -3  -1  -3    0   0  12  58   0   0   0  16   0   0   0   0   0  14   0   0   0   0   0   0  0.57 0.07
   15 V     0  -1  -1  -2  -2  -1  -1  -2  -2   1  -1   1  -1  -2   5   0   0  -3  -2   1    1   1   1   1   0   1   1   1   0  10   1  15   0   0  32  11   1   0   0  23  0.41 0.04
   16 M    -1  -2  -2  -2  -1  -1  -2  -2  -2   1   3  -1   5   0  -2   0  -1  -2  -1   0    1   1   1   1   0   1   1   1   0   1  33   1  42   0   1  15   1   0   0   1  0.28 0.06
   17 L    -1  -2  -1  -2  -1  -1  -1  -2  -1   0   1  -1   0   2   2   1   0  -1   2   0    1   1   1   1   0   1   1   1   0   1  24   1   0  10  12  21   1   0  14  11  0.16 0.03
   18 P    -1  -2   1  -1  -3  -1  -1  -2  -2  -2  -2  -1  -2   1   6  -1   1  -2  -1  -2    1   1  12   1   0   0   1   1   0   1   1   1   0  11  59   1  10   0   0   1  1.04 0.09
   19 H     0  -1  -1  -2  -2  -1  -2  -2   4  -1   1  -2   2   2  -2  -1  -1   0   4  -1   10   1   0   1   0   0   1   1  20   1  14   1  12   8   1   1   1   0  29   1  0.31 0.06
   20 N    -1  -1   3   1  -3  -1  -1   1  -1  -3  -3   0  -2  -2   3   1  -1  -2   2  -3    0   0  27  11   0   0   0   9   0   0   0   8   0   0  20  13   0   0  11   0  0.39 0.06
   21 T    -1   0   0   2  -2   0   0  -2  -1  -2  -2   2  -2  -1  -2   2   3  -2   2  -2    0   0   0  13   0   0   0   0   0   0   0  28   0   0   0  18  30   0  11   0  0.28 0.07
   22 T     0  -1   1   1  -2  -1  -1  -2  -2   0   0   0   2  -2  -2   0   2  -3  -2   1   10   0   9  11   0   0   0   0   0   0   9   8  18   0   0   0  20   0   0  13  0.11 0.04
   23 E     0  -1   3   0   3   0   2  -2  -1  -3  -3   1  -2  -3   3   0  -1  -3  -3  -2   12   0  26   0  10   0  26   0   0   0   0   9   0   0  17   0   0   0   0   0  0.42 0.07
   24 A     2  -1   1  -1  -2   2   0  -1   2  -2  -1   0  -1  -2  -2   2   1  -3  -1  -1   27   0   9   0   0  19   0   0   8   0   7   0   0   0   0  21   9   0   0   0  0.23 0.06
   25 P     1  -1  -1  -1  -2  -1   1  -2  -2  -3  -3   0  -2  -4   6   2   0  -4  -3  -2    9   0   0   0   0   0   8   0   0   0   0   7   0   0  47  29   0   0   0   0  0.89 0.10
   26 G     0   0  -1  -1  -3   0   0   3   2  -2  -1   2  -1  -3  -2   1  -1  -3  -2  -2    0   0   0   0   0   0   6  33   8   0  11  23   0   0   0  18   0   0   0   0  0.28 0.07
   27 P    -2  -3  -3  -3  -3  -2  -2  -3  -3   0   3  -2   0  -2   6  -2  -2  -3  -2  -1    0   0   0   0   0   0   0   0   0   0  49   0   0   0  51   0   0   0   0   0  1.02 0.13
   28 H    -2  -2  -1  -2  -3  -1  -1  -3   6  -2   1  -2  -1  -2   5  -2  -2  -3  -1  -2    1   0   0   0   0   0   0   0  40   0  18   0   0   0  36   0   0   0   0   0  0.87 0.13
   29 S     0  -2   0   1  -2  -1  -1   1  -2  -3  -3  -1  -2  -3   4   4   0  -3  -2  -2    1   0   0   8   0   0   0   9   0   0   1   0   0   0  21  57   0   0   0   0  0.57 0.11
   30 A     1  -2   1  -1  -1  -1  -1  -2  -2   1  -1  -1  -1  -2   3   0   2  -3  -2   1   17   0  13   0   0   0   0   0   0  14   1   0   0   0  16   0  19   0   0  17  0.23 0.06
   31 K     0   1   1  -1  -2   0  -1   0  -1  -1   0   1  -1  -2   2   2   1  -3  -2  -1    1   6   7   0   0   0   0   8   0   0  18  16   0   0   9  22  11   0   0   0  0.15 0.04
   32 Q    -2   0   1   1  -3   5   1  -2   2  -3  -3   1  -2  -2  -2  -1  -1  -2   1  -3    0   0   9   8   0  49   7   0   6   0   0  10   0   0   0   0   0   0   7   0  0.54 0.12
   33 D     0  -1   2   2  -3   0   1   2  -1  -2  -1   0  -2  -3  -2   0   1  -3  -2  -2    7   0  15  15   0   0  13  19   0   0   9   8   0   0   0   0  14   0   0   0  0.22 0.06
   34 S    -1   2   2  -1  -3  -1  -1   1  -1  -3  -3   0  -2  -3   4   2  -1  -4  -3  -3    0  19  15   0   0   0   0  13   0   0   0   0   0   0  23  30   0   0   0   0  0.52 0.11
   35 Y    -2  -2   0  -3   2   0  -2  -1   3   0  -2  -2  -1   2  -3  -2  -2   4   5  -1    0   0   7   0   8   6   0   6  13   9   0   0   0   9   0   0   0   8  33   0  0.45 0.11
   36 E     0  -1   0   1  -3   0   3  -2   6  -3  -3  -1  -2  -3  -2   1   1  -3  -1  -2    8   0   0   7   0   0  27   0  34   0   0   0   0   0   0   9  14   0   0   0  0.52 0.12
   37 Q     0   3  -1  -1  -3   2   1  -2  -1  -1  -1   1  -1  -3   1   0   0  -3  -2  -2    8  30   0   0   0  18   8   0   0   6   4   7   0   0   5   8   5   0   0   0  0.29 0.08
   38 G     1  -1   1  -1  -3   2   1   3  -1  -3  -3   1  -2  -3   1   0  -1  -3  -3  -3   11   0   6   0   0  16   7  37   0   0   0  10   0   0   6   7   0   0   0   0  0.40 0.09
   39 D     1   0  -1   1  -2  -1  -1   2  -2  -1  -1  -1  -1   1   0   2  -1  -2  -1  -2   16   7   0  13   0   0   0  17   0   4   4   0   0  11   4  24   0   0   0   0  0.16 0.07
   40 S     0  -1  -1   2   1   1   1  -1  -2  -1   1   0  -1  -2  -2   2   0  -3  -2  -1    4   0   0  14   4   5  10   4   0   0  21   5   0   0   0  28   5   0   0   0  0.15 0.07
   41 S     1   0  -1  -1  -2   2   1  -1   3  -3  -3   2  -2  -3   2   2   1  -3  -2  -2   10   0   0   0   0  11   6   3  11   0   0  15   0   0   9  18  15   0   0   0  0.28 0.08
   42 Q    -1   1  -1   0  -3   2   1  -2   2  -2  -1   2  -1   0   3  -1  -1   3   0  -2    0   9   0   6   0  16   7   0   6   0   5  16   0   6  16   3   0   6   3   0  0.31 0.07
   43 Q     0   0   1   0  -3   5   0  -2   1  -3  -3   0   0  -4   2   1  -1  -3  -2  -3    6   0   6   5   0  55   0   0   3   0   0   0   4   0   9  13   0   0   0   0  0.57 0.17
   44 S     0  -1  -1  -1  -2   2   1  -2  -2  -3  -2  -1  -2  -3  -2   5   1  -4  -3  -2    0   0   0   0   0  15   7   0   0   0   4   0   0   0   0  67   8   0   0   0  0.64 0.23
   45 L    -1   4  -2  -2  -3   2  -1  -3  -1  -2   1   3  -1  -3  -3  -2  -2  -3  -2  -2    4  41   0   0   0  13   0   0   0   0  23  19   0   0   0   0   0   0   0   0  0.51 0.17
   46 K    -2  -1  -1  -3  -3   0  -2  -4  -3   0   4   2   2  -1  -3  -2  -2  -3  -2  -1    0   0   3   0   0   4   0   0   0   0  65  23   4   0   0   0   0   0   0   0  0.48 0.18
   47 G     0  -1  -1   1  -3   2   4   0  -1  -2  -1   0   1  -3  -2   0  -1  -3  -2  -2    8   0   0   6   0  15  41   9   0   0   6   0   7   0   0   4   0   0   0   0  0.37 0.13
   48 H    -2   0  -2  -2  -3   3   0  -3   5   0   2   0   2  -2  -3  -2  -2  -3  -1  -1    0   2   0   0   0  21   3   0  27   3  29   6   9   0   0   0   0   0   0   0  0.45 0.18
   49 L    -2  -2  -3  -3  -2   2  -2  -4  -3   0   4  -2   5  -1  -3  -1  -2  -3  -2   0    0   0   0   0   0  15   0   0   0   0  51   0  25   0   0   6   0   0   0   3  0.56 0.21
   50 R    -2   4  -1  -1  -4   5   1  -3  -1  -4  -3   3  -2  -4  -3  -1  -2  -4  -3  -4    0  30   0   2   0  45   2   0   0   0   0  21   0   0   0   0   0   0   0   0  0.92 0.27
   51 N     2   0   4  -1   1   1   0  -1   1  -1  -2  -1  -2  -3  -2   1   0  -3  -2  -2   22   4  33   0   3   8   3   0   4   4   4   0   0   0   0   9   5   0   0   0  0.31 0.14
   52 N     0   1   5   2  -3   2   1  -2   1  -4  -4   0  -3  -4  -2   1  -1  -4  -3  -3    7  10  42   9   0   9  10   0   3   0   0   2   0   0   0   7   0   0   0   0  0.55 0.17
   53 F    -3  -3  -4  -4  -3  -4  -4  -4  -2   1   2  -4  -1   6  -4  -3  -3   0   4   0    0   0   0   0   0   0   0   0   0   7  20   0   0  48   0   0   0   0  21   4  0.89 0.24
   54 Q    -2   2   2  -1  -4   6   1  -3  -1  -4  -2   0  -2  -4  -3  -1  -2  -4  -3  -4    0   9  14   0   0  67   6   0   0   0   4   0   0   0   0   0   0   0   0   0  1.05 0.32
   55 K    -1   0   0  -1  -4   5   2   0   2  -3  -3   2   0  -4  -2  -1   0  -3  -2  -3    2   3   2   0   0  40   9   6   8   0   0  19   3   0   0   0   7   0   0   0  0.56 0.22
   56 Q    -2   2   1  -1  -4   3   1  -3  -1  -3  -3   4  -2  -4  -2   0  -1  -4  -3  -1    0  12   6   0   0  15   8   0   0   0   0  46   0   0   0   7   0   0   0   6  0.56 0.21
   57 L    -2   2  -1  -3  -3   3  -2  -4  -2   0   3  -1   2  -1  -3  -2  -2  -3  -2   0    0  13   2   0   0  19   0   0   0   2  52   0   5   0   0   2   0   0   0   5  0.42 0.20
   58 L    -1  -2  -3  -3  -2   0  -1  -2   0   2   3   0   3   0   1  -2  -2  -3  -2   0    2   0   0   0   0   5   5   2   3  16  40   6  12   3   6   0   0   0   0   0  0.26 0.14
   59 S    -1   3  -1  -2   1   2   0  -2  -2  -3  -1   1  -2  -3   3   1  -1  -3  -3  -2    3  22   0   0   4  15   6   0   0   0   8   8   0   0  15  18   0   0   0   0  0.37 0.16
   60 N     0  -2   2   3  -4   0   4  -3  -1  -3  -3  -1  -3  -4  -2   0  -1  -4  -3   0    6   0  15  14   0   2  49   0   0   0   0   0   0   0   0   4   0   0   0  10  0.61 0.22
   61 K    -2   3  -2  -2  -4   0  -1  -3  -2  -3  -1   6  -2  -4  -3  -2  -2  -4  -3  -1    0  12   0   0   0   0   0   0   0   0   7  75   0   0   0   0   0   0   0   5  0.95 0.32
   62 E    -2  -2  -2   2  -5   1   6  -4  -1  -5  -4  -1  -3  -4  -3  -2  -2  -4   1  -4    0   0   0  10   0   5  79   0   0   0   0   0   0   0   0   0   0   0   6   0  1.22 0.35
   63 L    -1   0  -1   1  -3   2   4  -3  -1  -2   1   1   0  -3  -2   1  -1  -3  -2  -1    2   3   0   9   0   9  36   0   0   0  17   9   2   0   0  10   0   0   0   2  0.33 0.15
   64 I    -2   2  -1  -2  -3   0  -1  -3  -2  -2  -3   5  -2  -4  -2   1   2  -4  -3  -3    0   8   0   0   0   0   0   0   0   3   0  63   0   0   0   8  20   0   0   0  0.77 0.28
   65 L    -2  -2   0  -3  -2   0   0  -4  -3   2   3   0   3  -1  -3  -2  -2  -3  -2   0    0   0   6   0   0   4   7   0   0  11  48   6  14   0   0   0   0   0   0   3  0.37 0.17
   66 D     0  -2  -2   1  -2  -1   0  -2  -2   2   1  -1   2  -1  -2   0   0  -3  -2   1   11   0   0   9   0   0   9   1   0  21  11   3  10   0   0   5   6   0   0  12  0.11 0.08
   67 K     0   2   2   1  -3   1   1  -1   1  -3  -3   2  -2  -3  -2   0   1  -3  -2  -2    9  12  12  10   0   4  11   3   3   0   1  20   0   0   0   4   9   0   0   0  0.26 0.09
   68 V    -2  -2   0  -3  -2  -2  -2  -3  -2   2   3   0   3  -1  -3  -2   0  -2  -2   1    1   0   7   0   0   0   0   1   0  14  40   8  12   0   0   1   6   0   0   9  0.28 0.13
   69 Y    -2   0   1  -3  -3  -2  -2   0   3  -2   0  -2  -2   2  -3  -2   0   0   6  -2    1   6   7   0   0   0   0   8   9   0   8   0   0   9   0   1   6   0  44   0  0.57 0.20
   70 T     0   0   2   0  -2   1   2  -2  -1   0  -2   1  -1  -3  -2   1   2  -3  -2  -1   11   2  14   3   0   6  20   1   0   9   1   7   0   0   0   6  18   0   0   0  0.22 0.11
   71 H     0   0   2   0   0   3   1  -2   3  -2  -1   0  -1  -3  -2   0   0  -3  -2  -2    7   3  11   3   3  28  10   1  10   0   8   3   0   0   0   7   6   0   0   0  0.27 0.13
   72 P    -2   0   3  -1  -3   5   0  -2  -1  -3  -3   2  -2  -4   2   1  -1  -3  -3  -3    1   0  21   0   0  43   0   1   0   0   1  13   0   0   9   9   0   0   0   0  0.65 0.23
   73 K    -1   2   1  -3  -5   7  -1  -2  -2  -5  -5   1  -3  -5  -4   0  -3  -4   1  -4    3   9   7   0   0  60   0   2   0   0   0   6   0   0   0   8   0   0   5   0  1.16 0.58
   74 W     0   1  -2  -2  -4   5   2  -3  -2  -1  -1   1  -2  -4  -3   0  -2   4  -3  -3    9   6   0   0   0  41  14   0   0   3   7   6   0   0   0   6   0   6   0   0  0.64 0.38
   75 N     1   4   2  -1  -4   0   0  -3  -2  -3  -1   2  -2  -1  -3  -2  -2  -4  -1  -3   15  36  13   3   0   3   4   0   0   0   6  14   0   3   0   0   0   0   2   0  0.51 0.32
   76 T     4  -3  -2   0  -2  -2  -2  -2  -3   0  -2  -2   1  -3  -2   1   1  -4  -3   1   47   0   0   6   0   0   0   1   0   6   1   0   4   0   0  13  10   0   0  11  0.47 0.31
   77 Q    -1  -2  -1  -3  -2  -1  -2  -3   1   1   3  -2   3   2   0   0   0  -2  -1  -1    3   1   4   1   0   2   1   1   5   6  34   1   9  13   4  10   6   0   0   1  0.25 0.20
   78 T    -2   0  -1   2  -3   2   3  -1   2  -3  -3   0  -2  -3  -2   1   1  -3   1  -3    1   4   0  12   0  13  24   4   5   1   1   4   0   0   1  12  12   0   5   1  0.38 0.24
   79 K    -1   4   2  -2  -4  -1  -1  -1  -2  -4  -3   5  -3   0  -3  -2  -2  -4  -3  -3    4  29  10   1   0   0   1   4   0   1   1  43   0   4   1   1   1   0   0   1  0.81 0.39
   80 A     2  -3  -3  -3  -2  -3  -3  -1  -3   1   0  -3  -1  -2  -3   0   0  -3   1   4   19   0   0   0   0   0   0   4   0   3   8   0   0   0   0   9   3   0   6  44  0.44 0.30
   81 R    -1   4   1   0  -3   1   0   0   2  -3  -3   1   0  -3   0   0  -2  -3  -2  -3    4  35   8   3   0   6   6   8   7   0   1   7   3   0   4   6   1   0   0   1  0.43 0.26
   82 S     0   2  -1  -1  -3   0  -1   0   2   0  -2   1  -2  -3   1   2   0  -3  -2  -2    7  15   0   3   0   3   1   9   6   8   4   9   0   0   6  21   7   0   0   1  0.19 0.17
   83 Y    -1  -2   3  -2   0  -2  -2   2  -2  -3  -3   1   0   2  -3   1   0  -2   2  -2    4   0  22   0   2   0   1  17   0   0   1  10   3   9   0  13   5   0   8   3  0.30 0.23
   84 S     0   0   0  -2  -2   0  -1  -1   0   0   0  -1  -2   0   2   3   0  -3   0  -2    7   4   4   1   0   3   3   4   2   6   9   1   0   6   9  35   3   0   2   1  0.21 0.20
   85 Y     1   0   1   0  -2  -1   0  -1   1  -2   0   1  -1   1   1   2  -1  -2   1  -2   11   4   6   3   0   1   4   4   4   1  11  11   0   6   7  19   1   0   6   1  0.11 0.12
   86 P     0   0   1   0  -2   1   0   1   1  -2  -2  -1   0  -2   3   0   0  -3  -2  -1    7   7   6   6   0   6   6  11   3   1   4   1   3   1  18   8   4   0   1   7  0.20 0.11
   87 H    -2   2   1   0  -3   0   0   0   6  -3  -2   0   0  -2   0   1  -2  -3  -1  -2    1  12   8   4   0   4   3   7  27   1   4   4   3   1   4  11   1   0   1   4  0.39 0.23
   88 C     0   1   1   0   1   0  -1   1  -1  -1  -1   1   0  -1   0   1   1  -2  -2   0    9   8   8   4   3   4   1   9   0   1   4  14   4   3   4   8   8   0   0   7  0.08 0.08
   89 T     0   1   1  -1  -2   0  -1   0   1   0  -1   0  -1   0   0   0   1  -2   0   0    6  13   9   3   0   4   1   8   5   4   4   3   0   6   3   3  13   0   4  10  0.06 0.09
   90 G     0   0   2  -1  -2   0   2   1  -1   0  -2   0  -2  -1  -2   2   1  -3  -2  -1    6   4  11   1   0   3  14  11   0   6   1   6   0   3   1  18   9   0   0   4  0.16 0.14
   91 I     0   0   0   0   2   0   1  -1   0   0  -2   0  -1  -2   1   1   0  -2   0   0    9   6   4   4   6   3   8   3   3   6   1   6   0   1   7  14   5   0   4   9  0.08 0.08
   92 S    -1   0  -1   1  -2   1  -1   0  -2  -2  -1   0  -2   1   1   2   1  -3  -2   0    1   4   0  10   0   6   1   6   0   0   6   6   0   6   8  26  10   0   0  10  0.17 0.19
   93 Q    -2   1   0   0  -3   4   1  -2   2  -2   0   1  -1   1  -1   1  -1  -2   0  -1    1   8   3   5   0  24   7   1   6   1   9   7   0   6   3  11   1   0   2   3  0.24 0.20
   94 Q    -2   2  -1  -1  -3   3  -1   0   3  -2  -1   1   1   0  -1  -1   0  -2   1  -1    1  13   1   3   0  19   1   7   8   1   6   9   6   4   3   4   4   0   4   6  0.18 0.17
   95 D     0  -1   2   1  -2   0   1  -2  -1  -2  -2   0  -2   0   1   2   1  -2   1  -2    5   1  13   9   0   4   9   1   0   1   4   4   0   6   6  21   8   0   5   1  0.20 0.16
   96 P     1   0   0  -1   0   1   1  -1  -2  -1  -2   0   0   0   2   1   1  -2  -2   0   11   3   4   1   3   5  11   3   0   3   1   4   3   5  12  12  11   0   0   7  0.14 0.11
   97 E    -2   2   1  -1  -3   2   1   1  -1  -3  -3   0  -2  -2   1   1  -1   1   2  -3    1  16   9   1   0  11  12  11   0   1   1   4   0   0   6  15   1   2  10   1  0.29 0.22
   98 S     0   1  -1  -2  -2   0   0  -2   0   0  -1  -1   0  -3  -1   3   2  -3  -2   0    6   9   1   1   0   3   7   1   3   7   4   2   3   0   3  29  13   0   0   6  0.21 0.20
   99 D     0   2   2   0  -2   1  -1  -2   2  -1  -2   1  -2  -2   0   1   2  -3   0  -1    7  13  11   4   0   6   1   1   5   4   1   8   0   0   3  13  15   0   3   3  0.20 0.16
  100 S    -1   3  -1  -1   1   3   1   0   1  -3  -1   0   0  -3   1   1   1  -3  -2  -2    4  19   1   3   3  15   7   6   3   1   5   3   3   0   6   9  11   0   0   1  0.23 0.19
  101 Q    -1   2   2  -1  -3   2   0   0   4  -2  -2   1  -2  -3  -2   0  -1  -3   0  -1    3  15   9   2   0  12   6   6  17   2   3   6   0   0   1   6   3   0   3   3  0.29 0.20
  102 G    -1   1   0  -2  -2   0  -1   2  -2  -1   1   1   0  -2   2   0   0  -2   1   0    1   9   3   1   0   5   1  16   0   1  15   8   3   0   9   7   6   0   6   9  0.12 0.13
  103 Q     0  -1   1   0  -3   2   1   1  -2  -2  -3   1  -1  -3   2   2   0  -3  -3  -2    6   0   8   3   0  12   7   9   0   3   1  11   2   0   9  25   3   0   0   1  0.29 0.22
  104 G     0   1   0  -1  -2   0  -1   2  -2   0  -1   0  -1  -1   1   1   0  -3  -2   0    8  11   4   3   0   3   1  20   0   6   4   5   0   3   6  14   6   0   0   6  0.13 0.11
  105 N     1   0   1  -1  -2   1  -1   0   3  -1  -2   0   1  -2   2   0   1   1  -1   0   11   3  10   1   0   6   1   7  11   4   2   7   5   1   9   6   9   3   1   6  0.14 0.12
  106 G     0  -2   1  -2   1  -1  -1   4  -2  -3  -3  -1  -2  -1  -2   1   0  -3  -2  -1    6   1   8   1   3   3   3  42   0   1   2   4   0   3   1  11   7   0   1   4  0.45 0.23
  107 L    -1   0   0  -1  -2   1  -1   1   0   0   1   0   0  -2   1   0   0  -2  -2   0    1   4   3   3   0   9   1  13   2   4  18   6   3   1   8   7   6   0   1   9  0.07 0.08
  108 F    -1  -2  -2  -1  -2  -2  -1  -2   5   0  -1  -2   2   4  -2  -1   0  -2   1   1    5   1   1   4   0   1   4   1  17   4   4   1   9  22   1   4   6   0   3  11  0.32 0.21
  109 Y     0   1   0   0   2   0   1  -2  -1  -1  -2  -1  -1   0   0   1   0   1   3   0    7   8   3   6   5   5   9   1   0   4   2   1   0   4   4  11   4   2  16   7  0.12 0.12
  110 S     0  -1   0   1  -2   1   0  -1   0  -1  -2   0  -2  -2   2   3   0  -3   0   0    7   1   4   7   0   6   5   4   2   3   2   4   0   1  10  30   4   0   3   6  0.22 0.17
  111 S     1  -1   0  -2  -2   1  -1   1   2  -2  -2  -1   0  -1   4   1   0  -2   0  -2   14   3   4   1   0   6   1  13   5   1   2   1   3   2  24  10   4   0   3   1  0.37 0.19
  112 G     1   0   1  -1  -2  -1  -1   3  -2   0  -1  -1   0   0   0   0   1   1   0  -1   10   5   6   1   0   1   1  25   1   6   4   4   3   6   4   6   9   3   3   1  0.14 0.10
  113 P     2  -1  -1   0  -2   0   0  -1   0  -2   0   0  -1  -2   1   2   1  -2  -2  -1   18   1   1   4   0   4   4   4   3   1  14   4   1   1   8  20   9   0   1   1  0.16 0.14
  114 Q     0   1   2  -1   1   3   1  -1   1  -2  -2   0  -2  -3  -2   1  -1  -2  -2  -2    6   8  13   1   4  22  10   4   4   1   2   4   1   1   1  11   1   0   1   2  0.29 0.18
  115 S     0   1   2   0  -2  -1   0   0   1  -1  -2   0   0  -2   0   1   1  -2  -2  -1    6  11  10   6   0   1   4   9   5   3   2   4   3   1   3  16  10   0   1   4  0.13 0.10
  116 W    -1   1   0  -2  -2   0  -1  -1  -1  -2  -1   2  -2   2  -2   0   1   6   2  -1    4   9   5   1   0   3   4   4   0   1   4  15   0   9   1   7   8  14   6   4  0.30 0.17
  117 Y     0  -1  -1   0   0   0  -1   0   3   1   0  -1  -1  -1   0   0  -1  -1   3  -1    6   1   1   6   2   6   1   7   9  11  13   3   0   1   5   9   1   0  14   1  0.10 0.12
  118 P     0  -1  -1  -1   0  -1  -1   2  -2  -1  -1   0  -2   0   4   0   0  -2  -2  -2    7   3   1   3   3   1   2  18   1   4   7   7   1   4  23   5   8   0   1   2  0.30 0.15
  119 K     0   1   2  -1   1   2   0  -1   1  -2  -2   2  -2  -3   2   0   0  -3  -2  -2    8  10  14   1   4  10   3   3   3   3   2  12   0   1  12   8   5   0   1   1  0.23 0.15
  120 A     0  -1   2   0  -2  -1  -1   3   1  -2  -2  -1  -1  -2  -1   1   0   1  -1  -2    9   3  12   4   0   1   3  26   3   2   4   3   2   1   3  13   6   2   2   1  0.22 0.15
  121 N    -2   0   2   0  -3   2   0   2  -1  -3  -3   3  -2  -3  -1  -1  -1   1   0  -3    1   3  13   5   0  14   5  18   0   1   1  22   0   1   3   3   3   2   3   1  0.35 0.22
  122 N     0   0   1  -2   1  -1   0  -2   0  -1  -1   0  -1  -2  -1   0   2  -3   0   2    9   6   7   1   4   2   5   1   2   1   4   4   0   1   3   8  15   0   3  24  0.13 0.15
  123 Q     0   4  -2  -2  -3   2   0  -1  -2  -2   1   0   1  -2  -1  -1  -2  -3   0  -1    6  34   1   1   0  11   4   6   0   1  14   3   4   1   3   3   1   0   4   5  0.33 0.23
  124 D    -1   0   0   1  -3   4   1  -2   2  -3  -3   0  -2  -3   0   1   2  -3  -2  -1    3   3   2   9   0  26   8   1   7   1   1   3   0   1   5  12  15   0   0   4  0.38 0.26
  125 F    -1  -2   0  -1  -2   1  -1  -1   3   0   0  -1   4   0  -2  -1  -1   3   0   1    5   1   6   3   0   6   3   3   9   5   6   3  20   5   1   4   2   4   3  12  0.18 0.18
  126 I     0  -2   0  -1  -2  -1  -2   0  -2   0  -1  -1   0   3   2   0  -1   1   0   0    5   1   5   3   0   3   1   9   0   7   4   4   2  20  12   7   3   2   3   8  0.15 0.13
  127 P     0  -1  -1   2  -3   0   0   0  -2  -2  -2  -1  -2  -3   4   1   0  -3  -3   0    5   3   1  14   0   4   6   7   0   1   4   3   0   1  25  13   5   0   0   7  0.40 0.22
  128 F     0  -2  -2  -1  -3   1   2  -1   3   0  -2  -2  -2   1   3  -2  -1  -3  -1   1    7   1   1   3   0   8  14   6  10   6   3   1   0   9  18   1   3   0   0  10  0.28 0.21
  129 T    -1   4  -2  -2  -3   0  -2   2   1  -2  -2   1  -2  -3  -3   1   1  -3  -3  -3    4  30   1   1   0   2   1  17   3   3   4   7   0   0   1  12  12   0   0   1  0.42 0.28
  130 K    -4   6  -3  -4  -5   0  -3  -4  -3  -5  -5   5  -4  -5  -4  -3  -4  -5  -4  -3    0  47   0   0   0   2   0   0   0   0   1  44   0   0   0   0   0   0   0   2  1.58 0.70
  131 K    -3   5  -1  -3  -5   2  -1   1   1  -5  -3   3  -3  -5   1  -3  -1  -5  -4  -4    0  40   2   0   0   9   2  10   4   0   3  19   0   0   6   0   4   0   0   0  0.81 0.47
  132 R     1   1  -2  -3  -3  -2  -2   2  -3  -3  -2   2  -3  -4  -3   3   2  -4  -4  -1   11   9   0   0   0   0   0  14   0   0   3  15   0   0   0  27  12   0   0   6  0.43 0.35
  133 V     4  -3  -1   1  -3  -1   1  -3  -3  -2  -3  -1  -1  -4   1   0  -1  -4  -1   1   43   0   2   8   0   3  10   0   0   2   0   4   2   0   7   4   2   0   2  11  0.45 0.36
  134 G    -2  -5  -1  -2  -5  -5  -5   7  -5  -6  -6  -4  -5  -6  -2  -3  -2  -5  -6  -6    2   0   2   2   0   0   0  86   0   0   0   0   0   0   3   0   2   0   0   0  1.98 0.80
  135 V    -2   1  -4  -2  -3  -1  -1  -5  -4   5   0  -3  -2  -3  -4  -4  -3   0  -3   4    2   7   0   2   0   3   5   0   0  34   4   0   0   0   0   0   0   2   0  39  0.82 0.47
  136 D    -5  -5  -2   8  -7  -4   0  -1  -5  -6  -7  -4  -6  -7  -5  -4  -2  -7  -6  -6    0   0   0  88   0   0   4   4   0   0   0   0   0   0   0   0   2   0   0   0  2.41 0.98
  137 R    -4   6  -3  -4   2   1  -3  -3  -1  -3  -5   4  -1  -5  -2  -4  -4  -5  -5  -5    0  54   0   0   4   6   0   2   2   2   0  26   2   0   2   0   0   0   0   0  1.39 0.70
  138 A     3  -3  -1  -3  -3   0  -3  -1  -4  -4  -2  -1  -3  -4   2   5  -1  -5  -4  -1   22   0   2   0   0   3   0   4   0   0   5   2   0   0   9  46   2   0   0   5  0.70 0.51
  139 F    -4   0  -1  -2   2  -2  -2  -5   6  -4  -3  -1  -4   4  -2  -4  -4  -2   6  -4    0   5   3   2   4   1   2   0  23   0   2   3   0  20   2   0   0   0  31   0  1.22 0.62
  140 P    -5  -2  -6  -5  -6  -5  -5  -6  -6  -6  -6  -5  -6  -7   8  -1  -5  -7  -7  -3    0   2   0   0   0   0   0   0   0   0   0   0   0   0  89   5   0   0   0   2  2.90 1.17
  141 L    -4  -1   1  -2  -4  -4  -5  -5  -5   0   5  -4   1  -3  -5  -1  -4  -5  -4  -1    0   4   8   2   0   0   0   0   0   3  71   0   3   0   0   6   0   0   0   2  1.12 0.63
  142 K    -1   2  -1  -1  -5   3   2  -4  -3  -3  -4   5  -4  -5   0  -3  -3  -5  -4  -2    6  11   2   2   0  11  16   0   0   2   0  41   0   0   4   0   0   0   0   3  0.80 0.50
  143 P    -3  -5  -5  -1  -6  -5  -2  -5  -5  -3  -3  -2  -5  -2   8  -4  -5  -6  -6  -5    2   0   0   4   0   0   2   0   0   2   3   2   0   2  82   0   0   0   0   0  2.44 1.01
  144 M    -1  -2  -1  -4  -3  -2  -4  -4  -4   5   2  -4   1  -3  -2  -2  -2  -4  -3   3    4   2   4   0   0   2   0   0   0  35  17   0   3   0   2   2   2   0   0  25  0.68 0.40
  145 V     0   0   0  -2   2   1   0  -2   0  -1  -1   1  -1   0  -2   1   0  -2   2   0    5   4   5   1   6   7   7   1   2   4   5   9   0   5   1  16   5   0   9   9  0.10 0.14
  146 H    -2   3   0  -1  -3   0  -1  -1   7  -3  -2   1  -3  -3  -3  -1   1  -3  -1  -2    1  15   4   3   0   4   3   4  35   1   3   7   0   1   1   5   8   0   1   3  0.75 0.40
  147 R    -1   5  -1  -1  -3   1   0  -1   3  -3  -2   1  -3  -3  -1  -1   1  -3  -3  -3    4  36   2   4   0   5   5   4   9   1   3   9   0   1   2   3  11   0   0   1  0.56 0.35
  148 K    -1   5   0  -3  -4   1  -1  -3   1  -4  -4   4  -3  -4  -2  -1  -1  -4  -3  -2    6  32   5   1   0   5   3   1   4   1   1  29   0   0   2   4   4   0   0   2  0.76 0.45
  149 S     2  -2   1  -2  -3  -1  -1   0  -3  -2  -2   0  -1  -3   2   3   2  -4  -3  -2   18   1   6   1   0   2   2   6   0   2   4   5   2   0  11  23  14   0   0   2  0.35 0.30
  150 C     0  -1   1  -2   2   1  -1  -1  -2  -1   0  -1   0   1   0   0   1  -2   2   0    7   3   8   1   5   8   2   5   0   2   7   3   2   6   4   6  13   0   9   8  0.09 0.14
  151 S     0   0   2  -1  -1   0  -1  -1   0  -2   0   0  -1  -3   0   3   2  -4  -3  -3    5   5  10   2   1   3   3   3   3   2   8   6   2   0   4  26  15   0   0   0  0.26 0.27
  152 T     0   2   0  -1   0   1  -2  -1  -2  -2   0   0  -2  -3   1   2   1   0  -3   1    6  11   5   2   2   6   1   5   0   0  13   4   0   0   6  18   9   1   0  10  0.14 0.19
  153 G     0   0   4   0  -3   1  -2   0   0  -2  -3  -1  -3  -2   3   1   1  -4  -3  -3    9   5  23   4   0   7   1   7   2   3   2   3   0   2  13   9   9   0   0   1  0.35 0.29
  154 E    -1  -1   2   0  -3   0   2  -1   3  -1  -1   0  -1  -2  -1   1   1  -3  -2   1    4   2   9   6   0   4  14   5   9   2   6   7   1   1   2  10   8   0   0  11  0.14 0.16
  155 A     0   0   0   0  -1  -1  -1   0   2   1  -1  -1   0  -1   2   0   0  -3  -1   1    8   7   4   6   1   0   3   6   6  10   4   2   2   3   9   8   7   0   2  12  0.07 0.11
  156 G    -1   2   2  -2  -3   0  -2   0   1  -3  -2   1  -2   1   0   2   0  -3   1  -2    3  15  10   0   0   4   0   9   4   0   3   7   0   7   4  17   7   0   5   3  0.21 0.23
  157 T    -1   0   1  -1  -3  -1   1   0   0  -1   0   2  -2  -3   0   1   2  -3  -1  -1    4   4   7   3   0   0   8   6   2   3   9  15   0   0   4  12  16   0   2   4  0.15 0.19
  158 D     1  -1   1   1  -3   1   0   0  -1  -3  -1   0  -2  -1   3   0   1  -3  -1  -2   11   3   8   8   0   7   4   7   2   0   8   4   0   2  15   7  12   0   1   2  0.19 0.19
  159 G     0   1   1   2  -1   1   1   1   0  -2  -2   0  -2  -2   0   1   0  -3  -1  -1    7   7   6  14   1   5   7  11   2   2   3   7   0   1   4  13   6   0   2   3  0.15 0.15
  160 D     0  -1   1   1  -3  -1   0  -1   0  -1  -1   0   0  -2  -1   2   1  -3   1  -1    9   2   6  11   0   2   4   5   2   3   4   7   3   1   3  24   7   0   5   3  0.16 0.20
  161 H     0   1   1  -1  -3   0  -1  -1   2  -2  -1   0  -2  -2   2   1   1  -4  -2  -2    5  11   9   3   0   4   3   4   7   2   5   6   0   2  13  14  11   0   0   2  0.23 0.22
  162 N    -1   1   4   0  -3   0  -1   0   1  -1  -2   1  -1  -2  -3   1   0   0  -3  -1    3   8  24   6   0   3   2   7   4   3   3   7   2   2   0  14   5   2   0   5  0.27 0.25
  163 V     0   1   2   0  -2  -1   0  -1  -2   0   1   0   0  -1  -1   1   0   0  -1   0    5   8  12   3   0   2   5   5   0   5  14   4   3   3   2  11   6   1   2   8  0.05 0.10
  164 Y     0   0   2  -2  -3   0  -1  -3  -2   0  -1  -1   0  -1   2   1   1  -2   3   0    5   5  10   2   0   5   2   1   0   6   5   3   3   1  12  11   8   0  14   6  0.21 0.23
  165 P    -2   1  -2   0  -4   1   0   0   0  -3  -2   2  -3  -2   4   1   0  -4  -3  -2    2   7   0   6   0   8   5   6   3   1   3  13   0   1  23  10   7   0   0   3  0.38 0.29
  166 R     1   1   1   0  -1   1   0  -1  -2  -2  -2   0   0   0   3   1  -1  -3  -1  -1   10  10   7   5   1   6   5   5   0   2   3   5   2   5  16  10   3   0   1   4  0.18 0.16
  167 P     0   0  -2  -2  -3   0   1   1  -1  -3  -1   0  -3  -4   4   1   1  -4  -3  -2    9   4   1   1   0   3   9   9   1   1   8   5   0   0  26  10   8   0   0   3  0.41 0.29
  168 P    -1   0   2   0  -4   0  -1   0  -3  -2  -3   1  -1  -3   3   1   1  -4  -3  -3    5   5  13   5   0   4   3   8   0   2   2  11   1   1  18  13   8   0   0   0  0.35 0.28
  169 E     0   0   1   0  -3   0   1   0  -1   0  -1   0   0  -3   0   2   0  -3  -3  -1    8   4   6   5   0   4  10   7   1   6   5   6   2   0   4  22   4   0   0   5  0.14 0.17
  170 P     1   0   0  -1  -1   1   1   0   1  -2  -1   1  -1  -3   3   1   0  -4  -3  -2   16   5   3   2   1   6   8   6   3   2   5   9   1   0  14   9   6   0   0   2  0.21 0.19
  171 R    -1   2   1   0  -3   0   0  -1  -2   0  -1   2   0  -3   0   0   0  -4  -3   0    3  16   6   6   0   3   6   4   0   6   6  13   3   0   4   8   6   0   0   8  0.15 0.17
  172 E     0   2   0  -1  -3   2   1  -2  -1  -1  -2   1  -2  -4   0   1   1  -1  -3   0    6  12   4   3   0   9   9   1   1   3   2  11   0   0   4  14  12   1   0   8  0.22 0.24
  173 F     0   2   2  -1  -1   1  -1   0   0   0  -2   0  -2   0   0   1   1  -3  -1   1    7  13  10   1   1   6   1   6   2   7   1   5   0   4   5  12   8   0   1  11  0.11 0.17
  174 S    -1   2   2   0  -1   1   0   0  -1  -2  -2   0  -3  -2   2   1   2  -4  -3  -3    3  12   9   5   2   7   5   8   1   2   3   6   0   2   9  12  14   0   0   0  0.24 0.24
  175 S     0   0   1  -1  -1   0  -1   0  -1  -3  -2   0  -3  -4   1   3   2  -4  -2  -1    8   5   7   3   1   4   2   6   1   1   2   6   0   0   6  30  12   0   1   4  0.31 0.31
  176 R    -1   3   2  -2  -4   0   0   0   1  -2  -2   2  -1  -4   0   2   0  -4  -3  -1    4  19   9   1   0   2   6   6   3   2   3  11   1   0   5  19   5   0   0   4  0.30 0.29
  177 N     0   0   2   1   1  -1  -1   1   1  -2  -2   1   0  -3  -3   2   1  -4   0  -2    6   5  13   7   3   2   2  11   5   2   3   8   3   0   0  16   8   0   4   2  0.19 0.21
  178 F    -1   1   0  -2  -3  -1  -1   0  -1  -2  -1   0  -1   1   2   2   1  -3   1  -1    2   8   3   1   0   1   4   7   1   1   5   7   1   8  10  18  12   0   5   4  0.17 0.22
  179 G     0   1   1  -1  -3   2  -1   1   0  -1  -1   0   0   0   0   1   0  -3  -1   0    4  10   6   3   0  10   2   9   3   3   6   6   3   4   4  13   6   0   1   6  0.08 0.13
  180 V     1   1   1  -1  -1   0   0   0  -2   0   0  -1   0  -2   1   1   1  -3  -2   0   12   9   7   2   1   5   4   7   0   4  10   2   2   1   6  12   7   0   1   8  0.07 0.11
  181 R     1   4   0  -1  -5  -2   0  -2   1  -1  -4   3  -1  -2   0  -1   0  -5  -2  -2   10  29   4   3   0   0   6   2   4   3   0  17   1   2   5   4   5   0   1   2  0.44 0.37
  182 N    -2   1   2  -1  -4   2   0  -1  -2  -2  -1   1  -1  -4   0   2   2  -1  -2  -1    1  10   9   3   0  12   5   4   0   2   5   7   1   0   5  17  13   1   1   4  0.23 0.27
  183 Q     0   2   1   1  -4   1   1  -1   0  -1  -2   0  -3  -4   1   0   2  -4  -3  -2    6  16   7   8   0   7   7   4   2   4   3   6   0   0   8   6  14   0   0   2  0.24 0.24
  184 G     1   1   0   0  -3   0   0  -1   1   0  -1   1  -2  -3  -1   1   0   0  -1   0   10  11   4   4   0   4   5   5   5   6   3   9   0   0   3  15   6   1   2   7  0.10 0.14
  185 N     1   2   3   1  -4   1   0   0   2  -4  -3   0  -1  -4   2   0   0  -4  -2  -3   10  13  17   6   0   6   7   5   6   0   1   4   1   0   9   6   5   0   1   1  0.31 0.27
  186 F    -1   0   0  -1  -3   0   0   0   0  -1   0   1  -1   1   1   1   1   0  -1  -1    4   6   5   1   0   3   6   5   2   3  10   8   1   7   6  15  12   1   1   5  0.07 0.12
  187 S     0   1   2   0  -3   0  -1  -1   0  -3  -1   2  -1  -4   0   2   1  -4  -1  -1    7   6  12   5   0   4   2   3   3   0   5  14   2   0   5  17  11   0   2   4  0.22 0.24
  188 V    -1   1   2   0  -1   1   0  -1  -1  -2  -1   0   0  -2   1   2   0  -4  -3   0    2   7   9   3   1   6   7   3   1   1   6   6   3   1   7  22   5   0   0   9  0.17 0.22
  189 V     1   1   0  -2  -3   0  -1  -2   0   1   0   0  -1  -1   2   1   0  -3  -1   1   11  10   6   1   0   3   3   2   2   8   9   4   1   3   9  11   4   0   1  11  0.09 0.12
  190 G     0   2   0   1  -3   0   0   1   0  -2  -1   1  -1  -3   2   0  -1  -4  -1  -2   10  13   4   7   0   4   3  12   2   2   8  11   1   0  11   5   3   0   2   1  0.18 0.18
  191 T    -1   1   2   0  -3  -1   0   0   0  -3  -2   1  -1  -3   2   0   2  -4  -1  -1    5  10  13   4   0   2   6   7   3   0   3   7   2   0  11   6  15   0   2   6  0.21 0.22
  192 V     0   1   1  -2  -1   0  -1  -3  -1   1   0   1   1  -2   0  -1   1   0  -2   1    6   9   9   1   1   5   4   0   2  10   6  10   4   1   4   3   9   1   0  14  0.10 0.15
  193 L     0   0   1  -1   0   0   0  -1  -1  -1   1   0   0  -1  -1   1   1  -3  -2   0    6   5   7   2   2   5   7   5   1   1  18   4   3   3   3  12  11   0   0   5  0.06 0.12
  194 A     0   1   0   1   1   1   1   1   3  -3  -3   1  -3  -4   1   1  -1  -4  -3  -1    9  10   3   8   4   6   7  12   8   0   1  10   0   0   6   9   2   0   0   5  0.21 0.21
  195 A     1   1  -1  -1  -1   1   0  -1  -1   0  -2   0   0  -1   2   2   0  -1   0  -2    9   9   2   4   2   7   4   4   1   6   2   4   2   2  11  21   4   1   4   2  0.16 0.20
  196 T    -1   0   1   0  -3   1   0  -1  -1   0  -2   0  -1  -2   2   0   1   0  -3   0    3   6   6   5   0   6   6   5   1   7   3   7   1   1  12   8  13   1   0   9  0.14 0.16
  197 Q    -2   2   1   0  -1   4   1  -2   3  -4  -3   1   0  -4   0   1   0  -4  -1  -1    2  11   5   4   2  21   8   2   7   0   1   6   2   0   6  11   4   0   2   5  0.35 0.33
  198 A     0   0   0  -1  -3   1   0  -1   0   0   0   0   0  -3   3   1   0  -1  -2   0    6   6   5   3   0   6   5   3   2   5   9   5   3   0  15  11   7   1   1   6  0.14 0.15
  199 E     0   2   0   1  -1   2   2  -2  -1  -3  -3   2   0  -4  -1   1  -1  -5  -4  -1    5  14   5   7   1  11  14   2   1   1   1  14   3   0   3  11   3   0   0   4  0.31 0.28
  200 K    -1   2   1  -2  -4  -1   1  -2  -3  -2  -3   3  -2  -3   3   1   1  -5  -2  -2    3  11   7   1   0   2  10   3   0   2   2  20   1   1  15  12   8   0   1   2  0.38 0.33
  201 A     0   1   1   0  -3   1   0  -3   0   0  -3   0   0  -1   0   3   1  -4  -3  -1    8   8   8   4   0   5   6   0   2   6   0   6   2   2   5  24   9   0   0   3  0.23 0.25
  202 V     0   1   0  -1  -1   0   0  -2   1   0  -1   1   0  -1   2   0   0  -3  -1   0    7   8   5   2   1   5   6   2   4   7   6   8   2   2  13   6   5   0   2   9  0.11 0.11
  203 A    -1   1   2   0   0   0   1  -1  -1  -2  -1   1   0  -3   1   0   1  -4  -3  -1    4  11  11   4   2   4   8   4   1   2   7   8   2   0   8   8   9   0   0   4  0.13 0.15
  204 N     0   2   4  -1  -3  -1   0  -1   0  -1  -2   2  -1  -2  -3   1   0  -4   0  -2    7  11  21   2   0   2   4   4   2   3   3  15   1   2   0  10   5   0   3   2  0.29 0.25
  205 F     0   0   0  -1  -3   1  -1  -1   2  -2   0   0   0  -2   2   1   0  -3  -1  -1    9   5   5   2   0   6   2   4   5   1   9   7   3   2  13  15   6   0   3   4  0.15 0.16
  206 D     0   0   1   1  -3   0   1   1   1  -2  -1   0  -2  -3   1   2   1  -1  -1  -2    7   5   6   7   0   2   8  10   4   2   6   5   0   0   7  16   8   1   2   2  0.14 0.14
  207 R    -2   3   0   0  -3   2   1   0   2  -2  -1   1  -1  -1  -2   0  -1  -3  -1  -2    1  21   4   5   0   9   7   7   5   2   8   9   1   3   2   9   3   0   2   3  0.20 0.20
  208 T     0   2   0   0  -3   0   0  -1  -2  -1   0   1  -1   0   1   0   1  -3   0  -2    6  14   3   5   0   5   4   5   0   5  11   8   2   4   8   8  10   0   3   1  0.09 0.12
  209 E    -1   0   1  -1  -4   2   3  -3   2  -2  -2   2   0  -2   0   0  -1  -4  -3  -2    4   3   7   2   0   9  27   1   5   2   4  15   3   2   5   6   2   0   0   2  0.37 0.29
  210 W     0  -1  -1   0  -3   0   0   0  -1  -2   0   0  -2   0   0   1   0   6   0  -2    7   3   1   5   0   3   5   6   2   2   9   6   0   5   6  13   7  15   2   3  0.27 0.21
  211 V    -1  -1   0  -1  -3   2   0  -1  -2  -1   0   1   1   2   2   0  -1  -3  -2  -1    5   3   5   2   0  13   6   4   0   2  12  11   4  10   9   5   4   0   0   5  0.13 0.16
  212 Q     0   1   1   1  -3   3   2  -2   0  -2  -1   1  -1  -3  -2   0  -1  -3   0  -2    8   6   8   9   0  15  16   2   2   2   6   9   2   0   1   4   3   0   3   3  0.23 0.21
  213 I     0  -1   0  -1   0   1   1  -2  -2   1   0   0   0   0  -1   0   0   0  -2   0    5   3   6   2   2   8  11   1   0  13  12   5   2   4   3   9   7   1   0   7  0.07 0.11
  214 R    -1   2   0  -1  -4   4   0  -1   2  -2  -1   2  -2  -2   0  -2  -1   2  -3   0    5  13   4   2   0  20   6   4   5   1   5  15   0   2   4   1   3   3   0   7  0.31 0.28
  215 R     0   2   1   1  -3   1   2  -1   1  -3  -3   3   0  -3  -1  -1   0  -3   0  -2    6  10   7   8   0   8  12   5   3   0   2  19   2   0   3   2   7   0   3   2  0.26 0.22
  216 L    -2  -1   1   0  -1   1   0  -3  -2   0   2   0   0   1  -2   1   1   2  -1  -2    1   3   9   5   2   7   6   1   0   5  25   5   2   5   1  10   8   3   2   1  0.15 0.20
  217 E     0   1   1   1  -1   4   3  -2  -2  -4  -4   1  -2  -4  -1   1  -1  -4  -4  -2    6   6   6   6   1  18  24   2   0   0   1   9   1   0   2  10   4   0   0   4  0.45 0.36
  218 A     1   0   1   0  -3   0   2   0  -1  -2   0   0   0  -1   0   1  -1  -3  -2  -2   15   5   9   5   0   4  14   5   1   2   9   6   2   3   4  13   2   0   0   2  0.13 0.16
  219 A     0   1   1   0  -1   1   0   1   0  -1  -1   1  -2  -3   0   1   0  -3   0  -1    8   6   8   6   1   7   4  10   2   3   5  11   0   0   4  12   4   0   3   6  0.09 0.11
  220 G    -1   2   1  -1  -4   2   2   1   1  -2  -3   2  -1  -3  -1   0  -1   0  -1  -2    5  11   7   3   0  11  13  11   3   2   2  11   2   0   3   8   2   1   3   2  0.22 0.21
  221 E    -1   2   2   0  -4   2   2  -3  -1  -1  -1   1   0  -3   1  -1   0   0  -2  -2    6  12  10   4   0  12  13   0   1   4   7   7   3   0   8   4   5   2   1   1  0.22 0.23
  222 S     0   0   3  -2  -4   1  -1  -1  -1  -4  -2   1  -1  -2   2   3   0  -1   0  -2    6   5  16   1   0   7   3   3   1   0   4   9   1   1   9  22   4   1   3   3  0.30 0.30
  223 L    -1   1  -1  -3  -3   0  -1  -4  -1   1   3   1   2   0  -1  -2  -1  -3  -1   1    3   7   4   0   0   4   4   0   1   6  32   9   7   5   3   1   4   0   1   8  0.23 0.23
  224 E     1   0   0   1  -3   0   3  -2  -1  -2  -2  -1   0  -2   0   1  -1   0   1  -1   13   6   5   8   0   4  22   2   1   2   3   2   3   1   5   9   4   1   5   5  0.19 0.21
  225 E    -1  -1  -1   2  -4   2   3   0  -2  -4  -2   2  -1  -1  -1   1  -1  -4  -3  -3    4   3   2  10   0   9  24   7   0   0   4  14   2   3   2  12   3   0   0   1  0.35 0.30
  226 E     0   0  -2   2  -4   0   4  -2   2  -3  -3   0   0  -2   0   0  -1   0  -3  -3    7   4   1  10   0   3  36   2   4   2   2   5   3   1   5   8   4   1   0   1  0.48 0.38
  227 I     0  -2  -1  -2   0  -1  -2  -3   1   3   1   0   0   0  -2  -1   0   4   0   1    6   2   3   2   2   2   1   1   3  23  12   9   2   3   1   4   6   7   2   9  0.22 0.21
  228 R     0   2   0   1  -3   3   1  -2   1  -2  -1   2  -2   0  -1   0  -1  -3   1  -3    7  14   3   7   0  15   8   2   3   3   6  12   0   4   3   5   3   0   5   1  0.22 0.22
  229 R     0   4   0   0  -1   0   0  -2   1  -2  -3   2  -3  -1  -2   1  -1   0  -1  -2    7  31   5   6   1   3   4   2   3   2   1  11   0   3   2  11   3   1   1   3  0.38 0.30
  230 K    -1   0   1   0  -4   1   0  -2   0  -2  -1   4   0  -2   0  -2   1  -4  -3  -2    5   4   9   4   0   8   5   2   3   2   7  33   2   2   4   1   8   0   0   3  0.36 0.31
  231 Q    -2   0   2   2  -4   2   4  -3   2  -4  -2   1   0  -4  -1  -1  -1  -4  -1  -4    2   4   9  13   0   7  29   1   5   0   3   9   3   0   3   3   4   0   2   1  0.48 0.35
  232 I     1   1   2  -1  -1   0   0   0  -2   0  -1   0   0  -3   1   1   0  -3  -2  -1   14  11  11   2   2   4   6   5   0   8   5   5   3   0   6  10   3   0   0   4  0.11 0.14
  233 L    -1  -1  -1  -1  -3   0   0  -2  -1   1   3  -1   2   0  -1   0   0  -3  -1   0    3   2   3   2   0   5   5   2   2   6  31   3   7   3   2   8   7   0   2   7  0.16 0.18
  234 L     0  -1   0   1  -2   0   1  -2  -2   1   1   0   0   0  -2  -1  -1  -3  -1   1    6   2   4  11   0   5  10   2   0   9  19   8   2   4   1   4   2   0   2   9  0.08 0.12
  235 R    -1   3   2   0  -3   2   0   0  -2  -3  -1   1   1  -3  -2   0  -1  -1  -1  -1    3  18  12   4   0  11   4   8   0   0   7   8   5   0   2   7   3   1   2   4  0.22 0.22
  236 G     0   0   0   1  -4   1   4   2   0  -4  -3  -2   0  -4   1   0  -1  -4  -2  -2   10   4   4   6   0   7  29  14   2   0   2   0   3   0   7   5   3   0   1   2  0.38 0.32
  237 K    -1   1   1   1  -4   1   0  -2   0   0  -2   4  -1  -4  -3   0   1  -4  -3  -1    3   8   7   7   0   5   6   2   2   7   3  30   1   0   0   7   8   0   0   3  0.32 0.27
  238 L    -1   0   0  -2  -3   0  -1  -1  -2   1   2  -1   0   1   0  -1   1  -3  -1   0    6   5   4   2   0   5   3   4   0  11  27   2   2   7   4   2   9   0   2   6  0.12 0.15
  239 K    -1   2   0  -2  -3   2   0  -1   1   0  -1   3   0  -2   1  -1   0   1  -3  -2    4  12   5   0   0  10   4   4   3   6   6  19   3   2   7   3   6   2   0   2  0.21 0.22
  240 K    -2   4   1  -2  -4   2   1  -2  -1  -4  -2   4  -3  -4   0   0  -2  -4  -2  -4    3  23   6   2   0  10   8   3   1   0   5  24   0   0   4   5   2   0   1   0  0.54 0.39
  241 T    -1  -1   0   0  -3   0   0  -1   0  -1   0  -1  -2  -2   2   1   3   0  -1   0    5   3   3   7   0   4   6   4   2   3  10   2   0   1   9  11  23   1   2   5  0.17 0.21
  242 E    -1   1   1  -1  -4   2   4   0  -1  -4  -3   0  -3  -1   0   0   0  -4  -1  -2    4   7   6   2   0  11  31   6   1   0   3   5   0   3   4   7   4   0   3   3  0.38 0.33
  243 E    -2   1   0   2  -4   2   3  -2   1  -4  -3   0   0  -4  -1   1  -1   4  -3  -4    3   7   4  14   0  10  23   2   4   0   2   5   2   0   2  11   3   7   0   0  0.49 0.37
  244 E    -1   0   1   1  -4   0   3  -2  -3  -4  -2   1  -3  -1   1   0   1  -4  -2  -3    3   5   8   7   0   3  26   3   0   0   4   8   0   3   9   8  10   0   1   1  0.33 0.30
  245 L     0   1   0  -1  -3   0  -2  -1  -3   1   3  -1   2   0  -3   0  -2  -3   0  -1    8   9   5   3   0   5   2   4   0   7  32   3   5   3   0   7   0   0   3   3  0.22 0.24
  246 R    -1   5  -1   3  -5   1  -2  -1  -3  -4  -3   1   0  -5   0   0   0  -5  -2  -3    5  31   3  18   0   5   1   5   0   0   2   9   2   0   4   7   5   0   1   2  0.56 0.41
  247 R    -1   4   0   0  -4   2   0  -2   0  -1   0   1   0  -3  -2   0   0  -4  -1  -1    4  25   4   6   0   9   4   2   2   3   9   9   2   0   2   6   6   0   2   5  0.27 0.24
  248 I     0   2  -3   0  -3  -1  -1  -2  -3   3   0   1   1  -3  -1  -2   0  -4  -1   1    8  16   0   5   0   2   4   3   0  21   7   8   4   0   3   2   7   0   2  10  0.22 0.22
  249 Q     0  -1   1   0  -4   5   1  -2   1  -2  -3   0  -1  -4  -2   0  -1  -4  -2  -1    9   3   7   6   0  34   7   3   3   2   2   4   2   0   2   7   4   0   2   5  0.52 0.42
  250 T    -1   3   0   0  -3   1   2  -2   0  -1  -1   1  -1  -2  -1   0   1   0   0  -1    5  17   5   4   0   6  12   2   2   4   4   8   2   1   2   4  11   1   3   3  0.18 0.19
  251 Q    -2   2   0   0  -4   3   3  -1   0  -4  -3   1  -1  -4  -1   1  -1  -4  -2  -2    2  11   3   5   0  12  25   6   2   0   3   9   1   0   3  12   4   0   1   2  0.40 0.34
  252 K     0   3   1   1  -4   0   0   0  -3  -2  -2   2   1  -4  -1   0  -1  -4   0  -1    6  19   6   9   0   3   6   7   0   1   3  16   4   0   3   5   4   0   3   4  0.27 0.25
  253 E     1  -2   0   1  -4   1   3  -2  -1  -3   0   0   1  -2   1   0  -1  -4  -4  -1   13   1   5   6   0   6  24   3   1   0  10   7   3   1   6   5   4   0   0   3  0.26 0.28
  254 Q     0   1   0   2  -4   3   2  -2   0  -2  -1   1   1  -2   0  -1   0   0  -3  -2    7   7   4  13   0  16  15   3   2   2   5   7   3   1   4   4   4   1   0   2  0.26 0.26
  255 A     1   0   0   0  -1   2   0  -1  -1  -1  -1   0  -1  -2  -1   1   1  -3  -1   0   15   6   5   5   1  10   6   4   1   4   5   6   2   1   3   9  10   0   1   6  0.10 0.14
  256 K     0   1   0   1  -3   1   2   0   1  -1  -1   1   0  -3  -1   0   0  -3   0  -1    6   7   5  10   0   8  13   6   3   4   5   8   4   0   3   5   7   0   3   5  0.12 0.14
  257 E     1   1   1   1  -3   1   2   0  -1  -1  -1   0   1  -1  -1  -1   0  -3  -1   0   11   8   7   7   0   6  15   5   1   2   4   7   5   4   3   3   6   0   1   6  0.11 0.15
  258 N     0   1   2   0  -4   1   3  -2  -1  -2  -1   0   1  -4   0   0   0  -5  -4  -3    7   7   9   5   0   6  23   3   1   2   6   6   5   0   5   7   7   0   0   0  0.29 0.29
  259 E     0   2   1   2  -5   2   4  -2  -3  -5  -3   2  -1  -2   0  -2  -1  -5  -4  -5    8   9   6  10   0   8  30   2   0   0   3  11   1   2   4   1   3   0   0   0  0.53 0.42
  260 N    -1   3   3   0  -4   2   0  -1  -1  -1  -3   1  -1  -1  -1   0   0  -1  -2  -3    5  17  18   4   0   8   7   6   1   3   2   8   1   3   3   5   4   1   1   2  0.29 0.28
  261 G     0   1   2   0  -1   0   1   1   0  -2  -2   0   0  -1  -1   0   0   0   1  -1    8   7  11   5   1   3   8  13   2   1   3   6   4   2   2   7   7   1   5   3  0.11 0.13
  262 E    -2   2   1   1  -5   1   4  -3   2  -4  -3   1  -2  -3   0   0   0  -1  -2  -2    1  12   7   7   0   7  27   1   5   0   3   8   1   1   4   5   7   1   1   2  0.42 0.36
  263 L    -1   1   0  -1  -3   1   0  -2   2   0   1   1   1   0   0   0  -1   2  -2  -1    3   9   5   4   0   7   4   1   6   5  16   8   5   5   5   8   4   3   0   2  0.11 0.16
  264 Q     0   0   0   0   0   2   2  -1   1  -3  -1   1   0  -1   0   1   0  -4   0  -1    7   5   4   5   2  11  18   3   3   0   5   8   2   3   4   9   5   0   3   3  0.16 0.19
  265 K     0   2   1  -1  -4   2   0   0   0  -1  -2   1  -3  -1   1   0  -1   1  -3  -1    6  13   8   3   0  12   6   6   2   4   4   9   0   3   6   8   3   2   0   4  0.17 0.20
  266 I     0   0   0   0  -1   1   1   0  -1   0   0   0  -1  -2   2   0   0  -1  -1   0    6   4   3   5   1   6   8   7   1   8   9   7   1   1  10   8   5   1   2   8  0.06 0.07
  267 I     0   1   1   1   1   2   1  -1   0   0  -1   1  -2  -1   1   0   0   1  -2  -1    7  10   6   7   3  10   8   3   2   7   4   7   0   2   6   7   6   2   0   3  0.10 0.13
  268 L     0   2   1   1  -3   1   0   0  -1  -2  -1   0   0   0   0   0   0   0  -1  -1    6  14   7   9   0   5   7   5   1   0   8   4   2   4   4   6   8   1   2   5  0.08 0.12
  269 P    -1   1   1   0  -3   0   1   0  -2   0  -1   1   0  -1   3   0  -1  -4  -1  -2    3   8   6   5   0   4   8   7   0   5   7  10   3   3  16   8   4   0   2   2  0.17 0.17
  270 R    -1   4   2   1  -5   1   1  -2   0  -2  -2   1  -3  -4  -1   0  -1  -5  -1  -2    4  28  11   6   0   6  11   2   2   2   4   7   0   0   3   7   4   0   2   2  0.42 0.34
  271 S     0   2   1   0  -3   1   1   0  -2  -1  -2   0  -1  -1  -1   1   0   1  -3  -1   10  11   9   5   0   6  11   7   0   3   3   5   2   4   2  10   6   2   0   3  0.13 0.16
  272 R    -1   2   1   0  -4   1   1  -1   0  -1  -1   2   0  -1   1   0  -1  -4  -3  -1    5  12   8   4   0   5   7   5   3   4   5  14   3   3   6   7   4   0   0   4  0.13 0.16
  273 V     0   0   0   0   1   0   1  -1   0   0  -1   0   1  -3   0   0   1  -3   0   0    9   4   6   4   3   4   8   4   3   6   6   7   4   0   5   8   9   0   4   7  0.06 0.09
  274 K    -1   0   0   0   2   0   0  -1   1   0  -1   0   1   0   0   0   0   3   1  -1    5   5   5   5   5   5   5   5   5   5   5   5   5   5   5   5   5   5   5   5  0.06 0.08
  275 G     0   1   0   1  -2   1   1   1   0  -3  -3   1  -3  -3   1   1  -1  -4  -2  -1    6   8   5   7   1   8  11  13   2   1   2  10   0   1   7   9   4   0   1   4  0.19 0.20
  276 N     0  -1   3   0  -2   0   1  -1   1  -2  -1   0   1  -1   2   0   0  -1  -3  -1    7   3  16   5   1   5   8   5   4   1   6   6   4   3   9   6   7   1   0   4  0.15 0.18
  277 K     0   0   2   0  -2   1   0   0   0  -1  -2   0   0  -2   1   1   0  -1   0  -1    7   6  11   3   1   8   6   7   2   4   3   6   3   1   7  12   5   1   3   3  0.11 0.15
  278 S     0   0   1   1  -2   2   1   0  -3  -1  -2   1  -1  -3  -1   1   1   0  -1  -2    6   4   5   9   1   9  10   5   0   3   3   7   2   1   3  14  11   1   3   3  0.15 0.19
  279 N    -2   1   2   0  -1   0   2   1   2  -3  -3   1  -1  -4   0   0   1  -1  -2  -3    3   7  10   5   1   3  17  11   5   1   2   8   1   0   5   8   8   1   1   2  0.25 0.25
  280 T    -1   0   2  -1  -3   1   0   0   0  -1   0   0   1  -2   0   1   2  -4  -1  -1    5   4  12   2   0   7   4   7   2   3  10   7   4   1   4  10  12   0   3   3  0.11 0.17
  281 M    -1   0   0   1  -1   0   1   0   0   0   0   0   2  -1   0   0   1  -1  -1   0    2   5   4   8   1   5   9   6   2   5   9   6   6   2   4   6  11   1   1   6  0.05 0.09
  282 Y    -1   2   1  -1   0   0   0   1   0  -1  -1   1  -1   0  -1   0   0  -3   0  -1    3  12   7   2   3   4   7  12   2   5   5   8   1   4   3   8   6   0   4   3  0.08 0.11
  283 K    -1   2   0   0  -2   2   2  -1   1  -3  -3   2   0  -4  -1   1   0  -5  -2  -1    4  11   3   6   1   8  12   4   4   1   2  14   2   0   3  12   6   0   2   4  0.25 0.25
  284 P     1   1   0  -1  -4   0   0  -2  -1  -2  -2   2  -1  -1   3   1  -1  -4  -1  -2   11   6   5   3   0   4   6   2   1   2   4  13   1   3  18  13   3   0   2   3  0.29 0.28
  285 I     0   0  -1  -1  -2   0   0  -1  -1   0   0   0   1   0   1   0   1  -1  -2   0    8   6   2   3   1   4   7   4   1   7  10   8   4   4   6   5  11   1   0   8  0.05 0.08
  286 F     0   1   1   0  -1   1   0  -2   1  -1   0   1   0   0  -1   0   0  -1   0  -1    8   8   9   4   1   7   4   2   3   3   9  11   2   5   3   4   7   1   3   5  0.05 0.09
  287 S    -1   2   2  -1  -4   1   1  -3   0  -2  -2   2   0  -2   0   2   1  -5  -4  -3    4  10  12   2   0   5   9   1   2   2   3  15   2   2   4  17   7   0   0   1  0.31 0.31
  288 P    -2  -2   1  -1  -4   0   0   0   0  -1   1   0  -1  -2   4   0  -1  -4  -2  -2    3   2   8   3   0   5   7   7   2   4  13   5   1   1  26   7   3   0   1   2  0.37 0.31
  289 E    -2   2   2   0  -4   0   2   0  -3  -3  -2   1  -4  -4   1   2   0  -5  -1  -2    2  11   9   4   0   3  14   7   0   1   4   7   0   0   8  19   4   0   2   3  0.30 0.30
  290 F    -1   1   1   0  -2   1   0  -1   2  -1  -1   0  -1   1   0   1   0   1  -1  -1    5   8   9   6   1   6   4   4   6   3   6   5   1   8   5   9   5   2   1   4  0.07 0.10
  291 E    -1   2  -1   1   0   2   1   0  -3  -1  -2   1  -1  -3   0   0   0  -4  -2  -2    5  12   3   9   2  11   9   8   0   3   3   9   1   1   5   8   7   0   1   2  0.19 0.20
  292 F     0   1   0   0  -2   0   0  -1  -1   0   0   1   0   1  -1   0   0   0   0   0    7   8   3   5   0   5   5   5   1   6  10   8   3   8   3   6   6   1   2   8  0.02 0.04
  293 E     0   1   0   0  -4  -1   1  -1   0  -2  -2   2  -2  -2   2   0  -1  -4   0  -1    9   7   5   6   0   2  10   5   3   2   4  14   1   2  10   7   4   0   4   4  0.16 0.17
  294 E     0   2   0   1  -1   0   1   0  -1  -2  -2   2   0  -3   0   0   0  -1  -2  -1    8  12   5   8   1   4   9   9   1   3   4  13   2   1   4   5   7   1   1   4  0.12 0.14
  295 E    -2   0   0   2  -4   2   2   0   2  -1  -2   0  -1  -1   2  -1   0  -4  -2  -1    1   5   3  11   0  11  14   6   6   3   3   7   2   2  11   3   7   0   1   3  0.25 0.25
  296 F     0   0   0   0  -1   1   0   0   1   0   0   0   0   2  -1   0  -1  -2   0  -1    7   4   4   4   1   7   4   7   4   5   8   7   3  14   2   9   3   0   2   5  0.05 0.10
  297 S     1   0   0   2  -2   1   1   0   0  -1  -2   1  -1  -2   1   1  -1  -4  -2  -1   11   4   5  12   1   7  11   6   2   3   3   7   1   1   7  12   3   0   1   3  0.15 0.17
  298 R    -1   3  -2   1  -5   1   1   0   0  -2  -3   3  -3  -1   1  -1  -1   0  -1  -3    6  19   2   7   0   6   8   7   2   2   2  17   0   3   6   5   4   1   2   2  0.31 0.28
  299 D     0   0   2   1  -4   2   1   0   0  -3  -3   0  -1  -2   0   1   1  -4   0  -2    6   4   8   9   0  10   9   6   2   1   2   7   2   1   4  14   9   0   4   2  0.20 0.22
  300 R    -2   2   0   1  -4   1   0  -1   0  -2  -2   1  -3  -2   2   1   0   0  -1  -1    2  10   4  10   0   8   7   5   2   2   4   8   0   1   9  14   6   1   2   4  0.19 0.22
  301 R     0   0   0   0  -4  -1   0  -1  -1   0  -1   1   0  -2   1   1  -1   4  -1   0    6   6   5   5   0   2   7   4   1   7   4  11   3   1   7  12   3   8   1   8  0.15 0.17
  302 E    -1   0   2   1  -1   0   2  -2   2  -3  -2   0  -1  -2   1   1   1  -4  -2  -1    5   5   9   7   1   3  17   3   6   1   4   5   1   1   7   9   9   0   1   4  0.20 0.21
  303 D    -2   0   1   3  -5   1   2  -2   4  -2  -3   1  -4  -2   0   0  -1  -5   1  -4    3   5   6  18   0   5  13   3  10   3   3  10   0   2   4   8   4   0   4   0  0.37 0.32
  304 E    -1   0   1   1   0   1   1   0   1  -1  -2   1   1   0   0   0   1   0  -1  -1    5   4   7   7   2   5  10   7   4   3   3   9   4   4   3   7   8   1   1   6  0.06 0.09
  305 T    -1   0  -1   2  -4   2   1  -1   0  -1  -2   0  -1  -2  -1   0   2  -4  -1   0    5   5   3  12   0  10   9   5   2   3   2   6   2   1   2   5  17   0   2   8  0.20 0.23
  306 W     0   0   0   0   0   0   1  -1  -2   1  -2   1   0   0   0   1   0   3  -1   0    5   5   5   4   2   5  11   4   0   9   2   8   3   4   4  10   6   4   2   7  0.07 0.11
  307 G    -1   1   0   0   0   1   1   0   2  -1  -2   1   0  -1   1   1   0  -3   0  -2    5   7   4   5   3   6   8   5   6   4   4   9   2   3   6  11   6   0   3   2  0.09 0.11
  308 R     0   2   1  -2   1   1   0  -1   1  -1  -1   0   0   0   0   1   0   2   0  -1    6  11   8   0   3   6   5   3   3   3   6   6   3   4   4  13   5   3   3   4  0.09 0.13
  309 S     0   0   0   0  -3   1   0   0   2  -2  -1   0   1   0   1   0   0  -2   1  -1    6   6   6   6   0   6   6   6   6   0   6   6   6   6   6   6   6   0   6   6  0.05 0.09
  310 Q     0   1   1  -2  -4   3   1   1   1  -3  -2   2  -2  -4   0   1   1  -4  -1  -3    5   8   5   2   0  13   7  10   3   1   3  13   1   0   4  12   9   0   2   1  0.24 0.26
  311 Q    -1   1   0  -1  -4   3   1  -2   0  -1  -2   1  -2  -2   0   1   1  -4  -1  -2    4   7   5   3   0  14  11   3   2   4   3  11   1   1   4  12  11   0   2   2  0.23 0.26
  312 N     0   2   4   0  -4   1   0  -1   0  -2  -2   0  -2  -3   1   1   1  -4  -2  -3    7  11  21   3   0   7   4   4   2   3   4   5   1   1   7   9   9   0   1   1  0.29 0.28
  313 S     0   0   0   1  -2   1   1   0   0  -1  -1   0  -1  -2  -1   1   0  -3  -1  -1    6   5   5   8   1   7  10   7   3   5   7   5   1   1   3  14   6   0   2   4  0.08 0.10
  314 G     0   0   0  -1   0   1   1  -1   3  -1   0   1  -1  -1   2   1   0  -3  -1  -1    6   5   4   3   2   6   9   5   9   2   9   8   1   2  10   9   7   0   1   3  0.12 0.14
  315 P    -2   0   0  -1  -5   0  -1  -1  -2  -1  -5   1  -1  -5   5   1   0   1  -3  -2    2   6   4   4   0   4   4   5   1   3   0  10   1   0  32  10   5   2   1   2  0.61 0.45
  316 F     0   0  -1   1  -1   1  -1  -2  -1  -2   0   1   1   1   1   1   1  -3   0  -1    9   4   2   9   1   8   3   1   1   1   8   8   5   7   6  11   8   0   3   3  0.09 0.16
  317 Q     0   2   0   1  -4   2   1  -1   1  -2  -1   1  -2  -3   1   0   0  -4  -1  -1    6  12   3   6   0  10   9   4   4   1   5   8   0   1   9   8   4   0   2   6  0.17 0.19
  318 F     0   1   1  -1  -2   1   0  -1   0  -1   0   1   0   0   0   0   0   1   1   0    6   8   6   2   0   6   5   4   2   3  10   9   3   4   3   7   7   2   6   6  0.04 0.06
  319 S     0   2   0   0  -4   1   0  -1  -1  -2  -2   1  -2  -2   2   2   1  -4  -3  -2    9  11   3   4   0   8   6   5   1   2   2   8   1   2   9  17  10   0   0   1  0.23 0.25
  320 D     0   0   2   1  -3   2   0  -1  -1  -2  -2   0  -1  -2   1   2   1  -4  -1  -2    5   5  10   8   0  11   6   3   1   2   4   6   2   2   8  15   9   0   2   3  0.18 0.21
  321 Y     0   1   0  -1  -2   2   0   1   1  -2  -1   0   0   0   0   0  -1   2   1  -2    7   9   4   2   1  10   5  10   5   2   5   6   3   4   5   8   3   4   6   2  0.10 0.13
  322 R    -1   2   2   0  -4   2   0  -1   1  -2  -2   2  -2  -1  -1   0   0  -4  -1  -1    4  13  10   4   0  10   5   5   3   1   4  15   1   2   3   6   7   0   2   5  0.19 0.20
  323 I     0   2  -1  -1  -3   1   0   0  -2   0  -1   1  -1  -2   1   0   0   0  -1   0    8  15   2   3   0   7   4   8   0   6   7  10   1   1   7   5   4   2   2   7  0.10 0.13
  324 Q     0   0   1  -1  -4   2   3  -2  -1  -2  -4   1  -2  -3   2   1   0  -4  -2  -2    6   6   7   3   0  11  21   3   1   2   1   8   1   1   9  11   5   0   1   3  0.32 0.30
  325 R     0   2   0   0  -1   1   1  -1   1  -1  -2   2  -2  -3   1   1   0  -4  -2  -1    6  10   3   5   1   8   7   5   3   3   4  14   1   1   8  11   6   0   1   4  0.16 0.18
  326 L     0  -1   0  -1  -1   0   0  -1   0   0   1   0   1  -1  -1   2   1  -4  -3   0    8   2   4   2   1   5   5   3   2   6  14   5   3   2   3  21   8   0   0   5  0.11 0.17
  327 K     0   0  -1   0  -2   2   1  -3  -3  -2  -2   3  -2  -2   1   1   1  -4   0  -1    7   5   2   4   1   9   8   1   0   2   3  20   1   1   8   9  11   0   3   4  0.26 0.27
  328 R    -1   2   0  -1  -2   2   1  -3   2  -3  -3   3  -3  -3   0   1   0  -5  -3  -2    5  14   3   3   1   9   8   1   5   1   3  24   0   1   5  10   5   0   0   3  0.38 0.34
  329 E     0   0   1   0  -4   2   3  -1  -2  -2  -3   1  -4  -3   0   1  -1  -5  -2  -2    7   5   6   4   0  11  25   5   1   2   1   8   0   1   5  10   4   0   1   3  0.35 0.33
  330 R    -1   4  -2  -1  -4   2  -1  -2  -2  -3  -2   2  -2  -4  -1   2  -1   1  -2  -1    4  26   1   2   0  10   4   2   1   1   3  13   1   0   3  18   4   2   1   4  0.48 0.41
  331 L    -1  -1   1   0  -3   0  -1  -1   0   0   1   0  -1   0   3   0   0  -3   0  -1    5   2   8   5   0   3   3   5   2   6  15   4   1   5  14   7   5   0   4   3  0.12 0.14
  332 V     0  -1   0   0  -3   1  -1  -1   0   0  -1   1  -1  -2   2   0   2  -4  -2   2    6   2   4   4   0   6   3   3   2   5   6   9   1   1  11   6  14   0   1  15  0.15 0.18
  333 A     2  -1   0  -2  -2   0   0  -1   0  -2  -1   0   0  -3   1   2   1  -4  -1  -2   18   3   4   1   1   4   5   5   2   1   7   6   2   0   8  18   9   0   2   2  0.20 0.24
  334 S     1   0   1  -1  -3   0  -1  -1  -1  -1  -2   0  -3  -2   2   3   1  -4  -2  -2   11   6   6   3   0   4   2   4   1   4   4   5   0   2  10  24  11   0   1   2  0.24 0.26
  335 N    -2   1   5   0  -3   1  -1  -1   0  -3  -3   1  -4  -2  -1   2   0  -5  -3  -2    3   8  27   6   1   5   2   5   2   1   2   9   0   2   3  16   4   0   1   2  0.46 0.38
  336 N     0   1   3   1  -2   0  -1  -1  -2  -2  -4   1  -4  -5  -1   3   0  -5  -2  -2    7   7  15   7   1   5   2   4   1   2   1   8   0   0   3  27   5   0   1   3  0.40 0.36
  337 K     0   2   0   0  -4   0   0   0  -1  -3  -2   3  -1  -2   2   0   0  -4  -2  -2    6  10   5   6   0   4   6   6   1   1   4  19   1   1  11   8   5   0   1   3  0.23 0.22
  338 I    -1   1   0  -2  -3   0   0  -1   0   2   0   0   0  -1   0   0   0  -3  -1   1    4   8   5   1   0   3   6   4   2  18   8   5   3   2   4   7   7   0   2   9  0.08 0.13
  339 R    -2   3   0  -1  -5   3  -1  -1  -2  -3  -4   3  -2  -3   2   1   0  -5   0  -2    3  15   3   3   0  15   2   4   1   2   1  16   1   1  11  12   6   0   3   2  0.42 0.37
  340 D    -1  -1   1   2  -4   2   1   0  -1  -4  -3   2  -1  -4   1   2   0  -2  -2  -2    5   3   6  12   0   8  10   6   1   0   2  12   1   0   7  16   5   1   1   3  0.27 0.27
  341 P     0   1   1   0  -2   1  -1  -2   1  -3  -1   0  -2  -3   4   0   1  -1  -2  -3    8   8   6   4   1   6   2   3   4   1   5   7   1   1  25   6   8   1   1   2  0.39 0.33
  342 V     0   0   1  -1  -3   0   0   0   0   0  -1   0   1  -1   1   1   1  -2  -1   0    7   3   8   2   0   5   4   6   2   4   6   7   5   2   7  11   9   1   2   9  0.06 0.10
  343 S     0  -1   1  -1  -4  -1  -1  -2   0  -2  -3   0  -1  -2   3   3   2  -5   0  -2    8   3   7   3   0   2   4   2   3   3   1   6   2   2  15  21  12   0   4   3  0.32 0.32
  344 E     0   1   2   0  -2   1   1  -1   1  -2  -2   1   0  -1   0   2   0  -2  -2  -2    7   8  11   5   1   5   9   4   3   2   3   8   3   2   4  18   5   1   1   2  0.17 0.20
  345 P    -1   1   0   0  -2   0  -1  -1  -2  -1  -3   0   0  -2   4   1   1  -5  -2  -1    5   7   4   6   1   4   3   5   1   4   1   5   3   2  19  13  11   0   1   3  0.27 0.28
  346 S     0   0   0   0  -4   1  -1   1  -1  -4  -3   0  -2  -2   0   3   2  -2  -2  -2    6   5   4   4   0   6   4   9   1   1   2   4   1   2   5  28  13   1   2   2  0.31 0.33
  347 V     0  -2   1   0   0   1  -1  -1  -1  -1  -2   0   1  -2   2   2   1  -4  -3   0    9   1   9   4   2   8   3   5   1   3   3   6   4   1  10  14   9   0   1   8  0.17 0.21
  348 E    -1  -1   1   0  -2   0   1  -1   1  -3  -2   1   1  -3   1   2   0  -5  -4  -2    5   3   6   5   1   5  11   5   4   1   4  10   4   1   9  20   6   0   0   2  0.24 0.27
  349 K    -1   2   0  -1  -4   0   1   0  -1  -1  -2   2  -2  -2   1   2   0  -2   0  -1    4  11   5   3   0   4   7   7   1   4   3  15   1   1   8  15   4   0   3   4  0.19 0.21
  350 F     0   0   0  -1   0   1   0   0  -1   0  -1   0  -1   0   1   1   0   0   1   0    6   4   4   2   2   7   5   8   1   7   7   7   1   3   8  10   7   1   5   5  0.05 0.07
  351 S     0   2   0  -1  -4   1   0   1   1  -1  -2   1  -1  -3   1   1   1  -4  -3  -1    9  12   5   3   0   6   7   9   3   3   2   7   2   1   6  12   9   0   1   4  0.16 0.19
  352 P     0   1   1  -1  -3   1   0   1   0  -3  -2   0  -1  -3   3   0   1  -4  -3  -1    6   8   8   3   0   7   6  11   3   1   4   5   2   1  16   7   7   0   1   5  0.23 0.23
  353 P     0   1  -1  -1  -4   1  -1   0   0  -1  -2   1   0  -2   3   0   1  -4  -1  -1    8   7   2   4   0   6   3   6   3   3   4   8   3   2  18   7  10   0   2   5  0.21 0.22
  354 S     0   1   1  -1  -2   1   0   1   2  -2  -2   0  -1  -4   0   2   0  -4  -1  -2    9   8   7   2   1   5   6   9   6   2   5   6   1   0   4  19   5   0   2   3  0.17 0.21
  355 E     0   1   0   0  -1   2   1  -1  -1  -3  -2   2  -2  -5   2   1   1  -2  -3  -1    7   9   5   6   1  10   7   4   1   1   3  11   1   0  12   9   8   0   0   4  0.24 0.25
  356 T     0   1  -1  -1  -4   2   0  -1  -2  -2  -1   1   0  -3   2   1   2  -4  -2  -1    8   8   2   4   0  10   4   5   1   2   6   8   3   1  11  12  14   0   1   4  0.20 0.24
  357 P     0   1   0  -3  -5   1  -1  -1  -1  -4  -3   1  -2  -3   4   2   0  -2  -2  -2    8   8   3   1   0   7   4   4   2   1   2   8   1   1  24  15   6   1   2   3  0.45 0.39
  358 V     0   0  -1   0  -2   0  -1   0  -3   1  -1   0  -1  -2   2   0   0  -1  -1   1    7   6   2   6   1   4   3   9   0   9   5   5   2   1  13   8   6   1   2  11  0.11 0.14
  359 G     0   0  -1   1  -4   1   0   1  -2  -2  -2   0  -1  -2   2   2   0   0  -1  -1    7   6   2   7   0   6   5  10   1   1   3   5   1   1  11  17   5   2   3   6  0.17 0.20
  360 A     1   0   0   0  -3   0   0  -1  -1  -1  -1   0  -1  -3   1   2   1  -4  -2   0   15   4   5   4   0   5   7   5   1   4   4   7   2   0   6  15   9   0   1   7  0.13 0.16
  361 L     0   0   1  -1  -1   0   0   0   0  -1   0   0   1  -1   2   1   0  -2  -1  -1    7   6   7   3   1   5   4   8   2   4  10   6   4   2   9  10   7   0   1   3  0.07 0.08
  362 Q     0   1   1  -1  -1   2   0  -1  -1  -2  -2   2  -2  -3   2   1   0  -4  -2  -1    7   8   6   3   2   9   6   4   1   1   4  13   1   1  12  12   4   0   1   5  0.21 0.22
  363 G     0  -1   1   1  -4   1   0   1  -1  -2  -2   0   0  -2   3   1   0  -4  -3  -2    7   3   6   9   0   7   5  12   2   2   2   6   3   1  15  10   7   0   1   3  0.23 0.23
  364 S     1  -2  -1  -1  -4   1   0  -1   0  -2  -2   1  -1  -3   3   3   1  -5  -4  -2   10   2   3   2   0   6   6   4   2   2   4   8   2   1  15  24   7   0   0   3  0.34 0.34
  365 A     1  -1   1   0  -4   0   1   0  -2  -2  -1   0  -2  -3   3   1   0  -5  -2   0   11   3   6   5   0   3   8   6   0   2   6   6   1   1  18  12   5   0   1   8  0.25 0.25
  366 R     0   3   0  -1  -4   0  -1  -1   0  -1  -2   1   0  -3   2   1  -1  -5  -1  -1    7  18   3   3   0   5   4   5   2   3   2  10   3   1  12  13   3   0   2   4  0.26 0.26
  367 N     0   1   1   0  -3   0  -1   1   1  -1  -1   1  -2  -2   1   1   0  -2  -1  -1    8   8   9   4   0   3   3   9   3   3   5  10   1   1   6  13   7   1   2   3  0.12 0.15
  368 S     1  -1   0   0  -4   0   0   1  -1  -2  -2   1  -1  -2   3   2   0  -2  -1  -2   10   2   3   4   0   4   5   9   1   2   4   8   1   2  14  17   5   1   2   3  0.21 0.23
  369 S     1  -1   2   0  -1   0  -1   0   2  -2  -3  -1  -1  -2   3   2   0  -5  -2  -2   10   3  11   4   1   5   3   6   5   2   2   4   1   2  15  15   6   0   1   3  0.24 0.25
  370 L     0   0   0  -1  -3   0  -1  -1  -2   0   1   0   1  -2   2   0   1  -4  -2   0    7   6   4   2   0   4   3   5   1   5  14   7   4   1  12   7   8   0   1   7  0.10 0.14
  371 S     0  -1   1   0  -1   0   1  -1  -1  -1  -2   0  -1  -2   2   2   1  -2   0  -2    7   4   7   4   1   4   9   3   1   3   2   5   1   2  11  19  10   1   3   2  0.20 0.23
  372 M     0   0   1  -1  -3   1  -1  -1   0  -1   0   0   0  -1   1   1   1  -3  -1  -1    7   6   6   3   0   7   3   4   2   2   9   6   3   3   8  15   8   0   2   5  0.10 0.15
  373 A     1   0   0  -1  -2   1   1   0   0  -1  -1   1  -1   0   1   1   0  -1  -1  -1   12   3   3   3   1   5   8   8   2   5   5   9   2   5   6  12   6   1   1   4  0.06 0.09
  374 P     0  -1  -1  -1  -2   0   0   0  -3  -3  -2   1   0  -2   4   1   1  -4  -2   0    8   3   3   3   1   4   6   6   0   1   3   8   2   2  24  11   8   0   1   7  0.33 0.30
  375 D     0   0   1   1  -3   2   2  -1   0  -1  -1   1  -1  -1  -1   1   0  -4  -1  -1    8   4   7   7   0  11  13   4   2   3   5   7   1   2   3  11   5   0   2   5  0.13 0.16
  376 S     0   1   0   0  -1   0   0   0   0  -1  -1   0  -1  -1   1   1   0  -1   0  -1    8   7   4   6   1   4   6   7   2   2   6   7   2   2   9  12   6   1   4   5  0.07 0.08
  377 S     0   0   0   0  -1   0   1   1  -2   0  -1   0   0  -2   2   1   0  -3  -2   0    9   4   5   4   1   5   9  10   0   5   5   4   3   2  11   9   6   0   1   7  0.10 0.11
  378 G     0  -1   0   0  -1   1   1   0  -1  -1  -1   0  -1  -1   2   1   0  -4  -3   0    8   3   4   5   1   7  11   8   2   4   6   3   1   3  12  10   5   0   0   8  0.12 0.14
  379 S     1  -1  -1   0   0   0   1   0  -1  -1  -1  -1   1  -2   2   1   0   1  -1  -1   15   2   2   5   2   3  12   7   1   3   4   2   4   2  12   9   6   2   2   5  0.12 0.16
  380 S     0   0   1   2  -1   0   2   0  -1  -1  -2   0  -1  -2   1   1   0  -4  -1  -1    8   5   6  12   1   5  14   6   1   3   2   4   2   2   8  10   6   0   2   3  0.15 0.16
  381 G     1  -1   0   0  -3   0   1   1  -2  -1  -2  -1   0  -2   0   2   0  -1  -1  -2   15   2   3   6   0   4  12  12   0   3   3   3   2   2   5  17   4   1   3   2  0.17 0.21
  382 S     1  -1   1   0  -3   0   0  -1  -1  -2  -2   0  -1  -2   2   2   1  -4  -1  -1   15   3   6   5   0   5   7   4   1   2   2   3   1   2   9  15  12   0   2   5  0.17 0.20
  383 I     0  -1   0   1   0   0   1   0  -2  -1  -1  -1  -1  -1   2   0   0  -3   0   1   10   2   5   8   3   3   9   8   0   3   4   3   1   3   9   6   6   0   4  12  0.08 0.11
  384 E     1  -1   0   1  -3   1   2   0   0  -1  -2  -1  -1  -3   1   1   0   1  -1  -1   13   2   3   7   0   6  19   7   2   3   3   3   2   0   8   9   4   3   1   6  0.16 0.20
  385 E    -1   0   2   1  -3   1   1  -1   0  -1  -1  -1   0  -3   3   0   0  -4  -1  -1    4   6  10   9   0   6  11   4   2   3   5   2   2   0  15   9   5   0   2   4  0.22 0.20
  386 P    -1  -1   0   2   0   0   2   0  -2  -1  -2   0   0   0   3   1  -1  -3  -3  -1    3   2   3  11   3   4  15   8   0   3   4   4   3   5  14  11   3   0   0   3  0.19 0.19
  387 Q     0   0   1   1   0   1   1   1   1  -1  -2   0   0  -3   1   0  -1  -3   0  -1    5   3   7   7   3   8  11  11   3   3   4   4   3   0   9   7   4   0   5   3  0.12 0.13
  388 L     0   0  -2  -2   2   1   0   0   2  -2   0   0   1   1  -3   0   0   3   1   0    6   6   0   0   6   6   6   6   6   0   6   6   6   6   0   6   6   6   6   6  0.11 0.15
  389 G     0  -1  -2  -2  -2   0   0  -1   0   1   1  -1   0   0  -2  -1   0   2   0   2    8   3   1   1   0   5   8   4   2   6  13   4   2   5   1   3   5   4   2  23  0.09 0.10
  390 E     0   0  -3  -3  -5   2   2  -3  -3  -5  -3  -1  -3  -5   6  -2  -2  -5  -5  -3    6   5   1   1   0  11  15   1   0   0   2   2   0   0  49   2   2   0   0   1  1.20 0.44
  391 C    -5  -7  -6  -7  11  -6  -7  -6  -6  -5  -5  -6  -5  -6  -6  -5  -5  -6  -6  -5    0   0   0   0  96   0   0   0   0   0   0   0   0   0   0   0   0   0   0   0  4.17 0.98
  392 S     0   1   0   0  -3   1   0   0  -1  -1  -3   2  -3  -3   3   1   0  -4  -2  -2    6   8   5   5   0   5   5   5   1   5   1  13   0   1  18  13   7   0   1   2  0.28 0.16
  393 H    -2  -3   0  -2   0  -2  -2  -3   3   4   0  -2   2   1  -4  -1   0  -3   1   2    1   1   6   2   2   1   2   1   8  30   5   2   5   5   0   6   7   0   6  12  0.32 0.20
  394 C    -4  -6  -5  -6  11  -5  -6  -5  -6  -5  -5  -6  -5  -5  -5  -4  -4  -5  -5  -4    1   0   0   0  92   0   1   1   0   0   1   0   0   0   0   1   0   0   0   1  3.85 0.89
  395 G    -1  -2   2  -2  -2   0  -1   5   0  -4  -4   0  -4  -3  -4   0  -2  -4  -3  -4    4   1  12   1   1   5   3  51   2   0   1   5   0   1   0   8   2   0   1   1  0.83 0.32
  396 R    -5   8  -4  -5  -6  -3  -4  -5  -4  -6  -5   0  -5  -6  -5  -4  -5  -6  -5  -6    0  91   0   0   0   0   0   0   0   0   0   5   0   0   0   0   0   0   0   0  2.56 0.74
  397 K    -2   4   1  -2   0   1  -2  -2   1  -4  -3   3  -1  -1  -3   1   3   0  -2  -3    1  23   7   1   2   5   0   2   3   0   1  19   1   2   0  10  19   1   1   0  0.51 0.27
  398 F    -5  -6  -6  -6  -6  -6  -6  -6  -5  -2  -3  -6  -4   9  -6  -4  -5  -3  -1  -1    0   0   0   0   0   0   0   0   0   1   1   0   0  89   0   1   0   0   0   4  2.73 0.74
  399 L     3   2   3  -2  -3  -2  -2  -2  -1  -1   0  -1   0  -1  -3  -1  -1  -4  -2   0   34  11  15   2   0   1   1   1   2   2  10   3   3   2   1   3   3   0   1   6  0.32 0.24
  400 S     1  -1  -3  -2  -1   1   1  -3  -2  -3  -2   1  -1  -2   5   1   0  -5  -4  -1   13   3   0   2   1   8  10   1   1   1   4   8   2   1  28  10   4   0   0   5  0.48 0.26
  401 F    -2  -2   1   5  -5   1   3  -3  -2  -4  -3  -1  -4  -3  -3   0  -1  -6  -5  -2    3   2   5  41   0   5  22   1   1   1   2   3   0   1   1   6   3   0   0   3  0.83 0.38
  402 R     1   6  -2  -4  -5  -3  -3  -3  -4  -2  -4  -2  -4  -5  -2   2  -1  -6  -5   1   14  51   1   0   0   0   0   1   0   2   1   0   0   0   2  15   3   0   0  10  1.04 0.49
  403 L    -4  -5  -6  -7  -4  -5  -6  -7  -5   3   5  -5   0   0  -6  -5  -4  -4   0   1    0   0   0   0   0   0   0   0   0  20  65   0   1   3   0   0   0   0   4   7  1.33 0.50
  404 E     1   0  -1   2  -4   1   4  -1  -1  -2  -3   0  -2  -4   0   0  -1  -5  -4  -2   14   3   2  15   0   7  31   3   1   2   2   4   1   0   4   6   3   0   0   3  0.40 0.23
  405 R    -2   3  -2  -4  -5  -1  -2  -4  -3  -2  -2   5  -3  -2  -2  -2   1  -5  -1  -1    3  19   1   0   0   1   0   0   0   2   4  51   0   1   1   1   9   0   3   4  0.89 0.39
  406 H    -6  -4  -3  -5  -7  -4  -4  -6  11  -7  -7  -5  -6  -5  -6  -5  -6  -6  -2  -7    0   0   0   0   0   0   0   0 100   0   0   0   0   0   0   0   0   0   0   0  3.90 0.93
  407 S     0   0  -1  -1  -3   1   3   0  -1   1  -2   0   1  -2  -3   0   0  -4  -3   1    9   4   1   1   0   8  27   7   1  13   2   5   4   1   0   5   5   0   0   9  0.21 0.17
  408 N    -1   3   1  -1  -2   2   0  -1  -1  -2  -3   2  -3  -3   3   0  -1  -4  -3  -2    4  18   7   3   1   9   5   4   1   2   1  17   0   1  14   6   3   0   0   3  0.34 0.17
  409 I     0  -5  -5  -5  -3  -4  -5  -5  -5   6  -1  -2  -2  -1  -4  -2   1  -5  -1   3   10   0   0   0   0   0   0   0   0  54   2   2   0   2   0   3   7   0   2  20  0.94 0.37
  410 C    -4   0   1  -7  11  -6  -7  -6  -6  -5  -5  -6  -5  -6  -7  -5  -5  -6  -6  -5    0   5   6   0  89   0   0   0   0   0   0   0   0   0   0   0   0   0   0   0  3.53 0.84
  411 S     0   2  -1  -1  -1   2   2  -1   2  -1  -2   2   0  -2  -3   0  -1  -4  -2  -1   10  14   1   1   1   9  17   3   7   4   3  14   3   1   0   6   2   0   0   3  0.25 0.15
  412 R    -2   2   0  -2  -4   0  -1  -2  -3  -4  -4   6  -1  -5  -3  -1   1  -5  -4  -4    2   8   4   2   0   2   2   2   0   0   1  66   2   0   0   2   8   0   0   0  1.13 0.41
  413 M     0  -1   1  -1  -3   0  -2  -2  -1   0   1  -1   2  -3  -3   1   2  -3  -3   2    8   2   9   2   0   4   0   1   1   5  12   2   8   0   0  10  15   0   0  18  0.21 0.18
  414 R     2  -1   0  -2  -3   2  -1  -1   1  -2  -1   0   0   3  -1   1   0  -3  -1  -1   18   3   5   0   0  12   2   5   3   1   5   7   2  14   2  13   6   0   1   3  0.18 0.18
  415 G     0   0   3  -1  -2   2  -1   0  -1  -1  -2   2   0  -3  -2   1   1  -4  -2  -2    9   5  15   3   1  11   2   5   1   3   2  15   2   1   1  12  10   0   1   3  0.23 0.19
  416 S    -2   2  -2  -4  -5   0  -2  -2  -2  -3  -3   6   0  -5  -2   1  -1  -5  -2  -4    2  10   1   0   0   3   2   2   1   1   2  59   2   0   1  11   3   0   1   1  1.10 0.51
  417 K    -3   1  -2  -4  -6   2  -2  -4   0  -5  -5   7  -2  -6   1  -3  -3  -6  -5  -3    1   5   2   0   0   7   1   1   3   0   0  68   1   0   6   1   1   0   0   2  1.47 0.61
  418 R    -4   8  -4  -5  -7  -3  -4  -6   1  -6  -5   0  -5  -6  -3  -4  -3  -6  -5  -3    1  89   0   0   0   0   0   0   3   0   1   3   0   0   1   0   1   0   0   2  2.40 0.79
  419 K    -3   1  -2  -4  -6   1  -2  -3  -4  -6  -6   7  -5  -6   1  -2  -2  -6  -5  -5    1   5   1   0   0   5   1   2   0   0   0  75   0   0   6   2   2   0   0   0  1.62 0.62
  420 V    -1  -2  -4  -5  -4   1  -2  -5  -5   1  -2  -1  -2  -4   3  -3   0  -5  -4   5    5   1   0   0   0   6   2   0   0   7   2   3   0   0  16   1   6   0   0  51  0.84 0.41
  421 F    -5  -6  -6  -7  -6  -6  -6  -6  -4  -2  -2  -6  -1   8  -7  -6  -5   1   3  -3    0   0   0   0   0   0   0   0   0   1   1   0   1  81   0   0   0   2   9   1  2.44 0.75
  422 D    -4  -3   4   7  -6  -3  -1  -3  -4  -4  -6  -3  -6  -6  -5   0  -4  -7  -6  -3    0   1  20  65   0   0   2   1   0   1   0   1   0   0   0   7   0   0   0   2  1.70 0.60
  423 S     2  -4  -3  -3  -4  -3  -2  -1  -4  -1  -4  -3   2  -2   1   5   1  -5  -4  -1   16   0   0   0   0   0   1   4   0   4   0   0   7   1   7  50   6   0   0   3  0.75 0.42
  424 S     1   0  -1  -2  -2   0  -2  -1   0  -2  -1   0   0   0  -3   3   2  -4   0  -1   11   5   1   0   0   4   1   5   2   1   5   5   3   3   0  28  17   0   3   5  0.27 0.22
  425 R     1   2  -2  -1  -5   0   0  -3  -1  -4  -3   6   1  -5  -4  -2  -2  -5  -4  -3   12   9   1   3   0   4   6   1   1   1   2  53   4   0   0   1   2   0   0   2  0.86 0.41
  426 A     0  -1  -1  -4  -5   6  -1  -4   4  -3  -3   1   4  -1  -4  -2  -1   0   1  -3    7   2   3   0   0  41   1   0   9   1   1  10  10   2   0   1   3   1   5   1  0.83 0.43
  427 R    -5   8  -4  -5   0  -3  -4  -6  -4  -7  -6  -2  -5  -6  -6  -5  -5   2  -5  -6    0  94   0   0   2   0   0   0   0   0   0   0   0   0   0   0   0   2   0   0  2.68 0.84
  428 A     1   0  -2  -4  -2  -2  -3  -3  -3   2   2  -1   1  -2  -2  -1   1   1  -2   2   16   6   1   0   0   0   0   0   0  11  22   3   2   1   2   4   9   2   1  20  0.25 0.19
  429 K     0   1   0   0  -4   3   3  -2  -1  -2  -3   3  -2  -3  -3  -1  -1  -4  -3  -2    9   6   4   4   0  15  20   2   1   2   2  24   1   1   0   4   3   0   0   2  0.44 0.26
  430 G    -2  -4  -1   0  -2  -4  -2   6  -2  -4  -2  -3  -4  -5  -4  -2  -3  -5  -5  -4    1   0   2   6   1   0   2  75   1   1   5   1   0   0   0   2   1   0   0   1  1.50 0.53
  431 T    -2  -3  -1  -1  -4  -1  -2  -1  -4  -2  -1  -2  -2  -3  -2   1   6  -5  -4  -1    1   1   2   3   0   2   2   4   0   2   5   1   1   1   1   9  61   0   0   3  0.98 0.48
  432 E     0  -3  -1   4  -5  -1   5   0  -2  -5  -4  -2  -2  -5  -2  -1  -3  -5  -4  -3    8   0   2  27   0   2  44   7   1   0   1   1   1   0   1   3   0   0   0   2  0.92 0.43
  433 L     2  -3   0  -3  -3   1  -2  -3   0   2   2  -2   2   0   0  -2  -2  -3  -2   0   20   0   5   1   0   7   1   0   2  14  27   1   5   3   5   1   1   0   0   5  0.27 0.22
  434 E     2  -2  -1   0  -4   0   5  -2  -3  -3  -4  -1  -2  -4   1   0  -2  -4  -4  -1   16   1   2   3   0   3  49   3   0   1   1   3   1   0   6   5   1   0   0   4  0.71 0.38
  435 Q     0  -1   1  -1  -4   2   2  -1  -1  -2  -3   3  -1  -4   2   1   1  -4  -2  -1    5   1   6   2   0  11  13   4   1   1   1  22   1   0  10   8   8   0   1   3  0.31 0.22
  436 Y    -1  -3  -4  -3  -3  -1  -3  -4   0   0  -1  -3  -1   5  -3  -2  -2  -2   6   0    4   1   0   1   0   3   1   1   2   4   5   1   1  28   1   3   2   0  32   6  0.84 0.40
  437 L     0   0  -1  -1   0   0  -1  -1  -1   1   1   1   1  -1   0  -1   0  -1  -1   2    7   4   2   2   2   4   1   3   2   7  17   9   4   2   4   5   4   1   1  20  0.07 0.09
  438 N    -1   1   1  -1  -3   2   0  -1  -1  -1  -1   3  -1  -3   2   0  -1  -2  -2   0    4   6   7   3   0   9   3   4   1   2   6  25   2   0  10   5   3   1   1   7  0.22 0.17
  439 W    -1   3   0  -2  -2   1  -1  -2  -1  -1  -1   2  -1  -2   1  -1   1   3  -2   0    4  16   4   1   0   6   3   1   1   3   7  18   1   1   8   4   9   4   1   7  0.22 0.17
  440 K     0   1   0  -3  -4   1  -2   0   0  -1  -3   5  -2  -4   1   0  -2  -4  -3  -2    9   7   4   0   0   7   0   9   3   3   2  39   0   0   6   6   2   0   0   3  0.49 0.31
  441 G     0   0   1   1  -2   1   0   1  -2  -2  -2   2  -2  -2   1   1   1  -4  -2  -1    8   4   7   7   0   8   6   9   0   1   2  17   0   1   6  11   8   0   1   5  0.18 0.14
  442 P     0   1   0  -2  -3   1  -1   0  -1  -1  -2   3  -1  -1   3   0   0  -4  -3  -1    9   6   3   1   0   7   1   7   2   3   3  20   2   3  15   8   5   0   0   4  0.25 0.19
  443 A     0   0   0   0  -2   1   1  -1   0  -2  -2   2  -2  -3   1   1   1  -4  -2  -1    7   5   3   5   1   7  10   5   2   1   4  16   1   0   8  12   9   0   1   3  0.19 0.16
  444 S    -1   2  -1  -1  -2   1   1  -2   0  -2  -1   3  -1  -4   1   1   0  -4  -3  -2    5  12   3   2   0   7  10   2   2   3   8  21   1   0   6  11   4   0   0   2  0.25 0.20
  445 A     0   1  -1  -1  -2   0   1  -1   1  -3  -2   3  -2  -4   3   1   0  -4  -2  -1    6   7   3   3   1   4   7   4   4   1   3  20   1   0  16  11   5   0   1   4  0.31 0.22
  446 K    -2   2   0  -1  -4   2   1  -3   0  -2  -3   3  -2  -4   3   0   0  -5  -2  -2    2  13   5   2   0  10  11   1   2   2   2  20   1   0  14   8   5   0   1   2  0.41 0.28
  447 A     1   0   1   0  -3   1   1  -2   0  -2  -3   1  -2  -4   3   1   1  -4  -1   0   10   4   6   5   0   6   8   2   3   1   1  11   1   0  15  10   7   0   2   6  0.25 0.19
  448 E    -1  -1  -1   0  -5   2   2  -3  -3  -2  -3   4  -2  -4   3  -1  -1  -5  -4   0    4   2   2   4   0   9  13   1   0   2   1  30   1   0  15   5   4   0   0   7  0.51 0.34
  449 P     0  -1  -2  -2  -5   1   1  -3  -4  -2  -2   2  -2  -3   5   1  -1  -5  -2  -2    8   2   2   1   0   5   9   1   0   3   4  14   1   1  34  10   2   0   1   2  0.67 0.38
  450 P     0   1  -1  -2  -4   0  -1  -1  -3  -1  -1   3   0  -3   4  -1  -2  -1  -3   1    7   8   3   2   0   3   4   4   0   3   5  19   3   1  21   3   1   1   0  10  0.34 0.25
  451 Q    -2   2  -1  -3  -5   1   0  -3  -3  -4  -4   5  -3  -5   3  -1  -1  -5  -4  -1    2  12   2   1   0   6   4   1   0   1   1  41   0   0  17   4   3   0   0   5  0.82 0.44
  452 K    -3   2  -2  -2  -6   1  -2  -3  -3  -6  -5   6  -3  -6  -1  -1  -1  -6  -4  -4    2   9   1   1   0   6   1   2   0   0   1  66   1   0   2   4   4   0   1   1  1.37 0.64
  453 S    -1  -1   2  -1  -4  -1  -2  -1  -2  -4  -3   1  -4  -5   0   4   2  -5  -4  -3    4   3  11   3   0   2   2   3   0   0   2   9   0   0   4  43  11   0   0   2  0.64 0.43
  454 N    -2  -1   7   3  -3  -1  -3  -3   0  -5  -6   0  -4  -6  -3   1  -1  -6  -5  -5    3   3  56  14   1   2   0   0   2   0   0   5   0   0   1   9   4   0   0   0  1.31 0.61
  455 W    -8  -8  -9  -9  -7  -7  -8  -8  -7  -8  -7  -4  -7  -4  -9  -5  -7  12  -1  -8    0   0   0   0   0   0   0   0   0   0   0   1   0   0   0   1   0  97   1   0  5.06 1.46
  456 R    -5   7  -4  -5  -7  -3  -4  -6  -4  -7  -6   4  -5  -7  -6  -4  -5  -7  -6  -6    0  72   0   0   0   0   0   0   0   0   0  28   0   0   0   0   0   0   0   0  2.28 0.85

                      K         Lambda
Standard Ungapped    0.1285     0.3118
Standard Gapped      0.0337     0.2670
PSI Ungapped         0.1100     0.3175
PSI Gapped           0.0337     0.2670
