
Last position-specific scoring matrix computed, weighted observed percentages rounded down, information per position, and relative weight of gapless real matches to pseudocounts
            A   R   N   D   C   Q   E   G   H   I   L   K   M   F   P   S   T   W   Y   V   A   R   N   D   C   Q   E   G   H   I   L   K   M   F   P   S   T   W   Y   V
    1 M    -4  -5  -6  -6  -4  -4  -5  -6  -5   0   5  -5   5  -2  -5  -5  -3  -4  -3   2    0   0   0   0   0   0   0   0   0   3  67   0  14   0   0   0   0   0   0  16  1.18 0.37
    2 A     3  -1  -2  -3   1   0   0   1  -3  -2  -2   0  -2  -4  -1   1   1  -4  -2   0   33   2   0   0   4   4   6  13   0   1   4   6   0   0   2  11   7   0   1   5  0.28 0.18
    3 Q     4  -2   2  -2  -4   1   2  -2   0  -4  -3  -2  -3  -5   0   2  -1  -5  -4  -2   36   1  12   1   0   7  13   2   2   0   2   1   1   0   5  13   2   0   0   2  0.49 0.30
    4 L    -1  -1  -4  -5  -4  -1  -5  -2  -2   0   3  -2   6  -2   0  -2  -1  -3  -3   1    5   3   0   0   0   2   0   4   1   4  32   2  24   1   5   3   4   0   0   9  0.59 0.32
    5 R     2  -1  -3  -3   0  -2  -2  -3  -5  -3  -2  -3  -4   4   3   4   0  -5  -2  -3   16   4   1   1   2   2   2   1   0   1   3   1   0  16  14  29   6   0   1   1  0.57 0.37
    6 R    -5   1  -4  -3  -7   8   0  -6  -1  -7  -4   1  -2  -7  -5  -5  -4  -1  -4  -6    0   5   0   1   0  72   5   0   1   0   2   8   1   0   0   0   1   1   1   0  2.02 0.90
    7 G     0  -3  -2   1  -3  -3   4   5  -3  -6  -5  -1  -4  -7  -4  -2  -4  -5  -6  -3    6   1   2   7   1   0  32  41   0   0   1   3   0   0   0   3   1   0   0   2  1.01 0.54
    8 H     0  -2  -4  -4  -2   0  -4  -1  -2  -2   3  -3  -1  -3   3   3   0  -2  -4  -2    6   2   0   0   1   4   0   6   1   1  28   0   1   1  15  27   4   1   0   1  0.49 0.38
    9 L    -2  -4  -7  -6  -5  -6  -6  -7  -7   0   3  -6   2  -3  -5  -6  -3  -6  -5   6    2   1   0   0   0   0   0   0   0   4  27   0   5   1   0   0   1   0   0  58  1.37 0.64
   10 T    -1  -5  -1  -3  -3  -4  -3  -6  -6  -4  -3  -1   2  -3  -5   2   7  -7  -6  -2    4   0   3   1   0   0   1   0   0   0   3   3   5   1   0  16  59   0   0   2  1.31 0.71
   11 F    -7  -8  -8  -9  -3  -4  -8  -9  -6   0  -2  -8  -3   9  -9  -6  -4  -4   2  -3    0   0   0   0   1   1   0   0   0   5   3   0   1  81   0   0   1   0   5   2  2.70 1.00
   12 R    -3   4  -2  -1  -5   2   5  -3  -2  -7  -5   4  -3  -7  -3  -1  -3  -3  -6  -5    1  18   2   3   0   8  36   2   1   0   1  21   1   0   1   3   1   1   0   0  0.97 0.54
   13 D    -7  -5  -2   8  -9  -5   1  -5  -6  -2  -8  -6  -8  -4  -7  -2  -6  -9  -8  -8    0   1   1  81   0   0   9   1   0   3   0   0   0   1   0   3   0   0   0   0  2.41 0.99
   14 V    -5  -7  -8  -8  -6  -7  -4  -8  -8   1   0  -7   3  -6  -7  -7  -5  -8  -6   7    0   0   0   0   0   0   1   0   0   7   7   0   6   0   0   0   0   0   0  79  2.08 0.87
   15 A     6  -5  -4  -5   0  -4  -1  -4  -1  -4  -5  -2  -3  -3  -3   0   2  -6  -4  -2   62   0   0   0   2   0   4   0   1   1   0   3   1   2   1   7  13   0   0   3  1.15 0.63
   16 I    -3  -4  -7  -7  -5  -6  -2  -7  -7   4  -2  -3   1  -5  -5  -3  -4  -7  -6   6    1   1   0   0   0   0   4   0   0  23   3   1   3   0   1   2   0   0   0  60  1.52 0.70
   17 E     0  -3   0   5  -2  -4   2  -4   3  -3  -4  -4  -4  -1  -5  -2  -3  -5   5  -1    8   1   4  36   1   0  14   1   6   1   2   0   0   2   0   2   1   0  17   4  0.89 0.52
   18 F    -7  -3  -4  -8  -4  -8  -8  -8  -6  -3   1  -8  -5   9  -8  -4  -7  -4   1  -5    0   2   1   0   1   0   0   0   0   1  10   0   0  79   0   2   0   0   3   0  2.62 1.02
   19 S    -2  -4  -5  -6  -2  -5  -6  -6  -2  -3  -6  -5  -4  -7  -5   5   6  -3  -7  -5    2   1   0   0   1   0   0   0   1   1   0   0   0   0   0  39  52   0   0   1  1.73 0.90
   20 Q    -3   2  -3  -4  -2   7   2  -4  -2  -6  -1   0  -4  -6   0  -4  -5   5  -5  -4    2  11   1   0   1  41  13   1   1   0   7   6   0   0   6   1   0   8   0   1  1.10 0.65
   21 E    -3  -3  -3   2  -7   0   7  -2  -5  -5  -6   0  -6  -7  -5  -4  -3  -7  -6  -5    2   1   1   9   0   3  69   3   0   1   1   6   0   0   0   1   1   0   0   1  1.65 0.79
   22 E    -5  -3  -5  -2  -7   1   8  -6  -5  -4  -5   0  -6  -7  -5  -3  -5  -7  -6  -6    0   1   0   1   0   4  81   0   0   1   2   4   0   0   0   2   0   0   0   0  2.14 0.95
   23 W    -8  -6  -9  -9   1  -2  -3  -4  -8  -8  -3  -5  -3  -5  -9  -6  -8  13  -4  -7    0   1   0   0   3   2   3   2   0   0   3   1   1   0   0   1   0  84   0   0  4.24 1.51
   24 K     1   2  -2   0   0   2   3   2  -2  -4  -4   1  -3  -5  -3  -1  -2  -3  -5  -2   11  10   1   4   2  10  22  18   1   0   2   7   1   0   1   3   3   0   0   3  0.43 0.33
   25 C    -5  -1  -4  -2   7   3  -2  -3   1  -3   3  -2  -3  -1  -5  -3   0   1   0  -3    0   3   1   2  22  14   3   2   4   0  31   3   0   3   0   1   5   2   3   1  0.83 0.50
   26 L    -4  -3  -7  -8  -6  -4  -7  -8  -7  -4   7  -7   2  -5  -5  -4  -6   2  -6  -3    2   2   0   0   0   1   0   0   0   0  84   0   4   0   1   1   0   3   0   1  1.92 0.88
   27 D    -2  -3   3   7  -3  -1   0  -1  -2  -5  -7  -2  -6  -4  -4  -2  -1  -7  -6  -2    4   1  14  51   1   3   6   4   1   0   0   2   0   1   1   3   5   0   0   3  1.21 0.64
   28 P    -1  -4  -2   0   0  -4   1  -3   0  -5   0  -3  -4  -3   6   2  -1  -7  -3  -5    4   1   2   5   2   0   8   3   3   1   8   1   0   1  40  16   3   0   1   1  0.91 0.57
   29 V     4  -4  -3   0  -2  -3  -1   1   0  -3  -4  -3  -1  -1   1   2   1   2  -2  -1   31   0   1   5   1   0   4   9   3   1   1   1   2   3   6  16   7   3   1   5  0.40 0.35
   30 Q    -6  -2  -6  -3  -8   9   1  -5   0  -8  -8  -1  -6  -8  -4  -3  -6  -1  -7  -8    0   2   0   1   0  79   7   1   2   0   0   4   0   0   1   2   0   1   0   0  2.51 1.20
   31 K    -6   7  -5  -3  -8   0  -3  -3  -2  -4  -7   5  -3  -8  -7  -2  -6   0  -7  -7    0  46   0   2   0   4   2   3   1   1   0  36   1   0   0   3   0   2   0   0  1.69 0.86
   32 A     2  -2   3   1   1  -2   1  -3   0  -1  -3   0  -2  -3  -4   1   2  -2  -2  -3   19   2  13   6   3   1   9   2   2   5   2   5   1   1   0  12  12   1   2   1  0.29 0.29
   33 L    -6  -2  -4  -7  -6  -7  -5  -8  -7  -2   6  -7   0   3  -2  -4  -5  -6  -3  -2    0   2   1   0   0   0   1   0   0   2  74   0   2  10   2   2   1   0   1   2  1.63 0.81
   34 Y    -3  -1   0  -1   0  -2  -3  -5   5  -2  -5  -4  -2   2  -5  -1  -1  -4   8  -3    2   3   4   3   2   2   2   1  10   3   1   1   1   6   1   4   5   0  47   2  1.37 0.75
   35 R    -5   7  -2  -6  -2   3  -3  -1   0  -4  -3   2   0  -4  -6  -3  -3   3  -4  -3    1  49   2   0   1  10   2   5   2   1   3  13   3   1   0   2   2   3   1   2  1.21 0.70
   36 D    -3  -4   1   6  -1   0   3  -2   6  -7  -7  -3  -7  -7  -3  -2  -2  -8  -3  -5    2   1   5  38   1   4  16   3  20   0   0   2   0   0   1   3   2   0   1   1  1.28 0.71
   37 V    -4  -3  -1  -7  -6   4  -3  -3   0   0  -3  -1   0  -6  -7  -1  -5  -7  -3   6    1   1   3   0   0  17   2   2   2   5   2   4   2   0   0   5   0   0   1  52  1.17 0.71
   38 M    -6   2  -3  -7  -7   2  -6  -5  -3   2  -1  -1   9  -6  -3  -2   0  -7  -2  -2    0  10   2   0   0   8   0   1   1   9   4   4  48   0   2   3   6   0   1   2  1.58 0.88
   39 L    -4  -2  -4  -6  -1   0  -2  -5  -1   3   5  -4   2  -1  -2  -4  -2   0  -3  -1    1   2   1   0   1   5   3   1   1  15  49   1   4   2   3   2   2   1   1   3  0.80 0.51
   40 E    -5  -1  -3  -1  -8   0   7  -3   7  -4  -8  -2  -7  -8  -7  -3  -3  -8  -6  -5    1   4   1   3   0   3  57   2  21   1   0   2   0   0   0   2   2   0   0   1  1.76 0.98
   41 N    -4  -1   7  -3  -7  -3  -3  -4   1  -1  -5  -1  -2  -3  -4  -2   5  -8  -3  -3    1   3  42   2   0   1   2   1   3   3   1   4   1   1   1   2  28   0   1   2  1.28 0.82
   42 Y    -2  -1  -2  -3   4  -1  -3   2   5  -3  -3  -3  -5   1  -4  -2  -4  -1   6  -2    3   3   2   1   8   2   2  13  14   2   2   2   0   6   1   3   1   1  29   4  0.94 0.61
   43 R    -2   3  -1  -1   0   2   3   1   1  -3  -4   0  -2  -3  -3   1  -2   0  -1  -4    3  17   3   3   2  10  18  10   3   2   1   6   1   1   1  12   2   1   3   1  0.40 0.37
   44 N    -2   0   6  -1  -1   0  -1  -3   3  -2  -2   3  -1  -6  -3  -1   0  -6  -5  -3    4   5  34   3   1   3   3   2   6   3   4  17   2   0   1   5   6   0   0   2  0.71 0.51
   45 L    -3  -2  -2  -3   2  -2  -2  -3   1   1   4  -1   1  -1   1  -2  -1  -5  -2   2    2   2   2   2   4   2   2   2   3   7  38   3   3   2   6   3   4   0   1  12  0.40 0.32
   46 V     0  -2  -1  -2   1  -3  -2  -2   3   0  -1  -2   0   1  -2   0   1   1   3   3    7   3   3   2   3   0   2   4   7   5   5   3   2   5   2   6   8   2  12  20  0.22 0.23
   47 S    -1  -1  -1  -1   3   0  -1  -2   1  -1  -3   0  -6   0   0   4   0   3   0  -2    4   3   4   3   5   4   5   3   3   3   4   6   0   4   5  28   6   3   3   4  0.35 0.31
   48 L    -1   0   0   0   2   0   0  -1   2   0  -1   0   2   1   0  -1   0   4   1  -1    5   5   5   5   5   5   5   5   5   5   5   5   5   5   5   5   5   5   5   5  0.09 0.08
   49 G    -1  -3   0   1  -1  -2   1   6   1  -5  -5  -1  -5  -2  -3  -1  -3  -7  -5  -3    5   1   4   7   1   2   9  49   3   1   1   4   0   2   1   4   2   0   0   2  0.89 0.46
   50 I    -2  -1  -1   0   1   0   1  -1   3   1   1   1  -1   2  -2  -1  -2   0   2  -2    2   3   3   4   3   4  12   4   6   8  15   8   1   7   1   3   2   1   9   2  0.14 0.14
   51 C     0  -4  -1  -2   8   1  -1  -4   1  -2  -2  -1  -4  -3   2   1  -2   1  -1  -3    7   1   3   2  30   6   4   2   3   2   4   4   0   1  11  11   2   2   2   2  0.83 0.43
   52 L    -1  -2   0  -2   0  -2  -2   1   1   2   0  -2   0   0  -2   0  -1   4  -1   2    3   1   4   1   2   2   2  14   3  14   8   2   2   5   2   7   3   5   2  17  0.18 0.15
   53 P    -2  -1  -3  -3  -2   0   2  -3   0  -2  -5   3  -2  -1   3   3   0  -4  -2  -4    2   2   1   1   1   4  13   2   2   2   1  17   1   3  14  24   6   0   1   1  0.54 0.38
   54 D    -1   0   0   1   5  -1  -1  -4   0  -5  -5   6  -3  -4  -2  -1  -1  -5  -3  -4    6   4   4   9  11   2   3   1   2   1   1  42   1   1   2   5   3   0   1   1  0.85 0.46
   55 L    -3  -4  -1  -3   2  -1   1   0   1  -3   0  -2   0   3   6  -2  -3  -1  -4  -4    1   1   3   1   4   3   8   8   3   1   9   3   2  12  34   3   1   1   0   1  0.72 0.41
   56 S    -3  -2   3   4  -1   0   2  -3   1  -4  -4   2  -3  -4  -4   1   0  -5   0  -3    2   2  14  23   2   4  12   2   3   1   2  11   1   1   0  10   6   0   3   2  0.51 0.32
   57 I    -1  -2  -1  -3   1  -1  -1  -4   0   2   1  -1   2  -2  -3   0  -1  -2  -1   3    5   2   3   1   3   3   4   1   2  11  15   5   4   2   1   6   3   1   2  26  0.26 0.19
   58 I    -4  -2  -2  -4   4  -3   1  -2   1   5  -1   0  -1   3  -3  -2  -3  -2  -2   0    1   2   2   1   7   1   9   3   3  36   4   5   2  11   1   3   2   1   1   5  0.61 0.34
   59 S    -2  -4  -1   0   0  -1   0  -2   0  -2  -2  -1  -2   1  -4   5   1  -6  -2  -3    2   1   2   4   2   3   7   3   2   2   4   4   1   5   1  44   9   0   2   1  0.61 0.41
   60 M    -3   1  -1  -2   2   3  -1  -3   4  -2   0   3   0   0  -2  -1  -1   1   0  -2    2   8   2   1   5  16   3   2   9   2  10  16   2   5   2   5   3   2   3   3  0.31 0.24
   61 M    -3  -3  -3  -4   0  -3  -3  -3  -2  -1   5  -2   0   2  -2   1  -3  -2  -3  -2    2   1   1   1   2   1   2   3   1   2  51   2   2   8   2  12   2   1   1   2  0.72 0.40
   62 K    -3  -1  -1  -2   0   1   5  -3   1  -1  -3   0  -2   3  -2   0  -1  -1  -1  -3    2   3   3   2   2   5  33   3   3   5   2   4   1  14   2   7   4   1   2   2  0.50 0.33
   63 Q    -3   3   0  -3   1   6   0  -3   3  -5  -4   1  -4  -4  -4   1   0  -2  -2  -4    1  13   4   1   3  36   5   2   5   1   2   6   0   1   1   9   5   1   1   1  0.86 0.49
   64 R    -3   2  -1  -2  -4   2   1   4   5  -3  -1   0  -1  -4  -3   0  -3   0  -2  -4    1  12   2   2   0   8   8  26  12   2   7   4   1   0   2   7   1   1   1   1  0.50 0.32
   65 T    -2   1  -1  -1  -4   2   3  -2   0  -2  -3   4  -2  -3  -3   1   0  -4  -3  -3    3   8   3   4   0   9  18   4   2   3   3  23   1   1   1   9   5   0   1   2  0.41 0.29
   66 E    -1   2   0   0  -1   0   3  -2   1  -1  -3   1  -2  -1  -2   2  -1  -1  -2  -2    5  11   3   5   2   3  24   4   3   3   2   7   1   2   2  14   4   1   1   2  0.28 0.22
   67 P    -4  -2   0  -3  -1  -1  -2  -4   5   1  -1  -1  -3  -2   6   0   0  -1  -2  -2    1   2   4   1   2   2   2   2  15   7   6   4   1   2  33   6   5   1   2   2  0.75 0.42
   68 W    -5  -1  -1  -2   2   1  -2  -2   5  -2   1  -1  -1   0  -3  -3  -3   9   1  -3    1   4   3   3   3   7   3   3  13   2  14   3   1   3   2   2   2  25   4   2  0.94 0.46
   69 T    -2   2   1  -1  -3   1  -1  -3  -1   2  -2   0   4  -3  -4  -1   3  -2  -4   0    3  11   6   3   1   5   4   2   2  12   3   5  11   1   0   5  20   1   0   6  0.35 0.26
   70 V    -1  -1  -1  -2   2   0  -1   0   1   2   1  -1   1  -2   0  -1   0  -2  -1   2    3   4   2   1   4   4   4   7   4  12  12   4   4   1   5   5   5   0   1  18  0.10 0.11
   71 E    -4  -2   0   1  -1   1   4  -2   7  -4  -3   1  -3  -4  -4  -2  -2  -1  -2  -1    1   2   3   6   2   6  26   3  27   1   2   8   1   1   1   3   2   1   1   4  0.92 0.47
   72 N    -3   3  -1  -2  -3   4   1  -2   1  -2  -2   2  -2  -3  -1   0   1  -3  -3  -2    1  17   3   2   1  21   8   3   3   3   4  12   1   1   3   6   8   0   0   3  0.42 0.29
   73 E    -2   3  -2  -1   0   1   3   0   3  -3  -2   1  -2  -3   1  -1  -1  -1  -3  -3    2  18   1   3   2   7  21   7   6   2   3   9   1   1   6   4   3   1   0   1  0.39 0.27
   74 M    -2  -1  -2  -1   0  -1   2   0   0   2  -1  -1   1   0  -2  -1   0  -3   1   1    2   3   1   2   2   2  14   9   3  16   6   3   3   4   1   4   7   0   6  10  0.13 0.14
   75 K    -3   0  -1  -3  -2   0   0  -4   7  -4  -2   3   0  -5   1   1   2  -6  -3  -5    2   5   2   1   1   3   6   1  23   1   5  20   2   0   7   9  11   0   1   1  0.70 0.40
   76 V    -1   2  -1  -2   3   0  -1  -1   0   0  -2   0  -2  -3   1   1   3  -2  -2   0    4  10   3   1   7   3   4   4   2   6   4   5   1   1   6  11  19   1   1   6  0.20 0.19
   77 A     0   0  -1  -1  -1   0   1   4   1  -2  -3  -1  -4   0  -3   1  -2   0   1  -3    6   5   2   2   2   5   8  31   3   2   3   4   0   4   1  10   2   1   5   2  0.34 0.24
   78 K    -3   1  -1  -1  -1   1   4  -3   0  -2  -2   3  -1  -4  -1   0  -1   1  -1  -3    1   6   3   3   2   5  31   2   2   3   4  17   1   1   3   7   3   2   2   2  0.48 0.32
   79 N    -4   0   1  -1   7  -1  -1  -3   2  -3  -4   4  -4  -3   0   0  -3  -5   0  -4    1   4   7   3  23   2   4   2   5   1   1  28   0   1   4   6   2   0   3   1  0.87 0.44
   80 P    -3  -1   0  -2   1  -2   0  -1   1  -4  -2  -3  -1  -3   6   1  -2  -3  -3  -4    1   3   4   3   3   2   5   6   3   1   4   1   2   1  42  11   3   0   1   1  0.88 0.46
   81 D    -2  -1   0   1   0   0   1  -1   1  -3  -2   1  -1   2  -1  -1  -1   3   5  -1    3   3   5   9   2   4   9   5   4   1   3   8   2   7   3   4   3   3  20   4  0.30 0.21
   82 R    -1   1  -1  -1   2   1   2  -1   0  -3  -1   2   0  -2  -2   0   0   1  -1  -1    5   9   3   3   5   6  17   5   2   1   6  12   2   2   2   7   5   2   2   4  0.17 0.15
   83 W    -4  -1  -3  -3   8  -1   2   0   0  -2  -2  -2  -2   2  -4  -2  -3   4   2  -3    1   4   1   1  31   3  12   7   2   2   5   2   1   8   1   4   1   6   6   2  0.91 0.43
   84 E    -2   0   2   0  -1   2   2  -1   0  -3  -2   3  -1  -2  -1   1   0   1  -3  -4    2   4  10   4   1   8  14   5   2   1   4  16   1   2   3  11   7   2   1   0  0.28 0.22
   85 G    -2   1   1   0   2   1   3   0   1  -3  -3   2  -1  -4  -2   1  -1  -1  -2  -2    3   8   5   4   4   6  21   8   3   1   2  12   2   1   2   9   3   1   1   4  0.26 0.20
   86 I    -2  -3  -2  -3   8  -2  -3  -2   1   2  -1  -2   0   2  -2  -1  -1  -1   0   0    3   2   3   2  29   2   2   3   4  11   6   3   2   9   2   6   3   1   4   5  0.69 0.34
   87 K    -2   0  -1  -2  -1   0   1   3   0  -4  -3   2  -2   2  -3   1  -1  -2  -2  -4    2   5   2   2   1   4  11  22   2   1   2  15   1  10   1  12   3   1   1   1  0.35 0.25
   88 D    -2   1   1   1   1   1   1  -2   0  -2  -3   4  -1  -3  -3   0   0  -1  -2  -3    3   6   7   9   4   7   9   4   2   3   2  26   2   1   1   7   5   1   2   1  0.35 0.24
   89 I     0   0   0   0   0   0   0  -1   0   0   0   0   0   0  -1   1   0   2   0   0   10   3   3   4   2   5   4   4   3   7  11   5   2   4   2  12   6   3   2   7  0.02 0.04
   90 N    -2  -1   1  -2   2   0   0  -2   3  -1  -2   0   0   4  -2   0  -1   2   1  -2    2   2   8   2   4   4   6   3   7   4   4   7   2  22   2   8   4   3   3   3  0.27 0.20
   91 T    -1   0   0  -2   1   0   0  -1  -1  -1  -1   0  -3  -2  -1   4   3  -3  -2  -2    3   4   5   2   3   5   6   4   2   3   5   5   1   2   4  28  15   0   1   2  0.30 0.25
   92 G    -1   0   0   0   2   2   0   1   3  -3  -1   1  -2  -2  -1   1  -1   0   1  -1    4   5   5   4   4   9   5  12   8   1   5   8   1   2   3  11   4   1   4   4  0.13 0.13
   93 R    -3   2   0  -2  -2   0   1  -3   0  -2   2   2  -2  -2  -2   1  -2  -3  -2  -1    1  12   4   2   1   5   8   1   2   2  24  16   1   2   2  10   2   0   1   3  0.26 0.21
   94 S    -1  -1   1   0  -1   1   0  -1   1   1  -2   1  -1  -3  -2   3   2  -5  -3  -2    4   3   7   4   1   7   5   5   3   9   3   9   2   1   2  23  10   0   1   2  0.23 0.20
   95 C    -2   1  -1  -2   4   3   0  -3   1   0   0   0  -1   0   0   0   0  -2   0   0    3   6   3   2   8  15   5   1   3   6  10   5   2   3   4   9   4   0   3   6  0.15 0.15
   96 A    -3  -2  -1  -2  -1   0  -1  -2   9  -2  -2  -1  -3  -1  -2  -1  -3  -6   1  -3    2   2   3   2   2   4   3   4  48   2   4   3   1   2   2   6   1   0   4   3  1.36 0.58
   97 V    -3   1  -1  -1  -2   6   2  -2   1  -1  -1   1   0  -2  -2  -2  -1   1  -1  -1    1   6   2   2   1  33  11   3   3   4   7   7   2   2   2   3   3   2   2   4  0.52 0.34
   98 R    -3   7  -2  -3   1   0   0  -1   0  -2  -3   2  -2  -3  -5  -2  -2  -5  -1  -4    1  49   2   2   3   3   5   5   2   3   2  11   1   1   0   3   2   0   3   1  0.97 0.47
   99 S    -2  -1  -1  -2  -1   0   0  -3   0   4  -2  -1  -1  -2  -2   1   3  -3  -2   1    2   4   3   2   1   5   6   2   2  28   2   4   1   2   2  10  16   0   1   7  0.34 0.25
  100 K    -4  -2  -1  -1  -3   0   0  -5  10  -4  -4   1  -2  -2  -1  -2  -3  -5  -1  -5    1   2   3   3   1   5   6   1  53   1   2   9   1   2   3   4   2   0   1   1  1.69 0.69
  101 A     0   0  -2  -4   1  -1  -1  -2  -1  -1  -3  -1  -1  -2  -1   2   5  -2  -2  -3    8   4   2   1   3   3   4   4   1   3   2   3   1   2   3  13  40   1   1   2  0.59 0.38
  102 G    -3  -1  -1  -3  -1   0   0   6  -1  -4  -3  -1  -4  -2  -3  -1  -4  -5  -2  -4    2   4   2   1   1   4   8  58   2   1   3   4   0   2   1   4   1   0   1   2  1.05 0.49
  103 N    -4  -2   2   0  -3   1   6  -4   1  -4  -5   1  -3  -5  -4  -1  -2  -5  -2  -3    1   2   8   4   1   6  51   1   3   1   1   8   1   0   1   4   2   0   2   2  1.03 0.53
  104 K    -4   1  -1  -3  -2  -1   0  -3  -1  -4  -5   7  -3  -5  -2  -2  -3  -2  -4  -4    1   8   3   1   1   3   7   2   2   1   1  61   1   0   2   2   2   1   1   1  1.34 0.61
  105 P    -3  -2  -1  -4   1  -1  -2  -4   2  -3  -2  -3  -4  -2   7   0  -1  -2   1  -3    2   3   4   1   3   3   3   2   4   2   4   1   0   2  49   6   4   1   5   2  1.13 0.54
  106 I    -5  -3  -3  -3   2  -1  -2  -5   2   1  -1  -1  -3   2  -4  -2  -2   1   7  -1    0   1   1   2   3   3   3   1   4   7   6   4   1   7   1   4   2   1  42   4  1.02 0.48
  107 T    -4  -2  -2  -2   8  -1   3  -3  -3  -3  -3   3  -3  -2  -5  -1   0  -3  -3  -2    1   2   2   2  30   3  18   2   1   2   2  19   0   2   0   4   7   0   1   3  1.02 0.49
  108 N    -4  -2   5  -1   8  -2  -1  -3   0  -5  -4   1  -2  -4  -3   1  -2  -5  -2  -5    1   3  25   3  29   2   4   2   2   0   2   9   1   1   2  10   2   0   2   0  1.12 0.52
  109 Q    -4   0  -3   0  -1   4   5  -1   0  -4  -5   2  -3  -5  -4  -1  -2  -2  -4  -4    1   5   1   4   1  18  40   5   2   1   1  10   0   1   1   4   2   1   1   1  0.86 0.47
  110 L    -4  -3  -3  -3  10  -2  -2  -4  -1  -3  -1   2  -1  -3  -3  -2  -4  -3  -1  -2    1   2   2   2  54   2   3   1   1   1   6  13   1   1   1   3   1   0   2   2  1.86 0.71
  111 G    -1  -2  -2  -2   1  -4  -1   6  -1  -3  -4  -2  -4  -4  -3  -1  -2  -5  -5  -3    5   3   2   3   3   1   4  60   2   2   2   3   0   1   1   4   2   0   0   2  1.13 0.51
  112 L    -5  -2  -2  -3  -1   0  -1  -5  -4  -3   0   6  -1   4  -4  -2  -2  -6  -2  -3    0   2   2   1   1   3   3   1   0   2   8  52   1  14   1   3   2   0   1   2  1.08 0.53
  113 T     2  -1   1  -2   1  -2  -2  -2  -1  -2  -3  -1  -3  -4  -3   3   3  -2  -2  -2   19   3   5   2   3   2   2   2   2   2   2   3   1   0   1  26  19   0   1   3  0.45 0.32
  114 F    -6  -2  -5  -3   1   0  -2  -5   1  -3  -1  -2  -4   8  -5  -2  -5   2   2  -4    0   2   0   2   2   5   2   1   3   1   5   3   0  58   1   4   1   3   6   1  1.53 0.63
  115 Q    -3   3   2  -3   0   2  -1  -3   3  -4  -4   2  -2  -4  -3   4  -1  -5  -2  -4    1  15   9   1   2   7   4   1   7   1   1  12   1   1   1  29   3   0   1   1  0.60 0.38
  116 L    -2   0  -2  -3   0   1  -1  -2  -1  -3  -1   0  -3  -3  -2   5  -1  -1  -1  -3    3   5   2   1   2   7   4   2   1   1   7   5   1   1   2  48   3   1   3   2  0.65 0.43
  117 P    -2  -1   3   0   0   0   0  -3   6  -3  -4   0  -3  -3   0   3   0  -3  -1  -2    2   3  12   6   2   4   5   2  17   2   2   7   1   1   4  21   5   0   2   3  0.46 0.30
  118 L    -5  -4  -5  -7   0  -3  -5  -5   0  -1   6  -4  -2   2  -2  -2  -3  -2  -3  -1    0   1   1   0   2   1   1   1   3   3  66   1   0   7   3   4   1   1   1   4  1.15 0.53
  119 P    -1   1   0  -2  -2   0  -2  -3   0   3  -1   0  -1  -3   0   0   3  -4  -2  -1    6   7   5   2   1   4   1   1   2  17   5   6   1   1   5   8  22   0   1   4  0.25 0.22
  120 E    -1   2  -1  -1  -3   3   1  -3   1   1   0   1  -1  -3  -2   0   0  -2  -2   0    4  14   2   2   0  12  10   2   4   7   8  10   2   1   2   7   4   1   1   6  0.18 0.16
  121 L    -6  -2  -1  -6  -2   1  -3  -6  10  -6  -1  -2  -4  -3  -4  -4  -5  -2   0  -5    1   3   2   0   1   5   1   0  69   0   6   2   0   1   1   1   1   1   3   1  2.56 0.93
  122 E    -5   0  -3  -4  -1   7   2  -5   3  -5  -3   2  -1  -6  -4  -2  -3   0  -3  -5    0   5   1   1   1  49  10   1   7   1   3  12   2   0   1   3   1   1   1   1  1.30 0.64
  123 I    -5   7  -4  -4  -4  -1  -2  -2  -4   1  -2   2  -1  -4  -4  -1  -2  -5  -5  -2    1  51   1   1   0   2   2   4   0   9   4  11   2   1   1   4   3   0   0   2  1.12 0.54
  124 F    -2  -3  -1  -4  -4  -4  -5  -5   1   6  -1  -4   0   1  -4  -1   3  -6  -2   1    2   2   3   1   0   0   1   0   3  42   3   1   2   7   1   5  17   0   1   9  0.84 0.43
  125 Q    -5  -3  -1  -3  -4   2  -4  -6  10  -4  -5  -3  -7  -6  -2  -3  -2  -8   0  -7    1   2   3   1   0   8   1   0  68   1   1   2   0   0   3   2   3   0   3   0  2.56 0.95
  126 G    -1  -2   0  -4  -6  -4  -4  -3  -1  -1  -4  -4  -1  -4  -2   2   7  -3  -4  -2    4   2   4   1   0   0   1   2   1   4   1   1   2   1   2  13  57   0   1   2  1.20 0.62
  127 E    -3   1  -4  -3  -4  -1   2   6  -2  -6  -7  -1  -6  -6  -5  -2  -3  -4  -6  -4    1   7   1   2   0   2  12  62   1   0   0   4   0   0   0   3   1   0   0   2  1.36 0.61
  128 G    -3  -3  -3   0  -8   0   7  -1  -3  -5  -5   1  -3  -5  -6  -3  -5  -6  -5  -2    2   1   1   4   0   3  66   5   1   1   1   9   1   0   0   2   0   0   0   3  1.54 0.71
  129 K    -6   2  -2  -5  -8  -2  -3  -6  -5  -4  -7   8  -3  -6  -7  -5  -4  -6  -6  -6    0   9   2   0   0   2   1   1   0   1   0  79   1   0   0   0   1   0   0   1  2.25 0.90
  130 I    -3  -4  -5  -7  -4  -3  -6  -4  -1   0  -1  -4  -3  -3   8   0  -1  -8  -3  -4    2   1   1   0   0   1   0   1   2   6   7   1   1   1  63   7   4   0   1   1  1.71 0.75
  131 Y    -7  -6  -2  -4   1  -3  -7  -8   4  -6  -4  -6  -5   3  -7  -3  -6  -2   9  -6    0   0   2   1   3   1   0   0   8   0   1   0   0  12   0   2   0   0  66   0  2.46 0.92
  132 E    -3   0  -2  -2  -5   2   5  -3  -3  -3  -6   5  -4  -6  -4  -3  -1  -5  -6  -3    2   3   2   1   0   8  34   2   1   2   0  35   0   0   1   1   4   0   0   2  1.09 0.55
  133 C    -6  -7  -7  -7  12  -7  -9  -5  -2  -5  -7  -7  -7  -3  -7  -2  -7  -4   1  -6    1   0   0   0  85   0   0   1   1   1   0   0   0   1   0   3   0   0   4   1  3.84 1.23
  134 N    -3  -1   4   1  -2   0   1  -2   1  -2  -2   3   0  -3  -3   1   0  -6  -2  -4    1   2  23   7   1   4   8   3   3   3   5  18   3   1   1  11   5   0   1   1  0.42 0.28
  135 Q    -3  -3  -3   1  -8   3   6  -5   0  -3  -6   0  -3  -7  -5  -4  -2  -6  -5  -1    2   1   1   6   0  13  56   1   2   2   1   6   1   0   1   1   2   0   0   4  1.33 0.65
  136 V    -6  -7  -6  -7  12  -5  -7  -6   0  -6  -5  -9  -6  -2  -8  -4  -6  -8   1  -3    1   0   0   0  83   1   0   1   2   0   1   0   0   2   0   1   0   0   4   2  3.69 1.20
  137 Q    -4   0  -4  -1  -5  -3   1   7  -6  -6  -6  -3  -4  -8  -6  -3  -5  -6  -7  -3    1   5   0   4   0   2   8  72   0   1   1   2   0   0   0   2   0   0   0   2  1.69 0.71
  138 K    -6   0  -2  -6  -8  -1  -1  -7  -6  -6  -7   8  -4  -8  -5  -5  -5  -8  -7  -7    0   4   2   0   0   3   3   0   0   0   0  83   0   0   1   0   1   0   0   0  2.37 0.94
  139 F     4  -3  -1  -3   2  -5  -4  -1  -2  -2  -4  -4  -3  -2  -2   3   2  -6  -2   0   33   1   3   1   3   0   0   5   1   2   1   0   0   2   2  24  12   0   1   7  0.64 0.41
  140 I    -8  -8  -9  -8  -2  -9  -9  -8  -7  -2  -2  -9  -6   9 -10  -7  -6  -4  -1  -4    0   0   0   0   1   0   0   0   0   2   4   0   0  88   0   0   0   0   1   1  3.18 1.09
  141 S    -1   2   2  -3   2  -2  -3  -2   0   0  -4   0  -2  -3  -4   4   2  -6  -1  -4    4  11  11   1   4   1   1   3   2   5   2   5   1   1   0  35  10   0   2   1  0.56 0.38
  142 H    -4   3   0  -1   2   5  -1  -5   4  -4  -2   1  -1  -2  -4  -1  -2   3   2  -2    1  14   4   3   4  26   3   1   9   1   4   7   1   2   1   4   3   4   6   3  0.60 0.38
  143 S    -2   2   3  -3   0  -1  -3  -1   2  -4  -4   3  -3  -1  -1   4  -2  -3   0  -5    2  11  12   1   2   2   1   5   6   1   2  16   1   3   3  29   1   0   3   0  0.53 0.36
  144 S    -1  -4  -4  -4  -2  -2  -3  -1  -3  -5  -4  -4  -4  -3  -3   7   0  -8  -3  -5    5   1   0   1   1   2   1   5   1   1   2   1   0   1   1  69   5   0   1   1  1.45 0.73
  145 S     0  -2   3   0  -1   1  -2  -1   5  -3  -3  -2  -3  -2  -4   3   0  -3   1  -3    7   1  16   6   2   6   2   5  15   2   3   2   0   2   1  20   4   0   4   2  0.46 0.31
  146 V    -6  -7  -8  -9  -3  -6  -8  -9  -1  -2   6  -8  -2   2  -5  -5  -6  -7  -4  -1    0   0   0   0   1   0   0   0   2   1  81   0   0   8   1   1   0   0   1   3  1.89 0.77
  147 S    -1   1   0  -4  -3   1  -4  -4   0   3  -2  -1   0  -3  -3   1   4  -3  -3   1    5   8   5   0   0   5   0   1   2  20   3   4   2   1   1   9  25   0   1   8  0.43 0.31
  148 P    -1   2  -1  -2  -1   3   0  -3  -1   1  -1   2  -2  -3  -1   0   0  -3  -1   1    6  13   2   2   1  15   5   2   1   9   6  11   0   1   3   6   5   0   2   9  0.19 0.18
  149 L    -7  -5  -2  -5  -3  -1  -6  -7  11  -8  -4  -6  -6  -7  -4  -6  -8  -9  -2 -10    0   0   2   1   1   3   0   0  86   0   2   0   0   0   1   0   0   0   1   0  3.69 1.25
  150 Q    -6   0  -3  -5  -3   8   1  -6   3  -3  -3   2  -3  -6  -6  -6  -5   0  -6  -6    0   5   1   0   1  61   8   0   5   2   3  10   1   0   0   0   0   1   0   0  1.82 0.83
  151 R    -5   8  -3  -7  -8  -2  -4  -3  -3  -1  -5   2  -3  -8  -6  -3  -3  -8  -7  -4    1  71   1   0   0   2   1   2   1   4   1  11   1   0   0   2   2   0   0   1  1.98 0.81
  152 I    -4  -4  -2  -5  -3  -6  -6  -8  -7   7  -2  -5  -1  -2  -6  -2   4  -7  -5   1    1   1   2   1   0   0   0   0   0  54   3   0   1   2   0   3  21   0   0   9  1.45 0.63
  153 Y    -8  -5  -3  -6  -3  -3  -7  -9  11  -8  -7  -6  -6  -5  -3  -4  -8  -5   0  -8    0   1   1   0   1   1   0   0  88   0   1   0   0   0   2   1   0   0   2   0  3.85 1.29
  154 S    -2  -5  -1  -6  -5  -6  -6  -6  -6  -2  -4  -5  -3  -6  -3   1   8  -5  -7  -4    3   0   3   0   0   0   0   0   0   2   1   1   1   0   1  11  74   0   0   1  1.99 0.88
  155 G    -4   0  -6  -5  -4  -6  -1   7  -7  -7  -8  -3  -8  -9  -7  -4  -6  -8  -8  -6    1   5   0   1   0   0   4  83   0   0   0   1   0   0   0   1   0   0   0   1  2.21 0.87
  156 V    -5  -3  -5  -1  -6  -2   8  -5  -6  -7  -8   0  -6  -7  -6  -5  -7  -9  -8  -2    1   1   0   3   0   1  81   1   0   0   0   6   0   0   0   0   0   0   0   3  2.24 0.94
  157 K    -7   2  -1  -6  -7  -3  -4  -8  -6  -7  -8   8  -4  -9  -7  -4  -5  -9  -7  -8    0  10   3   0   0   1   1   0   0   0   0  84   1   0   0   1   1   0   0   0  2.52 0.99
  158 T    -4  -4  -7  -7  -4  -5  -7  -7  -1  -5  -1  -7  -4  -6   8  -1  -1  -9  -8  -6    1   1   0   0   0   0   0   0   2   1   6   0   1   0  77   5   4   0   0   0  2.41 0.98
  159 H    -7  -7  -4  -7   0  -6  -8  -9   4  -7  -6  -8  -7   3  -9  -6  -8  -2  10  -7    0   0   1   0   2   0   0   0   8   0   1   0   0  10   0   1   0   0  74   0  2.97 1.09
  160 I    -3  -1  -3  -1  -6   1   4  -2  -3  -2  -6   5  -3  -7  -5  -3  -1  -7  -5  -2    2   2   1   3   0   6  29   3   1   3   0  39   0   0   0   1   3   0   0   4  1.03 0.54
  161 F    -7  -7  -8  -8  12 -10 -10  -8  -4  -7  -8 -10  -5  -3 -10  -5  -8  -6  -1  -7    0   0   0   0  92   0   0   0   1   0   0   0   0   1   0   1   0   0   3   0  4.40 1.39
  162 N    -3  -1   5   1  -5  -1   1  -2   1  -2  -2   3   0  -5  -2   1   0  -6  -3  -4    1   2  24   6   0   3   9   2   3   2   5  20   3   0   2  11   5   0   1   1  0.52 0.34
  163 K    -3  -4  -3   1  -8   3   7  -5  -2  -3  -5   0  -4  -7  -5  -5  -4  -8  -4  -1    2   0   1   8   0  13  58   1   1   2   1   6   0   0   0   0   1   0   1   5  1.41 0.68
  164 H    -7  -6  -9 -10  12 -10 -10  -8  -2  -8  -7 -10  -8  -4  -8  -4  -8  -9  -2  -8    0   1   0   0  94   0   0   0   1   0   0   0   0   1   0   1   0   0   2   0  4.48 1.41
  165 R    -4   0  -4  -2  -6  -4  -1   7  -6  -9  -7  -4  -8  -9  -7  -2  -5  -4  -8  -7    1   5   1   3   0   1   4  80   0   0   0   1   0   0   0   3   1   0   0   0  2.07 0.82
  166 N    -7  -1   0  -6  -9  -2  -3  -6  -6  -4  -8   8  -3  -9  -7  -6  -5  -9  -8  -8    0   3   4   0   0   1   2   1   0   1   0  86   1   0   0   0   1   0   0   0  2.54 1.00
  167 D     5  -3  -2  -1   1  -5  -4  -1  -3  -4  -5  -4  -4  -3  -4   3   3  -6  -5   0   40   2   1   3   3   0   0   5   0   1   1   0   0   1   1  20  15   0   0   5  0.80 0.48
  168 F    -9  -9  -8 -10  -4 -10 -10 -10  -8  -6  -4 -10  -6  10  -9  -7  -9  -5  -1  -6    0   0   0   0   1   0   0   0   0   0   2   0   0  95   0   1   0   0   1   0  3.61 1.21
  169 V    -1   2   2  -4   1  -3  -4  -2   0   0  -3  -1  -2  -3  -3   4   2  -2  -1  -3    4  10  10   1   3   1   0   2   3   7   2   4   1   1   1  34  13   1   2   2  0.56 0.38
  170 D    -4   3  -1  -1   2   6  -1  -5   4  -5  -3   0  -2  -2  -4  -1  -2   4   2  -3    1  13   3   3   4  31   3   1   9   0   3   5   1   2   1   5   2   5   6   2  0.76 0.45
  171 F    -3   2   2  -4  -1  -1  -3  -2   3  -2  -2   3  -3  -1  -2   4  -2  -4  -1  -3    1  11  10   0   2   2   1   4   7   2   3  18   1   3   2  28   2   0   2   1  0.50 0.35
  172 P     0  -3  -2  -4   0  -2  -3  -1  -2  -4  -5  -4  -4  -4  -1   6   0  -3  -3  -5    6   1   1   1   2   2   2   5   1   1   1   0   0   1   3  65   4   0   1   1  1.27 0.67
  173 L    -1  -1   3   1  -1   1  -1  -1   6  -3  -2  -1  -4  -2  -3   2   0  -5   2  -2    5   3  12   8   2   7   3   4  20   1   4   3   0   1   1  14   5   0   6   3  0.46 0.30
  174 L    -7  -7  -9  -9  -3  -8  -9  -9  -3  -3   7  -8  -2   2  -9  -7  -7  -7  -3  -3    0   0   0   0   1   0   0   0   1   1  87   0   1   7   0   0   0   0   1   1  2.18 0.86
  175 S     0   1   0  -5  -3   1  -4  -4   0   4  -2  -1   0  -3  -4   0   4  -5  -5   1    6   8   4   0   0   6   0   1   2  24   3   3   2   1   0   7  24   0   0   7  0.52 0.34
  176 Q    -1   2  -1  -2  -2   4   0  -3   0   1  -1   2  -2  -4  -4   0   0  -5  -2   1    4  13   2   1   1  20   6   1   2   9   5  11   1   0   0   7   6   0   2  11  0.33 0.26
  177 E    -8  -7  -6  -6  -6  -5  -5  -9  12  -9  -8  -8  -9  -7  -7  -8  -9  -4  -1 -10    0   0   0   0   0   0   1   0  95   0   0   0   0   0   0   0   0   0   2   0  4.35 1.42
  178 Q    -6   1  -2  -5  -3   8   1  -5   2  -6  -4   2  -1  -8  -6  -5  -5   1  -4  -6    0   6   2   0   1  60   7   1   5   1   2  11   2   0   0   0   0   2   1   0  1.77 0.81
  179 K    -6   8  -4  -7  -7  -2  -5  -5  -3  -1  -5   3  -3  -7  -7  -3  -3  -5  -7  -3    0  71   1   0   0   1   0   1   0   4   1  13   1   0   0   2   2   0   0   2  2.04 0.84
  180 A    -4  -5  -5  -8  -3  -7  -7  -8  -6   7  -2  -6   0  -3  -7  -3   4  -5  -6   2    1   1   0   0   1   0   0   0   0  56   2   0   2   1   0   2  23   0   0  11  1.62 0.68
  181 H    -9  -6  -5  -7  -2  -3  -5  -9  12 -10 -10  -7  -9  -8  -6  -7  -9  -9  -4  -9    0   0   0   0   1   1   1   0  95   0   0   0   0   0   1   0   0   0   0   0  4.32 1.41
  182 I    -3  -4  -3  -6  -5  -7  -7  -7  -8  -1  -5  -5  -3  -6  -6   1   8  -8  -7  -5    2   1   1   0   0   0   0   0   0   4   1   1   1   0   0   8  79   0   0   0  2.18 0.94
  183 R    -4   0  -4  -5  -5  -5  -2   7  -6  -8  -9  -4  -8  -9  -8  -4  -6  -6  -9  -4    1   6   1   1   0   0   3  84   0   0   0   1   0   0   0   1   0   0   0   1  2.26 0.88
  184 R    -6  -4  -4  -1 -10  -2   8  -4  -5  -9  -6   0  -8  -9  -7  -6  -6  -9  -8  -4    0   1   1   3   0   1  86   1   0   0   1   5   0   0   0   0   0   0   0   1  2.46 1.01
  185 K    -7   2  -3  -6  -9  -4  -5  -7  -7  -8  -9   8  -5  -9  -7  -6  -5  -9  -6  -9    0   9   1   0   0   0   0   0   0   0   0  88   0   0   0   0   1   0   0   0  2.73 1.05
  186 P    -6  -5  -6  -8  -3  -4  -7  -8  -3  -7  -3  -7  -6  -8   9  -1  -4  -7  -8  -6    0   1   0   0   1   1   0   0   1   0   4   0   0   0  85   5   1   0   0   0  2.84 1.11
  187 Y    -8  -8  -9  -8  -2  -8  -9  -8   2  -8  -7  -9  -8   3 -10  -8  -8  -2  10  -8    0   0   0   0   1   0   0   0   4   0   0   0   0   8   0   0   0   0  85   0  3.49 1.23
  188 E    -2   0  -3  -3  -8   1   5  -3  -3  -4  -6   5  -3  -8  -5  -3  -2  -6  -4  -3    3   4   1   1   0   6  35   2   0   1   1  39   1   0   0   2   2   0   0   2  1.19 0.59
  189 C    -8 -11 -10 -11  12 -10 -11 -10  -6  -8  -8 -10  -9  -7 -10  -6  -8  -6  -4  -8    0   0   0   0  98   0   0   0   0   0   0   0   0   0   0   1   0   0   1   0  4.85 1.50
  190 N    -3  -1   5   0  -2   0   1  -2   0  -2  -2   3   1  -5  -2   1   0  -6  -5  -4    1   2  24   5   1   3  10   2   2   2   4  19   4   0   2  11   5   0   0   1  0.50 0.33
  191 E    -4  -4  -4   1  -9   3   7  -5  -1  -3  -7  -1  -6  -7  -7  -6  -5  -5  -6  -2    1   0   0   7   0  12  66   1   1   2   0   4   0   0   0   0   0   0   0   3  1.75 0.80
  192 Q    -8  -9 -10  -8  12  -6 -11 -10  -6  -8  -8 -10  -9 -10 -10  -8  -8 -10  -5  -8    0   0   0   0  98   1   0   0   0   0   0   0   0   0   0   0   0   0   1   0  4.88 1.50
  193 G    -5  -2  -4  -2  -8  -5  -1   7  -8  -8  -9  -4  -8  -9  -7  -3  -6  -8  -7  -8    0   2   1   2   0   1   5  85   0   0   0   1   0   0   0   2   0   0   0   0  2.31 0.90
  194 K    -6  -1  -4  -6  -9  -2  -3  -8  -7  -8  -8   8  -5  -9  -7  -5  -5  -9  -8  -9    0   2   1   0   0   2   2   0   0   0   0  91   0   0   0   0   0   0   0   0  2.80 1.07
  195 V     5  -3  -4  -4   1  -5  -5  -1  -4  -4  -5  -4  -3  -3  -4   3   2  -7  -5  -1   46   1   1   1   2   0   0   4   0   1   1   1   1   1   1  21  13   0   0   5  0.97 0.54
  196 F    -9  -9 -10 -10  -2 -10 -10 -10  -5  -6  -4 -10  -6  10 -10  -8  -6  -6  -1  -7    0   0   0   0   1   0   0   0   0   0   1   0   0  95   0   0   1   0   2   0  3.63 1.21
  197 R    -1   2   3  -4   0  -3  -4  -1  -1   0  -5  -1  -3  -3  -4   4   2  -5   0  -4    5  12  12   0   2   0   0   4   1   5   1   3   0   1   1  35  12   0   4   1  0.64 0.42
  198 V    -4   3  -1  -1   3   5  -2  -4   4  -5  -2  -1  -1  -2  -6  -1  -3   3   1  -1    1  17   2   3   5  29   2   1  11   0   4   3   1   2   0   4   1   4   5   4  0.78 0.45
  199 S    -3   2   2  -3  -1  -2  -4  -1   2  -3  -3   3  -3  -2  -1   4  -2  -6   0  -3    1  11  10   1   1   1   0   5   5   2   3  19   0   2   3  29   2   0   3   2  0.55 0.37
  200 S     0  -3  -3  -4  -1  -4  -4   0  -2  -5  -5  -4  -7  -4  -4   7   0  -4  -2  -6    6   1   1   1   1   0   1   7   1   1   1   1   0   1   1  69   5   0   1   0  1.48 0.74
  201 S    -1  -2   3   1  -2   1  -2  -2   6  -3  -4  -1  -5  -3  -4   3   1  -6   1  -2    6   2  15   7   1   5   2   3  18   2   2   3   0   1   1  19   8   0   5   3  0.57 0.36
  202 L    -7  -8  -9  -9  -6  -8  -9  -8  -3  -3   7  -8  -4   2  -8  -8  -7  -7  -5  -3    0   0   0   0   0   0   0   0   1   1  89   0   0   7   0   0   0   0   0   1  2.27 0.88
  203 P     0   2   0  -5  -4   0  -4  -5   0   4  -2  -1  -1  -3  -4   0   4  -4  -3   0    8  10   4   0   0   4   0   0   2  22   2   4   1   1   1   6  27   0   1   6  0.54 0.35
  204 N    -1   3   0  -2  -1   4   0  -3  -1   1  -1   1  -2  -4  -5   0   0  -5  -1   1    4  16   5   2   1  18   6   2   1   8   4   8   1   0   0   6   7   0   2  10  0.30 0.24
  205 H    -9  -6  -5  -8 -10  -7  -7  -9  12 -11 -10  -8  -9  -8  -5  -8  -9 -10  -4 -10    0   0   0   0   0   0   0   0  98   0   0   0   0   0   1   0   0   0   0   0  4.59 1.48
  206 Q    -6   0  -3  -5  -1   8   0  -4   3  -4  -3   2  -1  -7  -6  -6  -5  -2  -4  -7    0   5   1   0   1  60   6   1   5   1   4  10   2   0   0   0   1   1   1   0  1.74 0.81
  207 V    -6   8  -4  -7  -9  -2  -5  -6  -4  -1  -6   2  -4  -7  -7  -3  -3  -6  -7  -3    0  73   1   0   0   2   0   1   0   4   1  12   0   0   0   2   2   0   0   2  2.13 0.87
  208 I    -5  -6  -5  -8  -2  -7  -7  -6  -8   7  -2  -5  -1  -3  -7  -3   3  -8  -5   2    1   0   1   0   1   0   0   0   0  58   3   1   1   1   0   2  20   0   0  11  1.64 0.68
  209 H    -9  -6  -5  -8 -10  -7  -7  -9  12 -10  -9  -8  -9  -8  -7  -8  -9  -9  -3 -10    0   0   0   0   0   0   0   0  98   0   0   0   0   0   0   0   0   0   1   0  4.60 1.48
  210 T    -3  -5  -3  -6  -3  -7  -7  -7  -7  -3  -7  -4  -3  -8  -5   1   8  -9  -8  -6    2   0   1   0   1   0   0   0   0   2   0   1   1   0   0   8  83   0   0   0  2.38 1.00
  211 A    -3  -1  -4  -6  -9  -6  -4   8  -5  -8  -9  -6  -9  -9  -7  -6  -6  -9  -9  -5    2   3   1   0   0   0   1  90   0   0   0   0   0   0   0   0   0   0   0   1  2.54 0.96
  212 D    -6  -5  -6  -1 -10  -2   8  -4  -6  -8  -8  -1  -6  -9  -7  -5  -7  -7  -8  -4    0   0   0   3   0   1  88   2   0   0   0   3   0   0   0   0   0   0   0   1  2.55 1.04
  213 K    -7   2  -3  -7  -9  -4  -4  -8  -7  -5  -9   8  -5  -9  -7  -6  -5  -9  -8  -8    0   9   1   0   0   0   0   0   0   1   0  86   0   0   0   0   1   0   0   0  2.67 1.04
  214 P    -6  -6  -7  -8  -9  -6  -8  -9  -3  -8  -3  -7  -9  -7   9  -3  -5 -10  -9  -7    1   0   0   0   0   0   0   0   1   0   3   0   0   0  90   3   1   0   0   0  3.16 1.20
  215 N    -8  -7  -5 -10  -3  -8  -9 -10   2  -8  -6  -8  -7   3 -10  -7  -8  -4  10  -8    0   0   1   0   1   0   0   0   5   0   0   0   0  12   0   0   0   0  81   0  3.34 1.19
  216 R    -3   0  -3  -3  -4   1   5  -4  -2  -4  -6   5  -5  -7  -4  -3  -2  -8  -7  -3    2   4   1   1   0   5  37   2   1   1   0  38   0   0   1   1   3   0   0   2  1.26 0.62
  217 C    -7 -11 -10 -11  12 -10 -11 -10 -10  -8  -8 -10  -9  -8 -10  -8  -8  -6  -6  -8    0   0   0   0  99   0   0   0   0   0   0   0   0   0   0   0   0   0   0   0  4.95 1.52
  218 H    -3  -1   4   0  -2   0   1  -2   2  -3  -2   3   0  -5  -3   1   0  -4  -3  -4    1   3  23   4   1   3   9   3   4   2   5  20   2   0   1  10   6   0   1   0  0.49 0.32
  219 E    -4  -5  -4   1  -7   3   7  -6  -2  -5  -7  -2  -6  -7  -7  -5  -5  -6  -5  -2    1   0   1   8   0  13  67   0   1   1   0   2   0   0   0   0   1   0   0   4  1.83 0.82
  220 C    -8 -11 -10 -11  12 -10 -11 -10 -10  -8  -9 -10  -9 -10 -10  -7  -8 -10  -6  -8    0   0   0   0  99   0   0   0   0   0   0   0   0   0   0   0   0   0   0   0  4.98 1.53
  221 G    -4  -2  -4  -1  -4  -4  -2   7  -8  -9  -9  -5  -7  -9  -7  -3  -6  -2  -9  -5    1   2   1   4   0   1   3  83   0   0   0   1   0   0   0   2   0   1   0   1  2.22 0.87
  222 K    -6   0  -3  -7  -9  -2  -3  -8  -7  -8  -9   8  -4  -9  -7  -5  -6  -9  -8  -9    0   4   1   0   0   1   1   0   0   0   0  91   0   0   0   1   0   0   0   0  2.79 1.07
  223 T     5  -4  -3  -4   2  -5  -5  -1  -4  -4  -6  -4  -4  -3  -5   3   2  -5  -6  -1   48   1   1   1   3   0   0   5   0   1   0   0   0   1   0  19  14   0   0   5  1.03 0.56
  224 V    -9 -10 -10 -10  -4 -10 -10 -10  -8  -6  -4 -10  -6  10 -10  -9  -9  -6  -1  -6    0   0   0   0   0   0   0   0   0   0   1   0   0  96   0   0   0   0   1   0  3.70 1.23
  225 R    -1   3   2  -5   1  -4  -5  -2   0   0  -5  -1  -5  -4  -5   4   3  -7  -1  -3    4  15  11   0   3   0   0   2   2   6   1   3   0   1   0  34  14   0   3   1  0.70 0.45
  226 D    -4   3  -2  -1   3   5   0  -4   3  -5  -3  -1  -4  -2  -5  -1  -1   3   2  -2    1  17   2   3   6  30   5   1   8   0   3   2   0   1   0   4   3   4   6   3  0.75 0.44
  227 K    -2   2   2  -4   1  -2  -4  -1   2  -2  -3   3  -4  -2  -2   4  -3  -5   0  -4    2  10  11   0   3   2   0   4   5   2   3  21   0   2   2  29   1   0   3   1  0.60 0.40
  228 S    -1  -3  -3  -3  -2  -3  -4   0  -3  -3  -6  -3  -4  -3  -3   7   0  -6  -2  -5    5   2   1   1   1   1   1   6   1   2   1   1   0   1   1  67   6   0   1   1  1.38 0.71
  229 G    -1  -2   3   1  -2   2  -2  -1   6  -3  -4  -1  -4  -4  -3   2   1  -6   2  -3    5   2  13   6   1   9   2   5  19   1   1   3   0   0   1  16   7   0   7   1  0.57 0.35
  230 L    -7  -7  -9 -10  -7  -8  -9 -10  -7  -4   7  -8  -3   2  -9  -8  -7  -7  -6  -3    0   0   0   0   0   0   0   0   0   0  91   0   0   6   0   0   0   0   0   1  2.37 0.91
  231 A     0   1   0  -5  -2   0  -4  -5   0   4  -2  -1  -1  -3  -5   0   4  -6  -3   0    6   6   5   0   1   4   1   0   2  24   2   3   1   1   0   8  28   0   1   7  0.56 0.36
  232 E    -1   2  -1  -2  -1   4   1  -3  -1   1  -1   2  -1  -4  -4   0   0  -5  -1   1    3  13   2   1   1  17   7   1   1   8   6  11   1   0   0   7   5   0   2  11  0.28 0.23
  233 H    -9  -7  -6  -8  -5  -7  -7  -9  12 -11  -9  -8  -9  -8  -7  -8  -9 -10  -4 -10    0   0   0   0   0   0   0   0  99   0   0   0   0   0   0   0   0   0   0   0  4.66 1.49
  234 W    -6   0  -4  -6  -5   8   1  -6   3  -5  -3   2  -1  -5  -7  -6  -5   2  -2  -6    0   5   0   0   0  60   7   0   6   1   3  11   1   0   0   0   0   2   2   0  1.79 0.82
  235 R    -5   8  -5  -7  -7  -2  -6  -6  -6  -2  -5   1  -3  -9  -8  -3  -4  -5  -8  -4    1  79   0   0   0   1   0   0   0   3   1   8   1   0   0   2   1   0   0   2  2.37 0.93
  236 I    -5  -7  -4  -7  -5  -7  -7  -7  -8   7  -2  -6  -1  -3  -7  -3   4  -8  -5   2    1   0   1   0   0   0   0   0   0  57   3   0   1   1   0   2  21   0   0  11  1.67 0.69
  237 R    -9  -5  -6  -8  -7  -7  -7  -9  12 -11 -10  -8  -9  -8  -7  -8  -9 -10  -5 -10    0   1   0   0   0   0   0   0  99   0   0   0   0   0   0   0   0   0   0   0  4.66 1.49
  238 T    -4  -6  -4  -7  -7  -7  -7  -8  -8  -5  -8  -6  -5  -7  -6   1   8  -9  -6  -5    1   0   1   0   0   0   0   0   0   1   0   0   0   0   0   8  87   0   0   0  2.65 1.08
  239 G    -5  -3  -7  -6  -9  -7  -3   8  -8  -8 -10  -7  -9  -9  -8  -6  -8  -9  -9  -6    0   2   0   0   0   0   2  94   0   0   0   0   0   0   0   0   0   0   0   1  2.78 1.03
  240 E    -5  -5  -6  -1 -10  -1   8  -6  -6  -9  -6  -1  -5  -9  -7  -6  -7  -9  -8  -5    1   0   0   3   0   2  88   0   0   0   1   4   0   0   0   0   0   0   0   1  2.59 1.05
  241 K    -7   2  -4  -7  -9  -5  -4  -8  -7  -9  -9   8  -6  -9  -7  -6  -5  -9  -8  -9    0  11   1   0   0   0   1   0   0   0   0  87   0   0   0   0   1   0   0   0  2.76 1.06
  242 P    -7  -5  -8  -7  -6  -5  -8  -9  -5  -9  -4  -8  -9 -10   9  -3  -5 -10  -7  -9    0   1   0   0   0   0   0   0   0   0   2   0   0   0  92   2   1   0   0   0  3.27 1.23
  243 Y    -8  -8  -7 -10  -1  -8  -9 -10   2  -8  -7  -9  -7   3 -10  -8  -8  -4  10  -8    0   0   0   0   1   0   0   0   5   0   0   0   0  10   0   0   0   0  84   0  3.47 1.22
  244 K    -3  -1  -3  -3  -8   1   5  -4  -2  -3  -6   5  -5  -8  -3  -3  -2  -8  -7  -2    2   3   1   1   0   6  36   2   1   2   1  38   0   0   1   1   2   0   0   3  1.23 0.61
  245 C    -8  -9 -10 -11  12 -10 -11 -10 -10  -8  -8 -10  -9 -10 -10  -8  -7 -10  -7  -8    0   0   0   0  99   0   0   0   0   0   0   0   0   0   0   0   0   0   0   0  4.97 1.52
  246 K    -3  -1   4  -1  -4   0   1  -2   0  -3  -2   4   0  -4  -3   1   0  -7  -5  -4    1   2  23   4   0   4  10   2   2   2   5  24   2   1   1  11   5   0   0   0  0.56 0.36
  247 E    -3  -5  -5   1  -9   3   7  -7  -2  -4  -6  -2  -4  -9  -7  -6  -4  -8  -7  -2    2   0   0   8   0  12  67   0   1   1   1   2   0   0   0   0   1   0   0   4  1.82 0.82
  248 C    -8  -5 -10 -11  12 -10 -11 -10 -10  -8  -8 -10  -9  -7 -10  -7  -8 -10 -10  -8    0   1   0   0  99   0   0   0   0   0   0   0   0   0   0   0   0   0   0   0  4.91 1.51
  249 G    -4  -3  -4  -1  -5  -4  -3   7  -4 -10  -9  -6  -8  -9  -8  -3  -6  -4  -9  -9    1   2   1   4   0   1   2  87   0   0   0   0   0   0   0   1   0   0   0   0  2.40 0.92
  250 K    -6  -1  -3  -7  -9  -1  -3  -8  -7  -8  -8   8  -4  -9  -7  -5  -6  -9  -8  -9    0   3   1   0   0   2   1   0   0   0   0  91   1   0   0   0   0   0   0   0  2.82 1.08
  251 L     5  -3  -3  -5   1  -5  -5  -1  -3  -4  -5  -4  -3  -2  -4   3   2  -6  -4  -1   48   1   1   0   3   0   0   5   0   1   1   1   1   2   1  20  11   0   1   5  0.97 0.53
  252 F    -9 -10 -10 -10  -5 -10 -10 -10  -8  -7  -5 -10  -7  10 -10  -8  -9  -6  -1  -7    0   0   0   0   0   0   0   0   0   0   1   0   0  97   0   0   0   0   1   0  3.78 1.25
  253 N    -1   3   3  -4   1  -3  -4  -3  -1   0  -5  -1  -3  -3  -4   5   2  -6  -1  -3    5  13  11   0   3   0   0   2   1   5   1   4   1   1   1  37  11   0   3   2  0.67 0.43
  254 R    -4   3  -1  -1   2   6  -2  -3   4  -5  -2  -1  -3  -2  -6  -1  -3   4   1  -2    1  16   3   3   4  31   2   2  10   0   4   3   0   2   0   5   2   5   5   3  0.80 0.46
  255 I    -2   2   2  -4   2  -1  -4  -1   1  -2  -3   3  -2  -2  -2   4  -2  -2   0  -4    2  12  10   0   4   2   0   4   3   2   2  19   1   2   2  30   2   1   3   1  0.54 0.37
  256 A     0  -3  -3  -3  -2  -4  -4   1  -2  -5  -5  -5  -4  -3  -4   6   1  -3  -1  -4    7   1   1   1   1   1   1   8   1   1   1   0   0   1   1  64   7   0   2   1  1.30 0.68
  257 Y    -1  -1   3   0  -1   1  -2  -1   6  -3  -4  -1  -4  -2  -4   2   1  -5   2  -3    6   3  13   5   1   5   2   4  17   2   2   3   0   2   1  18   8   0   7   2  0.48 0.32
  258 L    -7  -6  -9 -10  -7  -8  -9 -10  -3  -3   7  -8  -2   0  -9  -8  -7  -7  -3  -4    0   0   0   0   0   0   0   0   1   1  92   0   0   4   0   0   0   0   1   1  2.34 0.90
  259 A     0   1   0  -5  -3   0  -4  -5   0   4  -2  -1  -1  -3  -5   0   4  -2  -3   1    8   9   5   0   0   3   0   0   2  22   3   4   1   1   0   5  27   1   1   7  0.53 0.35
  260 R    -1   3  -1  -2  -2   3   0  -3  -1   1  -1   1  -1  -4  -4   0   1  -3  -1   1    4  15   3   2   1  17   6   1   1   8   5   7   1   0   0   8   7   0   2  10  0.26 0.22
  261 H    -9  -6  -6  -8 -10  -7  -7  -9  12 -10 -10  -8  -9  -8  -9  -8  -9  -9  -4 -10    0   0   0   0   0   0   0   0  99   0   0   0   0   0   0   0   0   0   0   0  4.68 1.50
  262 E    -6   1  -5  -5  -4   8   1  -7   3  -4  -4   2  -2  -5  -7  -6  -5   0  -3  -6    0   8   0   0   0  60   8   0   6   1   2  10   1   0   0   0   0   1   1   1  1.81 0.83
  263 K    -5   8  -3  -6  -7  -2  -6  -5  -5  -2  -6   1  -3  -6  -8  -3  -3  -5  -6  -4    1  76   1   0   0   1   0   1   0   3   1   9   1   0   0   2   2   0   0   1  2.19 0.88
  264 V    -5  -6  -4  -8  -5  -7  -7  -6  -6   7  -2  -6   0  -4  -7  -3   4  -8  -6   2    0   0   1   0   0   0   0   0   0  56   3   0   2   1   0   2  22   0   0  11  1.64 0.69
  265 H    -9  -7  -5  -8 -10  -5  -7  -9  12 -11 -10  -7  -9  -8  -9  -8  -9 -10  -4 -10    0   0   0   0   0   0   0   0  99   0   0   0   0   0   0   0   0   0   0   0  4.67 1.49
  266 T    -3  -5  -3  -7  -5  -7  -7  -8  -4  -3  -7  -5  -2  -8  -6   1   8  -9  -6  -6    2   0   1   0   0   0   0   0   0   1   0   1   1   0   0   9  83   0   0   0  2.42 1.02
  267 G    -4  -2  -6  -7  -9  -6  -4   8  -7 -10 -10  -6  -6  -9  -8  -5  -5  -9  -9  -8    1   2   0   0   0   0   1  93   0   0   0   0   0   0   0   0   1   0   0   0  2.74 1.01
  268 E    -5  -5  -6  -2 -10  -2   8  -5  -6  -8  -8  -1  -5  -9  -7  -6  -7  -6  -8  -3    1   0   0   2   0   1  88   1   0   0   0   3   0   0   0   0   0   0   0   2  2.54 1.04
  269 S    -7   2  -5  -7  -9  -4  -5  -7  -7  -6  -8   8  -5  -9  -7  -5  -5  -9  -8  -8    0   9   1   0   0   0   0   0   0   0   0  88   0   0   0   1   1   0   0   0  2.73 1.05
  270 P    -7  -7  -7  -7  -3  -7  -8  -9  -6  -8  -4  -8  -9 -10   9  -3  -5 -10  -8  -8    0   0   0   0   1   0   0   0   0   0   2   0   0   0  92   2   1   0   0   0  3.29 1.23
  271 Y    -8  -8  -6 -10  -5  -8  -9 -10   2  -7  -8  -9  -7   3 -10  -8  -8  -4  10  -8    0   0   0   0   0   0   0   0   5   0   0   0   0  10   0   0   0   0  84   0  3.48 1.23
  272 K    -3  -1  -3  -2  -7   2   5  -3  -2  -3  -6   5  -5  -8  -5  -3  -2  -8  -7  -3    2   2   1   1   0   7  36   2   1   2   0  38   0   0   0   2   2   0   0   2  1.24 0.62
  273 C    -8 -11 -10 -11  12 -10 -11 -10 -10  -8  -9 -10  -9 -10 -10  -7  -8 -10 -10  -8    0   0   0   0 100   0   0   0   0   0   0   0   0   0   0   0   0   0   0   0  5.00 1.53
  274 N    -3  -2   5   0  -3   0   1  -2   0  -3  -2   4   0  -6  -2   1  -1  -7  -4  -5    2   2  25   4   1   4   7   3   2   2   5  24   3   0   2  11   4   0   0   0  0.61 0.38
  275 E    -5  -5  -6   1  -9   3   7  -6  -2  -4  -7  -1  -7  -9  -7  -5  -4  -8  -6  -1    1   0   0   8   0  12  66   0   1   1   0   4   0   0   0   0   1   0   0   5  1.78 0.80
  276 C    -8 -11 -10 -11  12 -10 -11 -10 -10  -8  -9 -10  -9 -10 -10  -8  -8 -10 -10  -8    0   0   0   0 100   0   0   0   0   0   0   0   0   0   0   0   0   0   0   0  5.03 1.54
  277 G    -6  -2  -4  -2  -9  -6  -3   8  -6 -10 -10  -6  -9  -9  -7  -3  -7  -6  -8  -9    0   3   1   3   0   0   2  88   0   0   0   0   0   0   0   2   0   0   0   0  2.47 0.94
  278 K    -6  -1  -5  -7  -9  -1  -4  -8  -7  -7  -9   8  -5  -9  -7  -6  -6  -9  -8  -9    0   3   0   0   0   3   1   0   0   0   0  92   0   0   0   0   0   0   0   0  2.85 1.09
  279 V     5  -4  -3  -4   2  -5  -5   0  -5  -4  -6  -4  -3  -5  -4   3   2  -7  -5  -1   49   1   1   1   4   0   0   6   0   1   0   1   1   0   0  19  12   0   0   4  1.05 0.57
  280 F    -9 -10 -10 -10  -4 -10 -10 -10  -8  -7  -6 -10  -7  10 -10  -9  -9  -6  -1  -7    0   0   0   0   0   0   0   0   0   0   0   0   0  98   0   0   0   0   1   0  3.82 1.26
  281 S     0   2   2  -4   1  -4  -4  -2  -2   0  -4  -1  -3  -3  -3   4   3  -4  -1  -4    7  11   9   0   2   0   0   3   1   6   1   3   1   1   1  35  16   0   2   1  0.64 0.42
  282 R    -3   3  -1  -1   3   5  -1  -4   4  -5  -2   0  -2  -2  -6  -1  -2   3   1  -2    1  15   2   3   5  30   4   1   8   0   5   4   1   2   0   4   2   4   5   3  0.69 0.42
  283 I    -3   3   2  -4  -1  -1  -4  -2   2  -1  -4   3  -4  -2  -2   4  -2  -4  -1  -3    1  13   9   0   1   2   0   3   5   3   2  20   0   2   2  31   1   0   2   2  0.63 0.41
  284 T     0  -2  -2  -4  -2  -3  -4   0  -4  -5  -5  -4  -3  -3  -4   7   0  -8  -2  -5    7   2   1   1   1   1   1   7   0   1   1   1   1   1   1  66   5   0   2   0  1.37 0.70
  285 Y    -1  -2   3   0  -2   1  -1  -1   5  -3  -4  -1  -4  -3  -4   3   1  -4   2  -3    4   2  12   6   1   7   3   5  16   2   1   3   0   1   1  20   8   0   7   2  0.50 0.33
  286 L    -7  -7  -9 -10  -5  -8  -9 -10  -9  -3   7  -8  -4   1  -8  -7  -7  -7  -4  -3    0   0   0   0   0   0   0   0   0   1  93   0   0   5   0   0   0   0   0   1  2.38 0.92
  287 V     0   1   0  -4  -4   1  -4  -4   0   4  -2  -1  -1  -2  -5   0   4  -3  -3   0    7   8   5   1   0   5   0   1   2  24   3   4   1   1   0   5  26   0   1   6  0.51 0.34
  288 R    -1   2  -1  -3  -1   3   0  -3  -1   1  -1   2  -1  -4  -4   0   1  -5  -2   2    4  12   3   1   1  16   5   1   1   8   6  10   1   0   0   7   8   0   2  13  0.27 0.23
  289 H    -9  -7  -6  -8 -10  -6  -7  -9  12 -11 -10  -8  -9  -8  -9  -8  -9 -10  -4 -10    0   0   0   0   0   0   0   0  99   0   0   0   0   0   0   0   0   0   0   0  4.69 1.50
  290 Q    -6   0  -4  -6  -2   8   0  -6   3  -4  -4   2  -2  -8  -7  -5  -5  -1  -2  -5    0   5   1   0   1  61   6   0   7   1   2  11   1   0   0   0   0   1   2   1  1.82 0.83
  291 K    -5   8  -3  -7  -5  -2  -5  -4  -5  -1  -5   2  -3  -6  -8  -2  -4  -8  -7  -4    1  74   1   0   0   1   0   1   0   4   1   9   1   0   0   3   1   0   0   2  2.11 0.86
  292 I    -5  -7  -3  -7  -6  -7  -8  -6  -5   7  -2  -7  -1  -4  -7  -3   4  -8  -7   1    0   0   1   0   0   0   0   0   0  60   3   0   2   0   0   2  21   0   0   9  1.75 0.72
  293 H    -9  -7  -6  -8 -10  -6  -6  -9  12 -11 -10  -8  -9  -8  -9  -8  -9 -10  -4 -10    0   0   0   0   0   0   0   0  99   0   0   0   0   0   0   0   0   0   0   0  4.69 1.50
  294 T    -4  -5  -4  -7  -6  -7  -7  -8  -6  -5  -7  -5  -3  -7  -7   1   8  -9  -8  -6    1   1   1   0   0   0   0   0   0   0   0   1   1   0   0   9  86   0   0   0  2.59 1.07
  295 R    -5  -3  -6  -5  -9  -8  -3   8  -8  -8  -8  -4  -9  -9  -8  -6  -8  -9  -9  -8    0   2   0   0   0   0   2  93   0   0   0   1   0   0   0   0   0   0   0   0  2.75 1.02
  296 E    -5  -5  -6  -2 -10  -3   8  -6  -6  -7  -8  -2  -6  -9  -7  -6  -6  -9  -8  -3    1   0   0   2   0   1  90   1   0   0   0   3   0   0   0   0   0   0   0   2  2.66 1.07
  297 K    -7   2  -5  -7  -9  -4  -4  -8  -7  -7  -9   8  -8  -9  -7  -6  -5  -9  -8  -8    0  10   0   0   0   0   0   0   0   0   0  88   0   0   0   0   1   0   0   0  2.78 1.06
  298 P    -7  -5  -8  -8  -7  -6  -8  -8  -6  -8  -5  -8  -9  -6   9  -4  -6 -10 -10  -8    0   1   0   0   0   0   0   0   0   0   2   0   0   0  94   2   1   0   0   0  3.37 1.26
  299 H    -8  -8  -7 -10  -3  -8  -9 -10   2  -8  -7  -9  -7   3 -10  -8  -8  -4  10  -8    0   0   0   0   1   0   0   0   4   0   0   0   0  11   0   0   0   0  83   0  3.46 1.22
  300 K    -3  -1  -3  -2  -8   1   5  -4  -3  -3  -6   6  -6  -8  -5  -3  -2  -8  -7  -4    2   2   1   2   0   5  35   2   1   2   1  42   0   0   0   2   3   0   0   2  1.33 0.64
  301 C    -8 -11 -10 -11  12 -10 -11 -10 -10  -8  -8 -10  -9 -10 -10  -7  -8 -10  -6  -8    0   0   0   0  99   0   0   0   0   0   0   0   0   0   0   0   0   0   0   0  4.97 1.52
  302 N    -3  -1   5   0  -3   0   1  -2  -1  -3  -2   4   0  -5  -2   1   0  -7  -4  -5    2   3  27   4   1   3   9   3   1   1   5  21   3   0   2  11   4   0   0   0  0.59 0.37
  303 K    -4  -5  -4   1  -9   3   7  -6  -1  -5  -7   0  -6  -9  -7  -6  -5  -8  -7  -1    1   0   1   7   0  12  65   0   2   1   0   5   0   0   0   0   1   0   0   5  1.75 0.80
  304 C    -8 -11 -10 -11  12 -10 -11 -10 -10  -8  -8 -10  -9  -7 -10  -8  -8 -10  -7  -8    0   0   0   0  99   0   0   0   0   0   0   0   0   0   0   0   0   0   0   0  4.98 1.53
  305 G    -5  -3  -4  -2  -7  -7  -2   7  -5 -10  -9  -5  -8  -9  -8  -3  -5  -4  -8  -9    0   2   1   2   0   0   3  87   0   0   0   1   0   0   0   2   1   0   0   0  2.40 0.92
  306 K    -7  -1  -4  -7  -9  -2  -3  -8  -6  -8  -8   8  -5  -9  -7  -6  -6  -9  -8  -8    0   2   1   0   0   2   2   0   0   0   0  93   0   0   0   0   0   0   0   0  2.89 1.10
  307 V     5  -3  -3  -4   2  -5  -5  -1  -5  -5  -5  -5  -4  -3  -5   3   2  -7  -5   0   47   1   1   1   3   0   0   4   0   0   1   0   0   1   0  21  12   0   0   6  1.01 0.55
  308 Y    -9 -10 -10 -10  -4 -10 -10 -10  -8  -7  -5 -10  -7  10 -10  -9  -9  -6   0  -7    0   0   0   0   0   0   0   0   0   0   0   0   0  97   0   0   0   0   2   0  3.78 1.25
  309 S    -1   3   2  -4   0  -4  -4  -2  -1   0  -4  -1  -3  -3  -4   4   3  -6  -1  -3    5  13  10   0   2   0   0   3   1   6   1   3   1   1   0  35  15   0   2   1  0.66 0.43
  310 S    -4   3  -1  -1   3   5  -1  -4   4  -5  -3  -1  -2  -1  -6  -1  -2   3   1  -2    1  17   2   3   5  29   4   1   8   0   3   4   1   2   0   5   2   4   4   3  0.73 0.43
  311 S    -3   3   2  -4  -1  -2  -4  -2   2  -3  -3   3  -4  -1  -2   4  -2  -4   0  -4    2  13  10   0   1   1   0   4   5   2   2  18   0   3   2  31   2   0   3   1  0.62 0.41
  312 S    -1  -3  -3  -3  -2  -4  -4   0  -4  -4  -6  -4  -5  -3  -4   7   0  -4  -1  -5    5   1   1   1   1   1   1   6   0   1   1   1   0   1   1  69   5   0   2   1  1.43 0.73
  313 Y    -1  -1   3   0  -2   2  -2  -1   6  -2  -3  -1  -3  -2  -4   2   0  -5   2  -2    5   3  13   6   1   8   2   4  17   3   2   3   0   1   1  16   7   0   8   2  0.46 0.31
  314 L    -7  -7  -9 -10  -6  -8  -9 -10  -4  -3   7  -8  -3   1  -6  -8  -7  -7  -6  -4    0   0   0   0   0   0   0   0   0   1  92   0   0   6   0   0   0   0   0   0  2.37 0.91
  315 A     0   1  -1  -5  -2   0  -4  -4   0   4  -2  -1  -1  -3  -5   0   4  -2  -4   1    8   8   3   0   1   5   0   1   2  21   3   4   1   1   0   6  27   1   0   8  0.50 0.33
  316 Q    -2   2  -1  -2  -1   4   0  -3  -2   1  -2   1  -1  -4  -4   0   1  -4   0   1    3  13   3   1   1  20   5   2   1   9   4   9   1   0   1   7   8   0   3  10  0.32 0.25
  317 H    -9  -7  -6  -8  -6  -7  -7  -9  12 -11 -10  -8  -9  -8  -9  -8  -9 -10  -5 -10    0   0   0   0   0   0   0   0 100   0   0   0   0   0   0   0   0   0   0   0  4.73 1.51
  318 W    -6   0  -4  -6  -6   8   0  -7   4  -4  -4   2  -3  -7  -7  -5  -5   1  -4  -5    0   5   0   0   0  60   6   0   7   1   2  11   1   0   0   0   1   2   1   1  1.81 0.83
  319 R    -6   8  -3  -7  -6  -4  -6  -6  -5  -1  -5   1  -5  -7  -7  -3  -4  -7  -7  -4    1  79   1   0   0   1   0   1   0   4   1   7   0   0   0   2   1   0   0   2  2.32 0.92
  320 I    -5  -7  -3  -7  -4  -7  -7  -7  -8   7  -2  -5   0  -4  -7  -2   4  -8  -6   2    0   0   1   0   0   0   0   0   0  57   3   0   2   0   0   3  22   0   0  10  1.66 0.70
  321 H    -9  -7  -6  -8 -10  -5  -7  -9  12 -11 -10  -8  -9  -8  -8  -8  -9 -10  -4 -10    0   0   0   0   0   0   0   0  99   0   0   0   0   0   0   0   0   0   0   0  4.66 1.49
  322 T    -4  -5  -3  -7  -7  -7  -7  -8  -8  -3  -6  -5  -3  -8  -6   0   8  -9  -8  -6    1   1   1   0   0   0   0   0   0   2   1   0   1   0   0   7  86   0   0   0  2.55 1.05
  323 G    -5  -3  -6  -6  -8  -7  -4   8  -6  -8  -9  -6  -7  -9  -8  -5  -7  -8  -9  -6    1   2   0   0   0   0   2  93   0   0   0   0   0   0   0   0   0   0   0   1  2.70 1.00
  324 E    -6  -5  -5  -2 -10  -3   8  -7  -6  -8  -8  -2  -8 -10  -7  -6  -6  -9  -8  -5    0   0   0   2   0   1  92   0   0   0   0   3   0   0   0   0   0   0   0   1  2.76 1.10
  325 K    -7   2  -5  -6  -9  -4  -5  -7  -7  -6  -9   8  -8  -9  -7  -6  -5  -9  -8  -9    0   9   0   0   0   0   0   0   0   1   0  88   0   0   0   0   1   0   0   0  2.77 1.06
  326 L    -6  -6  -9  -8  -6  -7  -8  -9  -3  -9  -4  -8  -9  -9   9  -3  -6 -10  -9  -7    1   1   0   0   0   0   0   0   1   0   3   0   0   0  92   2   0   0   0   0  3.29 1.23
  327 Y    -8  -8  -7  -8  -2  -8  -9 -10   3  -8  -7  -9  -7   3 -10  -8  -8  -4  10  -8    0   0   0   0   1   0   0   0   5   0   0   0   0   9   0   0   0   0  85   0  3.48 1.23
  328 K    -3  -1  -2  -3  -8   1   5  -3  -1  -3  -6   6  -5  -7  -5  -3  -1  -8  -7  -3    2   3   1   1   0   6  34   2   1   2   0  39   0   0   0   1   4   0   0   3  1.19 0.60
  329 C    -8 -11 -10 -11  12 -10 -11 -10 -10  -6  -8 -10  -9 -10 -10  -8  -8 -10 -10  -8    0   0   0   0 100   0   0   0   0   0   0   0   0   0   0   0   0   0   0   0  4.99 1.53
  330 N    -3  -2   5   0  -4  -1   1  -2  -1  -3  -2   4   0  -5  -3   1  -1  -7  -4  -3    2   1  26   4   0   3   9   3   1   1   4  23   3   0   1  12   4   0   1   1  0.61 0.38
  331 K    -5  -5  -6   1  -9   3   7  -7   0  -4  -6  -1  -5  -8  -7  -5  -5  -8  -7  -1    1   0   0   6   0  12  68   0   2   1   1   3   0   0   0   0   0   0   0   5  1.86 0.83
  332 C    -8 -11 -10 -11  12 -10 -11 -10  -7  -8  -8 -10  -9  -7 -10  -8  -8 -10  -4  -8    0   0   0   0  99   0   0   0   0   0   0   0   0   0   0   0   0   0   1   0  4.94 1.52
  333 G    -5  -2  -4  -1  -6  -4  -3   7  -6 -10  -9  -5  -8  -9  -8  -3  -6  -5  -9  -9    0   3   0   3   0   1   2  86   0   0   0   1   0   0   0   2   0   0   0   0  2.38 0.91
  334 K    -7  -1  -5  -7 -10  -2  -2  -7  -7  -9  -8   8  -4 -10  -7  -6  -6  -9  -8  -9    0   3   0   0   0   1   2   0   0   0   0  92   0   0   0   0   0   0   0   0  2.89 1.10
  335 E     5  -3  -4  -3   2  -5  -4  -1  -5  -5  -6  -4  -3  -2  -4   3   2  -7  -4  -1   49   1   1   1   4   0   1   4   0   0   0   1   1   2   1  20  11   0   1   4  1.02 0.55
  336 F    -9 -10 -10 -10  -5 -10 -10 -10  -8  -7  -5 -10  -7  10 -10  -9  -9  -6  -1  -7    0   0   0   0   0   0   0   0   0   0   1   0   0  97   0   0   0   0   2   0  3.79 1.25
  337 S    -1   2   2  -4   0  -4  -5  -2  -1   0  -4  -1  -3  -3  -4   5   3  -7  -1  -3    5  10  10   0   2   0   0   3   1   5   1   3   0   1   1  38  15   0   2   2  0.68 0.44
  338 G    -4   3  -2   0   3   5  -1  -3   4  -4  -2  -1  -2  -2  -6   0  -2   3   2  -2    1  14   2   4   6  28   4   2   8   1   4   4   1   2   0   6   2   4   6   3  0.63 0.39
  339 H    -2   2   2  -3   1  -2  -4   0   2  -3  -3   3  -2  -2  -3   4  -2  -4   0  -4    2  12   9   1   2   1   0   6   5   2   3  17   1   1   1  29   1   0   3   1  0.51 0.35
  340 S     0  -2  -3  -5  -2  -3  -5  -1  -4  -4  -6  -4  -7  -4  -5   7  -1  -4  -2  -4    6   2   1   0   1   1   0   6   0   1   1   1   0   1   0  71   3   0   2   1  1.53 0.76
  341 S     0  -2   2   1  -1   1  -2  -2   6  -3  -4  -2  -4  -3  -4   3   1  -6   2  -3    7   1  10   7   1   6   2   4  17   2   2   2   0   1   1  21   8   0   6   1  0.52 0.34
  342 L    -7  -6  -9 -10  -5  -7  -9 -10  -5  -4   7  -8  -4   1  -9  -8  -7  -7  -6  -4    0   1   0   0   0   0   0   0   0   0  92   0   0   6   0   0   0   0   0   1  2.37 0.91
  343 T     0   1  -1  -5  -4   0  -4  -5   0   4  -2  -1  -1  -3  -5   0   4  -4  -4   1    8   8   3   0   0   5   1   0   2  22   3   3   2   1   0   5  29   0   0   8  0.57 0.36
  344 T    -1   3  -1  -3  -2   3   0  -3  -1   1  -1   2  -1  -3  -4   0   1  -5  -1   1    5  14   3   1   1  17   5   1   1   8   4  10   2   1   0   7   8   0   2  10  0.29 0.23
  345 H    -9  -7  -6  -8 -10  -7  -7  -9  12 -11  -7  -8  -9  -8  -9  -8  -9 -10  -5 -10    0   0   0   0   0   0   0   0  99   0   1   0   0   0   0   0   0   0   0   0  4.70 1.51
  346 L    -6   1  -5  -6  -5   8   1  -7   3  -4  -3   2  -1  -6  -7  -6  -6  -1  -3  -6    0   7   0   0   0  59   7   0   6   1   3  11   2   0   0   0   0   1   1   0  1.80 0.82
  347 L    -6   8  -4  -7  -9  -3  -6  -5  -4  -1  -4   1  -4  -8  -8  -3  -4  -9  -8  -4    0  80   1   0   0   1   0   1   0   3   2   7   0   0   0   2   1   0   0   2  2.38 0.94
  348 I    -5  -7  -4  -8  -4  -7  -8  -7  -7   7  -1  -6  -1  -4  -7  -4   4  -8  -7   2    1   0   1   0   0   0   0   0   0  58   4   0   1   0   0   1  22   0   0  10  1.71 0.71
  349 H    -9  -6  -6  -8 -10  -6  -7  -9  12 -11 -10  -8  -9  -8  -6  -8  -9  -9  -3 -10    0   0   0   0   0   0   0   0  98   0   0   0   0   0   1   0   0   0   1   0  4.60 1.48
  350 T    -4  -5  -4  -7  -6  -7  -7  -8  -6  -3  -6  -5  -5  -5  -5   1   8  -9  -8  -5    1   1   1   0   0   0   0   0   0   2   0   1   0   1   0  10  83   0   0   0  2.41 1.01
  351 G    -5  -4  -6  -7  -9  -6  -3   8  -8  -9 -10  -6  -7  -9  -8  -6  -7  -7  -9  -6    0   1   0   0   0   0   2  94   0   0   0   0   0   0   0   0   0   0   0   1  2.77 1.02
  352 E    -5  -5  -5  -2 -10  -2   8  -7  -5  -8  -8  -2  -8  -9  -7  -6  -6  -9  -8  -5    1   0   0   2   0   1  90   0   0   0   0   3   0   0   0   0   0   0   0   1  2.64 1.06
  353 K    -6   2  -4  -6  -9  -4  -5  -8  -7  -7  -9   8  -8  -9  -7  -5  -5  -9  -8  -9    0  11   1   0   0   0   0   0   0   0   0  86   0   0   0   0   1   0   0   0  2.72 1.05
  354 P    -6  -9  -7  -8  -4  -6  -8  -9  -4  -8  -4  -7  -9  -8   9  -3  -7 -10  -9  -9    0   0   0   0   0   0   0   0   0   0   3   0   0   0  93   2   0   0   0   0  3.33 1.24
  355 Y    -8  -8  -9 -10  -4  -8  -9 -10   2  -8  -6  -9  -7   3 -10  -8  -8  -4  10  -8    0   0   0   0   1   0   0   0   4   0   0   0   0  10   0   0   0   0  85   0  3.52 1.24
  356 K    -3  -2  -3  -2  -6   1   5  -3  -2  -4  -5   5  -5  -8  -5  -3  -2  -8  -7  -2    2   2   1   2   0   6  39   2   1   1   1  37   0   0   0   1   3   0   0   3  1.26 0.62
  357 C    -8  -7 -10 -11  12 -10 -11  -8 -10  -8  -9 -10  -9 -10 -10  -8  -8 -10 -10  -8    0   0   0   0  99   0   0   0   0   0   0   0   0   0   0   0   0   0   0   0  4.96 1.52
  358 K    -3  -1   5   0  -3  -1   1  -3  -1  -2  -2   4   0  -4  -3   1  -1  -5  -4  -4    1   2  25   4   1   3  10   2   1   2   5  22   2   0   1  12   4   0   0   1  0.58 0.37
  359 E    -5  -4  -4   1  -7   3   7  -7  -1  -5  -6  -1  -5  -8  -7  -5  -5  -8  -6  -1    1   1   1   7   0  13  65   0   1   1   1   4   0   0   0   0   0   0   0   5  1.76 0.80
  360 C    -8 -11 -10 -11  12 -10 -11 -10 -10  -8  -9 -10  -9 -10 -10  -8  -8 -10  -7  -8    0   0   0   0 100   0   0   0   0   0   0   0   0   0   0   0   0   0   0   0  5.01 1.53
  361 D    -4  -2  -4  -1  -5  -5  -1   7  -4  -9  -9  -5  -6  -9  -7  -3  -6  -4  -7  -8    1   3   1   4   0   0   4  83   0   0   0   1   0   0   0   2   0   0   0   0  2.19 0.86
  362 K    -6  -1  -4  -7  -9  -2  -3  -8  -5  -9  -9   8  -5  -9  -7  -6  -7  -9  -8  -8    0   3   1   0   0   2   1   0   0   0   0  92   0   0   0   0   0   0   0   0  2.87 1.09
  363 A     5  -2  -4  -4   1  -5  -5  -1  -4  -4  -5  -4  -4  -2  -4   3   2  -7  -5  -1   48   2   1   1   3   0   0   4   0   1   0   0   0   2   0  19  13   0   0   4  1.01 0.55
  364 F    -9  -9 -10 -10  -6 -10 -10 -10  -8  -7  -5 -10  -7  10 -10  -9  -9  -6  -1  -7    0   0   0   0   0   0   0   0   0   0   0   0   0  98   0   0   0   0   2   0  3.81 1.25
  365 R    -1   3   2  -5   1  -3  -4  -2  -1   0  -5  -1  -4  -4  -4   4   2  -6  -1  -4    4  14  10   0   3   0   0   3   1   7   1   4   0   1   0  35  14   0   3   1  0.67 0.43
  366 H    -4   3  -1  -1   2   6  -1  -3   3  -4  -3  -1  -1  -2  -6  -1  -3   4   1  -1    1  17   2   3   4  31   4   2   8   1   2   2   1   2   0   6   1   5   4   4  0.75 0.45
  367 K    -2   2   2  -4   0  -1  -4  -2   2  -3  -3   3  -4  -2  -2   4  -2  -5   0  -3    2  12   9   0   2   2   0   4   4   2   2  20   0   2   2  30   2   0   3   1  0.58 0.39
  368 F     0  -2  -3  -4  -4  -5  -4   0  -6  -5  -5  -4  -7  -3  -4   7   0  -6  -2  -4    6   2   1   1   0   0   1   8   0   1   1   1   0   1   1  67   5   0   2   1  1.42 0.72
  369 S     0  -1   3   1  -1   1  -1  -1   5  -4  -3  -2  -3  -4  -4   3   0  -5   1  -3    6   3  13   7   1   7   3   6  15   1   2   2   1   0   0  20   6   0   6   2  0.48 0.32
  370 L    -7  -8  -9  -9  -7  -7  -9  -9  -5  -4   7  -8  -4   1  -9  -8  -7  -7  -4  -4    0   0   0   0   0   0   0   0   0   0  92   0   0   6   0   0   0   0   1   1  2.38 0.91
  371 T     0   1   0  -4  -4   0  -4  -4  -1   4  -2  -1  -1  -3  -5  -1   4  -2  -5   0    7   8   5   1   0   4   1   1   2  23   4   3   1   1   0   4  28   1   0   6  0.55 0.35
  372 V    -1   2  -1  -3  -1   4   0  -2  -1   1  -2   1  -1  -3  -4   0   0  -5   0   1    4  12   3   1   2  20   6   3   1   8   4   9   2   1   0   7   7   0   3   9  0.28 0.24
  373 H    -9  -7  -6  -8 -10  -7  -7  -9  12 -11  -9  -8  -9  -8  -9  -8  -9 -10  -4 -10    0   0   0   0   0   0   0   0  99   0   0   0   0   0   0   0   0   0   0   0  4.69 1.50
  374 Q    -6   1  -5  -5  -5   8   0  -6   3  -4  -3   2  -2  -6  -7  -5  -5  -1  -5  -5    0   6   0   0   0  61   6   0   6   1   3  11   1   0   0   0   1   1   0   1  1.84 0.83
  375 R    -6   8  -5  -7  -9  -3  -6  -5  -5  -2  -5   1  -5  -9  -8  -3  -4  -5  -8  -4    0  81   0   0   0   1   0   1   0   3   1   8   0   0   0   2   1   0   0   2  2.44 0.95
  376 N    -5  -5  -4  -8  -2  -7  -7  -8  -6   7  -2  -5  -1  -5  -7  -4   4  -8  -7   2    0   1   1   0   1   0   0   0   0  58   2   1   1   0   0   1  20   0   0  12  1.69 0.70
  377 H    -9  -7  -6  -8 -10  -7  -7  -8  12 -11 -10  -8  -9  -8  -8  -8  -9 -10  -5 -10    0   0   0   0   0   0   0   0  99   0   0   0   0   0   0   0   0   0   0   0  4.70 1.50
  378 N    -3  -4  -3  -7  -5  -7  -7  -8  -8  -3  -6  -5  -7  -8  -6   1   8  -9  -8  -6    2   1   1   0   0   0   0   0   0   2   0   0   0   0   0   8  85   0   0   0  2.50 1.04
  379 G    -5  -2  -6  -4  -7  -6  -3   8  -7 -10  -9  -5  -9  -9  -8  -5  -7  -9  -9  -6    0   3   0   1   0   0   2  91   0   0   0   1   0   0   0   0   0   0   0   1  2.64 0.99
  380 E    -5  -5  -6  -2 -10  -3   8  -5  -6  -9  -8  -3  -6  -8  -7  -6  -7  -9  -6  -4    1   1   0   2   0   1  90   1   0   0   0   2   0   0   0   0   0   0   0   1  2.66 1.07
  381 K    -7   2  -3  -7  -9  -4  -5  -8  -7  -6  -9   8  -6  -9  -7  -6  -5  -9  -8  -8    0  10   2   0   0   0   0   0   0   0   0  86   0   0   0   0   0   0   0   0  2.70 1.04
  382 P    -7  -7  -9  -8  -9  -6  -7  -9  -5  -8  -4  -8  -9  -7   9  -3  -5 -10  -9  -8    0   0   0   0   0   0   0   0   0   0   3   0   0   0  92   3   1   0   0   0  3.28 1.23
  383 Y    -8  -8  -9 -10  -4  -8  -9 -10   2  -8  -8  -9  -8   3 -10  -7  -8  -4  10  -8    0   0   0   0   1   0   0   0   4   0   0   0   0  10   0   0   0   0  85   0  3.54 1.24
  384 K    -4   0  -4  -3  -5   1   5  -3  -1  -4  -6   5  -5  -8  -5  -3  -2  -8  -5  -2    1   4   0   1   0   4  38   2   1   1   0  38   0   0   0   2   2   0   0   3  1.26 0.62
  385 C    -8  -8 -10 -11  12 -10 -11 -10 -10  -8  -9 -10  -9 -10 -10  -8  -8 -10 -10  -8    0   0   0   0 100   0   0   0   0   0   0   0   0   0   0   0   0   0   0   0  5.00 1.53
  386 H    -3  -1   5   0  -3   0   1  -2   0  -3  -2   3   1  -5  -2   1   0  -5  -4  -4    2   3  26   4   0   3   8   3   2   2   5  20   3   0   2  11   4   0   0   1  0.52 0.34
  387 E    -4  -5  -6   1  -9   3   7  -6  -1  -4  -7  -1  -6  -9  -6  -5  -5  -8  -7  -2    1   0   0   7   0  13  67   0   2   1   0   4   0   0   0   0   1   0   0   3  1.83 0.82
  388 C    -8  -9 -10 -11  12 -10 -11 -10 -10  -8  -8 -10  -9 -10 -10  -7  -8 -10  -7  -8    0   0   0   0  99   0   0   0   0   0   0   0   0   0   0   0   0   0   0   0  4.97 1.52
  389 G    -4  -2  -4  -1  -8  -5  -2   7  -6  -9  -9  -5  -8  -9  -8  -3  -7  -3  -9  -8    1   3   1   4   0   1   3  84   0   0   0   1   0   0   0   2   0   1   0   0  2.28 0.88
  390 K    -7  -1  -4  -6  -9  -2  -4  -8  -5  -8  -9   8  -3  -9  -7  -6  -6  -9  -8  -9    0   3   1   0   0   1   1   0   0   0   0  92   1   0   0   0   0   0   0   0  2.88 1.09
  391 V     5  -3  -4  -5   1  -5  -5  -1  -3  -3  -5  -4  -3  -4  -5   3   2  -6  -5  -1   48   2   1   0   3   0   0   4   1   1   0   0   1   1   0  20  13   0   0   5  1.03 0.56
  392 F    -9 -10 -10 -10  -5 -10 -10 -10  -8  -7  -5 -10  -7  10 -10  -9  -9  -6  -1  -8    0   0   0   0   0   0   0   0   0   0   0   0   0  97   0   0   0   0   1   0  3.79 1.26
  393 T    -1   2   2  -4   0  -3  -5  -2  -1   1  -5  -1  -4  -4  -3   4   2  -4  -2  -4    4  11  10   0   2   1   0   3   2   9   1   3   0   1   1  36  14   0   2   1  0.66 0.44
  394 Q    -3   3  -1   0   3   5   0  -3   4  -3  -2  -1  -1  -2  -5  -1  -2   3   1  -2    1  14   2   4   7  27   4   2   9   1   4   3   1   2   0   4   2   3   4   3  0.60 0.38
  395 V    -2   3   2  -3   0  -2  -4  -1   1  -4  -3   3  -2  -2  -2   4  -2  -2  -2  -3    2  14   9   1   2   1   0   4   4   1   2  16   1   1   2  32   2   1   1   2  0.58 0.39
  396 S     0  -2  -3  -4  -2  -3  -4  -1  -6  -4  -4  -3  -7  -5  -6   7   0  -5  -4  -5    6   2   1   1   1   1   1   6   0   1   2   2   0   0   0  72   4   0   1   1  1.57 0.78
  397 H     0  -1   3   0  -2   1  -3  -2   5  -3  -4  -2  -3  -4  -4   3   0  -5   2  -2    8   2  14   6   1   7   1   3  15   1   1   2   0   0   1  20   5   0   8   3  0.50 0.34
  398 L    -7  -5  -9 -10  -6  -7  -9 -10  -7  -4   7  -8  -3   0  -9  -8  -7  -7  -5  -3    0   1   0   0   0   0   0   0   0   0  93   0   0   4   0   0   0   0   0   1  2.39 0.93
  399 A     0   1   0  -4  -4   1  -4  -5  -1   4  -2  -1  -1  -3  -3   0   4  -3  -4   0    7   8   5   0   0   6   1   0   2  22   2   3   1   1   1   7  27   0   0   7  0.51 0.35
  400 R    -1   3  -2  -3  -2   3   0  -3  -1   1  -1   1  -1  -4  -4   0   1  -5  -1   1    5  14   2   1   1  17   5   2   2   8   5   9   1   0   0   7   7   0   3  12  0.27 0.23
  401 H    -9  -7  -6  -8  -6  -6  -7  -9  12 -11 -10  -8  -9  -8  -9  -8  -9 -10  -4 -10    0   0   0   0   0   0   0   0  99   0   0   0   0   0   0   0   0   0   0   0  4.69 1.50
  402 Q    -6   1  -4  -6  -3   8   0  -6   3  -4  -4   2  -2  -8  -7  -5  -6  -2  -3  -6    0   6   1   0   1  63   6   1   5   1   2  11   1   0   0   0   0   1   1   0  1.90 0.86
  403 K    -6   8  -4  -7  -6  -3  -6  -6  -4  -2  -6   2  -5  -7  -8  -3  -4  -9  -8  -6    0  80   1   0   0   1   0   1   0   3   0   9   0   0   0   2   1   0   0   1  2.46 0.96
  404 I    -5  -6  -6  -8  -5  -6  -7  -6  -8   7  -2  -7  -1  -4  -7  -3   4  -8  -5   2    1   0   0   0   0   0   0   1   0  56   3   0   1   1   0   2  24   0   0  11  1.68 0.70
  405 H    -9  -6  -6  -8 -10  -5  -6  -9  12  -7 -10  -8  -9  -8  -9  -8  -9 -10  -4 -10    0   0   0   0   0   0   0   0  98   0   0   0   0   0   0   0   0   0   0   0  4.62 1.48
  406 T    -4  -5  -3  -7  -6  -7  -7  -8  -6  -4  -7  -6  -3  -7  -5   0   8  -9  -8  -5    1   1   1   0   0   0   0   0   0   1   0   0   1   0   0   7  86   0   0   0  2.55 1.05
  407 G    -4  -2  -5  -4  -7  -5  -4   8  -8 -10 -10  -6  -9  -9  -8  -6  -8  -9  -9  -9    1   2   0   1   0   0   2  92   0   0   0   0   0   0   0   0   0   0   0   0  2.70 1.00
  408 E    -6  -6  -6  -1 -10  -2   8  -7  -6  -9  -7  -3  -7 -10  -7  -6  -7  -9  -7  -4    0   0   0   2   0   2  91   0   0   0   0   1   0   0   0   0   0   0   0   2  2.75 1.10
  409 K    -7   2  -5  -7  -9  -4  -5  -7  -7  -7  -8   8  -5  -9  -7  -6  -4  -9  -7  -8    0  10   0   0   0   0   0   0   0   0   0  86   0   0   0   0   1   0   0   0  2.70 1.05
  410 P    -5  -5  -7  -8  -7  -6  -8  -8  -4  -7  -4  -7  -9  -7   9  -3  -6 -10  -9  -9    1   1   0   0   0   0   0   0   1   0   3   0   0   0  91   2   0   0   0   0  3.20 1.21
  411 Y    -8  -8  -7 -10  -3  -7  -9 -10   2  -8  -7  -8  -7   3  -9  -8  -8  -4  10  -8    0   0   0   0   1   0   0   0   4   0   0   0   0  10   0   0   0   0  85   0  3.47 1.22
  412 K    -3  -1  -2  -2  -6   1   5  -3  -3  -4  -7   6  -3  -7  -5  -3  -2  -8  -7  -3    2   3   1   2   0   6  35   2   1   1   0  40   1   0   0   2   3   0   0   2  1.25 0.61
  413 C    -8  -8 -10 -11  12 -10 -11 -10 -10  -8  -8 -10  -9 -10 -10  -8  -8  -3  -6  -8    0   0   0   0  99   0   0   0   0   0   0   0   0   0   0   0   0   0   0   0  4.93 1.52
  414 N    -3  -1   5  -1  -3   0   1  -3   0  -3  -2   3   0  -6  -2   1   0  -6  -5  -4    2   3  26   3   1   4   9   2   2   2   4  21   3   0   2  12   5   0   0   1  0.57 0.36
  415 E    -5  -4  -4   1  -9   4   7  -6   0  -4  -7  -2  -6  -9  -7  -6  -4  -8  -7  -2    1   1   1   8   0  14  65   1   2   1   0   2   0   0   0   0   1   0   0   4  1.78 0.81
  416 C    -8 -11 -10 -11  12 -10 -11  -9 -10  -8  -9 -10  -9 -10 -10  -8  -8 -10  -7  -8    0   0   0   0 100   0   0   0   0   0   0   0   0   0   0   0   0   0   0   0  4.99 1.53
  417 G    -5  -2  -4  -2  -7  -6  -2   7  -5  -9  -8  -5  -8  -8  -8  -3  -7  -5  -9  -7    0   3   1   3   0   0   3  86   0   0   0   1   0   0   0   2   0   0   0   0  2.37 0.91
  418 K    -7   0  -5  -7 -10  -2  -4  -8  -7  -8  -9   8  -5 -10  -7  -6  -6  -7  -8  -9    0   4   0   0   0   1   1   0   0   0   0  93   0   0   0   0   0   0   0   0  2.92 1.11
  419 V     5  -3  -3  -4   2  -5  -5  -1  -6  -3  -5  -4  -5  -4  -4   3   2  -7  -4  -1   50   2   1   1   4   0   0   4   0   1   1   0   0   1   1  18  12   0   1   4  1.02 0.55
  420 F    -9 -10 -10 -10  -4 -10 -10 -10  -8  -7  -6 -10  -7  10 -10  -8  -9  -6  -2  -6    0   0   0   0   0   0   0   0   0   0   0   0   0  98   0   0   0   0   1   0  3.82 1.26
  421 T    -1   2   2  -4   1  -3  -5  -2  -1   1  -5  -1  -4  -4  -3   5   2  -7  -2  -3    5  10  11   0   3   1   0   2   1   7   0   3   0   1   1  37  14   0   2   1  0.69 0.44
  422 Q    -3   3  -2  -1   2   6  -1  -5   3  -5  -2  -1  -2  -3  -6   0  -2   4   1  -2    1  16   2   3   4  32   4   1   8   1   4   3   1   1   0   6   2   5   4   3  0.79 0.46
  423 N    -3   2   3  -4   1  -1  -4  -1   1  -3  -4   3  -3  -2  -3   4  -2  -5  -1  -3    1  12  12   0   3   2   0   4   3   1   2  19   1   2   2  30   2   0   2   2  0.62 0.40
  424 S    -1  -3  -4  -5  -2  -3  -5   0  -4  -4  -5  -4  -4  -5  -2   7   0  -8  -3  -4    6   2   0   0   1   1   0   7   0   1   1   1   0   0   2  69   6   0   1   1  1.47 0.74
  425 H    -1  -2   3   0  -1   1  -2  -1   6  -3  -5  -2  -3  -3  -4   2   0  -6   2  -2    6   2  15   4   2   6   2   4  19   2   1   3   0   1   0  18   6   0   8   2  0.59 0.36
  426 L    -6  -6  -9 -10  -4  -8  -9 -10  -7  -3   7  -8  -3   1  -8  -8  -7  -7  -5  -4    0   0   0   0   0   0   0   0   0   0  93   0   0   4   0   0   0   0   0   1  2.38 0.92
  427 A     0   1   0  -4  -3   0  -4  -4   0   4  -2  -1  -1  -3  -5   0   4  -3  -4   1    7   7   5   0   0   5   0   1   2  21   3   3   1   1   0   7  27   0   0   7  0.50 0.34
  428 N    -1   2  -1  -3  -2   3   0  -2   0   1  -1   1  -1  -3  -4   0   0  -3  -1   1    4  12   3   1   1  16   6   2   2   8   5   9   1   1   0   8   6   0   2  12  0.24 0.21
  429 H    -9  -7  -6  -8 -10  -7  -7  -9  12 -11 -10  -8  -9  -8  -9  -8  -9 -10  -4 -10    0   0   0   0   0   0   0   0 100   0   0   0   0   0   0   0   0   0   0   0  4.72 1.51
  430 Q    -6   2  -3  -5  -7   8   1  -7   3  -5  -3   2  -1  -7  -7  -4  -5  -2  -2  -6    0   9   1   0   0  57   7   0   6   1   3  11   2   0   0   1   1   1   1   0  1.68 0.78
  431 R    -6   8  -4  -7  -7  -4  -6  -5  -6  -1  -6   1  -3  -9  -8  -3  -4  -5  -8  -4    0  79   1   0   0   0   0   1   0   3   1   8   1   0   0   2   1   0   0   1  2.38 0.94
  432 I    -5  -8  -6  -7  -5  -7  -8  -7  -8   7  -2  -5   0  -5  -8  -3   4  -8  -7   2    0   0   0   0   0   0   0   0   0  60   3   1   2   0   0   2  21   0   0  10  1.78 0.73
  433 H    -9  -6  -6  -8 -10  -7  -7  -9  12 -11 -10  -8  -9  -8  -9  -8  -9 -10  -4 -10    0   0   0   0   0   0   0   0  99   0   0   0   0   0   0   0   0   0   0   0  4.68 1.50
  434 T    -4  -7  -4  -7  -7  -7  -7  -8  -8  -4  -7  -5  -6  -8  -5   0   8  -9  -8  -5    1   0   1   0   0   0   0   0   0   1   0   0   0   0   1   7  88   0   0   0  2.67 1.09
  435 G    -5  -3  -6  -6  -9  -7  -4   8  -8  -7 -10  -5  -9  -9  -8  -6  -8  -9  -9  -6    1   2   0   0   0   0   1  94   0   0   0   1   0   0   0   0   0   0   0   1  2.76 1.02
  436 E    -6  -6  -6  -2 -10  -3   8  -7  -6  -7  -8  -2  -7  -9  -7  -6  -7  -9  -6  -5    0   0   0   2   0   1  92   0   0   0   0   2   0   0   0   0   0   0   0   1  2.77 1.10
  437 K    -7   2  -5  -7  -9  -4  -5  -7  -7  -7  -8   8  -6  -9  -7  -6  -6  -9  -8  -9    0  10   0   0   0   0   0   0   0   0   0  88   0   0   0   0   0   0   0   0  2.79 1.07
  438 P    -7  -7  -9  -8  -8  -6  -8  -8  -3  -9  -6  -8  -9  -9   9  -3  -6 -10 -10  -9    0   0   0   0   0   0   0   0   1   0   1   0   0   0  95   2   0   0   0   0  3.43 1.27
  439 Y    -8  -8  -7 -10  -2  -7  -9 -10   1  -8  -7  -9  -6   3  -9  -7  -8  -4  10  -8    0   0   0   0   1   0   0   0   2   0   0   0   0   9   0   0   0   0  87   0  3.55 1.24
  440 K    -4  -1  -3  -2  -4   1   5  -4  -2  -4  -7   6  -4  -8  -6  -3  -2  -6  -7  -3    1   3   1   1   0   6  36   1   1   1   0  40   0   0   0   2   2   0   0   2  1.30 0.63
  441 C    -7 -10 -10 -10  12 -10 -11 -10  -6  -8  -8 -10  -8  -5 -10  -7  -8  -5  -4  -8    0   0   0   0  98   0   0   0   0   0   0   0   0   1   0   0   0   0   1   0  4.82 1.48
  442 H    -3  -1   5  -1  -2   1   1  -3   0  -3  -2   3   0  -5  -2   1   0  -7  -5  -4    1   3  26   3   1   5   9   1   2   2   5  20   3   0   2  12   5   0   0   1  0.57 0.36
  443 V    -4  -5  -5   1  -9   3   7  -7  -1  -4  -7  -1  -6  -8  -7  -4  -3  -8  -6  -1    2   0   0   7   0  12  66   0   2   1   0   4   0   0   0   1   1   0   0   4  1.72 0.78
  444 C    -7  -7 -10 -11  12 -10 -11 -10  -7  -8  -8 -10  -9  -7 -10  -7  -8  -9  -5  -8    0   0   0   0  98   0   0   0   0   0   0   0   0   0   0   0   0   0   1   0  4.85 1.49
  445 G    -5  -3  -4  -1  -8  -4  -3   7  -6  -9  -9  -4  -8  -8  -7  -3  -7  -3  -7  -9    0   2   1   3   0   1   2  86   0   0   0   1   0   0   0   2   0   1   0   0  2.35 0.90
  446 K    -7   0  -4  -6  -9  -2  -3  -8  -7  -7  -9   8  -5  -9  -7  -6  -7  -6  -8  -8    0   4   1   0   0   1   2   0   0   0   0  92   0   0   0   0   0   0   0   0  2.83 1.08
  447 V     5  -3  -3  -4   1  -5  -5  -1  -5  -5  -6  -4  -5  -4  -3   3   3  -7  -5  -1   47   1   1   1   3   0   0   4   0   0   0   0   0   1   1  20  14   0   0   5  1.02 0.55
  448 F    -9  -9  -9 -10  -6 -10 -10 -10  -8  -5  -4  -9  -6  10 -10  -9  -9  -5   0  -7    0   0   0   0   0   0   0   0   0   0   1   0   0  96   0   0   0   0   2   0  3.66 1.21
  449 R    -1   3   2  -5   0  -3  -4  -3   0   0  -4  -1  -3  -5  -4   4   3  -4  -1  -3    4  15   9   0   2   0   0   2   2   6   1   3   1   0   1  33  16   0   2   2  0.65 0.42
  450 H    -4   3  -2  -2   2   5  -1  -5   5  -5  -2  -1  -4  -2  -6  -1  -3   4   1  -2    1  17   2   2   5  29   3   1  11   0   5   3   0   2   0   4   2   5   5   3  0.83 0.47
  451 S    -2   2   2  -4   1  -2  -4  -2   2  -4  -4   3  -3  -3  -3   4  -2  -2  -1  -4    2  12   9   0   3   1   0   3   5   1   1  20   0   1   1  34   2   1   2   1  0.72 0.45
  452 S     0  -2  -2  -3  -2  -4  -5   0  -4  -5  -5  -4  -6  -3  -4   7   0  -8  -5  -4    7   2   1   1   1   1   0   6   0   1   1   1   0   1   1  69   5   0   0   1  1.46 0.73
  453 W    -1  -2   3   0  -3   1  -3  -1   6  -3  -4  -1  -5  -3  -5   3   0  -3   2  -3    6   1  14   5   1   6   1   5  16   2   2   3   0   1   0  23   6   0   7   2  0.56 0.36
  454 F    -7  -5  -9  -9  -7  -8  -8  -9  -3  -3   7  -8  -2   2  -9  -8  -6  -7  -4  -3    0   1   0   0   0   0   0   0   1   1  89   0   0   7   0   0   0   0   1   1  2.21 0.86
  455 V     0   1   1  -4  -3   0  -4  -5  -1   4  -2  -2  -1  -2  -5   0   4  -4  -3   1    7   8   6   0   0   4   0   0   2  22   3   2   1   2   0   6  26   0   1   8  0.51 0.34
  456 Q    -1   3  -1  -3  -2   3   0  -3   0   1  -2   2  -1  -4  -4   0   0  -5   0   1    4  18   3   0   1  15   5   1   2   8   3  12   1   0   0   6   6   0   3  10  0.34 0.25
  457 H    -8  -6  -6  -8 -10  -6  -7  -9  12  -8 -10  -8  -8  -8  -8  -8  -8  -9  -4 -10    0   0   0   0   0   0   0   0  98   0   0   0   0   0   0   0   0   0   0   0  4.59 1.46
  458 Q    -6   0  -5  -5  -6   8   1  -6   3  -5  -4   1  -2  -7  -6  -5  -5  -2  -4  -5    0   5   0   0   0  64   7   0   7   1   2   9   1   0   0   0   1   1   1   1  1.91 0.83
  459 R    -5   8  -4  -6  -7  -3  -4  -6  -5  -4  -6   3  -4  -6  -6  -4  -5  -5  -6  -6    1  74   1   0   0   1   1   1   0   1   1  17   0   0   0   1   1   0   0   1  2.27 0.84
  460 S    -1  -2   0  -2  -1  -2  -2  -2  -2   3   0  -1   1  -2  -2   0   4  -2  -2   0    5   2   4   2   1   2   2   3   1  18   7   3   3   2   2   8  27   1   1   7  0.30 0.16
  461 V    -7  -7  -6  -6  -7  -6  -7  -8  10   6  -5  -6  -4  -5  -8  -7  -7  -8  -5   1    0   0   0   0   0   0   0   0  54  35   1   0   0   0   0   0   0   0   0   8  2.62 0.94
  462 H    -5  -5  -3  -6  -7  -4  -5  -5  11  -5  -5  -6  -3  -6  -6  -1   3  -5  -4  -7    1   1   1   0   0   0   0   1  71   1   1   0   1   0   0   4  16   0   0   0  2.90 1.01
  463 E    -3  -3  -3  -4  -5  -2   2   1  -3  -5  -6  -4  -2  -7  -6  -2   7  -7  -6  -4    2   2   1   1   0   1  14   9   1   0   0   1   1   0   0   2  64   0   0   1  1.56 0.72
  464 R    -4   6  -4  -3  -5  -2   4  -4  -4  -5  -5   3  -4  -5  -4  -3  -4  -5  -4  -5    1  42   1   1   0   1  27   2   0   1   1  18   0   1   1   1   1   0   0   1  1.33 0.53
  465 V    -4  -2   1  -5  -4  -3  -1  -4  -5   4  -3   6  -2  -4  -3  -3   1  -7  -4   1    1   1   6   0   0   0   3   1   0  23   2  42   1   1   1   1   8   0   0   9  0.93 0.48
  466 L    -7  -5  -4  -7  -3  -5  -5  -7  10  -5   2  -1  -4  -5   2  -4  -5  -7  -2  -6    0   0   0   0   1   0   0   0  62   1  21   3   0   0   9   1   0   0   1   0  2.34 0.84
  467 T    -5  -5  -5  -7  -6  -5  -6  -7  -3  -3  -5  -4  -1  -5  -7  -2   7  -6   6  -4    0   0   0   0   0   0   0   0   1   1   1   1   2   0   0   2  68   0  23   1  2.06 0.83
  468 N    -4  -4   8   2  -6  -3  -3  -4  -3  -7  -7  -4  -6  -7  -5   2  -3  -7  -6  -6    0   0  76  10   0   0   0   0   0   0   0   0   0   0   0  14   0   0   0   0  2.02 0.61

                      K         Lambda
Standard Ungapped    0.1343     0.3206
Standard Gapped      0.0645     0.2670
PSI Ungapped         0.2108     0.3176
PSI Gapped           0.0645     0.2670
