
Last position-specific scoring matrix computed, weighted observed percentages rounded down, information per position, and relative weight of gapless real matches to pseudocounts
            A   R   N   D   C   Q   E   G   H   I   L   K   M   F   P   S   T   W   Y   V   A   R   N   D   C   Q   E   G   H   I   L   K   M   F   P   S   T   W   Y   V
    1 M    -4  -5  -5  -6  -4  -4  -5  -6  -5   2   2  -5   9  -3  -5  -5  -3  -4  -4   0    0   0   0   0   0   0   0   0   0  12  17   0  68   0   0   0   0   0   0   3  1.80 0.54
    2 M    -4   0  -2  -6  -5  -4  -5  -6  -1  -2   2  -1   9   2  -6  -4  -4  -4   1  -1    0   4   2   0   0   0   0   0   1   1  17   3  54   7   0   0   0   0   5   4  1.42 0.58
    3 W    -5   2  -3  -3  -6  -2  -6  -5  -3  -2   0  -3  -2   3  -7  -3  -4  11   1  -4    1  11   1   2   0   2   0   1   1   3  10   1   1  11   0   2   1  51   3   1  2.03 0.69
    4 L    -3  -2  -5  -6   3  -2  -5  -4  -4   1   4  -3   2   2  -1  -4  -2   4  -1   0    1   3   0   0   6   2   0   1   0   7  48   1   6   8   3   1   2   6   2   5  0.67 0.35
    5 L    -2  -4  -4  -5   2  -3  -5  -4  -3   2   4  -2   2   3  -3  -3  -2  -2  -1   1    2   0   0   0   4   1   0   1   0  11  42   2   6  13   1   1   2   0   2  10  0.61 0.32
    6 L    -3  -4  -6  -6  -3  -4  -5  -5  -3   4   4  -3  -1   2  -2  -4  -2  -5  -3   3    1   1   0   0   0   0   0   1   1  21  42   1   1   8   2   1   1   0   0  18  0.82 0.40
    7 T     1  -2  -2  -4   0  -3  -4  -3  -2   2   2  -2  -1   2  -3   0   1  -1   0   2   12   1   1   0   2   0   0   1   1   9  22   1   1   9   0   8   9   1   2  19  0.27 0.21
    8 T     1  -3  -2  -4   1  -3  -4  -2  -4   2   2  -3  -1   1  -3   1   1  -4  -3   2   11   1   2   0   3   0   0   2   0  12  22   0   1   7   0  10   9   0   0  18  0.31 0.23
    9 T     1  -4  -2  -4  -2  -2  -4  -3  -2   1   2  -3   1   2  -3   0   1  -1  -1   2   13   0   1   0   1   1   0   1   1   8  22   1   4   9   1   7  11   1   1  16  0.28 0.22
   10 C    -1  -5  -3  -4   8  -3  -5  -2  -2   0   0  -5  -2   4  -5   1  -2  -4   1   1    4   0   1   1  29   1   0   4   1   6   7   0   1  19   0   9   2   0   5  10  0.89 0.43
   11 L    -1  -4  -3  -4   1  -3  -5  -4  -4   1   4  -4   1   3  -4  -1  -2   2  -2   1    4   1   1   1   2   1   0   1   0   6  46   1   3  11   1   4   2   3   1  10  0.60 0.33
   12 I    -1  -3  -4  -2  -1  -2  -4  -3  -2   3   2  -4   2   3  -4  -1   0  -4  -1   3    4   1   0   2   1   2   0   2   1  17  17   0   5  13   1   5   7   0   1  21  0.40 0.25
   13 C     0  -2  -2  -3   5   2  -2  -2   0   0   2  -3  -1   0  -2   1   0  -1   0   0    6   2   2   1  14  11   1   2   3   5  20   1   0   4   1  12   4   1   3   8  0.25 0.22
   14 G     1   0  -1  -2   1   0  -1   2  -1   0   0  -1  -1   0   1   0   0  -1  -1   0   13   5   3   1   4   4   3  16   1   8   9   3   0   5   6   6   3   1   2   6  0.05 0.07
   15 T     1  -1   0  -2   0   0  -2  -1  -1   1   1  -2  -1   0  -2   1   2  -1  -2   1   11   2   6   2   2   5   1   4   1  11  16   1   1   5   1   9  13   1   0   8  0.09 0.12
   16 L     1  -2  -1  -3  -1  -1  -3   0  -2   1   2  -2   0   1  -2   0   0  -2  -1   2   13   2   3   1   1   3   1   6   1   9  20   1   1   6   1   6   4   0   1  18  0.15 0.15
   17 N     0  -1   2   0  -1   0   0  -1  -1   0   0  -1  -1   0   0   1   1  -2  -1   0    8   3  13   4   1   4   4   4   2   5  10   2   1   6   4  12   8   0   1   9  0.05 0.08
   18 A     2  -1   0  -1   1  -1  -1   0  -1   0  -1  -1  -1  -1  -1   2   0  -4  -1   0   22   3   4   4   3   1   4   5   1   5   6   2   1   2   2  21   6   0   3   7  0.16 0.16
   19 G     1   0   1   0  -1   0   0   1   1  -1  -1   0  -1  -1  -1   1   0  -3   1  -1   10   5   6   5   1   5   5  14   4   4   4   6   0   2   3  10   5   0   5   5  0.07 0.06
   20 G     0  -1   0   1   1   0   0   1   0  -1  -1  -1  -2  -1   0   2   1  -3  -2  -1    8   2   3  10   4   4   4  12   3   3   7   2   0   2   4  19   7   0   1   3  0.12 0.12
   21 F    -1   0  -1  -2  -1  -1  -1  -2   0   0   0  -1   0   4   0   0   1   0   2   0    5   5   3   2   1   3   3   2   2   6  10   3   2  19   5   9   8   1   6   6  0.12 0.11
   22 L     0  -1   0  -1   0  -1  -1  -1   0   1   1  -1   0   1   0   0   1  -2   1   1    6   2   4   2   3   2   3   4   2   9  14   4   2   7   4   7  10   0   5   9  0.03 0.06
   23 D    -2   0   2   3  -2   1   0   0  -1  -1   0   1  -2  -2   0   0   1  -4  -2  -1    2   5  10  16   1   5   5   6   1   2  10   7   0   2   5   7  10   0   1   3  0.15 0.14
   24 L     0  -1  -1  -2   3   0  -1  -1  -2   1   2   0   1   1   0   0   0  -2   1   0    5   2   2   2   7   4   3   4   1   7  21   5   4   6   4   6   5   0   5   6  0.08 0.09
   25 E    -1   1   0   1  -3   1   1  -1   1   0   0   1  -1  -1   2   0  -1  -1  -1  -1    3   8   4   9   0   5  11   4   3   5   8   7   1   4  12   6   3   1   1   3  0.12 0.11
   26 N    -1   1   3   1   0   0   0  -1   1  -2  -2   2  -3  -2  -1   1   0  -3  -2  -1    4   8  13   7   3   3   7   4   4   3   4  15   0   2   3  10   6   0   1   3  0.17 0.15
   27 E     0   0   2   2  -2   0   1   0   0  -1  -2   1  -3  -2   0   1   0   0  -1  -2    7   4  12  13   1   3   7   5   3   3   5   9   0   1   5  12   5   1   2   3  0.14 0.13
   28 V    -1  -1  -1  -1   0  -1   0  -2  -1   3   0  -1  -1   0  -1  -1  -1  -2   1   3    4   2   4   3   2   2   6   3   1  19  10   4   1   4   2   3   4   0   5  20  0.15 0.13
   29 N    -4  -3   6   5  -4  -2  -1  -4   2  -2  -2  -2  -3  -5   1   0  -2  -6  -3  -4    1   1  33  27   0   1   3   1   5   3   4   2   1   0   6   6   2   0   1   1  0.91 0.49
   30 P    -2  -4  -4   0  -6  -2   3  -3  -3  -3  -3  -2  -4  -4   7  -2  -3  -6  -6  -1    4   1   1   6   0   2  17   3   1   1   3   2   0   1  50   2   2   0   0   4  1.27 0.63
   31 E    -3  -4   1   6  -7  -2   5  -3  -3  -6  -4  -3  -4  -5  -3  -2  -3  -7  -5  -4    2   1   5  43   0   1  34   2   1   0   2   1   1   1   2   2   1   0   0   1  1.36 0.67
   32 V     3  -2  -2  -2   1  -1   0   0  -3   1  -1  -2  -1  -1  -3   0   1  -3  -3   2   25   2   2   2   3   2   7   6   0   8   4   2   1   2   1   7  11   0   1  15  0.22 0.21
   33 W    -2   0   1   1  -1  -1  -2  -1   3  -2  -1   0  -2   3  -3   0   0   1   3  -2    3   6   7   8   1   2   2   5   7   2   6   5   1  15   1   7   6   2  11   2  0.21 0.19
   34 M    -2   0  -4  -5  -5  -2  -4  -5  -4  -1   4   0   7  -1  -3  -1  -4  -5  -1  -2    3   5   1   1   0   2   1   1   0   2  42   5  25   2   2   4   1   0   2   2  0.97 0.52
   35 N    -4  -2   5   3  -3  -2  -2  -4  -2  -4  -5  -1  -4  -5  -2   2   4  -7  -6  -5    1   2  30  15   1   1   3   1   1   1   1   3   0   0   2  14  23   0   0   0  0.92 0.54
   36 T     1  -5  -4  -5   1  -3  -5  -5  -4   2  -3  -4   0   3   0  -1   4  -6  -4   2   13   0   0   0   3   1   0   0   0  11   2   1   2  10   5   4  29   0   0  16  0.65 0.43
   37 S     0  -3  -2  -1   2  -1   0  -2  -2   0  -2  -1   0  -2   4   1   2  -5  -1   0    8   1   2   3   4   2   6   2   1   5   3   3   3   1  20  13  13   0   2   8  0.32 0.24
   38 E    -3  -2  -2   3  -6   5   5   0  -1  -5  -5   0  -4  -4  -5  -1  -3  -3  -4  -5    2   1   2  14   0  22  36   7   1   1   1   4   0   1   0   4   2   0   1   1  0.96 0.53
   39 I    -4   0  -4  -6  -3  -4  -4  -6  -4   4   4  -4   4  -1  -6  -4  -3  -3   0   0    1   5   1   0   0   1   1   0   0  23  43   1   9   2   0   1   1   0   3   5  0.92 0.45
   40 I     1  -6  -6  -6  -1  -6  -6  -4  -6   7   0  -5  -1  -4  -5  -4  -3  -6  -4   3   11   0   0   0   2   0   0   1   0  53   6   1   1   1   1   2   2   0   0  19  1.34 0.58
   41 I     0   3  -1  -1  -1   2   3  -3  -1  -1  -1   2  -2  -3  -4   0   1  -1  -3  -1    8  15   3   2   1   7  17   2   1   3   6  11   1   1   0   7  11   1   1   3  0.27 0.22
   42 Y    -1   2   0  -2  -4   0   0  -2   3  -3  -2   4  -3  -1  -1   1  -1  -2   3  -4    6   9   5   2   0   4   5   3   6   1   3  26   1   2   3  11   3   1   9   1  0.38 0.28
   43 N    -1   2   1  -2  -4   1  -1  -4   6  -5  -3   0  -4   0  -5  -3  -4   5   6  -5    5   9   7   2   0   5   3   1  16   0   2   5   0   3   0   2   1   8  28   1  0.98 0.49
   44 G    -5  -3   1  -3  -4  -4  -4   7  -3  -6  -7  -2  -4  -7  -6  -4  -6  -7  -5  -5    0   2   6   1   0   1   1  81   1   1   0   2   0   0   0   1   0   0   0   1  2.07 0.82
   45 Y    -6  -3  -7  -7  -7  -5  -5  -6   0  -6  -5  -5  -4   3  -7  -6  -5  -4  10  -6    1   2   0   0   0   1   1   1   2   0   1   1   1  10   0   0   1   0  78   0  2.93 1.08
   46 P    -3  -1  -1  -2  -4  -1  -2  -4  -1  -2  -4   1  -4  -4   7  -1   0  -4  -2  -3    2   3   3   3   0   3   3   1   1   2   2   8   0   1  51   4   6   0   2   3  1.18 0.58
   47 S     2  -4  -3  -4   5  -3  -4  -2  -2   0   0  -4  -1   1  -2   1  -1  -2   0   3   17   1   1   1  12   1   1   3   1   5  10   0   2   5   2  11   3   1   4  22  0.39 0.27
   48 E    -4  -3  -4  -1  -7   1   8  -5  -2  -5  -6  -2  -4  -7  -6  -3  -3  -7  -4  -4    1   1   1   3   0   5  77   1   1   1   1   2   0   0   0   1   2   0   1   1  1.98 0.85
   49 E    -1   0   1   0  -4   0   4  -4  -2   0  -3   0  -3  -4  -2   0   3  -2  -3   1    4   4   6   4   0   4  25   1   1   5   2   5   1   1   1   8  19   1   1   9  0.37 0.28
   50 Y    -6  -4  -3  -6  -4  -3  -6  -7  10  -4  -5  -6  -4  -2  -7  -5  -6  -6   5  -4    0   1   1   0   1   1   0   0  68   1   2   0   1   2   0   1   0   0  19   1  2.95 1.02
   51 E    -2   0   1   1  -3   1   2  -3   2  -1  -2   1  -2   0  -1   0   2  -1   2  -1    2   4   7   6   1   6  13   1   5   5   4   7   1   3   2   7  15   1   8   3  0.20 0.18
   52 V    -1  -4  -6  -7  -5  -6  -6  -6  -6   3  -1  -6  -4  -3  -4  -4  -2  -6  -3   7    6   1   0   0   0   0   0   0   0  16   5   0   0   1   1   1   2   0   1  64  1.53 0.63
   53 T    -2  -1  -1  -3  -3   1   1  -5  -2   2  -1  -1  -1  -3  -3  -2   5   0  -1   1    2   3   3   1   0   7  10   0   1  11   5   4   1   1   1   2  34   1   2  11  0.50 0.34
   54 T    -3  -6  -3  -6  -6  -6  -6  -4  -6  -6  -6  -6  -6  -7  -6   1   8  -7  -6  -5    2   0   1   0   0   0   0   1   0   0   0   0   0   0   0   8  84   0   0   0  2.42 0.97
   55 E     0  -1  -2   2  -5   1   5  -2  -3  -3  -4   1  -3  -5   0   0  -1  -3  -2  -3    7   3   1  10   0   7  37   3   1   1   1   9   0   0   4   8   3   1   1   2  0.61 0.36
   56 D    -6  -6  -4   9  -7  -3  -3  -4  -6  -7  -7  -6  -7  -7  -6  -4  -4  -8  -7  -7    0   0   0  90   0   1   1   2   0   0   1   0   0   0   0   1   1   0   0   0  2.83 1.01
   57 G    -5  -4  -1  -2  -4  -4  -4   7  -3  -7  -7  -4  -7  -5  -6  -4  -6  -3  -7  -7    0   1   2   2   1   1   1  85   1   0   0   1   0   1   0   1   0   1   0   0  2.26 0.84
   58 Y    -5  -7  -4  -7  -7  -6  -7  -7   0  -6  -6  -7  -6   3  -7  -7  -6  -1  10  -4    1   0   1   0   0   0   0   0   2   0   0   0   0   9   0   0   0   1  81   1  3.09 1.08
   59 I    -4  -2  -3  -6  -2  -3  -4  -3  -2   7   1  -1  -1  -1  -6  -3  -1  -5  -1   2    1   2   1   0   1   1   1   2   1  52  10   5   1   2   0   2   3   0   2  11  1.04 0.46
   60 L    -6  -6  -3  -7  -6  -4  -6  -7  -6   1   6  -6  -2  -2  -4  -5  -3  -6  -5  -1    0   0   1   0   0   1   0   0   0   7  80   0   1   2   1   1   1   0   0   3  1.72 0.69
   61 L    -1  -1   1  -1   0   0   2   1  -1  -2  -4   1  -2  -5  -3   1   4  -2  -3  -3    4   3   6   3   2   3  11  12   1   2   1   7   1   0   1   9  29   1   1   2  0.43 0.34
   62 V    -2  -6  -2  -6  -1  -5  -6  -4  -2   2   5  -6   5  -1  -6  -5  -2  -6  -2   3    3   0   3   0   1   0   0   1   1  12  44   0  12   2   0   0   2   0   2  16  0.95 0.48
   63 N    -4  -4   0  -4   0   1  -3  -5   8  -1  -3  -4  -5   5  -4  -4  -3   0   2  -3    2   1   4   1   2   7   1   1  38   4   3   1   0  20   1   1   2   1   7   2  1.41 0.65
   64 R    -7   9  -2  -7  -8  -1  -6  -7   1  -8  -7  -1  -7  -7  -7  -6  -6  -7  -7  -7    0  85   2   0   0   3   0   0   4   0   0   3   0   0   0   0   0   0   0   0  2.74 1.11
   65 I    -6  -7  -3  -7  -1  -7  -7  -4  -7   8   1  -7   1  -1  -7  -7  -3  -7  -6   0    0   0   2   0   1   0   0   2   0  66  11   0   4   3   0   0   2   0   0   6  1.75 0.77
   66 P    -3  -1  -2  -3  -2  -1  -2  -4  -5  -1  -2  -2  -2  -5   7  -1  -1  -1  -2  -3    2   4   2   1   1   2   3   2   0   3   5   3   1   0  55   4   4   1   2   2  1.26 0.64
   67 Y     0   0   2  -1  -1  -1  -1   2   4  -3  -3  -1  -2  -1   1   0  -2   2   1  -3    7   6   9   2   1   2   3  17  12   2   2   4   1   3   7   8   2   2   6   2  0.24 0.20
   68 G    -1  -1   1   0  -1  -1  -2   4   0  -2  -3   1  -2  -2   1   1  -1  -4  -2  -2    3   3   5   4   1   2   2  29   2   3   3   9   1   1   8  12   3   0   1   3  0.31 0.23
   69 R     0   0   0   0   2   0   0  -1   1   0  -1   0   1   0   0   0   0  -2   1   0    5   5   5   5   5   5   5   5   5   5   5   5   5   5   5   5   5   0   5   5  -0.00 0.06
   70 T     0   0   1   0   0   1   0   0   1  -1  -1   1   0  -1   1   0   0  -3   0  -1    6   5   8   5   3   5   5   6   5   3   4  10   3   3   6   8   4   0   3   4  0.03 0.09
   71 H    -1   0   1   0   1   1   1   1   1  -2  -2   0   0  -1   0   1  -1   0   0  -1    4   5   7   5   3   6   8  10   3   3   5   6   2   2   4   9   4   2   3   4  0.02 0.08
   72 A     0   0   1  -1   0   1  -1   0   1  -2  -2   0  -1  -1   2   1   0   0  -2  -1    8   4   8   4   2   5   4   6   3   3   5   6   2   2   8  11   6   1   2   4  0.04 0.11
   73 R    -1   1   2   0  -1   1   1   0   0  -2  -2   2  -2  -1   2   0   0  -2  -1  -2    3   9  13   5   1   5   7   7   2   2   3  12   1   3  10   6   6   1   2   2  0.16 0.13
   74 S     0   0   2   1  -2   0   0   1   0  -2  -2   1  -1  -2   1   2   0  -2  -2  -2    7   6  11   7   1   3   4  11   2   2   3   9   1   1   6  16   6   1   1   2  0.16 0.13
   75 T    -1   1   2  -1  -1   0  -1   0  -1  -2  -2   1  -2  -3   1   2   2  -3  -2  -1    5   7  10   3   1   3   3   9   2   2   4  10   1   1   7  14  15   0   1   4  0.17 0.15
   76 G     0   0   0   0   0   0   1   2   0  -1  -2   1  -2  -2   1   1   0  -3  -1  -1    8   4   5   4   2   5   9  14   2   3   4   9   0   1   6   9   7   0   2   5  0.09 0.08
   77 P    -1   1   2  -1  -2   0  -1   1  -1  -3  -2   2  -2  -3   3   1   1  -4  -2  -3    3   6  10   3   1   5   2   9   2   1   3  16   1   1  17  10   7   0   1   1  0.32 0.21
   78 R    -3   5  -2  -3  -3   0  -2   0  -1  -3  -3   5  -3  -4  -1  -2  -1  -2  -3  -4    2  33   1   1   1   4   1   7   1   1   3  32   1   1   3   2   3   1   1   1  0.86 0.42
   79 P    -3  -1  -3  -2  -5   0  -2  -2  -3  -2  -3   1  -1  -4   7  -1   0  -5  -2  -4    2   3   1   2   0   4   2   4   1   2   3   9   2   1  51   4   6   0   1   1  1.12 0.51
   80 V     1  -5  -5  -5  -4  -4  -5  -5  -2   1  -4  -4  -4  -5   6  -3  -2  -6  -5   4   12   0   1   0   0   1   0   1   1   6   1   1   0   0  40   1   2   0   0  32  1.26 0.59
   81 V    -1  -7  -7  -7  -1  -7  -7  -7  -7   3  -2  -7  -1  -3  -7  -6  -4  -7  -5   7    5   0   0   0   1   0   0   0   0  13   3   0   1   1   0   0   0   0   0  74  1.84 0.78
   82 Y    -5  -4  -7  -7  -5  -6  -6  -7  -4   1   5  -6   0   6  -7  -6  -5   0   2  -2    0   1   0   0   0   0   0   0   0   6  51   0   1  29   0   0   0   1   6   2  1.40 0.61
   83 M    -5  -6  -7  -7  -3  -6  -7  -7  -7   1   6  -6   3   0  -7  -4  -5  -6  -5   0    1   0   0   0   1   0   0   0   0   8  73   0   6   4   0   1   0   0   0   7  1.55 0.68
   84 Q    -3  -4  -2  -5  -6   7  -2  -6   2  -1  -1  -4   6  -3  -4  -3  -4  -2  -4   1    2   0   1   0   0  49   1   0   4   3   6   0  18   1   1   1   1   1   0  10  1.38 0.71
   85 H    -6  -4  -4  -7  -6  -5  -5  -8  11  -9  -8  -6  -5  -7  -2  -4  -5  -8  -4  -9    0   1   0   0   0   0   1   0  92   0   0   0   0   0   3   1   1   0   0   0  3.92 1.35
   86 A    -2  -7  -3  -5  -2  -5  -7   7  -7  -8  -8  -5  -7  -8  -4  -2  -6  -7  -8  -6    3   0   1   0   1   0   0  89   0   0   0   1   0   0   1   2   0   0   0   1  2.40 0.94
   87 L    -3  -6  -5  -7  -4  -5  -6  -4  -5   3   5  -5   2   2  -6  -5  -4  -2  -3   0    2   0   1   0   0   0   0   2   0  14  58   0   5   9   0   1   1   1   0   6  1.13 0.54
   88 F    -2  -3  -3  -4   0  -3  -2  -1  -4   0   4  -5   3   3  -5  -3  -1   1  -1   0    4   1   1   1   2   1   3   4   0   3  47   0   7  13   0   2   3   2   2   5  0.63 0.37
   89 A     2  -3  -1   2   5  -1  -1   3  -4  -3  -1  -3   1  -4  -4   2  -1  -2  -3  -2   14   1   2  11  13   3   3  20   0   1   5   0   5   0   0  15   3   1   1   2  0.43 0.31
   90 D     0  -4   0   2   3  -2  -2  -2  -5  -5  -6  -4  -5  -6  -5   6   0  -7  -6  -5    7   0   5  12   6   2   2   3   0   1   0   0   0   0   0  56   6   0   0   0  1.13 0.63
   91 N     2  -5  -3  -3   2  -4  -5   1  -5  -6  -7  -5  -6  -6  -2   6  -2  -7  -6  -5   17   0   0   2   3   0   0  12   0   0   0   0   0   0   2  61   1   0   0   0  1.38 0.73
   92 A     3  -2  -1   4  -4  -3   0   0  -2  -1  -3  -3   0  -1  -3   2   0  -3  -4  -1   25   2   2  21   0   0   6   6   1   3   1   1   2   3   1  15   7   0   0   4  0.39 0.31
   93 Y    -1  -4   2   5   2   0  -1  -2   1  -1  -3  -3  -2  -2  -3   1   2  -5  -2  -1    6   0   9  29   5   4   3   2   3   4   2   0   1   1   1  11  11   0   1   5  0.43 0.31
   94 W    -7  -8  -8  -9  -5  -6  -8  -7  -7  -6  -5  -8  -6   5  -8  -8  -7  12   2  -7    0   0   0   0   0   0   0   0   0   0   1   0   0  21   0   0   0  69   6   0  3.78 1.27
   95 L    -3  -3  -5  -7  -2  -6  -6  -7  -6   4   3  -6   1   0  -6  -5  -2  -6  -3   5    1   1   0   0   1   0   0   0   0  21  23   0   2   3   0   0   2   0   1  43  1.12 0.52
   96 E     0  -3  -1   0   1  -2  -2  -4  -3   3   2  -3   2   0  -3  -1   0  -2  -2   2    6   0   4   5   3   1   3   0   0  17  23   1   6   4   1   5   7   1   1  12  0.26 0.20
   97 N    -1   0   6  -2  -5   0  -3  -1   0  -2   0  -3   2  -3  -3   0   0  -5  -3  -3    6   6  42   1   0   4   1   4   2   3  10   1   6   1   1   7   5   0   1   1  0.71 0.44
   98 Y    -3  -3  -1  -2  -5  -2  -2   5  -2  -4   1  -3  -2   0   1   0  -2  -4  -1  -4    1   1   2   3   0   2   3  46   1   1  14   1   1   4   8   7   2   0   3   1  0.68 0.40
   99 A     0   1  -3  -3  -4  -3  -2  -2  -3  -4  -4   0  -5  -4   7   0  -1  -5  -2  -2    6   7   1   1   0   1   3   3   1   1   1   5   0   1  55   7   3   0   2   3  1.28 0.57
  100 N    -3  -1   5   3  -5   0   3   1   3  -5  -6   1  -5  -6  -3   0  -2  -3  -3  -5    2   3  28  13   0   3  16   9   6   0   0   8   0   0   1   6   1   0   1   0  0.70 0.41
  101 G    -2   2   3   0  -4   4   2  -3   1  -3  -4   3  -4  -4  -4   0  -1  -5  -2  -3    2  10  14   5   0  17  10   1   4   2   2  19   0   0   0   7   3   0   1   1  0.52 0.34
  102 S     2  -4   0   0  -1  -4  -4   1  -4  -6  -5  -4  -6  -6  -4   6  -2  -7  -6  -5   14   0   4   6   1   0   0  11   0   0   1   0   0   0   0  60   1   0   0   0  1.22 0.67
  103 L    -2  -6  -7  -8  -6  -6  -7  -7  -5   0   6  -6   0   0   0  -6  -5  -2  -5  -3    3   0   0   0   0   0   0   0   0   3  81   0   2   4   5   0   0   1   0   1  1.64 0.73
  104 G     5  -6  -5  -6   0  -5  -5   5  -6  -5  -5  -5  -6  -7   2  -2  -4  -7  -6  -3   47   0   0   0   2   0   0  35   0   0   1   0   0   0  11   2   1   0   0   2  1.33 0.66
  105 F    -6  -7  -4  -8  -5  -4  -7  -8  -3  -1  -2  -7  -1   8  -8  -6  -5  -3   7  -5    1   0   1   0   0   1   0   0   0   3   4   0   1  55   0   0   1   0  33   0  2.24 0.88
  106 L    -3  -2  -3  -5  -3   0  -4  -6  -2   5   3  -3   4  -1  -5  -3  -2  -3   0   1    2   3   1   0   0   4   1   0   1  31  29   1   9   2   0   2   2   0   3   9  0.69 0.38
  107 L    -4  -6  -7  -8  -4  -6  -7  -7  -7  -2   7  -7   0   2  -7  -6  -5  -6  -4  -3    1   0   0   0   0   0   0   0   0   1  86   0   1   7   0   0   1   0   0   0  1.92 0.80
  108 A     6  -5  -5  -6  -3  -5  -5  -4  -1  -5  -4  -5  -4  -3  -3   1  -2   1  -1  -1   72   0   0   0   1   0   0   0   2   0   1   0   0   1   2   9   2   2   2   5  1.41 0.70
  109 D    -5  -2   2   8  -7  -3   0  -5  -4  -7  -6  -2  -6  -7  -6  -3  -5  -8  -6  -4    1   2   8  74   0   1   6   1   0   0   1   3   0   0   0   1   0   0   0   1  2.03 0.84
  110 A     4   0   1  -3  -4   1   1  -2   0  -4  -1   0  -1  -4  -4   0  -3  -3  -3  -3   43   6   8   1   0   6   9   1   2   1   6   6   1   1   0   7   1   0   1   1  0.52 0.38
  111 G    -4  -6  -3  -3   2  -6  -5   7  -5  -7  -7  -5  -7  -7  -6  -4  -6  -4  -7  -7    0   0   1   1   4   0   1  88   0   0   1   1   0   0   0   1   0   0   0   0  2.35 0.89
  112 Y    -6  -5  -5  -7  -3  -6  -6  -7   0  -5  -5  -6  -4   5  -7  -6  -6   0   9  -5    1   0   1   0   1   0   0   0   2   0   1   0   0  23   0   0   0   1  68   1  2.66 0.99
  113 D    -6  -6  -3   9  -8  -5  -2  -6  -6  -8  -8  -6  -8  -8  -6  -5  -5  -8  -8  -8    0   0   1  94   0   0   2   0   0   0   0   0   0   0   0   0   1   0   0   0  2.97 1.09
  114 V    -4  -7  -7  -7  -2  -7  -7  -5  -7   0  -3  -7  -3  -5  -7  -6  -4  -7  -6   8    1   0   0   0   1   0   0   1   0   3   2   0   0   0   0   0   0   0   0  90  2.34 0.93
  115 W    -8  -8  -8  -9  -7  -7  -8  -8  -7  -8  -6  -8  -7  -1  -8  -8  -7  13  -1  -8    0   0   0   0   0   0   0   0   0   0   1   0   0   3   0   0   0  92   2   0  4.84 1.52
  116 M    -3  -6  -7  -7  -3  -6  -6  -7  -6   2   5  -6   6   0  -7  -6  -4  -6  -5  -1    2   0   0   0   1   0   0   0   0  10  60   0  19   3   0   0   1   0   0   3  1.49 0.66
  117 G     1  -6  -3  -5  -4  -5  -6   6  -6  -2  -1  -5  -1  -3  -1  -1  -2  -4  -5  -3   10   0   1   0   0   0   0  63   0   3   7   0   2   1   3   5   3   0   0   1  1.26 0.61
  118 N    -6  -6   9  -2  -3  -5  -5  -6  -2  -8  -8  -5  -7  -8  -4  -3  -4  -8  -7  -8    0   0  91   2   1   0   0   0   1   0   0   0   0   0   1   2   1   0   0   0  2.95 1.14
  119 S     2  -4   1  -4   1  -2  -3  -3  -1  -1  -1  -3   1   2  -3   2   2  -1   0   2   17   0   7   0   2   2   0   1   2   3   4   0   4   9   1  20  11   1   3  13  0.31 0.29
  120 R    -7   9  -3  -7  -8  -4  -5  -7  -6  -8  -7  -3  -7  -8  -5  -6  -6  -8  -7  -8    0  96   1   0   0   0   0   0   0   0   0   0   0   0   1   0   0   0   0   0  3.12 1.19
  121 G    -4  -6  -5  -5  -7  -7  -6   8  -7  -4  -8  -7  -8  -8  -7  -5  -6  -7  -8  -8    1   0   0   1   0   0   0  95   0   1   0   0   0   0   0   0   0   0   0   0  2.71 1.04
  122 N    -3  -5   8  -4  -3  -5  -5  -4  -1  -6  -7  -4  -6  -7  -6   0   4  -8  -6  -3    2   0  65   0   1   0   0   1   1   0   0   0   0   0   0   7  20   0   0   2  1.96 0.88
  123 T    -2   3  -2  -2  -3  -2  -2  -3  -2   1  -2   1  -1  -1  -2   1   4  -3   0   0    3  14   1   2   0   1   2   2   1   7   3   9   1   3   2   9  31   0   3   5  0.39 0.33
  124 W    -6  -6  -2  -5  -5  -3  -6  -6   2  -6  -2  -6  -6   2  -5  -4  -6   5   9  -6    0   0   2   1   0   1   0   1   4   0   3   0   0   8   1   1   0   8  68   0  2.42 0.99
  125 S    -2  -6  -4  -5   0  -5  -5   0  -6  -7  -7  -4  -6  -5  -6   7  -1  -7  -5  -5    2   0   0   0   2   0   0   8   0   0   0   1   0   0   0  81   4   0   0   1  1.96 0.97
  126 R    -4   6   0  -3  -1   1  -2  -5  -1  -4  -1   3   1  -5  -4  -2  -1  -2  -3  -4    1  49   5   1   1   6   2   1   1   1   5  14   3   0   1   3   3   1   1   1  1.02 0.53
  127 R     0   3   3  -2  -4   0   0   1   0  -5  -5   4  -3  -5  -4   1  -2  -4  -2  -4    7  18  13   1   0   4   6  10   3   0   0  22   1   0   0  10   2   0   1   1  0.53 0.36
  128 H    -7  -5   0  -5  -3  -5  -6  -6  11  -8  -7  -6  -7  -7  -8  -4  -6  -8  -2  -8    0   1   5   1   1   0   0   1  89   0   1   0   0   0   0   1   0   0   1   0  3.76 1.34
  129 K    -1   0  -2  -3  -1  -1  -1  -4  -3   2   0   2  -1  -4  -3  -2   3  -5  -2   3    4   4   1   1   1   3   5   0   1  12   8  12   1   0   1   2  20   0   1  24  0.37 0.30
  130 T    -3   1   3  -2  -3  -2  -2  -3   2  -3  -4   2  -4  -1  -3   2   3   0   1  -3    1   8  14   2   0   1   2   1   5   2   1  14   0   3   1  19  19   1   5   1  0.45 0.36
  131 L    -4  -3  -5  -5  -5  -4  -5  -5  -1  -1   5  -2   1   2  -4  -5  -4  -1   4  -3    1   2   0   1   0   1   1   1   1   3  60   3   3   6   1   1   1   1  13   1  1.10 0.56
  132 S    -3  -2   3   3  -4  -2  -2  -2   0  -5  -5   1  -4  -5  -1   4   2  -6  -4  -5    1   2  15  19   0   1   1   3   2   1   1   7   0   0   4  30  12   0   0   0  0.71 0.47
  133 E    -1   0  -2  -2  -5  -2  -2  -5  -2   0  -3  -1  -3  -3   6   0   2  -5  -4   0    4   5   2   2   0   2   2   0   1   6   3   3   0   1  42   7  12   0   1   7  0.87 0.49
  134 T    -2  -1   3   4  -3  -1   0  -3   0  -5  -4   2  -3  -3  -3   2   0  -1  -2  -5    3   2  15  24   1   2   6   1   2   0   1  14   0   1   1  16   6   1   2   0  0.57 0.38
  135 D    -4  -2   2   6  -2   2   1  -2   0  -5  -5  -1  -2  -4  -2   2  -2  -2  -4  -6    1   2   9  40   1  10   6   3   2   0   1   3   1   1   2  14   2   1   0   0  0.84 0.49
  136 E     0   2   0   1  -4   1   1  -3   0  -3  -2   2  -2  -2   3   1  -1  -2  -3  -3    7  11   4   7   0   5  10   1   2   1   3  15   1   1  15  11   4   1   1   2  0.30 0.23
  137 K     1   1   0   2  -4   2   4  -3  -2  -4  -3   2  -3  -5  -3  -1  -1  -5  -4  -4   13   9   4   9   0   7  31   1   1   0   2  15   0   0   1   4   2   0   0   1  0.57 0.38
  138 F    -7  -7  -7  -8  -3  -7  -7  -8  -5  -5  -4  -7  -5   9  -8  -6  -7  -3   6  -6    0   0   0   0   1   0   0   0   0   0   0   0   0  71   0   1   0   0  26   0  2.78 1.02
  139 W    -8  -8  -9  -9  -5  -8  -8  -8  -5  -8  -6  -8  -7  -2  -9  -6  -8  13  -2  -8    0   0   0   0   0   0   0   0   0   0   0   0   0   2   0   1   0  95   1   0  5.01 1.60
  140 A    -1   1   5   5  -6   1   0  -4   0  -5  -5   1  -3  -6  -4  -2  -3  -7  -5  -6    6   6  25  34   0   7   5   0   2   0   1   8   1   0   0   2   1   0   0   0  0.95 0.51
  141 F    -7  -8  -8  -8  -5  -8  -8  -8  -2  -3  -4  -8  -5   9  -8  -7  -7   6   3  -6    0   0   0   0   0   0   0   0   1   1   0   0   0  78   0   0   0   9   9   0  2.83 1.05
  142 S    -3  -3  -1  -2  -1  -5  -4  -3  -5  -2  -7  -5  -6  -7  -5   7   3  -7  -4  -6    1   2   2   2   1   0   0   2   0   3   0   0   0   0   0  71  16   0   0   0  1.59 0.84
  143 F    -5  -5  -5  -7  -5  -4  -6  -5  -3  -1  -1  -6   0   6  -5  -3  -4  10   3  -2    1   1   1   0   0   1   0   1   0   4   6   0   3  32   1   2   1  36   8   3  1.98 0.79
  144 D    -5  -5   0   6  -7   0   0  -5   8  -2  -5  -4  -6  -5  -5  -4  -4  -7  -2  -6    0   0   3  42   0   3   5   0  37   3   1   0   0   1   0   1   1   0   1   0  1.77 0.77
  145 E    -5  -4  -3   2  -7   2   7  -6  -1  -6  -6  -3  -6  -7  -5  -4  -4  -4  -5  -6    0   0   1  11   0   9  75   0   1   0   1   1   0   0   0   0   1   0   0   0  1.96 0.89
  146 M    -2  -5  -4  -6  -4  -4  -6  -6   0   4   1  -4   9  -1  -6  -4  -4  -2  -3   0    3   0   1   0   0   0   0   0   3  24  13   1  44   3   0   1   0   0   1   5  1.46 0.68
  147 A     4  -5  -4  -5  -5  -3  -5   6  -5  -2  -6  -2  -3  -6  -5  -1  -4  -6  -6  -2   37   0   0   0   0   1   0  49   0   2   0   3   0   0   0   4   0   0   0   3  1.29 0.63
  148 K    -1   1  -1  -2  -3   0   0  -3  -1   2   1   2   1  -1  -3  -1   0  -2   2   1    5   6   3   2   0   5   5   1   1  14  11  15   4   2   0   3   6   0   8   9  0.13 0.16
  149 Y    -5  -3  -2  -5  -6  -2  -4  -5   2   0  -2  -2  -2   3  -7  -5  -5  -2   9  -4    1   2   2   1   0   2   1   1   5   5   3   3   1  10   0   1   0   0  62   1  1.85 0.80
  150 D    -7  -6  -4   9  -8  -5  -2  -6  -6  -8  -8  -6  -8  -2  -6  -5  -5  -8  -7  -8    0   0   0  94   0   0   1   0   0   0   0   0   0   2   0   0   0   0   0   0  2.93 1.12
  151 L    -3  -5  -6  -5  -3  -4  -6  -6  -5   3   5  -5   2  -1  -6  -4  -2  -5  -2   2    2   0   0   0   0   1   0   0   0  14  57   0   4   2   0   1   2   0   1  14  1.07 0.51
  152 P    -2  -4  -6  -3  -7  -6  -5  -5  -5  -7  -6  -3  -7  -7   8  -1  -2  -8  -6  -6    4   1   0   2   0   0   1   1   0   0   0   1   0   0  80   5   3   0   0   0  2.47 1.00
  153 G     6  -4  -3  -1  -3  -3  -3  -3  -4  -5  -5  -4  -3  -6  -4   0   0  -6  -5  -3   75   0   1   4   0   1   1   1   0   0   1   1   0   0   1   6   5   0   0   1  1.45 0.73
  154 V     0  -4  -1  -5  -2   0  -2  -4  -4   2   0  -3   7   0  -5   0   2  -3  -3   1    8   0   2   0   1   5   2   1   0  10   5   1  28   4   0   7  13   0   0  11  0.60 0.40
  155 I    -4  -6  -6  -6  -5  -6  -6  -7  -6   7   1  -6   0   1  -6  -3  -3  -6  -3   3    1   0   0   0   0   0   0   0   0  61  10   0   2   5   0   3   1   0   1  15  1.45 0.63
  156 D    -4  -3   3   7  -6  -1   1  -3  -3  -5  -5  -1  -6  -6  -5  -2  -2  -7  -2  -6    1   2  15  60   0   2   6   2   1   0   1   3   0   0   0   3   2   0   2   0  1.46 0.67
  157 F    -4   0  -5  -6  -6  -4  -4  -5   4  -5  -2   0  -4   5  -6  -5  -3  -2   8  -4    1   5   0   0   0   0   1   1   7   0   3   6   0  18   0   0   2   0  52   1  1.70 0.74
  158 I     0  -6  -6  -6  -5  -6  -5  -6  -6   6  -2  -6   0  -4  -6  -2  -2  -6  -5   5    7   0   0   0   0   0   0   0   0  46   1   0   2   0   0   3   1   0   0  38  1.42 0.64
  159 V    -2   0  -2  -5  -2  -3  -4  -5  -1   0   5  -2   1  -2  -5  -3  -1  -4   0   0    2   6   2   0   1   1   1   0   2   4  61   2   2   1   0   2   4   0   3   4  0.82 0.46
  160 N    -1   0   4   1  -5   2   2  -2   0  -4  -3   2  -1  -4  -4   0   0  -3  -2  -3    5   5  24   8   0   8  13   2   2   0   2  14   1   1   0   6   5   0   1   1  0.44 0.31
  161 K    -1   1  -1  -3  -2   1   1  -4   1   1  -1   2   0  -2  -3  -2   1  -3   0   2    3   6   2   1   0   7   8   1   3  10   5  16   2   1   0   2  11   0   3  18  0.21 0.21
  162 T    -2  -3  -2  -5  -5  -4  -5  -4  -5  -4  -5  -3  -5  -6  -5   2   7  -6  -5  -1    2   2   2   0   0   1   0   1   0   1   0   2   0   0   0  11  74   0   0   4  1.76 0.83
  163 G    -3   0   2  -2  -4   0  -1   6  -1  -5  -6   2  -5  -6  -4  -1  -3  -4  -5  -5    1   5  11   2   0   4   3  52   1   0   0  13   0   0   1   5   1   0   0   0  1.00 0.50
  164 Q     0   1   0  -3  -2   6   0  -3   3  -4  -3   1  -2   0  -3   0  -2  -2   0  -2    7   5   4   1   1  38   5   1   6   0   2   8   1   4   1   8   2   1   4   3  0.64 0.42
  165 E     0   0   0   2  -4   1   2  -2  -2  -4  -3   3  -3  -4   2   1   1  -4  -3  -3    7   5   3   9   0   6  16   2   1   1   1  18   0   0  10  12   7   0   0   1  0.37 0.26
  166 K    -2   1   0  -1  -3   3  -1  -3   0  -2  -3   5  -4  -4  -3   2   0  -5  -3  -4    3   6   5   3   0  15   3   1   2   3   2  36   0   1   1  14   5   0   1   0  0.63 0.41
  167 L    -4  -5  -6  -6  -4  -5  -6  -6  -3   4   5  -5   1   0  -6  -5  -3  -5  -3   2    1   0   0   0   0   0   0   0   1  23  53   0   3   4   0   0   1   0   0  12  1.13 0.52
  168 Y    -1  -3   0  -3  -4  -1  -3  -3   6   1  -2  -3  -2   3  -4   0   0   2   5  -2    5   1   5   1   0   3   0   2  17   8   3   1   1  13   0   9   6   3  19   2  0.57 0.36
  169 F    -4  -6  -6  -7  -4  -6  -6  -6  -1  -2  -2  -6  -3   3  -7  -6  -5   0   9  -2    2   0   0   0   0   0   0   0   1   2   4   0   0  10   0   0   0   1  74   3  2.48 0.97
  170 I    -1  -6  -6  -6  -3  -6  -6  -6  -6   6   0  -6  -1  -2  -5  -4  -3  -6  -5   5    4   0   0   0   0   0   0   0   0  41   7   0   1   1   1   1   1   0   0  41  1.35 0.60
  171 G    -1  -6  -5  -6  -2  -6  -6   7  -6  -7  -7  -6  -7  -7  -2  -2  -4  -7  -7  -7    4   0   0   0   1   0   0  87   0   0   0   0   0   0   3   3   1   0   0   0  2.23 0.89
  172 H    -5  -5  -5  -6  -7  -4  -5  -7  10  -4  -4  -6  -4   2  -7  -5  -5  -1   5  -5    1   0   0   0   0   1   0   0  67   1   2   0   0   8   0   0   0   1  17   1  2.69 1.02
  173 S    -3  -5  -3  -4  -1  -5  -5  -4  -6  -7  -3  -5  -4  -7  -5   8  -3  -7  -6  -6    1   0   1   1   1   0   0   1   0   0   3   0   0   0   0  91   0   0   0   0  2.25 1.03
  174 L    -2  -2  -5  -5  -6   7   0  -6  -3  -3   1  -4   6  -4  -6  -4  -4  -3  -4  -4    3   1   0   0   0  53   4   0   0   1  11   0  21   1   0   0   1   0   1   1  1.61 0.81
  175 G    -3  -5  -5  -6  -7  -6  -6   8  -6  -8  -8  -6  -7  -7  -7  -3  -6  -7  -1  -7    2   1   0   0   0   0   0  92   0   0   0   0   0   0   0   2   0   0   2   0  2.50 0.97
  176 T     0  -5   0  -5   3  -5  -5   0  -5  -4  -5  -5  -4  -4  -4   1   7  -6  -6  -3    9   0   4   0   6   0   0   7   0   0   0   0   0   1   0  11  60   0   0   1  1.33 0.71
  177 T     0  -3  -3  -5  -3  -2  -4  -2  -4  -2   1  -4   3  -3  -5   0   6  -6  -4  -3    8   1   1   0   0   1   1   3   0   2  14   0   6   1   0   5  54   0   0   1  0.99 0.58
  178 I     1  -4  -2  -4   1   1  -3  -4  -4   3   0  -3   4  -3  -1   1   1  -5  -3   2   13   0   1   1   2   8   1   1   0  18   5   0  10   0   3   9  10   0   0  16  0.37 0.30
  179 G     1  -5  -1  -5  -2  -4  -4   1  -3  -1   1  -4   4   6  -4   0  -2  -2   1  -2   13   0   3   0   1   0   1  10   0   2  12   0  11  31   1   7   1   0   3   3  0.62 0.39
  180 F    -4  -6  -5  -7  -4  -5  -6  -5  -3  -2   2  -6   2   7  -5  -4  -4   3   4  -3    1   0   1   0   0   0   0   1   1   2  21   0   4  48   1   1   1   3  13   1  1.42 0.63
  181 V     3  -5  -4  -5  -3  -4  -4  -2  -5   3  -2  -2   3  -4  -4  -1  -1  -5  -3   4   25   0   0   0   0   0   0   3   0  18   2   3   6   0   0   3   3   0   1  33  0.72 0.44
  182 A     2  -2  -4  -5  -1  -2  -4  -1  -2  -2   3   0   6  -1  -5  -1  -1  -4   1  -3   17   1   0   0   1   1   0   5   1   0  26   5  25   2   0   5   3   0   5   0  0.63 0.42
  183 F     2  -4  -2  -4   2  -4  -4  -1  -4  -1   4  -4   3   4  -4  -2   0  -3  -2  -1   15   0   2   1   5   0   1   5   0   1  36   0   6  16   0   3   5   0   0   2  0.52 0.35
  184 S     2  -2  -1  -3   0  -4  -4  -4  -3  -2  -5  -4  -4  -6  -5   6   0  -6  -5  -4   15   3   2   1   2   0   1   1   1   2   1   0   0   0   0  65   5   0   0   1  1.29 0.70
  185 T    -1   0  -1  -1  -4   1   4  -3  -2  -1   0  -1   2  -3  -3   1   2  -3  -3  -2    4   5   2   3   0   5  28   2   0   3   9   2   6   1   0   8  16   0   1   3  0.34 0.29
  186 M    -3   5   2   1  -4   1  -2  -3   3  -2  -1   3   0  -2  -3  -2  -3  -5   0  -3    1  31  10   7   0   5   2   1   6   3   6  16   3   2   1   2   1   0   3   1  0.55 0.35
  187 P    -3  -3  -3  -4  -6   0  -3  -4  -4  -6  -5   0  -5  -5   8  -2  -2  -2  -6  -5    2   1   1   1   0   4   1   1   1   0   1   7   0   1  72   3   2   1   0   1  2.02 0.85
  188 E    -2  -1  -1   1  -5   1   6  -2   1  -3  -4   1  -4  -6  -4  -1  -1  -3  -3  -4    3   2   2   8   0   6  49   3   4   2   1   8   0   0   0   5   3   0   1   1  0.86 0.50
  189 L    -3  -5  -6  -6  -6  -4  -4  -7   2   1   2  -6   0   3  -5  -5  -4   1   8  -1    2   0   0   0   0   0   1   0   4   6  20   0   2   9   0   0   1   1  47   4  1.36 0.64
  190 A     3  -2   7  -2   2   0  -2  -2  -2  -3  -4  -2  -1  -6  -4  -1  -1  -6  -5  -2   24   2  45   1   4   4   1   2   1   1   1   1   1   0   1   4   3   0   0   2  1.00 0.56
  191 Q     0   1   1   3  -4   2   2  -2   0  -4  -3   3  -2  -4  -2   1  -1  -5  -3  -4    7   5   7  16   0   8  15   2   2   0   3  18   1   0   1  12   3   0   1   1  0.39 0.28
  192 R    -4   1   0  -5  -7  -1  -2  -6  -1  -3  -3   7   2  -4  -4  -3  -4  -3  -2  -4    1   7   4   0   0   2   1   0   1   2   3  68   4   1   0   1   1   0   2   1  1.48 0.72
  193 I    -4  -6  -5  -7  -5  -6  -6  -7  -6   6   1  -6   0   1  -6  -6  -3  -6  -3   4    1   0   1   0   0   0   0   0   0  50  10   0   1   6   0   0   1   0   1  28  1.42 0.62
  194 K    -1   3   2   0  -3   1   0  -3   0  -1  -3   4  -3  -5  -3   1  -2  -2  -3  -3    6  18  10   5   0   4   5   1   2   5   2  28   0   0   1   9   1   1   0   1  0.49 0.34
  195 M     1  -1  -2  -3  -2  -1  -2  -1  -1   0   2   0   1  -1  -2   1   1  -3   0   0   11   3   1   0   1   2   1   5   1   6  23   6   5   2   1  13   8   0   3   8  0.12 0.16
  196 N     2  -5  -2  -5  -3  -3  -5  -2   0   0   0  -5   6   5  -5  -2  -3  -4   0   0   18   0   2   0   1   1   0   4   2   4   8   0  21  27   0   3   1   0   2   6  0.76 0.45
  197 F     0  -4  -3  -4  -3  -1  -2  -4   3   4  -1  -4  -1   4  -5  -2  -1  -4   1   3    7   0   1   0   0   3   3   1   6  27   2   0   1  19   0   2   3   0   5  18  0.57 0.36
  198 A     4  -4  -2  -5  -1  -3  -4   1  -2  -3   2  -4   1  -2  -3   2  -2  -4  -3  -3   42   0   2   0   1   1   1   9   1   1  19   0   3   2   1  14   1   0   0   1  0.63 0.43
  199 L    -5  -6  -7  -7  -5  -6  -6  -7  -6   1   6  -6   4   2  -6  -5  -4  -1  -1  -2    1   0   0   0   0   0   0   0   0   5  72   0   9   7   0   1   1   1   2   1  1.51 0.68
  200 G     6  -5  -4  -5   0  -4  -4   2  -4  -5  -3  -5  -5  -6  -5   1  -2  -6  -6  -4   68   0   0   0   2   1   1  12   0   0   3   0   0   0   0  10   1   0   0   1  1.37 0.70
  201 P    -3  -7  -7  -7  -8  -5  -5  -5  -7  -8  -8  -6  -5  -6   9  -4  -4  -8  -8  -6    2   0   0   0   0   0   0   1   0   0   0   0   0   0  92   1   1   0   0   0  3.12 1.23
  202 T     2  -5  -4  -6  -3  -5  -4  -3  -6   4  -1  -5   0  -3  -3  -1   0  -6  -4   5   17   0   1   0   0   0   1   2   0  19   3   0   2   1   1   4   5   0   0  42  0.83 0.48
  203 I     4  -5  -4  -5   0  -4  -4   1  -3   0  -2  -4   0  -1  -4   0   0  -2  -1   3   40   0   0   0   1   0   0  10   1   4   3   0   2   2   0   6   6   1   2  20  0.59 0.41
  204 S    -3   0  -1  -4  -3  -4  -3  -4   2  -2  -2  -2  -3   5  -5   0   2   2   6  -1    1   5   3   1   0   0   1   1   4   2   2   2   0  19   0   8  12   3  31   3  0.85 0.49
  205 F    -2  -3  -3  -4   0  -2  -4  -4  -3   1   3  -3   5   1  -3  -3  -1   2  -2   3    3   1   1   1   2   2   0   1   1   7  28   1  18   7   2   2   4   3   1  17  0.56 0.35
  206 K     0   0   1   0  -3   0   0   2   1  -4  -3   3  -2  -3  -2   2   1  -3  -1  -3    7   5   7   4   1   4   5  14   4   1   2  19   1   1   1  13   8   0   3   1  0.26 0.23
  207 Y    -4  -1   4  -1  -6   0  -2  -2   8  -6  -4  -2  -3  -1  -2  -2  -3  -4   3  -4    1   4  21   3   0   3   2   3  37   0   2   2   1   2   3   3   2   0  10   1  1.19 0.60
  208 P     0  -3  -2  -4   0  -2  -3  -2  -3   3   0  -2   4  -1   0   0   1  -2  -2   2    8   0   2   0   2   2   1   3   0  18   8   2  12   2   5   9  10   1   1  13  0.28 0.24
  209 T    -2   3  -1  -2  -5   1  -1  -3  -1  -2  -3   4  -2  -3   0   1   2  -3  -1  -3    2  17   3   2   0   5   4   2   1   2   3  27   1   1   4  10  13   0   2   2  0.44 0.33
  210 G     0  -2   2  -3  -3  -2  -3   2   0  -3  -4  -1  -3  -2  -2   5   1  -5  -3  -3    6   2   9   1   0   1   1  17   2   2   1   3   1   2   2  40   7   0   1   2  0.62 0.44
  211 I    -1  -3  -3  -4  -5  -2  -3  -2  -3   1   1  -3   0  -1   6  -2  -2   0  -2   0    4   1   1   0   0   1   2   3   0   7  12   2   3   3  44   3   2   1   1   7  0.90 0.49
  212 F    -1  -4  -5  -6  -3  -5  -5  -4  -4   3   4  -4   3   4  -2  -3  -2   0   0   1    5   1   0   0   0   0   0   1   0  17  34   1   7  17   2   1   2   1   3   8  0.68 0.37
  213 T     0   2  -2  -2  -2  -1  -1  -1  -2   1   1   1   1   1  -2  -1   0   0  -1   1    9  14   1   1   0   2   3   5   1   7  17   8   3   7   1   5   6   1   2   9  0.09 0.11
  214 R     0   4   0  -2  -4   0  -1  -3   0  -1   0   3  -1  -2  -1   0   0   0   2  -2    7  21   4   2   0   4   3   1   2   3   8  17   1   1   3   7   5   1   7   3  0.26 0.23
  215 F     0  -4  -3  -4  -4  -3  -4  -5  -2   2   3  -2   2   4  -2  -2  -1   1   0   1    7   1   1   1   0   1   1   1   1  12  33   3   5  16   2   3   3   2   2   8  0.51 0.32
  216 F     3  -4  -3  -5  -3  -1  -4  -2  -3   1   2  -4   0   4  -4  -1  -2   0   0   1   22   0   1   0   0   3   0   3   0   8  22   1   2  17   0   4   2   1   3  10  0.46 0.32
  217 L     2  -1   0   0  -3  -1  -1  -1   0  -1   0   1  -1   0   2   0  -1  -2   0   0   19   3   4   4   0   3   2   4   2   3  11   8   1   3  11   8   3   1   3   6  0.10 0.13
  218 L    -1   0  -1  -1  -2   0   0  -1  -1   1   1   1   1   2   1   0   0   0   0   0    3   5   3   3   0   3   5   4   1   8  18  10   3   9   7   5   4   1   3   5  0.06 0.08
  219 P     0  -1   1  -1  -2  -1  -1  -2   1   0   0  -2  -1   2   3   1   0   0   1   0    8   2   8   4   1   2   3   2   4   6   9   1   1   8  13   9   6   1   6   5  0.13 0.13
  220 N     0  -1   1   0  -2   0   0  -1   0   0   0   0   0   1   0   0   0   0   1  -1    6   3   9   5   0   3   5   5   3   6  10   4   2   9   5   6   7   2   5   4  0.03 0.05
  221 S    -1  -1   1   2  -4   1   2  -1  -1  -2  -2   0  -1  -2   1   1   0   0  -1  -2    5   3   7  13   0   5  13   4   1   3   5   6   2   2   7  12   7   2   2   2  0.17 0.16
  222 I     0  -1  -2  -1  -2  -1   0  -2  -2   2   2  -1   1   1  -1  -1  -1   3   0   0    7   4   2   3   1   3   5   2   1  14  22   3   3   7   3   3   4   4   3   7  0.13 0.13
  223 I    -1  -3  -4  -4  -4  -1  -3  -5  -4   4   3  -3   2   2  -4  -3  -2   1   0   2    6   1   1   1   0   2   2   1   0  23  29   2   6   7   1   1   2   2   4  11  0.56 0.34
  224 K     0   0  -1  -1  -2   1   0  -2  -1   0   1   2   1   1  -2   0   0   0   1   0    6   5   3   2   1   6   6   2   1   5  16  14   5   7   1   5   4   1   5   5  0.08 0.11
  225 A     0   1   2   1  -3   0   1  -1  -1  -1  -1   2   0  -1   0   0   0  -2   0  -1    8   7  10   8   0   3  10   3   1   3   7  13   2   2   4   8   4   0   4   3  0.10 0.11
  226 V     0  -1  -1  -2  -3  -1  -2  -2   0   2   2  -1   2   2  -2  -1   0   2   1   0    6   4   3   2   0   2   2   2   3  11  21   4   7   9   1   4   5   3   5   7  0.15 0.14
  227 F    -3  -3  -3  -4  -2  -3  -5  -5  -1   1   4  -4   2   6  -5  -3  -1  -1   0   0    2   2   2   1   1   1   1   1   2   7  34   1   4  29   1   2   3   1   3   5  0.83 0.45
  228 G    -2  -1   1  -2  -4  -2  -3   6   0  -5  -3  -2  -3  -3  -4  -1  -3  -2   0  -6    2   4   6   3   0   2   2  59   3   1   3   3   1   1   1   4   2   1   3   1  1.11 0.58
  229 T    -1   0   0   0  -2  -1  -1   0   1   2   0   0   0   0  -1   0   0  -1   0   0    4   4   5   7   0   2   4   6   5  15  10   5   3   3   3   7   7   1   3   7  0.03 0.06
  230 K    -2   1   2  -1  -3  -1  -1   2   4  -2  -2   2  -1   0  -1  -1  -1   1   3  -2    2   6   8   4   0   3   4  15   9   2   4  12   2   4   3   3   3   2  11   3  0.22 0.20
  231 G    -1  -1  -1   0  -7   2   6   0  -2  -3  -5  -1  -2  -4  -1  -1  -3  -3  -2  -4    5   3   3   5   0   7  51   8   1   2   1   3   1   1   3   4   1   0   1   1  0.93 0.57
  232 F    -3  -6  -6  -6  -3  -5  -4  -5  -4   2   2  -7   0   7  -5  -6  -4   1   1   1    2   1   0   0   0   0   1   1   0  12  18   0   2  44   1   0   1   2   4  10  1.32 0.63
  233 F    -2  -3  -1  -3  -4  -2  -2  -3   0  -1   4  -3   3   4  -2  -2  -3  -4   1  -1    3   1   3   1   0   2   3   2   2   3  39   1   6  18   3   4   1   0   4   4  0.62 0.38
  234 L    -2  -2  -3  -3  -7  -2  -3  -1   0  -2  -1  -4  -1  -3   7   0  -2  -4  -1  -2    4   3   1   1   0   2   2   5   3   3   8   1   2   1  49   8   3   0   2   3  1.09 0.63
  235 E    -2   2   3  -1  -4   2  -2  -2   3  -3  -2   0  -1  -1   1   2   0  -1   0  -2    2  12  13   3   0   9   2   3   7   1   4   5   2   3   6  16   6   1   3   2  0.28 0.26
  236 D    -2  -1   4   1  -5  -1  -1   1  -1  -4  -4  -1  -2  -3   0   3   2  -2  -4  -3    2   4  21   8   0   3   3   9   1   1   2   4   1   1   5  19  11   1   1   2  0.45 0.35
  237 K    -1   1   0   1  -4   0   1   0  -1  -2  -2   1  -2  -1   2   1   0   3  -2  -2    6   8   3   7   0   3  11   8   2   3   4  10   1   3   9  10   5   4   1   2  0.15 0.15
  238 K    -1  -2  -4  -3  -2  -2  -3  -3  -4   2   3  -1   2   3  -2  -1  -1   2  -1   1    5   2   1   1   1   2   2   2   0  12  25   4   5  13   3   4   4   3   2  10  0.33 0.23
  239 T    -1  -2  -1  -3  -3   0  -2  -2  -3   2   2  -2   3   1  -3  -1   1   1  -1   1    4   2   3   1   0   4   2   4   1  14  20   2   9   6   1   5  10   2   2  10  0.24 0.20
  240 K    -1   3   1   0  -5   2  -1  -1   2  -2  -3   3  -1  -3  -2   0   0  -1  -1  -2    4  13   8   6   0  10   4   4   4   2   3  18   2   1   2   6   6   1   2   3  0.29 0.24
  241 I    -1   1   0  -1  -2   1  -1  -2  -1   0   1   1   0   2  -1   0   0   4   0   0    5   7   4   3   0   6   4   3   1   5  13   8   2  10   3   6   5   5   3   5  0.08 0.10
  242 A    -1  -4  -4  -6  -5  -5  -5  -3  -4   3   4  -5   2   4  -2  -3  -2   0  -1   1    6   1   1   0   0   0   1   2   0  16  34   1   4  16   2   2   3   1   1   8  0.70 0.40
  243 S     2  -1  -2  -2  -2  -1  -1   1  -3   1   1  -1   0   0  -3   0   0   0  -1   0   16   4   2   1   1   3   3  13   0   8  15   2   2   5   1   9   7   1   2   7  0.11 0.13
  244 T     0   2   1   0  -5   1   0   0   0  -2  -2   3  -3  -2  -1   0   1  -2   0  -3    7  11   7   6   0   7   6   6   2   2   4  16   1   2   4   7   7   1   3   1  0.19 0.19
  245 K     0   0   0   0  -2   0   0  -1   1   0   0   0   0   1  -2   0   1   0   1   0    7   5   4   4   0   4   5   4   3   7  12   6   2   6   1   6  10   2   6   5  0.03 0.06
  246 I    -1  -5  -5  -6   3  -5  -5  -4  -5   4   3  -5   2   4  -6  -4  -2  -1  -2   2    5   0   1   0   5   0   1   1   0  19  27   1   5  16   0   1   3   1   1  13  0.77 0.41
  247 C    -6  -4  -5  -6  12  -7  -7  -6  -5  -6  -4  -5  -4  -4  -6  -5  -4  -9  -6  -7    1   2   1   1  85   0   0   1   0   0   3   1   0   1   1   1   1   0   0   0  3.93 1.49
  248 N    -1   1   2   1  -4   1   1   1   1  -3  -3   0  -2  -4   0   2   1  -4  -3  -3    5   9  10   9   0   6   8  10   3   1   3   6   1   1   5  14   7   0   1   2  0.23 0.21
  249 N    -2   0   2   2  -2   0   0  -1   2  -2  -1   0  -1  -2   1   1   1  -4   0  -2    3   5  10  10   1   4   4   5   5   3   6   5   2   2   8  13   9   0   3   3  0.15 0.15
  250 K     0   0   1   0  -4  -1   0  -2   0  -2  -3   1  -2  -1   4   2   0  -3  -1  -2    8   6   6   5   0   3   7   3   2   2   3  10   1   2  17  13   6   0   2   2  0.27 0.23
  251 I     0  -1  -2  -2  -3  -2  -1  -2  -1   3   1  -1   0   1   2   0   0   1   0   1    6   3   1   2   0   1   4   4   1  16  13   3   3   6  12   6   5   2   3   9  0.17 0.14
  252 L    -1  -3  -1  -2   0  -1  -1  -2  -2   1   2  -1   1   3  -1   0   2  -2  -1   0    6   1   3   2   2   3   4   3   1   7  19   4   4  13   3   6  14   1   2   5  0.18 0.16
  253 W    -1   2   1   0  -3   3   0   0   0  -2  -2   1   0  -2   0   0  -1  -1   0  -2    5  11   7   5   1  15   7   8   2   3   3  10   2   2   5   7   3   1   3   2  0.20 0.19
  254 L    -1   0   0   0  -1   0   1  -1   0  -1   0   1   0   0   1   0  -1  -1   0  -1    5   4   4   6   1   4  13   5   2   4  11   8   2   5   7   7   3   1   3   5  0.05 0.06
  255 I     0  -3  -3  -2   0  -4  -4  -4  -3   4   3  -4   2   2  -3  -3  -1   0  -1   2    7   2   1   2   2   1   1   1   1  23  25   1   4   8   2   1   4   1   2  13  0.50 0.29
  256 C    -5 -10  -6  -6  12  -6  -7  -8  -5  -2  -5  -9  -4  -2  -6  -6  -6  -9  -4  -6    1   0   0   1  85   1   0   0   0   2   2   0   1   2   1   1   1   0   1   1  4.03 1.55
  257 S     0   0   0   0   0   0   2  -1  -1  -1   0   0  -1  -1  -3   2   0  -1   0  -1    9   5   4   5   2   4  12   5   1   3   8   6   2   2   1  15   7   1   4   5  0.08 0.11
  258 E     0  -1   5   2  -3   0  -1  -2   0  -1  -1  -1  -1  -1  -5   1  -1  -2   0  -3    7   3  28  10   1   4   3   4   2   4   8   4   1   3   0   9   4   1   3   1  0.43 0.32
  259 F    -1  -5  -4  -5  -2  -5  -5  -3  -5   4   2  -6   1   4  -2  -2  -1   0  -2   2    6   0   1   0   1   0   1   2   0  20  21   0   3  15   2   4   4   1   1  15  0.64 0.36
  260 M    -3  -5  -3  -4  -4  -5  -5  -5  -5   4   4  -5   4   3  -6  -5  -2  -2   1   2    2   1   1   1   0   0   1   1   0  19  33   1   9  10   0   1   3   1   4  11  0.83 0.44
  261 S    -3  -2   1  -1  -2  -2  -1   0   0  -3  -1  -3  -1   6  -5   1   0  -1   3  -4    2   2   6   4   1   2   5   7   2   1   5   2   2  34   1  10   5   1   8   1  0.70 0.43
  262 L    -1  -3  -1  -2  -4   0  -3  -3  -3   1   4  -3   2   2  -3   0  -1  -2   1   0    6   1   3   2   0   4   2   2   1   8  34   1   4   8   2   8   3   0   4   6  0.38 0.27
  263 W    -1  -6  -4  -6  -5  -5  -7  -4  -4   5   3  -6   3   4  -6  -3  -2  -1  -1   1    5   0   1   0   0   1   0   2   0  29  23   0   6  13   0   2   3   1   2  10  0.89 0.46
  264 A     2  -5  -1  -2   5  -4  -4   1  -4  -2  -2  -5   0   3  -5   1   1  -1   0   1   16   1   4   2  10   0   1  12   0   2   4   0   2  12   0   9  10   1   3  10  0.40 0.30
  265 G    -5  -6  -1  -3  -8  -5  -6   7  -6  -9  -7  -7  -8  -5  -6  -2  -5  -2  -5  -7    1   1   3   2   0   1   1  84   0   0   1   0   0   1   1   3   1   1   1   0  2.36 1.07
  266 S    -3  -1  -3  -1  -1  -1  -1  -1   0  -1  -3  -1   0   5   3  -1  -2   3   4  -2    2   4   2   3   1   2   4   5   2   3   2   3   2  21  14   4   3   4  15   3  0.53 0.35
  267 N    -4  -4   5   6  -5  -3  -1  -1   2  -5  -6  -3  -3  -4  -1   1  -3  -6  -3  -4    2   1  25  37   0   1   4   4   4   1   1   1   1   1   3   9   2   0   1   1  1.13 0.62
  268 K    -1   0   0  -1  -2  -1   0  -2  -1  -2  -2   0  -2  -1   3   2   1   1   0  -2    5   6   4   3   1   2   7   3   1   3   4   6   1   3  17  17   8   2   4   3  0.25 0.23
  269 K    -1   0   2   2   3   1   2   0   2  -3  -4   2  -4  -5  -1   0  -1  -4  -2  -3    5   4   8  10   5   6  15   7   4   1   2  14   0   0   4   7   4   0   2   2  0.30 0.25
  270 N    -4  -1   4  -3   3   6   1  -3   2  -4  -2  -3  -1  -4  -4  -1  -2  -7   1  -4    2   3  18   2   5  33   8   3   4   1   4   1   1   1   1   5   2   0   4   1  0.89 0.57
  271 M    -4  -4  -3  -3  -5  -3  -5  -5  -2   3   3  -6   4   4  -6  -4   0  -1   1   1    1   1   2   2   0   2   1   1   1  15  30   0   8  17   0   1   6   1   4   7  0.77 0.43
  272 N    -5  -2   8   4  -7  -4  -1  -3  -2  -6  -6  -2  -5  -6  -2  -1  -2  -9  -4  -5    1   2  54  19   0   1   5   2   1   1   1   3   0   0   2   5   3   0   1   1  1.62 0.84
  273 Q     0   0  -1  -2  -3   1   0  -4  -1  -1  -2   2   3  -2   2   0   1  -1   1  -1    6   5   3   3   1   7   7   1   1   3   4  14   8   2  10   6   9   1   4   5  0.21 0.21
  274 S    -2  -3   0   2  -6  -2   1  -4  -2  -5  -5   0  -2  -6  -4   4   5  -8  -4  -4    3   2   4  10   0   1  10   1   1   1   1   5   1   0   1  24  33   0   1   1  0.87 0.59
  275 R    -1   5  -1  -3  -4  -1  -2  -5  -2   0   2  -1   3   0  -6  -3   0   0  -1  -1    4  31   3   2   0   3   2   1   1   6  17   4   7   4   0   2   6   1   2   4  0.55 0.37
  276 M    -3  -5  -6  -6  -4  -3  -5  -6  -7   3   4  -3   3   1  -7  -4   0  -1   0   2    3   1   0   0   0   1   1   1   0  15  41   2   7   6   0   2   5   1   3  11  0.85 0.47
  277 D    -1  -1  -2   1  -6  -1  -2  -2  -1  -5  -3  -3  -4  -4   7  -1  -3  -8  -3  -5    5   3   3   8   0   3   3   3   2   1   4   2   1   1  52   6   2   0   1   1  1.27 0.74
  278 V    -2  -1  -2  -2  -4  -2  -2  -4  -2   3   0  -1   0  -1  -5  -2   0  -6  -1   5    4   4   3   3   0   2   3   1   1  12  10   4   2   2   1   3   5   0   2  38  0.56 0.36
  279 Y    -3  -6  -8  -7  -4  -5  -7  -6  -4   5   1  -6   2   3  -8  -4  -3  -2   7   1    3   0   0   0   0   0   0   1   0  26  12   1   4  11   0   2   2   0  29   8  1.24 0.63
  280 M     0  -5  -3  -4  -3  -5  -4  -5  -3   1   4  -4   3   3  -5  -2   0  -1   1   1    8   1   1   1   1   0   1   1   1   8  35   1   7  13   0   3   6   1   4   8  0.63 0.38
  281 S     2  -1   1  -1  -2   0  -1   2  -1  -4  -4   0  -4  -5  -3   4   0  -3  -3  -4   17   3   7   3   1   4   4  17   1   1   2   5   0   0   1  25   6   0   1   1  0.45 0.36
  282 H    -4  -2   3  -3  -8   0  -4  -6   9  -4  -6  -2  -7  -2  -7  -3   0  -4   4  -3    2   2  11   2   0   5   1   1  49   1   1   2   0   2   0   2   6   0  10   2  1.88 0.89
  283 A     0  -4   0  -2   0  -2   0  -3   1   0   1  -3   0   4  -4   0   2   1   3   0    7   0   5   2   2   2   5   2   4   5  13   1   2  15   0   6  12   2   8   6  0.26 0.22
  284 P    -5  -4  -5  -6  -8  -6  -7  -4  -6  -4  -2  -6  -3  -2   8  -2  -4  -8  -1  -5    1   1   1   1   0   0   0   2   0   1   5   0   1   2  75   4   2   0   2   1  2.32 1.13
  285 T     5  -4  -2   1  -2   1  -3   0  -3  -5  -6  -6  -3  -6  -5   3  -1  -3  -7  -3   47   1   2   7   1   6   2   7   1   1   0   0   1   0   0  18   4   0   0   2  0.97 0.62
  286 G    -3  -4  -2  -3  -6  -6  -6   7  -5  -9  -7  -5  -6  -4   0   0  -2  -8  -2  -8    3   1   2   2   0   0   0  71   0   0   1   1   0   1   6   8   3   0   2   0  1.79 0.89
  287 S     2  -7  -6  -7   0  -6  -5  -1  -7   0  -3  -6  -2  -3  -6   2   6  -5  -5  -1   17   0   0   0   2   0   0   5   0   5   2   0   1   1   0  15  44   0   0   5  1.12 0.69
  288 S    -1  -8  -5  -6  -6  -7  -7  -3  -8  -7  -9  -6  -8  -9  -3   8  -4  -5  -8  -8    5   0   0   0   0   0   0   2   0   0   0   0   0   0   1  88   1   0   0   0  2.56 1.29
  289 V     0  -3  -3  -5  -4  -5  -5  -5  -6   2   1  -4   1   0  -5   0   4   0  -1   4    8   2   2   1   0   0   0   1   0  10  11   1   4   5   0   7  24   1   2  23  0.60 0.41
  290 H    -4   3   0  -4  -8   3  -5  -6  -1  -6  -5   6   0  -5  -6  -5  -5   2  -1  -8    1  16   5   1   0  12   0   1   2   0   2  50   2   1   0   1   1   3   2   0  1.47 0.79
  291 N    -3  -6   6  -1  -2   5  -3  -5  -6  -4  -3  -5  -1  -6  -5  -1   3  -5  -6  -1    3   0  31   3   1  26   2   1   0   1   3   0   1   0   1   5  18   0   0   4  1.18 0.72
  292 I    -1  -7  -6  -7  -4  -6  -7  -5  -7   4   4  -7   6   3  -5  -5  -5  -1  -2   2    5   0   0   0   0   0   0   1   0  18  31   0  15  11   1   1   0   1   1  13  1.07 0.56
  293 L     1  -1  -1  -3  -1   0  -1  -4  -2   3   2  -1   1   0  -5  -2  -2  -3   0   2   12   3   3   1   1   4   5   1   1  15  20   4   3   4   0   3   2   0   4  15  0.26 0.20
  294 H    -7  -5  -6  -8  -9   1  -7  -8  11 -10  -7  -6  -8  -5  -9  -7  -9  -2  -3  -8    1   1   0   0   0   6   0   0  87   0   1   1   0   1   0   0   0   1   1   0  4.01 1.60
  295 I    -5  -8  -7  -9  -2  -5  -7  -6  -4  -2   1  -8  -3   6  -9  -8  -5   8   7  -3    1   0   0   0   1   1   0   1   0   2  13   0   1  25   0   0   1  17  34   2  1.98 0.93
  296 K     3  -3  -3  -4   0  -2  -4   2  -1   0   0  -3   1   1  -5   1  -2  -4  -1   0   28   1   1   1   2   2   1  15   1   6  11   1   3   6   0  11   3   0   2   6  0.38 0.30
  297 Q    -7  -6  -6  -5 -10   9  -4  -9  -6  -8  -7  -5  -4 -10  -6  -6  -7  -9  -7  -9    0   0   0   1   0  93   1   0   0   0   1   1   0   0   0   1   0   0   0   0  3.51 1.61
  298 L     0   0   0   0   2   1   0   0   2   0   0  -1   1   1  -3   0   0  -2   1   0    6   6   6   6   6   6   6   6   6   6   6   0   6   6   0   6   6   0   6   6  0.04 0.10
  299 Y     0  -2  -1  -2   1  -1  -2  -2   1   3  -1  -1   3   1  -2  -2  -1   2   2   2    7   3   3   3   3   3   3   3   3  17   5   3   7   5   3   3   4   2   7  13  0.27 0.17
  300 H    -1   3   3  -1  -4   0  -1  -1   2  -1  -1   2  -1  -2  -2   0   0   0  -1  -1    5  15  13   3   0   4   3   5   4   4   7  11   2   2   1   7   6   1   2   4  0.17 0.18
  301 S    -1   0   1  -1   0  -2  -2  -3   0  -3  -3   0  -1  -2  -1   4   2   0   0  -2    5   5   5   3   2   2   2   2   2   2   3   6   1   2   4  31  14   1   3   3  0.39 0.37
  302 D    -2  -1   1   2   0  -1  -2   5   1  -4  -3   2  -2  -3  -2  -2  -3  -6  -3  -4    3   4   7  11   2   3   3  37   3   1   3  10   1   1   3   3   2   0   1   2  0.61 0.42
  303 E    -1   3   1   0  -1   0   1  -1   1  -2  -3   3  -2  -3  -3  -1   1  -5  -1  -2    4  15   7   5   1   4  11   5   3   2   2  18   1   1   1   3   9   0   3   3  0.29 0.26
  304 F    -4  -7  -7  -8   0  -2  -7  -8  -1  -1   0  -4   1   9  -2  -7  -2   0  -1  -2    2   0   0   0   2   2   0   0   1   3   7   1   3  65   2   0   3   1   2   4  1.95 0.94
  305 R     0   5  -2  -5   1   5  -1  -3   0  -3  -4   0  -2  -2  -3  -1  -1  -2  -2  -4    8  26   2   0   3  26   4   2   2   2   2   5   1   2   1   5   5   1   1   1  0.72 0.53
  306 A     0   3  -2  -3  -3   4  -2  -3   2  -5  -2   3   4  -2   0  -2  -3  -1   0  -4    9  13   2   1   1  19   2   2   4   0   3  19  10   2   4   3   1   1   3   1  0.55 0.44
  307 Y    -7  -4  -7  -7  -3  -3  -7  -7  -2  -3  -3  -5  -1   7  -7  -7  -6   1   8  -4    0   1   0   0   1   2   0   0   1   1   3   1   2  37   0   0   0   2  46   1  2.28 1.01
  308 D    -4  -6   1   8  -7  -3  -3  -4  -2  -7  -7  -3  -7  -7  -6  -2  -4  -7  -3  -7    1   0   6  78   0   1   1   1   1   0   1   2   0   0   0   3   1   0   1   0  2.32 1.06
  309 W    -4  -4  -4  -3  -6  -4  -3  -4   4  -4  -2  -5  -3   4  -5  -4  -4   5   8  -4    2   1   1   2   0   1   2   2   9   1   3   1   1  12   1   2   1   6  51   1  1.79 0.84
  310 G    -3  -3  -3  -1  -5  -2  -2   7  -2  -4  -4  -3  -5  -5  -3  -2  -3  -2  -1  -4    2   2   1   3   0   2   3  69   1   2   2   2   0   0   2   2   2   1   2   1  1.50 0.70
  311 N    -1   1   2   0   0  -1  -1  -1   0  -1   0  -1  -1  -2   0   2   1   1   0  -1    5   8   9   6   2   3   3   4   2   3   8   4   2   2   5  18   9   2   3   4  0.11 0.12
  312 D     0   0  -2   1  -1  -1   3  -3  -1  -1  -2   2  -1   0   3  -1  -1  -2  -2  -1    9   5   2   7   1   3  20   2   1   3   3  11   1   4  13   4   3   1   1   5  0.26 0.20
  313 A     1   0   0   0   0   0   1  -1  -1   1   0   1   0  -1  -2   0   1   0   0   0   11   4   3   6   2   2   8   3   1   8  10  10   2   2   1   7   8   1   3   8  0.04 0.05
  314 D    -1   2   0   0  -2   1   3   1  -2  -1  -1   3   0  -3  -2  -1  -1  -1  -2  -3    4   9   3   4   1   5  17  13   1   3   6  17   2   1   1   4   3   1   2   2  0.25 0.21
  315 N    -4  -6   9  -5  -7  -5  -3  -4  -2  -4  -5  -5  -2  -5  -3  -3  -4  -7  -6  -7    1   0  82   0   0   0   2   1   1   1   2   1   1   1   2   2   1   0   0   1  2.68 1.18
  316 M    -2   1  -3  -4  -4   1  -2  -4  -3   1   3   0   6   0  -4  -2  -3   0   1  -1    3   8   1   1   0   6   2   1   1   6  29   6  17   4   1   4   1   1   4   3  0.51 0.34
  317 K     0   2  -2  -1  -4   2   2  -2  -2   0  -1   3   1  -1  -2  -2  -3   1  -2  -1   10  10   2   3   0   9  13   3   1   7   7  19   3   2   2   2   1   2   1   5  0.26 0.23
  318 H    -2   3  -1  -3  -4  -2  -1  -2   5   1  -1   3   1  -3  -4  -2  -2  -3   1   0    4  15   3   1   0   2   4   3  15   9   7  16   3   1   1   3   2   0   4   6  0.44 0.30
  319 Y    -7  -7  -7  -7  -7  -6  -4  -5   0  -4  -5  -7  -6  -1  -4  -4  -5  -5  10  -6    1   0   0   0   0   0   1   1   2   1   1   0   0   2   1   2   1   0  84   0  3.24 1.36
  320 N    -5  -1   4  -4  -3   0  -3   6   1  -5  -5   0  -6  -5  -4  -2  -3  -6  -3  -6    0   4  15   1   1   4   2  53   4   1   2   6   0   1   1   3   1   0   1   0  1.24 0.66
  321 Q    -2   1   0  -2   1   6  -2  -3   1  -4  -4   0  -2  -4  -2   3   1  -3  -4  -3    3   6   4   2   2  31   2   2   3   1   2   4   1   1   2  23   7   0   1   2  0.75 0.53
  322 S     0   0   0  -1   1  -1   0  -2   1   0  -1   0   1   0   1   1   0   2   0  -1    7   4   4   4   3   3   7   3   3   7   6   5   4   5   7  12   7   3   3   5  0.06 0.08
  323 H    -1   0   0   0  -3   0   0  -1   2   0  -1   0   1   0   0   0   0   3   1   0    5   5   5   5   0   5   5   5   5   5   5   5   5   5   5   5   5   5   5   5  0.06 0.08
  324 P     0  -6  -2  -6  -7  -2  -6  -3  -6  -2  -2  -6  -1  -1   8  -3  -3  -7  -6  -1    8   0   2   0   0   2   0   2   0   3   4   0   2   3  65   2   2   0   0   4  1.79 0.84
  325 P    -2  -1  -2  -3  -6  -2  -3  -4   1  -3  -4  -2  -2  -3   8  -2  -2  -1  -2  -4    4   3   2   1   0   2   2   1   3   2   2   3   1   1  63   3   2   1   1   2  1.61 0.76
  326 I     0  -1   0   1  -1   1   2  -2  -1   1   0   1   0  -2   1   0   0  -4  -1  -1    7   3   4   9   1   6  15   1   2   8   8   7   2   2   6   8   5   0   1   4  0.10 0.12
  327 Y    -6  -6  -7  -7   0  -6  -7  -7   1  -1  -3  -7  -6   2  -7  -6  -6   2   9  -2    0   0   0   0   2   0   0   0   3   3   3   0   0   6   0   0   0   2  74   3  2.66 1.06
  328 D    -3  -2   5   5  -3  -1  -1  -3   1  -3  -4  -1  -5  -4   3  -2  -3  -6  -1  -4    2   2  27  27   1   3   4   2   3   2   2   4   0   1  13   2   1   0   2   1  0.82 0.49
  329 L    -3  -4  -6  -6  -2  -3  -4  -6  -5   2   5  -5   1   1  -2  -4  -1  -1  -2   2    1   1   0   0   1   1   1   0   0  11  51   0   3   4   3   1   5   1   1  14  0.85 0.46
  330 T    -1   0   1   0  -2   1   2   0  -1  -5  -4   2  -2  -3  -3   3   1  -5  -2  -5    4   6   7   4   1   6  14   7   2   0   1  12   1   1   1  25   9   0   1   0  0.39 0.33
  331 A     0   1   5   0  -5   1  -2  -3   1  -2  -2   4  -2  -4  -3  -1  -2  -6  -3  -4    7   8  28   5   0   5   2   2   3   2   4  26   1   1   1   3   1   0   1   1  0.65 0.44
  332 M    -3  -6  -2  -6  -1  -6  -6  -7  -3   6  -1  -6   4  -1  -6  -3  -2   0  -2   4    2   0   2   0   1   0   0   0   1  44   4   0  10   2   0   2   2   1   1  27  1.23 0.62
  333 K    -2   1   2   0  -5  -1  -2  -4   0  -2  -3   2  -3  -4   1   0   5  -5  -3  -2    2   7  10   4   0   3   2   1   2   2   3  14   1   1   6   7  33   0   1   2  0.53 0.41
  334 V     2  -3  -2  -4   2  -3  -4  -3  -3   2  -1  -3   1  -2  -2   0   2  -5  -3   3   19   1   1   1   4   1   1   1   1   9   5   1   3   2   2   8  15   0   1  25  0.43 0.34
  335 P    -4  -3  -3  -1  -3  -3  -3  -6  -2  -7  -6   0  -7  -5   8  -3  -5  -3  -3  -7    1   2   2   3   1   1   1   0   1   0   1   6   0   1  75   2   1   1   1   0  2.25 1.04
  336 T    -3  -5  -3  -6  -2  -4  -5  -5  -3   4   1  -4   3  -3  -5  -3   3  -1  -3   5    1   0   1   0   1   1   0   1   1  21  10   1   6   1   0   1  16   1   1  37  0.90 0.52
  337 A     4  -4  -2  -3  -3  -3  -3  -2   2  -1  -2  -3  -2   1  -4  -1  -1  -2   4   2   32   1   1   1   0   1   1   3   6   3   4   1   1   5   1   5   4   1  15  15  0.50 0.37
  338 I    -3  -6  -4  -5  -3  -5  -6  -6  -3   4   5  -6   3   1  -6  -5  -3  -5  -3   1    1   0   1   1   1   0   0   0   1  22  46   0   8   6   0   0   2   0   1  10  1.06 0.54
  339 W    -4  -6  -6  -6  -2  -4  -6  -4   2   2  -2  -6   1   6  -6  -3  -4   5   6  -1    1   0   0   0   1   1   0   2   4  12   4   0   3  36   0   2   1   6  24   4  1.36 0.65
  340 A    -2  -3  -3  -6  -1  -3  -4  -4   4  -2  -4  -5  -3   0  -6   1  -2   6   8  -2    4   2   2   0   2   1   1   1   8   2   1   1   1   3   0  11   3  11  44   3  1.40 0.71
  341 G     1  -6  -4  -5  -3  -5  -5   6  -3  -7  -7  -5  -6  -7  -4   4  -2  -6  -6  -4   12   0   0   0   1   0   0  54   1   0   0   0   0   0   1  26   2   0   0   1  1.44 0.74
  342 G     0  -1   0   2  -2   0   1   2   0  -2  -1   0  -2  -3   1   0   0  -4  -2  -2    6   3   4  13   1   4  10  17   2   1   8   7   1   1   6   7   5   0   1   2  0.16 0.15
  343 H    -1  -1   6   0  -3   0  -2   0   0  -4  -3   0  -3  -4  -5   1  -2  -4  -2  -5    6   3  44   5   1   5   3   7   2   1   3   6   1   1   0   8   3   0   1   0  0.83 0.49
  344 D    -4  -6  -4   9  -8  -5  -3  -6  -6  -7  -8  -6  -7  -8  -6  -5  -6  -8  -7  -7    1   0   0  94   0   0   1   0   0   0   0   0   0   0   0   0   0   0   0   0  3.02 1.19
  345 V    -1  -1   0  -3  -3  -1  -2  -2   0   1   0   0  -1   1   0  -1  -1   8   2  -1    5   4   5   1   0   2   2   3   2   7   8   5   2   6   5   4   4  23   7   4  0.56 0.33
  346 L    -3  -4  -5  -6  -3  -5  -4  -6  -6   2   5  -5   2   3  -5  -4  -3  -3  -1   0    2   1   1   0   0   0   1   0   0  10  59   0   4  10   1   1   1   0   2   6  1.09 0.54
  347 V     4  -5  -2  -5   1  -3  -4  -1  -5  -1  -2  -4  -2  -4  -4   2   1  -5  -4   2   37   0   2   0   3   1   1   4   0   4   3   0   1   0   0  17   8   0   1  16  0.64 0.44
  348 T     0  -2   2   4  -3  -1  -2  -2   2  -4  -4  -2  -3  -5   1   2   3  -5  -3  -1    6   2   8  25   0   2   1   3   5   1   1   1   1   0   7  16  17   0   1   4  0.54 0.38
  349 P    -1  -1  -3  -2  -4  -1   1  -4  -3   0  -2   1  -3  -3   6  -2  -1  -3  -1   1    5   4   1   2   0   3   9   1   1   5   4   7   1   1  36   3   4   0   2  11  0.66 0.41
  350 Q    -1   0   0   0   2   0   0  -1   2   0  -1   0   2   1   0  -1   0   4   1  -1    5   5   5   5   5   5   5   5   5   5   5   5   5   5   5   5   5   5   5   5  0.09 0.08
  351 D    -2  -1   1   6  -9   0   0  -2   1  -8  -9  -1   1  -9  -8  -2  -1   3  -8  -2    4   4   7  43   0   4   7   4   3   0   0   4   3   0   0   4   4   3   0   4  1.11 0.58
  352 V     0  -2   0  -5   0  -2  -2  -3  -4   3   0  -4   3  -1  -2  -2  -1  -5  -1   4    6   2   5   0   2   2   2   2   0  14   8   0   9   3   2   3   3   0   2  34  0.44 0.35
  353 A    -1   1   1   2  -1   3   3  -4   1  -1  -1   2   1  -2  -3  -3  -2   0  -1  -2    6   7   6  10   1  10  17   2   3   4   6  11   3   2   1   2   3   1   2   3  0.31 0.23
  354 R    -2   3  -1  -1  -6   0   0  -4   2   0  -1   3   0  -2  -3  -2  -1   5   1  -2    4  18   3   3   0   4   7   1   4   5   7  15   3   2   1   2   5   7   5   3  0.34 0.26
  355 I    -3  -4  -2  -8  -1  -7  -7  -5  -7   1   6  -7   2   1  -8  -4  -1   0  -1  -1    2   1   2   0   1   0   0   1   0   7  63   0   4   5   0   1   4   1   2   3  1.26 0.64
  356 L     1   1  -2  -4  -1  -1  -2  -3   0   1   2   1   0   1  -3   0  -1  -1   3   0   14   8   2   0   1   2   2   2   2   8  17   8   3   5   1   6   3   1   9   5  0.17 0.18
  357 P    -1   1   2   0  -6   1   0  -2  -1  -3  -4   2  -1  -3   3   2   0  -2  -3  -4    5   9  10   5   0   5   6   3   1   1   1  15   2   1  14  14   5   1   1   1  0.35 0.31
  358 Q    -1   2   1   1  -2   3   3  -4   0  -2  -2   2   1  -2  -2   0  -2  -6  -2  -2    5  10   6   6   1  11  17   1   2   3   5  13   3   1   2   6   2   0   1   3  0.29 0.27
  359 I    -4  -7  -4  -5  -3  -4  -7  -6  -1   3   6  -7   1  -1  -4  -5  -3  -2  -3  -1    1   0   1   1   1   1   0   1   2  12  67   0   3   2   1   1   2   1   1   3  1.38 0.72
  360 K    -3   0   0  -4  -7  -1  -3   0   1  -5  -3   1  -3  -4   6  -1   1  -8  -7  -4    2   5   4   1   0   3   1   7   4   1   3   9   1   1  44   6   8   0   0   1  1.03 0.64
  361 S    -2   0   7  -1  -2  -3  -3  -3   1  -3  -5   0  -2  -4  -1   1  -1  -8  -2  -4    3   6  47   3   1   1   2   2   3   1   1   6   1   1   4  11   5   0   1   1  1.06 0.66
  362 L     0  -2  -1  -4  -1  -3  -3  -4   2   2   3  -2  -1  -2   0  -2  -1  -3  -3   4    6   2   3   1   1   1   2   1   5  10  25   3   1   2   6   3   3   0   1  26  0.41 0.31
  363 H     0   0  -3  -1  -3  -1   0  -3   0   3  -1   1   0  -2  -3  -1   0  -3  -1   4    7   5   1   4   0   3   5   1   3  15   4  11   2   1   1   4   5   0   2  25  0.29 0.26
  364 Y    -1   0  -1   0  -5  -1   2   1   2  -1  -1   1   0   1  -3  -1  -1  -2   4  -1    5   4   2   6   0   2  12  12   4   4   6   7   2   6   1   5   3   0  14   3  0.18 0.20
  365 F    -1   0   1   0  -1  -2  -2  -3   3   1   0   1   0   1  -4   0   0   1   2   1    4   6   7   7   1   1   2   1   7   7  11   8   3   6   0   7   4   2   8   9  0.12 0.15
  366 K    -4   0   1  -3  -2   0   1  -4   3   2  -3   2  -1   1  -6  -3  -1  -2   5   2    1   5   6   1   1   4   9   1   7  10   2  12   1   6   0   1   4   1  17  13  0.44 0.35
  367 L    -2   2   0  -1  -2   0   2  -4   1  -1   0   1  -1  -1   1  -1  -1  -4   1   0    3  11   5   3   1   4  12   1   4   4  12  11   2   3   7   3   3   0   4   8  0.15 0.17
  368 L    -4  -4  -3  -1  -4  -3  -3  -6  -2   5   1  -5  -1   1  -3  -5  -4   0   2   4    2   1   2   3   0   1   2   0   1  26  15   0   1   5   2   1   1   1   7  30  0.83 0.50
  369 P    -1  -2   0   1  -4  -2   2  -5  -1  -5  -6   2  -4  -5   7  -1  -2  -8  -4  -6    4   2   4   7   0   2  13   1   1   1   1  10   0   1  44   4   2   0   1   0  1.14 0.72
  370 D    -3  -1   3   4  -6   0   1   0   3  -5  -4   2  -3  -4  -4   0  -1  -2   0  -5    2   3  14  22   0   4  10   7   8   0   2  11   1   1   1   7   5   1   4   1  0.53 0.39
  371 W    -5  -9  -9  -9  -4  -6  -9  -7  -4  -4  -4  -9  -3   8  -9  -6  -6   8   6  -5    1   0   0   0   0   0   0   1   0   1   2   0   1  53   0   1   1  16  22   1  2.56 1.17
  372 N     0  -5   7   0  -4  -2   0   1  -2  -6  -6  -4  -3  -8  -7   2   1  -8  -5  -5    8   0  45   4   0   2   6  10   1   1   1   1   1   0   0  12   8   0   0   1  1.18 0.73
  373 H    -9  -8  -3  -5 -10  -7  -8  -9  12 -10 -10  -8  -9  -9  -9  -8  -9  -9  -3 -10    0   0   1   1   0   0   0   0  96   0   0   0   0   0   0   0   0   0   1   0  4.56 1.79
  374 F    -1  -6  -2  -5  -1  -4  -4  -1  -6   2   4  -5   4   2  -4  -3  -2  -1  -1   1    4   0   2   1   1   1   1   5   0  12  38   0   9   9   1   2   3   1   2   8  0.64 0.38
  375 D    -5  -8  -2   8  -4  -7  -2  -5  -2  -9  -9  -7  -9  -9  -8  -2  -3  -9  -9  -9    1   0   2  85   1   0   3   1   1   0   0   0   0   0   0   3   2   0   0   0  2.74 1.21
  376 F    -7  -8  -9  -7  -3  -8  -9  -9  -2  -4  -2  -9  -1   9  -5  -8  -8  -5   3  -5    1   0   0   0   1   0   0   0   1   1   4   0   2  78   1   0   0   0   9   1  2.83 1.17
  377 V    -2  -7  -6  -8  -3  -3  -6  -7  -3   4   3  -7   4  -1  -5  -5  -1  -7  -3   4    3   0   0   0   1   2   0   0   1  24  26   0   9   3   0   0   5   0   1  25  1.01 0.54
  378 W    -5  -6  -6 -10  -4  -6  -6  -7  -3   1   0  -9   3   3  -9  -5  -2  11   3  -2    1   0   1   0   1   0   0   0   1   7   8   0   5  12   0   1   3  46  10   3  2.27 1.02
  379 G     4  -7  -3  -4  -7  -7  -7   5  -1  -6  -6  -5  -7  -8  -5   2  -5  -8  -5  -7   36   0   1   1   0   0   0  45   1   0   1   0   0   0   1  13   0   0   0   0  1.50 0.80
  380 L    -2   1   0  -1  -5  -1   0  -4  -3   2   0   3   2  -3  -3  -1   1  -3  -2   0    3   8   5   3   0   2   6   1   1  11  10  22   5   1   1   4   8   0   1   7  0.28 0.25
  381 D    -5   0   5   6  -8  -1  -1  -2   2  -4  -6  -1  -7  -5  -5  -2  -1  -8  -2  -7    1   5  26  40   0   2   3   4   5   1   1   3   0   1   0   2   4   0   1   0  1.22 0.67
  382 A     5  -5  -2  -7   0  -4  -6  -4  -7   1  -2  -6   2  -4  -5  -1  -1  -7  -6   3   51   1   2   0   2   1   0   1   0   7   4   0   4   1   0   4   3   0   0  20  1.09 0.64
  383 P     0   2   1   0  -5  -2  -1  -1   1  -3  -4   4  -1  -3   2  -1  -1  -3   0  -1    8  13   7   6   0   1   3   4   4   2   1  22   2   1  12   3   4   0   4   4  0.37 0.30
  384 Q    -2   0   0   2  -6   2   4  -3   0  -2  -4   3  -3  -4  -1   1   1  -3  -2  -2    2   5   3   9   0   7  23   1   2   3   2  16   1   1   3   9   8   0   2   3  0.41 0.33
  385 R    -3   0  -3  -1  -2   0  -1  -4  -2   0   4  -1   2   0  -6  -3  -2  -2   2   1    1   6   1   4   1   4   5   1   1   4  40   4   5   3   0   1   3   1   8   8  0.48 0.34
  386 M    -3  -7  -5  -7  -3  -7  -7  -7  -7   4   3  -7   0  -1  -7  -6  -4  -6  -3   6    2   0   1   0   1   0   0   0   0  18  26   0   2   3   0   1   1   0   1  45  1.34 0.65
  387 Y    -5  -7   3  -7  -5  -4  -7  -7   2  -4  -4  -5  -2   3  -8  -5  -2  -1   9  -5    1   0  14   0   0   1   0   0   5   1   2   1   1   9   0   1   3   1  61   1  2.23 1.02
  388 S    -2   0   3   4  -6   0   1  -3  -2  -5  -3   2  -3  -4   3   0  -2  -7  -4  -3    3   5  15  23   0   4   9   2   1   1   2  12   1   1  12   7   2   0   1   2  0.57 0.40
  389 E    -3   2   0   2  -2   0   0  -4   3  -4  -4   3  -3  -3   4  -1  -2  -6   0  -3    1  12   4  13   1   3   7   1   7   1   2  18   1   1  17   4   2   0   4   3  0.52 0.38
  390 I    -2  -7  -6  -8  -3  -7  -7  -8  -8   6   2  -7   3  -3  -6  -6  -3  -7  -6   4    4   0   0   0   0   0   0   0   0  42  17   0   6   1   0   0   2   0   0  26  1.41 0.67
  391 I    -3  -6  -5  -5  -6  -6  -6  -8  -4   5   4  -4   2   0  -7  -4  -3  -7  -3   2    2   0   1   1   0   0   0   0   1  35  33   1   5   4   0   1   2   0   1  13  1.12 0.57
  392 A     0   1   2   3  -6   2   3  -2   0  -5  -4   2  -4  -5  -3   1  -1  -4  -3  -4    8   6   9  13   0   8  19   2   2   0   1  14   0   0   1  10   3   0   1   1  0.47 0.36
  393 L    -2  -3  -1  -2  -3  -3  -3  -5  -1   3   3  -2   2   3  -6  -2  -1  -4   2   1    4   1   3   3   0   1   1   0   1  19  23   2   6  10   0   3   4   0   6  10  0.44 0.29
  394 M    -4  -7  -8  -8  -3  -7  -8  -8  -5   4   4  -7   7   2  -8  -6  -5  -7  -4  -1    2   0   0   0   1   0   0   0   0  24  39   0  21   8   0   0   0   0   0   3  1.48 0.72
  395 K    -2   3   3   1  -7   3   2  -3   1  -5  -3   4  -3  -5  -4   0  -3  -7  -3  -5    3  12  15   7   0  11  14   1   3   1   2  22   1   0   0   5   1   0   1   0  0.65 0.44
  396 A    -1   2   3  -1  -6   2   0  -3  -1  -6  -3   5  -2  -5  -5   1  -1  -3  -3  -4    6  12  12   2   0   9   5   2   2   0   3  32   1   0   0   9   3   0   1   1  0.65 0.44
  397 Y    -8  -8  -2  -9  -8  -7  -8  -9   6  -4  -4  -8  -7   5  -9  -6  -8   1   9  -7    0   0   2   0   0   0   0   0  15   1   1   0   0  23   0   0   0   1  55   0  2.57 1.08
  398 S     2  -4   6  -3  -5  -4  -4  -4  -4  -6  -6  -4  -5  -6  -5   4   2  -7  -6  -5   14   0  41   0   0   0   0   0   0   0   0   0   0   0   0  32  13   0   0   0  1.31 0.63

                      K         Lambda
Standard Ungapped    0.1372     0.3220
Standard Gapped      0.0503     0.2670
PSI Ungapped         0.1644     0.3176
PSI Gapped           0.0503     0.2670
