
Last position-specific scoring matrix computed, weighted observed percentages rounded down, information per position, and relative weight of gapless real matches to pseudocounts
            A   R   N   D   C   Q   E   G   H   I   L   K   M   F   P   S   T   W   Y   V   A   R   N   D   C   Q   E   G   H   I   L   K   M   F   P   S   T   W   Y   V
    1 M    -5  -5  -6  -7  -5  -5  -6  -7  -6   0   2  -5  10  -4  -7  -6  -5  -5  -5  -3    0   0   0   0   0   0   0   0   0   5  15   0  80   0   0   0   0   0   0   0  2.58 0.94
    2 E    -2  -2   1   5  -5   1   4  -3  -3  -4  -5   0  -4  -6  -4   1   1  -6  -5   0    2   2   5  29   0   5  25   1   0   0   0   4   0   0   0  13   7   0   0   7  0.68 0.43
    3 F    -3  -2   1   1  -1  -2  -3  -3  -3   1   1  -2  -2   4  -3  -1   1   1   3   0    0   2   7   8   1   1   0   2   0   9  12   1   0  21   1   4  10   2  12   8  0.32 0.28
    4 K    -4  -1   1   4  -1  -2   3  -5  -1  -4  -2   0  -4  -2   3   0   0  -5   2  -1    0   3   6  21   1   1  19   0   1   0   4   5   0   1  12   6   6   0   8   5  0.45 0.37
    5 L    -1  -2  -1   0  -2  -3  -2  -5  -4   0   3  -4   4   1  -1   0   1  -5  -1  -1    5   2   4   6   1   1   2   0   0   5  31   0  11   6   4   6  10   0   2   3  0.35 0.31
    6 E    -3  -2   2   3  -5   0   3  -3  -1  -3  -3  -1   0   0  -3   2   1  -5   2  -2    1   1  11  16   0   3  20   1   1   2   2   4   2   3   1  13   7   0   8   3  0.41 0.36
    7 E    -2  -2   1   3  -3   2   3  -3   1  -5  -2  -2  -1  -2  -3   2   1  -6  -1  -2    3   2   5  17   1   8  22   2   3   0   4   2   2   1   1  15   9   0   2   2  0.44 0.37
    8 H    -2  -2   3   1  -5   0   1  -4   3  -1  -1  -2   0   1  -1   2  -1  -4   4  -2    2   1  12   6   0   4   9   1   7   4   6   1   3   5   3  15   4   0  13   3  0.28 0.28
    9 F    -2  -3   0  -1  -2  -4  -4  -6  -2  -2   0  -6   4   6  -3  -1  -2   1   3   1    3   1   4   5   1   1   1   0   1   1   8   0   9  32   2   6   2   2  10  12  0.76 0.48
   10 N    -4  -5   8   0  -9  -3  -3  -5  -7 -10 -10  -3  -9  -4  -3   2  -3 -10  -2  -4    2   1  66   5   0   1   2   1   0   0   0   2   0   1   2  12   2   0   2   2  2.06 1.05
   11 K    -1  -2   2   1  -3   0   0   0   0   0   0  -1  -2  -2  -4   2   1   4  -2  -2    6   2   8   8   1   4   6   7   3   7   9   4   1   2   1  14  10   5   1   2  0.17 0.18
   12 T    -4  -5   0  -1  -1  -5  -3  -1  -3  -2  -6  -7  -1  -2  -4   5   5  -3  -2  -4    1   1   5   4   1   1   2   5   1   3   1   0   2   2   1  37  31   0   1   1  1.07 0.70
   13 F    -2  -5   2  -3  -4  -5  -4  -1  -6  -1   1  -5   3   5  -3  -1  -1   4   2   1    4   1  10   2   0   0   1   5   0   3  14   1   6  23   2   5   3   5   7   8  0.60 0.38
   14 V     0  -3   1   0  -3  -2  -1  -1  -2   2   0  -3   3   0   1   0   1   1   1   0    7   1   7   6   0   2   4   5   1  10   8   1   6   5   8   6  10   2   5   7  0.13 0.14
   15 T     0  -4   1   1  -3  -1  -1  -1   0  -1   0  -4   3  -2   0   2   3  -3  -2  -3    8   1   7   7   1   2   4   4   2   4   9   1   6   2   6  14  17   0   2   2  0.26 0.24
   16 E    -2  -4   4   2  -4   0   2  -1   0  -3   0  -2  -2  -3   1   1  -1  -2  -2  -2    4   1  17  10   0   4  14   5   2   2   8   3   1   1   7  12   4   1   2   3  0.34 0.29
   17 N    -4  -5   8   0 -10  -2  -1  -3  -1  -4  -6  -2  -9  -1  -4   2  -1  -1  -5  -3    2   1  51   6   0   2   4   3   1   2   1   3   0   3   1  13   4   1   1   2  1.41 0.77
   18 N    -2  -5   6   0   1  -2  -1  -2   0   0  -3  -2  -2  -3  -6   3   1  -1  -1  -2    4   1  28   6   3   2   4   3   2   5   3   3   1   2   0  19   7   1   3   3  0.66 0.43
   19 T    -5  -4   3  -2   1  -2  -2  -4  -5  -3  -4  -4  -2  -1  -5   4   6  -9   0  -2    1   1  10   3   2   2   3   2   0   2   3   1   1   3   1  22  36   0   3   3  0.96 0.60
   20 A     1  -3   2  -1   3  -3  -1  -2   0  -2  -1  -2  -1  -2  -4   3   4  -1  -3  -1   10   1   9   4   6   1   5   4   2   3   6   2   1   2   1  17  19   1   1   5  0.37 0.29
   21 A     1  -2   2  -1  -2  -1  -1   0  -1   0   0  -2   0   0  -1   1   1  -3   1   0   12   2  10   4   1   3   4   8   2   5   9   2   2   3   4  12   7   0   4   5  0.10 0.11
   22 A     0  -3   3   1   3  -2   0   0  -1   0  -1  -3  -1  -3  -2   2   1   2  -2   0    7   1  12   6   5   2   5   7   2   5   6   1   2   1   2  15   8   2   2   8  0.20 0.18
   23 R    -1   0   1   2  -1   0   1  -2  -3  -2  -1  -2   1  -1   0   1   2  -1   1  -1    5   5   7  11   1   3   8   3   1   3   6   2   3   2   4  10  13   1   5   4  0.17 0.17
   24 N    -1  -4   7   1  -1  -2  -2   0  -2  -4  -4  -6   0  -4  -1   1   1  -4  -3  -5    5   1  40   8   1   2   4   7   1   1   2   0   2   1   3  11   7   0   1   1  1.00 0.59
   25 A     0  -1   0   0   0  -1   1   0  -1   0   0  -3  -1   0  -1   1   1  -1   0   0    8   3   4   6   2   3  10   6   1   7   8   1   1   5   3  12  10   1   4   6  0.07 0.10
   26 A    -1  -4   2  -1   0  -2  -1  -2  -3  -2  -1  -3  -2  -2   0   3   3  -2   2  -2    4   1  10   4   2   2   4   3   1   2   7   1   1   1   6  21  19   1   8   3  0.40 0.34
   27 F    -1  -3   1   1   2  -1   0  -2   0   0   1  -3   1   3  -1   0  -1   0   3   0    4   1   6   7   4   2   5   2   2   4  13   1   4  11   4   7   4   1   9   6  0.15 0.14
   28 P    -1  -3   2   2  -3   0   1  -3  -3  -1  -1  -3  -2   1   4   0   1   0  -2  -2    4   2   8  11   1   3  10   2   0   4   6   2   1   5  18   8   9   1   2   3  0.30 0.26
   29 A     0  -2   1   1   1   1   0  -1  -1  -2  -2  -2  -1   1   1   2   2  -1   0  -1    7   2   6   9   3   6   5   5   1   3   4   2   2   6   6  13  12   1   3   5  0.11 0.14
   30 W    -2  -3  -1   1   0  -1   1  -2  -1  -1  -1  -3   0   3   1  -1   1   5   3  -3    3   1   3   7   2   3  10   3   2   4   7   2   2  12   7   5   8   9  10   2  0.32 0.25
   31 E    -2  -1   0   3  -1   1   3  -1   0  -2  -2  -2  -2  -2   0   1   0  -3   1  -1    2   3   5  13   1   7  21   4   2   2   4   2   1   2   4  13   5   0   4   4  0.28 0.25
   32 D    -2  -2   2   4  -3  -1   2  -1   1  -2  -2  -2  -2  -2   1   0  -1  -5   0  -3    3   2   8  25   0   3  13   5   3   3   5   2   1   2   6   8   4   0   4   2  0.37 0.28
   33 Y    -2  -3   1   0   1  -1  -1  -2   0   0  -1  -3  -2   2   0  -1  -1   3   6   0    3   2   7   5   3   3   3   3   2   6   6   1   1   9   6   4   4   3  24   5  0.41 0.29
   34 R    -1   1  -1   0  -1   0   0  -2   0   1   0   0  -1   0   2   0  -1   0   1   0    4  10   3   7   1   3   5   3   2   8  10   4   2   3  10   6   3   1   7   6  0.07 0.09
   35 G     0   0   0   0  -2   0   0   0   2  -1   0   0   0   1   0   0   1   0   1  -1    6   3   5   5   1   5   5   9   6   2   8   8   2   8   4   6   9   1   4   3  0.04 0.06
   36 S     0   0   1   0  -4   0   0  -1   3  -1  -1  -1   0  -1   2   2   0  -1   0  -1    6   4   6   6   0   5   5   4   8   4   6   2   2   2   9  18   5   1   3   4  0.14 0.16
   37 V    -1  -1   0  -1  -2   0  -1  -1   1   0   0  -1   0  -1   2   1   1   1   1   1    4   3   5   4   1   4   2   3   4   6  11   3   2   2  11  11   8   2   5   9  0.08 0.10
   38 D    -1  -1   0   1  -2   1   1  -2   1  -1  -1  -1  -1  -1   3   1   1   2   0  -2    5   3   5   9   1   6   9   3   3   3   7   3   2   2  15   9   9   3   3   1  0.18 0.17
   39 D     0  -2  -1   1  -2   0   1  -1  -1   0  -1  -1  -1  -1   2   0   0   2   0   0    8   1   3   8   1   3  12   5   1   7   6   2   1   2  12   7   7   3   4   6  0.10 0.11
   40 L    -1  -2  -2  -2  -3  -2  -1  -2  -1   2   1  -2   2   2  -2  -1   0   3   1   2    5   2   2   2   0   2   5   2   1  10  15   2   5   9   2   4   6   4   5  18  0.16 0.15
   41 Q    -1   1   1  -1  -3   3   1  -3   0  -1  -1   1   1  -1   0   0   1  -2  -1   0    5   8   6   2   0  14  11   1   2   4   6   9   4   3   5   4   8   1   2   6  0.13 0.16
   42 Y     0  -3  -2  -4  -1  -3  -3  -3  -2   3   0  -3   0   1  -2  -1   0   6   3   2   10   1   3   0   1   1   1   1   1  20   7   1   1   6   2   4   6  10   9  15  0.36 0.27
   43 F     0  -4  -3  -3  -1  -3  -3  -3  -2   3   2  -3   1   3  -1  -1   0   3   0   2    7   0   1   1   1   0   1   1   1  18  18   0   3  13   2   4   5   5   3  17  0.31 0.23
   44 L    -1  -2  -4  -4  -1  -2  -3  -3  -2   2   3  -2   1   3  -2  -2   0   3   0   1    4   3   0   0   1   1   1   1   1  12  33   2   2  15   2   3   5   4   2   8  0.34 0.25
   45 I     0  -3  -2  -4   1  -3  -3  -2  -1   4   1  -3   1   0  -1   0   0   0   0   2    8   0   1   0   3   0   1   3   1  30  11   0   3   2   3   7   5   1   4  14  0.26 0.23
   46 G     1  -3  -3  -3   1  -1  -2  -1  -3   2   1  -3   1   1   0   0   0  -3  -1   2   12   0   0   0   4   2   1   5   0  17  15   0   3   7   4   6   7   0   1  15  0.15 0.16
   47 L     0  -3  -3  -4   2  -3  -3  -2  -3   2   3  -3   2   1  -2  -1   0  -3  -1   2   10   0   0   0   4   0   0   3   0  11  33   0   5   8   2   5   5   0   2  12  0.28 0.22
   48 Y    -2  -4  -2  -5   0  -2  -4  -2   1  -1   0  -4  -1   4  -2  -2  -2   1   7  -1    3   0   2   0   2   2   0   3   3   2   7   0   2  14   2   2   2   2  48   5  1.00 0.51
   49 T     1  -2  -1  -2   2  -2  -2   1  -3   1   1  -2   0   0  -1   1   1  -3  -2   1   10   0   3   0   5   0   0  12   0   7  12   0   3   5   3  15  12   0   0  11  0.12 0.14
   50 F     0  -3  -2  -3   1  -2  -1  -1   0   2   2  -2   3   1   0  -1   0  -3  -1   1    6   0   0   0   4   0   4   5   4  13  20   0   9   6   5   5   5   0   0  11  0.13 0.14
   51 V    -1  -3  -1  -3   1  -1  -1  -3  -3   3   1  -2   2   0   0  -1   1  -3   0   2    5   0   4   0   4   4   4   0   0  26   9   0   5   4   4   4  10   0   4  12  0.17 0.17
   52 S    -3  -6  -6  -6   2  -6  -6  -4  -5   4   0  -6   3   7  -6  -1  -1  -3  -2   0    2   0   0   0   4   0   0   1   0  21   6   0   7  44   0   6   5   0   0   5  1.13 0.51
   53 L    -1  -5  -6  -6   2  -5  -5  -5  -6   4   4  -5   0   1  -3  -3  -1  -3  -4   3    5   0   0   0   4   0   0   1   0  20  34   0   2   6   1   1   4   0   0  23  0.73 0.37
   54 L    -1  -5  -5  -6   2  -5  -5  -4  -5   2   3  -5   2   2  -5  -2   0  -3  -3   3    5   0   0   0   5   0   0   1   0  12  31   0   4  10   0   2   5   0   0  24  0.63 0.34
   55 G     3  -5  -3  -4   3  -5  -5   5  -5  -3  -5  -4  -5  -6  -5   2   1  -6  -6  -3   22   0   0   0   5   0   0  45   0   1   0   0   0   0   0  16   8   0   0   1  1.05 0.51
   56 F    -1  -5  -6  -6  -2  -5  -5  -4  -6   4   3  -5   1   1  -5  -2   0  -5  -4   4    5   0   0   0   1   0   0   1   0  19  27   0   3   5   0   3   5   0   0  32  0.77 0.39
   57 M    -1  -5  -5  -6   1  -5  -5  -1  -5   4   2  -5   0   3  -4  -2   1  -4  -2   3    5   0   0   0   3   0   0   5   0  21  15   0   1  14   0   2   8   0   0  24  0.58 0.33
   58 G    -4  -7  -5  -6  -4  -7  -4   8  -7  -5  -8  -6  -8  -6  -7  -4  -5  -8  -8  -7    1   0   0   0   1   0   2  94   0   1   0   0   0   0   0   0   1   0   0   0  2.57 0.93
   59 N    -6  -6   9  -4  -8  -4  -6  -6  -5  -9  -9  -6  -8  -9  -8  -4  -5  -9  -8  -9    1   0  98   0   0   0   0   0   0   0   0   0   0   0   0   1   0   0   0   0  3.30 1.18
   60 L     1  -4  -4  -4   1  -4  -4   0  -4   2   2  -4   0   1  -4   2   1  -3  -2   2   11   0   0   0   3   0   0   8   0  14  18   0   2   5   0  16   9   0   1  12  0.30 0.25
   61 L    -1  -6  -6  -7   2  -6  -6  -5  -6   1   5  -6   3   1  -6  -3  -2  -5  -4  -1    4   0   0   0   4   0   0   1   0   8  63   0   5   5   0   3   3   0   0   4  1.11 0.52
   62 I    -4  -7  -8  -8  -5  -7  -6  -8  -8   2  -1  -7  -1  -3  -7  -6  -2  -7  -6   7    1   0   0   0   0   0   0   0   0   9   5   0   1   1   0   0   2   0   0  81  1.98 0.80
   63 L    -3  -7  -7  -7   8  -6  -7  -7  -7   6   1  -7   1  -1  -7  -5  -5   0  -5   2    2   0   0   0  25   0   0   0   0  43   9   0   4   3   0   0   0   1   0  13  1.49 0.61
   64 M     0  -4  -4  -6   0  -4  -5  -4  -1   2   2  -4   2   3  -5  -3  -1   4   4   1    7   1   0   0   2   0   0   1   2  13  18   0   4  13   0   2   4   6  17  11  0.58 0.32
   65 A     3  -6  -5  -6  -2  -5  -5  -5  -6   3  -2  -5  -1  -2  -5  -1   1  -6  -5   5   23   0   0   0   1   0   0   0   0  15   3   0   1   1   0   5   8   0   0  41  0.89 0.48
   66 V    -4  -6  -5  -7  -5  -6  -6  -7  -7   5   1  -6   0   1  -6  -5  -1  -5  -4   6    0   0   1   0   0   0   0   0   0  28   9   0   2   5   0   0   3   0   0  50  1.34 0.58
   67 M     1  -3  -4  -5   2  -2  -4  -3  -3   2   2  -3   2   2  -4  -1   0   2   1   1   14   1   0   0   5   1   0   2   1  12  21   1   6   9   0   4   5   2   5  10  0.32 0.23
   68 K    -1   6  -3  -5   0   0  -3  -2  -2  -3  -1   3  -2  -2  -4  -1   1  -2  -4  -3    4  38   0   0   2   4   0   3   1   2   6  20   1   2   0   5   9   1   0   2  0.72 0.42
   69 K    -3   0   5   0  -2   0   0  -1   4  -3  -4   1  -3  -1  -4   1   0  -5   2  -3    1   5  28   4   1   4   5   4  10   1   1   7   0   3   0  11   6   0   6   2  0.48 0.32
   70 R    -3   6  -3  -4  -3   0  -3  -4   1  -5  -5   5  -5  -7   3  -2  -2  -2  -4  -4    1  39   1   0   1   3   1   1   3   1   0  30   0   0  12   2   2   1   1   1  1.14 0.57
   71 N     0   5   0  -3  -3   1   0  -4   3  -5  -4   2  -3  -5  -2   1  -2  -2  -1  -4    7  34   5   1   0   6   4   1   7   0   1  14   0   0   2  11   2   1   2   1  0.64 0.38
   72 Q    -5  -4  -7  -7  -4  -3  -5  -7  -6  -2   4  -3   9  -2  -5  -2  -4  -3  -4  -3    0   1   0   0   0   1   1   0   0   1  32   2  53   1   1   4   1   0   1   0  1.88 0.79
   73 K    -5   7  -3  -5  -5   4  -4  -6   5  -7  -6   2  -5  -7  -6  -4  -5   0  -4  -6    1  57   1   0   0  17   0   0  12   0   0   9   0   0   0   0   0   1   0   0  1.74 0.75
   74 T    -3  -3   3  -3  -3  -4  -5  -4  -4  -2  -6  -3  -4  -6  -5   3   7  -7  -6  -3    1   2  12   1   1   0   0   1   0   2   0   2   0   0   0  19  58   0   0   1  1.39 0.69
   75 T     0  -4  -5  -2  -3  -4  -5  -6  -6   3  -2  -4  -2  -4   1  -2   1  -6  -5   6    8   1   0   2   0   0   0   0   0  12   3   1   0   0   7   3   7   0   0  54  0.96 0.50
   76 V    -2   0  -3  -5  -3   1  -4  -5  -4  -2  -3  -3  -3  -6  -3  -1   7  -7  -5  -3    2   6   1   0   1   7   1   0   0   2   3   1   1   0   1   4  70   0   0   1  1.52 0.74
   77 N    -7  -2   9  -3  -5  -4  -4  -4  -2  -8  -8  -5  -7  -5  -7  -3  -4  -9  -2  -7    0   2  90   1   0   0   1   1   1   0   0   0   0   1   0   1   1   0   2   0  2.76 1.04
   78 F    -3  -4  -5  -6   0  -4  -6  -6  -2   3   1  -5   3   4  -4  -3  -2   1   6   1    1   1   0   0   2   0   0   0   0  16  14   0   6  19   1   1   2   2  26   8  0.90 0.44
   79 L    -7  -7  -8  -8  -4  -8  -8  -8  -6  -4   2  -8  -2   9  -8  -7  -7  -4   4  -5    0   0   0   0   0   0   0   0   0   0  15   0   1  73   0   0   0   0  10   0  2.44 0.88
   80 I    -5  -7  -8  -8  -5  -7  -7  -8  -7   7   4  -7  -1  -3  -7  -7  -4  -6  -5   0    0   0   0   0   0   0   0   0   0  58  35   0   1   1   0   0   1   0   0   5  1.73 0.69
   81 G     2  -4  -5  -6   2  -5  -5  -1  -5   1   2  -5   2   0  -5  -3   0  -5  -4   4   16   0   0   0   4   0   0   5   0   6  23   0   5   4   0   1   5   0   0  31  0.57 0.35
   82 N    -5  -5   8  -4  -7  -5  -5  -4  -3  -8  -8  -5  -7  -8  -7   4  -3  -9  -5  -8    0   0  71   0   0   0   0   1   0   0   0   0   0   0   0  26   1   0   0   0  2.36 0.96
   83 L    -6  -7  -7  -9  -6  -5  -8  -9  -8  -2   7  -7   1  -4  -8  -7  -6  -6  -6  -3    0   0   0   0   0   0   0   0   0   0  96   0   2   0   0   0   0   0   0   1  2.27 0.88
   84 A     7  -6  -5  -6  -1  -5  -6  -4  -6  -6  -6  -5  -6  -7  -6   2  -3  -7  -7  -5   84   0   0   0   1   0   0   1   0   0   0   0   0   0   0  11   1   0   0   0  1.98 0.88
   85 F    -1  -6  -6  -6   2  -5  -6  -5  -6   4   2  -5   0   1  -6  -2  -1  -3  -3   5    6   0   0   0   4   0   0   1   0  23  15   0   2   7   0   3   3   0   0  37  0.85 0.43
   86 S     5  -5  -4  -5   0  -5  -5  -1  -6  -5  -6  -5  -5  -7  -5   5   0  -7  -6  -4   48   0   1   0   2   0   0   5   0   0   0   0   0   0   0  39   5   0   0   1  1.35 0.69
   87 D    -7  -7  -3   9  -5  -6  -4  -7  -7  -9  -9  -6  -9  -9  -7  -6  -6 -10  -9  -9    0   0   1  99   0   0   0   0   0   0   0   0   0   0   0   0   0   0   0   0  3.22 1.16
   88 I    -3  -6  -7  -6  -2  -6  -7  -6  -7   4   5  -6   2   2  -7  -6  -3  -1  -4   0    2   0   0   0   1   0   0   0   0  23  55   0   4   8   0   0   1   1   0   5  1.21 0.55
   89 L    -1  -6  -5  -7   2  -5  -6  -5  -6   2   5  -6   4   0  -6  -2   0  -5  -4   0    5   0   0   0   3   0   0   1   0  10  53   0   9   4   0   3   6   0   0   6  0.92 0.47
   90 V    -4  -5  -6  -7  -4  -4  -4  -7  -6   2   2  -5   5   1  -6  -5  -2  -6  -3   5    0   0   0   0   0   0   1   0   0  11  21   1  16   5   0   0   2   0   1  42  1.10 0.53
   91 V     3  -5  -2  -4   6  -4  -5   2  -5   0   0  -4  -3  -4  -4   1   2  -6  -5   0   23   0   2   0  17   0   0  17   0   6   8   0   0   0   0  10  11   0   0   5  0.61 0.38
   92 L    -1  -6  -6  -6   1  -5  -6  -5  -6   4   3  -5   0   0  -6  -3   0  -5  -4   4    5   0   0   0   3   0   0   1   0  20  32   0   2   4   0   2   6   0   0  25  0.78 0.41
   93 F    -3  -6  -7  -7   1  -6  -7  -6  -6   3   3  -6   0   7  -7  -5  -1  -2  -2   2    2   0   0   0   3   0   0   0   0  14  23   0   2  40   0   0   4   1   0  12  1.19 0.54
   94 C    -1  -7   2  -6  10  -6  -7  -4  -7  -3  -5  -7  -6  -7  -7   1  -1  -7  -7   2    5   0  11   0  54   0   0   1   0   1   0   0   0   0   0   9   4   0   0  15  2.04 0.82
   95 S    -2  -6  -6  -7  -1  -3  -3  -5  -6   4   2  -6   7  -3  -6  -4  -2  -6  -5   3    3   0   0   0   1   1   2   1   0  19  18   0  29   0   0   1   3   0   0  20  1.08 0.54
   96 P    -5  -8  -5  -7  -8  -7  -7  -7  -8  -4  -4  -7  -4  -5   9  -6  -2   0  -4  -6    1   0   1   0   0   0   0   0   0   1   2   0   1   1  89   0   2   2   1   1  2.96 1.16
   97 F    -3  -6  -6  -7  -6  -1  -6  -7  -6   2   1  -5   0   7   1  -3  -2   0  -2   1    3   0   0   0   0   3   0   0   0  10  12   0   2  49   6   2   3   1   0   8  1.21 0.57
   98 T    -1  -4   3  -1  -4   1  -3  -2  -1  -4  -6  -1  -2  -5  -4   2   6  -7  -3  -3    4   1  11   3   0   6   1   2   2   1   0   4   1   0   0  12  48   0   1   2  0.96 0.57
   99 L     1  -5  -6  -6  -2  -5  -6  -4  -5   2   4  -5   1   3   1  -3  -2  -5  -1   2   10   0   0   0   1   0   0   1   0  10  39   0   3  13   7   1   2   0   1  11  0.66 0.38
  100 T     1  -4  -4  -5  -4  -2  -4  -2  -2   3   1  -4   1  -2  -3   0   1  -2   1   3   12   0   0   0   0   2   0   4   1  16  14   0   3   1   1   6  10   0   6  23  0.38 0.28
  101 S     0   0   0   0  -3   1   0   0  -1  -1  -1  -1  -1  -1  -1   1   0   2   4   0    8   4   5   5   0   7   4   6   1   3   5   3   1   2   3   9   7   3  18   6  0.15 0.17
  102 V     0  -2   2   0  -4   1   1  -2   1   0   0  -2   1   1  -3  -1   1  -2   2   0    7   1  13   6   0   6  10   2   3   6  11   0   3   5   0   4   9   0   8   6  0.14 0.17
  103 L    -3  -5  -5  -6  -4  -4  -3  -7  -3   4   4  -5   1   3  -4  -4  -2  -2  -1   3    2   0   1   0   0   0   2   0   1  20  33   0   3  13   1   1   1   1   2  19  0.77 0.40
  104 L    -2  -1   0  -4  -3  -2  -4  -5   0   0   3  -2   4   2  -5   0   2   0   2  -1    2   3   5   0   0   2   0   0   2   6  27   2  11   7   0   8  12   1   8   4  0.38 0.29
  105 D    -2   2   1   1  -5   2   1   2   1  -3  -4   1  -2  -2   1   0  -1  -2  -1  -2    2  10   7   9   0  10   8  16   3   1   1  10   1   2   6   6   4   1   3   3  0.23 0.19
  106 Q    -2   1   2   0  -1   0   1   0   3  -3  -3   0  -3  -1  -1   0   1  -3   4  -2    2   7  10   5   2   4   8   8   7   1   2   4   0   2   2   8  11   0  14   3  0.24 0.22
  107 W    -9  -9  -6  -8  -9  -9 -10  -9  -5  -9  -8 -10  -5   2 -10  -9  -9  13   0  -9    0   0   1   0   0   0   0   0   0   0   0   0   0   7   0   0   0  89   2   0  4.81 1.57
  108 M    -2  -2  -2  -4  -4  -1  -3  -5  -1   3   0  -2   1   1   5  -2   0  -1   1   2    2   2   2   1   0   2   2   0   1  19   6   2   3   6  25   3   5   1   4  13  0.53 0.33
  109 F    -5  -7  -8  -7  -7  -7  -8  -5  -5  -3   3  -8   0   8  -8  -7  -6   1   3  -4    1   0   0   0   0   0   0   1   0   0  26   0   2  59   0   0   0   2   7   1  1.97 0.80
  110 G    -4  -6  -3  -4  -8  -7  -5   7  -4  -9  -9  -7  -8  -8   0  -1  -5  -2  -8  -8    0   0   1   1   0   0   1  86   1   0   0   0   0   0   5   5   0   1   0   0  2.29 0.92
  111 K     1   0   1   2  -4   1   2  -1  -1  -2  -2   0  -2  -3   0   1  -1   1  -1  -1   11   5   6  12   0   4  17   5   1   2   4   4   0   1   5  10   4   2   2   3  0.17 0.17
  112 A     1  -5  -3  -3  -3  -3  -3  -3  -2   2   0  -4  -1   5  -1  -2   1   1  -1   2   12   0   1   1   0   1   2   2   1  10   8   0   1  27   3   2   8   2   1  17  0.48 0.32
  113 M    -2  -6  -7  -7  -3  -5  -6  -7  -3   1   4  -6   8   0  -5  -4  -2   4   0   1    3   0   0   0   1   0   0   0   1   6  33   0  36   3   0   1   2   4   3   7  1.30 0.61
  114 C    -6  -4  -9 -10  12  -9 -10  -9  -9  -7  -7  -9  -8  -9  -9  -7  -7  -9  -9  -7    0   1   0   0  99   0   0   0   0   0   0   0   0   0   0   0   0   0   0   0  4.66 1.45
  115 H    -3   2  -2   1  -6  -1  -2  -4   3  -4  -4   6  -5  -4   0  -1  -2  -3   0  -3    1  11   2   7   0   2   1   1   7   1   1  49   0   1   6   3   2   0   3   2  0.91 0.51
  116 I    -1  -5  -6  -6  -2  -5  -6  -3  -6   4   3  -5   3   3  -6  -4  -1  -5  -3   2    6   0   0   0   1   0   0   2   0  20  31   0   8  14   0   1   4   0   0  14  0.74 0.39
  117 M    -2  -5  -2  -5   0  -3  -5  -4  -3   2   1  -5   0   1  -5  -1   1   6   2   4    3   0   2   0   2   1   0   1   1  12  10   0   2   6   0   5   8   9   6  32  0.60 0.36
  118 P     0  -1   1  -3  -4   0  -3   0   1  -1   0  -3  -1  -1   5   0   0  -1   0  -1    7   3   8   0   0   3   0   7   4   4   9   1   1   3  30   6   5   1   3   4  0.45 0.29
  119 F    -1  -6  -5  -6  -1  -5  -5  -4  -4  -2  -1  -6   2   6   0  -1  -1   0   6  -3    5   0   0   0   1   0   0   1   0   2   7   0   4  33   4   6   5   1  28   1  1.11 0.55
  120 L    -1  -5  -5  -6   2  -5  -5  -5  -5   3   3  -5   3   3  -5  -1  -1  -3  -2   2    6   0   0   0   4   0   0   0   0  16  31   0   6  11   0   5   4   0   0  16  0.61 0.35
  121 Q    -2  -3  -2   3  -7   8  -1  -5   0  -5  -5  -2   2  -1  -4  -3  -2  -4  -6  -5    3   0   2  13   0  61   2   1   2   0   1   1   6   3   1   1   3   0   0   1  1.55 0.78
  122 C     2  -4  -1  -3   2  -1  -3   3  -2  -1  -3  -3   0  -3  -1   0   1  -5   0   2   17   0   3   1   4   3   1  23   1   3   1   0   3   0   3   5  10   0   3  18  0.33 0.27
  123 V    -1  -5  -5  -6   0  -4  -4  -6  -6   2   2  -5   3  -1  -5  -2   2  -2  -3   5    4   0   0   0   2   0   1   0   0  10  20   0   6   2   0   3  11   1   0  38  0.75 0.42
  124 S     1  -5  -1  -4   3  -4  -4  -2  -5  -3  -2  -4  -1   0  -2   6   2  -6  -2  -2    9   0   3   0   5   0   0   2   0   1   4   0   2   4   2  52  12   0   1   3  0.85 0.54
  125 V    -1  -5  -6  -7   5  -6  -5  -6  -6   3   0  -6   1  -3  -5  -2  -2  -6   0   6    4   0   0   0  10   0   0   0   0  12   6   0   3   1   0   4   2   0   3  55  1.17 0.57
  126 L     0  -4   0  -4   3  -1  -3  -2   0  -1  -1  -3  -1   3  -4   2   3  -4   2  -1    9   0   4   0   6   2   0   3   2   3   6   0   2  15   0  15  21   0   7   4  0.38 0.31
  127 V     4  -6  -5  -5   2  -4  -5  -4  -6   0  -2  -5  -3  -3  -5   0  -1  -6  -4   5   38   0   0   0   4   0   0   1   0   5   3   0   0   1   0   6   3   0   0  37  0.95 0.53
  128 S    -3  -4  -2  -5  -3  -5  -4  -3  -6  -5  -7  -5  -6  -8  -6   7  -1  -8  -7  -7    1   1   1   0   1   0   1   1   0   1   0   0   0   0   0  89   4   0   0   0  2.17 1.00
  129 T     0  -6  -4  -6   1  -5  -5  -5  -6   5  -3  -5  -2  -5  -5   0   3  -6  -5   4    9   0   1   0   3   0   0   1   0  30   0   0   1   0   0   6  18   0   0  31  0.95 0.51
  130 L    -3  -6  -2  -5  -3  -4  -5  -2  -5   0   4  -6   2   5  -6  -4  -3   5   3  -2    2   0   2   0   0   1   0   3   0   4  34   0   6  27   0   1   1   7   9   1  0.94 0.47
  131 I    -4  -5   2  -5  -2  -5  -5  -5   2  -1  -5  -5  -1  -5  -6   2   7  -7  -6  -4    1   0   9   0   1   0   0   1   5   4   0   0   1   0   0  15  62   0   0   1  1.50 0.76
  132 L    -6  -6  -3  -8  -6  -5  -7  -8  -3   2   6  -7   4  -2  -7  -4  -5  -6  -5  -3    0   0   2   0   0   0   0   0   1   9  77   0   8   1   0   2   0   0   0   0  1.65 0.72
  133 I     0  -5  -4  -6   5  -5  -5  -4  -6   0   0  -5   3  -4  -5  -1   4  -6  -5   4    8   0   0   0  13   0   0   1   0   4   6   0   8   0   0   5  29   0   0  25  0.86 0.50
  134 S     6  -5  -3  -6   3  -5  -5  -3  -6  -1  -1  -5   2  -1  -5  -1  -2  -3  -4   2   57   0   1   0   5   0   0   1   0   3   5   0   5   2   0   5   2   0   0  13  0.97 0.55
  135 I    -6  -8  -8  -9  -7  -8  -8  -9  -8   8  -1  -8   4  -4  -8  -6  -5  -8  -7   1    0   0   0   0   0   0   0   0   0  78   5   0   9   1   0   0   0   0   0   7  2.34 0.92
  136 A     5  -6  -5  -6   1  -5  -6  -1  -6  -7  -7  -5  -4  -7  -6   5  -2  -8  -7  -6   46   0   0   0   3   0   0   4   0   0   0   0   1   0   0  45   2   0   0   0  1.59 0.82
  137 I    -3  -5  -7  -7   0  -5  -7  -5  -4   5   3  -6   1   1  -7  -4  -3  -6  -2   4    2   0   0   0   2   0   0   1   0  27  29   0   3   5   0   1   1   0   1  27  1.01 0.49
  138 V    -6  -6  -1   8  -9  -5   4  -5  -4  -8  -9  -5  -5  -9  -7  -4  -5  -9  -6  -5    0   0   3  66   0   0  27   1   0   0   0   0   0   0   0   1   0   0   0   1  2.16 0.93
  139 R    -8   9  -7  -8 -10  -3  -6  -9  -7  -9  -9  -3  -3  -9  -9  -5  -7  -9  -8  -9    0  97   0   0   0   1   0   0   0   0   0   1   1   0   0   1   0   0   0   0  3.30 1.32
  140 Y    -7  -5  -6  -9   0  -3  -8  -9   3  -7  -4  -8  -7   4  -9  -8  -8   4   9  -6    0   1   0   0   2   1   0   0   6   0   2   0   0  15   0   0   0   5  68   1  2.68 1.10
  141 H    -4   2  -2  -6  -1   1  -4  -5   0   2   1  -3   1   3  -6  -3  -3   5   4   0    0  11   2   0   2   8   0   0   2  12  13   1   3  13   0   2   1   8  13   7  0.56 0.35
  142 M     6  -3  -5  -6   2  -5  -5  -1  -3  -3   0  -5   0  -4  -6  -1  -2  -7  -6   3   53   1   0   0   4   0   0   4   1   1   9   0   2   1   0   4   2   0   0  17  0.99 0.58
  143 I    -4  -8  -8  -8  -6  -8  -8  -9  -8   8  -2  -8  -2  -5  -8  -7  -3  -8  -6   3    2   0   0   0   0   0   0   0   0  73   3   0   1   0   0   0   2   0   0  20  2.22 0.91
  144 K    -3  -1  -4  -6   7  -4  -5  -6  -2   2   0  -2   3  -2  -6  -2   2  -2  -3   4    2   3   1   0  19   1   0   0   1  10   8   3   7   1   0   2  11   1   1  30  0.84 0.47
  145 H    -4   3   1  -2  -3  -1  -4  -5   7  -4  -4   1  -1   3  -6  -2  -3   2   5  -6    1  13   7   2   1   3   1   0  28   1   1   7   2  10   0   2   1   2  17   0  1.08 0.57
  146 P    -3  -5  -5  -7  -4  -7  -7  -6  -1  -5  -7  -6  -8  -5   9  -3  -5  -9  -4  -4    3   1   1   0   0   0   0   1   2   1   1   0   0   1  86   2   1   0   1   1  2.81 1.18
  147 I    -4  -3  -3  -5  -3  -4  -5  -5   0   1   5  -3   4   3  -3  -3   1  -1  -2  -1    1   1   1   1   0   0   0   1   2   6  45   2   8  12   1   2  10   1   1   4  0.77 0.45
  148 S    -3   5  -1  -2  -4   1  -1  -1   1  -4  -4   5  -2  -5  -5   0   0  -2  -3  -4    2  26   2   2   0   6   4   6   3   1   1  30   1   0   0   7   5   1   1   1  0.71 0.45
  149 N     1   1  -1  -3   1   0  -2  -3   0  -4  -4   0  -1   0   4   2  -1   3   0  -2   10   9   3   1   3   4   2   2   2   1   1   6   2   5  17  19   4   3   4   2  0.33 0.28
  150 N    -4   6  -3  -4  -7   2  -4  -5   0  -3  -5   4  -2  -5   0  -1  -2  -7  -2  -4    1  46   1   1   0   7   0   1   2   2   1  23   1   1   5   4   3   0   1   1  1.19 0.64
  151 L    -3   3  -2  -5   1   0  -4  -5  -1   3   2  -3   5   1  -1  -1  -2  -1  -1   0    1  16   2   0   3   4   1   1   2  14  20   1  15   5   4   4   2   1   2   5  0.44 0.32
  152 T    -3   0   0  -3  -1  -1  -3  -3  -2  -4  -6  -1  -3  -6  -4   3   6  -7  -4  -4    1   6   5   1   1   3   1   2   1   1   0   4   1   0   1  22  48   0   1   1  1.09 0.65
  153 A    -1   2   0  -3  -2  -1  -2  -3  -1   0   0   4   1  -2   2   0   0  -1  -2   0    5  12   4   1   1   2   1   1   1   6   7  24   3   2   9   7   6   1   1   5  0.25 0.23
  154 N    -2   5   0  -4   1  -1  -2  -2  -1  -4  -2   3  -2  -1  -3   2   1  -2  -2  -3    3  31   4   0   3   2   1   3   2   1   4  16   1   3   1  15   7   1   1   1  0.55 0.39
  155 H    -2   5   0  -3  -2   2  -3  -2   5  -3  -2   1   1  -3  -4  -1   1  -3  -2  -1    2  28   4   1   1   9   1   3  13   2   4   8   3   1   1   4  10   0   1   4  0.57 0.39
  156 G     5  -5  -4  -6   4  -4  -5  -1  -6  -1  -2  -4   1  -4  -4   0   1  -6  -4   1   49   0   1   0   7   0   0   4   0   4   4   0   3   0   1   7   8   0   1   9  0.85 0.52
  157 Y    -1   3  -3  -4   1  -2  -3  -2  -1   2   1   2   0   1  -4  -2  -1   1   3   0    6  14   1   0   3   1   0   3   1  11  13  15   2   6   1   1   4   2   9   7  0.25 0.22
  158 F    -1   0  -3  -4   1  -2  -3  -2  -1   2   1   1   1   2  -3  -2   0   3   1   2    6   6   1   0   3   2   0   3   1  15  15   9   3   7   1   1   5   4   5  12  0.20 0.18
  159 L     0  -5  -5  -6   0  -4  -5  -2  -4   4   1  -3   5  -3  -5  -2   1   0  -3   3    9   0   0   0   2   0   0   3   0  24  12   1  15   1   0   3   8   1   1  19  0.66 0.39
  160 I    -3  -7  -5  -7  -2  -5  -6  -7  -7   7   1  -7   1  -3  -7  -4  -1  -7  -6   2    2   0   1   0   1   0   0   0   0  60  12   0   2   1   0   1   4   0   0  14  1.53 0.68
  161 A     3  -4  -4  -5   3  -4  -4   0  -5   1   1  -4  -1   0  -3   0   0  -2  -3   3   26   0   0   0   5   0   0   9   0   9  13   0   1   4   1   5   6   1   0  18  0.41 0.30
  162 T     1  -5  -4  -5   3  -4  -5   0  -5   2   2  -4   1   1  -4   0   0  -3  -3   3   11   0   1   0   6   0   0   8   0  13  21   0   3   5   0   7   5   0   0  18  0.40 0.28
  163 V    -3  -6  -6  -5   0  -6  -6  -6  -7   7  -1  -6  -3  -4  -6  -3   1  -6  -5   4    2   0   0   1   2   0   0   1   0  52   4   0   0   0   0   2   8   0   0  27  1.47 0.66
  164 W    -7  -8  -7  -7  -1  -8  -8  -8  -5  -6  -7  -8  -7  -4  -9  -8  -6  13  -3  -6    1   0   0   0   1   0   0   0   0   1   0   0   0   1   0   0   1  92   0   1  4.92 1.67
  165 T     1  -5  -5  -6   0  -4  -5  -3  -5   4   3  -5   2   1  -5  -2   1  -5  -4   3   10   0   0   0   2   0   0   3   0  24  24   0   4   5   0   2   8   0   0  17  0.63 0.36
  166 L     0  -5  -5  -5   1  -5  -5  -2  -5   3   3  -5   2   3  -4  -1  -1  -1  -3   2    8   0   0   0   3   0   0   4   0  15  29   0   4  10   1   4   5   1   0  16  0.51 0.31
  167 G     4  -6  -5  -5  -2  -5  -5  -1  -6  -5  -7  -5  -6  -7  -4   6  -2  -7  -6  -5   35   0   0   0   1   0   0   5   0   1   0   0   0   0   1  55   1   0   0   1  1.55 0.82
  168 F     1  -4  -5  -6   2  -5  -5  -1  -4   3   3  -5   1   4  -5  -1  -1  -3  -2   1   13   1   0   0   4   0   0   5   0  15  24   0   3  18   0   4   4   0   0   8  0.53 0.33
  169 A     2  -5  -3  -5   2  -5  -5  -2  -5   3   3  -5   0   0  -5   0   0  -2  -4   2   15   0   1   0   4   0   0   4   0  19  25   0   1   3   0   6   7   1   0  14  0.49 0.33
  170 I    -1  -6  -4  -6   1  -5  -6  -5  -5   5   3  -6   2   2  -4  -3   0  -2  -1   2    5   0   1   0   3   0   0   1   0  30  25   0   5   7   1   2   6   1   2  13  0.74 0.40
  171 C     3  -5   0  -3   3  -4  -4  -1  -4  -3  -3  -5   4  -3  -2   4   1  -4  -5  -1   23   0   4   2   5   0   0   4   0   1   1   0  12   1   2  30   9   0   0   4  0.67 0.48
  172 S     0  -5  -5  -5   3  -5  -5  -3  -3   3   3  -5   1   1  -5   2   0  -1  -3   1    8   0   0   0   5   0   0   2   1  16  27   0   3   5   0  16   5   1   0   9  0.51 0.34
  173 P    -5  -7  -7  -7  -8  -6  -7  -5  -7  -6  -6  -6  -5  -3   9  -5  -6  -4  -8  -4    1   0   0   0   0   0   0   1   0   1   1   0   0   2  90   1   0   0   0   1  3.08 1.24
  174 L    -2  -2  -2  -3   0   0  -2  -4  -1   2   1  -2   2   0   0  -1  -1   3   3   1    3   1   2   1   2   5   2   1   1  15  16   2   6   4   6   4   4   4  11   9  0.25 0.20
  175 P     3  -4  -3  -5  -2  -3  -4  -1  -4   1   3  -4   1   2   1  -2  -2   0  -2   0   26   1   1   0   1   1   1   5   0   7  27   0   3   7   8   2   2   1   1   6  0.40 0.30
  176 V    -1  -4  -4  -6  -2  -4  -5  -5  -3   4   2  -4   1   3  -3  -3  -3   1   2   3    4   1   1   0   1   1   0   1   1  23  16   0   3  13   1   2   1   2   6  23  0.65 0.35
  177 F    -1  -3  -2  -4  -2  -3  -5   0   2   0  -1  -3   1   5  -4  -2  -1   1   5   3    5   1   2   1   1   1   0   6   4   5   5   1   4  20   1   3   3   2  17  17  0.59 0.34
  178 H    -1   1  -1  -4  -3   2  -4  -1   2  -3   1  -2   3   2  -5   2   0   4   3  -2    4   6   3   1   1   9   1   5   4   1  11   2   8   7   0  15   5   6   8   2  0.34 0.28
  179 S    -2   3   1   1  -5   2   1  -1   2  -2  -4   2  -3  -4  -3   0   1   0  -2  -2    3  17   6   7   0   7  10   5   4   2   1  13   1   1   1   6   9   1   2   4  0.34 0.25
  180 L    -2  -2  -3  -3  -2  -1  -3  -4   1   1   3  -3   0  -2  -4  -2   2   1   0   3    3   2   1   2   1   3   2   1   3   8  27   2   2   1   1   2  12   2   4  21  0.43 0.27
  181 V    -1   0  -1   0  -3   1   1  -3  -1   2  -1   1   0   0  -2  -1   1   0   0   2    3   5   2   5   0   7  11   2   2  13   5   8   2   4   2   5   8   1   3  14  0.12 0.12
  182 E    -2   1   0   1  -4   1   2  -2   2  -2  -2   0  -2  -2   3   0   1  -3   0  -1    3   7   3   8   0   6  15   3   4   2   3   4   1   1  14   7   8   0   3   5  0.24 0.20
  183 L    -1  -1  -1   0  -1  -1   0  -1   1   1   0  -1   1   1   0  -1   0   1   2   1    4   3   3   5   1   3   6   4   4  10   9   3   4   6   5   2   6   2   8  12  0.07 0.07
  184 K    -1   0   1   1  -3   0   1   0   1  -2  -2   1  -2  -1   2   0   0  -2   0  -1    3   6   8   7   1   4  10   8   3   2   4  10   1   2  10   8   5   1   3   4  0.14 0.11
  185 E    -1   0   1   1  -1   0   1   0   1   0  -1   0  -1  -1   0   0  -1   1   1   0    5   4   7  10   1   4   9   7   4   6   7   6   1   3   5   6   3   2   5   6  0.04 0.04
  186 T    -1   0   1   0  -2  -1   0   0   1   0  -1   0   0   0   2   0   1   2   0  -1    4   5   6   5   1   2   7   6   4   5   7   4   2   5   9   8   9   3   3   5  0.06 0.05
  187 F    -1  -1   1   1   2  -1   0  -1   0   0   0  -1  -1   2   1   0   0   1   1   0    4   4   7   8   5   2   5   4   2   6   8   4   1   9   7   5   4   2   6   7  0.05 0.05
  188 G    -1  -1   1   1  -1   0   0   3   1  -1  -1   0  -1  -1   0   0   0  -1  -1  -1    5   3   6   8   1   3   5  21   4   3   5   5   2   3   5   6   6   1   2   3  0.13 0.08
  189 S    -1   0   1   1   0   1   1   0   1   0  -1   0  -1   0   0   0   0   1   1   0    4   4   6   7   2   6   9   7   3   6   7   4   1   4   3   7   7   2   4   5  0.03 0.03
  190 A     0   0   0   1   1   0   0   0   0   0   0   0   0   0   0   0   0  -1   0   0    5   4   6   8   4   4   6   7   2   6   8   6   2   4   5   7   7   1   3   6  0.02 0.01
  191 L     0   0   0   0   0   0   0   0  -1   0   0   0   0   0   0   0   0   1   0   0    5   5   4   5   2   4   6   8   1   7   8   4   3   6   5   6   8   2   4   7  0.01 0.00
  192 L    -1   0   1   0   0   0   0   0   0   1   0  -1   0   1   0   0   0   0   1   0    4   4   7   6   2   3   5   6   2   9  10   3   2   5   4   4   7   1   7   7  0.01 0.02
  193 S     0   0   1   0   1   0   0   0   0   0  -1   0  -1   0   1   1   0  -2   1  -1    5   5   6   5   3   5   5   8   2   5   5   5   1   4   6  13   7   0   5   5  0.05 0.05
  194 S    -1  -1   1   2   1   0   1   1   1  -1  -1   0  -1  -2   1   0   1   1  -1  -1    3   3   7  11   3   5   8  10   3   4   5   4   2   2   7   6  10   2   2   4  0.09 0.09
  195 K     0   2   0  -1   0   1   0  -1   1   0   0   1   0   0   0  -1  -1  -2   0   0    6  12   4   4   2   6   5   5   4   5  10   7   3   4   4   4   3   0   4   6  0.04 0.05
  196 Y    -2   0  -1  -1  -2   0   0  -2   2  -1  -1  -1   0   1   1   0   1   0   4   0    3   5   3   4   1   5   5   3   5   4   5   4   3   5   8   6  10   1  15   6  0.19 0.15
  197 L    -2   0  -3  -3  -1   0  -3  -3   0   2   0   0   1   3  -3  -1   0   3   3   2    3   5   1   1   1   4   1   2   2  13   8   6   3  12   1   4   5   4   9  13  0.29 0.18
  198 C    -5  -7  -6  -7  12  -7  -7  -7  -7  -7  -6  -7  -7  -5  -5  -5  -5  -7  -7  -6    1   0   1   0  89   0   1   1   0   0   1   0   0   1   1   1   1   0   0   1  4.25 1.50
  199 V    -1   2  -2  -1  -4   0   0  -2  -1   1   0  -1   2   0  -3  -1   2   0   0   1    4  12   2   3   0   5   7   4   2  10   9   3   5   3   1   5  11   2   4  10  0.12 0.13
  200 E    -2  -3  -1   0  -1  -1   7  -5  -1  -1  -2  -3  -2  -4   0  -2  -3  -5  -4  -2    3   2   3   4   1   2  56   1   2   3   4   2   1   1   6   3   2   0   1   3  1.14 0.59
  201 S    -1   0   2   2  -3   1   1  -3   1   0  -1   1  -1  -1  -2   0   0  -2  -1   1    6   4   9  11   0   6   8   2   4   5   6   9   2   3   1   7   5   1   1  10  0.11 0.11
  202 W    -5  -2  -2  -5  -5  -4  -5  -4  -3  -4  -4  -4  -3   1  -4  -4  -4  12   1  -5    2   2   2   1   0   1   1   2   1   1   2   1   1   5   1   2   1  68   4   1  3.21 1.16
  203 P    -1  -3  -3  -2  -3  -2  -1  -2  -3  -3  -3  -2  -2  -2   7   1   0  -2  -3  -3    4   2   1   3   1   2   4   4   1   2   4   3   1   2  49   9   5   1   1   2  1.08 0.52
  204 S    -2  -2   3   2  -4  -2   0  -1   1  -3  -3   0   0  -3  -2   4   0  -4  -3  -3    2   2  11  13   0   2   6   4   3   2   3   5   2   1   2  30   6   0   1   2  0.46 0.32
  205 D     0  -1  -1   2  -4   1   2  -1  -1  -1  -1   1  -2  -1   3   0  -1  -2  -1  -1    6   3   3  11   0   7  13   5   2   4   5   7   1   3  13   6   4   1   2   5  0.17 0.15
  206 S    -1   0   1   0  -3   1   1  -1   0   0  -1   0  -1  -1  -1   1   2  -1   0  -1    5   6   6   6   0   7  11   5   3   6   5   5   1   3   3  11  12   1   3   5  0.09 0.10
  207 Y     0  -3   0  -1  -3   2  -1  -1   3  -1  -1  -2   2   2  -3   1  -1   3   3   0    7   1   5   3   0   9   3   5   6   3   7   2   4   8   1  11   3   3  10   6  0.19 0.18
  208 R    -3   5   1   1  -5   1   3  -2   1  -5  -4   2  -1  -5  -3  -2  -3   2  -4  -5    2  32   5   7   0   6  15   3   3   1   2  11   2   0   1   3   1   3   1   1  0.75 0.45
  209 I    -1   3  -3  -4  -4   2  -2  -4  -1   0   1   3   0   1  -2  -1  -1  -2   0  -2    5  17   1   1   0  10   2   2   2   5  11  18   3   6   2   4   4   0   3   3  0.34 0.26
  210 A     2  -4  -4  -4  -2  -4  -5   1  -2   3   0  -5  -1  -1  -4   0   0   2   2   2   19   1   1   1   1   1   1  12   1  16   8   0   2   3   1   6   5   2   7  14  0.39 0.28
  211 F    -9  -9  -5  -8 -10  -7 -10 -10   0  -6  -4  -7  -6   5 -10  -8  -9   2  10  -5    0   0   1   0   0   0   0   0   2   1   2   0   0  19   0   0   0   3  70   1  3.09 1.33
  212 T    -1  -2   2  -1  -5   1  -2   0   1   0  -3  -4   0   0  -5   2   4  -3  -1   0    5   2   8   4   0   6   2   7   3   4   3   1   2   4   0  12  27   0   2   6  0.42 0.35
  213 I    -1  -7  -7  -8  -2  -6  -7  -5  -4   5   2  -6   2   1  -8  -2   2  -2  -1   4    5   0   0   0   1   0   0   1   1  26  20   0   4   5   0   3  10   1   2  21  0.88 0.48
  214 S     1  -6  -6  -8   2  -7  -7  -2  -5   1  -1  -6   0   5  -7   0   0  -3   5   2   12   0   0   0   4   0   0   3   0   8   6   0   2  21   0   9   5   0  16  14  0.78 0.46
  215 L    -2  -5   0  -6  -4  -3  -6  -3  -3   2   4  -3   3  -1  -7   2   1  -7  -5   1    3   1   5   0   0   1   0   3   1   9  32   2   7   3   0  14   9   0   0   9  0.58 0.39
  216 L    -1  -7  -5  -1  -2  -6  -7  -7  -7   0   3  -7   4   6  -7   1   1  -4  -3   0    5   0   0   4   1   0   0   0   0   4  24   0   9  28   0   9   7   0   1   7  0.93 0.53
  217 L    -1  -7  -6  -8   1  -6  -7  -3  -8   4   3  -7   2   2  -7  -2   0  -5  -5   4    5   0   0   0   3   0   0   2   0  18  25   0   4   8   0   4   5   0   0  25  0.85 0.47
  218 V     0  -7  -6  -8   0  -7  -7   0  -2   3   3  -7   1   3  -7  -3   0  -7  -4   3    7   0   0   0   2   0   0   9   1  13  28   0   3  10   0   2   5   0   0  20  0.71 0.42
  219 Q    -2  -6  -5  -7   4   6  -4  -4  -4   0   2  -6  -1  -1  -6   2   1  -2  -5  -1    4   0   0   0   7  31   1   2   0   6  19   0   2   3   0  12   8   1   0   4  0.84 0.57
  220 Y    -6 -10 -10 -11  -5 -10 -10  -8  -7  -6   0 -10  -4   7  -8 -10 -10  -4   9  -7    1   0   0   0   0   0   0   0   0   0   8   0   1  36   0   0   0   0  53   0  2.81 1.22
  221 I    -1  -6  -8  -8   2  -7  -8  -4  -7   3   2  -7   0   4  -8  -5  -3   0   3   4    6   0   0   0   3   0   0   2   0  12  20   0   2  15   0   1   2   1  10  25  0.90 0.49
  222 L     0  -8  -8  -9  -2  -8  -8  -4  -8   5   4  -8   0   1  -8  -6  -3  -7  -5   3    7   0   0   0   1   0   0   2   0  30  33   0   2   4   0   0   2   0   0  18  1.19 0.58
  223 P    -9 -10 -10 -10 -11  -6  -9 -10 -10 -11 -11  -9 -11 -12   9  -9  -9  -3 -11 -11    0   0   0   0   0   0   0   0   0   0   0   0   0   0  99   0   0   1   0   0  3.85 1.67
  224 L     0  -2  -2  -2   3   0  -2   0  -2   1   0  -2   2   1   1   0   0  -2   1   0    8   0   0   0   7   7   0   8   0   8   8   0   7   7   8   8   8   0   7   8  0.10 0.12
  225 V     0  -3  -1  -1   3  -1  -1  -1  -3   2   1  -3   1   1  -1   0   0   2  -2   1    9   0   3   3   7   3   3   4   0  13  18   0   4   6   3   5   6   4   0   8  0.10 0.13
  226 C     0  -4  -1  -4   1  -4  -4  -2  -4   4   1  -4   1   1  -4  -1   0  -4  -2   4    7   0   3   0   4   0   0   3   0  24   9   0   4   6   0   4   5   0   0  31  0.42 0.28
  227 L    -2  -4  -2  -5   1  -2  -5  -5  -5   4   2  -4   7  -1  -5  -2  -1  -4  -3   1    2   0   2   0   3   2   0   0   0  29  13   0  37   2   0   2   4   0   0   6  0.94 0.46
  228 T     1  -3  -1  -3   1  -2  -3   1  -3   1   0  -3   1   0  -3   2   2  -3  -1   1   12   0   1   0   3   0   0  10   0  12  11   0   3   3   0  16  16   0   2  11  0.18 0.18
  229 V    -1  -4  -4  -5   2  -2  -4  -2  -3   2   1  -4   0   4  -2  -2  -1   1   2   3    5   0   0   0   4   1   0   2   0  15   9   0   2  21   1   2   4   2   6  26  0.40 0.25
  230 S     2  -3  -2  -4   6  -3  -3  -2  -4  -1   1  -2   0   0  -3   1   2  -1  -3   1   19   0   1   0  17   0   0   1   0   2  13   1   3   4   0  12  17   1   0   9  0.39 0.28
  231 H    -5  -5  -2  -4   0  -2  -5  -4   3  -5  -4  -5  -2   0  -6  -3  -5  -1   9  -5    0   0   2   1   2   1   0   1   6   0   0   0   1   1   0   2   0   0  81   0  2.27 0.82
  232 T     1  -2  -2  -3   1  -2  -3   2  -1   1   0  -2   0   1  -3   0   1   2   1   1   12   1   0   0   4   1   0  16   1   9   5   1   3   6   0   9  11   3   5  13  0.14 0.15
  233 S    -1   4  -1  -2   0   2  -1  -3   2  -1   1   2   1  -1  -1   0  -2  -2  -1  -2    4  26   2   1   2   8   1   1   5   4  13  11   3   2   3   6   1   1   2   2  0.24 0.21
  234 V    -3  -5  -5  -6  -4  -5  -5  -6  -6   7  -1  -5   2  -3  -5  -3  -1  -5  -4   3    2   0   0   0   0   0   0   0   0  66   2   0   5   0   0   2   2   0   0  19  1.37 0.56
  235 C     1  -2  -3  -3   3  -3  -3   2  -2   1  -1  -3   0   1  -3   1  -1   3   2   1   16   2   0   0   8   0   0  15   1  10   3   0   2   8   0  10   3   4   8   9  0.22 0.19
  236 R    -1   3  -1  -3   1   1  -2  -3   2   1   0   1  -1   0  -3  -1  -1   2   2   0    4  23   2   1   4   6   0   1   5  10  11   7   1   3   0   4   2   3   7   6  0.19 0.19
  237 S     0   3  -1  -2  -1   0   1  -3   1  -1  -2   3  -1  -1  -2   0   1  -3   0   0    8  15   2   1   1   2   9   1   3   4   3  19   1   3   1   4   9   0   3   9  0.17 0.18
  238 I    -1  -3  -5  -6  -4  -4  -5  -5  -5   2   5  -5   1  -2  -5  -4  -2  -4  -1   1    4   1   0   0   0   0   0   0   0   9  66   0   2   0   0   1   1   0   2   9  0.99 0.48
  239 S    -2   2   0  -4   0  -1  -3  -3   2  -4  -4   1  -3  -2  -5  -1  -3  10   1  -4    4  12   5   1   2   3   1   2   4   1   1  10   0   1   0   5   2  39   5   1  1.38 0.60
  240 C     0   3   1  -1   1   1  -1  -1   1  -1  -2   1  -1  -2  -2   1   0  -1   0  -1    6  18   7   2   3   6   3   4   4   4   3  10   2   1   1  11   4   1   3   5  0.12 0.14
  241 G    -1   5   0  -2  -3   0  -2   1   1  -3  -4   1  -3  -4  -3   0  -1  -5  -3  -2    5  38   3   2   1   4   2  13   4   1   1   9   1   1   1   7   3   0   1   3  0.57 0.36
  242 L     1   0  -1  -1  -1   0  -1  -2  -1   2   0   0   2   0  -1   0   1  -3  -2   1   11   5   2   3   1   3   2   2   1  13   9   6   7   4   3   6  10   0   1   7  0.04 0.09
  243 S     0   3   0  -2  -3   1  -1  -2  -1   0  -2   2  -1  -3  -1   1   1  -2  -2   0    7  19   5   2   0   5   2   2   1   6   3  13   2   1   3   9  11   0   1   5  0.18 0.19
  244 H    -1   1   1  -1  -2   0   0  -2   2   0  -1   1   0   0   3   0   0  -3  -2  -1    4   7   8   2   0   5   4   3   6   5   7   8   3   4  13   9   7   0   1   5  0.13 0.12
  245 K    -1   3   0   0  -2   1   1   1   0  -3  -2   2  -2  -2   0   0   0  -4  -3  -2    3  15   3   5   1   6   8  12   2   1   3  15   1   2   5   7   7   0   1   4  0.20 0.17
  246 E    -1   1   0   1  -2   1   2  -1  -1   0  -1   1   0  -2   1   0   0  -4  -2  -1    5   8   3  10   1   6  15   4   1   7   6   7   3   1   6   8   5   0   1   2  0.12 0.12
  247 N     1   2   2   0  -3   2   0   0  -1  -3  -2   1  -2  -3  -1   1   0  -4  -2  -2   10  14   9   4   0   8   4   8   1   1   4   9   1   1   3  12   6   0   1   3  0.20 0.18
  248 R    -1   3   0  -2  -2   2   0  -1   1  -2  -2   2   0  -1  -1   1   1  -3  -1  -2    4  17   4   2   1   8   6   5   3   2   3  13   3   2   3  11   8   0   2   3  0.20 0.18
  249 L     0   1   0   0  -1   0   0  -1  -1   0   0   0   0   0   0   1   1  -3  -1   0    5   9   3   5   1   5   4   4   1   4  12   7   3   4   4  11   8   0   1   7  0.04 0.06
  250 E     0   2   1  -1  -3   2   2   0   0  -3  -3   2  -2  -2  -1   2   1  -4  -2  -2    7  11   6   3   0   8  12   6   2   2   3  11   1   2   2  14   7   0   1   2  0.22 0.19
  251 E    -1   0   0   0   2   0  -1  -1   2   0  -1   0   2   0   0  -1   0   4   1  -1    5   5   5   5   5   5   5   5   5   5   5   5   5   5   5   5   5   5   5   5  0.03 0.09
  252 N    -1   1   1   0   1   1   0  -1   2  -1  -2   1   1  -1  -1   0   0   2   0  -1    5   8   7   6   3   5   5   5   5   3   4   7   3   3   4   6   5   2   3   4  0.03 0.09
  253 E    -1   2   1   0   1   2   1  -2   1  -2  -2   1   0  -1  -1   0  -1  -6   0  -2    6   9   5   5   3   9  10   4   4   3   5   8   3   3   3   8   3   0   3   3  0.07 0.14
  254 M     0   2   1  -1   0   1  -1  -1   1   0  -1   0   1  -2   0   0   0   1  -5  -1    6  12   6   4   2   7   5   5   3   6   5   5   4   2   4   7   6   2   0   4  0.05 0.12
  255 I    -1   0   1   0   0   0   0  -2   1   0   0   0   2  -1  -1   0   0   1  -1   0    6   5   6   4   2   5   5   3   4   7   8   6   6   3   2   7   6   2   2   6  -0.00 0.05
  256 N     0   1   3   1  -2   1   0  -1   1  -3  -1   0  -1  -3  -1   0   0  -6  -2  -1    7   8  13   6   1   7   6   6   3   2   8   5   1   1   3   8   6   0   2   4  0.09 0.16
  257 L    -1   0   0   0   2   0  -1  -1   2   0  -1   0   2   0   0  -1   0   4   1  -1    5   5   5   5   5   5   5   5   5   5   5   5   5   5   5   5   5   5   5   5  0.03 0.09
  258 T    -1   1   1  -1   1   0   0  -2   3   0  -2  -1   1  -1   0   1   1   2  -1  -1    5   8   6   3   3   4   6   3   6   6   4   4   3   3   4   9   8   2   3   4  0.05 0.12
  259 L    -1   1   0  -1   1   0   0  -1   2  -1   0   1   0  -1   1   0   0  -4  -1   0    5   7   5   3   3   5   5   5   5   4   8   8   2   3   6   8   6   0   2   7  0.00 0.06
  260 Q    -1   2   1  -1   0   1   0   0   1  -1  -2   1   1  -1  -1   0  -1   1  -1  -2    6  10   7   3   2   7   7   6   4   4   4   8   3   2   4   8   4   2   3   3  0.05 0.12
  261 P     1   1   1  -1   1   0  -1  -2   1  -1  -2   1   1  -3   1   1   0   0  -1  -2   10   8   7   4   3   5   4   4   3   3   5   8   4   1   8   9   5   1   2   3  0.05 0.13
  262 S    -1   1   0  -1   1   1   0   0   2  -1  -1   0   1  -2   0   1   0  -5  -1   0    6   7   4   3   3   6   5   7   5   3   6   7   3   2   5  10   7   0   2   6  0.01 0.08
  263 K    -1   2   0  -1   0   0   0  -1   2  -1  -2   1   1   0   0   0   0   0   0  -1    5  10   5   3   2   5   5   6   4   4   4  10   4   4   5   6   6   1   3   4  0.02 0.09
  264 K    -1   2   1  -1  -1   0  -1  -1   1  -1  -2   2   0  -1   0   0   1  -2  -1  -1    5  11   6   4   1   5   4   5   4   3   4  11   2   3   5   6   8   1   2   5  0.04 0.11
  265 S    -1  -1   1  -1   1   0  -1   0   2  -2  -2   0   2  -2   0   2   2   0  -3  -2    4   4   7   3   3   4   4   8   5   2   4   5   4   2   5  13  12   1   1   3  0.11 0.19
  266 R    -1   4   0  -3  -2   0   1  -1   1  -2  -1   0   2  -2  -1   1   0  -1  -2  -2    6  18   5   2   1   4   7   5   3   3   6   6   4   2   3   9   6   1   2   3  0.15 0.21
  267 N    -1   1   4  -2  -3  -1  -2   0   3   1  -2   0  -3  -3  -3   1   1  -7  -2  -1    6   7  18   3   1   3   3   6   6   7   4   5   1   1   2   9   8   0   1   5  0.23 0.25
  268 Q    -1   0   0   0   2   0  -1  -1   2   0  -1   0   2   0   0  -1   0   4   1  -1    5   5   5   5   5   5   5   5   5   5   5   5   5   5   5   5   5   5   5   5  0.03 0.09
  269 A     0   1   0  -1   1  -1  -1  -1   2   0  -2   0   1  -1   0   0   0   2   0   0    8   7   5   4   3   3   4   5   4   5   4   6   3   3   6   8   5   3   3   6  0.00 0.06
  270 K     0   1   0   0   0   0  -1   0   1  -1  -1   1   0   0  -1   0   0   1   0   0    7   9   3   4   2   3   4   8   4   4   6   8   2   4   3   8   6   2   3   6  -0.01 0.04
  271 T     0  -1   1   0   0   0  -1  -1   1  -1  -1   0   1   0   0   0   2   0   0   0    6   4   6   5   2   4   3   5   3   3   5   5   3   3   5   6  14   1   4   8  0.02 0.10
  272 P    -1   0   0   0   1  -1  -1   0   2  -1  -2  -1   0  -2   2   1   2   0  -1  -1    4   6   4   6   3   3   5   7   4   4   4   4   2   2   8  12  10   1   2   5  0.05 0.14
  273 S     0   0   1   1  -1  -1   0  -1   1  -2  -2  -1  -2   0  -1   3   2  -1  -1  -2    8   5   5   7   1   3   5   4   3   2   4   4   1   3   4  18  10   1   2   3  0.10 0.19
  274 T    -1  -1   1   0   2   0  -1   0   1   0  -2  -1   0  -1  -1   1   2  -5  -1   0    6   3   7   4   4   4   5   6   3   6   4   4   2   3   3   9  14   0   2   6  0.05 0.12
  275 Q    -2   1   0   0   0   2   0  -1   2  -1  -2   0  -1  -1   0   1   0   0  -1   0    3   7   4   5   2  10   7   5   5   4   4   6   2   3   5  11   5   1   2   6  0.04 0.12
  276 K    -1   1   0  -1   3   0  -1   0   0  -3   0   2  -1  -2  -2   1   1   0  -1  -1    6   7   4   3   5   4   4   7   2   2   8  13   2   2   2   9   7   2   2   5  0.06 0.12
  277 W     0  -1   1  -2  -1  -2  -2  -1   0   1  -1  -1  -1   1   0   2  -1   6  -1  -1    7   4   7   2   2   2   3   5   3   6   7   3   2   5   4  13   3  11   2   5  0.20 0.22
  278 S    -1   0   3  -2   1   0  -3   0  -1  -2  -1  -1   1  -4   1   3   2  -6  -3  -1    5   4  11   3   3   4   2   8   2   3   6   4   3   1   7  17  10   0   1   4  0.19 0.23
  279 Y    -1   0   1  -1   0   1   0  -1   1  -1   0  -1   0  -1   1   1   1   0   0  -1    5   6   6   3   2   6   5   6   3   4   9   4   3   3   6  11   7   1   3   4  0.02 0.07
  280 S    -1   0   0   0   2   0  -1  -1   2   0  -1   0   2   0   0  -1   0   4   1  -1    5   5   5   5   5   5   5   5   5   5   5   5   5   5   5   5   5   5   5   5  0.03 0.09
  281 F    -1   0   1   0   1   0   0   0   1   0  -1   0   0   1   0   0   0  -4   0  -1    6   6   6   6   4   4   5   6   4   4   6   5   3   7   4   6   5   0   4   5  -0.01 0.04
  282 I    -1   0   0   0   1   0  -1  -1   2   1  -1   0   0  -1   0   0   0   2   0   0    4   4   5   5   3   3   4   5   6   8   7   5   3   3   6   7   4   3   3   8  -0.01 0.04
  283 R    -1   0   0   0   2   0  -1  -1   2   0  -1   0   2   0   0  -1   0   4   1  -1    5   5   5   5   5   5   5   5   5   5   5   5   5   5   5   5   5   5   5   5  0.03 0.09
  284 K     0   0   0   0   2   0   0  -1   1   0  -1   0   1   0   0   0   0  -2   1   0    5   5   5   5   5   5   5   5   5   5   5   5   5   5   5   5   5   0   5   5  -0.00 0.06
  285 H    -1   0   0   0   2   0  -1  -1   2   0  -1   0   2   0   0  -1   0   4   1  -1    5   5   5   5   5   5   5   5   5   5   5   5   5   5   5   5   5   5   5   5  0.03 0.09
  286 R    -1   3   1   0  -6   1   0  -1   1  -1  -2   0   1  -6   0   1   0  -6   0  -1    5  13   6   5   0   6   6   4   3   4   5   6   4   0   4   9   5   0   4   4  0.10 0.17
  287 R    -1   3   0  -1   1   0   0  -1   1  -1  -2   1   0   0   0   0  -1   1  -1  -2    6  17   5   4   3   4   6   5   3   4   5   7   2   4   5   7   3   2   2   3  0.08 0.13
  288 R    -1   0   0   0   2   0  -1  -1   2   0  -1   0   2   0   0  -1   0   4   1  -1    5   5   5   5   5   5   5   5   5   5   5   5   5   5   5   5   5   5   5   5  0.03 0.09
  289 Y    -1  -1   0  -1   1   0  -1  -1   1   0  -1   0   1   0  -1   0   0   2   2   0    6   3   5   4   3   4   4   4   4   4   6   5   3   5   3   8   5   3   8   7  0.02 0.07
  290 S     0   0   1   0  -3   0   0   0   1  -1  -1   0   0  -1   1   1   1  -3   0   0    7   5   7   3   0   4   7   6   3   3   4   5   3   3   5  16   7   0   3   7  0.07 0.10
  291 K     0   0   0   0   2   1   0   0   1   0  -1   0   1   0   1   0   0  -3  -2   0    6   6   5   6   5   5   6   6   5   6   6   6   5   5   6   6   6   0   0   6  0.03 0.07
  292 K    -1   3   0  -1   1   1   0   0   1  -1  -1   1   1  -1   0   1   0   2   0  -2    4  13   5   4   3   5   5   6   3   3   6   9   3   3   5   9   5   3   3   3  0.10 0.10
  293 T     0   0   0   0   2   0   0  -1   1   0  -1   0   1   0   0   0   0  -2   1   0    5   5   5   5   5   5   5   5   5   5   5   5   5   5   5   5   5   0   5   5  -0.00 0.06
  294 A     0  -1   0  -1   1   0   0   1   0  -1  -1   0   0  -1   0   1   0   1   0  -1    9   3   5   3   3   4   5  10   2   3   6   6   3   2   4  10   7   2   3   5  -0.00 0.05
  295 C    -1   0   1  -1   6  -1  -1  -1   0  -2  -1   0   1  -2   0   0   1   1  -1  -1    5   5   7   4  12   3   4   5   2   3   5   5   4   2   4   6   9   2   2   4  0.15 0.18
  296 V    -1  -1   0  -1   0  -1   0  -1   1   0  -1  -1   2   0  -1   0   0   1   1   2    5   4   5   3   2   3   6   4   3   5   4   4   5   4   3   8   6   2   6  12  0.02 0.08
  297 L    -1   0   1  -1   0  -1  -1  -1  -1   0   1  -1   2   0  -1   0   0   0   0   0    5   5   6   3   2   3   4   5   2   6  16   3   5   3   4   6   7   2   4   7  -0.00 0.05
  298 P     0   0   0   0   1   1   0   0   1  -1  -1   0  -2  -2   2   1  -1  -6  -2  -3    6   5   5   5   3   7   6   7   4   3   6   5   1   2  12  11   5   0   1   2  0.08 0.17
  299 A     1   0   1  -2   0  -1  -1   0   1  -1  -1  -2  -2  -1  -1   2   1   2  -2   0   11   5   7   2   2   3   4   7   4   3   7   3   1   3   3  13   7   3   2   6  0.04 0.12
  300 P    -1  -2   1  -1  -1  -2   0  -2   1  -1  -2  -1  -2  -2   3   2   1   0  -4  -2    6   3   6   3   1   2   6   4   3   4   5   4   1   2  14  16   9   1   1   4  0.16 0.24
  301 A     0   1  -1   0   1  -1   0   1  -1  -1  -2   0   0  -2   0   2   0  -1  -2  -1    7   7   3   5   2   3   6  12   2   4   3   6   2   2   4  17   7   1   1   5  0.11 0.15
  302 G    -1   0   0   0   2   0   0  -1   2   0  -1   0   2   1   0  -1   0   4   1  -1    5   5   5   5   5   5   5   5   5   5   5   5   5   5   5   5   5   5   5   5  0.08 0.08
  303 P     0   0   0   0   0   0  -1  -1   2  -2  -2  -1   0  -1   3   2  -1   0   0  -1    7   5   5   6   2   4   4   6   5   2   5   3   2   2  16  13   4   1   3   4  0.19 0.19
  304 S    -1   1   2  -1   1   0   0  -1   3  -1  -2  -2  -5  -1   1   3   1  -6   0  -1    5   6   8   3   3   4   7   5   6   3   4   3   0   3   6  17   9   0   3   5  0.20 0.20
  305 Q    -1   0   0   0   2   0   0  -1   2   0  -1   0   2   1   0  -1   0   4   1  -1    5   5   5   5   5   5   5   5   5   5   5   5   5   5   5   5   5   5   5   5  0.08 0.08
  306 G    -1   0   1  -1   1  -1   0   2   1  -1  -2  -1   1  -1   0   1   1  -5   0  -1    6   5   5   4   3   3   6  15   3   4   4   4   4   3   4   9   9   0   3   5  0.10 0.10
  307 K    -1   1   0   0   1   0   0  -1   3  -1  -1   0   0  -1  -1   1   1   1   1  -1    4   7   4   5   3   5   7   5   6   4   6   6   2   3   3  12   7   2   5   4  0.09 0.10
  308 H    -2   0   1   0   3   1  -1  -1   3  -1  -2  -1   0   0   0   1   0   2   2  -1    4   5   6   5   5   5   4   5   7   4   5   4   3   4   4  10   7   3   6   4  0.12 0.12
  309 L    -1   0   0   0   2   0   0  -1   2   0  -1   0   2   1   0  -1   0   4   1  -1    5   5   5   5   5   5   5   5   5   5   5   5   5   5   5   5   5   5   5   5  0.09 0.08
  310 A     0   0   1  -1   1   1   0   0   0  -1  -1   0   0  -1   0   2   0   0   0  -1    7   5   6   4   4   6   6   7   3   5   6   4   2   3   6  13   5   1   3   4  0.05 0.07
  311 V     0   0  -1  -1   0   0  -1  -1   0   1   0  -1   1   0   0   1   1   1   1   1    8   6   3   4   2   4   4   4   2   7   8   4   3   3   5   9   7   2   6   9  0.03 0.04
  312 P    -2  -1   1   0   0  -1  -1  -1   1  -1   0  -1   0  -2   4   1   1   2  -1  -2    4   3   6   6   2   3   4   6   3   4   8   4   3   2  17   9   7   2   2   3  0.18 0.18
  313 E    -1   0   0   0   2   0   0  -1   2   0  -1   0   2   1   0  -1   0   4   1  -1    5   5   5   5   5   5   5   5   5   5   5   5   5   5   5   5   5   5   5   5  0.09 0.08
  314 N    -1   1   3   0   2  -1  -1   0   1  -1  -1   0  -1  -6  -2   1   1   1  -2   0    6   7  14   5   3   2   4   6   3   4   5   7   2   0   2  11   9   2   2   6  0.16 0.16
  315 P    -1   1   0  -1  -1   1   0  -1   2   0  -1  -1   0  -1   3   1   0   1  -1   0    5   6   4   3   2   6   5   6   4   5   7   4   3   3  12   9   7   2   2   6  0.09 0.11
  316 A     0   0   0   0   2   0   0  -1   1   0  -1   0   1   0   0   0   0  -2   1   0    5   5   5   5   5   5   5   5   5   5   5   5   5   5   5   5   5   0   5   5  0.03 0.05
  317 S    -1   0   0   0   2   0   0  -1   2   0  -1   0   2   1   0  -1   0   4   1  -1    5   5   5   5   5   5   5   5   5   5   5   5   5   5   5   5   5   5   5   5  0.09 0.08
  318 V    -1   0  -1  -2   1   0  -1  -2   0   1   0   0   2   0   1   0   1  -1  -1   1    4   4   4   2   3   4   4   4   2   6   9   5   5   4   8   8   9   1   2  11  0.07 0.08
  319 R    -1   4   0  -1   0   0  -1  -2   1  -2  -1   0   0  -2   0   1   0  -6  -1  -1    6  20   5   4   2   4   5   4   4   3   6   6   3   2   5  10   7   0   3   5  0.21 0.19
  320 S    -1   1   1   0   0  -1  -2  -2   1   0  -1   0   0  -1   0   2   1  -6   0  -1    6   7   6   6   2   3   3   4   3   5   7   5   2   2   4  17   9   0   3   5  0.11 0.13
  321 Q    -1  -1   1   0   1   2  -1   0   2  -2  -2  -1   0   0  -1   1   1   2   0  -1    4   4   6   5   3  10   4   8   5   3   3   4   3   3   3  12   7   2   3   4  0.13 0.15
  322 L    -1   0   0   0   1   0  -1  -1   0   0   1  -1   1   0   0   1   0   2   0   0    4   6   4   4   3   4   4   6   3   5  12   4   4   4   4  10   7   3   3   7  0.03 0.04
  323 S    -1   0   0   0   2   0   0  -1   2   0  -1   0   2   1   0  -1   0   4   1  -1    5   5   5   5   5   5   5   5   5   5   5   5   5   5   5   5   5   5   5   5  0.09 0.08
  324 P    -2   1   0  -1   1   0   0  -1   1  -1  -1   0   0  -2   3   0   2  -6  -1  -1    4   7   5   4   3   4   6   6   4   4   6   7   2   2  13   7  10   0   2   4  0.14 0.15
  325 S     0  -1   1  -2   1  -1  -1   0  -1  -3  -1   0  -1   0   0   3   1  -1  -1   0    6   3   7   3   3   3   4   8   1   2   5   6   2   5   5  19   8   1   2   7  0.14 0.16
  326 S     0  -1   1  -2   1   1   0  -2   1  -2  -2  -1  -2  -1   0   4   1  -1  -2  -3    8   4   7   2   2   6   6   3   3   2   5   4   1   3   5  24   7   1   2   2  0.25 0.25
  327 K    -1   1   1  -1  -1   0   0  -1   0  -1  -1   1   0   0  -1   2   0  -1   0  -1    6   8   8   4   2   4   6   6   2   4   6   8   2   4   4  13   6   1   3   4  0.07 0.08
  328 V    -1   0   0   0   0   0   0  -1  -1   1   0   0   0   0   0   1   1  -4   0  -1    3   6   5   5   3   5   5   5   2   8  11   6   3   4   4  10   9   0   3   5  0.04 0.06
  329 I    -1   1   0  -1   1   0  -1  -2   2   0   0   0   0   0   0   1   1   1  -1   0    5   9   4   3   3   4   4   4   5   7  10   5   2   3   4   9   8   2   2   6  0.05 0.06
  330 P    -1   0   0  -1   0   0  -1  -2   2   0   0   1   0  -6   3   1   0  -6   0  -1    6   6   5   4   2   4   5   4   4   5   8   7   2   0  15   9   6   0   3   5  0.16 0.16
  331 G     0   0   0   0   2   0  -1   1   2  -1  -2  -1   1   0   0   1   0   2   0  -1    6   5   5   5   4   4   3  12   5   3   5   4   3   3   5  11   6   3   3   4  0.08 0.09
  332 V    -1   0   0   0   2   0   0  -1   2   0  -1   0   2   1   0  -1   0   4   1  -1    5   5   5   5   5   5   5   5   5   5   5   5   5   5   5   5   5   5   5   5  0.09 0.08
  333 P     0   2   0  -2   1   1  -1  -1   0  -2  -2   0   0  -2   3   1   0   0   0   0    7  10   5   3   3   5   3   5   2   3   5   6   2   2  13   9   6   1   3   6  0.14 0.15
  334 I     0   0  -1  -1  -1   0  -1  -1   0   2   1  -1   1   0  -1   1   0   1   0   1    6   5   3   3   1   4   3   6   2  11  11   4   3   4   3  10   5   2   3   9  0.04 0.05
  335 C    -1   1   0  -2   5  -1  -2  -2   1  -1   0   0   1  -1   0   1   0   4   0  -1    5   6   4   3  10   3   3   4   3   3   8   5   3   2   5  12   6   6   4   5  0.22 0.18
  336 F     0   0   0  -1   0   0  -1   0   1   0   0   0   0   1  -1   0  -1   0   1   0    6   6   5   4   2   4   3   9   4   7   8   7   2   8   3   7   4   1   5   6  0.02 0.02
  337 E    -1   1   0  -1   0   1   0  -1   1   1  -1   1   0  -1   0   1   0   0  -1  -2    4   9   5   4   2   7   5   4   3   7   5   9   2   3   4  13   6   2   3   3  0.08 0.10
  338 V     0   0   0  -1   0   0  -1  -1   0   0   0   1   0   0  -1   1   0   1   0   0    6   6   4   3   2   4   4   5   3   6  12   8   3   3   3  10   5   2   3   9  0.02 0.03
  339 K    -1   2   0   0   1   1   0  -1   1  -1  -2   1   0  -1  -1   1   0   3   0  -1    5   9   5   5   3   6   5   5   4   4   5   8   3   3   4  11   6   4   3   4  0.09 0.10
  340 P     0   0   0   0   2   0   0  -1   1   0  -1   0   1   0   0   0   0  -2   1   0    5   5   5   5   5   5   5   5   5   5   5   5   5   5   5   5   5   0   5   5  0.03 0.05
  341 E    -1   3   0  -1  -2  -1   0   2   1  -3  -3   1  -2  -2   0   1   0  -3   0  -2    4  18   4   4   1   3   5  15   3   2   2   7   1   2   4  12   5   0   3   2  0.24 0.21
  342 E    -1   2   1  -1  -3   1   2  -1   1  -2  -1   1   0  -3  -1   1   1  -3  -2  -2    5  12   7   3   1   7  12   4   4   2   8   7   2   1   3  11   8   0   1   2  0.15 0.16
  343 S     1   3   2  -2  -4   1  -2  -1   0  -2  -2   1  -3  -2  -2   3   0  -3  -3  -2    9  16   8   2   0   7   2   5   2   2   4   6   0   2   2  23   5   0   1   3  0.32 0.28
  344 S     0   2   2  -2  -3   0   0  -1   1  -1  -2   0   0  -1   1   2   2  -1  -3  -3    6  11   8   2   1   4   5   4   3   4   4   7   2   2   6  16  11   1   1   1  0.17 0.18
  345 D    -1   1   1   2  -2   0   0   0   2  -2  -2   0   0  -3  -1   1   0  -2  -2  -1    4   9   6  11   1   4   7   7   5   3   4   7   2   1   4  12   6   1   1   6  0.12 0.12
  346 A     1   1   0  -1  -1   0   0   0  -1   0   0   0   0  -1   0   1   0  -3  -1   0   10   9   5   3   1   3   4   5   2   5   9   7   2   3   5  12   6   0   2   8  0.04 0.06
  347 H    -1   2   2  -1  -1   1  -1  -1   4  -1  -2   0   0  -2   1   1   0  -3  -1  -2    4  14   8   3   1   6   3   4  11   4   5   6   2   2   7   9   6   0   2   3  0.21 0.19
  348 E    -1   1   1   1   0   2   0   1   1  -2  -2   0   0  -2  -1   1   0  -4  -2  -2    5  10   6   9   3   9   6  10   4   2   4   5   3   2   3  11   5   0   1   2  0.12 0.12
  349 M    -1   0   0  -1  -1   2   0  -2   0   0   1   1   2  -1   1   0   0  -4  -2   0    5   6   5   3   1  11   5   3   2   4  13   7   7   2   6   7   5   0   1   7  0.08 0.11
  350 R    -2   4   1  -2  -3   1   0  -3   1  -1  -1   1   0  -1  -1   0   1  -3  -1  -2    3  24   6   2   0   7   5   2   4   4   6   9   3   3   3   8   7   0   2   2  0.27 0.22
  351 V     0   1   0   0   0   1  -1  -1   0   0   0   0   1  -2  -1   1   1  -3  -2   0    6   7   5   4   2   6   3   4   2   4  12   7   4   1   2  12  10   0   1   8  0.06 0.09
  352 K     0   3   1  -1  -2   1   1  -2   0  -1  -2   1  -1  -3  -1   1   1  -2  -3  -2    8  16   7   3   1   5   8   2   3   3   5  10   1   1   2  13   7   0   1   2  0.20 0.18
  353 R     0   4   1  -2  -1   2   0  -1   3  -3  -3   2  -3  -3  -3   0  -1  -5  -2  -3    6  25   6   2   1  10   5   4   7   1   3  11   1   1   1   8   3   0   2   2  0.42 0.30
  354 S     0   2   1  -1  -3   2   0  -1   0  -3  -2   2  -1  -2  -1   2   0  -2  -2  -2    6  13   5   3   0   9   5   5   2   1   4  10   2   2   3  20   4   1   2   2  0.22 0.21
  355 I     0   1   0  -1  -1   1   1  -1   0   1   0   0   1  -1  -1   0   0  -2  -1   0    7   7   4   3   1   8   8   4   2  11   9   5   4   2   2   8   6   1   2   7  0.03 0.05
  356 T     0   1   0   0  -2   1   1  -1  -1   0   0   1   0  -2  -1   0   0  -1  -2   0    8   9   5   5   1   8  11   4   1   7   7   9   2   1   2   7   4   1   1   7  0.07 0.08
  357 R    -1   4   0  -1  -3   1  -1  -2   0  -2  -2   2  -1  -2  -1   0  -1  -4  -2  -2    5  28   5   3   1   6   3   3   2   2   5  14   2   2   4   9   3   0   1   3  0.35 0.25
  358 I     0   1  -1   0  -2   1   0  -1   0   1   0   0   1  -1  -2   0   0   1  -1   0    6  10   3   4   1   8   6   4   2   9  11   5   6   2   1   7   4   2   2   8  0.04 0.07
  359 K     0   2   0   0  -2   1   0  -2   1   0   1   1   1   0  -2   0   0  -3   0   0    6  12   4   4   1   6   3   2   3   6  17   9   3   3   1   7   4   0   3   5  0.05 0.08
  360 K     1   4   0  -2   0   1   1  -2   0  -2  -3   3  -1  -3  -2   0  -1  -4  -2  -1   10  23   3   1   2   6   9   2   2   3   2  18   1   1   1   8   2   0   1   5  0.32 0.24
  361 R     0   4   1  -2  -3   1   0  -1  -1  -3  -3   3  -1  -3  -3   1  -1  -4  -3  -3    9  28   7   2   1   7   4   3   1   1   2  15   1   1   1  10   4   0   1   1  0.41 0.29
  362 S    -2   3   1  -2  -2   0   2  -3   0  -2  -3   4  -1  -3  -3   0   0  -2  -2  -1    3  13   7   1   1   2  16   1   2   2   1  32   2   1   0   5   6   1   1   4  0.46 0.32
  363 R    -2   5  -1  -3  -1   2  -2  -3   0  -1  -3   4   0  -3  -3  -1  -1  -1  -3  -1    2  36   3   0   1   7   1   1   2   4   2  23   2   1   1   5   3   1   1   4  0.62 0.38
  364 S    -2   5  -2  -3  -4   0  -2  -2  -1  -3  -3   5  -2  -3  -2  -1  -1  -2  -4  -1    2  32   1   0   0   3   1   3   1   2   1  38   1   1   1   4   2   1   0   5  0.77 0.43
  365 V     1  -2  -1  -3  -2  -1  -3  -3  -3   1   1  -2   1  -1  -2   0   2  -4  -2   3   13   1   2   0   0   3   0   0   0   8  10   1   3   2   1   5  18   0   1  30  0.30 0.25
  366 F     1  -2   1  -3  -1   0  -2  -3  -3   3   0  -2   0   1  -3   0   2  -3  -1   2   11   1   9   0   1   4   1   0   0  20   6   1   1   8   0   6  13   0   1  14  0.17 0.18
  367 Y    -2   3  -1  -3  -1   0   0  -3  -1  -1  -1   4   1  -1  -2  -2   0  -1  -1  -1    2  20   2   0   1   4   4   1   1   4   4  31   5   3   1   1   6   1   2   5  0.35 0.27
  368 R    -2  -2  -2  -4  -3  -2  -3  -4  -3   0   1  -2   8  -1  -1   0   1  -4  -2   1    2   2   1   0   0   1   0   0   0   4  11   1  46   2   3   6  10   0   1   8  0.76 0.44
  369 L    -2  -3  -4  -2   0  -3  -3  -3  -4   1   5  -1   3   0  -4  -1  -1  -3  -2   0    3   0   0   2   2   0   0   2   0   4  59   4   6   3   0   5   3   0   0   5  0.52 0.31
  370 T     0  -2  -2  -3   0  -2  -3   0  -3   3   1  -1   2   0  -3  -1   0  -3   0   2    8   2   2   0   2   0   0   9   0  26  12   5   6   3   0   4   4   0   3  12  0.15 0.14
  371 I     1  -1  -2  -3   1  -2  -3  -1  -3   3   1  -2   1   0  -3   0   0   1  -1   2   14   4   2   0   3   0   0   4   0  22  16   0   3   2   0   5   7   2   2  13  0.15 0.13
  372 L    -1  -4  -4  -4   2  -3  -4  -4  -4   3   0  -3   3   0  -4  -2  -1  -3   0   5    3   0   0   0   4   0   0   0   0  20   6   0   7   3   0   3   3   0   3  45  0.56 0.31
  373 I     0  -3  -2  -4   0  -3  -3  -2  -4   2   0  -2   2   0  -3  -1   0   1  -2   5    6   0   2   0   2   0   0   2   0   7   4   3   5   4   0   5   4   2   0  51  0.43 0.28
  374 L     0  -2  -2  -2   3  -1  -2   0  -2   1   0   0   2   1  -2   0   1  -2  -1   1    9   0   0   0   8   0   1   9   0   9   9   9   9   9   0   9   9   0   0   9  0.08 0.10
  375 V     0  -3  -3  -3   0  -3  -1  -2  -2   2   2  -3   2   0  -1  -1   1  -1  -1   3    9   0   1   0   2   0   4   3   1  12  21   0   6   3   2   3   8   1   1  21  0.23 0.18
  376 F    -5  -5  -3  -6  -5  -2  -6  -6  -4  -4  -1  -6  -3   9  -6  -5  -5  -2   3  -4    0   0   2   0   0   2   0   0   0   0   4   0   0  81   0   0   0   0   7   0  2.27 0.77
  377 A     3  -3  -3  -4   0  -2  -3   0  -3   1   0  -3   0   2  -3  -1   1  -3  -2   1   35   0   0   0   2   1   0   7   0   8   8   0   3  11   0   3   9   0   0  11  0.33 0.25
  378 V     0  -4  -5  -5   2  -4  -4  -3  -5   4   3  -4   1   1  -4  -2  -2  -4  -3   3    6   0   0   0   4   0   0   2   0  25  26   0   2   6   0   2   2   0   0  23  0.60 0.33
  379 S    -2  -6  -3  -6  11  -6  -6  -4  -6  -5  -2  -6   1  -2  -6   2  -1  -6  -6  -5    3   0   2   0  63   0   0   1   0   0   4   0   4   2   0  16   3   0   0   0  2.29 0.84
  380 W    -6  -6  -1  -7  -2  -3  -6  -6  -2  -6  -3  -6  -1  -1  -7  -4  -2  12   2  -2    0   0   3   0   1   1   0   0   1   0   3   0   2   2   0   1   3  71   5   3  3.21 1.12
  381 M    -1  -5  -5  -5   0  -4  -5   0  -5   0   4  -5   2   3  -5  -2   0   0  -1  -2    6   0   0   0   2   0   0   9   0   4  45   0   5  14   0   3   6   1   2   2  0.62 0.39
  382 P    -3  -6  -6  -5  -6  -5  -3  -3  -6  -6  -4  -5  -6  -2   9  -3  -5   1  -6  -6    3   0   0   0   0   0   2   2   0   0   2   0   0   2  82   2   0   2   0   0  2.55 1.01
  383 L    -3  -1  -2  -5  -2   0  -4  -5  -1   1   3  -3   0   5  -5  -1  -2   0   4   0    2   3   2   0   1   4   0   0   2   6  26   1   2  22   0   5   2   1  13   6  0.52 0.32
  384 H    -3  -3   3  -3  -1   0  -3  -4   6   0  -1  -4   0   4  -5  -2  -1   2   3  -1    2   1  14   1   1   3   1   1  20   4   6   0   2  19   0   2   4   2  10   5  0.63 0.37
  385 V     0  -4  -4  -4   2   0  -4  -3  -4   4   2  -4   1   0  -4  -1   1   0  -3   3    8   0   0   0   5   4   0   2   0  24  15   0   3   4   0   3  11   1   0  19  0.42 0.28
  386 F    -1  -1  -1  -3   1  -2  -3  -3  -1   2   2  -3   2   3  -4  -1  -1   1   3   1    3   3   3   1   3   1   1   1   1  13  19   0   7  12   0   4   4   2   9  10  0.28 0.20
  387 H    -1  -2   5  -1  -4   0  -1  -3   2  -2  -1  -1   1   1  -3   0  -1   4   2  -2    6   2  29   2   0   4   3   2   5   2   5   3   4   7   1   5   3   6   8   3  0.41 0.30
  388 V     0   0   0  -3   2   0  -2   0  -2   0   0  -2   1   1   1   0   0   4   1   0    6   6   6   0   6   6   0   6   0   6   6   0   6   6   6   6   6   6   6   6  0.10 0.14
  389 V    -3  -2  -3  -7   0  -2  -6  -7  -1   3   3  -3   1  -1  -6  -3  -2   6   1   2    2   3   1   0   2   2   0   0   1  15  29   2   4   3   0   2   2  11   4  11  0.69 0.47
  390 T     0   1  -1  -1  -1   0  -1  -1   0   1   0   0   1  -1  -2   0   0   0   0   0    5  10   3   3   1   4   2   5   2  10  11   5   4   3   1   7   7   1   4   7  0.01 0.07
  391 D     0  -1  -1   4  -1  -2   0  -1   1  -2  -2   0   0  -1   0   1  -1  -1   1  -1    8   3   2  22   1   1   6   4   4   3   5   6   2   2   4   9   4   1   5   4  0.16 0.21
  392 F    -3  -2  -2  -6  -1  -3  -4  -3   0   1   1  -3   0   6  -4  -3  -2   4   3   1    2   2   2   0   2   1   1   2   2   7  13   1   2  29   1   2   3   4   9   8  0.63 0.43
  393 N    -1  -2   1   2   4  -1  -2   1   3  -1  -2  -1  -1   0  -4   1  -1   1   2  -2    5   2   7  11   9   3   2   9   6   4   3   4   2   5   0  10   4   2   6   3  0.17 0.21
  394 D    -2  -1   1   2  -3  -1   1   0   1  -1  -3  -1   0  -1   4  -1   0  -7  -1  -2    3   4   6   9   1   3   8   7   3   4   3   4   2   2  20   5   5   0   2   3  0.24 0.28
  395 N    -1  -1   1   2  -1   0   2  -2   2  -3  -1   0  -1  -2   1   1  -1  -2  -1  -2    5   3   6  12   2   3  12   4   4   2   7   5   2   2   7   9   4   1   2   3  0.10 0.16
  396 L    -1  -2  -1  -1   3  -1  -1  -2  -1   1   0  -2   1   2  -1   1   0  -1   1   0    5   2   3   3   6   2   4   3   2   9  10   3   4   8   4  10   5   1   4   7  0.06 0.10
  397 I     0   0   1  -1   1   0  -1  -1  -1   1   0   0   0   0   0  -1   0   0   0   0    7   4   7   3   3   5   4   4   2   9  10   5   2   5   5   4   4   1   4   8  -0.01 0.02
  398 S    -2  -2   1   2   0   1   0  -2   2  -2  -2  -1   1  -2   1   1   1   0   2  -1    3   2   7   9   2   6   7   3   5   2   4   3   3   2   7  10   7   2   7   5  0.11 0.19
  399 N    -2   0   1   1   1   1   0  -2   2  -2  -3  -2   0   0   1   1   1   4   1  -2    4   5   7   7   3   6   6   3   4   3   3   3   2   4   6   8   7   6   4   3  0.11 0.18
  400 R    -1   1  -1   1   1   1   1  -1   1  -1  -2   1  -2  -2   2   1  -1  -1   0  -1    5   8   3   6   3   5   9   5   4   4   4   7   1   2   9   9   4   1   3   4  0.05 0.12
  401 H    -2  -2   0   0  -2  -1  -2  -3   4   1   0  -2  -1   1  -2  -2   0   3   4   0    4   2   5   5   1   3   3   3   8   8  10   3   2   5   3   3   5   3  13   7  0.19 0.19
  402 F    -2  -3   1  -2  -2  -2  -3  -1   2   2   0  -4   2   3  -1   0   0   1   2   0    4   2   6   2   1   2   2   5   4  10   9   1   5  12   3   8   5   2   6   5  0.16 0.17
  403 K    -1   0   2  -1  -6   1  -1  -1   1  -1  -2   0  -1  -1   2   1  -1   1   2  -1    5   5   9   4   0   5   5   5   3   3   4   7   2   3   9  10   4   2   7   4  0.08 0.16
  404 L     0  -2  -2  -2   0  -1  -2  -2   1   1   1  -1   1   0   0  -1   0   1   2   1    6   2   2   2   2   2   2   3   3  11  15   3   3   4   5   4   7   2   7   8  0.04 0.11
  405 V     0  -3  -2  -5   0  -2  -3  -2  -1   3   2  -4   2   0  -2  -2  -1   1  -1   3    6   1   1   0   2   2   2   4   1  15  19   0   5   4   2   3   4   2   2  18  0.23 0.25
  406 Y    -2   0  -1  -2  -5  -1  -2  -2   0   1   0   0   0   4  -5  -2  -1   5   4  -1    3   5   3   3   0   3   2   3   2   7   8   5   3  18   0   3   4   7  13   4  0.32 0.31
  407 C     0  -2  -1  -2   0  -1  -2  -2  -1   0   1  -2   1   2   1   1   0   1   0   0    9   2   3   2   2   2   2   3   2   6  14   2   4  10   7  11   7   2   2   4  0.04 0.12
  408 I     0  -2  -4  -5   2  -4  -5  -2  -4   3   0  -4   1   4  -2  -1   0   2   1   2    9   2   0   0   4   0   0   3   0  17   9   0   3  15   2   4   5   3   4  13  0.32 0.31
  409 C     2  -4  -2  -5   5  -4  -4  -2  -4   1   0  -4   0   4  -4   0   0   1  -2   1   16   0   2   0  13   0   0   4   0   9   9   0   3  18   0   6   7   2   0  10  0.47 0.34
  410 H    -3  -2   0  -2  -5   3  -2  -3   8  -2   1  -1  -3   1  -5  -2   0   1   1  -2    2   2   4   2   0  14   2   2  31   2  12   3   0   6   0   2   7   2   4   3  0.76 0.49
  411 L    -2  -6  -7  -4   3  -6  -6  -3  -6   0   3  -6   2   0  -7  -2  -2  10  -1  -1    3   0   0   1   5   0   0   2   0   5  23   0   5   3   0   3   3  40   1   4  1.67 0.78
  412 L    -2  -5  -5  -6   0  -4  -5  -6  -5   3   5  -5   3   1  -5  -3  -2  -1  -3   1    2   0   0   0   2   0   0   0   0  16  58   0   6   6   0   2   2   1   0   6  0.89 0.42
  413 G     4  -3  -3  -3   1  -3  -2   3  -3  -2  -2  -3  -1  -2  -2   1  -1  -4  -2   0   44   0   0   0   3   0   1  25   0   2   2   0   2   1   1   9   2   0   1   6  0.53 0.29
  414 M    -3  -4  -4  -5  -2  -2  -4  -4   1   0   0  -4   7   3  -5  -3  -3   2   6  -2    2   0   0   0   1   1   0   1   3   5   5   0  31  13   0   1   1   2  31   1  0.99 0.43
  415 M     1  -3  -2  -3   3  -2  -3  -2  -3   1   1  -3   1   0  -3   3   1  -4  -2   0   10   0   0   0   8   0   0   2   0  11  13   0   3   5   0  35   8   0   0   4  0.32 0.23
  416 S    -1  -3   6  -1  -1  -1  -2  -2   3  -3  -5  -2  -1  -5  -2   4   0  -5  -4  -4    2   0  41   1   1   2   0   1   7   2   0   0   2   0   1  36   3   0   0   0  0.86 0.39
  417 C     1  -3   1  -3   3  -2  -3  -2  -3  -2  -3  -2  -1  -2  -2   5   3  -5  -3  -1    7   0   5   0   8   0   0   2   0   2   0   0   2   2   2  51  16   0   0   4  0.64 0.34
  418 C     2  -4  -4  -4   8  -4  -4  -1  -4   0  -1  -4   2   1  -4   0  -1   0  -1   1   16   0   0   0  36   0   0   5   0   5   3   0   8   7   0   5   3   1   1   9  0.73 0.31
  419 L     0  -3  -2  -4   2  -2  -3  -2  -1   2   1  -3   1   0  -3  -1   1   2   3   2    8   0   1   0   6   1   0   2   1  17  12   0   4   2   0   2  10   3  16  14  0.25 0.16
  420 N    -4  -3   8   1  -5  -3  -3  -3   2  -6  -6  -3  -5  -6  -5  -1  -1  -7  -5  -6    0   0  85   5   0   0   0   0   4   0   0   0   0   0   0   4   3   0   0   0  1.92 0.61
  421 P    -2  -5  -5  -4  -5  -4  -4  -5  -5  -3  -5  -4  -5  -6   8  -2  -2  -6  -6  -2    3   0   0   0   0   0   0   0   0   2   0   0   0   0  88   2   2   0   0   2  2.45 0.55
  422 I    -2  -4  -5  -5  -1  -4  -4  -4  -4   5   2  -4   1   4  -4  -4  -2   0   0   3    1   0   0   0   1   0   0   1   0  38  14   0   2  20   0   0   1   1   1  19  0.63 0.23
  423 L    -1  -4  -4  -5   2  -4  -4  -5  -4   5   3  -4   1   0  -4  -3   0  -4  -3   2    3   0   0   0   5   0   0   0   0  42  27   0   3   3   0   0   6   0   0  11  0.61 0.23
  424 Y    -5  -5  -5  -6  -5  -4  -5  -6  -1  -4  -2  -5  -3   3  -6  -4  -2  -1   9  -4    0   0   0   0   0   0   0   0   0   0   2   0   0   8   0   0   2   0  86   0  2.25 0.58
  425 G     3  -3   0  -3   6  -3  -3   2  -2  -2  -2  -3  -2  -1  -3   0   1   1  -1  -2   28   0   4   0  22   0   0  19   1   2   4   0   0   3   0   4   9   2   3   1  0.48 0.22
  426 F    -3  -3  -4  -5   2  -4  -5  -4  -2   1   1  -4  -1   5  -5  -3  -2   8   2  -1    2   1   1   0   4   0   0   1   1  10  11   1   1  31   0   1   3  24   5   4  0.98 0.33
  427 L    -3  -3  -4  -5   0  -3  -4  -5  -4   0   3  -3   6   4  -5  -3  -2   2   1  -1    1   1   1   0   2   1   0   0   0   3  32   1  27  20   0   2   1   2   5   2  0.75 0.32
  428 N    -3  -3   7  -1  -5  -3  -3  -2   2  -4  -5  -2  -2  -3  -4   3  -1  -6  -3  -5    1   0  66   1   0   0   0   2   5   1   1   1   1   1   0  19   1   0   1   0  1.37 0.50
  429 N     0   2   0   2  -1   1   2  -1   0  -3  -3   3  -2  -4   0   0  -1  -4  -2  -2    7  14   3  11   1   4  15   3   2   1   1  19   1   0   5   7   3   0   1   3  0.27 0.16
  430 G    -2   2   5   2  -1   0   0  -2   0  -4  -4   3  -3  -5  -3   1   0  -5  -3  -4    2  11  28  11   1   3   5   2   2   1   1  17   0   0   0   8   6   0   1   0  0.49 0.26
  431 I    -5  -6  -6  -7  -6  -6  -6  -7  -2  -1  -1  -6  -1   9  -7  -6  -4  -2   4  -2    0   0   0   0   0   0   0   0   1   3   3   0   1  80   0   0   1   0  10   2  2.16 0.64
  432 K    -4   8  -3  -5  -4   0  -3  -5  -1  -4  -5   2  -5  -6  -4  -3  -4  -3  -3  -5    1  79   1   0   0   3   0   1   1   1   0  11   0   0   0   1   0   0   1   1  1.85 0.62
  433 A     0   3   2  -1  -3   2   1  -2   0  -2  -3   3  -2  -3  -3   0  -1  -4  -1  -2    6  21   9   3   0   9   9   2   2   2   2  21   1   1   0   6   4   0   2   2  0.35 0.21
  434 D     2  -1  -1   0   0  -1   3   3   0  -3  -3  -2  -2  -2  -2   0  -1  -4  -1  -3   23   2   2   5   2   2  22  20   2   2   2   1   1   1   2   6   3   0   2   0  0.34 0.23
  435 L    -3  -6  -6  -6  -5  -6  -6  -6  -4   1   2  -6   1   8  -6  -5  -3  -3   2   0    2   0   0   0   0   0   0   0   0   7  17   0   3  61   0   0   1   0   4   6  1.48 0.52
  436 R    -1   3   0  -3  -2   1  -2  -3   1   0   0   4   1  -1  -3  -1  -2   0  -1  -1    4  18   3   0   1   6   1   1   4   6  10  28   4   3   1   3   1   2   2   4  0.33 0.23
  437 A     1   3   0  -1  -2   2   0  -1   1  -2  -2   2  -1  -2  -3   1   0  -2   0  -2   15  15   3   3   1   9   5   3   3   2   2  16   2   1   0  10   4   0   3   2  0.22 0.17
  438 L     1  -3  -4  -5  -1  -3  -4  -4  -3   3   2  -3   3   0  -4  -1   0  -2   0   2   14   1   0   0   1   0   0   0   0  22  23   1   8   3   0   4   5   1   3  14  0.40 0.24
  439 I    -4  -2  -6  -6   3  -5  -5  -6  -3   2   4  -4   1   5  -3  -4  -3   1  -1   0    0   3   0   0   7   0   0   0   1  11  36   1   4  29   1   1   1   2   1   5  0.83 0.37
  440 H    -1   3  -1  -3   5  -1  -1  -1   3  -3  -2   1  -2  -3   2   1   0  -3  -2  -3    2  20   2   1  14   2   2   4   7   1   4  10   1   1  11  12   5   0   1   1  0.40 0.25
  441 C    -4  -3  -7  -8  11  -7  -8  -5  -7  -4  -6  -6  -6   0  -4  -3  -3   3  -6  -5    1   2   0   0  84   0   0   1   0   1   0   0   0   3   1   2   1   4   0   0  3.31 0.95
  442 L    -3   3  -3  -4   7  -1  -4  -4  -2   1   2  -1   0   3  -4  -3  -3  -1  -2   0    1  17   1   1  22   3   0   1   1   7  19   4   1  12   0   1   1   1   1   6  0.56 0.29
  443 H    -3   5  -1  -2  -3   0  -2  -5   4  -3  -4   4  -3   0  -3  -2  -3  -4   1  -4    1  37   3   2   1   2   0   0  12   1   1  24   0   5   1   3   1   0   6   1  0.84 0.38
  444 M    -1   4  -2  -4   5  -1  -3  -4  -3   1   1   0   1  -3   0   0  -2  -1  -3   0    5  27   2   0  16   2   0   0   0   8  12   3   4   1   5   6   1   1   0   8  0.40 0.23
  445 S     1  -4   3  -3  -4  -3  -3  -3  -4  -5  -5  -3  -4  -6  -4   6   3  -6  -5  -4    9   0  13   0   0   0   0   0   0   0   0   0   0   0   0  58  20   0   0   0  1.18 0.51

                      K         Lambda
Standard Ungapped    0.1372     0.3263
Standard Gapped      0.0446     0.2670
PSI Ungapped         0.1456     0.3178
PSI Gapped           0.0446     0.2670
