
Last position-specific scoring matrix computed, weighted observed percentages rounded down, information per position, and relative weight of gapless real matches to pseudocounts
            A   R   N   D   C   Q   E   G   H   I   L   K   M   F   P   S   T   W   Y   V   A   R   N   D   C   Q   E   G   H   I   L   K   M   F   P   S   T   W   Y   V
    1 M    -5  -5  -6  -7  -5  -4  -6  -7  -6  -3   1  -5  11  -4  -7  -6  -5  -5  -5  -3    0   0   0   0   0   0   0   0   0   0   8   0  92   0   0   0   0   0   0   0  3.07 0.90
    2 S     2  -2   0  -2  -4  -1  -1  -3  -2  -3  -3   0  -2  -5   1   4   2  -5  -4  -3   15   1   5   2   0   3   3   1   1   1   1   5   1   0   7  42  13   0   0   1  0.58 0.35
    3 R    -1   1   0   1  -4   1   1  -2  -2  -2  -2   3  -3  -4   2   1   1  -4  -3  -3    5   9   3   7   0   6   8   2   0   2   3  20   0   0  10  11  10   0   1   1  0.30 0.20
    4 F    -2  -3  -3  -6  -2  -3  -5  -4  -2   0   2  -4   8   1   2  -5  -2   1   3  -1    3   1   2   0   1   1   0   1   1   5  16   0  36   6  11   0   2   2   8   3  0.97 0.50
    5 K    -2   4  -2  -2  -4   2   1  -4   2  -4  -4   4  -2  -4   1  -1   0  -4  -3  -3    2  24   1   1   0   8  10   1   4   1   2  27   1   1   6   3   6   0   1   1  0.68 0.40
    6 F    -6  -7  -8  -9  -5  -7  -8  -8  -5   0   5  -7   5   5  -8  -7  -6   3   4  -3    0   0   0   0   0   0   0   0   0   5  44   0  13  20   0   0   0   4  13   1  1.53 0.72
    7 I    -3  -8  -8  -9  -4  -8  -8  -9  -8   7  -3  -8  -2   4  -8  -7  -1  -5   0   3    2   0   0   0   0   0   0   0   0  53   1   0   1  18   0   0   3   0   3  19  1.75 0.78
    8 D    -9  -9  -5   9 -11  -7  -3  -8  -8 -10 -11  -8 -10 -11  -9  -7  -8 -11  -6 -10    0   0   0  98   0   0   1   0   0   0   0   0   0   0   0   0   0   0   0   0  3.49 1.42
    9 I    -2  -7  -5  -7  -5  -6  -7  -6  -5   5  -5  -7  -6  -7  -7   4   6  -8  -7   0    3   0   0   0   0   0   0   1   0  26   0   0   0   0   0  24  40   0   0   5  1.47 0.81
   10 G     0  -7  -6  -7  -1  -7  -7   3  11 -10 -10  -8  -9  -8  -9  -7  -8  -9  -6 -10    8   0   0   0   1   0   0  19  71   0   0   0   0   0   0   0   0   0   0   0  3.22 1.32
   11 I     4  -7  -6  -8   8  -7  -7  -6  -5  -1  -3  -7  -4  -3  -7  -1   0  -8  -6   2   36   0   0   0  31   0   0   0   0   4   2   0   0   1   0   5   6   0   0  13  1.56 0.77
   12 N    -8  -7   5  -7 -10  -5  -7  -8  11 -10 -10  -7  -9  -9  -9  -7  -4 -10  -6 -10    0   0  27   0   0   0   0   0  71   0   0   0   0   0   0   0   1   0   0   0  3.58 1.43
   13 L    -4  -7  -8  -8  -7  -7  -8  -8  -8   2   6  -8  -1  -1  -6  -7  -6  -4  -1  -1    1   0   0   0   0   0   0   0   0  10  76   0   1   3   1   0   0   0   3   4  1.81 0.83
   14 T    -1  -4   4   4  -1  -1  -2  -1   1  -4  -2  -4  -1  -1  -3  -1   4  -3   1  -3    6   1  19  20   1   2   1   4   3   1   4   1   2   2   1   3  23   0   4   2  0.59 0.39
   15 D    -2  -3   0   5  -3  -3  -2  -3   3  -3  -2  -3  -1   4  -3   1  -3  -2  -1  -3    4   1   4  34   1   1   2   2   6   2   4   2   2  19   1  10   1   1   2   2  0.75 0.37
   16 P     0  -1   0   1  -2  -1   2  -1   0  -3  -2   1  -1  -3   5   1  -2  -3  -3  -2    7   3   4   9   1   2  13   4   2   2   4   8   1   1  24   9   2   0   1   2  0.40 0.22
   17 M     1   1  -1   1  -2   3   1  -2  -1  -1  -2  -1   4  -2  -1   0  -1  -3  -2   0   13   7   2   7   1  13   7   3   1   4   4   4  13   1   3   7   3   0   1   7  0.22 0.16
   18 F    -3  -3  -3  -3  -3  -3  -3  -3  -3  -2  -1  -3  -1   8  -3  -3  -3  -2   4  -3    2   2   1   2   1   1   2   2   1   2   7   2   1  52   2   2   2   0  14   2  1.43 0.49
   19 R     0   2   0   0  -1   1   0  -1   0  -1  -1   2  -1  -1  -1   0   0  -1  -1  -1   10  12   3   7   1   7   6   4   2   4   6  13   1   3   3   5   5   1   2   4  0.09 0.05
   20 G     0  -1   0   0  -1  -1  -1   4  -1  -1  -1  -1  -1  -1   0   0  -1  -1  -1  -1    6   4   4   4   1   3   5  31   1   4   7   4   1   3   4   6   4   1   2   4  0.22 0.06
   21 I     0   0   0   0   0   0   0   0   0   0   0   0   0   0   0   0   0   0   0   0    6   5   4   4   3   5   7   5   2  10   8   7   2   3   4   8   5   1   3   7  0.01 0.00
   22 Y     0  -1   0   0  -1   0   0  -1   0  -1  -1  -1  -1   0   0   0   0   0   5   0    6   4   4   5   2   3   6   6   2   4   7   4   2   4   4   7   5   1  21   5  0.18 0.05
   23 R     0   1   1   0  -1   0   0   0   3  -1   0   0   0   0   0   0   0   0   0  -1    6   9   8   4   1   3   5   6   8   5   8   5   2   4   4   6   5   1   4   5  0.05 0.02
   24 G     0   0   0   1  -1   0   0   3   0  -1  -1  -1  -1  -1   0   0   0   0   0  -1    6   4   4   7   1   4   5  21   2   4   8   4   2   3   4   6   4   1   5   5  0.09 0.03
   25 V     0   0   0   0  -1   0   0   0  -1  -1   0   2   1  -1   0   0   0   0   0   0    6   4   3   4   1   3   6   6   2   4  10  16   4   3   4   8   6   1   3   6  0.04 0.03
   26 Q     0   0   0   0  -1   2   2  -1   0  -1  -1   1  -1  -1   0   0   0  -1  -1  -1    6   6   3   5   1  12  15   4   2   3   6  10   2   3   4   6   5   1   2   4  0.12 0.06
   27 K     0   1   0   1   0   1   1  -1   0  -1  -1   2  -1  -1   0   0  -1   0   1  -1    8   7   3   7   2   6   8   4   3   3   6  16   2   2   4   5   4   1   6   4  0.09 0.05
   28 H    -1  -1  -1  -1  -2  -1  -1  -1   6  -1  -1  -1   0   4  -1  -1  -1  -1   4  -1    4   3   3   3   1   2   4   4  19   3   7   3   2  14   3   4   3   1  12   4  0.44 0.16
   29 Q    -1  -2   1   4  -2   0   2  -1  -2  -2  -2   0  -2  -3   1   0  -1  -2  -1  -2    6   2   5  26   1   4  15   4   1   3   4   5   1   1   6   7   3   1   3   2  0.36 0.21
   30 D     1  -1   1   4  -1   0   2  -2   0  -3  -3   1  -4  -4   2   0  -2  -4  -4  -3   10   3   8  20   1   3  16   3   2   1   3   8   0   1  10   8   2   0   1   1  0.37 0.26
   31 D    -5  -4   0   8  -7  -2   0  -5  -3  -7  -6  -4  -6  -7  -5  -2  -4  -7  -6  -6    1   1   4  77   0   2   5   1   1   0   1   1   0   0   1   3   1   0   0   1  2.25 0.95
   32 L    -2   5  -5  -6  -4  -3  -5  -4  -3   2   3  -4  -1   1  -3  -4  -3   0  -1   0    3  30   0   0   0   1   0   1   1  11  31   0   1   7   1   1   1   1   2   6  0.82 0.48
   33 Q     0  -4   0   5  -4   0   4  -2  -1  -4  -3  -1  -5  -6   0   0  -3  -4  -4  -4    9   1   4  29   0   4  26   3   2   1   3   4   0   0   6   6   1   0   0   1  0.73 0.47
   34 D     2  -1  -1   2  -6   2   5  -3  -1  -2  -3   0  -4  -4  -4   0  -2  -6  -3  -4   15   3   2  12   0  10  33   2   1   2   3   4   0   1   1   6   2   0   1   1  0.62 0.44
   35 V    -2  -6  -8  -8  -4  -6  -6  -8  -5   3  -1  -7   0  -5  -7  -6  -1  -8  -2   7    3   0   0   0   0   0   0   0   0  16   6   0   2   0   0   0   4   0   1  64  1.71 0.79
   36 I    -5  -6  -7  -8  -5  -6  -8  -8  -8   6   4  -6   1  -2  -8  -7  -5  -4  -5   2    1   0   0   0   0   0   0   0   0  43  36   0   3   2   0   0   0   0   0  13  1.56 0.72
   37 G     1   1   0   1  -3   4   3  -2  -2  -4  -3   3  -3  -5  -5   0  -2  -4  -5  -3   14   7   4   8   0  16  16   2   1   1   3  16   0   0   0   8   2   0   0   1  0.48 0.37
   38 R    -3   8   0  -2  -6  -1  -1  -5   0  -8  -6  -1  -5  -7  -7  -2  -5  -6  -7  -8    2  72   5   3   0   2   4   1   2   0   1   4   0   0   0   3   1   0   0   0  2.01 0.95
   39 A     7  -7  -5  -7   2  -5  -6  -4  -7  -4  -2  -6   1  -3  -6   0  -3  -4  -5  -4   75   0   1   0   4   1   0   1   0   1   4   0   3   1   0   6   1   0   0   1  1.77 0.90
   40 V     0   3  -1  -3  -3   1   0  -3   2  -1   0   3  -2   1  -3  -1  -1   3  -2  -2    7  17   2   1   1   6   5   1   5   3  12  19   1   6   1   4   3   3   1   3  0.29 0.25
   41 E     2  -1   1   3  -6   2   4  -2  -2  -5  -3   1  -4  -6  -5   0  -2  -5  -5  -3   15   3   6  17   0   7  25   3   1   0   2   9   0   0   0   6   2   0   0   2  0.58 0.41
   42 I     5  -2   3  -3  -2   0   0  -3   1  -3  -3  -1  -3  -2  -5   0  -3  -6  -2   0   40   2  14   1   1   4   6   2   3   1   3   3   1   2   0   7   1   0   2   8  0.60 0.43
   43 G    -5  -3   2   0  -5  -3  -2   7  -1  -8  -8  -2  -8  -8  -7  -3  -5  -4  -6  -8    0   2   9   4   0   1   3  72   1   0   0   3   0   0   0   2   1   0   0   0  1.83 0.86
   44 V    -5  -8  -8  -7   2  -7  -7  -5  -8   3   1  -7   0  -5  -8  -7  -5  -8  -6   7    0   0   0   0   4   0   0   1   0  15  11   0   2   0   0   0   0   0   0  65  1.82 0.83
   45 K    -1   0   0   1  -2   1   2   0   0  -2  -3   1  -2  -3  -4   1   2  -3  -2  -1    5   5   3   8   1   5  16   7   2   3   2  10   1   1   0  11  12   0   1   5  0.20 0.20
   46 K     0   3  -1  -3  -1   0  -2   0   3  -2  -3   4  -2  -1  -2  -1  -1   2   0  -3    9  17   2   1   1   4   2   8   7   2   3  23   1   3   2   3   5   3   4   2  0.38 0.28
   47 F    -3  -7  -8  -7  -2  -4  -7  -8  -5   6   2  -7   6   2  -6  -6  -5  -2  -2   2    3   0   0   0   1   1   0   0   0  39  15   0  20   8   0   0   0   1   1  10  1.39 0.66
   48 M    -4  -7  -3  -7  -2  -4  -7  -7  -6   6   3  -7   4   0  -7  -6  -4  -7  -3   3    1   0   2   0   1   1   0   0   0  41  23   0   8   4   0   0   1   0   1  18  1.29 0.61
   49 I    -1  -5   4  -3   3  -4  -2  -6  -3   3   1  -5  -1  -3  -6  -1   2  -5  -5   3    4   0  19   1   7   1   3   0   1  15  11   0   2   1   0   4  11   0   0  21  0.63 0.41
   50 T    -2  -6  -5  -6  -1  -6  -6  -6  -7   4  -3  -6  -3  -5   3  -3   4  -7  -6   4    4   0   0   0   1   0   0   1   0  20   2   0   1   0  16   2  25   0   0  28  1.11 0.62
   51 G     2  -8  -2  -5   2  -7  -6   7  -6  -7  -8  -7  -8  -7  -7   1  -4  -8  -8  -5   14   0   2   0   4   0   0  68   0   0   0   0   0   0   0   9   1   0   0   1  1.81 0.86
   52 G    -1  -4  -3  -1   3  -4  -3   1  -5   1  -3  -5  -1  -1  -5   2   5  -3   1   1    5   1   1   3   5   1   1  11   0   9   2   0   1   2   0  12  31   0   4   9  0.55 0.41
   53 N    -4  -3   3   6  -1   0  -1  -2  -3  -7  -7  -1  -6  -7  -6   3   1  -8  -5  -6    1   2  13  39   2   4   3   3   1   0   0   3   0   0   0  20   9   0   0   0  1.10 0.63
   54 L    -2  -2  -5  -4  -5  -4  -1  -5  -2   2   4  -3   1   0   1  -2  -3  -1   1   1    3   2   0   1   0   1   5   1   1  10  43   2   3   3   6   3   1   1   5  10  0.58 0.37
   55 Q     1  -1  -1   2  -6   1   4  -2   1  -4  -5   2  -3  -6   0   1  -1  -7  -5  -3   12   4   3  11   0   6  27   3   3   1   1  11   0   0   4   9   4   0   0   2  0.50 0.37
   56 D    -3  -3  -1   3  -4  -3   3  -1  -1  -5  -5  -4  -2  -6  -5   4   3  -7  -4  -5    2   1   3  15   0   1  19   5   1   0   1   1   1   0   0  29  18   0   0   0  0.81 0.55
   57 S     0  -5   0  -6   0  -5  -6  -5  -3   0  -2  -6  -3   1  -6   6  -2   3  -3  -3    8   0   4   0   2   0   0   0   1   5   4   0   1   5   0  59   2   4   1   2  1.25 0.75
   58 K    -2   4  -2   0  -5   3   2  -4   0  -2  -2   4  -3  -3   0  -2  -3  -5  -2  -2    4  20   1   5   0  11  14   1   2   3   5  21   1   1   4   2   1   0   1   3  0.51 0.37
   59 D     1   3   0   0  -4   2   2  -3  -1  -3  -2   3  -2  -3  -3  -1  -2  -4  -5  -4   10  18   4   5   0   8  15   2   2   2   4  19   1   1   1   4   3   0   0   1  0.46 0.34
   60 A     6  -6  -1  -6   1  -5  -5  -1  -5  -1  -2  -5   1  -6  -5   1  -1  -7  -6   1   53   0   4   0   3   0   0   4   0   4   4   0   3   0   0  10   3   0   0  10  1.00 0.60
   61 L    -1  -2  -5  -5  -3  -1  -4  -7  -4   4   4  -2  -1  -1  -7  -4  -4  -4  -1   3    4   3   0   0   1   3   1   0   0  20  35   3   1   2   0   1   0   0   2  22  0.82 0.46
   62 H     2   0   0   2  -3   2   5  -3  -2  -5  -4   2  -4  -5  -4   0  -2  -7  -5  -4   16   5   4  10   0   7  32   2   1   0   2  10   0   0   1   6   2   0   0   1  0.65 0.45
   63 L    -5  -6  -6  -6  -3  -3  -6  -8  -5   4   5  -5   1   0  -8  -6  -2  -2  -1  -1    1   0   0   0   1   1   1   0   0  23  56   1   3   3   0   0   2   1   3   3  1.31 0.64
   64 A     6  -5  -6  -7   3  -4  -4  -5  -3  -1  -4  -5  -3  -5  -5   1   0  -8  -4   0   62   0   0   0   6   1   1   1   1   3   1   0   1   1   0   9   5   0   1   7  1.33 0.73
   65 Q    -1   3   1   0  -5   2   4  -3   1  -5  -4   3  -3  -5  -5   0  -2  -7  -4  -5    6  12   6   6   0   9  25   2   3   1   2  17   1   0   0   6   2   0   0   1  0.61 0.42
   66 T    -1   3   0  -1  -6   3   2  -4  -1  -4  -4   4  -3  -6  -4   0   2  -7  -4  -5    5  13   4   3   0  10  13   1   2   1   2  26   1   0   1   7  11   0   1   0  0.61 0.43
   67 N    -5  -1   0   1  -4  -3  -2  -6   6  -5  -3  -5  -5   3  -2  -3  -4   1   7  -5    1   3   5   7   0   1   3   1  17   1   2   1   0  11   3   2   1   1  39   1  1.41 0.71
   68 G    -1  -2   1   3  -4  -2   3   0  -1  -5  -6   0  -5  -6   5  -1  -3  -7  -6  -5    5   2   5  18   0   2  16   7   2   1   0   5   0   0  29   5   1   0   0   1  0.84 0.50
   69 M    -2   1   3   1   0   1   1   1   1  -2  -3   0   1   1  -2  -1  -1   0  -1  -3    2   9  15   6   2   7   9  13   3   2   2   5   4   8   2   4   3   1   2   2  0.21 0.19
   70 F    -3  -4  -4  -5   3  -4  -5  -4  -4   4   2  -4   1   1  -6  -5  -2  -2  -2   4    2   1   1   1   7   1   1   2   0  20  20   1   4   6   0   0   3   1   1  30  0.80 0.42
   71 F    -4  -2  -6  -5   0  -7  -6  -8   1  -3  -2  -4  -2   5  -7  -2  -4   6   8  -3    1   3   0   1   2   0   0   0   3   2   3   1   1  24   0   4   1   8  43   2  1.75 0.79
   72 S     5  -5  -5  -6   5  -5  -6  -2  -4  -4  -4  -5  -3   0  -1   1   0  -4  -1  -2   49   0   0   0  12   0   0   3   0   1   2   1   1   5   3  11   6   0   3   2  1.08 0.60
   73 T     4  -6  -6  -6   0  -5  -5  -3  -7  -3  -5  -6   2  -7  -6   2   6  -7  -3  -1   26   0   0   0   2   0   0   2   0   2   1   0   4   0   0  15  43   0   1   4  1.26 0.71
   74 V     2  -7  -7  -7   1  -6  -7  -6  -7   3  -1  -7   1  -2  -7  -5  -4  -4  -2   6   18   0   0   0   2   0   0   1   0  15   6   0   3   1   0   1   1   0   1  50  1.30 0.63
   75 G    -3  -8  -7  -8  -4  -8  -8   8  -8  -9  -9  -8  -9  -9  -8  -7  -6  -9  -9  -9    2   0   0   0   0   0   0  95   0   0   0   0   0   0   0   0   0   0   0   0  2.98 1.20
   76 C    -4  -6  -7  -8   4  -5  -7  -8  -7   5   2  -7  -2   0  -7  -5  -3   0  -2   4    1   0   0   0   8   1   0   0   0  31  18   0   1   4   0   1   2   1   2  28  1.22 0.57
   77 H    -8  -5  -7  -8  -6  -4  -7  -7  11  -9  -9  -8  -5  -6  -9  -6  -7  -9  -2  -9    0   1   0   0   0   1   0   0  94   0   0   0   0   0   0   1   0   0   1   0  4.38 1.58
   78 P    -7  -9  -9  -8  -9  -8  -8  -9  -9  -9  -9  -8  -9 -10   9  -5  -8 -10  -9  -9    0   0   0   0   0   0   0   0   0   0   0   0   0   0  97   1   0   0   0   0  3.66 1.49
   79 T    -5  -5   1  -2   4  -2  -1  -5   8  -1  -3  -5  -3  -5  -6  -1   3  -3   0  -4    1   0   7   3   8   2   4   1  37   4   3   0   1   0   0   4  19   0   3   2  1.36 0.67
   80 R    -4   2   1   4  -1  -1   3  -5   5  -5  -6  -3  -4  -3  -5   1  -4  -3   1  -5    1  12   6  24   1   3  18   1  14   1   1   1   0   1   0   9   1   0   5   1  0.84 0.48
   81 C     5  -5  -4  -3   5  -5  -5  -3  -6   0  -1  -4  -4  -4  -4   1   0  -5  -5   3   39   0   1   1  11   0   1   2   0   6   5   1   0   1   1   8   7   0   0  16  0.83 0.47
   82 G     1  -1   2   1  -2   1   0   1   0  -3  -2   3  -2  -3  -2   1  -1  -3  -3  -2   10   3  10   9   1   5   7   9   3   1   4  18   1   1   1  11   4   0   1   2  0.25 0.20
   83 E    -1  -1   0   3  -3   1   4  -1   0  -3  -3   1  -3  -4  -2   1   0  -5  -3  -3    5   3   4  14   1   6  30   5   2   2   2   7   1   1   2   9   6   0   1   2  0.48 0.32
   84 F     0  -3  -1  -2   1  -2  -1  -3   1   0   0  -2   1   5  -3  -2  -2   5   2   0    8   1   3   3   3   1   4   2   3   6   8   2   4  24   2   3   3   7   5   8  0.42 0.24
   85 E    -2  -2   2   3  -2   0   2  -1   0  -2  -2   0  -1  -1  -1   0   1   2   1  -2    3   2  10  16   1   3  13   4   2   2   4   6   2   2   3   7  11   2   5   2  0.22 0.17
   86 K     0  -1   0   1  -3   1   3  -2   0  -1  -2   2  -1  -2   1   0  -1  -2  -2  -1   10   2   5   7   0   6  19   3   2   3   3  11   1   2   8   7   4   1   1   4  0.20 0.16
   87 N    -1  -1   1   2  -2   0   2   0   2  -2  -3   0  -2  -2  -1   2   0  -1  -1  -2    5   3   7  13   1   5  15   6   5   2   3   4   1   2   3  15   5   1   2   2  0.22 0.16
   88 N     0  -2   1   4  -2  -1   1   1  -1  -2  -2  -1  -1  -2  -1   1   1  -1  -2  -1    7   2   6  21   1   2   9  10   2   3   4   2   1   2   2  10   8   1   2   5  0.23 0.16
   89 P     0  -1  -1   0  -3  -1   2  -2  -1   0   0  -1   0  -1   3   1  -1   0   0  -1    7   3   2   4   1   3  13   3   1   5  11   4   2   3  16   9   4   1   4   3  0.17 0.12
   90 D    -1  -1   0   4  -3   0   4  -2  -2  -2  -2  -1  -2  -3  -2  -1  -1  -3  -2  -2    6   3   4  26   1   3  26   4   1   2   4   4   1   1   2   5   3   0   1   2  0.54 0.29
   91 L     1   0   0   0  -2   0   1   0  -1   0   0   1  -1   1  -1   0   0   0  -1  -1   12   4   3   6   1   3   9   7   1   6  10  10   1   6   2   5   5   1   2   5  0.03 0.04
   92 Y    -1  -2  -2   1  -2  -1  -1  -2   2   1   0  -2   0   1  -3  -1   0   2   4   0    6   2   2  10   1   2   4   3   6   8  10   3   2   4   1   5   5   2  17   8  0.21 0.14
   93 L    -2  -1  -3  -2  -3  -2   0  -3  -2   2   3  -1   1   2  -3  -2  -2   2   1   0    4   4   1   2   0   2   7   2   1  13  29   4   4  10   1   2   1   2   5   5  0.30 0.20
   94 K     0   1   1   2  -2   3   2  -2  -1  -2  -3   3  -3  -3  -3   0  -1  -4  -3  -3    8   6   6  11   1  13  15   3   1   2   3  16   1   1   1   7   3   0   1   2  0.35 0.24
   95 E     0   1   0   1  -3   2   4  -3   0  -3  -2   2   0  -3  -3  -1  -1   1  -2  -3    8   7   3   9   0  10  25   2   2   2   4  12   3   1   1   4   3   2   1   1  0.37 0.26
   96 L    -3  -3  -6  -5  -3  -4  -4  -5  -4   3   5  -4   1   0  -5  -4  -4  -4   2   0    2   2   0   1   0   1   1   1   0  14  57   1   3   4   0   1   1   0   6   5  1.06 0.49
   97 L     0   2  -2   0  -1   0   2  -3  -2   0   1   2   0  -1  -3  -1   0  -2  -1  -1    7  14   2   5   1   3  15   2   1   6  13  12   2   2   1   3   5   0   2   4  0.16 0.15
   98 N     1   1   1   2  -2   1   3  -2  -2  -2  -2   2  -3  -3  -2   0   1  -4  -3  -3   11   6   6  10   1   5  18   3   1   2   4  13   1   1   2   7   8   0   1   2  0.25 0.19
   99 L    -3  -3  -3  -4  -3  -2  -3  -4  -3   1   5  -3   1   0  -3  -3  -3   1  -1   0    2   1   1   1   1   2   2   2   1   7  59   2   3   3   1   2   1   2   2   5  0.88 0.39
  100 A     4  -3  -3  -3   1  -3  -2  -2  -2   3   1  -3  -1  -2  -2   0  -1  -1  -1   0   36   1   1   2   3   1   2   3   1  16  11   1   1   1   2   5   3   1   2   6  0.43 0.26
  101 E     0   2  -1  -1  -3   1   2  -2  -1  -2  -1   3  -1  -2  -2   0   0  -1  -1  -2   10  10   3   3   0   7  12   2   1   2   7  22   1   2   2   5   5   1   2   3  0.24 0.16
  102 N     0  -1   2   2   0   1   2  -1   0  -2  -1   0  -1  -1  -1   1   0  -2  -2  -1    7   3  10  10   2   5  13   4   3   2   6   7   2   3   2  13   5   0   1   3  0.14 0.09
  103 N     0  -1   3   1  -2   1   0   1   2  -2  -2   1  -2  -2  -1   1  -1  -3  -2  -2    6   3  17   9   1   5   6  12   4   2   3   8   1   1   2  13   3   0   1   2  0.23 0.14
  104 K    -1   2   0   0  -3   1   0  -1   6  -2  -3   3  -3  -4   0   0  -2  -4  -2  -4    5  10   4   6   1   6   5   5  17   2   2  21   1   1   5   6   2   0   1   1  0.47 0.27
  105 G    -2  -1   0   2  -1  -2   1   1  -1  -4  -4   1  -4  -4   5   0  -2  -4  -4  -2    3   3   5   9   2   2  11  10   2   1   2   7   0   1  32   6   1   0   1   3  0.62 0.32
  106 K    -3   3   0  -2  -1   0   0  -2   0  -4  -3   6  -4  -3  -2   0  -2  -3  -2  -2    2  12   4   1   2   3   5   3   2   1   3  47   0   1   2   6   2   0   1   3  0.80 0.40
  107 V    -2  -5  -6  -6   3  -6  -6  -5  -4   3  -1  -3  -2  -1  -4  -5  -2  -3  -2   6    3   1   0   0   6   0   0   1   0  13   4   2   1   3   1   0   2   0   1  61  1.37 0.60
  108 V    -1  -2  -5  -6  -2  -5  -6  -6  -4   2  -1  -2  -3  -5  -6  -4  -4  -6  -4   7    5   3   1   0   1   0   0   1   0  11   4   3   1   0   0   1   0   0   1  67  1.51 0.66
  109 A     7  -2  -6  -7  -4  -6  -6   1  -7  -7  -7  -6  -3  -5  -6  -2  -5  -7  -7  -5   81   3   0   0   0   0   0  11   0   0   0   0   1   0   0   2   0   0   0   0  2.01 0.90
  110 I    -5  -7  -8  -8  -6  -7  -7  -8  -7   7   0  -7  -2   0  -4  -6  -5   0  -2   4    0   0   0   0   0   0   0   0   0  54   8   0   1   4   1   0   0   1   1  27  1.68 0.69
  111 G    -6  -8  -6  -7  -8  -7  -8   8  -8  -9  -9  -7  -8  -8  -8  -6  -7  -8  -8  -4    0   0   0   0   0   0   0  97   0   0   0   0   0   0   0   0   0   0   0   2  2.94 1.11
  112 E    -7  -6  -6  -4  -9  -4   8  -8  -6  -6  -8  -5  -8  -3  -5  -6  -7  -8  -8  -8    0   0   0   0   0   0  96   0   0   1   0   0   0   2   0   0   0   0   0   0  2.96 1.21
  113 C    -3  -8  -7  -8   8  -7  -8  -8  -8   6  -4  -8   1  -2  -8  -4   3  -8  -7   0    2   0   0   0  33   0   0   0   0  36   1   0   4   2   0   1  16   0   0   5  1.89 0.80
  114 G    -6  -6  -4  -8  -9  -8  -8   8  -8  -6 -10  -8  -9  -9  -8  -7  -8  -9  -9  -6    0   0   1   0   0   0   0  97   0   1   0   0   0   0   0   0   0   0   0   1  3.00 1.18
  115 L    -6  -8  -9 -10  -7  -8  -9 -10  -9  -1   7  -8   0   0  -9  -8  -6  -7  -5  -5    1   0   0   0   0   0   0   0   0   3  89   0   2   3   0   0   0   0   0   0  2.28 0.97
  116 D    -8  -8  -4   9 -10  -7  -3  -3  -8 -10 -11  -7 -10 -10  -8  -7  -8 -11 -10 -10    0   0   1  96   0   0   1   2   0   0   0   0   0   0   0   0   0   0   0   0  3.33 1.30
  117 F    -6  -5  -6  -8  -3  -7  -8  -7  -2  -5  -2  -4  -6   5  -8  -6  -3  -2   9  -7    1   1   0   0   1   0   0   1   1   0   4   1   0  20   0   0   2   0  67   0  2.63 1.06
  118 D    -3  -4   1   4  -4  -4  -3  -4   6  -5  -5  -3  -6   4  -6  -4  -5  -1   7  -3    2   1   6  19   0   1   2   2  16   1   1   1   0  13   0   1   1   1  31   2  1.32 0.64
  119 R    -6   6  -4  -7  -6  -3  -2  -7   4  -6  -6  -1  -6  -2  -4  -4  -5   6   5  -6    0  45   1   0   0   1   3   0   9   0   1   3   0   1   1   1   0  11  21   1  1.74 0.79
  120 L    -1  -1   0   1  -1  -1  -1  -1  -1   0   2  -1   1   0   0   0   1   2   0  -1    5   2   4   7   1   2   4   5   1   4  23   4   4   4   4   6   8   3   4   4  0.07 0.07
  121 Q    -3   0   4   4  -5   1   2  -2   4  -4  -5   2  -3  -2   0  -2  -2  -6  -2  -5    1   4  16  20   0   7  13   4  10   1   1  11   1   2   5   2   2   0   1   1  0.62 0.38
  122 F    -3   0   1   0  -4  -2   0  -3   3  -2   0  -1  -3   5  -1  -2  -1  -1   3  -2    1   5   7   7   0   2   7   2   6   3   8   3   0  26   3   3   4   1   9   2  0.43 0.28
  123 C     1  -3  -1  -1   5  -2   0  -3  -3  -4  -4  -2  -4  -2  -2   5   1  -6  -2  -2   12   1   3   3  13   1   5   1   1   1   2   2   0   2   2  39   8   0   1   3  0.74 0.46
  124 P    -2  -3   1   3  -6  -3   1  -3  -3  -4  -3  -1  -5  -3   6   0   0  -4  -2  -4    3   1   6  15   0   1   8   2   1   1   3   4   0   1  37   8   6   0   2   1  0.87 0.49
  125 K    -1   4  -4  -4  -4  -1  -1  -4   0  -1  -3   6  -3  -4   1  -3  -4  -7  -3  -3    4  23   1   0   0   3   3   2   2   5   3  41   1   1   6   1   0   0   1   2  0.97 0.55
  126 D     0  -1   0   4  -5   0   5  -4  -1  -5  -5   1  -3  -7  -1  -2  -3  -7  -6  -4    7   3   4  23   0   4  37   1   1   1   1   8   1   0   3   3   1   0   0   1  0.90 0.53
  127 T     0   1  -1   0  -2   1   0  -4  -2   2   0   1   1  -2  -3  -2   1  -2  -2   2    7   7   2   5   1   5   6   0   1  13   7   9   4   1   1   2  11   1   1  16  0.17 0.17
  128 Q    -6  -3  -7  -7 -10   9  -4  -9  -6 -10  -9  -4  -3 -10  -8  -7  -7  -9  -8  -9    1   1   0   0   0  96   1   0   0   0   0   0   1   0   0   0   0   0   0   0  3.55 1.50
  129 L    -3   3  -3  -4  -3   2   1  -5   0   2   1   4  -1  -3  -5  -3  -3  -4  -3  -2    2  15   1   0   1  10   7   0   2  11  13  28   1   1   0   1   1   0   1   3  0.60 0.40
  130 K     0   3  -1   1  -5   1   4  -4   0  -2  -3   3   0  -3  -2  -1  -1  -3  -1  -3    8  13   3   6   0   4  24   1   2   2   2  18   3   1   1   3   4   0   2   1  0.45 0.33
  131 Y     2  -3  -2  -4   1  -3  -4  -3   0   1   0  -3   0   0  -5   0  -1   2   3   3   18   1   2   0   3   1   1   2   2   7  10   1   2   4   0   6   2   3  10  24  0.38 0.27
  132 F    -7  -7  -7  -8  -3  -7  -7  -7  -6  -4   1  -7  -2   9  -8  -7  -5  -5  -1  -3    0   0   0   0   1   0   0   0   0   1  14   0   1  77   0   0   1   0   2   2  2.65 1.01
  133 E     0   4  -2  -1   0   0   3  -3   0   1  -1   2  -2  -4  -2  -2  -2  -5  -2  -2    8  21   1   3   2   4  22   1   2   7   6  11   1   1   1   2   2   0   1   3  0.40 0.29
  134 K     2   3  -1  -1  -3   2   2  -3  -1  -3  -1   3  -1  -1  -3  -1   0  -1  -2  -3   15  16   2   2   1   8  12   1   1   2   7  17   1   2   1   3   5   1   1   1  0.31 0.26
  135 Q    -5  -5  -4  -6  -7   8  -3  -6   6  -4  -3  -5  -1   0  -6  -4  -5  -7  -6  -7    1   0   0   0   0  67   1   1  17   1   3   0   2   4   0   1   0   0   0   0  2.31 1.04
  136 F    -3  -6  -7  -7  -3  -6  -6  -7  -4   5   5  -6   1   1  -6  -4  -4  -3  -4   1    2   0   0   0   0   0   0   0   0  30  47   0   3   5   0   1   1   0   1   7  1.24 0.57
  137 E     0   1   0   3  -1   2   5  -1   0  -3  -4   1  -4  -5  -4  -1  -2  -4  -5  -4    8   7   3  14   2   8  32   4   2   2   2   8   0   1   0   4   2   0   0   1  0.58 0.38
  138 L    -1  -5  -6  -7  -4  -5  -4  -7  -6   2   6  -5   1   0  -6  -5  -4   3  -2  -1    5   0   0   0   0   0   1   0   0  12  63   1   3   3   0   1   1   3   1   4  1.23 0.58
  139 S     7  -3  -3  -6  -2  -4  -5  -3  -3  -5  -5  -5  -6  -3  -6   1  -3  -7  -4  -3   78   1   1   0   1   1   0   2   1   1   1   0   0   1   0   8   1   0   1   2  1.77 0.84
  140 E     0   2   0  -2   1   1   1  -1   0   0  -1   3  -2  -2  -4  -1  -2  -2  -2   0    7  12   5   1   3   7   9   4   2   6   7  20   1   1   0   4   2   1   1   7  0.20 0.19
  141 Q    -1   1  -2   1  -3   2   5  -4   0  -4  -5   3  -4  -5  -4  -1  -2  -6  -5  -3    6   6   1   8   1   8  38   1   2   1   1  16   0   1   0   5   3   0   0   2  0.77 0.46
  142 T    -2  -1   0  -3  -1  -2  -3  -5   3   0   3  -2   1   1  -4  -1   1  -1   3   1    3   3   4   1   1   1   1   0   6   4  32   3   3   5   1   5   9   1   9   8  0.33 0.24
  143 K    -2   0   4   3  -4   2  -1   3   1  -5  -6   2  -5  -6  -3  -1  -3  -6  -5  -5    2   4  20  16   0   9   3  19   4   1   0  12   0   0   1   4   1   0   0   1  0.65 0.39
  144 L    -4  -3  -6  -5  -6  -4  -5  -6  -4  -1   5   4   2  -3  -6  -5  -4  -6  -2  -3    1   1   0   1   0   1   1   0   0   2  59  23   4   1   0   1   1   0   1   2  1.27 0.63
  145 P    -4  -3  -4  -7  -3  -4  -6  -6  -7  -6  -7  -5  -7  -8   9  -5  -5  -8  -7  -7    2   2   1   0   1   1   0   1   0   1   0   1   0   0  88   1   1   0   0   0  2.99 1.22
  146 M    -3  -6  -6  -6  -2  -5  -6  -5  -4   3   4  -6   3  -1  -5  -5  -3  -5  -2   4    2   0   0   0   1   0   0   1   0  15  38   0   6   2   1   1   1   0   2  30  1.03 0.49
  147 F    -3  -6  -4  -5  -2  -4  -5  -6  -6   5  -2  -6   2   5  -6  -2  -3  -5  -1   3    1   0   1   1   1   1   1   0   0  34   3   0   5  25   0   3   1   0   2  20  1.16 0.53
  148 L    -4  -6  -6  -7  -2  -6  -6  -7  -6   6   4  -6   0   2  -6  -6  -5  -2  -3   3    1   0   0   0   1   0   0   0   0  38  32   0   2   7   0   0   0   1   1  16  1.22 0.54
  149 H    -7  -6  -1  -7  -8  -5  -6  -7  11  -8  -8  -6  -7  -7  -7  -6  -7  -7  -4  -8    0   0   2   0   0   0   0   0  94   0   0   0   0   0   0   0   0   0   0   0  4.19 1.40
  150 C    -2  -4   2   1   6   0   0  -4  -2   0  -2  -4   2  -5  -5   2   1  -5  -3   0    3   0  10   7  18   4   7   1   1   6   3   0   6   0   0  18   9   0   1   6  0.54 0.35
  151 R    -7   9  -6  -7  -8  -5  -6  -8  -6  -8  -7  -1  -7  -8  -4  -5  -7  -1  -7  -5    0  92   0   0   0   0   0   0   0   0   0   2   0   0   1   1   0   1   0   1  2.98 1.16
  152 N     0  -3   4   5  -7  -1   3  -2  -3  -7  -6   0  -3  -7  -6  -1  -3  -8  -5  -6    9   1  17  35   0   2  20   3   0   0   1   5   1   0   0   4   1   0   0   0  1.00 0.55
  153 S     6  -7  -6  -4   2  -6  -6  -2  -7  -7  -5  -6  -6  -8  -6   2   1  -8  -7  -4   72   0   0   1   5   0   0   3   0   0   1   0   0   0   0  12   7   0   0   1  1.72 0.83
  154 H    -1  -3   0   1   1  -1   0  -1   6  -3  -2  -3   0   2  -4  -1  -1   3   3  -3    5   1   5   7   4   3   7   5  20   1   3   1   3  10   0   5   4   4  11   1  0.49 0.32
  155 A     0  -1  -1   4  -6   1   4   0  -2  -4  -4   0  -3  -6  -1   0  -2  -6  -4  -3    9   3   3  21   0   6  27   8   1   1   1   6   1   0   3   6   2   0   0   2  0.57 0.37
  156 E    -2  -2  -3   7  -8  -2   4  -6  -2  -5  -5  -2  -4  -8  -4  -4  -4  -8  -5  -5    3   2   1  61   0   2  21   0   1   1   2   2   1   0   1   1   1   0   1   1  1.73 0.78
  157 F    -1  -2  -5  -6   0  -3  -6  -5  -5   1   2  -5   3   5  -6  -3   3  -5  -1   1    4   2   0   0   2   1   0   1   0   7  15   0   7  25   0   1  21   0   1  11  0.76 0.43
  158 L    -1  -2  -4  -2   1  -3  -2  -5  -2   3   3  -3   3   2  -5  -3  -2   1   2   1    4   2   1   2   3   1   3   1   1  14  34   1   6   7   0   1   1   2   6  10  0.48 0.29
  159 D     1   2   1   3  -5   1   3  -3   1  -5  -4   0   0  -6  -1   0  -2  -6  -4  -4   11  10   5  19   0   5  23   1   3   0   1   6   3   0   3   6   2   0   1   1  0.50 0.34
  160 I    -3  -6  -7  -5   0  -4  -5  -6  -4   7   1  -6   2  -2  -7  -4  -2  -1  -2   2    2   0   0   1   2   1   1   0   0  58  12   0   4   1   0   1   2   1   2  10  1.36 0.61
  161 M    -3  -7  -5  -8  -3  -6  -7  -8  -7   4   6  -5   1  -1  -7  -6  -4  -2  -5   1    2   0   1   0   0   0   0   0   0  19  62   1   3   2   0   0   1   1   0   7  1.41 0.63
  162 K    -1   3   1  -1  -3   2   2  -3  -2  -4  -4   4  -3  -3  -4   0   0  -4  -3  -4    4  13   6   4   0   9  11   2   1   1   1  30   1   1   1   8   4   0   1   1  0.56 0.37
  163 R     0   2   0   1  -3   1   4  -3   0  -4  -4   2  -2  -4   1   0  -1   1  -4  -3    6  10   4   8   0   6  26   1   2   1   1  13   1   0   6   7   4   2   0   1  0.43 0.30
  164 N    -2  -2   3  -3  -1  -2   2  -4   5  -3  -2  -2  -1   3  -4  -1  -1   2   5  -2    3   2  13   1   2   2  12   1  14   1   3   1   2  11   1   4   5   3  18   2  0.59 0.36
  165 R     0   2   0  -1  -2   0  -1   1  -1  -2  -1   3  -1   0   0   0  -2  -1  -1  -2    6  14   4   4   1   4   3  14   1   2   6  19   2   4   5   6   1   1   2   2  0.18 0.16
  166 D     0  -1   1   1   0  -1   0   1   1  -1  -2   0  -1  -1   2   1  -1  -2  -1   0    9   3   6  10   2   2   4  10   5   4   4   7   1   2   9   9   2   0   2   8  0.09 0.09
  167 R    -1   3   0   0  -2   0   0   1   0  -3  -1   2  -2  -1   1   0  -1  -1  -1  -2    4  16   3   6   1   4   6   9   2   1   6  16   0   4   6   8   3   1   1   2  0.19 0.16
  168 C    -1   0   0  -1   1   0   1   1  -1   0   1   0  -1   1   1   0  -1   1  -1  -1    4   4   4   3   3   4   9  11   2   5  14   8   1   7   7   5   2   2   2   3  0.04 0.06
  169 V    -1   0  -1  -3  -1  -1  -2  -3  -1   1   1   0  -1   0   3  -1   1  -2  -1   2    5   5   2   1   1   3   2   1   1   8  17   5   1   4  15   4   8   0   2  14  0.20 0.16
  170 G    -1   4   0  -3  -2  -1  -2   3  -1  -3  -3   3  -3  -3   2  -1  -1  -3  -3  -4    6  23   5   1   1   3   2  19   1   1   2  15   1   1   9   4   5   0   1   1  0.45 0.29
  171 G     0  -6  -5  -5  -1  -6  -6   7  -6  -1  -4  -4  -4  -2  -6  -3  -2  -6  -4  -2    8   0   0   0   1   0   0  71   0   4   2   1   1   2   0   1   2   0   1   3  1.63 0.70
  172 V    -4  -6  -2  -5   0  -2  -5  -7  -2   3   0  -6  -1  -4  -6  -5  -4  -7  -5   7    1   0   2   1   2   2   1   0   1  13   6   0   1   0   0   0   1   0   0  67  1.59 0.71
  173 V    -1  -6  -5  -6  -2  -5  -6  -6  -6   3   2  -5   4   4  -6  -4  -3  -1  -3   4    4   0   1   0   1   0   0   0   0  16  17   0  10  15   0   1   1   1   0  30  0.91 0.45
  174 H    -7  -4  -5  -7  -8  -6  -6  -7  11  -8  -8  -6  -7  -7  -7  -7  -7  -8  -2  -8    0   1   0   0   0   0   0   0  95   0   0   0   0   0   0   0   0   0   1   0  4.26 1.44
  175 S    -2  -6  -6  -7  10  -6  -7  -4  -4  -6  -6  -7  -3   0  -7   4  -4  -7  -5  -6    4   0   0   0  59   0   0   1   0   0   0   0   1   3   0  27   1   0   0   0  2.62 1.00
  176 F    -7  -7  -6  -8   0  -7  -7  -8  -3  -5  -4  -7  -5   9  -8  -7  -7   0   4  -5    0   0   1   0   2   0   0   0   1   1   1   0   0  78   0   0   0   1  13   1  2.85 1.04
  177 D    -1  -5  -2   0  -3  -3  -2  -1  -4  -4  -5  -5   0  -5  -3   4   5  -6  -4  -2    5   0   2   6   1   1   2   4   0   1   1   0   2   0   1  31  39   0   0   3  1.00 0.59
  178 G    -2  -6  -4  -1  -3  -3  -1   7  -3  -7  -6  -6  -4  -5  -4   0  -4  -7  -1  -7    3   0   1   3   1   1   4  72   1   0   1   0   0   1   1   8   1   0   2   0  1.69 0.74
  179 T    -3  -3   2   3  -5  -3  -2   0  -2  -4  -5  -3  -5  -6  -2   4   4  -7  -6  -5    1   1  10  18   0   1   2   8   1   1   1   1   0   0   2  29  24   0   0   0  0.85 0.52
  180 K     0   0  -3  -3  -3  -1   0  -4  -1   0   1   1   1  -1   0  -1  -1   5   0   1   10   5   0   1   0   2   8   1   1   5  17  11   3   2   6   3   3   8   3  10  0.20 0.18
  181 E     0  -2  -1   3  -6   1   6  -4  -1  -4  -5   1  -3  -5  -2  -1  -2  -2  -4  -4    9   2   3  13   0   5  44   1   1   1   1   7   1   1   2   4   2   1   0   1  0.85 0.50
  182 A    -1  -3  -2   1  -4   2   4  -4   0  -1   0  -3   3   2  -5  -3   0  -1   0  -1    4   0   2   9   0  10  26   1   2   4  10   0   8   8   0   1   7   1   3   3  0.41 0.32
  183 A     6  -2  -6  -6  -1  -5  -5  -4  -6  -3   2  -5   4  -3  -5  -3  -2  -4  -4  -1   57   2   0   0   1   0   0   1   0   1  19   0   9   1   0   1   2   0   0   4  1.18 0.63
  184 A    -1   3  -1   1  -3   2   3  -4   0  -3  -1   4  -1  -3  -4  -2  -2  -4  -3  -4    6  13   3   9   1  10  16   1   2   1   6  23   2   1   0   3   2   0   1   1  0.47 0.32
  185 A     0   3  -2   0  -4   2   3  -4  -2  -3  -3   4  -1  -2  -2  -1  -1  -1  -3  -3    9  15   1   4   0   9  17   1   1   2   3  23   1   2   1   3   4   1   1   1  0.46 0.32
  186 L     1  -5  -5  -6   3  -5  -5  -3  -3   2   2  -5   0   4  -5  -4  -3  -2   5   0   15   0   0   0   6   0   0   2   1  11  21   0   2  14   0   1   1   0  18   7  0.69 0.39
  187 I    -3  -4  -5  -4  -3  -3  -5  -6  -5   3   5  -3   2  -1  -6  -5  -2   0  -4   2    2   1   0   1   0   1   1   0   0  18  48   1   4   2   0   1   2   1   0  15  0.95 0.47
  188 D     1  -1   1   5  -4   0   3  -2  -3  -6  -4   2  -5  -5  -3   1  -3  -6  -5  -5   10   2   7  30   0   4  20   2   0   0   2  10   0   0   1  10   1   0   0   0  0.73 0.44
  189 L    -2   1  -2  -4  -3  -2  -2  -3   0   0   4  -1   5   1  -3  -4  -3  -1  -1  -3    4   7   2   1   1   2   3   2   3   3  44   4  15   5   1   1   2   1   2   1  0.66 0.40
  190 D    -5  -5   2   1  -7  -3  -3   7  -3  -4  -7  -4  -7  -7  -5  -3  -6  -7  -7  -7    0   1   9   9   0   1   2  73   1   1   0   1   0   0   0   1   0   0   0   0  1.86 0.79
  191 L    -3  -6  -6  -7   1  -6  -7  -3  -2  -2   3  -3   3   7  -7  -5  -5   3   3  -2    3   0   0   0   3   0   0   2   1   2  24   2   6  42   0   0   0   4   8   2  1.28 0.59
  192 Y    -4  -5  -4  -3  -1  -5  -4  -5   4  -3   0  -3   1   3  -7  -2  -3   0   8  -3    1   0   1   2   1   0   1   1   7   1   8   2   3  10   0   3   2   1  53   2  1.61 0.73
  193 I    -5  -7  -7  -7  -4  -7  -7  -5  -3   7   2  -7  -1   1  -7  -6  -3  -6  -4   2    1   0   0   0   0   0   0   1   1  59  16   0   1   6   0   0   1   0   1  12  1.58 0.67
  194 G    -2  -4  -4  -4  -4  -5  -6   6  -6  -4  -7  -5  -6  -7  -6   5  -3  -7  -7  -7    3   1   0   1   0   0   0  48   0   1   0   0   0   0   0  43   1   0   0   0  1.67 0.80
  195 F    -4  -7  -7  -7  -4  -6  -6  -4  -6   5   1  -7  -1   6  -7  -6  -5  -3  -1   2    1   0   0   0   0   0   0   2   0  33  11   0   1  35   0   0   0   0   1  14  1.40 0.61
  196 N     0  -5   5   0  -3  -5  -5   3  -2  -6  -6  -5  -6  -4  -1   2   4  -7  -4  -5    8   0  23   4   1   0   0  18   1   0   0   0   0   1   3  14  26   0   1   0  0.89 0.54
  197 G    -3  -5  -5  -7  -1  -7  -7   8  -7  -5  -7  -7  -3  -8  -5  -4  -7  -1  -8  -8    2   1   0   0   1   0   0  90   0   1   0   0   1   0   1   1   0   1   0   0  2.53 1.02
  198 C    -2  -4   1  -3   6  -5  -6  -5  -4   4  -2  -5   1  -2   2  -2   0   5  -2   3    3   1   6   1  17   0   0   0   0  21   3   0   3   2  10   2   5   7   1  17  0.76 0.43
  199 S    -2  -4  -5  -6  -3  -5  -6  -4  -6   5   1  -5  -1  -4  -6   2   0  -6  -2   4    2   1   0   0   1   0   0   1   0  27  12   0   1   0   0  18   5   0   1  30  0.89 0.49
  200 L    -4  -3  -5  -6   4  -6  -6  -6  -6  -4   2  -5  -2   0  -3  -2   7  -1  -4  -4    1   2   0   0   9   0   0   0   0   0  17   1   1   4   1   2  60   1   1   0  1.50 0.77
  201 K    -6   3  -6  -2  -8  -3  -5  -7  -3  -6  -5   5  -4   6  -6  -4  -6  -3   4  -6    0  13   0   3   0   1   0   0   0   0   0  34   0  33   0   1   0   0  13   0  1.58 0.75
  202 T     0  -1   3   0  -4  -2  -1   0  -4  -5  -5   4  -4  -5   0   1   3  -4  -5  -4    8   3  11   4   0   1   3   7   0   0   1  24   0   0   6  10  20   0   0   0  0.55 0.39
  203 E    -2   1   5   1  -6   1   2  -1   0  -5  -6   2  -4  -4  -2   0  -2  -4  -4  -4    4   6  27   7   0   6  15   5   2   1   0  14   0   1   2   6   2   0   0   1  0.61 0.39
  204 A     4   0   0   2  -4  -1   3  -2   0  -5  -4   0  -3  -5  -2   1  -2  -3  -3  -4   31   4   4  10   0   2  22   2   3   0   1   6   0   0   2   9   2   0   1   1  0.55 0.39
  205 N    -2   0   3   0  -4   0  -1   0   0   0   2   0  -1  -1  -1  -1  -1  -1   1  -1    3   5  17   4   0   3   3   6   3   4  21   7   1   1   3   3   4   1   5   5  0.14 0.16
  206 L    -2   5  -2   0  -2   2  -2  -5   0   0   2   0  -3  -4  -3  -2  -3  -3  -2  -1    3  30   1   6   1   9   2   0   3   5  23   6   0   0   1   2   1   0   1   4  0.55 0.38
  207 E    -1   0   0   3  -4   2   6  -1  -3  -7  -6   1  -4  -5  -4  -2  -3  -7  -5  -5    5   5   3  15   0   7  46   4   1   0   0   7   0   1   1   2   1   0   0   1  1.01 0.58
  208 V     1  -3  -3  -5  -1  -3  -5  -6  -6   3   0  -4   0   0  -5  -2   0   0  -4   5   13   1   1   0   1   1   1   0   0  13   9   1   2   4   0   3   6   1   0  41  0.75 0.43
  209 L     3  -4  -5  -6  -1  -4  -6  -5  -6   4   1  -4   0  -2  -5  -4  -3  -6  -4   5   25   1   0   0   1   1   0   0   0  18  11   1   2   2   0   0   1   0   0  35  0.95 0.51
  210 K     1   4  -2  -4  -1   1   0  -3   0  -5  -3   5  -3  -4  -1  -1  -1  -6  -4  -4   13  18   2   1   1   5   5   2   2   0   2  35   1   1   3   4   3   0   0   1  0.73 0.45
  211 S     1   1   1  -1  -3   1   1   0   1  -2  -1   2   0  -1  -2   0   0  -1   1  -2   10   6   6   3   0   8  11   6   4   2   6  13   2   2   1   8   5   1   4   2  0.12 0.13
  212 I    -1  -6  -7  -7   1  -5  -7  -7  -7   6   1  -6   1  -3  -6  -5   0  -6  -4   4    6   0   0   0   2   0   0   0   0  42  14   0   3   1   0   0   6   0   0  23  1.21 0.57
  213 P    -5  -5  -5  -2  -8  -5  -5  -4  -4  -8  -7  -5  -5  -5   9  -2  -6  -8  -4  -8    1   1   0   3   0   0   1   2   1   0   1   1   0   1  85   3   0   0   1   0  2.80 1.18
  214 S    -2  -3  -3  -1  -4  -3  -2  -6  -4   2   5  -2   0  -3  -1  -3  -3  -3  -5  -1    4   2   1   4   0   1   4   0   0  11  58   2   2   1   4   2   2   0   0   3  0.86 0.48
  215 E    -4  -4   2   6  -5  -2   5  -3  -3  -6  -8  -2  -7  -8  -4  -1  -3  -8  -7  -7    1   1   7  42   0   1  36   2   1   0   0   2   0   0   1   4   1   0   0   0  1.51 0.75
  216 K    -4   7  -1  -3  -5  -2  -5  -4   1  -7  -3   3  -1  -6  -7  -1  -5  -2  -1  -6    1  59   3   1   0   2   0   1   3   0   3  16   2   0   0   5   0   1   2   0  1.57 0.76
  217 L    -5  -7  -8  -4  -6  -7  -7  -6  -7   5   5  -7   4   0  -7  -7  -4  -6  -4  -1    0   0   0   1   0   0   0   1   0  32  50   0   8   3   0   0   1   0   1   4  1.50 0.69
  218 M    -6  -4  -7  -8  -3  -1  -5  -8   0  -1   5  -7   7  -2  -7  -7  -5  -4  -6   2    0   1   0   0   0   3   1   0   2   3  52   0  24   2   0   0   0   0   0  11  1.50 0.71
  219 I    -3  -7  -7  -7  -2  -2  -7  -7  -7   5   4  -7  -3  -2  -5  -3  -2  -6  -5   3    1   0   0   0   1   2   0   0   0  34  38   0   0   1   0   2   2   0   0  18  1.22 0.57
  220 E    -7  -6  -6  -4 -10  -3   8  -7  -6  -9  -9  -5  -8  -4  -3  -6  -7  -9  -8  -5    0   0   0   0   0   1  95   0   0   0   0   0   0   1   2   0   0   0   0   1  2.88 1.21
  221 T    -6  -2  -6  -7  -7  -7  -7  -8  -8  -7  -4  -7  -7  -8  -7  -2   8  -9  -8  -6    0   2   0   0   0   0   0   0   0   0   2   0   0   0   0   3  93   0   0   0  2.85 1.21
  222 D    -6  -8  -2   9 -10  -6  -4  -5  -7  -9 -10  -7  -9 -10  -3  -6  -7 -10  -9  -9    1   0   1  95   0   0   0   1   0   0   0   0   0   0   2   0   0   0   0   0  3.14 1.21
  223 A     5  -6  -6  -5   7  -6  -6  -1  -7  -3  -6  -4  -6  -7  -6   4  -3  -7  -7  -3   40   0   0   0  21   0   0   5   0   1   0   1   0   0   0  29   1   0   0   2  1.48 0.74
  224 P    -7  -8  -8  -8  -9  -7  -7  -8  -8  -9  -6  -7  -8  -9   9  -7  -7 -10  -9  -8    0   0   0   0   0   0   0   0   0   0   1   0   0   0  98   0   0   0   0   0  3.64 1.38
  225 W    -6  -7  -8  -4  -6  -7  -7  -8  -2  -6  -5  -7  -6   5  -2  -7  -7   8   9  -6    0   0   0   1   0   0   0   0   1   0   1   0   0  21   2   0   0  17  55   0  2.65 1.02
  226 C    -5  -6  -5  -7   7  -3  -7  -4  -7  -2   5  -6   4  -5  -7  -5  -2  -6  -6  -1    1   0   1   0  19   2   0   1   0   1  59   0  10   0   0   1   2   0   0   3  1.59 0.70
  227 G     3  -2  -2   0  -3  -2   2  -1  -3  -1  -1  -2  -2  -2   2   1   1  -3   0  -2   29   1   1   5   0   1  13   4   0   3   5   2   1   1  10   8   8   0   3   2  0.30 0.22
  228 V    -3  -1  -4  -4  -2  -4  -4  -4  -4   3  -3  -4  -1  -4   7  -3  -3  -4  -4   0    2   3   1   1   1   1   1   1   0  14   2   1   2   1  57   2   1   0   1   7  1.52 0.58
  229 K     0   3   0  -1  -2   2   1  -2   1  -2  -2   2  -1  -2  -1  -1   0  -2  -1  -1    6  18   4   3   1  11  10   3   3   2   5  13   1   2   3   4   5   0   2   5  0.22 0.13
  230 S     0   0   1  -1  -2  -1  -1   0  -1  -1  -2   0  -1  -2   4   1   0  -2  -2  -1    9   4   8   3   1   3   4   6   1   3   4   6   1   2  23  10   5   1   1   3  0.29 0.13
  231 T    -1   1   0  -1  -1   0  -1  -1   2   0   0   0   0   0  -1   1   2  -1   1  -1    5   7   3   4   1   3   3   4   5   6   9   5   3   5   3  10  15   1   6   4  0.06 0.06
  232 H    -1   4  -1  -1  -2  -1  -1  -2   6  -2  -1   0  -2  -2  -1  -1  -1  -1  -1  -2    5  25   3   4   1   3   4   4  20   2   6   4   1   2   3   4   4   1   2   3  0.50 0.19
  233 A     2   0  -1  -1  -2  -1  -1   3  -1  -2  -2   0  -2  -2   1   0  -1  -2  -2  -2   21   4   3   3   1   2   4  26   1   2   4   5   1   2   6   5   3   1   1   3  0.26 0.12
  234 G     0   0   0  -1  -1   0   0   2  -1  -1  -1   1  -1  -1  -1   1   0  -1  -1  -1    6   4   3   3   1   4   5  19   2   4   6  12   2   2   3  12   4   1   2   4  0.11 0.05
  235 S     0   0   0  -1  -1   0   0  -1   1   0   0   0   0   0   1   0   0   0   1   0   11   4   3   4   1   3   4   5   4   7   7   6   2   4   8   7   5   2   6   7  0.03 0.02
  236 K     0   1   0   0  -1   1   0  -1   0  -1  -1   2  -1  -1   2   0   0  -1  -1  -1    6   7   4   5   1   7   5   5   2   4   6  19   2   3   9   6   4   1   2   4  0.11 0.04
  237 Y     0   0   0   0  -1   0   0  -1   2   0   0   0   0   1   0   0   0   0   3  -1    6   4   4   4   1   3   7   5   5   4  10   5   1   8   4   5   4   1  13   5  0.06 0.03
  238 I     0  -1  -1  -1   0   0  -1  -1  -1   1   1  -1   0   0   0   0   0  -1   0   1    5   4   3   4   2   3   4   5   1   9  17   4   2   3   5   5   4   1   2  15  0.03 0.02
  239 R     0   1   0   0  -1   0   0   0   0  -1  -1   2  -1  -1   1   0   0  -1  -1   0    7   6   4   4   2   4   5   6   2   4   7  17   2   3   7   6   5   1   2   6  0.06 0.02
  240 T     0  -1   0   0  -1   0   0  -1  -1  -1  -1   0  -1  -2   0   2   3  -1  -1  -1    5   3   4   6   1   3   6   5   1   3   5   4   1   2   5  16  23   1   2   3  0.19 0.10
  241 A     1   0  -1  -1  -1   0   0  -1   0  -1  -1   0  -1  -1   4   0   0  -1  -1   0   11   5   3   3   1   4   4   5   3   3   6   5   1   3  19   7   7   1   2   7  0.18 0.07
  242 F    -1  -1  -1  -1  -2  -1   0  -2   1   1   0  -1   0   2   1  -1  -1   3   0   3    5   4   2   3   1   2   5   3   4   6   8   4   2  10   6   4   4   4   2  22  0.12 0.09
  243 P    -2  -3  -2  -2  -3  -2  -1  -2  -3  -2  -2   0  -2  -3   7  -1  -1  -3  -3  -1    3   2   2   3   1   2   3   3   1   2   4   6   1   1  54   4   4   0   1   4  1.19 0.41
  244 T    -1   0   0  -1  -1   0   0  -2   3  -2  -1   2   0   2  -2   1   0   0   3  -1    4   4   4   4   1   3   4   3   8   2   5  14   2   9   2   9   6   1  11   3  0.17 0.11
  245 K    -1   6  -1  -2  -3  -1  -1  -2  -1  -3  -2   3  -2  -3   0  -2  -2  -3  -2  -1    5  39   2   2   1   2   4   3   2   2   4  18   1   1   5   3   2   0   1   4  0.69 0.29
  246 K    -1  -2   0   0  -2  -1   1   4  -2  -3  -2   2  -2  -2  -2  -1  -2  -3  -2  -2    4   2   3   4   1   2  11  35   1   2   5  15   1   1   2   4   2   0   2   2  0.45 0.21
  247 K    -2   2  -2  -2  -3  -1  -2  -1  -2  -3  -2   6  -3  -3  -2  -1  -2  -3  -3  -3    3   8   2   2   1   3   2   5   1   2   4  55   1   1   2   4   2   0   1   2  0.96 0.37
  248 W    -1  -1  -1  -1  -1   0  -1  -1   0  -1   0  -1  -1   2   0  -1   0   6   2  -1    5   3   3   4   2   4   4   5   2   3   8   5   2  11   5   5   6  12   6   5  0.20 0.07
  249 E     0   0   0   0  -1   1   1  -1   0   0   0   0   0  -1   0   0   0  -1  -1   0    6   4   4   6   1   6  11   5   2   4   9   8   2   3   4   7   5   1   2  10  0.03 0.01
  250 S     0   0   0   0  -1   1   1  -1   1  -1   0   1   0  -1   1   0   0  -1   0  -1    7   5   4   4   1   5  10   5   4   4   8   8   3   3   8   7   4   1   3   5  0.05 0.02
  251 G     0   1   0   1  -1   0   0   2  -1  -1  -1   0  -1  -1   0   0   0  -1  -1  -1    5   7   4   9   1   3   8  20   1   4   6   5   2   3   4   6   4   1   2   4  0.10 0.03
  252 H     0   0   0   0   1   0   0  -1   1  -1   0   1   0   0   0   0   0  -1   1  -1    7   5   3   4   5   5   5   5   5   3   8  10   2   5   4   9   5   1   6   5  0.03 0.02
  253 C     0   0  -1  -1   3   0  -1  -1  -1   0   0  -1   3  -1   0   0   0  -1  -1   0    7   4   3   4   9   4   4   6   2   4  10   4  12   3   5   5   7   1   2   5  0.09 0.05
  254 L     0   0  -1  -1  -1   0  -1  -1  -1   1   0   0   0  -1  -1   0   0  -1  -1   3    5   5   3   3   1   3   4   5   2   7   8   5   2   3   3   8   5   1   2  25  0.08 0.05
  255 K    -1   1   0  -1  -1   0   0  -1  -1  -1  -1   4  -1   1  -1   0  -1  -1   0  -1    5   6   4   3   1   3   4   5   1   3   5  29   1   7   4   6   4   1   3   4  0.21 0.08
  256 D    -1   1   1   0  -1   2   0   3   0  -1  -2  -1  -1  -2  -1   0  -1  -2  -2  -2    4   9   7   5   1  10   7  23   2   3   4   3   1   2   3   7   3   1   1   3  0.19 0.09
  257 R    -4   8  -3  -4  -5  -3  -3  -4  -3  -3  -4  -2  -4  -4  -4  -4  -3  -4  -4  -4    1  80   1   1   0   1   1   1   1   2   2   1   0   1   1   1   2   0   1   1  2.16 0.78
  258 N    -6  -6   9  -5   2  -4  -6  -6  -4  -9  -8  -6  -6  -9  -8  -3  -5 -10  -8  -8    0   0  91   0   5   1   0   0   0   0   0   0   0   0   0   2   1   0   0   0  3.14 1.25
  259 E    -6  -4  -3  -2  -5  -2   8  -7  -2  -7  -6  -3  -6  -6  -6  -4  -3  -8  -3  -5    0   1   1   2   0   2  85   0   1   0   1   1   0   0   0   1   1   0   1   1  2.30 1.04
  260 P    -5  -8  -8  -7  -9  -7  -7  -8  -8  -7  -8  -7  -8 -10   9   0  -6 -10  -9  -8    1   0   0   0   0   0   0   0   0   0   0   0   0   0  91   8   0   0   0   0  3.24 1.31
  261 C     4  -2  -5  -5   7  -2  -3  -2  -4  -2  -3   0   0  -3  -5   1  -3  -1  -3  -2   35   2   0   0  25   2   2   2   0   2   3   6   2   1   0  12   1   1   1   2  0.97 0.53
  262 H    -1  -1   3  -2   0  -2  -4  -4   3  -5  -1  -3   0   4  -6  -1   0  -1   6  -5    5   3  15   2   2   1   0   1   7   0   6   1   2  14   0   5   6   1  28   0  0.81 0.48
  263 I    -5  -7  -7  -8  -3  -7  -7  -8  -7   5   3  -7   2  -5  -7  -6  -1  -7  -6   5    0   0   0   0   0   0   0   0   0  29  27   0   4   0   0   0   3   0   0  37  1.38 0.63
  264 I     0   2  -2  -2  -4  -1  -1  -1  -1   1  -2   2  -3  -4   4  -1  -2  -1  -2   1    7  14   1   2   0   2   4   6   1  10   3  12   0   0  19   3   2   1   2  11  0.32 0.26
  265 Q    -1   0  -2  -2  -6   3   1  -4   5   0   0  -2  -3   1  -5  -3  -3   0   4  -2    7   5   2   2   0  16  10   1  13   6   8   1   0   6   0   1   1   1  17   2  0.53 0.37
  266 I    -4  -7  -7  -8  -6  -6  -7  -8  -8   4  -3  -7  -2  -6  -7  -5   3  -8  -6   6    1   0   0   0   0   0   0   0   0  24   1   0   1   0   0   1  17   0   0  55  1.69 0.78
  267 L     6  -5  -4  -7   2  -6  -5  -3  -6   0   2  -6  -3  -4  -6  -3  -3  -7  -2   1   56   0   1   0   4   0   0   2   0   5  18   0   0   0   0   1   1   0   2  10  1.11 0.62
  268 E    -1   1  -2   0  -4   3   5  -3   1  -4  -4   2  -2  -5  -5  -2  -3   1  -2  -5    6   7   2   6   0  11  41   1   3   1   2  11   1   0   0   2   1   2   2   0  0.82 0.50
  269 I     0   0  -3  -4   0   0   0  -4  -1   1  -2   4   0   1  -5  -2   0  -4  -1   3   10   5   0   0   2   3   7   0   1   7   4  24   2   5   0   1   6   0   2  20  0.35 0.29
  270 M    -3  -7  -7  -8   0  -6  -7  -7  -5   6   3  -7   2  -3  -7  -6  -5  -5  -5   4    1   0   0   0   2   0   0   0   0  38  23   0   4   1   0   0   0   0   0  30  1.38 0.63
  271 S     7  -6  -7  -6  -3  -4  -5  -4  -2  -7  -7  -5  -6  -6  -6   1  -4  -8  -4  -4   83   0   0   0   1   1   1   1   1   0   0   0   0   0   0  10   1   0   1   1  2.02 0.95
  272 A     1   1   0   1  -4   2   4   1   0  -4  -4   2  -4  -6  -5   0  -2  -6  -5  -3   12   6   5   6   0   8  29  11   2   1   1  10   0   0   0   5   2   0   0   1  0.50 0.36
  273 V    -1  -5  -5  -6   3  -4  -4  -6  -3   5   4  -5  -1   0  -6  -4  -3  -2  -1   2    4   0   0   0   6   1   1   0   1  29  34   0   1   3   0   1   2   1   2  14  0.88 0.45
  274 R    -5   5  -5  -6  -6  -2  -4  -7   1  -4   0   6   1  -3  -6  -4  -3  -1   1  -4    0  29   0   0   0   2   0   0   4   1   9  41   4   1   0   1   1   1   5   1  1.25 0.66
  275 D    -2  -2   3   1  -4   0   1   5  -1  -6  -7   1  -5  -7  -4  -1  -4  -7  -6  -5    3   2  14   7   0   5   8  46   1   0   0   8   0   0   1   4   0   0   0   1  0.95 0.51
  276 E    -3  -1  -4  -4  -1  -1   2  -6  -5   4   1  -1   3  -3  -5  -4   0  -5  -4   3    2   3   0   1   1   3  13   0   0  27  12   4   7   0   0   1   6   0   0  19  0.57 0.36
  277 D    -2  -3   0   3  -6  -3   1  -2  -3  -6  -6  -1  -4  -6   3   4   2  -7  -6  -6    3   1   3  19   0   1   8   2   0   0   0   4   0   0  14  33  12   0   0   0  0.81 0.52
  278 P    -1  -3  -5  -4  -3  -3   1  -4  -4   2   2  -2  -1   2   3  -3  -1  -3   1   3    4   1   0   1   0   1   9   1   0  12  18   3   1   9  13   1   4   0   5  18  0.38 0.28
  279 L    -1  -3   0   3  -6   1   6  -4  -1  -5  -4   0  -3  -5  -4  -1  -3  -7  -4  -4    5   1   5  16   0   6  48   1   1   1   2   4   1   0   1   4   2   0   0   1  1.04 0.58
  280 E    -1  -1  -2   2  -7   2   6  -4  -1  -4  -4   1  -4  -5  -5  -3   0  -3  -2  -2    4   2   1  10   0   7  49   1   2   1   2   8   0   0   0   1   6   0   1   3  0.97 0.56
  281 L    -3  -7  -7  -7  -3  -7  -7  -8  -7   4   3  -7   1   0  -7  -6  -2  -6  -5   5    2   0   0   0   0   0   0   0   0  19  28   0   3   4   0   0   2   0   0  42  1.26 0.59
  282 A     5  -1  -4  -3   3  -3   0  -2  -4   0  -4  -2  -2  -4  -5   0  -1  -5  -5   0   51   3   0   1   6   1   7   3   0   6   1   2   1   1   0   8   3   0   0   5  0.78 0.49
  283 N     0   2   1   2  -5   2   4  -4  -1  -4  -3   2  -2  -4  -4  -1  -1  -6  -4  -4    9  12   6   9   0   9  27   1   1   1   3  12   1   1   0   5   3   0   0   1  0.52 0.36
  284 T     3  -2  -3  -4  -3   4  -1  -4   0   3  -2   0  -1  -4  -5  -1   1  -4  -3   0   22   2   1   0   0  17   3   0   2  20   3   6   1   0   0   3  10   0   1   7  0.47 0.37
  285 L     1  -6  -5  -6   1  -6  -5  -6  -7   1   0  -5  -2  -4  -6  -1   7  -7  -4   0   10   0   0   0   3   0   0   0   0   8   8   0   1   1   0   3  58   0   1   7  1.33 0.71
  286 Y    -1  -1  -2  -2  -2  -2  -3  -4  -1  -4  -2  -3  -1   1  -6   1   5   6   4  -3    5   3   2   2   1   1   2   1   1   0   4   1   1   5   0  10  34  10  14   2  0.79 0.50
  287 N     1   2   1   1  -4   3   3  -3   1  -3  -3   2  -2  -3  -5  -1  -2  -6  -4  -4   11  11   7   6   0  14  20   1   4   2   3  14   1   1   0   3   2   0   0   1  0.46 0.34
  288 N    -5  -6   9  -5  -9  -5  -5  -7  -6  -9  -9  -6  -8  -9  -8  -5  -1 -10  -8  -7    1   0  93   0   0   0   0   0   0   0   0   0   0   0   0   0   4   0   0   0  3.24 1.28
  289 T     5  -6  -4  -6  -2  -5  -6  -3  -6  -5  -5  -5  -5   1  -6   2   4  -3  -3  -2   50   0   0   0   1   0   0   1   0   0   0   0   0   7   0  14  23   0   1   2  1.24 0.69
  290 I    -1   3  -1  -3   3   1   0  -4   0   0   1   2   2  -1  -4  -2  -1  -4  -2   0    4  14   3   1   8   5   7   1   2   6  12  16   5   3   0   1   2   0   1   7  0.26 0.22
  291 K    -1   5   1  -1  -5   1   1  -4  -1  -4  -5   4  -5  -5  -5  -1   0  -2  -5  -5    5  35   6   3   0   4   9   1   1   1   1  22   0   0   0   5   5   1   0   0  0.86 0.49
  292 V    -4  -6  -7  -8  -1  -6  -7  -8  -7   1   5  -6   3   4  -7  -6  -5  -6  -4   2    1   0   0   0   1   0   0   0   0   7  51   0   7  16   0   0   0   0   0  15  1.28 0.60
  293 F    -7  -9  -9 -10  -9  -9  -9  -9  -7  -5  -5  -9  -6  10 -10  -9  -8  -5   3  -7    0   0   0   0   0   0   0   0   0   0   1   0   0  92   0   0   0   0   7   0  3.49 1.25
  294 F    -2  -3  -4  -4  -5  -2  -4   2   4  -3   0   0  -3   6  -5  -3  -3   2   1  -4    2   1   0   1   0   2   0  18  10   0  10   7   0  40   0   1   1   3   3   0  0.82 0.39
  295 P    -3  -2  -3  -5  -4  -3  -3  -3  -5   0   4  -1  -1  -3   6  -4  -2  -5  -3  -2    1   2   1   0   0   1   1   1   0   6  39   4   0   0  42   0   1   0   1   1  1.09 0.42
  296 G     1  -3  -2   0  -4  -2   0   6  -1  -5  -5  -2  -4  -5   1  -1  -3  -5  -5  -5   11   1   1   4   0   1   7  64   2   0   0   1   0   0   8   2   0   0   0   0  1.04 0.34
  297 I    -2  -4  -5  -5  -2  -4  -4  -5  -5   4   3  -4   0  -1  -4  -4  -2  -4  -3   4    0   0   0   0   0   0   0   0   0  36  35   0   0   0   0   0   0   0   0  30  0.76 0.22

                      K         Lambda
Standard Ungapped    0.1391     0.3217
Standard Gapped      0.0445     0.2670
PSI Ungapped         0.1455     0.3174
PSI Gapped           0.0445     0.2670
