
Last position-specific scoring matrix computed, weighted observed percentages rounded down, information per position, and relative weight of gapless real matches to pseudocounts
            A   R   N   D   C   Q   E   G   H   I   L   K   M   F   P   S   T   W   Y   V   A   R   N   D   C   Q   E   G   H   I   L   K   M   F   P   S   T   W   Y   V
    1 M    -1  -2  -2  -3  -2  -1  -2  -3  -2   1   2  -2   6   0  -3  -2  -1  -2  -1   1    0   0   0   0   0   0   0   0   0   0   0   0 100   0   0   0   0   0   0   0  0.39 0.02
    2 L    -2  -2  -4  -4  -1  -2  -3  -4  -3   2   4  -3   2   0  -3  -3  -1  -2  -1   1    0   0   0   0   0   0   0   0   0   0 100   0   0   0   0   0   0   0   0   0  0.47 0.01
    3 G     0  -3  -1  -1  -3  -2  -2   6  -2  -4  -4  -2  -3  -3  -2   0  -2  -3  -3  -3    0   0   0   0   0   0   0 100   0   0   0   0   0   0   0   0   0   0   0   0  1.06 0.01
    4 L    -2  -2  -4  -4  -1  -2  -3  -4  -3   2   4  -3   2   0  -3  -3  -1  -2  -1   1    0   0   0   0   0   0   0   0   0   0 100   0   0   0   0   0   0   0   0   0  0.47 0.01
    5 L    -2  -2  -4  -4  -1  -2  -3  -4  -3   2   4  -3   2   0  -3  -3  -1  -2  -1   1    0   0   0   0   0   0   0   0   0   0 100   0   0   0   0   0   0   0   0   0  0.47 0.01
    6 G     0  -2   0   0  -3   0   2   5  -2  -4  -4  -1  -3  -3  -2   0  -2  -3  -3  -3    0   0   0   0   0   0  25  75   0   0   0   0   0   0   0   0   0   0   0   0  0.72 0.01
    7 S     1  -1   3   0  -1   0   0   0   0  -3  -3   0  -2  -3  -1   4   1  -3  -2  -2    0   0  27   0   0   0   0   0   0   0   0   0   0   0   0  73   0   0   0   0  0.42 0.01
    8 T     0  -1   0  -1  -1  -1  -1  -2  -2  -1  -1  -1  -1  -2  -1   1   5  -3  -2   0    0   0   0   0   0   0   0   0   0   0   0   0   0   0   0   0 100   0   0   0  0.49 0.01
    9 A     4  -1  -1  -2  -1  -1  -1   0  -2  -1  -2  -1  -1  -2  -1   1   2  -3  -2   0   73   0   0   0   0   0   0   0   0   0   0   0   0   0   0   0  27   0   0   0  0.33 0.01
   10 L    -1  -2  -3  -3  -2  -2  -3  -4  -3   1   3  -2   1   0   4  -2  -1  -2  -2   0    0   0   0   0   0   0   0   0   0   0  75   0   0   0  25   0   0   0   0   0  0.48 0.01
   11 V     0  -3  -3  -3  -1  -2  -3  -3  -3   3   1  -3   1  -1  -3  -2   0  -3  -1   4    0   0   0   0   0   0   0   0   0   0   0   0   0   0   0   0   0   0   0 100  0.37 0.01
   12 G     0  -3  -1  -2   6  -2  -3   5  -3  -3  -3  -2  -3  -3  -3  -1  -2  -3  -3  -3    0   0   0   0  27   0   0  73   0   0   0   0   0   0   0   0   0   0   0   0  0.79 0.01
   13 W    -3  -3  -4  -5  -2  -2  -3  -3  -3  -1   1  -3   0   1  -4  -3  -2  11   2  -2    0   0   0   0   0   0   0   0   0   0  25   0   0   0   0   0   0  75   0   0  1.61 0.01
   14 I    -1  -3  -4  -3  -1  -3  -4  -4  -4   5   2  -3   1   0  -3  -3  -1  -3  -2   3    0   0   0   0   0   0   0   0   0 100   0   0   0   0   0   0   0   0   0   0  0.41 0.01
   15 T     2  -2  -1  -2  -1  -1  -1  -2  -2   1   0  -1   0  -2  -1   1   3  -3  -2   1   25   0   0   0   0   0   0   0   0  25   0   0   0   0   0   0  49   0   0   0  0.21 0.00
   16 G     0  -3  -1  -1  -3  -2  -2   6  -2  -4  -4  -2  -3  -3  -2   0  -2  -3  -3  -3    0   0   0   0   0   0   0 100   0   0   0   0   0   0   0   0   0   0   0   0  1.06 0.01
   17 A     4  -1  -1  -2  -1  -1  -1   0  -2  -1  -2  -1  -1  -2  -1   1   2  -3  -2   0   73   0   0   0   0   0   0   0   0   0   0   0   0   0   0   0  27   0   0   0  0.33 0.01
   18 A     4  -2  -2  -2   0  -1  -1   0  -2  -1  -2  -1  -1  -2  -1   1   0  -3  -2   0  100   0   0   0   0   0   0   0   0   0   0   0   0   0   0   0   0   0   0   0  0.42 0.01
   19 V    -1  -3  -3  -4  -1  -2  -3  -4  -3   2   2  -3   1  -1  -3  -2   0  -3  -1   4    0   0   0   0   0   0   0   0   0   0  27   0   0   0   0   0   0   0   0  73  0.32 0.01
   20 A     4  -1  -1  -1  -1  -1  -1   0  -2  -2  -2  -1  -1  -2  -1   2   0  -3  -2  -1   75   0   0   0   0   0   0   0   0   0   0   0   0   0   0  25   0   0   0   0  0.36 0.01
   21 V    -1  -3  -3  -4  -1  -3  -3  -4  -3   3   1  -3   1   3  -3  -2  -1  -1   1   3    0   0   0   0   0   0   0   0   0  25   0   0   0  27   0   0   0   0   0  47  0.30 0.00
   22 L    -2  -2  -4  -4  -1  -2  -3  -4  -3   2   4  -3   2   0  -3  -3  -1  -2  -1   1    0   0   0   0   0   0   0   0   0   0 100   0   0   0   0   0   0   0   0   0  0.47 0.01
   23 L    -1  -2  -3  -4  -1  -2  -3  -4  -3   2   4  -2   4   0  -3  -2  -1  -2  -1   1    0   0   0   0   0   0   0   0   0   0  73   0  27   0   0   0   0   0   0   0  0.40 0.01
   24 L    -2  -2  -4  -4  -1  -2  -3  -4  -3   2   4  -3   2   0  -3  -3  -1  -2  -1   1    0   0   0   0   0   0   0   0   0   0 100   0   0   0   0   0   0   0   0   0  0.47 0.01
   25 L    -2  -2  -4  -4  -1  -2  -3  -4  -3   2   4  -3   2   0  -3  -3  -1  -2  -1   1    0   0   0   0   0   0   0   0   0   0 100   0   0   0   0   0   0   0   0   0  0.47 0.01
   26 L    -2  -3  -4  -4  -2  -2  -3  -4  -3   1   3  -3   1   1  -3  -3  -2   8   0   0    0   0   0   0   0   0   0   0   0   0  73   0   0   0   0   0   0  27   0   0  0.65 0.01
   27 L    -2  -2  -4  -4  -1  -2  -3  -4  -3   2   4  -3   2   0  -3  -3  -1  -2  -1   1    0   0   0   0   0   0   0   0   0   0 100   0   0   0   0   0   0   0   0   0  0.47 0.01
   28 L    -1  -2  -3  -4  -1  -2  -3  -4  -3   2   4  -2   4   0  -3  -2  -1  -2  -1   1    0   0   0   0   0   0   0   0   0   0  73   0  27   0   0   0   0   0   0   0  0.40 0.01
   29 A     4  -2  -2  -2   0  -1  -1   0  -2  -1  -2  -1  -1  -2  -1   1   0  -3  -2   0  100   0   0   0   0   0   0   0   0   0   0   0   0   0   0   0   0   0   0   0  0.42 0.01
   30 T    -1  -2  -1  -2  -1  -2  -2  -3  -3   2   2  -2   1  -1  -2   0   3  -2  -2   1    0   0   0   0   0   0   0   0   0  25  27   0   0   0   0   0  47   0   0   0  0.22 0.00
   31 C    -1  -4  -3  -4  10  -3  -4  -3  -3  -2  -2  -3  -2  -3  -3  -1  -1  -3  -3  -1    0   0   0   0 100   0   0   0   0   0   0   0   0   0   0   0   0   0   0   0  1.35 0.04
   32 L    -2  -2  -4  -4  -1  -2  -3  -4  -3   2   4  -3   2   0  -3  -3  -1  -2  -1   1    0   0   0   0   0   0   0   0   0   0 100   0   0   0   0   0   0   0   0   0  0.49 0.02
   33 F    -2  -3  -3  -4  -3  -3  -3  -3   0  -1   0  -3   0   6  -4  -2  -2   2   6  -1    0   0   0   0   0   0   0   0   0   0   0   0   0  59   0   0   0   0  41   0  0.73 0.02
   34 H    -2   4   0  -2  -4   1   0  -2   7  -4  -3   1  -2  -2  -2  -1  -2  -3   1  -3    0  41   0   0   0   0   0   0  59   0   0   0   0   0   0   0   0   0   0   0  0.65 0.02
   35 G    -1   4   0  -1  -3   1   2   3  -1  -4  -3   1  -2  -3  -2  -1  -1  -3  -2  -3    0  43   0   0   0   0  22  36   0   0   0   0   0   0   0   0   0   0   0   0  0.45 0.01
   36 R    -1   3   0  -1  -3   3   0  -2  -1  -3  -3   1  -2  -3   4   1   0  -3  -2  -2    0  36   0   0   0  22   0   0   0   0   0   0   0   0  22  21   0   0   0   0  0.49 0.01
   37 Q    -1   1   0   0  -3   6   3  -2   0  -3  -3   1  -1  -4  -1   0  -1  -2  -2  -3    0   0   0   0   0  78  22   0   0   0   0   0   0   0   0   0   0   0   0   0  0.65 0.02
   38 D    -2  -1   0   4  -4   1   4  -2   0  -3  -3   0  -2  -1  -2  -1  -1  -1   3  -3    0   0   0  38   0   0  43   0   0   0   0   0   0   0   0   0   0   0  19   0  0.51 0.01
   39 C    -1   2  -1  -2   4   0  -1  -2   6  -3  -3   0  -2  -2   3  -1  -1  -3   0  -3    0  22   0   0  16   0   0   0  43   0   0   0   0   0  19   0   0   0   0   0  0.52 0.02
   40 D    -1  -2   1   6  -4  -1   1   2  -1  -4  -4  -1  -3  -4  -2   0  -1  -4  -3  -4    0   0   0  81   0   0   0  19   0   0   0   0   0   0   0   0   0   0   0   0  0.77 0.02
   41 V     0  -3  -3  -4  -1  -2  -3  -3  -3   2   1  -2   3  -1  -3  -2   0  -3  -1   4    0   0   0   0   0   0   0   0   0   0   0   0  22   0   0   0   0   0   0  78  0.32 0.02
   42 E    -1   0   0   2  -4   2   6  -2   0  -4  -3   1  -2  -4  -1   0  -1  -3  -2  -3    0   0   0   0   0   0 100   0   0   0   0   0   0   0   0   0   0   0   0   0  0.78 0.03
   43 R    -1   6  -1  -2  -4   1   0  -2   0  -3  -3   3  -2  -3  -2  -1  -1  -3  -2  -3    0  78   0   0   0   0   0   0   0   0   0  22   0   0   0   0   0   0   0   0  0.68 0.02
   44 N    -1   0   6   1  -2   0   0   0   0  -3  -3   0  -2  -2  -1   0   0  -3  -2  -2    2   1  80   1   0   1   1   2   0   1   2   1   0   1   1   1   1   0   1   1  0.53 0.02
   45 R    -1   3  -1  -2  -2   0  -1  -2  -1  -1   1   1   0  -1   4  -1  -1  -2  -1  -1    2  37   1   1   0   1   1   2   0   1  23   1   0   1  23   1   1   0   1   1  0.32 0.01
   46 T    -1  -2  -1  -1  -2  -1  -1  -2  -2  -2  -2  -1  -2  -3   7   0   1  -3  -2  -1    2   1   1   1   0   1   1   2   0   1   2   1   0   1  64   1  18   0   1   1  1.08 0.01
   47 A     3  -1  -1  -2  -1  -1  -1   0  -2   0  -1  -1   0  -2  -1   1   0  -2  -1   1   59   1   1   1   0   1   1   2   0   1   2   1   0   1   1   1   1   0   1  23  0.18 0.01
   48 A     3  -1  -1  -1  -1  -1  -1   3  -1  -2  -2  -1  -1  -2  -1   1   0  -2  -2  -1   59   1   1   1   0   1   1  23   0   1   2   1   0   1   1   1   1   0   1   1  0.28 0.01
   49 G     0   4   0  -1  -2   0  -1   4  -1  -3  -2   1  -2  -2  -2   0  -1  -2  -2  -2    2  42   1   1   0   1   1  40   0   1   2   1   0   1   1   1   1   0   1   1  0.37 0.01
   50 G     0   2   0  -1  -1   0   0   2  -1  -1  -1   0  -1  -2  -1   0   2  -1  -1  -1    3  24   2   2   1   2   3  20   1   2   4   2   1   2   2   3  22   1   1   3  0.13 0.00
   51 N    -1  -1   5   3  -2   0   0  -1   0  -3  -3   0  -2  -2  -1   0   0  -3  -2  -2    2   1  60  20   0   1   1   2   0   1   2   1   0   1   1   2   1   0   1   1  0.45 0.01
   52 R    -1   6  -1  -1  -4   1   2  -3   0  -3  -3   2  -2  -3  -2  -1  -1  -3  -2  -3    0  78   0   0   0   0  22   0   0   0   0   0   0   0   0   0   0   0   0   0  0.65 0.02
   53 V     0  -3  -3  -3  -1  -2  -2  -3  -3   2   0  -2   0  -1   4  -2   0  -3  -2   4    0   0   0   0   0   0   0   0   0   0   0   0   0   0  22   0   0   0   0  78  0.41 0.02
   54 R    -2   5  -1  -2  -4   1  -1  -3  -1  -3  -2   2  -2  -2  -3  -1  -2   7   0  -3    0  78   0   0   0   0   0   0   0   0   0   0   0   0   0   0   0  22   0   0  0.79 0.02
   55 R    -2   4  -1  -2  -3   2   0  -3  -1  -3  -2   1  -1  -1  -3  -1  -2   9   0  -3    0  38   0   0   0  21   0   0   0   0   0   0   0   0   0   0   0  41   0   0  0.91 0.02
   56 A     5  -2  -2  -2  -1  -1  -1   0  -2  -2  -2  -1  -1  -3  -1   1   0  -3  -2   0  100   0   0   0   0   0   0   0   0   0   0   0   0   0   0   0   0   0   0   0  0.44 0.02
   57 Q    -1   3   0  -1  -3   5   2  -2   0  -3  -2   2  -1  -3  -2   0  -1  -2  -2  -3    0  21   0   0   0  79   0   0   0   0   0   0   0   0   0   0   0   0   0   0  0.62 0.02
   58 P    -1  -2  -1  -1  -3  -1  -1  -2   4  -3  -3  -1  -2  -3   6   1  -1  -3  -1  -3    0   0   0   0   0   0   0   0  22   0   0   0   0   0  57  22   0   0   0   0  1.02 0.02
   59 W    -2   2  -3  -4   5  -1  -2  -3  -2  -3  -2  -1  -2   0  -4  -2  -2  10   1  -3    0  21   0   0  19   0   0   0   0   0   0   0   0   0   0   0   0  60   0   0  1.30 0.03
   60 P    -2  -3  -3  -3  -2  -3  -3  -4  -3   2   3  -3   1   3   3  -2  -1  -1   0   1    0   0   0   0   0   0   0   0   0  22  43   0   0  19  16   0   0   0   0   0  0.33 0.01
   61 F    -1  -3  -2  -3  -2  -2  -3  -3  -1  -1   0  -2   0   6  -3   1  -1   0   3  -1    0   0   0   0   0   0   0   0   0   0   0   0   0  78   0  22   0   0   0   0  0.50 0.02
   62 R     1   2  -1  -1  -2   2   0  -2   4  -3  -2   0  -1  -3   3   0  -1  -3  -1  -2   22  16   0   0   0  22   0   0  21   0   0   0   0   0  19   0   0   0   0   0  0.39 0.01
   63 R     0   3  -1  -2  -3  -1  -1   5  -1  -4  -3   0  -2  -3  -2  -1  -2  -3  -3  -3    0  36   0   0   0   0   0  64   0   0   0   0   0   0   0   0   0   0   0   0  0.65 0.02
   64 R    -2   6  -1  -2  -4   1   0  -3   0  -3  -2   2  -2  -3  -2  -1  -1  -3  -2  -3    0 100   0   0   0   0   0   0   0   0   0   0   0   0   0   0   0   0   0   0  0.81 0.03
   65 G     0  -3  -1  -2  -3  -2  -2   6  -2  -4  -4  -2  -3  -3  -2   0  -2  -3  -3  -4    0   0   0   0   0   0   0 100   0   0   0   0   0   0   0   0   0   0   0   0  1.08 0.02
   66 H    -2  -1   0  -1  -3   0   0  -2   8  -3  -3  -1  -2  -2   4  -1  -2  -3   1  -3    0   0   0   0   0   0   0   0  74   0   0   0   0   0  26   0   0   0   0   0  0.86 0.02
   67 L    -2  -2  -4  -4  -1  -2  -3  -4  -3   2   4  -3   2   0  -3  -3  -1  -2  -1   1    0   0   0   0   0   0   0   0   0   0 100   0   0   0   0   0   0   0   0   0  0.49 0.01
   68 G     0  -3  -1  -2  -3  -2  -2   6  -2  -4  -4  -2  -3  -3  -2   0  -2  -3  -3  -4    0   0   0   0   0   0   0 100   0   0   0   0   0   0   0   0   0   0   0   0  1.08 0.02
   69 I    -2   4  -1  -2  -3   0  -1  -3   5   1  -1   1  -1  -2  -3  -1  -1  -3   0  -1    0  51   0   0   0   0   0   0  26  22   0   0   0   0   0   0   0   0   0   0  0.34 0.01
   70 F    -2  -2  -2  -2  -3  -1  -2  -3   4  -1   1  -2   0   3   4  -2  -2  -1   1  -1    0   0   0   0   0   0   0   0  26   0  27   0   0  22  25   0   0   0   0   0  0.39 0.01
   71 H    -2   0   1  -1  -3   0   0  -2   9  -4  -3  -1  -2  -1  -3  -1  -2  -3   2  -4    0   0   0   0   0   0   0   0 100   0   0   0   0   0   0   0   0   0   0   0  0.97 0.03
   72 H    -2  -1   0  -2   5   0  -1  -2   8  -3  -3  -1  -2  -2  -3  -1  -2  -3   1  -3    0   0   0   0  25   0   0   0  75   0   0   0   0   0   0   0   0   0   0   0  0.73 0.02
   73 H    -2  -1  -1  -2  -3  -1  -1  -3   6  -1   1  -2   0   3  -3  -2  -2  -1   2  -1    0   0   0   0   0   0   0   0  49   0  25   0   0  27   0   0   0   0   0   0  0.38 0.01
   74 R    -2   4   0  -2  -4   1   0  -2   6  -3  -3   1  -2  -2  -2  -1  -2  -3   0  -3    0  49   0   0   0   0   0   0  51   0   0   0   0   0   0   0   0   0   0   0  0.62 0.02
   75 H    -2   0   1  -1  -3   0   0  -2   9  -4  -3  -1  -2  -1  -3  -1  -2  -3   2  -4    0   0   0   0   0   0   0   0 100   0   0   0   0   0   0   0   0   0   0   0  0.97 0.03
   76 P    -1  -2  -2  -2  -2  -1  -1  -2  -2  -2  -3  -1  -2  -3   7   0   2  -4  -3  -2    0   0   0   0   0   0   0   0   0   0   0   0   0   0  73   0  27   0   0   0  1.38 0.02
   77 G     0  -3  -1  -2  -3  -2  -2   6  -2  -4  -4  -2  -3  -3  -2   0  -2  -3  -3  -4    0   0   0   0   0   0   0 100   0   0   0   0   0   0   0   0   0   0   0   0  1.08 0.02
   78 H    -2   3   0  -1  -3   1   0  -2   8  -4  -3   0  -2  -2  -2  -1  -2  -3   1  -3    0  27   0   0   0   0   0   0  73   0   0   0   0   0   0   0   0   0   0   0  0.71 0.02
   79 V     2  -2  -3  -3  -1  -2  -2  -2  -3   2   0  -2   0  -1  -2  -1   0  -3  -2   4   27   0   0   0   0   0   0   0   0   0   0   0   0   0   0   0   0   0   0  73  0.25 0.01
   80 S     1  -1   3  -1  -2  -1  -1  -1  -1  -2  -1  -1  -1   3  -2   2   0  -1   0  -1   25   0  26   0   0   0   0   0   0   0   0   0   0  27   0  22   0   0   0   0  0.19 0.01
   81 H    -1   3   0  -1  -3   4   1  -2   4  -3  -3   1  -1  -3  -2  -1  -1  -2  -1  -3    0  25   0   0   0  53   0   0  22   0   0   0   0   0   0   0   0   0   0   0  0.51 0.01
   82 V     2  -2  -2  -2  -1  -1  -2   3  -2   0   0  -2   3  -2  -2   0  -1  -3  -2   1   27   0   0   0   0   0   0  26   0   0   0   0  25   0   0   0   0   0   0  22  0.18 0.01
   83 P    -1  -2  -1  -2  -3  -1  -1  -2   4  -3  -3  -1  -3  -3   7  -1  -1  -4  -1  -3    0   0   0   0   0   0   0   0  25   0   0   0   0   0  75   0   0   0   0   0  1.47 0.02
   84 N    -1   3   3   0  -3   3   1  -2   5  -3  -3   1  -1  -3  -2   0  -1  -3  -1  -3    0  26  22   0   0  27   0   0  25   0   0   0   0   0   0   0   0   0   0   0  0.43 0.01
   85 V     3  -2  -2  -3  -1  -2  -2  -1  -3   1   0  -2   0  -2  -2   0   0  -3  -2   3   51   0   0   0   0   0   0   0   0   0   0   0   0   0   0   0   0   0   0  49  0.23 0.01
   86 G     0  -3  -1  -2  -3  -2  -2   6  -2  -4  -4  -2  -3  -3  -2   0  -2  -3  -3  -4    0   0   0   0   0   0   0 100   0   0   0   0   0   0   0   0   0   0   0   0  1.08 0.02
   87 L    -2  -2  -4  -4  -1  -2  -3  -4  -3   2   4  -3   2   0  -3  -3  -1  -2  -1   1    0   0   0   0   0   0   0   0   0   0 100   0   0   0   0   0   0   0   0   0  0.46 0.00
   88 H    -1   0   0  -1  -3   4   1  -2   6  -3  -3   0  -1  -2  -2  -1  -1  -2   1  -3    0   0   0   0   0  50   0   0  50   0   0   0   0   0   0   0   0   0   0   0  0.57 0.00
   89 H    -2   0   1  -1  -3   0   0  -2   8  -4  -3  -1  -2  -1  -2  -1  -2  -3   2  -3    0   0   0   0   0   0   0   0 100   0   0   0   0   0   0   0   0   0   0   0  0.86 0.00
   90 H    -2   0   1  -1  -3   0   0  -2   8  -4  -3  -1  -2  -1  -2  -1  -2  -3   2  -3    0   0   0   0   0   0   0   0 100   0   0   0   0   0   0   0   0   0   0   0  0.86 0.00
   91 H    -2   0   1  -1  -3   0   0  -2   8  -4  -3  -1  -2  -1  -2  -1  -2  -3   2  -3    0   0   0   0   0   0   0   0 100   0   0   0   0   0   0   0   0   0   0   0  0.86 0.00
   92 H    -1  -1   0  -1  -3  -1  -1   4   6  -4  -3  -1  -2  -2  -2  -1  -2  -3   0  -3    0   0   0   0   0   0   0  50  50   0   0   0   0   0   0   0   0   0   0   0  0.62 0.00
   93 P    -1  -2  -2  -2  -3  -1  -1  -2  -2  -3  -3  -1  -3  -4   8  -1  -1  -4  -3  -3    0   0   0   0   0   0   0   0   0   0   0   0   0   0 100   0   0   0   0   0  2.04 0.00
   94 R    -2   6   0  -2  -4   1   0  -3   0  -3  -2   2  -2  -3  -2  -1  -1  -3  -2  -3    0 100   0   0   0   0   0   0   0   0   0   0   0   0   0   0   0   0   0   0  0.75 0.00
   95 H    -2   0   1  -1  -3   0   0  -2   8  -3  -3  -1  -2  -1  -2  -1  -2  -2   2  -3    0   0   0   0   0   0   0   0   0   0   0   0   0   0   0   0   0   0   0   0  0.00     0.00
   96 T     0  -1   0  -1  -1  -1  -1  -2  -2  -1  -1  -1  -1  -2  -1   1   5  -2  -2   0    0   0   0   0   0   0   0   0   0   0   0   0   0   0   0   0   0   0   0   0  0.00     0.00
   97 P    -1  -2  -2  -1  -3  -1  -1  -2  -2  -3  -3  -1  -2  -4   7  -1  -1  -4  -3  -2    0   0   0   0   0   0   0   0   0   0   0   0   0   0   0   0   0   0   0   0  0.00     0.00
   98 H    -2   0   1  -1  -3   0   0  -2   8  -3  -3  -1  -2  -1  -2  -1  -2  -2   2  -3    0   0   0   0   0   0   0   0   0   0   0   0   0   0   0   0   0   0   0   0  0.00     0.00
   99 H    -2   0   1  -1  -3   0   0  -2   8  -3  -3  -1  -2  -1  -2  -1  -2  -2   2  -3    0   0   0   0   0   0   0   0   0   0   0   0   0   0   0   0   0   0   0   0  0.00     0.00
  100 L    -1  -2  -3  -4  -1  -2  -3  -4  -3   2   4  -2   2   0  -3  -2  -1  -2  -1   1    0   0   0   0   0   0   0   0   0   0   0   0   0   0   0   0   0   0   0   0  0.00     0.00
  101 H    -2   0   1  -1  -3   0   0  -2   8  -3  -3  -1  -2  -1  -2  -1  -2  -2   2  -3    0   0   0   0   0   0   0   0   0   0   0   0   0   0   0   0   0   0   0   0  0.00     0.00
  102 H    -2   0   1  -1  -3   0   0  -2   8  -3  -3  -1  -2  -1  -2  -1  -2  -2   2  -3    0   0   0   0   0   0   0   0   0   0   0   0   0   0   0   0   0   0   0   0  0.00     0.00
  103 H    -2   0   1  -1  -3   0   0  -2   8  -3  -3  -1  -2  -1  -2  -1  -2  -2   2  -3    0   0   0   0   0   0   0   0   0   0   0   0   0   0   0   0   0   0   0   0  0.00     0.00
  104 H    -2   0   1  -1  -3   0   0  -2   8  -3  -3  -1  -2  -1  -2  -1  -2  -2   2  -3    0   0   0   0   0   0   0   0   0   0   0   0   0   0   0   0   0   0   0   0  0.00     0.00
  105 H    -2   0   1  -1  -3   0   0  -2   8  -3  -3  -1  -2  -1  -2  -1  -2  -2   2  -3    0   0   0   0   0   0   0   0   0   0   0   0   0   0   0   0   0   0   0   0  0.00     0.00
  106 P    -1  -2  -2  -1  -3  -1  -1  -2  -2  -3  -3  -1  -2  -4   7  -1  -1  -4  -3  -2    0   0   0   0   0   0   0   0   0   0   0   0   0   0   0   0   0   0   0   0  0.00     0.00
  107 H    -2   0   1  -1  -3   0   0  -2   8  -3  -3  -1  -2  -1  -2  -1  -2  -2   2  -3    0   0   0   0   0   0   0   0   0   0   0   0   0   0   0   0   0   0   0   0  0.00     0.00
  108 R    -1   5   0  -2  -3   1   0  -2   0  -3  -2   2  -1  -3  -2  -1  -1  -3  -2  -3    0   0   0   0   0   0   0   0   0   0   0   0   0   0   0   0   0   0   0   0  0.00     0.00
  109 H    -2   0   1  -1  -3   0   0  -2   8  -3  -3  -1  -2  -1  -2  -1  -2  -2   2  -3    0   0   0   0   0   0   0   0   0   0   0   0   0   0   0   0   0   0   0   0  0.00     0.00
  110 H    -2   0   1  -1  -3   0   0  -2   8  -3  -3  -1  -2  -1  -2  -1  -2  -2   2  -3    0   0   0   0   0   0   0   0   0   0   0   0   0   0   0   0   0   0   0   0  0.00     0.00
  111 P    -1  -2  -2  -1  -3  -1  -1  -2  -2  -3  -3  -1  -2  -4   7  -1  -1  -4  -3  -2    0   0   0   0   0   0   0   0   0   0   0   0   0   0   0   0   0   0   0   0  0.00     0.00
  112 R    -1   5   0  -2  -3   1   0  -2   0  -3  -2   2  -1  -3  -2  -1  -1  -3  -2  -3    0   0   0   0   0   0   0   0   0   0   0   0   0   0   0   0   0   0   0   0  0.00     0.00
  113 H    -2   0   1  -1  -3   0   0  -2   8  -3  -3  -1  -2  -1  -2  -1  -2  -2   2  -3    0   0   0   0   0   0   0   0   0   0   0   0   0   0   0   0   0   0   0   0  0.00     0.00
  114 A     4  -1  -2  -2   0  -1  -1   0  -2  -1  -1  -1  -1  -2  -1   1   0  -3  -2   0    0   0   0   0   0   0   0   0   0   0   0   0   0   0   0   0   0   0   0   0  0.00     0.00
  115 R    -1   5   0  -2  -3   1   0  -2   0  -3  -2   2  -1  -3  -2  -1  -1  -3  -2  -3    0   0   0   0   0   0   0   0   0   0   0   0   0   0   0   0   0   0   0   0  0.00     0.00

                      K         Lambda
Standard Ungapped    0.1428     0.3305
Standard Gapped      0.0410     0.2670
PSI Ungapped         0.1428     0.3305
PSI Gapped           0.0410     0.2670
