
Last position-specific scoring matrix computed, weighted observed percentages rounded down, information per position, and relative weight of gapless real matches to pseudocounts
            A   R   N   D   C   Q   E   G   H   I   L   K   M   F   P   S   T   W   Y   V   A   R   N   D   C   Q   E   G   H   I   L   K   M   F   P   S   T   W   Y   V
    1 M    -3  -3  -4  -5  -3  -2  -4  -5  -3  -1   0  -3  10  -2  -4  -3  -2  -3  -3  -1    0   0   0   0   0   0   0   0   0   0   0   0 100   0   0   0   0   0   0   0  1.91 0.40
    2 V     0  -1  -1  -3  -2  -2   0  -4  -3   1   0  -2   4   0  -3  -2  -1  -3  -2   4    9   3   3   0   0   0   8   0   0   3   4   0  19   4   0   0   0   0   0  47  0.38 0.19
    3 D     0  -1   1   5  -4   0   2  -2  -2  -3  -2   1  -3  -3  -1  -1  -2  -4   0  -2    9   2   7  39   0   2  15   2   0   0   6   8   0   0   2   2   0   0   4   3  0.42 0.15
    4 L    -1  -3  -3  -4   0  -3  -3  -2  -3   1   2  -3   3   5  -1   0  -2  -2   0   1    2   0   0   0   2   0   0   2   0   6  20   0  10  36   2  11   0   0   0   8  0.42 0.18
    5 S     0  -3  -2   0   1  -2  -2  -3  -3  -3  -2   0  -3  -4   6   3   2  -5  -4  -3    8   0   0   4   3   0   0   0   0   0   3   5   0   0  40  26  12   0   0   0  0.86 0.26
    6 V    -1  -2  -3  -3  -2  -3  -3   2  -3   0   1  -3  -1   2  -3   0  -1  -2   1   3    2   2   0   0   0   0   0  17   0   0  15   0   0  13   0   7   3   0   4  35  0.27 0.17
    7 S    -1  -1  -2  -3   5  -3  -3  -3   0  -3  -3  -3  -2   4   0   3  -2  -2   3  -2    4   4   0   0  13   0   0   0   2   0   0   0   0  22   6  34   0   0  12   2  0.56 0.26
    8 P    -1  -1  -1  -2  -3   1  -2  -3  -3   0   1  -1   0  -3   5   1  -2  -4  -3  -2    4   3   3   2   0   9   0   0   0   5  20   2   2   0  33  14   0   0   0   1  0.55 0.23
    9 D     0   0   0   1   0   1  -1   1   0  -1   0   1  -1  -1   0   0   0  -2  -1  -2    7   6   5  12   3   7   1  14   3   3  10   9   0   4   4   7   3   0   2   1  0.07 0.06
   10 S    -1   0   0  -1  -2  -1  -1  -1   1  -2  -2   1   2   2  -1   3   0   1  -1  -2    1   5   3   2   1   0   2   4   5   2   3   8   7  12   2  36   6   2   0   0  0.27 0.21
   11 L    -1   1  -2  -4   1  -1  -3  -1  -1   0   1  -3   6   0  -4  -1  -1   4  -2   0    4   8   2   0   3   3   0   6   2   4  11   0  33   3   0   5   4   7   0   4  0.48 0.28
   12 K    -1   1  -1  -1  -3   1   0  -1   0  -1   0   3   4  -1  -3  -1   0  -3  -2   1    3   8   1   2   0   7   5   4   3   0   6  20  15   2   0   4   5   0   1  13  0.19 0.18
   13 P    -1   0  -3  -2   3   0  -1  -1  -3  -2  -2  -1  -1  -3   5   1   0  -4  -4   1    3   6   0   1   7   5   4   5   0   2   2   3   2   1  34  10   5   0   0  10  0.57 0.27
   14 V     1   0  -2  -3  -2  -1  -2  -2  -3   1   1  -1   2   0   1   0   2  -1  -2   1   11   4   0   0   0   1   2   2   0   6  18   2   9   4   6   6  14   1   0  12  0.15 0.14
   15 S    -1  -2  -1  -3   1   0  -1  -1  -2  -4  -2   0  -3   1   2   4   2   3  -3  -3    4   1   2   0   3   4   2   3   1   0   3   7   0   6  11  35  12   5   0   1  0.43 0.31
   16 L    -1  -1  -3  -4   3  -2  -4  -3  -4   1   3  -3   3   1   0  -1  -1   3  -1   1    5   3   1   0   7   1   0   2   0   5  36   1   8   5   5   4   4   4   1   8  0.35 0.23
   17 T     1  -1  -2  -1   2  -1  -2  -2  -1   0   0  -1  -1   1   3   3   0   1  -1   0   10   2   1   2   4   2   1   2   2   5   9   2   1   6  13  24   5   2   1   6  0.20 0.19
   18 S     0  -1  -1  -2   1  -2  -2   2   3   0  -1  -2  -2   1  -1   3   0   0  -1  -1    6   3   2   1   4   0   1  16   8   5   6   1   0   8   3  25   4   1   1   5  0.19 0.19
   19 S     0  -3  -2  -3   5  -2  -3   1  -2   0   0  -2   0   1  -3   3   0  -2   0   0    9   1   1   0  12   1   1   9   0   4  11   1   2   6   1  27   4   0   3   6  0.30 0.24
   20 L    -1  -1  -4  -5   1  -3  -4  -3  -4   2   4  -4   2   1  -2  -2   0   1  -2   1    5   3   0   0   3   1   0   2   0  10  42   0   6   7   2   3   5   2   1   8  0.43 0.26
   21 V     0  -3  -3  -4   3  -3  -3  -1  -2   2   1  -3   1   2  -1   0   0   1   1   2   10   1   1   0   7   0   0   5   1  14  14   1   4   8   2   6   4   2   5  14  0.19 0.16
   22 F    -2  -5  -4  -5   0  -5  -5  -4  -1   1   3  -5  -2   6  -2  -1   0   0   1  -1    2   0   0   1   2   0   0   1   1   6  24   0   0  41   3   5   5   1   3   3  0.86 0.43
   23 L    -3  -3  -5  -5   2  -3  -5  -5   0   2   4  -4   0   4  -5  -3  -1  -4  -1   1    1   1   0   0   5   1   0   0   3  12  41   0   1  16   0   2   3   0   1  11  0.68 0.36
   24 M     0  -3  -3  -4   2  -1  -3  -3   0   2   3  -3   0   2  -1  -1   0  -3  -1   2    6   1   1   0   5   3   0   1   2  13  29   1   2   9   3   5   5   0   1  13  0.28 0.21
   25 H    -1  -3  -2  -4   2  -2  -3  -3   3   2   2  -2   1   3  -3   0   1   0   1   0    4   0   1   0   5   1   0   2   7  11  19   2   3  15   1   8   9   1   4   7  0.27 0.21
   26 L    -3  -3  -1  -6   1  -5  -5  -5  -4   2   5  -4   2   4  -5  -3  -2  -1  -2   0    2   1   3   0   3   0   0   1   0  10  52   1   4  15   0   1   2   1   0   4  0.83 0.43
   27 L    -4  -4  -5  -4   1   1  -4  -5   3   0   4  -4  -1   4  -4   0  -2   2  -1  -1    0   0   0   0   3   7   0   0   7   4  43   0   1  16   0   7   2   2   2   4  0.65 0.40
   28 L    -2  -3  -5  -5   1   0  -3  -4   0   2   4  -2   0   2  -1  -3  -3   0  -2   1    3   1   0   0   3   5   1   1   3  10  46   2   1   8   3   2   0   1   1   9  0.53 0.32
   29 L    -1  -2  -2  -3   1   2  -2  -2   2   0   3  -2   0   0   1   0  -1  -1  -1   1    3   1   1   0   3  12   1   2   5   5  31   1   2   3   6   9   3   1   1   9  0.22 0.20
   30 Q    -1   0  -2  -2   1   2  -2  -2   1   1   2  -1   2   0   0  -1  -1   0  -2   0    4   6   2   1   4  13   1   3   4  10  21   3   6   4   5   3   3   1   1   5  0.12 0.14
   31 P    -1  -2  -3  -3   1  -1  -3  -2  -1  -1   2  -2   2  -1   4   1   0  -2  -2   0    5   2   1   1   3   3   1   3   2   3  20   2   5   2  22  11   6   1   1   8  0.31 0.21
   32 G     1  -1  -2  -2   0  -1  -1   1   2   0   0  -1   2  -1   0   1   1   2  -1   0   10   3   0   2   2   1   3  11   5   5   9   4   7   2   3  10  11   3   1   8  0.07 0.10
   33 E     0  -1   0  -2  -1   1   0  -1   0  -1   0   0  -1  -2   1   3   1  -1  -3   0    7   3   4   1   1   6   5   3   2   3  10   5   1   1   7  26   7   1   0   6  0.16 0.16
   34 P     0  -1  -1  -1   0   0  -1   1  -1  -1   0  -1  -1  -1   2   1   1  -2  -2   1    6   3   2   3   2   4   3  13   2   3   9   1   1   3   9  13   8   1   0  14  0.09 0.10
   35 S     2  -3  -1  -2  -4  -1  -3  -3  -4  -3  -3   0  -4  -4   0   5   2  -5  -4  -1   16   1   3   1   0   2   1   1   0   1   2   6   0   1   5  45  13   0   0   3  0.71 0.46
   36 S     3  -3  -3   1  -5  -3   4   3  -4  -5  -5  -2  -4  -5  -3   0  -3  -4  -5  -2   27   1   0   9   0   0  28  24   0   0   0   2   0   0   1   5   1   0   0   3  0.75 0.45
   37 E    -1   1   0   2  -4   4   1  -1   1  -3  -3   2  -2  -5   0   0   0  -2  -3  -2    3   7   3  10   0  26   8   3   3   2   2  13   0   0   3   8   5   1   0   2  0.40 0.27
   38 V    -3  -6  -6  -6  -5  -6  -6  -6  -5  -2   0  -6  -2   8  -6  -5  -5   4   0  -1    2   0   0   0   0   0   0   0   0   2   9   0   1  74   0   1   0   4   2   4  2.04 0.70
   39 K    -1   2  -1  -1  -3   2   1  -3   2  -1  -2   1  -1  -3  -3   1   3  -2  -3  -2    5   9   2   3   0  11   7   0   5   5   2  10   2   1   1  11  25   0   0   1  0.32 0.24
   40 V    -3  -5  -6  -6  -2  -5  -5  -6  -6   1   0  -5   0  -2  -5  -4  -3  -6  -4   7    1   0   0   0   1   0   0   0   0   4   8   0   2   1   0   1   0   0   0  79  1.61 0.63
   41 L    -2  -1   0  -3  -3   0  -2  -4   1   3   1  -1   1   0  -2   0   1  -4  -2   2    1   2   4   1   0   4   1   0   3  24  12   4   4   3   1   9  10   0   0  14  0.23 0.19
   42 G     0  -5  -3  -4   0  -4  -3   6  -5  -3  -5  -4  -2  -5   0  -1  -1  -5  -5   1    5   0   0   0   2   0   2  61   0   1   0   0   1   0   6   5   5   0   0  10  1.10 0.47
   43 P    -3  -5  -3  -3  -2  -3  -3  -5  -2  -5  -3  -3  -5  -6   8   2  -1  -6  -5  -5    2   0   1   1   1   1   2   0   1   0   3   1   0   0  68  13   4   0   0   0  1.85 0.68
   44 E     1   0   1   2  -3   1   1   1   1  -3  -3   0  -2  -4   1   1   0  -4  -2  -2   15   6   6  13   0   8   7  10   4   1   2   4   1   0   6  10   5   0   1   3  0.19 0.15
   45 Y     0   0   0   2  -4   2   3   1   4  -4  -3   1  -3  -3  -2   0  -2  -2  -1  -3    9   4   3  10   0   8  19   9  13   0   3   8   0   1   1   7   1   1   1   2  0.34 0.23
   46 P    -1  -2  -5  -5  -6  -4  -4  -5   1  -6  -4  -3  -5  -1   8  -1   0  -6  -3  -4    4   2   0   0   0   1   1   0   3   0   1   1   0   4  71   4   5   0   1   1  1.93 0.71
   47 I    -3  -5  -6  -6  -4  -3  -5  -6  -1   5   1  -4   0  -3  -3  -5  -2  -5  -2   5    1   0   0   0   0   1   0   0   2  36  13   1   2   0   1   0   1   0   1  40  1.07 0.46
   48 L    -2  -2  -4  -4  -3  -1  -2  -4  -4   3   3  -3   2  -2  -1  -1   1  -1  -3   3    1   2   0   0   0   3   2   1   0  14  28   1   6   1   3   6   8   1   0  23  0.43 0.27
   49 A     6  -5  -5  -5  -4  -4  -4   1  -5  -1  -4  -4  -4  -5  -4  -2   0  -6  -5   2   66   0   0   0   0   0   1  10   0   2   0   0   0   0   1   1   5   0   0  14  1.19 0.57
   50 L    -1  -1  -2  -3  -3  -1  -2  -3  -1   1   2  -1   3   0   1   0   1  -1  -2   2    5   3   1   0   0   3   1   1   1  10  17   4   9   5   8   6  10   1   0  15  0.18 0.16
   51 V     0  -2  -6  -6  -4  -5  -3  -5  -5   1   3  -5   0  -1  -2  -4  -3  -3  -3   5   10   3   0   0   0   0   2   0   0   4  28   0   2   2   2   0   0   0   0  47  0.83 0.42
   52 G    -3  -3  -2  -3  -7  -6  -4   7  -6  -8  -8  -6  -7  -7  -6  -3  -6  -7  -7  -7    1   2   2   1   0   0   1  92   0   0   0   0   0   0   0   1   0   0   0   0  2.37 0.81
   53 E    -2   0  -2   0  -5   3   5   2   0  -5  -6   0  -4  -6  -4   1  -1  -6  -5  -5    2   4   1   4   0  11  35  19   2   0   0   6   0   0   0  13   3   0   0   0  0.71 0.40
   54 E    -2  -1   0   6  -6  -1   3  -2  -1  -4  -6  -1  -5  -6  -4   0   1  -6  -3  -3    3   3   4  43   0   2  19   3   1   0   0   4   0   0   0   6   8   0   1   2  0.86 0.43
   55 V     4  -5  -5  -5  -4  -5  -5  -3  -5   2  -1  -3  -2  -4  -5  -2   1  -6  -5   5   36   0   0   0   0   0   0   1   0   8   3   1   1   0   0   2   8   0   0  39  0.92 0.49
   56 E    -3  -4  -3  -1  -4  -2   3  -4  -4   1   0  -1   1  -3  -5  -2   2  -5  -4   4    1   0   1   3   0   1  22   1   0   8   9   3   3   1   0   2  12   0   0  35  0.57 0.36
   57 F    -6  -6  -8  -8  -6  -6  -7  -8  -7  -1   7  -7   1   1  -7  -7  -5  -6  -5  -2    0   0   0   0   0   0   0   0   0   1  89   0   2   6   0   0   0   0   0   2  1.96 0.75
   58 P    -3  -1  -3   0  -6  -2  -3  -3   2  -4  -2  -4  -5  -3   7   2   0  -3  -4  -5    1   3   1   5   0   1   1   1   5   1   4   0   0   1  51  17   5   0   0   0  1.26 0.58
   59 C    -6  -9  -8  -9  12  -9  -9  -8  -9  -7  -7  -9  -7  -1  -8  -6  -6  -8  -8  -6    0   0   0   0  97   0   0   0   0   0   0   0   0   3   0   0   0   0   0   0  4.44 1.29
   60 H    -3   0  -3  -4   0   4  -1  -4   7  -4  -3   0  -4   1  -2   0  -2   4   2  -5    1   5   1   1   2  23   2   1  30   1   2   4   0   5   2   6   2   5   7   0  0.97 0.49
   61 L    -5  -6  -5  -7   2  -6  -7  -7  -7   1   6  -6   0  -1  -4  -6  -4  -6  -5   0    0   0   1   0   4   0   0   0   0   6  78   0   1   2   1   0   1   0   0   6  1.53 0.63
   62 W    -2  -4   0  -2  -2  -3  -1  -4  -1  -2  -2  -1  -1   0  -5   5   0   4  -1  -1    2   0   5   2   1   0   4   0   2   2   4   4   2   4   0  52   5   5   2   4  0.72 0.46
   63 P    -2  -5  -4  -6  -7  -4  -6  -5  -3  -7  -3  -6  -3  -5   8  -2  -1  -8  -7  -4    4   1   1   0   0   1   0   1   1   0   3   0   1   1  81   2   4   0   0   1  2.43 0.89
   64 Q     0   1   2   0  -2   1   1  -1   0  -3  -3   1  -1  -4   3   1  -1  -1  -2  -2   10   8   9   4   1   7   8   5   2   1   2  10   1   0  13  10   3   1   1   3  0.22 0.18
   65 L    -1   0  -1  -2  -4   3  -1  -3  -1   1   0   0   5  -1  -4  -2   2   0  -3   0    3   4   2   1   0  14   3   1   2   9   9   6  20   2   0   2  13   1   0   7  0.35 0.31
   66 D    -1  -1   3   3  -4  -1  -2  -2  -4  -1  -4  -3  -4  -5   1   4  -1  -1  -3  -2    4   2  16  15   0   2   1   2   0   4   1   0   0   0   7  40   2   1   1   2  0.66 0.45
   67 A     5  -3  -5  -5  -4  -4  -3  -4  -5  -1  -1  -4  -1  -2   3  -1  -1  -5  -5   0   59   2   0   0   0   0   2   0   0   3   6   0   1   1  12   2   4   0   0   8  0.91 0.53
   68 Q    -1   0  -2   1  -5   3   4  -2  -2  -3  -3   2   0  -5  -1  -1  -1  -5  -4   0    6   5   1   6   0  11  34   3   1   1   2  10   2   0   3   4   3   0   0   7  0.44 0.32
   69 Q    -1  -1   4   3  -2  -1   0   0   4  -4  -3  -1  -2  -2  -1   1   0  -4   0  -3    3   3  22  16   1   2   5   7  11   0   2   2   1   2   3   9   6   0   3   2  0.38 0.26
   70 M    -4  -4  -1  -5  -4  -4  -5  -5  -4   2   1  -2   9   0  -2  -2  -4  -4   0  -1    1   0   3   0   0   0   0   1   0   9   9   3  57   3   3   3   0   0   3   4  1.55 0.59
   71 E    -2  -1  -1   0  -5   2   5  -2   1  -4  -3  -1  -1  -2  -3  -1   1  -4  -1  -2    2   3   3   5   0  10  45   3   3   0   2   3   2   2   0   3  10   0   2   2  0.65 0.35
   72 I    -1  -5  -5  -5  -4  -5  -5  -5  -5   4   0  -5   2  -3  -5  -4  -3  -5  -4   6    5   0   0   0   0   0   0   1   0  19   8   0   5   0   0   1   0   0   0  58  1.20 0.47
   73 R    -2   5   0  -1  -1   2   0  -2   0  -2  -1   1   0  -4  -4   0   1   0  -2  -2    2  34   3   3   1  10   6   2   2   2   5   5   2   0   0   7  10   2   2   2  0.44 0.27
   74 W    -6  -7  -7  -7  -6  -6  -7  -3  -6  -3  -3  -7  -6   0  -7  -3  -6  13  -3  -6    0   0   0   0   0   0   0   2   0   2   2   0   0   3   0   2   0  85   0   0  4.12 1.20
   75 F    -2  -1  -1  -2  -4  -3  -4  -2   1   1   0  -1   0   5  -4  -1   0  -2   4   0    3   4   3   3   0   0   0   3   4   8   6   3   3  30   0   4   6   0  14   5  0.52 0.35
   76 R    -4   6   0  -4   0   1  -3  -2   2  -2  -2   1   0   0  -4  -1  -1  -5  -1  -4    0  47   4   0   2   7   0   3   4   3   3   9   2   4   0   4   3   0   2   0  0.82 0.51
   77 S    -1  -1   0   1   0   0  -1   1   1  -1   0   0   0  -1   0   2   0   0  -1  -1    3   2   5   7   2   3   4   9   3   5   9   4   3   3   4  24   4   2   2   3  0.10 0.16
   78 Q    -3   1   0   2  -6   4   2  -2   4  -4  -2   1  -3  -5  -3   0  -1  -1  -2  -3    1   8   3  12   0  23  11   4  11   0   4   9   0   0   1   6   3   1   1   1  0.55 0.39
   79 T    -3  -1  -3  -2  -5  -2  -3  -3   1   0   1  -3  -2   5   2  -1  -2  -1   3  -2    2   4   1   3   0   2   2   2   4   5  16   1   1  27  12   5   2   1   8   2  0.48 0.33
   80 F    -2   0   1   1  -4  -2  -2   0   0  -3  -4  -2  -4   0   0   5   0  -3  -1  -4    2   6   6   7   0   1   2   8   2   1   1   2   0   4   5  42   6   0   2   0  0.52 0.42
   81 N     0   0   1   1  -4   2   2  -1   1  -2  -2   0  -3  -3   3   1   0  -4  -3  -2    6   4   6   7   0  10  13   5   3   2   5   5   0   1  12  12   5   0   1   2  0.24 0.21
   82 V     2  -3  -2  -2  -4  -3  -2  -4  -3   0   0  -3  -2   0   5  -2   0  -5   1   2   17   1   2   2   0   0   2   0   0   3  11   0   0   3  25   2   6   0   4  18  0.51 0.36
   83 V    -3  -6  -7  -7  -5  -6  -5  -3  -7   1  -2  -5  -1  -5  -2  -6  -2  -7  -6   7    2   0   0   0   0   0   1   2   0   5   3   1   1   0   2   0   2   0   0  79  1.81 0.84
   84 H    -4  -4  -1  -4  -1  -3  -5  -6   9  -2   0  -5  -2   3  -4  -3  -2  -5   4  -4    1   1   3   1   2   1   0   0  50   2   8   0   1  10   1   1   3   0  13   1  1.66 0.75
   85 L    -2   0  -4  -5  -4  -2  -3  -5   2   1   4  -4   2  -2  -5  -2  -1  -2  -2   3    2   6   1   0   0   2   2   1   5   6  46   0   4   1   0   3   3   0   1  17  0.64 0.39
   86 Y    -5  -3  -6  -3  -2  -6  -6  -7   2  -6  -3  -4  -3   1  -7  -3  -6  -1   9  -5    1   1   0   2   1   0   0   0   4   0   3   1   1   4   0   2   0   0  78   0  2.60 1.06
   87 Q    -1   4  -2  -3  -3   4   1  -2   0  -4  -3   3   0  -2  -1  -2  -2  -1  -2  -2    5  25   1   1   1  20   7   3   2   1   2  16   2   2   3   3   2   1   1   3  0.54 0.37
   88 E    -2  -1   4   5  -5  -1   1  -1   1  -5  -6   0  -5  -4  -3  -1  -2  -5   1  -4    3   3  22  35   0   2   8   5   3   0   0   5   0   1   1   4   2   0   5   1  0.81 0.46
   89 Q    -3   1  -1  -3  -1   1  -2   6   2  -6  -4  -2  -2  -4  -2   0  -2  -5  -3  -5    1   8   2   1   2   7   2  55   5   0   2   3   1   1   2   5   2   0   1   0  0.97 0.52
   90 Q    -2   3  -1  -2  -6   5   2  -3  -1  -4  -4   4   0  -3  -1  -1  -2  -1  -4  -2    2  15   2   2   0  24  10   2   1   0   1  25   2   1   2   4   2   1   0   3  0.66 0.44
   91 E    -3  -2   1   6  -6  -2   4  -1   1  -1  -5  -1  -5  -3  -4  -3  -2  -6  -2  -3    2   2   7  42   0   1  22   5   3   4   0   3   0   1   1   1   3   0   2   2  0.94 0.52
   92 L    -3   1   0  -1  -5   4   0  -3   2   0   1   1   2  -3  -2  -1  -3  -1  -1   1    1   7   5   3   0  24   5   1   6   5  14   7   5   0   2   3   1   1   2   9  0.32 0.30
   93 P    -1  -1   1   0  -4  -1   1  -2  -1  -2   0   1   0   0   3   0   1  -3   2  -1    4   3   8   6   0   2  10   2   1   1   9   8   2   3  14   6   8   0   9   4  0.18 0.18
   94 G    -1  -1   0   2  -5   0   4   3  -2  -5  -4  -1  -4  -4  -4   0  -1  -2  -2  -2    4   3   3  12   0   3  32  22   1   0   1   4   0   1   0   6   3   1   1   4  0.58 0.40
   95 R    -2   0  -1   0  -5   2   5  -2  -1  -2  -2   1   0  -4   0  -1  -1  -5  -2  -1    2   6   3   5   0  10  36   3   1   2   5   7   2   0   5   5   3   0   1   4  0.47 0.35
   96 Q    -2  -2  -4  -5   0   8  -1  -4  -3  -4  -3  -2  -2  -6  -2  -3  -2  -6  -4  -3    3   1   0   0   2  72   3   1   0   1   3   1   1   0   2   2   2   0   1   2  1.88 0.91
   97 M    -1   0  -1   1  -4  -2  -1   0   1   1   0  -2   7  -3  -3   0  -1  -4  -3  -2    4   4   3   9   0   1   3   8   3   7   7   2  34   1   1   7   3   0   1   2  0.59 0.41
   98 P     1  -1  -3  -3  -4   1   2  -4  -2  -1   0   0  -1  -4   5  -1  -1   0  -3  -2   14   2   1   1   0   7  14   1   1   3  10   5   1   0  30   3   3   1   1   3  0.56 0.37
   99 A     1  -1  -1   0  -5   3   5  -1  -2  -5  -5  -1  -2  -4  -1   1  -1  -5  -3  -5   10   2   3   5   0  12  40   4   1   0   1   3   1   1   2  10   3   0   1   0  0.68 0.46
  100 F    -3  -6  -5  -7  -3  -6  -4  -7  -2  -6  -6  -6  -6   3  -7  -6  -6   1  10  -6    2   0   1   0   1   0   1   0   1   0   0   0   0   9   0   0   0   2  81   0  2.95 1.16
  101 R    -1   6  -2  -2  -4   4  -2  -4   0  -2  -3   1  -2  -4  -5  -1  -2  -2  -4  -1    6  39   1   2   0  21   2   1   2   3   3   7   1   1   0   5   2   1   0   5  0.83 0.51
  102 N    -3  -1   2  -1  -6  -3   0   6  -2  -7  -6  -1  -6  -7  -6  -3  -4  -4  -6  -6    2   3   8   3   0   1   6  68   1   0   1   4   0   0   0   1   1   0   0   1  1.49 0.70
  103 R    -6   9  -5  -3  -7  -2  -5  -5  -3  -7  -6  -3  -6  -7  -6  -4  -5  -2  -6  -6    0  90   0   2   0   1   0   1   1   0   0   0   0   0   0   1   0   1   0   0  2.68 1.09
  104 T     0  -5  -4  -5  -5  -5  -5  -5  -6  -2  -3  -5  -3  -6  -5  -1   7   0  -5   1    7   0   0   0   0   0   0   0   0   2   3   0   1   0   0   3  74   1   0   8  1.74 0.85
  105 K     0  -2  -2  -2  -4   1   5  -4   1  -4  -4   0  -3  -5  -4   3   1  -2  -3  -2    6   1   1   1   0   5  37   1   3   1   1   6   1   0   0  23   8   1   1   3  0.70 0.47
  106 L    -4  -2  -5  -5  -4  -4  -5  -5  -4   0   5  -5   2   5  -5  -4  -3   1  -2  -1    1   2   0   0   0   0   1   1   0   3  52   1   4  26   0   1   2   2   0   3  1.11 0.49
  107 V    -2  -3  -2  -3  -3  -3  -2  -4  -3   1   3  -3   1   3  -3  -2  -1   0  -1   3    2   1   2   2   0   1   3   1   1   7  30   1   4  15   1   2   3   1   1  22  0.45 0.26
  108 K    -2   3  -1  -2  -4   0   0  -1   0  -3  -2   4  -1  -1   1   1   0  -4  -3  -3    2  15   2   1   0   3   5   4   2   1   4  32   2   3   6  10   4   0   0   2  0.41 0.27
  109 D    -2  -2   2   5  -5   0   3   0   0  -5  -4  -2  -4  -5  -4   0  -1  -5  -3  -4    4   1   7  38   0   4  19   6   2   0   1   2   0   0   0   8   3   0   1   1  0.76 0.39
  110 D     0  -1   2   2  -2   1   2   3   2  -4  -3  -1  -3   0  -2   0  -1  -3  -1  -2    8   4   9  10   1   6  16  21   5   0   2   2   0   5   1   5   2   0   2   2  0.27 0.20
  111 I    -2  -4  -3  -4  -3  -4  -4  -4  -4   5   3  -4   2   2  -2  -4  -2  -3  -1   1    3   1   1   1   0   1   1   1   0  36  28   1   5  10   2   1   2   0   2   6  0.71 0.33
  112 A     1   0   1   0  -3   0   0   1   1  -1  -2   0  -1  -3  -1   1   3   0  -2  -1   14   4   8   4   0   4   5   9   3   3   2   7   1   0   3   7  20   1   1   4  0.16 0.15
  113 Y    -1   2   1   2  -4   3   2  -2   0  -2  -3   2  -1  -4  -3   0  -1  -1  -1  -3    4  11   8  13   0  12  12   3   2   3   2  16   1   0   0   6   4   1   2   1  0.31 0.21
  114 G    -3  -5  -2  -3  -1  -5  -5   7   1  -6  -6  -3  -6  -6  -5  -3  -5  -6  -6  -6    2   0   1   1   1   0   0  84   4   0   1   1   0   0   0   2   0   0   0   0  2.03 0.75
  115 S    -1   1   4   1  -2   1   0  -2   1  -1  -1   2  -1  -4  -3   1  -1  -4  -2  -2    5   7  25   6   1   6   5   1   3   3   6  12   1   0   0  13   2   0   1   3  0.32 0.24
  116 V     2  -4  -4  -2  -3  -4  -3  -4  -5   1   1  -4   1  -3  -4  -3  -1  -5  -2   5   16   0   0   3   0   0   1   1   0   5  13   0   3   1   0   1   4   0   1  48  0.74 0.41
  117 V     3  -3  -1  -1  -3  -3  -3  -2  -2   0  -3  -2   0  -2  -2   4   2  -5  -4  -1   23   0   2   3   0   0   0   1   1   6   1   2   2   2   1  35  12   0   0   5  0.53 0.37
  118 L    -4  -5  -5  -6   3  -1  -5  -6  -5  -1   6  -5   0  -2  -3  -5  -4  -5  -4   2    1   0   0   0   5   3   0   0   0   1  70   0   1   1   1   0   0   0   0  13  1.25 0.56
  119 Q    -3   6  -1  -4   1   2  -1  -3   1  -2  -2   3  -2  -5  -4  -2  -1  -1  -4  -2    1  39   2   0   4   8   4   1   4   2   5  19   1   0   0   2   4   1   0   3  0.74 0.40
  120 L    -4  -5  -5  -5  -4  -5  -5  -6  -5   6   3  -5   1   0  -5  -3  -1  -5  -4   0    1   0   0   0   0   0   0   0   0  49  32   0   2   3   0   2   4   0   0   5  1.17 0.50
  121 H    -3   3  -1  -1   0   2  -1  -3   6  -4   0   2  -2   1  -3   0  -1  -2   1  -3    1  16   1   3   2  10   3   1  20   0   9  11   1   5   1   5   4   1   4   1  0.43 0.29
  122 S    -2   1   5   2  -3   0  -2  -1   1  -4  -5   2  -2  -5   2   0  -2  -5  -3  -4    2   8  35   9   1   3   1   5   4   1   1  11   1   0   9   7   1   0   1   0  0.66 0.37
  123 I    -2  -5  -5  -5  -4  -5  -5  -5  -5   4   0  -5   1  -4  -5  -3  -2  -5  -4   6    3   0   0   0   0   0   0   0   0  19   8   0   4   0   0   2   2   0   0  59  1.24 0.54
  124 I    -2   5  -1  -3  -3   3  -2  -3   1  -2  -1   0  -1  -3  -2  -1   3   0   0  -2    2  30   2   1   1  14   1   1   3   2   7   5   1   1   1   3  18   1   3   2  0.53 0.35
  125 P     1  -2  -4  -4  -2  -4  -3  -2  -2   0   1  -4   0  -2   4  -2   0   3  -2   2   13   2   0   0   1   0   1   3   1   5  15   0   2   2  25   1   6   4   1  19  0.50 0.31
  126 S     0  -2  -3  -2  -5   0   1  -3  -1  -5  -3  -2  -5   2  -2   6  -1  -5  -3  -4    6   2   0   2   0   3   8   1   1   0   3   1   0   8   2  57   3   0   1   1  0.92 0.55
  127 D    -6  -6  -3   8  -7  -4  -1  -4  -3  -7  -7  -3  -7  -7  -1  -5  -5  -7  -7  -7    0   0   1  87   0   1   2   1   1   0   0   1   0   0   4   0   0   0   0   0  2.51 0.93
  128 K     0   0   4   2  -5   0   4  -1   1  -4  -5   1  -2  -5  -4   0  -2  -5  -4  -4    8   4  18  12   0   3  25   5   4   1   1   8   1   0   0   6   2   0   0   0  0.52 0.32
  129 G    -3  -3  -4  -4  -6  -5  -4   7  -5  -1  -6  -5  -6  -6  -6  -3  -5  -6  -6  -6    1   2   0   1   0   0   1  86   0   4   1   0   0   0   0   1   0   0   0   0  2.15 0.80
  130 T    -2   0   1  -1  -3   4   2  -4   0  -1   0   1   0  -2  -1   0   1  -2  -3  -2    1   5   7   2   0  20  12   0   2   4  12   8   2   1   3   6  11   1   1   2  0.27 0.24
  131 Y    -6  -6  -6  -6  -6  -5  -6  -6   2  -5  -5  -6  -5   1  -6  -6  -6  -3  10  -5    1   0   0   0   0   0   0   0   4   0   1   0   0   5   0   0   0   0  85   0  3.08 1.07
  132 G    -2   2  -1  -3   3   0  -2   0   4  -1  -1   1  -1  -3  -4   0   2   2  -1   0    1  14   2   0   6   5   1   8  11   3   5   9   1   1   0   7  17   3   2   6  0.31 0.25
  133 C    -4  -7  -7  -7  12  -7  -8  -7  -7  -6  -2  -7  -6  -4  -7  -5  -6  -7  -7  -6    1   0   0   0  91   0   0   0   0   0   4   0   0   1   0   1   0   0   0   0  4.00 1.24
  134 R    -3   0  -2  -3  -1   0  -3  -4   2  -2   1  -3  -1   5  -5   0  -2   1   4   0    2   6   2   1   1   4   1   1   5   1  14   1   1  27   0   9   2   2  13   7  0.48 0.30
  135 F    -4  -6  -6  -7  -5  -6  -6  -7  -6   1   0  -6  -2   7  -6  -6  -5  -4  -1   4    1   0   0   0   0   0   0   0   0   8   6   0   1  49   0   0   0   0   1  32  1.64 0.67
  136 H    -1   2  -1  -1  -5   4   2  -2   0  -2  -2   3  -2  -4  -1   1  -1  -2  -1  -2    3   9   3   3   0  19  14   2   2   2   4  16   1   1   2  10   3   1   2   3  0.36 0.30
  137 S    -3  -2   1   3  -5  -2   0  -1  -1  -3  -2  -1  -3  -2  -4   5  -1  -6  -1  -2    1   2   6  19   0   1   5   3   1   1   3   4   1   2   0  41   3   0   2   3  0.64 0.47
  138 D    -1  -1   1   2  -3   0   0   4  -1  -4  -1   1  -4  -5  -1   2  -2  -5  -3  -3    3   3   6  13   1   3   5  28   1   0   7   8   0   0   3  16   2   0   1   1  0.38 0.30
  139 N    -1   0   2   1  -4   1   0   0   1   0  -2   0  -2  -2  -1   2   2  -4  -3  -1    3   4   9  10   0   6   7   6   3   6   4   5   1   2   2  16  16   0   0   3  0.18 0.20
  140 F    -2  -3  -1  -1  -5  -2  -2  -2   2  -2  -1  -3  -2   4  -4   1   0   7   3  -1    4   1   3   3   0   2   2   4   6   1   7   1   1  20   1  12   5  15   8   3  0.59 0.37
  141 S    -4  -2   0  -2  -3   0  -3  -4   4  -2  -3  -4  -4   2  -6   2  -2  -1   7  -3    0   2   4   2   1   5   2   1   8   2   2   1   0   7   0  16   2   1  43   1  1.17 0.63
  142 G     0  -1   1   4   0   1   3   1   1  -3  -2  -1  -2  -5  -4   0  -3  -5  -4  -1    6   2   5  24   2   6  21   9   3   1   4   3   1   0   0   6   0   0   0   5  0.44 0.31
  143 E    -2  -1   0   3  -6   1   5  -2  -4  -4  -5   1  -2  -5  -3  -1  -3  -5  -1  -3    2   2   3  18   0   5  44   2   0   1   0   8   1   0   1   4   1   0   2   2  0.89 0.51
  144 A     5  -3  -1  -2  -2  -4  -2  -1  -1  -1  -2  -3   0  -2  -3   0   1   0  -2  -1   53   1   3   2   1   0   2   3   2   3   3   1   2   2   1   7   8   1   1   3  0.68 0.44
  145 L    -1  -1  -1  -2  -3   0   0  -3  -1   2   0  -1   0  -1  -1   0   3  -4  -2   1    5   3   2   2   0   5   6   1   1  13  10   3   2   3   2   8  24   0   1   9  0.20 0.20
  146 W    -2  -4  -4  -1   2  -2  -2  -4  -4   2   2  -4   3   1  -4  -3   1   2  -1   3    3   0   0   3   4   2   3   0   0  14  23   0   7   7   0   0   9   3   2  19  0.41 0.27
  147 E    -2  -1   0   2   1   2   4  -3   1  -2  -2   1  -2  -3  -2  -1   0   1  -1   0    1   3   5   9   3   8  32   1   3   2   3   7   1   1   1   4   5   2   2   7  0.38 0.29
  148 L    -3  -1  -4  -1  -4   0  -4  -5  -4   0   4  -4   1   2  -4  -1  -3  -4  -3   3    1   4   0   3   0   4   0   1   0   4  46   0   3   8   0   4   0   0   0  20  0.63 0.35
  149 E    -1   0   0  -1   0   2   0  -2   0  -1   0   2   0  -1   0   0   0   1   0  -1    4   5   6   3   2  12   3   2   3   4  10  14   2   3   5   8   6   2   2   5  0.07 0.10
  150 V     0  -3  -3  -3  -2  -2  -1  -3   1   2   0  -3  -1   1   1   0   0  -3  -2   4    5   0   0   0   0   0   5   1   5  13   6   0   0   6   6   7   5   0   0  38  0.30 0.23
  151 A     0   1   1  -1  -2   1   0   0  -2   0   0   0   1  -2   1   0   0  -3  -2   0    7   7   7   0   0   7   7   7   0   7   7   7   7   0   7   7   7   0   0   7  0.07 0.09
  152 G     0   0   1   0  -2   1   0   0  -1   0   0   0   1   0  -2   0   0  -2  -1   0    7   7   7   7   0   7   7   7   0   7   7   7   6   6   0   7   7   0   0   7  0.04 0.07
  153 L     0   0  -2  -2  -2   1   0   0  -2   0   0   0   1   1   1   0   0   4  -1   0    7   7   0   0   0   7   7   7   0   7   7   7   6   6   7   7   7   6   0   7  0.09 0.12
  154 G     0   0   1   0   2   1   0   0  -1  -2  -1   0  -1   0   1   0   0  -2   1  -1    6   6   6   6   6   6   6   6   0   0   6   6   0   6   6   6   6   0   6   6  0.06 0.09
  155 S     0   0   0   0   2   0   0   0   2   0   0  -1   1   0   1   0   0  -3  -2   0    6   6   6   6   6   6   6   6   6   6   6   0   6   6   6   6   6   0   0   6  0.04 0.09
  156 D     0   0   0   0  -3   1   0   0   2   0  -1   0   1  -2   0   0   0   3   1   0    6   6   5   6   0   5   6   6   5   6   6   6   5   0   6   6   6   5   5   6  0.07 0.10
  157 P    -4  -4  -4  -1  -5   0  -1  -1   1   0  -1  -4   1  -5   6  -1  -1   3  -4  -1    0   0   0   4   0   4   4   4   4   5   5   0   4   0  45   5   5   4   0   5  0.96 0.52
  158 H    -2   0  -1  -2  -4   2   0  -3   4   0   1  -1   0   2  -4   0  -1   2   2   0    3   4   2   2   0   9   5   2  14   5  14   2   2   8   0   7   2   3   7   8  0.22 0.20
  159 L    -4  -5  -5  -1   1  -5  -5  -2  -5   6   1  -5   1   0   0  -2  -1  -5  -4   3    0   0   0   4   3   0   0   4   0  44  11   0   3   4   4   2   4   0   0  16  0.81 0.44
  160 S    -1   0   0  -1  -1   0   0  -3   5  -3  -2   1  -2   0  -1   3   0  -1   0  -2    4   4   4   4   2   4   5   2  16   1   3   8   1   4   3  25   5   1   3   3  0.34 0.29
  161 L    -2  -3  -3  -5  -1  -3  -2  -5  -5   3   2  -2   5   0  -1  -3  -2  -5  -2   4    3   1   1   0   1   1   4   0   0  18  17   2  13   3   3   2   1   0   1  27  0.59 0.37
  162 E    -1   0  -1   1  -4   2   4  -3   2  -3  -2   1   1  -3  -2  -1   0  -4  -3  -1    3   4   2   8   0  10  29   2   5   1   4   9   4   1   2   4   6   0   0   5  0.39 0.31
  163 G    -1  -1   0   1  -4  -2  -1   4  -1  -1  -2  -1  -1  -3   1   0  -2   2  -3  -1    4   3   4   7   0   1   4  35   2   3   4   4   2   1   8   8   2   3   1   5  0.38 0.28
  164 F    -1  -1  -1  -1  -1   0  -1  -1   3  -2  -1  -2  -3   1   2   0   1   1   4  -1    5   3   3   3   2   5   3   5   8   2   6   1   0   7  11   6   8   2  18   3  0.24 0.23
  165 K    -2   0   1   1  -4   3   3   0   3  -2  -4   2  -2  -3  -3  -1  -1  -4  -2   0    2   3   7   6   0  12  18   9   9   2   1  16   1   1   0   2   4   0   1   7  0.35 0.29
  166 E    -1  -1   1   4  -4  -1   2   2  -1  -3  -4  -1  -2  -3  -3   0   1  -5  -3  -3    5   3   7  27   0   2  14  15   1   2   1   3   1   1   1   7   7   0   1   2  0.44 0.31
  167 G    -2   2   0   1  -5   1  -1   4  -2  -4  -5   1  -2  -4  -4   1  -2  -1   0  -4    2  10   3   8   0   7   4  37   1   1   0  10   1   0   0   9   1   1   3   1  0.56 0.37
  168 G    -3  -1   0   0  -5   0   1   5  -2  -2  -4  -2  -2  -2  -4   0  -1  -1  -4  -4    1   3   4   4   0   5  10  48   1   3   2   2   1   2   0   7   3   1   0   1  0.70 0.45
  169 I    -3  -3  -5  -4  -4  -5  -5  -4  -3   5   1  -5   3   0  -5  -3  -2   0  -4   4    2   2   0   1   0   0   0   1   1  36  13   0   6   4   0   2   2   1   0  25  0.80 0.48
  170 Q    -2   4   1  -2  -1   3   0   0   1  -3  -1   2   0  -4  -4   0  -2   3  -2  -2    2  21   6   1   2  15   4   6   4   1   6  12   3   0   0   6   2   4   1   3  0.33 0.31
  171 L     0  -4  -5  -3  -4  -4  -5  -5  -5   0   4  -2   1  -1  -3  -1  -3  -5  -4   3   10   0   0   1   0   0   0   0   0   3  47   3   3   3   1   4   0   0   0  20  0.71 0.46
  172 R    -1   0  -1  -2  -2   0   2  -1   0  -2   0   1   1  -3  -2   1   2  -2  -3   2    3   5   2   1   1   2  18   4   2   1   9   7   4   0   1  10  12   1   0  15  0.15 0.22
  173 L    -3  -7  -6  -3  11  -6  -4  -6  -7  -2  -3  -2  -5  -3  -7  -3  -3  -6  -2  -2    1   0   0   2  77   0   2   0   0   2   3   3   0   1   0   1   1   0   2   2  3.01 1.14
  174 R    -1   2   0  -1   3   1   1  -3   1  -1  -2   2   1  -4  -3   0   2   1  -3  -1    3  14   4   2   7   5  10   0   3   3   3  12   3   0   0   8  17   2   0   3  0.28 0.26
  175 S     0  -1  -3  -1   1  -3  -1  -1  -4  -2  -2  -3  -4   0  -1   6   0  -5  -4  -4    7   4   0   3   3   0   3   4   0   3   4   0   0   4   3  56   5   0   0   0  0.79 0.55
  176 S     0   1   1   0   0   0   1   1   0  -2  -2   1  -1  -2  -1   2   1  -3  -1  -2    8   8   6   4   2   4   8   9   3   2   3   8   2   2   2  17  10   0   2   2  0.12 0.13
  177 G    -1  -2  -1   0   0  -4  -1   6   1  -5  -5  -4  -4  -1   0  -1  -1  -5  -4  -5    5   3   2   5   2   0   5  56   3   0   1   0   0   3   6   4   4   0   0   0  0.93 0.47
  178 W    -2  -3  -1  -1  -1  -4  -5  -1  -5  -5  -5  -5  -4   1  -5  -2   0  12  -2  -5    4   1   3   4   2   0   1   4   0   0   1   0   0   5   0   3   6  63   0   1  2.54 0.83
  179 Y    -3  -1  -1  -2  -4   0  -3  -4   1  -2   1  -2  -2   5  -4   0  -2   2   6  -1    1   3   3   2   0   4   0   1   4   0  16   2   0  23   0   7   2   2  27   3  0.61 0.33
  180 P    -3  -4  -4  -4  -5  -4  -4  -4  -4  -4  -1  -4  -4   0   8   1   0  -5  -4  -4    1   0   0   0   0   0   0   1   0   0   8   0   0   5  67   9   6   0   0   0  1.73 0.63
  181 K     0   1   0   0   1   3   3  -1  -2  -3  -3   2  -2  -4   1  -1   0  -3  -1  -2    5   7   3   5   3  17  21   4   0   0   2  15   0   0   6   3   4   0   2   2  0.32 0.22
  182 P    -2  -4  -2  -4  -4  -1  -3  -1  -4  -4  -2  -3  -4  -1   7  -2   0  -4  -1  -1    3   1   2   1   0   3   1   6   0   1   3   1   0   4  60   3   5   0   3   5  1.36 0.51
  183 K     0   0   0   0  -3   0   0  -1   2   0  -1   0   1  -2   0   0   0   3   1   0    5   5   5   5   0   5   5   5   5   5   5   5   5   0   5   5   5   5   5   5  0.03 0.11
  184 V    -1  -2  -5  -5  -4  -5  -2  -4  -5   2   2  -5   3  -2  -2  -3  -2  -5  -4   5    6   2   0   0   0   0   3   1   0   9  17   0   7   1   2   1   2   0   0  46  0.88 0.48
  185 Q    -3   0  -2  -4  -5   5   2  -4   3  -2   1   0   0  -2  -1  -1   1   1  -1  -1    1   5   1   0   0  26  11   1   6   2  13   4   2   2   3   4   8   2   2   5  0.41 0.35
  186 W    -7  -4  -7  -7   0  -6  -3  -2  -7  -3  -6  -7  -6   0  -2  -7  -7  12  -1  -3    0   1   0   0   2   0   2   3   0   2   1   0   0   4   2   0   0  76   2   2  3.67 1.35
  187 R    -3   5   0  -4  -1  -1  -1  -3   0  -2   0   2   0  -1  -2   1   0  -2  -4  -2    2  34   4   0   1   2   4   1   2   3   9  11   2   3   2  10   6   1   0   2  0.50 0.36
  188 D    -3  -2   2   6  -6  -4   0  -1  -2  -6  -5  -3  -5  -6  -2   0   1  -6  -1  -4    2   2   9  49   0   0   6   6   1   0   1   1   0   0   2   6   9   0   3   2  1.04 0.57
  189 H     0   1   0   0  -4  -1  -1   0   1  -2   0   0   2  -1   2   2  -1   0  -3  -2    6   7   3   6   0   2   4   7   4   2   9   4   5   3  10  18   4   1   0   3  0.14 0.17
  190 Q    -1   2   1   1  -1   3   1  -1   2  -3  -3   2  -1  -2  -1   1   0   2   0  -3    4  11   7   7   1  12   9   4   4   2   3  11   1   2   2   9   4   3   3   1  0.21 0.20
  191 G    -1  -1   0  -1  -6  -1  -1   6  -1  -7  -3  -2  -6  -7  -2  -2  -2  -6  -6  -6    4   4   4   4   0   3   5  61   2   0   3   3   0   0   2   2   3   0   0   0  1.22 0.66
  192 Q    -1   1   1  -1  -7   4   2  -1   3  -7  -2   0   1  -7  -1  -2  -1   3  -6  -1    5   7   6   4   0  19  13   4   6   0   5   6   3   0   3   4   4   3   0   6  0.45 0.33
  193 C    -1   0   0   0   1   0   0  -2   2   0  -1   1   0  -1   0  -1   1   2   0   0    6   5   5   5   3   3   7   3   6   6   5  10   3   3   5   5   8   3   3   8  0.07 0.07
  194 L    -2  -1  -4  -5   1  -1  -4  -2  -4   2   4  -4   1   1  -5  -2  -1  -4  -3   1    3   4   0   0   3   3   0   3   0  11  42   0   3   6   0   3   3   0   0  11  0.50 0.36
  195 P    -1  -1  -1  -3  -1  -2  -2  -4  -2  -4   0  -1  -2  -2   6   1   2  -6  -2  -4    6   4   3   1   1   2   3   1   1   1   8   3   1   2  37  11  11   0   2   1  0.76 0.53
  196 P     3  -3  -3  -4  -2   0  -1  -2   1  -5  -3  -1   0  -3   4   4   0  -2  -3  -3   21   1   1   1   1   4   4   2   3   0   3   4   2   1  17  26   6   1   1   2  0.55 0.45
  197 E     0  -1  -1   0  -3   0   1   0  -1   0   1   0   0   0  -2   0   0   0  -2   1    6   2   2   7   0   4  12   7   2   3  16   5   3   5   1   6   6   1   0  11  0.06 0.12
  198 F     0  -1  -1  -1  -1  -1  -1  -2   1  -3  -3  -2   0  -1   0   5   2  -6  -2  -2    7   3   3   3   1   3   5   3   3   1   3   3   3   3   5  38  10   0   1   2  0.48 0.44
  199 E     0  -1   1  -1  -5   1   4  -2   1  -1  -2   2   0  -5  -1  -1   1  -5  -1  -1    8   3   7   3   0   6  26   3   3   4   4  11   2   0   3   4   7   0   2   4  0.31 0.30
  200 A     0  -1  -1  -1  -4  -1   0  -2   1  -1  -1   1   0   0   0   1   3   1   0  -1    8   4   2   3   0   3   6   2   3   4   4   8   3   5   5  12  18   2   3   4  0.13 0.18
  201 I    -2   0   1  -1   0   0  -1  -2   2   1  -1   0   2   0  -1   1   1   1   1   1    2   5   7   2   2   4   3   2   5   8   6   6   5   3   3  10   9   2   6  10  0.08 0.13
  202 V     0  -1   1  -1  -4  -1  -1  -2   3  -1  -1   0  -2  -1  -1   2   2  -1  -1   1    6   3   6   3   0   2   4   2   8   4   5   5   1   3   3  20  14   1   1  11  0.20 0.23
  203 W    -1   3  -2  -3   0   5   0  -3   0  -3  -3   1   0  -4   0  -1  -1   3  -5  -2    4  15   1   1   2  30   6   2   2   2   3   8   2   1   5   5   4   4   0   2  0.59 0.47
  204 D    -1  -1   1   6  -6   0   1   1  -2  -3  -4  -1  -2  -6  -1  -1  -2  -7  -6  -4    5   3   7  45   0   4   7   9   1   2   2   4   1   0   3   5   2   0   0   1  0.88 0.55
  205 A     0   0  -1   1  -3   0   1   0   1  -2  -3   0   0  -2   1   2   1   2  -2  -1    9   4   2   6   0   4  11   7   3   1   2   4   3   1   7  17  10   3   1   4  0.16 0.20
  206 Q    -1  -1   2   3  -1   2   2  -2   2  -1  -2   1   0  -4  -1   1   0   0  -2  -2    5   2  10  15   1   9  12   3   4   5   3   9   2   0   2   9   5   1   1   2  0.22 0.22
  207 D    -4  -2   0   1   0  -1   0   6  -1  -6  -4  -1  -5  -6  -2  -1  -2  -5  -1  -6    0   3   4   8   2   3   7  55   2   0   2   4   0   0   2   4   2   0   2   0  0.97 0.58
  208 L    -3  -1  -3  -4   1  -1  -1  -1   0   0   3  -1   2   1  -1  -1  -1   2   1  -1    0   3   0   0   4   3   3   4   3   4  38   3   4   7   4   3   3   3   6   3  0.26 0.27
  209 F    -1  -3  -1  -4   1  -1  -2  -1   0   0   0  -3   2   4  -1  -1  -1   5   2   0    4   0   3   0   3   3   3   5   3   6   9   0   6  24   3   5   3   7   7   6  0.32 0.28
  210 S     0   0   1   1   1   0   1  -2   2  -1  -1   0   0  -1  -2   1   1  -3   0   0    5   3   5   8   3   5   9   2   6   2   7   4   3   3   0  15   8   0   3   9  0.08 0.13
  211 L    -1  -5  -1  -5   1  -4  -2  -3  -5   2  -1  -2   3  -1  -5  -2   2  -5  -4   5    5   0   4   0   3   0   3   2   0   9   6   3   6   2   0   3  10   0   0  42  0.69 0.44
  212 E    -1   1   0  -2   0   1   3  -3   2  -1  -1   1  -1  -1  -2   0   1   2  -2  -1    5   8   4   1   2   8  18   1   4   3   8   9   1   3   1   5  11   3   1   5  0.17 0.20
  213 T     0  -1   0  -1   0   0  -1  -2   0  -1  -1  -1   2  -1  -3   3   2  -4  -1  -1    8   4   4   3   2   5   2   3   2   4   6   3   5   2   0  26  14   0   2   4  0.22 0.25
  214 S     1   1  -1  -1  -4   0  -1  -2   2   0  -2  -1  -1   1  -2   3   1   3   0  -1   10   7   2   2   0   3   3   2   5   7   3   3   1   5   2  27   8   4   4   3  0.22 0.26
  215 V    -1  -1   0  -3  -3   1  -3  -4  -3   3   2  -1   2   0   0   0   0  -3   0   1    4   4   5   0   0   7   0   0   0  20  18   4   5   4   5   6   5   0   4  10  0.21 0.21
  216 V     0   0   0   0   2   0   0   0  -1   0  -1   0   1   0   1   0   0  -2   1   0    6   6   5   6   5   5   6   6   0   6   6   6   5   5   6   6   6   0   5   6  0.03 0.06
  217 V    -2  -3  -2  -3   1  -1  -2  -4  -1   3   1  -2   0  -2  -1  -2  -1  -6  -2   5    4   1   2   1   3   4   3   1   2  13  14   2   2   1   3   2   4   0   1  36  0.52 0.39
  218 R    -2   3   0   1  -5   2   1  -2   1  -2  -1   1  -1  -2  -1   1   1   0  -1  -3    2  19   4   6   0   8   7   3   4   3   5   8   2   1   3  10  11   1   2   2  0.25 0.26
  219 A    -1   0   1   3   0   0   3   0   0  -3  -3   0  -1  -5   0   0  -1  -5  -2  -2    5   5   6  17   2   4  19   9   3   2   2   6   1   0   5   8   4   0   1   2  0.27 0.27
  220 G    -1   1   1   0   0   0   0   1   0  -2  -3   0  -1  -2   0   3   0  -1  -1  -3    3   7   7   5   2   4   5   9   2   3   2   6   2   2   4  27   6   1   2   1  0.25 0.28
  221 A     0  -2  -1   2  -5  -1   0  -2  -1  -3  -4  -1  -2  -2  -3   5   0  -6  -2  -3    8   2   2  12   0   2   6   3   2   1   2   4   1   2   1  43   5   0   2   2  0.59 0.52
  222 L    -1   0   1   2  -3   1   1   0   3  -1  -1   1   0  -1  -1   0   0   1  -2   0    4   4   6  11   0   6   7   6   7   3   6   9   2   2   2   7   7   2   0   7  0.10 0.13
  223 S     0   1   1   0  -4   1   1   3   1  -1  -2   0   0  -4  -1  -1  -1   1  -3  -1    6   8   8   4   0   6   9  21   3   5   5   6   2   0   3   4   3   2   0   4  0.18 0.19
  224 N    -1   0   2   0   2   0   0  -1   1   0  -2   1   0  -1   0   0   0   2  -2  -1    5   6  11   6   6   4   7   5   4   6   4   9   3   4   4   7   4   3   0   3  0.09 0.13
  225 V    -1  -1  -1  -1   2   0  -1  -2   0   1   1  -3   1   2  -1  -2  -1   3   1   2    3   3   3   3   5   4   4   3   3  10  11   0   4  10   3   3   3   4   5  17  0.16 0.18
  226 S    -1   2   0  -4  -4  -1  -2  -3  -1  -2  -3  -1   0   0  -2   4   3  -5   1  -2    3  11   4   0   0   2   3   2   1   3   2   3   2   5   2  34  16   0   4   2  0.48 0.41
  227 V    -6  -2  -7  -7  10  -1  -3  -3  -7   1  -2  -1   2  -2  -2  -3  -3  -7  -7  -1    0   3   0   0  56   3   2   2   0   8   4   4   4   2   2   3   2   0   0   4  2.07 0.83
  228 S     0   0  -1  -1   2   0   0  -1   0  -1   0  -1   1   0  -2   3   0   1   0  -1    7   6   2   3   4   4   5   4   2   3   9   4   4   3   2  24   4   2   3   4  0.15 0.17
  229 I    -1  -5  -5  -5   2  -5  -5  -1  -5   4   1  -5   2   2  -5  -4   0  -4   1   3    6   0   0   0   5   0   0   5   0  27  12   0   6   7   0   0   6   0   5  19  0.63 0.32
  230 Q    -1   0   0   0   2   0   0  -1   2   0  -1   0   1   0  -3   0   0   3   1   0    5   5   5   5   5   5   5   5   5   5   5   5   5   5   0   5   5   5   5   5  0.06 0.10
  231 N    -2  -1   5   0   0   1  -1  -2   2  -2  -1  -1  -4  -1  -1   2  -1   1  -1  -2    3   3  28   5   2   7   3   2   6   3   5   3   0   2   3  13   3   2   2   3  0.40 0.36
  232 L     0   0   0   0  -3   1   1   0   1  -1  -1   0   0  -1   3   1   0  -4  -1  -1    6   4   4   4   0   6  10   8   3   3   6   5   2   2  14   9   7   0   3   5  0.13 0.14
  233 L     0   0   0   0   2   0   0  -1   1   0  -1   0   1   0   0   0   0  -2   1   0    5   5   5   5   5   5   5   5   5   5   5   5   5   5   5   5   5   0   5   5  0.03 0.05
  234 L    -1   0   0   0  -3   0   0  -1   2   0  -1   0   1   0   0   0   0   3   1   0    5   5   5   5   0   5   5   5   5   5   5   5   5   5   5   5   5   5   5   5  0.06 0.08
  235 S    -1   0   1   1   0   0   1   1   1  -1  -2   1   1  -1   0   0   0  -3   0  -1    5   3   8   7   3   4  11  10   4   3   4   8   4   3   4   8   4   0   4   3  0.09 0.11
  236 Q    -1   0   0   0   2   0   0  -1   2   0  -1   0   1  -2   0   0   0   3   1   0    5   5   5   5   5   5   5   5   5   5   5   5   5   0   5   5   5   5   5   5  0.07 0.11
  237 K    -1   0   0   1   0   1   3  -2   1   0  -1   1   0  -1  -1  -1  -1   1  -3  -1    4   4   3   7   2   7  21   3   4   5   6  11   3   3   3   2   3   2   0   4  0.16 0.21
  238 K     0   0  -2   0   2   0   0  -1   1   0  -1   0   1   0   0   0   0   3  -1   0    6   6   0   6   5   5   6   6   5   6   6   6   5   5   6   6   6   5   0   6  0.06 0.11
  239 E    -1   0   0   0   2   0   0  -1   2   0  -1   0   2   1   0  -1   0   4   1  -1    5   5   5   5   5   5   5   5   5   5   5   5   5   5   5   5   5   5   5   5  0.09 0.08
  240 L     1  -1  -1  -2   1  -1  -1  -2   1   0  -2  -1   1   0  -1   2   1   2   1   1   13   4   3   3   3   3   4   4   4   5   4   4   4   4   3  13   7   3   5  10  0.10 0.12
  241 V    -1   0   0   0   2   0   0  -1   2   0  -1   0   2   1   0  -1   0   4   1  -1    5   5   5   5   5   5   5   5   5   5   5   5   5   5   5   5   5   5   5   5  0.09 0.08
  242 V    -3  -1  -2  -2   2   0  -1  -2   0   4   1  -2   0   0  -2  -1  -1   1   0   2    2   4   2   2   4   4   5   4   2  20  12   3   3   4   2   6   3   2   3  13  0.27 0.17
  243 Q    -1   0   0  -1   1   1  -1  -2   2  -1   0   0   1   1   0   2  -1   3   1  -1    4   5   5   4   3   5   4   3   4   4   8   6   3   5   6  13   4   3   5   4  0.08 0.09
  244 I     0   0  -1   0  -3   1   0  -3   2   0   0   0   1   1   1   0   0  -2   1   0    6   6   0   6   0   6   6   0   6   6   6   6   6   6   6   6   6   0   6   6  0.06 0.10
  245 A     0   0   0  -1   0   0   0  -1   1  -1   0   0   0   0   2   1   0  -3   0  -1   10   5   3   4   3   4   6   4   4   4   7   6   3   3   9  10   6   0   4   4  0.06 0.07
  246 D     0   0   0   0   2   0   0   0   1   0  -1   0  -1   0   1   0   0  -2   1   0    6   6   5   6   5   5   6   6   5   6   6   6   0   5   6   6   6   0   5   6  0.03 0.06
  247 V    -1  -1   0   1   1   0   0  -1   1  -1  -1  -1   2   0   2   1   0   2   0  -1    5   3   4   7   3   4   7   4   4   4   7   4   4   4  11  10   6   3   3   4  0.09 0.10
  248 F    -2  -1  -1  -1   0   0   0  -3   1   0   1  -2   1   4  -2  -1   0   3   0  -1    4   4   4   4   2   5   6   3   3   5  11   3   3  18   2   6   5   3   3   4  0.22 0.18
  249 V    -2   0  -2  -2   1   1   0  -2   0  -1  -1  -1   1   5   1   0  -1  -6   0  -1    4   5   2   3   3   5   5   3   3   4   5   4   3  22   7   8   4   0   3   5  0.33 0.24
  250 P    -1   0   0   0  -3   0   0  -1   2   0  -1   0   1   0   0   0   0   3   1   0    5   5   5   5   0   5   5   5   5   5   5   5   5   5   5   5   5   5   5   5  0.06 0.08
  251 G    -1   2   1   1   1   1   1  -1   2   0  -2   0   1  -1   1   0  -1   3   0  -1    4  10   6   7   3   6   8   4   4   5   5   5   3   3   6   8   4   4   3   4  0.10 0.10
  252 A    -1   0   0   0   2   0   0  -1   2   0  -1   0   2   1   0  -1   0   4   1  -1    5   5   5   5   5   5   5   5   5   5   5   5   5   5   5   5   5   5   5   5  0.09 0.08
  253 S    -1   0   0   0   2   0   0  -2   1   0  -2   0   1   1   0   2   0   4   0  -1    5   4   5   5   4   4   6   4   3   5   5   5   3   5   6  14   5   5   4   4  0.11 0.12
  254 A    -1   0  -1  -1   1  -1  -1  -2   1   0  -1  -1   1   0   4   1  -1   1   0  -1    6   5   3   4   3   3   5   4   4   5   6   4   4   4  19   9   4   2   3   4  0.20 0.19
  255 W    -2  -1  -3  -3   0  -1   0  -1   0   0   0  -1   1   0  -1  -1  -1   9   0  -1    4   4   2   2   2   3   6   5   2   5   8   4   3   4   3   6   4  24   3   5  0.68 0.44
  256 K    -1   0   0   0   2   0   0  -1   2   0  -1   0   2   1   0  -1   0   4   1  -1    5   5   5   5   5   5   5   5   5   5   5   5   5   5   5   5   5   5   5   5  0.09 0.08
  257 S    -1   0  -2   0   2   0   0  -1   2   0  -1   0   1   0   0   0   0   3   1   0    5   5   0   5   5   5   5   5   5   5   5   5   5   5   5   5   5   5   5   5  0.06 0.10
  258 A     1  -1  -1  -1   1  -1   0  -1   1   0   0   0   1   0   0   0   0   2   0   0   14   4   3   3   4   3   5   6   4   7   8   5   4   3   4   7   5   3   3   5  0.05 0.05
  259 F    -1  -1  -2  -2   2  -2  -1  -1   1   0   1  -1   1   2   0  -1   0   4   1  -1    6   4   2   2   4   0   5   6   4   5  15   4   3  11   5   5   6   5   4   5  0.10 0.13
  260 V    -1   0   0   0   2   0   0  -1   2   0  -1   0   2   1   0  -1   0   4   1  -1    5   5   5   5   5   5   5   5   5   5   5   5   5   5   5   5   5   5   5   5  0.09 0.08
  261 A    -1  -1  -1  -1   2   1   0   0   1   1   0  -1   1   0  -1  -1  -1   2   0   2    5   4   3   4   5   6   6   7   3   7   7   4   3   4   3   4   4   3   3  15  0.08 0.08
  262 T     0   0   0   0   2   0   0   0   1   0  -1   0   1   0   1   0   0  -3  -1   0    6   6   5   6   5   5   6   6   5   6   6   6   5   5   6   6   6   0   0   6  0.03 0.07
  263 L    -1  -1  -1  -1   2  -1   0  -1   1   0   1  -1   1   1   0  -1   0   2   0   0    5   3   3   3   4   3   6   6   4   6  17   3   4   5   5   5   5   3   3   7  0.06 0.05
  264 P    -1   0  -1  -1   3   0  -1  -1   0   1   0  -1   1   2   1  -1   0   2   0   0    6   4   4   4   6   4   4   4   3   7   8   3   3   8   7   5   7   3   3   8  0.06 0.06
  265 L    -1   0   0   0   2   0   0  -1   2   0  -1   0   2   1   0  -1   0   4   1  -1    5   5   5   5   5   5   5   5   5   5   5   5   5   5   5   5   5   5   5   5  0.09 0.08
  266 L    -1   0   0   0   2   0   0  -1   2   0  -1   0   2   1   0  -1   0   4   1  -1    5   5   5   5   5   5   5   5   5   5   5   5   5   5   5   5   5   5   5   5  0.09 0.08
  267 L     0  -1  -4  -2   2  -1   0  -1   1   0   1  -1   1   1   1  -1  -1   3   0   1    8   3   0   3   4   3   5   5   3   6  13   4   4   6   6   5   4   4   3  11  0.09 0.09
  268 V     0  -1  -1  -1   2   0  -1  -1   0   1   1  -1   1   0  -1  -1  -1   1   0   2    6   3   3   3   4   4   5   5   3   7  15   4   4   4   3   5   4   2   3  13  0.06 0.05
  269 L     0  -2  -1  -1   2   0  -2  -1   0   0   1  -1   1   1   0   0   0   3  -1   0    9   2   3   4   5   4   3   6   3   5  14   3   3   5   5   9   6   4   2   6  0.07 0.08
  270 A     0  -2  -3  -1   0   0  -1  -1   1   3   1  -3   1   0  -2   0   0   1  -2   1    7   3   1   3   2   4   4   5   3  15  15   2   3   4   2   8   6   2   1   9  0.15 0.12
  271 A     0   0  -2  -2   1   0  -1   1   0   1   0   0   0   1   0   0   0   2  -1   0   10   6   2   2   3   5   4  10   2   9   9   5   3   6   5   5   4   3   2   6  0.04 0.04
  272 L    -1   0   0   0   2   0   0  -1   2   0  -1   0   2   1   0  -1   0   4   1  -1    5   5   5   5   5   5   5   5   5   5   5   5   5   5   5   5   5   5   5   5  0.09 0.08
  273 A    -1   0   0   0   2   0   0  -1   2   0  -1   0   2   1   0  -1   0   4   1  -1    5   5   5   5   5   5   5   5   5   5   5   5   5   5   5   5   5   5   5   5  0.09 0.08
  274 L     0   0  -1  -1   1   0   0  -1  -1   0   0   0   0   0   0   0   0   2   0   1    8   6   2   3   4   3   6   6   2   7   9   7   3   4   5   8   4   3   3   9  0.03 0.03
  275 G    -1   0   0   0   2   0   0  -1   2   0  -1   0   2   1   0  -1   0   4   1  -1    5   5   5   5   5   5   5   5   5   5   5   5   5   5   5   5   5   5   5   5  0.09 0.08
  276 V    -1   0   0   0   2   0   0  -1   2   0  -1   0   2   1   0  -1   0   4   1  -1    5   5   5   5   5   5   5   5   5   5   5   5   5   5   5   5   5   5   5   5  0.09 0.08
  277 L    -1   0   0   0   2   0   0  -1   2   0  -1   0   2   1   0  -1   0   4   1  -1    5   5   5   5   5   5   5   5   5   5   5   5   5   5   5   5   5   5   5   5  0.09 0.08
  278 R    -2   1   0  -1   2   0  -1  -1   2   0  -1   1   1   1   0  -1   0   5   1  -1    4   8   4   4   4   4   4   5   4   5   7   7   3   5   5   5   6   7   5   5  0.13 0.12
  279 K    -2   3  -1  -1   1   1  -1  -3   1  -1  -1   3   1   0  -1  -1  -1   2   1  -1    3  12   3   4   3   6   5   3   4   4   6  18   3   4   4   4   4   2   5   5  0.25 0.20
  280 Q    -2  -1   0  -1   1   2   1  -2   2   0   0   1   1   0  -1  -1   0   4   0   0    4   4   4   4   3   9   8   3   4   5  10   9   3   4   4   4   5   5   3   5  0.13 0.13
  281 R    -1   0   0   0   2   0  -1  -1   2   0  -1   0   2   0   0  -1   0   3   1  -1    5   5   5   5   5   5   5   5   5   5   5   5   5   5   5   5   5   5   5   5  0.03 0.09
  282 R    -1   0   0   0   2   0   0  -1   2   0  -1   0   2   1   0  -1   0   4   1  -1    5   5   5   5   5   5   5   5   5   5   5   5   5   5   5   5   5   5   5   5  0.09 0.08
  283 S    -1   1   0   0   2   0   1  -1   1  -1   0   1   2   0   0   0  -1   3  -1  -1    5   7   4   4   4   5   8   5   3   4   8   9   5   4   5   6   4   3   2   5  0.06 0.07
  284 R    -1   1   0  -1   2   0  -1  -1   2   0  -1   2   1   1  -1  -1  -1   3   0  -1    4   8   4   3   4   5   4   5   4   5   6  13   4   5   3   6   4   4   3   5  0.11 0.10
  285 E    -1   0  -1  -1   1   1   1  -1   1  -1  -1   1   2   0   0   1   0   2   0  -1    4   6   3   4   3   5   9   5   3   4   6  10   5   4   4   9   6   3   4   4  0.07 0.09
  286 K    -1   1   0   0   1   1   0   0   1  -1  -1   1   0   0   0  -1   1   2   0   0    6   7   5   4   3   6   6   6   4   4   6   8   3   4   4   4   8   3   3   6  0.03 0.04
  287 L    -1   0   0   0   1   0   0  -1   1   0   0   0   0   1   0   0   0   2   0   0    4   5   4   5   4   5   7   4   3   5  10   5   3   7   5   6   5   3   3   5  0.01 0.03
  288 R    -1   0   0  -1   2   0   0  -1   1   0   0   0   1   0   0   0  -1   2   0   0    4   6   4   4   4   5   5   5   3   5   7   6   4   5   4   6   4   3   3   5  -0.01 0.04
  289 K    -1   0   0   0   2   0  -1  -1   2   0  -1   0   2   0   0  -1   0   3   1  -1    5   5   5   5   5   5   5   5   5   5   5   5   5   5   5   5   5   5   5   5  0.03 0.09
  290 Q    -1   0   0   0   2   0  -1  -1   2   0  -1   0   2   0   0  -1   0   3   1  -1    5   5   5   5   5   5   5   5   5   5   5   5   5   5   5   5   5   5   5   5  0.03 0.09
  291 A    -1   0   0   0   2   0  -1  -1   2   0  -1   0   2   0   0  -1   0   3   1  -1    5   5   5   5   5   5   5   5   5   5   5   5   5   5   5   5   5   5   5   5  0.03 0.09
  292 E    -1   0   0   0   2   0   0  -1   1   0  -1   0   1   0   0   0   0   3  -2  -1    5   5   5   5   5   5   5   5   5   5   5   5   5   5   5   5   5   5   0   5  0.02 0.10
  293 K    -1   0   0  -1   1   1   0  -1   1  -1   0   0   1   0   0   0   0   2   0   0    4   6   5   4   4   6   7   6   4   4   8   6   4   3   4   8   6   3   3   6  0.04 0.05
  294 R    -1   0   0   0   2   0   0  -1   2   0  -1   0   2   1   0  -1   0   4   1  -1    5   5   5   5   5   5   5   5   5   5   5   5   5   5   5   5   5   5   5   5  0.09 0.08
  295 Q    -1   1   0  -1   2   1   0  -1   2  -1  -1   1   1   0   0   0   0   3   0  -1    5   7   4   4   4   7   6   5   4   4   6   7   3   4   6   7   5   4   3   5  0.06 0.07
  296 E     0   0   0  -1   0   1   1   0   1   0   0   1   0   0   0   0  -1   2   0  -1    6   6   4   3   2   6  12   7   3   6   8   7   3   4   5   6   3   3   3   5  0.04 0.05
  297 K    -1   1   0  -1   1   1   1  -1   1  -1  -1   1   1   0   0   0   0   3   0  -1    5   7   4   4   4   7   8   5   4   4   6   8   3   4   4   7   5   4   3   5  0.06 0.07
  298 L    -1   0   0   0   2   0   0  -1   2   0  -1   0   2   1   0  -1   0   4   1  -1    5   5   5   5   5   5   5   5   5   5   5   5   5   5   5   5   5   5   5   5  0.09 0.08
  299 T    -1   0   0   0   2   0   0  -1   2   0  -1   0   2   1   0  -1   0   4   1  -1    5   5   5   5   5   5   5   5   5   5   5   5   5   5   5   5   5   5   5   5  0.09 0.08
  300 A    -1   0   0   0   2   0   0  -1   2   0  -1   0   2   1   0  -1   0   4   1  -1    5   5   5   5   5   5   5   5   5   5   5   5   5   5   5   5   5   5   5   5  0.09 0.08
  301 E    -1   0   0   0   2   0   0  -1   2   0  -1   0   2   1   0  -1   0   4   1  -1    5   5   5   5   5   5   5   5   5   5   5   5   5   5   5   5   5   5   5   5  0.09 0.08
  302 L    -2   1   0  -2   2   1  -1  -2   0   0   2   1   2  -1  -1  -1  -1   3  -1   0    3   7   4   3   4   6   4   3   2   6  18   8   5   2   4   6   4   4   2   6  0.12 0.11
  303 E    -1   0   0   0   0   1   1   0   1   0  -1   0   0   0   0   0   0   3   0  -1    5   5   4   6   2   5   9   7   3   6   6   7   2   4   5   7   5   4   3   5  0.04 0.04
  304 K    -1   0   0   0   1   0   0  -1   0   1  -1   1   0   0  -1   0   0   1   0  -1    6   6   3   4   3   5   7   4   3  10   6  11   2   4   3   7   7   2   4   5  0.04 0.05
  305 L    -1   0   0   0   2   0  -1  -1   2   0  -1   0   2   0   0  -1   0   3   1  -1    5   5   5   5   5   5   5   5   5   5   5   5   5   5   5   5   5   5   5   5  0.03 0.09
  306 Q    -1   0   0   0   2   0   0  -1   2   0  -1   0   2   1   0  -1   0   4   1  -1    5   5   5   5   5   5   5   5   5   5   5   5   5   5   5   5   5   5   5   5  0.09 0.08
  307 T     0   0   0   0   2   0   0  -1   1   0  -1   0   1   0   0   0   0  -2   1   0    5   5   5   5   5   5   5   5   5   5   5   5   5   5   5   5   5   0   5   5  0.03 0.05
  308 E    -1   0   0   0   2   0   0  -1   2   0  -1   0   2   1   0  -1   0   4   1  -1    5   5   5   5   5   5   5   5   5   5   5   5   5   5   5   5   5   5   5   5  0.09 0.08
  309 L    -1   0   0   0   2   0   0  -1   2   0  -1   0   2   1   0  -1   0   4   1  -1    5   5   5   5   5   5   5   5   5   5   5   5   5   5   5   5   5   5   5   5  0.09 0.08
  310 D    -1   0   0   1   0   1   1  -1   1   0   0   1   0  -1   0   0   0   0  -1  -1    4   6   4   7   2   7  10   5   4   5   8   8   2   3   5   6   5   1   2   5  0.05 0.06
  311 W    -1   0  -1  -1   1   1   0  -2   1   0   0   1   2  -1  -2   0  -1   5   1  -1    5   6   3   4   3   7   6   4   3   5   9   9   5   2   2   6   5   8   4   4  0.18 0.15
  312 R    -1   1   0  -1   2   1   0  -1   1   0  -1   1   2   0  -1  -1   0   2   1  -1    5   8   4   4   4   6   7   5   3   6   6   8   5   4   4   5   5   3   4   5  0.06 0.06
  313 R    -1   1   0   0   2   0   0  -1   1  -1   0   1   1  -1   0   0   0  -4   0  -1    6   9   5   4   4   4   7   4   4   4   8  10   4   3   5   6   5   0   3   5  0.07 0.07
  314 A    -1   0   0   0   2   0   0  -1   2   0  -1   0   2   1   0  -1   0   4   1  -1    5   5   5   5   5   5   5   5   5   5   5   5   5   5   5   5   5   5   5   5  0.09 0.08
  315 E    -1   1  -1  -1   2   1   1  -2   2   0   0   0   2   1   0  -1   0   2   0   0    6   8   3   3   4   6   8   3   5   5   9   5   5   5   4   5   5   3   3   7  0.07 0.07
  316 G     0   0   0  -1   1   0  -1   0   0   0   0   0   0   0   0   0   0   2   0   0    9   4   4   3   4   3   4   8   3   5  11   6   3   4   5   6   4   3   4   6  0.01 0.01
  317 Q    -1   0   0   0   2   0   0  -1   2   0  -1   0   2   1   0  -1   0   4   1  -1    5   5   5   5   5   5   5   5   5   5   5   5   5   5   5   5   5   5   5   5  0.09 0.08
  318 A    -1   0   0   0   2   0   0  -1   2   0  -1   0   2   1   0  -1   0   4   1  -1    5   5   5   5   5   5   5   5   5   5   5   5   5   5   5   5   5   5   5   5  0.09 0.08
  319 E    -1   0   0   0   2   0   0  -1   2   0  -1   0   1  -2   0   0   0   3   1   0    5   5   5   5   5   5   5   5   5   5   5   5   5   0   5   5   5   5   5   5  0.07 0.11
  320 W    -3   1  -1  -3   0  -2  -3  -2  -1   0   2  -1   0   3  -2  -2  -2   8   1  -2    3   8   3   2   2   2   2   3   2   5  20   4   2  10   3   3   2  17   4   3  0.64 0.40
  321 R    -2   3  -1  -1   0   1   1  -2   0  -1  -2   2   0   0  -2  -1   0   4  -1  -1    4  16   3   3   2   5   8   3   2   4   5  13   2   3   3   5   6   5   2   4  0.23 0.21
  322 A    -1   3  -1  -1   0  -1   0  -2  -1  -1  -2   3   2  -1  -1  -1  -1   2  -1   0    5  16   3   3   2   2   6   3   2   3   5  18   4   3   3   5   4   2   2   6  0.26 0.23
  323 A     1  -1  -1  -1   1   0   0  -2   0   2   0   0   2   0  -1  -1   0   3  -1   1   11   4   3   3   3   4   6   3   2  11  10   6   5   3   3   4   5   4   2   8  0.08 0.07
  324 Q    -2   2  -1  -2   2   3  -1  -2   2  -2   0   1   1   0   0  -1  -1   2   0  -2    4  11   3   3   3  14   4   3   4   3   8  10   3   3   5   5   4   3   3   4  0.22 0.20
  325 K    -1   0   0   0   2   0   0  -1   2   0  -1   0   2   1   0  -1   0   4   1  -1    5   5   5   5   5   5   5   5   5   5   5   5   5   5   5   5   5   5   5   5  0.09 0.08
  326 Y    -1   0   0   0   2   0   0  -1   2   0  -1   0   2   1   0  -1   0   4   1  -1    5   5   5   5   5   5   5   5   5   5   5   5   5   5   5   5   5   5   5   5  0.09 0.08
  327 A    -1   0   0   0   2   0   0  -1   2   0  -1   0   2   1   0  -1   0   4   1  -1    5   5   5   5   5   5   5   5   5   5   5   5   5   5   5   5   5   5   5   5  0.09 0.08
  328 V     1  -1  -1  -1   2  -2   0  -1  -3   0   0  -1   1  -1  -1   0   0   2  -2   2   12   3   3   4   4   0   8   4   0   4   7   3   4   3   3   6   4   3   0  22  0.08 0.18
  329 D     0   0   0   0   2   0   0   0   1   0  -1   0  -1   0   1   0   0  -2   1   0    6   6   5   6   5   5   6   6   5   6   6   6   0   5   6   6   6   0   5   6  0.03 0.06
  330 V    -1  -2  -1  -2   0  -3  -1  -1   0   2   0   0   0  -1   0  -1  -1   2  -3   4    4   2   3   3   2   0   4   4   3  10   9   5   2   2   4   3   3   3   0  32  0.22 0.23
  331 T     0   0   0   0   1   0   0  -1   2   0   0   0   1  -1  -3   1   2  -3   0  -1    5   5   4   4   3   5   7   4   5   6   7   5   3   3   0   9  20   0   3   3  0.10 0.14
  332 L     0   0  -2  -2  -2   1   0   0  -2   0   0  -1   1   1   1   0  -1   4   1   0    7   7   0   0   0   7   7   7   0   7   7   0   7   7   7   7   0   7   7   7  0.11 0.14
  333 D    -1   0   1   4  -3   0   1  -1  -2  -1  -1  -1  -2  -1   0   0  -1  -3   0  -1    4   7   8  28   0   3   8   5   0   4   6   0   0   4   5   6   4   0   3   5  0.23 0.20
  334 P     0   0  -2   0   2   1   0  -1   2   0  -1   0   1  -2   0   0   0   3   1   0    6   6   0   6   5   5   6   6   5   6   6   6   5   0   6   6   6   5   5   6  0.07 0.12
  335 A    -1   0   0   0   2   0   0  -1   2   0  -1   0   1  -2   0   0   0   3   1   0    5   5   5   5   5   5   5   5   5   5   5   5   5   0   5   5   5   5   5   5  0.07 0.11
  336 S    -1  -1   0  -4   1  -1  -2  -2   1  -1  -2  -1   0  -1  -1   1   5  -5   0  -1    4   3   4   0   3   3   3   3   3   3   3   3   3   3   3   8  41   0   3   3  0.56 0.47
  337 A     4  -1  -1  -2   1  -1  -1   0   0  -1  -1   0   0  -1  -1   0  -1  -4  -4  -1   39   2   2   2   3   3   4   7   2   3   6   7   3   3   3   5   4   0   0   3  0.31 0.32
  338 H    -2  -2   3  -2  -6   0  -2  -3   9  -2  -2  -2  -5  -2  -1  -1  -5  -5   2  -3    4   2  11   2   0   4   2   3  46   2   5   2   0   2   3   4   0   0   6   2  1.34 0.74
  339 P     0   0   0  -2   2   0   0   0   2   0  -1   0   1   0   0   0   0  -2   1   0    6   6   5   0   5   5   6   6   5   6   6   6   5   5   6   6   6   0   5   6  0.04 0.08
  340 S     0   0   1   0   1   1   1  -1   2  -1  -1   0  -2   1  -3   0  -1   4   2  -1    9   6   6   6   3   5  10   4   5   4   4   5   0   7   0   6   3   6   8   3  0.12 0.15
  341 L     0   1  -2  -3   3   1  -2   0   2   1   0  -1  -1   1  -3  -1  -2   4  -1   0    9   9   0   0   8   9   1   9   9   9   9   0   0   9   0   1   0   8   0   9  0.14 0.13
  342 E     0  -1  -1  -2   1   1  -1  -2   2   1  -1  -1   3   0  -1   2   0   2   0   1    7   4   3   3   3   6   4   3   5   8   5   4   7   3   3  13   5   2   3   9  0.13 0.10
  343 V    -3  -3  -1  -1  -3  -1  -1  -2  -4   2   3  -1   1   0   0  -3  -3  -4  -3   3    0   0   3   3   0   3   4   3   0  14  32   3   3   4   5   0   0   0   0  21  0.37 0.29
  344 S    -1  -1   0   0  -4   0  -1  -1   1  -1  -2  -1  -4  -1  -1   5   0  -5   0  -4    5   4   4   5   0   4   3   4   3   3   3   3   0   3   3  42   6   0   4   0  0.44 0.41
  345 E    -1   0   0   1   0   1   3   0   1  -3  -2   1   1  -3   0   0  -1   2   0  -1    4   3   3   8   3   7  22   6   3   0   3   9   5   0   4   6   3   3   4   4  0.20 0.22
  346 D    -1  -1   3   5   2   0   1   0  -3  -4  -3  -1  -4  -4  -1  -1  -1  -5   0  -2    4   3  12  39   5   3   8   6   0   0   3   3   0   0   3   3   3   0   4   2  0.60 0.41
  347 G    -2   2   1  -1   0   1  -2   3  -1  -3   1   1   0  -2   0  -1  -2   1  -1  -2    2  12   6   2   2   6   2  25   2   0  14   7   3   2   5   3   2   2   2   2  0.22 0.23
  348 K    -2   3  -1  -1   0  -1  -1  -5  -1  -2  -2   5  -1  -5  -1  -1   1  -6  -5  -2    2  13   2   3   2   2   4   0   1   2   5  42   2   0   3   3  10   0   0   3  0.69 0.49
  349 S    -1   1  -2  -3   3   2   0  -2   0  -1  -3   0   0  -3  -2   4   1  -5  -1  -1    4   9   1   0   6  11   6   3   2   4   2   4   3   1   2  30   8   0   2   4  0.37 0.36
  350 V    -2  -3  -2  -3  -2  -3  -1  -4  -1   0   0  -2   1  -2  -3  -5  -4  -6  -5   6    2   2   2   2   1   1   5   1   2   3   7   2   3   2   2   0   0   0   0  62  1.11 0.64
  351 S     0   4  -1  -2  -2   0   0  -2   1  -1  -3   1   0  -2  -2   1   1   2   0  -2    7  23   2   2   1   3   5   2   3   5   2   9   3   2   2  11   9   3   4   2  0.27 0.26
  352 S    -1   0   1   1   4  -1  -1  -2   4  -2  -1  -1  -2  -1  -1   0  -1   4   2  -2    4   5   7  10   9   2   4   4  12   2   7   4   1   3   3   7   3   5   7   3  0.26 0.21
  353 R     0   3  -2  -2   0   0   0   0   2  -2   0   1  -1  -1  -1   1   0   2  -1  -1    6  17   1   1   2   3   7   7   4   2  10   9   1   2   2   9   7   3   2   4  0.13 0.14
  354 G     0   0   0   1   2  -1   0   4  -3  -3  -2  -1  -1  -4  -1   0  -2  -1  -2  -3    6   6   3   7   4   2   7  33   0   1   5   4   2   1   4   7   3   1   2   2  0.38 0.27
  355 A     0  -1   1   3  -2  -1   3  -1  -1  -3  -2  -1  -1  -2  -1   1   0  -1  -1  -1    7   3   7  20   1   2  17   5   1   1   4   3   1   2   3   9   6   1   2   5  0.25 0.23
  356 P    -1   2  -1  -2   0   1   0  -3  -1   0  -2   2   0   0   1   0   1   1  -2   0    5  11   3   2   2   5   7   1   1   6   3  14   2   4   6   7   9   2   1   7  0.13 0.15
  357 P    -1   4  -2   0  -1   2   0  -3   1  -3  -2   1  -1  -3   3  -2  -1   4  -2  -2    5  19   2   4   1  10   6   2   3   1   5   7   1   1  14   3   4   6   1   3  0.39 0.31
  358 G    -4   0   1   0  -2   7   0  -1   0  -5  -2   1  -3  -4  -1  -2  -2  -4  -3  -4    1   6   6   4   1  42   5   6   2   1   4   8   1   1   3   4   3   0   1   1  0.89 0.60
  359 P    -2  -1   2   4  -2  -1   1  -3   0  -2  -1   1  -2  -3   2   0   0  -5  -3  -2    3   3  11  21   1   2   8   2   2   3   5   8   1   1  12   8   5   0   1   3  0.36 0.31
  360 A    -1  -2  -5  -5  -1  -2  -2  -2  -4  -1   4  -3   1  -2  -3  -1  -4  -3  -2   4    4   2   0   0   2   2   3   3   0   3  39   2   3   2   2   6   1   0   2  25  0.65 0.44
  361 P    -1  -2  -1   1   0  -2  -1  -2   0  -2  -2  -2   0  -1   6   0   0  -6  -2  -3    4   2   3   7   2   1   3   4   2   2   5   2   2   2  41   8   5   0   1   2  0.77 0.52
  362 G    -2   0   2   4  -2  -1   0   0   1  -2  -2   0  -4  -1   0   0  -2  -1   0  -2    4   6  11  28   1   2   6   7   3   2   4   6   0   3   5   6   2   1   3   2  0.35 0.30
  363 H    -1  -1   4   1   1  -1   1   0   0  -1  -3   0  -2  -3  -1   2   1  -5  -2  -3    3   3  20   6   3   2   7   7   3   3   2   6   1   1   2  18  10   0   2   1  0.31 0.29
  364 P    -2  -2   0  -1  -5   0   0  -2  -1  -3  -2   0  -4  -2   6   0  -1   0  -2  -2    4   2   4   3   0   5   5   4   1   1   4   5   0   2  43   6   4   1   2   3  0.83 0.54
  365 Q    -2   1  -1   0  -5   2   4  -2   1  -3  -3   3  -1  -3  -1   0  -1  -2  -3  -3    3   7   2   5   0  10  28   3   4   1   2  18   2   1   3   6   4   1   1   1  0.50 0.40
  366 R    -2   7  -2   0  -1   0  -2  -3   0  -3  -3   0  -2  -1  -3  -2  -1  -5  -2  -3    4  54   2   6   1   3   3   3   2   2   3   4   1   3   1   3   3   0   1   2  1.06 0.65
  367 F    -1  -2  -3  -3   0  -6  -4  -2  -5  -2  -1  -6   0   8  -3  -3  -5  -4   0  -2    5   2   2   2   2   0   2   4   0   2   5   0   2  62   2   2   0   0   2   3  1.60 0.81
  368 S    -3  -1   1   5  -2   0   1  -2   0  -3  -4  -1  -2  -2   0   1   0  -5  -1  -3    1   3   6  36   1   3   7   3   2   2   1   4   1   2   4  12   7   0   2   2  0.58 0.44
  369 E    -1   0   1   0   1   0   0  -1   1  -2  -2   0  -1   0   0   1   1   1   1  -1    4   6   6   5   3   5   6   5   3   2   4   6   2   3   5  12  11   2   5   5  0.08 0.12
  370 Q    -1   0   0  -1   5   0  -1  -3   1  -1   0  -2  -1   1  -2   0  -1   4   3   1    6   6   4   4  11   4   4   2   4   3   8   2   1   6   2   6   2   6   9   9  0.23 0.21
  371 T    -1   0  -3  -4   1  -3  -3  -2   0   0   1  -1  -2   1   4  -2   1   0  -1   2    5   5   1   1   3   1   1   4   2   4  14   3   1   6  20   3   8   1   2  15  0.33 0.28
  372 C    -1  -1   0  -4   9  -3  -5  -2  -2   1  -3  -4  -2   0  -6   2  -3  -1  -1  -1    6   4   6   1  39   1   1   3   1   7   2   1   1   5   0  14   1   1   2   4  1.22 0.66
  373 A    -1  -7  -7  -7  -1  -4  -7  -4  -7   1  -2  -3  -2  -3  -7  -6  -1  -7  -6   7    6   0   0   0   1   1   0   1   0   6   4   2   1   1   0   0   3   0   0  72  1.77 0.91
  374 L    -6  -3  -7  -8  -2  -7  -7  -8  -7  -1   6  -7   1  -1  -4  -5  -3  -6  -6   1    0   2   0   0   1   0   0   0   0   3  76   0   3   2   1   1   2   0   0   8  1.71 0.85
  375 S     1  -5  -3  -4   0  -3  -7   7  -7  -8  -8  -6  -4  -8  -7   0  -4  -7  -4  -5   11   1   1   1   2   1   0  70   0   0   0   0   1   0   0   7   1   0   1   1  1.77 0.91
  376 L    -1   2   0  -2   2   2  -1  -3   1  -2  -1   3  -2  -1  -4   2   0  -1  -3  -2    6  12   3   1   5  10   3   1   3   2   6  18   1   2   0  16   7   1   1   2  0.31 0.29
  377 E    -5  -1   1   0  -7   5   6  -3  -1  -7  -5   1  -6  -7  -1  -3  -3  -7  -6  -4    1   4   7   4   0  21  44   2   1   0   1   7   0   0   4   2   1   0   0   1  1.16 0.71
  378 R    -1   2   1  -2   1  -1  -1   3   1  -2  -3  -1   0   0  -1   1   0  -4  -1  -2    4  12   6   2   3   3   3  23   3   3   2   3   3   4   4  12   6   0   2   3  0.24 0.20
  379 F    -6  -1  -6  -7  -6  -6  -6  -2  -6   2   0  -6   3   8  -7  -2  -6  -5   2  -1    0   4   0   0   0   0   0   4   0  11   7   0   6  52   0   4   0   0   5   5  1.54 0.67
  380 S    -1   1  -1  -1   0  -1  -2  -2   0  -2  -3  -2   1  -1  -2   3   4   1   0  -2    4   7   3   3   2   2   2   2   3   3   2   2   3   3   2  24  25   2   3   3  0.42 0.33
  381 A     0  -1  -2  -2   0   0   0  -1  -1  -5  -3  -1  -1  -2  -1   5   0   0  -1  -3    8   3   2   2   2   4   7   4   1   0   2   3   1   2   3  44   5   1   2   2  0.62 0.46
  382 G    -5   0  -2  -1  -7  -1  -2   7  -6  -7  -7  -2  -6  -7  -6  -5  -6   2  -6  -2    0   5   2   4   0   3   3  69   0   0   1   3   0   0   0   0   0   3   0   4  1.66 0.72
  383 R    -5   7  -2  -1   1  -1  -2  -3   1  -3  -4   3  -6  -6  -6  -1  -2  -7  -6  -3    0  50   1   4   3   3   2   2   3   2   2  17   0   0   0   5   2   0   0   2  1.24 0.61
  384 H    -3  -1  -3  -6   1  -1  -5  -4   9  -4  -3  -4  -3   2  -4   0  -3   2   3  -4    2   3   1   0   3   2   0   1  52   1   3   1   1   9   1   6   2   3   7   1  1.76 0.73
  385 Y    -4  -4  -7  -8   3  -7  -2  -8  -1  -7  -4  -7  -6   1  -8  -2  -4   0   9  -7    1   1   0   0   6   0   3   0   1   0   2   0   0   4   0   3   1   1  74   0  2.66 1.05
  386 W    -7  -4  -8  -8   2  -7  -7  -7  -3  -7  -4  -7  -6   1  -8  -7  -4  12   2  -7    0   1   0   0   4   0   0   0   1   0   2   0   0   5   0   0   2  78   5   0  3.95 1.25
  387 E    -3  -4  -4   0  -6  -1   7  -4  -4  -6  -4  -3  -5  -6  -5  -4  -5  -6  -6  -1    2   0   0   4   0   2  80   1   0   0   2   1   0   0   0   0   0   0   0   4  1.98 0.81
  388 V    -3  -6  -6  -6  -5  -5  -4  -4  -6  -1  -3  -6  -1  -5  -6  -2  -3  -6  -5   7    2   0   0   0   0   0   1   2   0   2   2   0   2   0   0   3   1   0   0  82  1.92 0.74
  389 H    -3  -2  -1   3  -3   3   5  -3  -2  -4  -4   1  -2  -4  -4  -2  -2   0  -2  -2    1   1   2  16   1  13  40   2   1   1   2   7   1   1   0   3   3   1   1   3  0.82 0.44
  390 V    -2  -6  -6  -6  -5  -5  -4  -2  -6   1  -1  -5   0  -2  -6  -5  -3  -6  -5   7    2   0   0   0   0   0   1   4   0   5   4   0   2   2   0   0   1   0   0  75  1.64 0.66
  391 G     0  -1  -2  -2  -1  -1   1   5  -3  -4  -4   2  -2  -5  -3  -1  -2  -2  -3  -4    7   4   2   2   1   2   9  46   1   1   1  12   1   0   1   5   3   1   1   1  0.72 0.37
  392 R    -3  -1   3   4  -2  -1   1   3   1  -4  -4  -1  -3  -5  -2   0  -2  -2  -3  -4    1   3  13  26   1   3   9  22   3   1   1   4   1   0   2   7   2   1   1   1  0.60 0.33
  393 R    -2   3   1  -3  -2  -1  -1  -1  -2  -5  -5   6  -3  -5  -4  -1  -2  -1  -5  -3    4  16   6   1   1   2   3   6   1   0   1  48   1   0   1   5   2   1   0   2  0.96 0.45
  394 S    -1  -1   0  -1  -2   0   0   0  -1  -1  -2   2   1  -4   0   1   5  -4  -4  -2    3   3   4   3   1   3   6   6   1   4   3  11   3   0   4   9  33   0   0   2  0.40 0.27
  395 R     0   1  -1   2  -2   0   2   1   0   0  -3   1  -1  -1  -3   1  -2   1  -1  -1    7   7   2  12   1   3  14  10   2   5   1   9   1   3   0  11   1   2   2   4  0.15 0.13
  396 W    -7  -7  -7  -8   3  -7  -7  -7  -7  -7  -5  -7  -6  -5  -7  -7  -7  13  -4  -7    0   0   0   0   5   0   0   0   0   0   1   0   0   0   0   0   0  87   0   0  4.57 1.37
  397 F     1  -2   0   4   0  -2   0  -1   1   0  -3  -3  -1  -1  -4   0   2   2   1   0   11   2   3  21   2   1   5   5   4   5   2   1   1   3   0   4  16   3   5   6  0.26 0.21
  398 L    -4  -5  -6  -6  -5  -1  -5  -6  -6   2   5  -5  -1  -2  -5  -4  -3  -5  -4   4    1   0   0   0   0   3   0   1   0  11  54   0   1   1   0   1   1   0   0  24  1.16 0.49
  399 G    -5  -6  -1  -6  -7  -6  -6   8  -6  -7  -7  -6  -7  -7  -6  -5  -6  -7  -7  -7    0   0   3   0   0   0   0  92   0   0   0   0   0   0   0   0   0   0   0   0  2.60 0.90
  400 A    -2  -6  -6  -7  -5  -6  -6  -5  -7   2   0  -6   0  -4  -6  -5  -4  -6  -5   7    3   0   0   0   0   0   0   1   0  10   7   0   2   1   0   0   1   0   0  73  1.76 0.70
  401 C     5  -6  -5  -6   8  -5  -5  -3  -6  -4  -3  -5  -3  -4  -5  -2   0  -6  -3   0   41   0   0   0  33   0   1   2   0   1   2   0   1   1   0   3   7   0   1   7  1.50 0.63
  402 L    -2   6  -3  -3  -4   0  -2  -3  -2  -3  -2   3  -3  -5  -4   1   0  -3  -2  -3    3  40   1   1   0   3   2   2   1   1   5  19   0   0   0  11   5   0   1   2  0.81 0.43
  403 A    -1  -1  -1   3  -3   1   6  -1   0  -5  -6   1  -5  -6  -3  -2  -3  -6  -4  -4    4   2   2  17   1   5  47   5   2   1   1   7   0   0   1   2   1   0   1   1  0.98 0.49
  404 A    -1  -4   2   2  -3  -3  -2  -2  -2  -3  -3  -2  -5  -5  -3   6   0  -3  -4  -4    4   1   9   9   0   1   1   3   1   1   2   2   0   0   1  56   6   0   0   1  1.01 0.54
  405 V     1  -4  -5  -4  -3  -5  -4  -3  -5   3  -1  -3   0  -3  -3  -3  -2  -5  -3   6   14   1   0   1   0   0   1   2   0  16   5   1   2   1   1   1   3   0   1  49  0.93 0.43
  406 P    -2   2   4   2   0   0   1  -3  -1  -3  -3   2  -2  -4  -1   0   0  -3  -3  -2    2  10  23  10   2   3  10   2   1   2   2  11   1   0   4   8   5   0   1   2  0.39 0.25
  407 R    -5   8  -2  -4  -7  -1  -4  -5  -2  -6  -6   1  -3  -6  -4  -3  -2  -2  -6  -5    1  77   2   1   0   2   1   1   1   0   1   6   1   0   1   2   3   1   0   1  2.17 0.86
  408 A    -3  -1  -2  -2  -6   0   1  -3  -3  -4  -5   7   0  -4  -4  -2  -2  -6  -5  -4    2   2   2   2   0   3   7   2   0   1   1  65   2   1   1   3   3   0   0   1  1.42 0.65
  409 G    -2  -1  -2  -1  -1  -1   1   6  -1  -2  -4   0  -1  -3  -7  -3  -2   1  -2  -3    4   3   2   4   2   3  10  48   1   2   2   6   1   2   0   3   3   2   2   2  0.91 0.55
  410 P    -1   3   1   0  -1   0   1  -1   0  -2  -3   1  -1   0  -1   0  -1   5   1  -2    5  13   6   4   1   4  10   5   2   3   3  10   2   4   4   7   3   6   5   3  0.22 0.19
  411 A    -2  -3  -2  -2   0  -2  -4  -3  -1   5  -1  -3   1   2  -2  -2  -1   1  -1   3    4   2   2   3   2   2   2   3   2  27   7   2   4   7   3   4   4   2   3  18  0.55 0.31
  412 R    -1   1   0  -2  -1  -1  -1  -4   0  -1  -2   1  -1  -1   2   1   4  -7  -1  -3    4   6   5   3   2   3   4   2   2   4   4   8   2   3  11  12  20   0   3   2  0.28 0.28
  413 L    -1  -2  -3  -3  -3  -2  -1  -3   0   0   4  -1   3   1   1  -2  -2   0  -2   1    5   2   1   2   1   1   5   2   2   4  35   3   6   6   8   2   2   1   1  10  0.34 0.26
  414 S     0  -1   2  -2   3  -1  -2  -1  -2  -2  -2  -1  -3  -3  -2   4   2  -5  -4  -2    6   4  11   2   5   2   2   4   1   3   4   3   1   1   2  34  13   0   1   3  0.48 0.38
  415 P    -4  -7  -5  -4  -7  -4  -4  -3  -3  -4  -4  -6  -7  -8   8   0  -2  -8  -7  -5    2   0   1   1   0   1   1   2   1   1   2   0   0   0  78   6   3   0   0   1  2.42 1.11
  416 A    -1  -2   0   2  -6   3   5  -1   1  -5  -4   1  -3  -6  -3   0  -2  -6  -4  -3    6   2   4   9   0  12  32   6   3   1   2   8   1   0   1   7   2   0   0   2  0.58 0.41
  417 A    -1  -1   6   2  -3   0   1  -1   2  -6  -4   1  -3  -4  -5  -1   0  -6  -2  -4    4   3  35  12   1   3   9   5   5   0   2   9   1   1   0   4   5   0   1   1  0.72 0.46
  418 G    -3  -3  -4  -3  -7  -4  -4   7  -7  -8  -5  -1  -7  -7  -7  -4  -6  -2  -7  -7    2   2   1   1   0   1   1  83   0   0   2   4   0   0   0   1   0   1   0   0  2.19 0.97
  419 Y    -4  -7  -7  -7   1  -7  -7  -6  -1   1  -1  -7  -2   7  -5  -3  -4  -4   7   0    1   0   0   0   3   0   0   1   2   7   5   0   1  38   1   3   1   0  32   5  1.65 0.77
  420 W    -8  -2  -9  -9  -1  -8  -9  -6  -8  -5  -5  -8  -3  -2  -9  -4  -8  13   0  -6    0   3   0   0   1   0   0   1   0   1   2   0   1   2   0   2   0  84   3   1  4.34 1.64
  421 V     3  -2  -4  -6   2  -5  -5  -3  -3   0  -1  -5  -2   0  -5   0   4  -6  -5   3   28   2   1   0   4   0   0   2   0   5   4   0   1   4   0   6  22   0   0  20  0.66 0.46
  422 L    -4  -6  -7  -7  -5  -6  -7  -4  -7   4   4  -4   3  -3  -7  -6  -3  -6  -5   4    1   0   0   0   0   0   0   2   0  23  38   1   6   1   0   0   2   0   0  26  1.20 0.60
  423 G     0   2  -4  -3   5   0   2   2  -1  -3  -3  -2   0  -3  -5   0  -3   5  -1   0    8  13   0   1  10   5  12  16   1   2   2   1   2   1   0   8   1   9   2   6  0.46 0.35
  424 L    -4   1  -3  -5   0   0  -4  -5   2  -3   5  -2   3   0  -4  -2  -4   0   1  -2    1   8   1   0   2   5   1   1   5   0  52   3   5   3   1   3   1   1   4   2  0.80 0.46
  425 W    -3   4  -2  -2   1  -1  -1  -4  -2  -3  -3   2  -1   2  -5   1  -2   5   3  -2    1  26   2   2   3   3   4   1   1   2   3  10   1   8   0  10   2   8  10   3  0.59 0.40
  426 N    -3   0   5   3  -5  -1   2  -2  -1  -2  -4   2  -2  -4  -1  -1  -2  -1   0  -4    2   4  24  16   0   2  11   4   1   2   2  15   1   1   4   5   3   1   3   1  0.54 0.36
  427 G    -2   0  -1  -1  -3  -2   1   6  -2  -6  -5   0  -3  -5  -2  -2  -3  -1  -4  -4    3   6   3   4   1   2   8  55   1   0   1   5   1   0   2   3   1   1   1   2  1.02 0.53
  428 C    -2   0   4   3   2   0  -1   0   2  -3  -3   0  -2  -3  -3   0   0  -4  -2  -2    3   5  21  15   4   5   4   7   4   1   2   7   1   1   1   7   7   0   2   4  0.34 0.24
  429 E    -2  -1   0   1  -4   2   4   0  -1  -3  -2   2  -2  -1  -3  -1  -1  -2  -1  -2    2   3   3   7   0  11  28   7   2   2   4  14   1   3   1   4   3   1   3   3  0.39 0.29
  430 Y    -7  -5  -6  -8   1  -5  -8  -8  -1  -1  -1  -5  -5   3  -8  -5  -5   0   9  -3    0   1   0   0   3   1   0   0   1   3   7   1   0  11   0   1   1   1  65   2  2.36 1.09
  431 F     0   2  -3  -4   1   2   0  -3   0  -3  -3   2   0   1  -2   0  -2   6   0  -1    7  11   1   0   3  10   7   1   2   1   3  13   2   7   2   8   3  10   4   4  0.37 0.30
  432 V     6  -4  -4  -6  -2  -5  -6  -3  -6  -1  -3  -5  -1   0  -1  -1  -1  -1  -4   1   62   1   1   0   1   0   0   2   0   3   3   0   2   4   3   4   4   1   1   8  1.19 0.69
  433 L    -3   0   1  -5   4  -3  -4  -2   0   0   4  -1   0   0  -4   0  -2  -2   0  -2    2   5   8   0   8   1   1   3   2   4  38   4   2   4   1   7   3   1   3   2  0.46 0.36
  434 A     1  -5  -1   2  -2  -2   0  -2  -3  -2  -4  -3  -2  -6  -3   2   5  -6  -4  -3   13   0   3  10   1   2   7   3   1   3   1   1   1   0   1  13  37   0   1   1  0.74 0.56
  435 P     0  -2   0   2  -1  -2   0   0  -2  -3  -3  -2  -2  -1   1   3   1  -2   0  -1    7   2   5  11   1   1   7   7   1   2   2   2   1   3   6  25   8   0   3   4  0.26 0.28
  436 H    -4  -2   0  -2  -2  -1  -1  -3   2  -4  -4  -3  -2  -3   7   0  -2  -7  -3  -5    2   3   4   3   1   3   4   2   4   1   2   2   1   2  55   6   3   0   1   1  1.38 0.82
  437 R    -2   4  -2  -1  -2   0   0  -4  -1  -3  -2  -1  -2  -2   3   2   0   3  -1  -2    4  19   1   4   1   4   7   1   1   1   5   3   1   2  17  15   5   4   2   3  0.42 0.37
  438 V    -2  -1  -2  -2  -1  -1  -3  -4  -1   1  -2   0  -1  -2  -2  -1   5  -6  -2   3    3   3   2   2   1   2   2   1   1   8   4   7   2   1   3   4  30   0   1  22  0.54 0.42
  439 A    -1   1   0  -1   0   0  -1  -3   1   0   0  -2  -2  -1   4   1  -1  -5  -2  -2    4   9   5   4   2   4   4   2   4   7  10   2   1   3  21  11   4   0   1   2  0.28 0.26
  440 L    -4  -4  -7  -7  -6  -2  -2  -7  -2   1   6  -4  -1   0  -3  -3  -4  -6  -6   0    1   1   0   0   0   2   3   0   1   6  66   1   1   4   2   3   1   0   0   5  1.28 0.72
  441 T    -2  -1  -1  -3   1   0  -1  -4   3  -2  -2   0  -1  -1   3   3   2  -6  -1  -3    3   3   3   1   3   4   5   1   7   2   5   7   2   2  16  19  14   0   3   2  0.37 0.35
  442 L    -3  -2  -4  -4  -2  -2  -4  -5  -3   0   5  -4   0  -2   0  -4  -4   2  -3   3    2   3   1   1   1   2   1   1   1   5  50   1   2   1   6   1   1   3   1  16  0.85 0.53
  443 R    -1   3   1   0   0   0   1  -1   1  -2  -2   2  -1  -3   0   1   0  -5  -3  -2    4  15   7   5   2   4   8   4   4   2   3  12   2   1   6  13   6   0   1   3  0.22 0.22
  444 V    -1  -1   0   0  -1   2   3  -1   0  -2  -1   0   1  -4   0   1   0  -1  -3   1    4   3   4   4   1   8  18   5   2   2   5   6   4   0   5   9   7   1   1  11  0.16 0.20
  445 P    -2   3   0  -3  -1   0  -2  -2   0  -1  -3   3  -2  -3   3   0   0   1  -2   0    4  16   5   2   1   3   1   3   3   4   2  19   1   1  16   6   5   2   1   6  0.40 0.34
  446 P    -3  -7  -4  -3  -7  -7  -3  -7  -7  -3   1  -7  -2  -3   8  -5  -4  -8  -1  -2    2   0   1   2   0   0   2   0   0   2  13   0   1   1  67   1   1   0   2   3  2.01 1.06
  447 R    -3   4  -2  -2   0   4   1  -3   3  -5  -2   2  -2  -4  -3   0   1  -2  -2  -4    2  20   2   1   2  16   9   2   7   0   4  13   1   1   1   6   9   1   1   1  0.52 0.38
  448 R    -4   6  -4  -5   1   0  -4  -5  -3  -1  -4   5   0  -6  -6  -4   0  -3  -4   1    1  35   1   0   3   3   1   1   1   3   1  30   2   0   0   1   6   1   1   9  1.11 0.59
  449 L    -6  -7  -7  -7  -6  -7  -7  -5  -7   5   0  -7  -1  -5  -7  -6  -3  -7  -6   6    0   0   0   0   0   0   0   1   0  30   8   0   2   0   0   0   1   0   0  55  1.80 0.79
  450 G    -3   1  -6  -6  -1  -4  -7   7  -7  -7  -4  -5  -2  -7  -7  -4  -4   0  -3  -3    2   6   0   0   1   1   0  77   0   0   2   1   1   0   0   1   1   2   1   2  1.96 0.88
  451 V    -6  -7  -7  -7  -6  -7  -7  -8  -7   5  -2  -7  -1  -6  -7  -7  -3  -7  -6   7    0   0   0   0   0   0   0   0   0  29   3   0   2   0   0   0   1   0   0  62  2.04 0.87
  452 F    -4  -6  -6  -5   2  -3  -5  -7   0  -4   0  -4  -5   8  -7  -3  -5  -1   6  -4    1   0   0   1   4   2   1   0   2   1   9   1   0  50   0   2   1   1  22   1  1.76 0.72
  453 L    -5  -6  -7  -7  -5  -6  -6  -7  -7  -2   6  -6   0  -3  -6  -6  -4  -6  -5   3    0   0   0   0   0   0   0   0   0   1  71   0   1   1   0   0   1   0   0  20  1.71 0.73
  454 D    -5  -6   1   8  -8  -1  -2  -5  -3  -7  -6  -6  -7  -8  -6  -3  -6  -8  -7  -6    1   0   5  82   0   2   2   1   1   0   1   0   0   0   0   2   0   0   0   1  2.51 1.01
  455 Y    -7  -2  -7  -8   5  -4  -7  -5  -1  -1  -1  -7  -2   2  -8  -3  -5   1   9  -4    0   3   0   0   9   1   0   1   1   4   5   0   1   7   0   2   1   1  62   1  2.15 0.90
  456 E    -4  -4  -2   3  -8  -1   7  -4  -3  -8  -6   0  -4  -8  -2  -2  -2  -8  -7  -5    2   1   2  14   0   2  65   2   1   0   1   4   1   0   2   2   2   0   0   1  1.63 0.79
  457 A     3   0  -1   0  -2   0   4   1  -2  -4  -4   1  -2  -4  -5  -1  -2  -2  -4  -1   22   6   3   5   1   4  25  10   1   0   2   8   1   0   0   4   2   1   0   4  0.42 0.33
  458 G    -1   0  -3  -7  -4  -2  -3   7  -1  -9  -9  -2  -8  -9  -3  -2  -7  -8  -8  -8    4   5   1   0   0   2   2  75   2   0   0   3   0   0   2   3   0   0   0   0  1.88 0.84
  459 E    -3   1   0   1  -3   4   1  -2   0  -2   1   1  -1  -4  -4   0   1  -2  -3  -2    1   7   3   7   0  21  10   3   2   2  13   8   1   0   0   8   8   1   1   3  0.28 0.27
  460 L    -5  -7  -7  -7  -5  -7  -7  -7  -7   4   2  -7  -3  -3  -7  -1  -5  -7  -5   6    0   0   0   0   0   0   0   0   0  21  16   0   0   1   0   5   0   0   0  56  1.46 0.68
  461 S     0  -4  -3  -4  -3  -5   0  -5  -6  -4  -5  -5  -6  -2  -2   7   1  -4  -2  -4    6   1   1   0   1   0   5   0   0   1   1   0   0   2   2  69   6   0   2   1  1.38 0.77
  462 F    -7  -8  -8  -8  -7  -8  -8  -3  -6  -4  -4  -8  -5   9  -8  -7  -7  -4   1  -2    0   0   0   0   0   0   0   3   0   1   1   0   0  86   0   0   0   0   3   3  2.89 1.06
  463 F    -7  -7  -5  -8  -1  -7  -7  -8  -1  -1  -2  -6  -4   3  -8  -2  -5  -3   9  -4    0   0   0   0   2   0   0   0   1   3   4   0   0  12   0   4   1   0  68   1  2.32 0.96
  464 N    -5  -3   7   5   2  -5  -3  -2  -1  -8  -8  -4  -7  -8  -2   0  -3  -8  -7  -7    0   1  48  28   4   0   1   3   1   0   0   1   0   0   3   6   1   0   0   0  1.55 0.74
  465 V     4  -5  -6  -4  -5  -5  -5  -2  -6  -1  -2  -5   3  -5  -2  -2  -1  -6  -5   5   28   0   0   1   0   0   0   4   0   3   3   0   7   0   2   2   4   0   0  42  0.92 0.54
  466 S    -1  -2   1   4  -4  -2   3  -1  -1  -4  -4   0  -3  -4   0  -1   3  -6  -4  -2    5   2   6  21   0   1  17   4   2   1   1   4   1   0   6   3  20   0   0   2  0.47 0.36
  467 D     1  -2   2   5  -2  -1   0  -2   0  -4  -2  -1  -2  -6  -3   1   2  -6  -4  -3   12   1   8  30   1   2   6   3   2   0   3   3   1   0   1  10  13   0   0   1  0.50 0.37
  468 G    -1   3   0  -4  -1   0   0   2  -2  -4  -1   2   5  -2  -5  -2  -4   1  -3  -4    5  14   5   1   1   4   6  18   1   0   5  13  16   2   0   3   0   2   1   0  0.46 0.36
  469 S     1  -2  -3  -2   0  -3  -3  -3  -4  -2  -4  -2   1  -2  -5   6   2  -7  -4  -1   13   2   1   2   2   1   1   1   0   2   2   2   3   2   0  51  10   0   0   4  0.85 0.57
  470 H    -4  -4  -2  -4  -4  -2  -3  -7   9  -2   2  -4  -3  -3   1  -2  -3  -3  -1  -3    1   1   2   1   0   2   2   0  49   2  18   1   1   1   6   4   2   0   2   2  1.52 0.73
  471 I    -6  -8  -6  -8  -6  -7  -8  -8  -8   7   3  -7   1  -2  -8  -3  -5  -7  -6  -1    0   0   0   0   0   0   0   0   0  64  22   0   3   1   0   3   0   0   0   3  1.82 0.79
  472 F    -6  -7  -7  -8  -1  -4  -7  -5   4  -6  -1  -7  -2   5  -8  -5  -5  -4   8  -3    0   0   0   0   1   1   0   1   8   0   6   0   1  24   0   1   1   0  50   2  1.97 0.86
  473 T    -3  -2  -3  -5  -4  -5  -1  -6  -3  -3  -6  -2  -3  -7  -6   3   7  -7  -2  -3    1   2   1   0   0   0   3   0   1   2   0   3   1   0   0  21  59   0   2   1  1.43 0.78
  474 F    -7  -8  -8  -8   2  -8  -2  -8  -4   1  -2  -8  -1   9  -8  -7  -7  -5   2  -5    0   0   0   0   4   0   4   0   0   7   3   0   1  73   0   0   0   0   4   0  2.34 0.94
  475 H    -2   0   0  -4  -5  -1  -3  -2   1  -4  -4   1  -1  -5   4   1   5  -6  -5  -4    2   4   4   0   0   3   1   2   3   0   1   8   2   0  21  10  34   0   0   0  0.75 0.51
  476 D     0  -1  -1   3   4   1  -1  -1   2  -1  -2  -1  -1  -2   1   0  -1  -4   0  -1   10   2   3  16  11   7   3   6   6   4   2   3   1   2   7   5   3   0   3   4  0.19 0.20
  477 T    -1  -1  -1  -2   2   0  -2  -3  -2  -3  -4   1  -2  -3  -2   4   3  -6  -5  -1    5   4   3   2   4   3   2   2   1   2   1   8   1   1   2  33  17   0   0   5  0.45 0.39
  478 F    -5  -6  -4  -8  -5  -4  -3  -5  -3  -4  -2  -8  -5   9  -3  -2  -7  -3  -2  -5    1   0   1   0   0   1   2   1   1   1   4   0   0  77   2   4   0   0   1   0  2.36 0.99
  479 S    -1  -1   0  -3  -1  -1  -1  -1  -1  -4  -4  -1  -3  -4  -1   4   5  -4  -3  -4    4   4   5   1   1   3   4   4   1   1   1   4   1   1   3  28  34   0   1   1  0.70 0.48
  480 G    -4  -3  -3   0  -7  -1   5   5  -3  -8  -6   0  -5  -8  -5  -3  -4  -7  -7  -4    1   1   1   5   0   3  40  40   1   0   1   4   0   0   0   1   1   0   0   2  1.28 0.67
  481 A    -1   2  -2  -1  -4  -2   1  -4  -2  -3  -3   5  -2  -4   3  -1   1  -6  -5  -3    6   9   1   3   0   0  10   1   1   1   3  31   1   0  15   4  10   0   0   2  0.61 0.41
  482 L    -5  -6  -7  -5  -2  -6  -7  -7  -7   3   5  -6   2   0  -5  -2  -5  -6  -3   2    0   0   0   1   1   0   0   0   0  15  61   0   4   3   0   4   0   0   1  10  1.27 0.59
  483 C    -3   4  -3  -6   3  -1  -5  -5   2  -4  -2  -2  -5   5  -6  -5  -3   0   6  -3    2  22   1   0   6   2   0   1   5   1   3   2   0  21   0   0   2   1  27   2  1.13 0.56
  484 A    -2  -7  -7  -7  -8  -4  -3  -7  -7  -8  -6  -6  -7  -8   9  -4  -6  -8  -5  -4    3   0   0   0   0   1   2   0   0   0   1   0   0   0  88   1   0   0   1   2  2.98 1.18
  485 Y    -6  -3  -7  -8  -2  -7  -5  -8  -3  -1   0  -7  -3   7  -8  -6  -6   3   6   0    0   2   0   0   1   0   1   0   0   3   9   0   1  47   0   0   0   3  27   6  1.80 0.76
  486 F    -8  -8  -9  -9  -8  -9  -9  -9  -7   0   0  -9  -2   9  -9  -6  -7  -5  -2  -4    0   0   0   0   0   0   0   0   0   5   7   0   1  84   0   1   0   0   1   1  2.92 1.07
  487 R    -3   2   2  -4   5  -1  -3  -3  -1  -5  -4  -3   0  -2  -5   4  -2   4   3  -5    1  12   9   1  11   3   1   1   1   0   1   0   3   2   0  36   1   5  10   0  0.83 0.51
  488 P    -5  -5  -6  -6  -3  -6  -6  -7  -2   0   2  -6  -4  -5   7  -4   0  -7  -3  -1    0   1   0   0   1   0   0   0   1   4  20   0   0   0  59   1   6   0   1   4  1.71 0.76
  489 R    -3  -1  -4  -3   6  -3  -2   4   0  -5  -3  -3   0   1  -4  -1  -3   7  -1  -4    1   3   1   2  18   1   2  34   3   0   2   1   2   5   1   5   2  13   2   1  1.01 0.50
  490 A    -1  -2  -1  -1  -1  -2  -2  -2  -1   0   2  -2   0   1   1   1   1  -2  -1   0    5   2   3   3   1   1   1   3   2   5  23   2   1   6   8  14  11   0   2   5  0.15 0.17
  491 H    -1  -1   4   0   1  -2  -1   1   3  -3  -2  -1  -3  -2  -1   2  -1   2   1  -3    4   2  25   4   3   1   3  10   7   1   5   3   0   1   3  16   2   2   5   2  0.39 0.28
  492 D    -1  -1   0   5  -3   0   1  -2   0  -1  -2   2  -3  -3  -1  -1  -1  -1  -1  -1    4   3   4  34   1   4   9   2   2   3   3  13   0   1   3   4   3   1   3   4  0.47 0.29
  493 G    -1  -1   2   2  -1  -2  -1   4  -2  -3  -3  -1  -3  -2  -2   1  -1   2  -2  -1    4   3   9  12   1   2   4  30   1   1   3   4   1   2   1  10   4   3   1   5  0.36 0.21
  494 G    -2  -1   0  -1  -4  -2   2   5  -2  -3  -3  -2  -3  -4  -2   1  -2  -2  -4  -3    3   4   4   4   0   2  12  45   1   2   3   2   0   1   2  10   3   1   1   2  0.69 0.32
  495 E    -1   1   0   0  -3   1   2   0   1  -3  -2   3  -1  -2   0   0   1  -3  -2  -2    3   7   3   4   0   7  12   8   3   1   3  23   1   1   4   6   9   0   1   3  0.24 0.16
  496 H    -2   0   7   1  -2  -1  -2  -1   1  -4  -3   0  -2  -2  -3  -1  -2  -4  -2  -3    3   5  50   6   1   2   2   6   3   1   3   4   1   2   2   4   2   0   2   2  0.99 0.41
  497 P     1  -2  -1   0  -2  -1   0   0  -2  -2  -2   0   0   0   3   3   1  -4  -2  -1   10   2   2   4   1   3   4   7   1   2   3   5   3   4  13  24   9   0   1   4  0.24 0.20
  498 D     3  -2   0   1  -3   0   2   0   0  -2  -3   1  -3  -3  -3   1   1  -1  -2  -2   23   1   4   7   0   4  12   7   3   3   2  10   0   1   1  10  10   1   1   3  0.24 0.21
  499 P     0  -5  -5  -5  -3  -3  -4  -3  -5  -4  -4  -4  -5  -2   8  -1  -1  -5  -5  -4    7   1   1   1   1   1   1   3   0   1   2   1   0   2  70   4   3   0   0   1  1.99 0.79
  500 L    -6  -7  -8  -8  -6  -5  -6  -8  -7   0   6  -7   5  -3  -5  -7  -6  -6  -3   0    0   0   0   0   0   0   0   0   0   4  76   0  12   1   1   0   0   0   1   5  1.84 0.79
  501 T    -3   3  -3  -5   1  -3  -3  -6  -2   4  -3   1  -2   0  -5   0   4  -6  -3   2    1  14   1   0   3   1   1   0   1  20   1  10   1   4   0   6  26   0   0  11  0.62 0.42
  502 I    -6  -8  -8  -8  -5  -7  -8  -9   1   8   1  -7  -3  -3  -8  -6  -5  -7  -3   0    0   0   0   0   0   0   0   0   3  76  13   0   0   1   0   1   1   0   1   5  2.14 0.84
  503 C    -5  -3  -7  -7  10   0  -7  -7  -3  -3  -2  -6  -5  -5  -1   1   0  -2  -4  -3    0   2   0   0  62   5   0   0   1   1   4   0   0   0   3  11   7   1   1   1  2.32 0.91
  504 P    -3  -5   0  -3  -5  -4  -6  -5   2  -7  -5  -3  -7  -8   8   2  -3  -2  -5  -7    2   1   5   1   0   1   0   0   4   0   1   1   0   0  65  15   1   1   0   0  1.97 0.85
  505 L    -1  -3  -5  -5  -4  -4  -2  -5  -6   3   2  -3   0  -4  -3  -4   1  -4  -4   5    4   1   0   0   0   0   3   1   0  12  17   2   2   0   1   1   7   0   0  49  0.87 0.45
  506 P    -1  -1   0  -1  -3  -1  -2   0  -4  -3  -3   2   0  -2   5   0   1  -5  -3  -1    5   3   4   3   0   1   1   8   0   1   2  14   3   1  30   8  11   0   1   3  0.52 0.30
  507 V     1   0   1   0  -2   0   0   0   2  -1  -1  -1  -1  -3  -1  -1  -1   0  -3   3   14   4   6   4   0   5   5   7   6   1   4   3   1   0   3   3   2   2   0  29  0.17 0.19
  508 R    -1   2   0  -1  -4   3   1   1   0  -3  -3   2  -2  -2   2   1  -1  -4  -1  -3    4  13   3   3   0  16   8  11   2   1   1  11   1   2   8  10   3   0   2   1  0.28 0.19
  509 G     1  -2   0   1  -1  -1  -1   3  -2  -1  -2  -1  -1  -3   2   1  -1  -4  -3   1   10   1   3   7   1   2   2  21   1   4   3   4   1   0   9  15   1   0   0  13  0.21 0.16
  510 T    -2  -1  -2  -2  -4   1   3  -1  -3  -1  -3  -1  -3  -3   2   1   3  -2  -3   0    1   2   0   1   0   8  21   5   0   4   1   2   0   1  11  10  25   1   0   7  0.39 0.27
  511 G     0  -1   0   0  -1  -1  -1   2  -1  -2  -1  -1  -1  -3  -2   1   2  -4  -3   1    6   4   3   7   1   1   4  19   1   0   6   2   1   0   1  13  17   0   0  12  0.18 0.15
  512 V    -1  -2   0  -1   1  -1  -2   0  -2   2   1  -1   0  -2   0   0   0  -3  -2   2    4   0   6   4   3   2   2   7   1  14  11   5   1   1   4   6   6   0   1  24  0.11 0.12
  513 P    -1  -1  -3  -4   1  -4  -4  -3  -5  -4  -1  -4  -3  -5   7  -1   0  -6  -5  -3    4   4   1   0   3   0   0   2   0   0   7   0   1   0  63   5   7   0   0   2  1.51 0.50
  514 E     0  -1  -1   2  -3   2   3  -2  -2  -2  -3   1   0  -4  -2   0   0  -4  -3   2    8   1   1  13   0   8  25   2   0   1   0   7   2   0   1   7   7   0   0  17  0.30 0.20
  515 E     0  -2  -2   1  -4   0   2  -1   0  -2  -2  -1  -3  -2   5   0   1  -4  -3  -1    6   1   0   7   0   2  19   4   3   1   3   2   0   2  28   6  10   0   0   4  0.48 0.23
  516 N     0   0   2   1  -3   0   0   1   0  -1   1   0  -1  -3   0   1  -1  -3  -2  -1    9   4  11  10   0   3   5  10   2   2  17   4   1   0   5  10   1   0   0   5  0.09 0.09
  517 D    -1  -3   3   4  -4  -2   0  -2  -3  -3  -3  -2  -3  -3   3   1   1  -1  -4  -1    4   0  17  29   0   0   6   1   0   1   2   1   0   1  14  10   7   1   0   4  0.51 0.24
  518 S     0  -1   1   1   3  -1  -1   0  -2  -3  -1   0  -2  -3   1   3   1   0  -3  -2    8   2   6   6   7   2   1   7   0   0   6   5   0   1   7  32   6   2   0   2  0.26 0.18
  519 D    -1   0   0   4  -4   1   2   0   0  -3  -3  -1  -3  -4   3   2   0  -4  -3  -3    2   4   3  24   0   7  12   5   2   1   2   0   0   0  15  16   5   0   0   1  0.43 0.20
  520 T    -1  -1  -1  -2   0   0   0  -3   1  -2  -3  -2  -3  -3   4   3   3  -4  -3  -1    2   2   2   1   2   3   5   0   5   2   0   1   0   1  22  23  22   0   0   5  0.51 0.25
  521 W     0  -1  -2  -2   2  -1   0  -2  -2  -1   2  -1  -1   0   0   1  -1   6   1  -1    6   3   1   1   5   1   9   1   0   2  23   3   0   3   5  17   2  12   5   2  0.24 0.16
  522 L    -1  -1  -2  -1  -3  -1   3   0   0  -1   0  -2  -2  -1   3   3  -1  -4  -3  -2    2   3   0   1   0   0  20   6   2   4  11   0   0   3  15  29   1   0   0   2  0.33 0.21
  523 Q    -2   0   0   0  -4   5   3  -2   2  -3  -3   2  -2  -1  -1  -1   0  -3  -1  -3    0   4   3   4   0  30  18   3   6   1   2  12   0   3   3   2   5   0   2   0  0.43 0.22
  524 P     1  -4  -4  -3  -4  -3  -1  -4  -4  -3  -4  -3  -4  -5   7  -2  -3  -5  -4   1   10   0   0   0   0   0   5   0   0   0   0   0   0   0  69   2   0   0   0  13  1.67 0.41
  525 Y     0   0  -1  -2  -2   0   1  -2   2  -1   1  -1  -1  -1  -3   0   1  -2   3   2    7   5   2   0   0   2  11   2   6   0  13   0   0   0   0   8   9   0  15  20  0.13 0.12
  526 E     0   1  -1  -1  -3   0   2  -2  -2  -1  -1   0   0  -3   1   2   3  -4  -3  -1    4   6   2   1   0   3  17   0   0   3   4   6   2   0   7  20  23   0   0   4  0.26 0.15
  527 P    -3  -1  -4  -4  -5  -3  -3  -4  -4  -5  -5  -2  -4  -6   8   0  -3  -6  -5  -4    0   3   0   0   0   0   0   0   0   0   0   2   0   0  86   6   0   0   0   0  2.31 0.46
  528 A     1  -1  -2  -2   3  -2  -1   1  -2  -1   1  -2  -1   1  -1   1  -1  -3  -2   0   16   4   0   0   8   0   3  11   0   0  21   0   0   8   3  17   1   0   0   7  0.11 0.10
  529 D     2  -2  -1   3  -3  -1   2  -2   0  -2   1  -1  -1  -2  -2   1   0  -3   0  -2   22   0   0  25   0   0  14   0   3   0  19   0   0   0   0  11   4   0   4   0  0.25 0.13
  530 P    -2  -4  -3   0  -4  -3  -3  -4  -4  -4  -2  -3   0  -5   8  -2  -2  -5  -4  -4    0   0   0   5   0   0   0   0   0   0   4   0   4   0  84   1   2   0   0   0  2.05 0.33
  531 A     2  -2  -1   0  -2  -1  -1  -2  -2  -1   2  -2   0  -1   0   2   1  -2   1  -1   22   0   0   5   0   0   0   0   0   0  30   0   0   0   5  22   9   0   6   0  0.17 0.09
  532 L    -1  -2  -2  -3  -2   1   0  -3   1   0   3  -1   1  -1   1  -2  -2  -3  -2   0    5   0   0   0   0   9   5   0   6   0  54   3   2   0   9   0   0   0   0   4  0.26 0.10
  533 D    -1   0   0   5  -4  -1   1   3  -2  -4  -4  -1  -3  -4  -2   0  -2  -4  -4  -4    0   6   0  55   0   0   6  27   0   0   0   0   0   0   0   6   0   0   0   0  0.71 0.12
  534 W    -2  -2  -2  -2  -3   1  -1  -3  -2  -2   0   0  -1  -2   6   0  -2   6  -1  -2    0   0   0   0   0  12   0   0   0   0  13   8   0   0  44   7   0  16   0   0  0.89 0.11
  535 W    -3  -3  -4  -5  -3  -3  -4  -3  -2  -2  -1  -4  -1   5  -4  -3  -3  10   2  -2    0   0   0   0   0   0   0   0   0   0   0   0   0  41   0   0   0  59   0   0  1.71 0.10

                      K         Lambda
Standard Ungapped    0.1360     0.3195
Standard Gapped      0.0417     0.2670
PSI Ungapped         0.1363     0.3177
PSI Gapped           0.0417     0.2670
