
Last position-specific scoring matrix computed, weighted observed percentages rounded down, information per position, and relative weight of gapless real matches to pseudocounts
           A  R  N  D  C  Q  E  G  H  I  L  K  M  F  P  S  T  W  Y  V   A   R   N   D   C   Q   E   G   H   I   L   K   M   F   P   S   T   W   Y   V
    1 M   -1 -2 -2 -3 -1 -1 -2 -3 -2  2  2 -2  5  0 -2 -2  0 -2 -1  2    0   0   0   0   0   0   0   0   0   0   0   0  63   0   0   0   0   0   0  37  0.29 0.01
    2 V    2 -2 -3 -3 -1 -2 -2 -2 -3  2  0 -2  0 -1 -2 -1  0 -3 -1  3   26   0   0   0   0   0   0   0   0   0   0   0   0   0   0   0   0   0   0  74  0.25 0.01
    3 A    4 -1 -2 -2  0 -1 -1  0 -2 -1 -2 -1 -1 -2 -1  1  0 -3 -2  0  100   0   0   0   0   0   0   0   0   0   0   0   0   0   0   0   0   0   0   0  0.43 0.01
    4 P    1 -2 -2 -2 -2 -1 -1 -2 -2 -2 -3 -1 -2 -3  7  0 -1 -3 -3 -2   20   0   0   0   0   0   0   0   0   0   0   0   0   0  80   0   0   0   0   0  1.54 0.01
    5 A    4 -1 -1 -2 -1 -1 -1  0 -2 -1 -1 -1 -1 -2 -1  1  2 -3 -2  0   80   0   0   0   0   0   0   0   0   0   0   0   0   0   0   0  20   0   0   0  0.35 0.01
    6 A    4 -1 -2 -2  0 -1 -1  0 -2 -1 -2 -1 -1 -2 -1  1  0 -3 -2  0  100   0   0   0   0   0   0   0   0   0   0   0   0   0   0   0   0   0   0   0  0.43 0.01
    7 R   -2  5 -1 -2 -3  0 -1 -2 -1 -3 -2  1 -1 -1 -3 -1 -2  7  0 -3    0  68   0   0   0   0   0   0   0   0   0   0   0   0   0   0   0  32   0   0  0.89 0.02
    8 V    0 -3 -3 -3 -1 -2 -3 -3 -3  2  1 -2  1 -1 -2 -2  0 -3 -1  4    0   0   0   0   0   0   0   0   0   0  13   0   0   0   0   0   0   0   0  87  0.35 0.01
    9 F   -2 -2 -3 -4 -2 -2 -3 -4 -2  2  3 -3  2  3 -3 -2 -1 -1  0  1    0   0   0   0   0   0   0   0   0  13  64   0   0  23   0   0   0   0   0   0  0.38 0.01
   10 L   -2 -2 -3 -4 -1 -2 -3 -4 -3  1  4 -3  2  0 -3 -3 -1 -2 -1  1    0   0   0   0   0   0   0   0   0   0 100   0   0   0   0   0   0   0   0   0  0.49 0.01
   11 R    0  2  0 -1 -3 -1 -2  5 -2 -4 -3  0 -2 -3 -2  0 -2 -3 -3 -3    0  21   0   0   0   0   0  79   0   0   0   0   0   0   0   0   0   0   0   0  0.77 0.01
   12 A    2 -2 -2 -3 -1 -2 -2  1 -3  1  0 -2  0 -1 -2  0  0 -3 -2  3   29   0   0   0   0   0   0  11   0   0   0   0   0   0   0   0   0   0   0  60  0.20 0.01
   13 V    2 -2 -2 -3 -1 -2 -2 -1 -2  1  0 -2  0 -1 -2  0  0 -3 -2  3   43   0   0   0   0   0   0   0   0   0   0   0   0   0   0   0   0   0   0  57  0.23 0.01
   14 R   -1  3 -2 -3  7 -1 -2 -3 -2 -2 -2  0 -2 -3 -3 -1 -1 -3 -2 -2    0  42   0   0  58   0   0   0   0   0   0   0   0   0   0   0   0   0   0   0  0.72 0.02
   15 A    4 -2 -1 -2 -1 -1 -1  2 -2 -2 -2 -1 -1 -2 -1  1  0 -3 -2 -1   84   0   0   0   0   0   0  16   0   0   0   0   0   0   0   0   0   0   0   0  0.41 0.01
   16 A    4 -2 -1 -2 -1 -1 -1  1 -2 -2 -2 -1 -1 -2 -1  1  0 -3 -2  0   89   0   0   0   0   0   0  11   0   0   0   0   0   0   0   0   0   0   0   0  0.42 0.02
   17 L   -2 -2 -3 -3 -2 -2 -3 -3 -2  1  3 -2  1  3  2 -2 -1 -1  0  0    0   0   0   0   0   0   0   0   0   0  62   0   0  24  15   0   0   0   0   0  0.38 0.01
   18 T    1 -1  0 -1 -1 -1 -1 -1 -2 -1 -2 -1 -1 -2 -1  2  4 -3 -2  0    7   0   0   0   0   0   0   0   0   0   0   0   0   0   0  24  69   0   0   0  0.42 0.02
   19 S    1 -1  0 -1 -1  0  0 -1 -1 -3 -3  0 -2 -3  3  4  1 -3 -2 -2    0   0   0   0   0   0   0   0   0   0   0   0   0   0  15  85   0   0   0   0  0.51 0.02
   20 T    0 -1  0 -1 -1 -1 -1 -2 -2 -1 -1 -1 -1 -2 -1  1  5 -3 -2  0    0   0   0   0   0   0   0   0   0   0   0   0   0   0   0   0 100   0   0   0  0.55 0.03
   21 V   -1 -3 -3 -3 -2 -3 -3 -3 -2  1  1 -3  0  5 -3 -2 -1  0  2  2    0   0   0   0   0   0   0   0   0   0  10   0   0  52   0   0   0   0   0  37  0.39 0.02
   22 P   -1 -2 -3 -3 -2 -2 -2 -3 -3  1  3 -2  1  0  4 -2 -1 -2 -2  0    0   0   0   0   0   0   0   0   0   0  69   0   0   0  31   0   0   0   0   0  0.56 0.02
   23 D    1 -2  0  3 -2 -1  0  3  2 -3 -3 -1 -2 -3 -2  1 -1 -3 -2 -2   15   0   0  37   0   0   0  27  11   0   0   0   0   0   0  10   0   0   0   0  0.39 0.01
   24 L   -1 -2 -3 -3 -2 -2 -3 -3 -3  1  4 -2  1  0  3 -2 -1 -2 -1  0    0   0   0   0   0   0   0   0   0   0  83   0   0   0  17   0   0   0   0   0  0.45 0.02
   25 L   -2 -2 -4 -4 -1 -2 -3 -4 -3  1  4 -3  2  0 -3 -3 -1 -2 -1  1    0   0   0   0   0   0   0   0   0   0 100   0   0   0   0   0   0   0   0   0  0.51 0.02
   26 C   -1 -3 -2 -3  8 -2 -3 -2 -2 -1 -1 -2 -1 -2 -2 -1 -1 -2 -2 -1    1   0   0   0  79   0   0   0   0   0   1   0   0   0   0   0   0   0   0   0  0.91 0.04
   27 L   -2 -2 -3 -4 -1 -2 -3 -4 -3  1  4 -3  2  2 -3 -3 -1 -1  0  1    0   0   0   0   0   0   0   0   0   0  90   0   0  10   0   0   0   0   0   0  0.46 0.02
   28 L    2 -2 -2 -2 -1 -1 -1 -1 -2  0  0 -1  0 -2  4  0  1 -3 -2  1   35   0   0   0   0   0   0   0   0   0  12   0   0   0  29   0  10   0   0  14  0.41 0.01
   29 A    3 -2 -2 -2 -1 -1 -1 -1 -2  0 -1 -1  0 -2 -1  1  1 -3 -2  2   67   0   0   0   0   0   0   0   0   0   0   0   0   0   0   0   8   0   0  26  0.27 0.02
   30 R   -1  3  0 -1 -3  2  1  3 -1 -3 -3  1 -2 -3 -2  0 -1 -2 -2 -2    0  29   0   0   0  13  16  32   0   0   0   0   0   0   0   0   0   0   0   0  0.32 0.01
   31 G    0 -2 -1 -1 -3 -2 -2  6 -2 -4 -4 -2 -3 -3 -2  0 -2 -3 -3 -3    0   0   0   0   0   0   0 100   0   0   0   0   0   0   0   0   0   0   0   0  1.12 0.03
   32 S    3 -1  0 -1 -1  0  0  0 -1 -2 -2  0 -1 -2 -1  3  1 -3 -2 -1   34   0   0   0   0   0   0   0   0   0   0   0   0   0   0  66   0   0   0   0  0.40 0.02
   33 P   -1 -2 -2 -2 -3 -1 -1 -2 -2 -3 -3 -1 -3 -4  8 -1 -1 -4 -3 -3    0   0   0   0   0   0   0   0   0   0   0   0   0   0 100   0   0   0   0   0  2.12 0.04
   34 R   -2  6 -1 -2 -4  1  0 -2  0 -3 -2  2 -2 -3 -2 -1 -1 -3 -2 -3    0 100   0   0   0   0   0   0   0   0   0   0   0   0   0   0   0   0   0   0  0.85 0.03
   35 G    0 -2 -1 -1 -2 -2 -2  5 -2 -3 -3 -2 -2 -3 -2  0 -2 -2 -3 -3    0   0   0   0   0   0   0  86   0   0   0   0   0   0   0   0   0   0   0   0  0.83 0.02
   36 L   -1 -2 -2 -3 -1 -2 -2 -3 -3  2  3 -2  2  0 -3  0 -1 -2 -1  1    0   0   0   0   0   0   0   0   0  10  77   0   0   0   0  14   0   0   0   0  0.32 0.02
   37 A    3  1 -1 -1 -1  0  0  2 -1 -2 -2  0 -1 -3 -1  1 -1 -3 -2 -1   61  14   0   0   0   0   9  16   0   0   0   0   0   0   0   0   0   0   0   0  0.29 0.01
   38 S    1 -1  0  0 -1  0  0  0 -1 -3 -3  0 -2 -3 -1  4  1 -3 -2 -2    0   0   0   0   0   0   0   0   0   0   0   0   0   0   0 100   0   0   0   0  0.53 0.03
   39 G    0 -2 -1 -1 -3 -2 -2  6 -2 -4 -4 -2 -3 -3 -2  0 -2 -3 -3 -3    0   0   0   0   0   0   0 100   0   0   0   0   0   0   0   0   0   0   0   0  1.12 0.03
   40 R   -1  5  0 -2 -3  1  0  1  2 -3 -3  2 -2 -3 -2 -1 -1 -3 -1 -3    0  77   0   0   0   0   0  14   9   0   0   0   0   0   0   0   0   0   0   0  0.59 0.02
   41 L   -2  2 -3 -3 -2 -1 -2 -3 -2  1  4 -1  2  0 -3 -2 -1 -2 -1  0    0  19   0   0   0   0   0   0   0   0  81   0   0   0   0   0   0   0   0   0  0.34 0.02
   42 P   -1  1 -2 -2 -3 -1 -1 -2 -2 -3 -3  0 -2 -4  7 -1 -1 -4 -3 -3    0  14   0   0   0   0   0   0   0   0   0   0   0   0  86   0   0   0   0   0  1.73 0.03
   43 L   -1  2 -2 -3 -2 -1 -2 -3 -2  1  3  0  1  0 -2 -2 -1 -2 -1  0    1  26   0   0   0   0   1   1   0   0  67   0   0   0   0   1   0   0   0   1  0.25 0.01
   44 A    4 -1 -1 -2 -1 -1 -1  0 -2 -1 -1 -1 -1 -2 -1  1  0 -2 -2  0   92   0   0   0   0   0   1   1   0   0   1   0   0   0   0   1   0   0   0   1  0.40 0.02
   45 V    2 -2 -1  1 -1 -1 -1 -1 -2  0 -1 -1 -1 -2  3  0  0 -3 -2  1   48   0   0  10   0   0   1   1   0   0   1   0   0   0  14   1   0   0   0  22  0.23 0.01
   46 H   -1  4  0 -1 -3  1  0 -2  4 -3 -3  1 -2 -3  3  0 -1 -3 -1 -3    0  45   0   0   0   9   0   0  23   0   0   0   0   0  16   6   0   0   0   0  0.50 0.02
   47 S    1  2  0 -1  3  0 -1 -1 -1 -2 -2  0 -2 -3 -1  3  1 -3 -2 -2   10  16   0   0   9   0   0   0   0   0   0   0   0   0   0  65   0   0   0   0  0.33 0.02
   48 A    3 -2 -1 -2 -1 -1 -1 -1 -2  0 -1 -1 -1 -2 -1  2  1 -3 -2  1   48   0   0   0   0   0   0   0   0   0   0   0   0   0   0  18   9   0   0  26  0.22 0.01
   49 Q   -1  0 -1  0 -3  5  2 -2  0 -3 -3  1 -1 -3  4  0 -1 -3 -2 -2    0   0   0   0   0  65  10   0   0   0   0   0   0   0  26   0   0   0   0   0  0.71 0.03
   50 H    1 -1  0 -1 -2  0  0 -1  7 -3 -3 -1 -2 -2 -2  0 -1 -3  1 -2   26   0   0   0   0   0   0   0  74   0   0   0   0   0   0   0   0   0   0   0  0.67 0.03
   51 G    0 -2 -1 -1 -3 -2 -2  6 -2 -4 -4 -2 -3 -3 -2  0 -2 -3 -3 -3    0   0   0   0   0   0   0 100   0   0   0   0   0   0   0   0   0   0   0   0  1.12 0.03
   52 P   -1 -2 -2 -2 -3 -1 -1 -2 -2 -3 -3 -1 -2 -3  7 -1 -1 -3 -3 -2    0   0   0   0   0   0   0   0   0   0   0   0   0   0  90   0   0   0   0   0  1.80 0.04
   53 G    0 -2 -1 -1 -3 -2 -2  6 -2 -4 -4 -2 -3 -3 -2  0 -2 -3 -3 -3    0   0   0   0   0   0   0 100   0   0   0   0   0   0   0   0   0   0   0   0  1.12 0.03
   54 S    1 -1  0  0 -1  0  0  0 -1 -2 -2  0 -2 -2 -1  4  1 -3 -2 -2    0   0   0   0   0   0   0   0   0   0   0   0   0   0   0  86   0   0   0   0  0.36 0.03
   55 G    0  0 -1 -1 -3 -2 -2  5 -2 -4 -4 -1 -3 -3 -2  0 -2 -3 -3 -3    0   9   0   0   0   0   0  91   0   0   0   0   0   0   0   0   0   0   0   0  0.95 0.02
   56 A    4 -2 -1 -2 -1 -1 -1  2 -2 -2 -2 -1 -1 -2 -1  1  0 -3 -2 -1   86   0   0   0   0   0   0  14   0   0   0   0   0   0   0   0   0   0   0   0  0.43 0.02
   57 P   -1 -2 -2 -2 -3 -1 -1 -2 -2 -3 -3 -1 -3 -4  8 -1 -1 -4 -3 -3    0   0   0   0   0   0   0   0   0   0   0   0   0   0 100   0   0   0   0   0  2.12 0.04
   58 W   -1  1 -1 -2 -2  1 -1 -2 -1 -3 -2 -1 -1 -1 -2  2  0  8  0 -2    0  10   0   0   0   8   0   0   0   0   0   0   0   0   0  34   0  42   0   0  0.77 0.03
   59 L    0 -2 -2 -3 -1 -2 -2 -2 -2  0  2 -2  1  2 -2  0 -1  6  1  0    8   0   0   0   0   0   0   0   0   0  43   0   0  14   0  16   0  19   0   0  0.35 0.01
   60 R   -2  5 -1 -2 -3  2  0 -2  0 -2 -1  2 -1 -3 -2 -1 -1 -3 -2 -2    0  85   0   0   0   8   0   0   0   0   8   0   0   0   0   0   0   0   0   0  0.65 0.03
   61 I    0 -1  0 -1 -1 -1 -1 -1 -2  1 -1 -1 -1 -2 -1  2  3 -3 -2  0    0   0   0   0   0   0   0   0   0  15   0   0   0   0   0  33  52   0   0   0  0.31 0.02
   62 A    4 -2 -2 -2 -1 -1 -1  0 -2 -1  0 -1 -1 -2 -1  1  0 -3 -2  0   92   0   0   0   0   0   0   0   0   0   8   0   0   0   0   0   0   0   0   0  0.39 0.02
   63 R   -2  6 -1 -2 -4  1  0 -2  0 -3 -2  2 -1 -3 -2 -1 -1 -3 -2 -3    0 100   0   0   0   0   0   0   0   0   0   0   0   0   0   0   0   0   0   0  0.82 0.03
   64 R   -1  5  0 -1 -3  1  0 -2  0 -3 -2  2 -1 -2 -2  0 -1 -2 -2 -2    1  79   0   1   0   0   1   1   0   1   1   1   0   0   1  12   1   0   0   1  0.56 0.02
   65 A    4 -1 -1  1 -1 -1  0  0 -1 -1 -2 -1 -1 -2 -1  1  0 -2 -2  0   79   1   0  12   0   0   1   1   0   1   1   1   0   0   1   1   1   0   0   1  0.31 0.01
   66 L   -1 -1 -2 -2 -1  1 -1 -3 -2  1  3 -1  1  0 -2 -1 -1 -2 -1  1    1   1   0   1   0  19   1   1   0   1  52   1   0   0   1   1   1   0   0  21  0.18 0.01
   67 R   -1  5  0 -1 -3  1  0 -2  0 -2 -2  2 -1 -2 -1 -1 -1 -2 -1 -2    1  74   1   1   0   1   1   1   0   1   1  14   0   1   1   1   1   0   0   1  0.55 0.01
   68 F   -1 -2 -2 -2 -2 -2 -2 -2 -1 -1  0 -2 -1  4  4 -1 -1  0  1 -1    2   1   1   1   0   1   1   1   0   1   2   1   0  50  33   1   1   0   1   1  0.54 0.00
   69 V    0 -2 -2 -2 -1 -1 -1 -2 -2  1  0 -1  0 -1  4 -1  0 -2 -1  2    2   1   1   1   0   1   1   1   0   1   2   1   0   1  33   1   1   0   1  50  0.42 0.00
   70 L   -1 -2 -2 -2 -1 -2 -2 -2 -2  1  3 -2  2  0 -2 -2 -1 -1 -1  1    2   1   1   1   0   1   1   1   0   1  82   1   0   1   1   1   1   0   1   1  0.29 0.00
   71 S    2 -1  0 -1 -1  0  0  0 -1 -2 -2  0 -1 -2 -1  3  1 -2 -1 -1   33   1   1   1   0   1   1   1   0   1   2   1   0   1   1  50   1   0   1   1  0.26 0.00
   72 K   -1  3  0  0 -2  1  2 -1  0 -2 -2  3 -1 -2 -1  0 -1 -2 -1 -2    2  33   1   1   0   1  16   1   0   1   2  35   0   1   1   1   1   0   1   1  0.34 0.00
   73 H   -1  3  0 -1 -2  1  0 -2  6 -2 -2  0 -1 -1 -1 -1 -1 -2  1 -2    1  29   1   1   0   1   1   1  53   1   2   1   0   1   1   1   1   0   1   1  0.45 0.01
   74 W   -1 -1 -2 -1 -2  0  2 -2 -1 -2 -2 -1 -1  0 -2 -1 -1  9  1 -2    1   1   1   1   0   1  30   1   0   1   2   1   0   1   1   1   1  53   1   1  1.01 0.01
   75 G    2 -1 -1 -1 -1 -1 -1  4 -1 -2 -2 -1 -2 -2 -1  0 -1 -2 -2 -1   30   1   1   1   0   1   1  54   0   1   2   1   0   1   1   1   1   0   1   1  0.45 0.00
   76 D   -1 -1  1  4 -2  0  1 -1 -1 -1 -2  0 -1 -2  0  0  0 -2 -1 -1    4   2   2  56   1   2   3   3   1   2   4   3   1   2   2   3   3   1   2   3  0.34 0.00
   77 D   -1 -1  1  4 -2  0  1 -1 -1 -1 -2  0 -1 -2  0  0  0 -2 -1 -1    4   2   2  56   1   2   3   3   1   2   4   3   1   2   2   3   3   1   2   3  0.34 0.00
   78 C    0 -1 -1 -1  7 -1 -1 -1 -1 -1 -1 -1 -1 -1 -1  0  0 -1 -1 -1    4   2   2   3  54   2   3   3   1   2   4   3   1   2   2   3   3   1   2   3  0.43 0.00
   79 Y   -1 -1 -1 -1 -1 -1 -1 -1  1 -1 -1 -1 -1  2 -1 -1 -1  1  5 -1    4   2   2   3   1   2   3   3   1   2   4   3   1   2   2   3   3   1  54   3  0.30 0.00
   80 L   -1 -1 -2 -2 -1 -1 -1 -2 -2  0  1 -1  0  0  4 -1 -1  5  0  0    2   1   1   2   1   1   2   2   1   1  34   2   1   1  26   2   2  16   1   2  0.42 0.00
   81 T    0 -1  0 -1 -1  0  0 -1 -1 -1 -1  0 -1 -2 -1  2  3 -2 -1  0    2   1   1   2   1   1   2   2   1   1   3   2   1   1   1  21  55   0   1   2  0.25 0.00
   82 N   -1  0  4  1 -1  0  0  0  0 -2 -2  0 -1 -2 -1  1  2 -2 -1 -1    2   1  54   2   1   1   2   2   1   1   3   2   1   1   1   2  20   0   1   2  0.31 0.00
   83 R    0  3 -1 -2  5  0 -1 -2 -1  0 -1  0 -1 -1 -1 -1  0 -2 -1  1    2  30   1   2  25   1   2   2   1   1   3   2   1   1   1   2   2   0   1  20  0.19 0.00
   84 L   -1 -1 -1 -2 -1 -1 -2  2 -2  1  2 -1  1  0 -1 -1 -1 -1 -1  0    2   1   1   2   1   1   2  21   1   1  56   2   1   1   1   2   2   0   1   2  0.13 0.00
   85 W   -1 -1  2 -1 -2 -1 -1 -1 -1 -2 -1 -1 -1  0 -2 -1 -1  9  1 -2    2   1  20   2   1   1   2   2   1   1   3   2   1   1   1   2   2  53   1   2  0.96 0.01
   86 Q    1  2  0 -1 -1  3  1 -1  0 -2 -1  1 -1 -2 -1  0  0 -1 -1 -1   21  17   1   2   1  38   2   2   1   1   3   2   1   1   1   2   2   0   1   2  0.23 0.00
   87 D   -1 -1  1  5 -2  0  1 -1 -1 -2 -2  0 -2 -2 -1  0 -1 -2 -2 -2    2   1   1  73   1   1   2   2   1   1   3   2   1   1   1   2   2   0   1   2  0.55 0.01
   88 L   -1 -1 -2 -2 -1 -1 -2 -2 -2  1  3 -2  2  0 -1 -1 -1 -1 -1  1    2   1   1   2   1   1   2   2   1   1  74   2   1   1   1   2   2   0   1   2  0.22 0.00
   89 K   -1  2  0  0 -2  1  1 -1 -1 -2 -2  4 -1 -2 -1  0  0 -2 -1 -2    2   1   1   2   1   1   2   2   1   1   3  73   1   1   1   2   2   0   1   2  0.31 0.01
   90 P   -1 -2 -2 -2 -2 -2 -2 -3 -2 -1  1 -1  0 -2  6 -1 -1 -3 -2 -1    0   0   0   0   0   0   0   0   0   0  28   0   0   0  72   0   0   0   0   0  1.25 0.01
   91 P   -1 -2 -2 -2 -2 -2 -2 -3 -2 -1  1 -1  0 -2  6 -1 -1 -3 -2 -1    0   0   0   0   0   0   0   0   0   0  28   0   0   0  72   0   0   0   0   0  1.25 0.01
   92 S    0  4  0 -1 -2  1  0 -1 -1 -3 -2  1 -1 -3 -2  2  0 -3 -2 -2    0  59   0   0   0   0   0   0   0   0   0   0   0   0   0  41   0   0   0   0  0.45 0.01
   93 H   -2 -1  0 -2 -2  0 -1 -2  7 -1  1 -1  0 -1 -2 -1 -2 -2  1 -1    0   0   0   0   0   0   0   0  72   0  28   0   0   0   0   0   0   0   0   0  0.51 0.01
   94 V   -1 -2 -2 -3 -2 -2 -3  2 -3  1  3 -2  1  0 -3 -2 -1 -2 -2  1    0   0   0   0   0   0   0  28   0   0  59   0   0   0   0   0   0   0   0  13  0.25 0.00
   95 E    0 -1  0  0 -3  0  3  4 -1 -4 -3  0 -2 -3 -2  0 -1 -3 -3 -3    0   0   0   0   0   0  41  59   0   0   0   0   0   0   0   0   0   0   0   0  0.61 0.01
   96 N   -1  0  5  1 -3  1  2 -1  0 -3 -3  0 -2 -3 -2  0  0 -3 -2 -3    0   0  72   0   0   0  28   0   0   0   0   0   0   0   0   0   0   0   0   0  0.59 0.01
   97 G    0 -2  0 -1 -3 -2 -2  6 -2 -4 -4 -2 -3 -3 -2  0 -2 -3 -3 -3    0   0   0   0   0   0   0 100   0   0   0   0   0   0   0   0   0   0   0   0  1.06 0.01
   98 Q   -1  0  0  0 -3  4  3 -2  0 -3 -2  1 -1 -3 -1  0 -1 -2 -2 -2    0   0   0   0   0  56  28   0   0   0   0   0   0   0   0   0   0   0   0   0  0.41 0.01
   99 E   -1 -1  0  1 -3  1  4  2 -1 -3 -3  0 -2 -3 -1  0 -1 -3 -2 -3    0   0   0   0   0   0  72  28   0   0   0   0   0   0   0   0   0   0   0   0  0.55 0.01
  100 L    1  1 -2 -2 -1  1 -1 -2 -1  0  2  0  1 -1 -2  0 -1 -2 -1  0   28  12   0   0   0  16   0   0   0   0  43   0   0   0   0   0   0   0   0   0  0.13 0.00
  101 R   -1  6  0 -2 -3  1  0 -2  0 -3 -2  2 -1 -3 -2 -1 -1 -3 -2 -3    0 100   0   0   0   0   0   0   0   0   0   0   0   0   0   0   0   0   0   0  0.78 0.01
  102 L   -1 -2 -3 -3 -2 -2 -2 -3 -3  1  3 -2  1  0  4 -2 -1 -2 -2  0    0   0   0   0   0   0   0   0   0   0  72   0   0   0  28   0   0   0   0   0  0.51 0.01
  103 A    3 -2 -2 -2 -1 -1 -1 -1 -2  0  1 -1  0 -1 -1  0  0 -2 -2  0   72   0   0   0   0   0   0   0   0   0  28   0   0   0   0   0   0   0   0   0  0.24 0.01
  104 P    1 -2 -2 -2 -2 -1 -1 -1 -2 -2 -2 -1 -2 -3  7  0 -1 -3 -3 -2   28   0   0   0   0   0   0   0   0   0   0   0   0   0  72   0   0   0   0   0  1.33 0.01
  105 P   -1 -2 -2 -1 -3 -1 -1  2 -2 -3 -3 -1 -3 -4  7 -1 -1 -3 -3 -3    0   0   0   0   0   0   0  28   0   0   0   0   0   0  72   0   0   0   0   0  1.40 0.01
  106 V    2 -2 -2 -2 -1 -1 -2 -1 -2  1  0 -1  0 -1 -2  0  0 -3 -1  3   47   0   0   0   0   0   0   0   0   0   0   0   0   0   0   0   0   0   0  53  0.22 0.01
  107 Q   -1  1  0 -1 -2  5  1 -2  0 -1 -1  1  0 -3 -2  0 -1 -2 -1  0    0   0   0   0   0  81   0   0   0   0   0   0   0   0   0   0   0   0   0  19  0.45 0.01
  108 W    1 -2 -3 -3 -2 -2 -2 -2 -2 -2 -1 -2 -1  3 -3 -1 -2  9  2 -2   28   0   0   0   0   0   0   0   0   0   0   0   0  19   0   0   0  53   0   0  1.05 0.01
  109 A    3 -1 -1 -2 -1 -1 -1  0  2 -2 -2 -1 -1 -2  3  1  0 -3 -1 -1   69   0   0   0   0   0   0   0  12   0   0   0   0   0  19   0   0   0   0   0  0.41 0.01
  110 L    2 -1 -1 -1 -1 -1 -1 -1 -1 -1  0 -1  0  0 -1  1  0 -1  2  0   42   1   1   1   0   1   1   1   0   1  15   1   0   1   1  17   1   0  13   1  0.13 0.00
  111 Q   -1  2  0  0 -3  4  3  1  0 -3 -3  1 -1 -3 -1  0 -1 -2 -2 -2    0  12   0   0   0  47  28  12   0   0   0   0   0   0   0   0   0   0   0   0  0.46 0.01
  112 V    0 -2 -3 -3 -1 -2 -3 -3 -3  2  2 -2  1 -1 -2 -2  0 -3 -1  4    0   0   0   0   0   0   0   0   0   0  16   0   0   0   0   0   0   0   0  84  0.33 0.01
  113 Q   -1  0  0 -1 -3  4  1 -2  6 -3 -2  1 -1 -2 -2  0 -1 -2  0 -3    0   0   0   0   0  57   0   0  43   0   0   0   0   0   0   0   0   0   0   0  0.58 0.01
  114 G    0 -2  0 -1 -3 -2 -2  6 -2 -4 -4 -2 -3 -3 -2  0 -2 -3 -3 -3    0   0   0   0   0   0   0 100   0   0   0   0   0   0   0   0   0   0   0   0  1.06 0.01
  115 N    0  0  4  1 -2  0  0 -1  0 -3 -3  1 -2 -3 -1  2  0 -3 -2 -2    0   0  56   0   0   0   0   0   0   0   0  16   0   0   0  28   0   0   0   0  0.44 0.01
  116 Q   -1  0  0 -1 -3  5  1 -2  0 -3 -2  1 -1 -3  4  0 -1 -2 -2 -2    0   0   0   0   0  72   0   0   0   0   0   0   0   0  28   0   0   0   0   0  0.72 0.01
  117 L   -1 -2 -2 -2 -1 -1 -2 -2 -2  1  3 -2  1  0 -2  1  0 -2 -1  0    0   0   0   0   0   0   0   0   0   0  72   0   0   0   0  28   0   0   0   0  0.23 0.01
  118 Q   -1  1  0  0 -3  5  2 -2  0 -3 -2  1  0 -3 -1  0 -1 -2 -1 -2    0   0   0   0   0 100   0   0   0   0   0   0   0   0   0   0   0   0   0   0  0.69 0.02
  119 T    0 -1  0 -1 -1 -1 -1 -2 -2  1 -1 -1  0 -2 -1  1  4 -3 -2  1    0   0   0   0   0   0   0   0   0  16   0   0   0   0   0   0  84   0   0   0  0.37 0.01
  120 A    3 -1 -1 -1 -1  2  0  0 -1 -2 -2  0 -1 -3 -1  1  0 -2 -2 -1   72   0   0   0   0  28   0   0   0   0   0   0   0   0   0   0   0   0   0   0  0.32 0.01
  121 V    0 -3 -3 -3 -1 -2 -3 -3 -3  3  1 -2  1 -1 -2 -2  0 -3 -1  4    0   0   0   0   0   0   0   0   0   0   0   0   0   0   0   0   0   0   0 100  0.37 0.01
  122 L   -1 -2 -2 -2 -1 -1 -2 -2 -2  1  3 -2  1  0 -2  1  0 -2 -1  0    0   0   0   0   0   0   0   0   0   0  72   0   0   0   0  28   0   0   0   0  0.23 0.01
  123 C    0 -2  0  1  3 -2 -1  5 -2 -3 -3 -2 -3 -3 -2  0 -1 -3 -3 -3    0   0   0  16  13   0   0  71   0   0   0   0   0   0   0   0   0   0   0   0  0.69 0.01
  124 L   -2 -2 -3 -4 -1 -2 -3 -4 -3  1  4 -3  2  0 -3 -2 -1 -2 -1  1    0   0   0   0   0   0   0   0   0   0 100   0   0   0   0   0   0   0   0   0  0.47 0.01
  125 R   -1  6  0 -2 -3  1  0 -2  0 -3 -2  2 -1 -3 -2 -1 -1 -3 -2 -3    0 100   0   0   0   0   0   0   0   0   0   0   0   0   0   0   0   0   0   0  0.78 0.01
  126 M   -1  4 -1 -2 -2  0 -1 -3 -1  0  1  1  4 -1 -2 -1 -1 -2 -1  0    0  44   0   0   0   0   0   0   0   0   0   0  56   0   0   0   0   0   0   0  0.30 0.01
  127 A    3 -1 -1 -2 -1 -1 -1  0 -2 -1 -1 -1 -1 -2 -1  1  2 -3 -2  0   72   0   0   0   0   0   0   0   0   0   0   0   0   0   0   0  28   0   0   0  0.33 0.01
  128 P   -1 -2 -2 -2 -3 -1 -1 -2 -2 -3 -3 -1 -3 -4  7 -1 -1 -4 -3 -2    0   0   0   0   0   0   0   0   0   0   0   0   0   0 100   0   0   0   0   0  2.06 0.02
  129 P   -1 -2 -2 -2 -3 -1 -1 -2 -2 -3 -3 -1 -3 -4  7 -1 -1 -4 -3 -2    0   0   0   0   0   0   0   0   0   0   0   0   0   0 100   0   0   0   0   0  2.06 0.02
  130 E   -1 -1 -1  1 -3  1  4 -2 -1 -3 -3  0 -2 -1 -2 -1 -1  7  0 -3    0   0   0   0   0   0  72   0   0   0   0   0   0   0   0   0   0  28   0   0  0.79 0.01
  131 P   -1 -2 -2 -2 -3 -1 -1 -2 -2 -2  0 -1 -1 -3  7 -1 -1 -3 -3 -2    0   0   0   0   0   0   0   0   0   0  16   0   0   0  84   0   0   0   0   0  1.58 0.01
  132 A    4 -1 -2 -2  0 -1 -1  0 -2 -1 -2 -1 -1 -2 -1  1  0 -3 -2  0  100   0   0   0   0   0   0   0   0   0   0   0   0   0   0   0   0   0   0   0  0.42 0.01
  133 G    0 -2  0 -1 -3 -2 -2  6 -2 -4 -4 -2 -3 -3 -2  0 -2 -3 -3 -3    0   0   0   0   0   0   0 100   0   0   0   0   0   0   0   0   0   0   0   0  1.06 0.01
  134 S    0  1  0  0 -2  1  0 -1 -1 -3 -2  3 -1 -3 -1  3  1 -3 -2 -2    0   0   0   0   0   0   0   0   0   0   0  50   0   0   0  50   0   0   0   0  0.34 0.01
  135 R   -2  4  0 -1 -3  1  0 -2  6 -3 -2  1 -1 -2 -2 -1 -1 -3  0 -3    0  50   0   0   0   0   0   0  50   0   0   0   0   0   0   0   0   0   0   0  0.57 0.00
  136 Q   -1  0  0  1 -3  4  4 -2  0 -3 -2  1 -1 -3 -1  0 -1 -2 -2 -2    0   0   0   0   0  50  50   0   0   0   0   0   0   0   0   0   0   0   0   0  0.60 0.00
  137 R   -1  5  0 -1 -3  1  0 -2  0 -3 -2  2 -1 -3 -2 -1 -1 -2 -2 -2    0   0   0   0   0   0   0   0   0   0   0   0   0   0   0   0   0   0   0   0  0.00     0.00
  138 I   -1 -3 -3 -3 -1 -3 -3 -3 -3  4  1 -2  1  0 -3 -2 -1 -2 -1  2    0   0   0   0   0   0   0   0   0   0   0   0   0   0   0   0   0   0   0   0  0.00     0.00

                      K         Lambda
Standard Ungapped    0.1360     0.3230
Standard Gapped      0.0410     0.2670
PSI Ungapped         0.1360     0.3230
PSI Gapped           0.0410     0.2670
