
Last position-specific scoring matrix computed, weighted observed percentages rounded down, information per position, and relative weight of gapless real matches to pseudocounts
            A   R   N   D   C   Q   E   G   H   I   L   K   M   F   P   S   T   W   Y   V   A   R   N   D   C   Q   E   G   H   I   L   K   M   F   P   S   T   W   Y   V
    1 M    -2  -3  -4  -4  -3  -2  -3  -4  -3   0   2  -3   8  -1  -4  -3  -2  -3  -2   1    0   0   0   0   0   0   0   0   0   0  11   0  81   0   0   0   0   0   0   7  1.08 0.22
    2 P    -3  -4  -2  -1  -5  -3  -1  -3   4  -5  -5  -3  -5  -6   8  -2  -4  -6  -5  -5    0   0   1   2   0   0   3   2  10   0   1   1   0   0  78   3   0   0   0   0  2.11 0.53
    3 A     0   4   1   1  -2   2   0  -1  -1  -4  -3   3  -2  -3  -2   0  -1  -4  -3  -3   11  26   8   6   1   8   5   3   1   0   1  20   0   1   0   8   2   0   0   0  0.39 0.18
    4 W     1   4  -1  -1  -3   1   0   1   0  -3  -3   1   0  -1  -3   0   1   0  -2  -3   16  29   0   4   0   5   5  11   2   0   1   7   3   4   0   5   8   1   0   0  0.27 0.16
    5 I    -2  -4  -4  -3  -1  -4  -4  -5  -5   5   0  -2   2  -2  -4  -3  -2  -4  -3   4    2   0   0   1   1   0   0   0   0  46   4   3   4   0   0   1   0   0   0  37  0.82 0.31
    6 F    -4  -5  -2  -6  -2  -5  -5  -5  -2  -3  -1  -5  -2   8  -6  -3  -2  -1   5  -3    0   0   2   0   1   0   0   0   1   0   3   0   0  74   0   1   2   0  16   0  1.76 0.50
    7 V     2  -4  -4  -4   7  -4  -4  -4  -4   1  -1  -4   1  -3  -3  -2   0  -4  -3   4   21   0   0   0  27   0   0   0   0   5   4   0   3   0   1   1   4   0   0  32  0.77 0.31
    8 N    -2  -2   8  -1  -2  -2  -3  -3   1  -4  -4  -2  -4  -5  -4   1  -1  -6  -4  -2    2   1  73   1   1   1   0   0   3   1   1   1   0   0   0   9   3   0   0   2  1.42 0.48
    9 R    -3   5   4  -1  -1   0  -1  -3   0  -4  -4   2  -2  -4  -2  -1  -1  -4  -3  -3    0  44  22   1   1   4   1   0   2   0   1  13   1   0   1   4   2   0   1   1  0.81 0.32
   10 S     0  -1   1   1  -3   1   2  -1   1  -2  -3   0  -2  -2   0   2   2  -3  -1  -2    5   1   6   6   0   5  17   3   3   1   1   4   0   1   4  19  20   0   2   1  0.26 0.15
   11 L    -3  -4  -4  -5  -1  -3  -4  -5  -4   2   4  -4   2   3  -4  -3  -2  -2  -1   2    0   0   0   0   1   0   0   0   0   9  51   0   5  17   0   0   1   0   0  13  0.66 0.25
   12 A     0   2   4   2  -1   0   0  -2   1  -2  -3   1  -2  -3  -2   2  -1  -4  -2  -2    5  14  25  11   1   1   3   1   4   3   1   8   0   0   0  16   2   0   1   1  0.34 0.18
   13 L    -3  -3  -5  -5  -3  -3  -4  -5  -4   1   4  -4   6   2  -4  -4  -3  -1  -2   0    0   1   0   0   0   0   0   0   0   5  56   0  25  10   0   0   0   1   0   1  0.89 0.32
   14 G     0   2   0   2  -3   0   2   1   0  -3  -3   2  -2  -2  -2   1   0  -4  -3  -3    5  12   4  16   0   3  13  10   1   0   2  13   1   1   0  17   3   0   0   0  0.27 0.13
   15 K    -1   1   3   3  -2   1   1  -2   1  -4  -4   2  -3  -4  -1   1  -1  -4  -1  -3    2   7  18  22   1   7   5   1   3   0   0  15   0   0   3  14   2   0   2   0  0.38 0.16
   16 I    -2  -4  -4  -5   1  -4  -4  -5  -1   5   0  -4   0   0  -4  -3  -1  -2   4   2    1   0   0   0   3   0   0   0   1  55   4   0   1   2   0   1   2   0  17  13  0.73 0.29
   17 R    -1   1   0   4  -1   1   1  -1   1  -3  -3   3  -3  -4  -2   0  -1  -4  -3  -2    3   4   2  28   2   5   9   3   4   1   0  29   0   0   1   6   2   0   0   2  0.40 0.16
   18 C     2  -2  -2  -3   4  -2  -2  -2   2   0  -1  -2   0   1  -2  -1  -1   4   1   2   24   0   0   0  12   0   1   1   7   4   3   0   1   7   0   1   1   7   6  23  0.24 0.12
   19 F    -1  -3  -3  -3  -1  -3  -3  -3  -2   4   1  -3   0   2  -3  -2  -1  -1   4   2    3   0   0   0   1   0   1   1   0  35   6   0   1   7   0   1   1   0  22  18  0.40 0.15
   20 G     0  -3  -1  -1   0  -2  -1   6  -3  -4  -4  -2  -3  -4  -3  -1  -2  -3  -4  -4    3   0   0   2   3   0   4  81   0   0   1   0   0   0   0   2   0   0   0   1  1.16 0.26
   21 F    -3  -3  -4  -4  -3  -3  -4  -4  -2  -1   1  -3  -1   7  -4  -3  -3   0   2  -1    1   1   0   1   0   0   1   1   0   1   9   1   0  76   1   1   1   0   4   3  1.13 0.28
   22 D    -2  -1   1   6  -4   0   0  -2  -2  -4  -4  -1  -3  -3  -2  -1  -1  -4  -1  -3    1   3   5  73   0   2   1   1   0   1   1   2   0   0   1   3   2   0   3   1  0.99 0.25
   23 M    -1  -1  -3  -3  -2  -2  -3  -3  -1   1   2  -2   5   1  -3  -2  -2  -1   4   0    4   2   0   1   0   0   1   1   0  10  22   1  30   3   0   1   1   0  19   5  0.42 0.18
   24 D    -3  -2   2   6   1  -1   1  -2   3  -4  -4  -2  -3  -1  -3  -1  -2  -4  -3  -4    1   0   8  65   3   0   3   1   9   0   1   0   0   3   0   1   0   0   0   1  0.92 0.30
   25 Y    -1  -2   1  -3   2  -2  -2  -2   4  -2  -1  -2   0   3  -3  -1  -2   2   5  -2    6   0  10   0   5   0   0   3  15   0   4   0   3  13   0   3   0   2  32   0  0.54 0.24
   26 T     0  -2   1   0   2  -1   0  -2   1  -1  -2  -1  -2  -3  -2   1   5  -3  -2  -1    4   1   6   4   5   0   6   1   4   4   1   1   0   0   1   9  49   0   0   4  0.41 0.21
   27 L    -2  -3  -3  -3   3  -3  -3  -3  -3   2   4  -3   3  -1   1  -2  -2  -3  -2   1    1   1   1   1   7   0   1   1   0  10  51   1   7   0   8   1   1   0   0   8  0.45 0.18
   28 A     0  -1  -1  -2   3  -1   0   0  -2   1   0   0   2  -2  -2   0   1  -3  -2   1    9   0   0   0   8   0   9   9   0   9   9   9   9   0   0   9   9   0   0   9  0.08 0.09
   29 A    -2   2   0   0   0   2   2  -1   3   0  -2   0   0  -2  -2   0   0   0  -3  -1    2  12   5   5   2  11  15   4   8   6   2   3   2   2   1   7   5   1   0   5  0.21 0.20
   30 Y    -6  -6  -6  -7   2  -6  -6  -7  -4  -6  -5   0  -5   1  -6  -6   0  -3   9  -6    0   0   0   0   4   0   0   0   0   0   1   6   0   5   0   0   5   0  74   0  2.61 0.99
   31 K    -3   1   3   0  -4   0   0  -2   3  -1  -2   3   0  -4  -4  -1   2  -4  -1  -2    1   8  16   5   0   4   4   3   6   3   5  20   2   0   0   4  12   0   2   3  0.32 0.31
   32 S    -1   0   0  -1   1   0  -1  -2   0   0   1  -1   1  -1   1   1  -1   2   0   1    4   4   4   4   3   4   4   3   3   6  15   4   3   3   6  12   4   3   3   9  0.07 0.08
   33 P     0   0   1   0   2   1   0   0   1   0  -1   0   1  -2   1   0   0  -3  -2   0    6   6   6   6   6   6   6   6   6   6   6   6   6   0   6   6   6   0   0   6  0.06 0.09
   34 A     2   0   1  -1  -1   0   2  -3   0  -1   0  -1  -1  -2   0   0   1  -3  -1  -1   19   4   9   3   1   4  15   1   2   2  10   2   1   2   5   5  10   0   2   5  0.15 0.19
   35 Y    -1  -4  -1  -2  -1  -3  -4  -4  -1   0   3  -4   3   3  -3  -2  -1   3   3  -1    6   0   3   3   1   1   0   0   1   5  32   0   7  14   1   3   3   5  10   3  0.48 0.34
   36 E    -1  -1  -1   1  -2   1   4  -2   2  -1  -1  -1  -1   1  -1  -1  -2  -4  -1   0    4   3   3   9   1   5  36   2   4   3   5   2   2   7   3   3   2   0   1   7  0.38 0.33
   37 A     0   1   0   0  -1   1   1   0   2  -1  -2   0  -1   1  -1   1   0  -3  -1  -1    9   9   4   6   2   4  12   5   5   3   3   6   1   7   3  10   7   0   2   2  0.08 0.10
   38 L    -2   0  -2  -2  -3  -2  -1  -4  -1   1   4  -2   4  -1  -1  -2  -1  -4  -3  -1    3   5   2   2   0   2   4   0   1   8  48   2  12   2   3   2   3   0   0   3  0.55 0.38
   39 T     2  -2  -3  -3   1  -1   0  -1   0   3   0  -2   0   1  -3   1   0  -3   0   0   22   2   0   0   3   3   7   4   2  19   6   0   1   6   0  13   4   0   3   4  0.19 0.23
   40 F    -2  -2  -1  -1  -5  -2  -2  -2   2  -1  -1  -4  -1   4  -5  -4  -2   1   7  -1    3   2   4   4   0   2   2   3   4   3   4   0   2  18   0   0   2   2  38   5  0.92 0.53
   41 E    -1   1   2   2  -4   1   3  -2   3  -2  -2   1   0  -2  -3   0   0  -4  -1  -2    3   7   8  14   0   5  20   3   7   2   3   7   2   2   0   6   6   0   2   2  0.28 0.24
   42 L     0  -1   0  -2   1   1   0   0   0   0   1  -1   1   0  -3   1   0   2   1  -1    7   3   4   0   3   7   5   8   3   4  14   3   4   4   0  12   4   3   7   4  0.05 0.10
   43 L     0   0  -2  -2   2   1   0   0  -2   0   0  -1   1   1  -2   0   0  -2   1   0    7   7   0   0   7   7   7   7   0   7   7   0   7   7   0   7   7   0   7   7  0.06 0.11
   44 L     0   1   0  -1   1  -1  -1  -1  -1   0   1   1   1   0   0  -1   0  -3  -1   1    8  11   4   4   4   1   1   4   1   6  17   9   5   4   4   4   4   0   1   9  0.05 0.08
   45 E    -1   1   0   3  -5   1   3  -2   1  -2  -2   2  -3  -4  -4  -1   0   3  -4  -4    4   6   4  15   0   7  23   2   3   2   5  14   0   0   0   4   7   4   0   0  0.43 0.32
   46 R    -2   4   1  -2   1  -1   0  -3   3  -2  -1   2   1   1  -4  -2  -1   0   3  -2    3  21   6   1   3   1   5   1   8   2   7  14   4   5   0   1   4   1  10   3  0.33 0.26
   47 L    -4  -4  -1   0  -4  -4  -4  -5  -4   0   5  -4   3   1   0  -4  -3  -4  -3   1    1   0   4   6   0   0   0   1   0   4  59   0   6   5   4   1   0   0   0   7  0.83 0.43
   48 V    -1  -1  -1  -1   0  -1  -1  -2  -3   3   0   0  -1  -2   1  -2  -1   1  -1   3    5   3   2   3   2   3   3   3   0  19   7   5   0   0   6   3   3   2   2  29  0.24 0.21
   49 C     0   0   1   0   2   1   0   0   2  -2  -1   0  -2   0   1   0   0  -2   1  -1    6   6   6   6   6   6   6   6   6   0   6   6   0   6   6   6   6   0   6   6  0.06 0.09
   50 I    -1   0   0  -2   2   0   0  -1   2   0  -1   0   1   1   0   0   0   3   1   0    5   5   5   0   5   5   5   5   5   5   5   5   5   5   5   5   5   5   5   5  0.07 0.11
   51 G    -2   0   0  -2  -1   0  -2   5   0  -3  -3   2  -2   1  -5  -1  -3   0  -4  -5    2   6   4   2   2   4   2  44   2   2   2  14   1   7   0   4   1   1   0   0  0.71 0.45
   52 Y    -1  -2  -2  -2   0  -5  -5  -5   1  -1  -3  -2  -4   2  -5  -2  -5   2   8  -2    5   2   2   2   2   0   0   1   3   3   2   3   0   8   0   4   0   3  54   3  1.46 0.73
   53 P    -2   0   0   0  -5  -4  -4  -2   2  -5  -3  -1  -5  -2   7   0  -2  -5   1  -2    2   5   5   6   0   0   0   4   4   0   3   3   0   2  48   7   2   0   5   3  1.07 0.60
   54 H    -1   1  -1  -1   0   0   2   0   2  -2  -2   1   0  -3   2   0  -1  -4   1   0    4   9   3   3   2   2  14   7   6   2   3  11   2   0  13   6   3   0   5   7  0.20 0.19
   55 E     0   0  -1   2  -1   0   3  -1   1  -1  -2   1  -3  -1  -1   0   0   0  -1  -2    7   4   2  12   1   4  21   4   4   5   3   9   0   3   3   6   7   1   1   2  0.19 0.19
   56 I    -1  -3   0  -1   1  -1  -1  -1   1   3   2  -2   1   0  -3  -2  -2   0   0   1    3   0   5   4   3   2   4   5   3  21  25   2   3   4   1   2   2   1   2   7  0.24 0.22
   57 L    -1   1  -1  -3   1   1   0  -1  -3  -1   2   0   1   0  -1  -1   0   2   0  -1    4   9   3   0   3   6   5   4   0   3  23   6   4   4   3   4   8   3   3   4  0.11 0.16
   58 R    -1   1   2   1   0   1   1  -1   1  -1  -2   1   0  -1   0   0   0  -3   0  -1    4   6  10  10   3   6   8   5   4   3   4   9   3   3   4   9   4   0   3   3  0.10 0.12
   59 Y    -1  -1  -2  -2   1  -2  -2  -5  -1   0   1  -1   1   4  -1  -2  -1   3   3   0    4   4   2   3   3   2   2   0   2   4  15   5   4  20   3   2   4   4  12   5  0.34 0.27
   60 T     0   0   0   0  -2   1   0   0   1   0   0   0   1   0   1   0   0  -3  -1   0    6   6   6   6   0   6   6   6   6   6   6   6   6   6   6   6   6   0   0   6  0.04 0.07
   61 Y    -2  -4  -2  -2   1  -3  -1  -3   0  -2  -1  -1   0   3  -1  -1   0   3   6  -1    3   0   2   3   3   0   5   2   2   2   7   4   3  12   4   4   6   4  30   3  0.55 0.41
   62 D     0   0   0   0   2   1   0   0   2   0  -1   0  -2  -2   0   0   0   3   1   0    6   6   5   6   5   5   6   6   5   6   6   6   0   0   6   6   6   5   5   6  0.07 0.11
   63 P    -3   0  -1   0   1  -1   0  -3   1  -1  -3   1   0   0   4  -1   1   4   0  -2    3   5   4   5   2   3   7   3   3   3   3   7   3   3  21   4  10   6   3   3  0.37 0.30
   64 T    -1  -1   1   3   1   0   1  -1   1  -2  -2   0   1  -1  -1   1   0   2  -1  -2    6   3   6  13   2   4  10   5   4   3   4   6   4   3   3  11   6   2   3   3  0.16 0.15
   65 F     0   0   0  -2   2   0   0  -1   2   0  -1   0   1   1   0   0  -2   3   1   0    6   6   5   0   5   5   6   6   5   6   6   6   5   5   6   6   0   5   5   6  0.08 0.13
   66 P     1  -1  -1  -3   3  -1  -1  -2   1   1  -1  -1   2   0   1  -1  -1   2   0   0   15   3   3   0   8   3   3   3   3  10   5   3   7   4   8   5   3   3   4   7  0.13 0.16
   67 T    -1   0  -1  -3   2   1  -3  -4   1   2   0   0   1   1  -1   0   0  -3   0   1    4   5   3   0   5   7   0   0   4  13   8   6   4   7   3   9   6   0   3  10  0.13 0.17
   68 R     0   5   2  -2  -3   0   0  -1   0  -3  -2   2   0  -3  -3   0  -1  -3  -1  -2   11  41  10   0   0   3   3   3   3   0   3   9   3   0   0   6   0   0   3   3  0.40 0.23
   69 R     1   0   1  -2   2  -1  -1   3   1  -3  -3   0  -2  -2  -2   0   0  -2   2  -2   15   5   8   0   5   0   1  28   5   0   1   5   0   0   0   6   8   0  11   1  0.24 0.13
   70 L     0  -2   1  -2  -2  -1  -2   1  -1   1   0  -2   2  -1  -2   1   1  -2   2   1   10   0   9   0   0   0   1  10   0  10  10   1   9   0   0  10  10   0   9  10  0.08 0.09
   71 V     0  -2  -2  -3   0  -1  -2  -3   3   2   0  -2   1   2  -3  -1  -1   4   1   2    7   0   0   0   3   3   1   1  11  13   8   0   3  10   0   3   3   7   5  20  0.19 0.15
   72 F    -1  -3  -1  -3   1  -2  -3  -3  -2   2   2  -3   1   3  -3  -2  -2  -1   3   1    4   0   4   0   4   0   1   1   0  17  18   1   5  16   0   1   1   0  16  11  0.30 0.17
   73 D    -3  -3   1   7  -5  -2   1  -3   0  -1  -4  -3  -4  -1  -3  -1  -3  -4  -1  -4    1   0   4  69   0   0   6   1   2   4   1   1   0   3   0   3   1   0   3   1  1.26 0.48
   74 E    -1   1  -1  -2  -1   0   0  -2  -2   1   0   2   1   1  -1  -1   0  -2   0   1    4   6   2   2   2   2   4   2   0  13   8  20   5   6   1   4   7   0   3  12  0.07 0.10
   75 L     0   0   0   0   2   0   0  -1   1   0  -1   0   1   0   0   0   0  -2   1   0    5   5   5   5   5   5   5   5   5   5   5   5   5   5   5   5   5   0   5   5  0.03 0.05
   76 Y    -1   2   1   1   0   0  -1  -2   1  -3  -1   2  -1   1  -3  -1   0  -3   2  -1    5  14   8   9   2   2   3   2   4   0   5  17   1   7   0   2   7   0   7   4  0.20 0.20
   77 G    -1  -4  -1  -4   1  -4  -4   6  -4  -4  -1  -1  -1  -4  -1   0  -3  -4   0  -3    5   0   3   0   3   0   0  57   0   0   6   4   2   0   4   8   0   0   4   2  0.93 0.49
   78 N    -2  -3   5  -1   2  -3  -3  -1   1  -1   1  -3  -3  -1   1  -1   1   2   0  -1    3   0  35   2   5   0   0   4   3   4  13   0   0   2   6   3   9   3   3   4  0.47 0.35
   79 L    -2  -1  -4  -4  -3  -3  -1  -5  -4   3   4  -3   1   2  -1  -2  -2  -3   0   0    2   4   0   0   0   0   4   0   0  17  41   0   3   9   4   4   2   0   3   5  0.50 0.32
   80 L    -1  -2  -2   1   3  -2  -2  -3  -2   1   1  -2   2   2  -2  -1   1  -1   2   1    1   1   0  11  10   0   1   1   0  11  11   1  10  10   1   1  11   0  10  11  0.15 0.10
   81 K    -3   1   0  -1  -4   0   0  -3   1  -3  -2   6   0   0  -3  -1  -1  -4  -1  -2    1   4   3   2   0   3   4   1   4   0   5  56   2   4   0   4   2   0   2   3  0.69 0.39
   82 V    -1  -3  -3  -4   0  -3  -3  -4  -3   3   3  -3   3   1  -1  -1  -1   1   0   2    4   0   0   0   2   0   0   1   0  16  32   0   8   5   2   3   3   2   2  16  0.36 0.22
   83 D     0   0   1   0   2  -1  -1   0  -2  -1   0   0   1   1   1   0   0  -2   1   0    7   7   7   7   6   0   0   7   0   0   7   7   6   6   7   7   7   0   6   7  0.05 0.11
   84 A     2   1   0  -1  -1   0   1  -1   0  -2  -1  -1  -2   0   1   1   0  -4   0  -2   18  10   4   3   1   2  11   3   2   1   7   3   0   4   7  14   4   0   4   1  0.15 0.18
   85 H    -2  -2   1   3   0  -1   0  -2   5  -1  -3  -2  -1   4  -2  -1  -1  -3   2  -3    3   2   7  16   2   3   4   4  14   3   2   2   2  18   2   3   4   0   8   1  0.43 0.32
   86 G    -1   0   1  -2   0  -1  -1   5   3  -5  -2   1  -4   0  -4  -1  -3  -4  -1  -5    4   5   6   1   2   3   3  43   7   0   4   9   0   4   0   4   1   0   3   0  0.64 0.39
   87 N     0   0   4  -2  -1   1  -1  -2   1  -2  -3   1  -3  -1  -4   1   0  -1   3  -1    7   5  22   2   1   6   4   2   3   2   2   9   0   3   0   9   7   1  10   5  0.30 0.27
   88 V    -3  -5  -2  -6   0  -5  -5  -2  -6   6   0  -5   0  -4  -5  -5  -2  -5  -5   4    2   0   2   0   2   0   0   3   0  48   7   0   2   0   0   0   2   0   0  30  1.25 0.60
   89 L    -1   0  -3  -2   1   3  -1  -3   0   0   3   0   1  -2  -4  -1  -2  -1  -1   0    4   5   0   2   3  14   4   2   2   5  33   7   2   1   0   4   2   1   2   7  0.28 0.26
   90 L     0   0   0   0   2   0   0  -1   1   0  -1   0   1   0   0   0   0  -2   1   0    5   5   5   5   5   5   5   5   5   5   5   5   5   5   5   5   5   0   5   5  0.03 0.05
   91 G     3  -1   0   0   5   0  -1   2  -4  -4  -4  -4  -4  -5  -4   1  -1   3  -4   0   24   4   4   5  13   4   4  16   0   0   1   0   0   0   0   9   4   4   0   7  0.50 0.34
   92 A     0   0  -3   0   1  -2  -3  -1   0  -1  -1  -1   3   2  -3   0   1   4   4  -1    6   6   0   6   3   0   0   4   2   2   4   2  10   7   0   9  12   6  16   3  0.28 0.27
   93 Y    -1   0   0   0   1   0  -1  -3   3   0  -1  -1  -2   1   1  -1  -2   4   2   1    6   5   5   6   3   3   3   0  10   5   3   3   0   7   6   5   0   6   8  14  0.17 0.18
   94 G     0  -1  -2  -1   1   0  -1   4   3  -3  -2   0  -3   0  -3  -1  -2  -3   2   0    7   4   0   4   4   5   4  30   8   0   4   6   0   5   0   5   0   0   7   7  0.29 0.25
   95 F    -2   2   1  -1   2  -3  -2  -2   1  -2   0   0   0   4  -2  -1   1   0   0   0    2  12   6   4   5   0   2   3   3   2   8   5   2  19   2   4   9   2   3   8  0.23 0.23
   96 T    -1   0   0   0   2   0   0  -1   2   0  -1   0   1  -2   0   0   0   3   1   0    5   5   5   5   5   5   5   5   5   5   5   5   5   0   5   5   5   5   5   5  0.07 0.11
   97 F    -1   1  -1  -2   0   0   0  -4   0   0   0   0   1   2   2  -1  -1   1   2   0    3  10   2   2   2   3   6   0   2   7  10   7   4  11   9   4   3   2   7   6  0.13 0.15
   98 L    -2   0   1   0  -3   1   0  -3   2   0   0  -1   1  -2   1   0   0   4   1   0    0   7   7   7   0   7   7   0   6   7   7   0   6   0   7   7   7   6   6   7  0.13 0.16
   99 S     0   0   1   0   2   1   0   0   2  -1  -1   0  -1   0   1   0   0  -2   1  -2    6   6   6   6   6   6   6   6   6   6   6   6   0   6   6   6   6   0   6   0  0.05 0.09
  100 E    -1   1   0   1  -1   0   0   0   0  -1  -1   1  -1   0   1   0   1   0   1  -1    4  10   4   8   1   4   6   7   2   3   5   9   1   5   7   5   9   1   5   4  0.07 0.08
  101 A     0   0   1   2  -4   1   3  -2   1  -2  -3   0   0  -1   0   1  -1  -4  -1  -2    8   4   6  11   0   5  24   2   3   3   2   6   3   2   5   9   4   0   2   3  0.26 0.24
  102 E    -1  -1  -1   1  -5   2   5  -2   0  -5  -3   0   0  -5   0   0   0  -5  -2  -1    5   3   3   7   0   8  40   2   2   0   2   5   2   0   4   5   6   0   2   4  0.57 0.43
  103 I    -1   1  -1  -4  -4   0  -4  -4   0   4   1  -1   0   0  -2  -2   0  -4  -1   3    4   9   3   0   0   4   0   0   2  27  10   4   2   4   2   3   4   0   2  19  0.37 0.29
  104 W    -1   0   0   0   2   0   0  -1   2   0  -1   0   1   0  -3   0   0   3   1   0    5   5   5   5   5   5   5   5   5   5   5   5   5   5   0   5   5   5   5   5  0.06 0.10
  105 S     1   0   1   0  -4   1   3  -2   1  -2  -2   2  -3  -2  -3   1   0   0   0  -2   12   6   8   5   0   6  18   2   3   2   4  11   0   1   0  10   5   1   3   3  0.22 0.23
  106 F     0  -1  -1  -2  -1  -1  -1  -2   1   1   1  -1   1   1  -3  -1   0   1   3   1    9   4   2   2   2   3   3   3   4   8  16   3   4   5   0   3   7   2  12   9  0.11 0.13
  107 Y    -3  -2  -1  -2  -6  -5  -3  -2   3  -5  -3  -5   0   1  -2  -5  -2  -3   9  -1    2   2   3   2   0   0   2   4   6   0   2   0   2   4   2   0   3   0  59   4  1.65 0.84
  108 P    -2  -1   1  -1   1  -1  -1   3   2  -4  -3   0   0  -4   4   0  -2   1  -1  -2    2   3   5   3   3   2   5  27   4   0   3   5   3   0  19   6   3   2   2   2  0.45 0.33
  109 S    -1   1   2   0   0   0   0   2   0  -2  -1   0  -3  -4   0   2   0   1  -3  -2    5   7  12   5   2   3   6  14   2   2   5   5   0   0   5  19   4   2   0   2  0.20 0.21
  110 K     0   2  -1   0  -1   1   1  -1   1  -2  -1   2  -1  -1  -2   0   1   0  -1  -2    5   9   2   4   1   7   8   4   3   2   5  17   2   3   2   8  10   1   2   3  0.14 0.17
  111 F    -1   1   0  -3  -1  -1  -1  -2   4  -2   0   0   1   3  -1  -1  -2   1   2  -1    6   9   4   1   2   2   3   4  12   2   9   6   4  12   4   4   2   2   8   4  0.23 0.21
  112 I    -2  -1  -3  -2  -4   0  -3  -2   0   4   1  -2  -1  -2  -2  -1  -1   3  -2   3    2   3   1   2   0   5   1   3   3  27  11   3   1   1   3   4   4   4   2  18  0.40 0.29
  113 Q    -1   0   0   0   2   0   0  -1   2   0  -1   0   2   1   0  -1   0   4   1  -1    5   5   5   5   5   5   5   5   5   5   5   5   5   5   5   5   5   5   5   5  0.09 0.08
  114 R     0   0   0   0   2   0   0  -1   1   0  -1   0   1   0   0   0   0  -2   1   0    5   5   5   5   5   5   5   5   5   5   5   5   5   5   5   5   5   0   5   5  -0.00 0.06
  115 D    -1   0   0   3   0  -1   1  -2   2  -1  -2  -2  -1   1   1   1   0  -4   1  -1    5   5   3  18   2   2   9   2   4   3   5   1   1   5   6  13   6   0   4   3  0.19 0.22
  116 D    -1   0   0   2  -4   1   0  -1   0  -1  -1   0   0   1  -1   0   0  -3   2  -1    3   5   5  13   0   7   6   5   3   4   7   5   2   7   3   5   7   0   7   5  0.09 0.12
  117 L     0   0  -1   2  -1  -1   1  -2   1   0   1  -1   2  -2  -2   0   0   1  -1  -1    8   5   3  12   2   2  11   3   3   5  11   4   5   2   2   8   5   2   2   5  0.11 0.11
  118 Q    -1   1   0   0   0   1   2  -1   1  -2  -2   1  -1   1   1   1  -1  -4  -1  -2    3   9   5   5   2   5  15   4   3   3   3  10   2   6   6   9   3   0   2   2  0.14 0.19
  119 C    -1   3   1  -1   3   0  -1  -1   1  -1  -2   1   0   0   2  -1  -1  -4   0  -2    4  19   6   4   6   4   3   4   3   4   4   8   3   4   9   5   4   0   4   2  0.21 0.22
  120 F    -2  -2  -1  -1   2  -2  -2  -3   0   1   1  -1   3   4  -1  -2  -2   3   3  -1    4   3   4   4   4   2   3   2   3   7  11   3   9  16   3   3   3   4  11   4  0.28 0.25
  121 Y    -1   0   0   0   2   0   0  -1   2   0  -1   0   2   1   0  -1   0   4   1  -1    5   5   5   5   5   5   5   5   5   5   5   5   5   5   5   5   5   5   5   5  0.09 0.08
  122 I    -1  -1   0   0   1   1  -1  -2   3   0   1   0   1   1   0  -1  -1   3   1   0    4   4   4   6   3   6   3   3   8   6  13   5   3   6   5   4   4   3   4   7  0.10 0.08
  123 L     0   0   0  -2   2   1   0   0   2   0   0   0   1   1   1  -1   0  -2   1   0    6   6   6   0   6   6   6   6   6   6   6   6   6   6   6   0   6   0   6   6  0.05 0.11
  124 N     0   0   1   0  -3   1   0   0   2   0  -1   0   1  -2   1   0   0  -2   1   0    6   6   6   6   0   6   6   6   6   6   6   6   6   0   6   6   6   0   6   6  0.05 0.08
  125 M    -1  -2   1   4   1  -1  -1  -2   0  -2  -2  -2   0  -2  -1  -1   4  -4  -1  -1    5   2   7  22   3   2   3   3   2   2   3   2   3   2   3   4  25   0   2   4  0.35 0.34
  126 L     1  -1  -1  -1  -3   0  -1  -3   1   0   1  -2   1   2  -1   0   0   2   2   0   12   3   3   3   0   4   3   1   3   5  18   0   3   8   3   7   7   3   9   5  0.10 0.16
  127 F    -2  -5   0  -2  -5  -2  -5  -5   0  -2  -1  -2  -3   7   0  -3  -1   6   2  -2    3   0   4   3   0   2   0   0   2   2   4   2   0  43   5   2   4  12   5   3  1.06 0.60
  128 N     0   0   2   2   1   0   1  -1   1  -4  -3   0  -1  -2  -2   3   0  -4  -3  -2    8   4  12  12   3   3  10   4   3   0   2   4   2   1   1  22   4   0   0   2  0.29 0.28
  129 L    -1   0  -1  -1   1   0  -1   0   1   1   2   0   1   0  -1  -1  -1  -3   0   0    4   6   3   3   4   6   2  10   4   7  22   5   4   3   3   4   3   0   3   6  0.04 0.09
  130 P     0  -1   1   1   2   1   0   0   2   0  -1   0  -1  -2   1   0   0  -3  -2   0    7   0   7   7   6   7   7   7   6   7   7   7   0   0   7   7   7   0   0   7  0.08 0.10
  131 E    -1  -1  -1   0  -1  -1   4   0   1  -2   0   0   1   0   0   0  -2   0   0  -1    6   2   2   4   1   1  29   7   3   2   9   4   3   4   5   6   2   1   3   4  0.22 0.24
  132 T     2  -2  -1  -2   1  -1  -2   0   1   1   0  -2   2  -1  -1   2   1  -4  -3   0   17   2   2   2   3   2   1   5   3   9   6   2   7   3   3  16  10   0   0   6  0.15 0.20
  133 Y     0   0  -1  -3   3   0   0  -2   1  -1   0  -1   0   1   1   0  -1   3   3   0    6   5   2   0   6   4   6   2   3   2   8   3   2   6   8   8   4   4  13   7  0.15 0.18
  134 L     0  -1  -1  -3   0   0  -1  -1  -3   1   3   1   2   0  -3  -1  -1  -3   0   0    8   3   3   0   2   3   5   4   0   7  31  11   5   4   0   3   2   0   3   6  0.15 0.19
  135 Y    -2  -3  -3  -2   2  -1  -1  -2  -3   1   1  -3   4   3  -4  -1   0   3   2   1    3   0   0   3   5   2   4   2   0   8  14   0  12  14   0   4   6   4   9   9  0.28 0.27
  136 A     2   2  -1  -1   1   0  -1  -1   1   0   0  -1   1   0  -3   0  -1  -3   0   0   26  11   3   2   3   4   2   3   4   5   8   2   5   3   0   5   3   0   4   6  0.12 0.18
  137 C     0   0   2   1   4   2  -1  -1   0  -3  -2  -1  -2   0  -1   1   0   0  -1  -1    8   4   9   8  12  12   2   4   2   0   2   3   0   4   3  12   5   2   2   5  0.19 0.19
  138 L    -1  -4  -2  -4   1  -3  -4  -4   0   2   3  -4   2   3  -4  -3  -1   1   0   2    4   0   2   0   3   0   0   0   3  11  29   0   6  12   0   0   4   2   3  18  0.44 0.28
  139 V     0  -4   0  -4  -3  -3  -4  -4  -4   3   0  -1   1   1  -4  -2   0   3  -1   4    7   0   4   0   0   0   0   0   0  22   8   4   3   5   0   3   6   4   2  29  0.44 0.29
  140 D     0   0   1   0  -3   1   0   0   2   0  -2   0  -2   0   1   0   0  -2   1   0    6   6   6   6   0   6   6   6   6   6   1   6   0   6   6   6   6   0   6   6  0.07 0.09
  141 F    -1  -1  -2  -4   0  -1  -2  -3   2   0   1  -2   2   3  -4  -1  -2   1   5  -1    4   3   2   0   2   2   2   2   6   5  15   2   7  14   0   4   2   2  20   3  0.39 0.31
  142 F    -2  -2  -4  -5   0  -1  -4  -5   0   0   2   0   2   6  -1  -2  -2  -3   2   0    4   2   0   0   2   3   0   0   2   4  17   6   6  34   3   3   3   0   6   5  0.57 0.39
  143 S    -1  -1   0   5   0   0   2  -2   0  -1  -2  -1   0  -4  -3   0   0  -4  -1  -1    5   3   4  36   2   3  12   3   3   4   3   3   2   0   0   5   5   0   2   5  0.46 0.33
  144 G     0   1   2   0  -1   1   1   0   0  -1  -1   2   0  -3  -1   1   0  -3  -3  -2    8   7  10   5   2   6   8   7   2   3   6  14   2   0   3   9   5   0   0   2  0.12 0.13
  145 C     0   0   1   0   2   1   0   1   2  -1  -1   0   0  -2   1   0  -1  -3  -1  -1    7   5   9   5   5   6   6  12   6   4   5   5   2   2   6   6   3   0   2   5  0.07 0.07
  146 S     1   1   1   0  -1   0   1  -1  -1  -1  -1   1  -1  -2   2   1   0  -3  -1  -1   11   6   6   4   2   4   8   5   1   4   5   9   2   2  11  10   5   0   1   3  0.12 0.11
  147 R     0   1   0   0  -1   0   0   1   0   0   0   0   0   0  -1   0   0  -1  -1   0    4   8   5   5   2   5   7  11   2   9  10   5   2   4   2   7   5   1   2   4  0.02 0.03
  148 Y     0   0  -1  -1   1   0   0  -1   0  -1   0   1  -1   0   0   0  -1   0   3  -1   10   5   3   4   3   3   8   4   3   3  10   8   2   4   4   6   4   1  13   3  0.08 0.10
  149 T     0   0  -1  -1  -2  -1   0  -1   0   1   0   0   0   0   0  -1   1   0   1   1    8   7   3   4   0   2   5   4   2   8  10   5   2   5   4   4   9   1   6  12  0.03 0.05
  150 N    -1   0   1   1   0   1   0  -2   0   0   0   1  -1  -1   1   0  -1  -1   0   0    5   6   7  10   2   7   5   3   2   6   9   9   1   3   6   6   3   1   4   5  0.06 0.07
  151 C     1  -2  -1  -1   3   0   0  -1   0   0   0  -1   0   0   1   1   0  -1   0   0   11   2   2   3   7   3   8   3   3   6   9   4   2   4   7   9   6   1   4   7  0.06 0.07
  152 D    -1   0   0   3   1   0   1   0   1  -1  -2   0   0  -3   0   0  -1   2   1  -1    4   4   5  18   3   4   8   8   3   5   4   6   3   0   5   5   4   3   5   5  0.13 0.15
  153 T     0   0   0   0  -2   1   0   0   1   0  -1   0   1   0   1   0   0  -2   1   0    6   6   5   6   0   5   6   6   5   6   6   6   5   5   6   6   6   0   5   6  0.03 0.06
  154 G    -1  -1   0   1   1   0   1   2   0  -1  -1   0   0   0   0   0  -1  -3   0  -1    4   4   3   9   3   4   9  19   3   4   7   4   3   3   3   5   4   0   4   5  0.08 0.10
  155 Y    -2  -1   0   1   0  -1  -1  -3   0   1   0  -1   0   3  -1  -1  -1   3   2   1    3   3   5   8   2   3   5   1   2   8   9   4   2  12   4   4   3   4   9  11  0.13 0.15
  156 Q    -1   1   0   0  -3   1   1   0   1   0  -1   1   0   0   0   0   0   0   1  -1    4   7   6   4   0   6   9   7   4   7   4  11   3   4   5   5   4   2   5   4  0.06 0.08
  157 H    -1   0   1   1   0   1   1  -2   3  -2  -1   2  -1   0   1  -1  -2   2   1  -2    5   4   6   8   2   5   9   2   8   2   7  12   2   4   7   4   2   3   5   2  0.15 0.17
  158 G    -1  -1   1   0  -2  -1  -1   4   1  -2  -2   0  -1  -1   0  -1  -1  -4  -2  -1    4   4   8   4   1   3   5  31   3   2   4   6   2   3   5   5   3   0   1   5  0.27 0.25
  159 N     0   0   0   0  -2   0   0   0   1   0  -1   0   1   0   0   0   0  -2   1   0    5   5   5   5   0   5   5   5   5   5   5   5   5   5   5   5   5   0   5   5  0.00 0.06
  160 L    -1   0   0   0   1   0   0   0  -2   2   0   0   0  -1  -1   0  -1   1  -1   0    4   4   5   5   3   4   6   6   0  17  10   8   3   2   3   5   4   2   2   5  0.02 0.08
  161 F    -1   0   0   0   0   0   0  -1   1   0   0   0   0   1   2  -1   0   1   1  -1    4   4   5   6   2   5   5   4   3   5   7   4   3   8  11   4   6   2   5   5  0.06 0.07
  162 M    -1   0   0   0   1   0   0  -1   1   1   0   0   2   1   1  -1   0  -2   2  -1    5   4   4   5   3   4   5   3   3   9   7   6   7   7   6   4   4   0   9   4  0.06 0.10
  163 S     0  -2   0   0   2   0   0   0   2   0  -1   0  -1   0   1   0   0  -2   1   0    6   0   6   6   6   6   6   6   6   6   6   6   0   6   6   6   6   0   6   6  0.04 0.08
  164 F    -3   0  -2  -5   0  -2  -2  -3   0  -1  -2  -1  -1   3   2  -2  -1   1   7  -1    3   5   2   1   2   2   2   2   2   3   4   4   2  11  11   3   3   2  32   4  0.75 0.49
  165 R     0   2   0  -2  -1   0   0  -2   1  -1  -2   2   0  -1   1   0  -1   1   3  -1    6  12   5   2   1   4   7   3   4   4   4  11   3   2   6   7   3   2  10   3  0.14 0.18
  166 S     0   0   2   0   1   1   1  -2   2  -1  -2   0  -1   1  -1   2   0  -4   1  -1    7   4   9   4   3   6   8   3   6   3   3   4   2   5   3  14   5   0   6   3  0.13 0.17
  167 L     0   0   0   0   2  -2   0   0  -2   0   0  -2   1   1   1   0   0   3   1   0    6   6   6   6   6   0   6   6   0   6   6   0   6   6   6   6   6   6   6   6  0.07 0.12
  168 F    -1  -2  -5  -2  -1  -5  -5  -3   2  -1  -1  -2  -1   5  -3   0  -2   7   5  -1    5   2   0   3   2   0   0   3   5   4   5   2   2  20   2   6   2  13  22   4  0.85 0.52
  169 Q     0   1   0   1  -1   3   1  -1   2  -2  -2   2  -1  -1  -1   0   0   0  -1  -2    7   7   3   8   2  15   9   5   5   2   3  11   2   3   3   6   5   1   2   2  0.18 0.20
  170 D    -1   0  -1   6  -1  -1  -1  -2   2  -5  -4  -2  -1   0  -1  -1  -2  -5   1  -2    6   5   2  44   2   3   3   3   4   0   2   2   2   4   3   5   2   0   6   3  0.74 0.51
  171 V    -2  -3  -5  -6   3  -2  -2  -6   0   3   0  -5   1   1  -2   0  -1  -5   1   5    3   2   0   0   5   2   3   0   2  14   6   0   3   6   2   7   4   0   4  36  0.64 0.41
  172 T    -1   4   1  -1  -1   0   0  -1   2  -2   0   0   0   0  -4   0  -2   0  -1  -2    6  23   6   4   1   3   5   4   5   3  11   6   2   5   0   8   2   1   2   3  0.23 0.22
  173 D     0   0   0   2   1   0   1  -2   3  -2  -3   1   0   2  -1   0  -1   2   0  -2    7   5   4  11   3   4   9   4   6   3   3  10   3   8   4   6   4   2   3   3  0.15 0.13
  174 A     4  -2  -1  -7   4  -1  -2   0   3  -1  -6  -2   1  -1   0   0  -1   2   0  -1   29   3   3   0   7   3   3   7   6   4   0   3   3   3   4   7   4   3   3   5  0.46 0.33
  175 M    -1  -2  -4  -5   0  -4  -3  -3  -4   3   2  -2   3   2  -4  -2  -1   0   0   3    6   3   0   0   2   0   2   2   0  17  19   2   9   7   0   2   3   1   4  20  0.46 0.32
  176 N    -2   1   2   5   0   2   0  -2   1  -1  -3   0  -2  -1  -2  -1  -1  -4   0  -1    2   6   8  30   2   8   5   3   4   4   2   6   1   3   2   3   3   0   4   4  0.38 0.31
  177 N     0   1   1   0  -4   0   0  -1   3  -1   0  -1   0  -1  -2   0   0   5   2  -2    7   7   6   7   0   4   5   4   9   4   9   3   2   2   2   7   5   8   7   1  0.18 0.19
  178 I     0  -3   0  -3   3  -1  -2  -1  -4   2   0  -4   4   0  -4  -2  -1  -4   1   3    8   1   5   2   6   3   2   5   0  14   5   0  11   3   0   3   4   0   4  22  0.33 0.28
  179 H    -3  -2  -1  -2   0  -1  -2  -3   8  -2  -3  -2  -5   1  -2  -2  -1   2   4  -3    2   3   3   3   2   3   2   3  40   2   2   3   0   6   2   3   4   3  13   2  1.16 0.69
  180 Q     0   1   0   0   1   1   0  -1   0   0   0   0   0   0   1   0   1  -2   0   0    6   7   4   5   3   6   3   3   3   6   7   8   4   5   6   5  10   0   4   5  0.03 0.05
  181 S    -1   0   0   1  -3   0   0   1   1  -1  -2   1   0  -1   0   1   0   2   0  -1    3   5   3   9   0   4   6  11   4   4   3   8   3   3   4  13   5   3   3   5  0.08 0.12
  182 G     0   0   0   0  -2   1   0   0   1   0  -1   0   1   0   1   0   0  -2   1   0    6   6   5   6   0   5   6   6   5   6   6   6   5   5   6   6   6   0   5   6  0.03 0.06
  183 C     0   0   0   0   2   0   0  -1   1   0  -1   0   1   0   0   0   0  -2   1   0    5   5   5   5   5   5   5   5   5   5   5   5   5   5   5   5   5   0   5   5  0.03 0.05
  184 L    -2  -1  -1  -1  -3  -1   0  -2   1   1   2  -1   3   2  -1  -1  -1   2   1  -1    3   3   3   3   0   3   5   3   3   7  22   5   9  11   3   3   3   3   4   4  0.17 0.19
  185 K    -2   1  -1   0  -5   0  -1  -2   5  -2  -3   4   1  -1   0  -1  -1   1   1  -2    3   6   2   5   0   4   3   2  14   2   3  27   4   2   5   4   4   2   5   3  0.42 0.37
  186 K     0   0   0   0  -3   1   0   0   2   0  -1   0   1  -2   0   0   0   3   1   0    6   6   5   6   0   5   6   6   5   6   6   6   5   0   6   6   6   5   5   6  0.07 0.10
  187 T    -2  -2   0   0   2   0   0   0  -2   0  -1   0   1   1   1   0   0   4   1   0    0   0   6   6   6   6   6   6   0   6   6   6   6   6   6   6   6   6   6   6  0.08 0.14
  188 L     0   0   0   0   2   0   0  -1   1   0  -1   0   1   0   0   0   0  -2   1   0    5   5   5   5   5   5   5   5   5   5   5   5   5   5   5   5   5   0   5   5  0.03 0.05
  189 E     1   1   0   1  -3   1   1   0   1  -1  -1   1   1  -1  -3   0   0   2  -2  -1   10   7   5   7   0   6  10   6   3   3   6  10   4   3   0   8   5   3   0   3  0.10 0.13
  190 D    -2  -2   5   4  -2  -1   0  -1   3  -5  -4   0  -5  -2  -5  -2  -1   0  -1  -5    4   2  28  25   1   2   5   5   6   0   2   7   0   2   0   3   4   2   3   0  0.74 0.49
  191 L    -2  -1  -2  -5  -1  -2  -2  -6  -5   2   1  -2   2   3   5  -3  -1  -5   2   0    3   3   2   0   2   2   2   0   0  10  14   2   5  10  25   2   4   0   7   5  0.57 0.40
  192 E    -1  -1   0   2   0  -1   3  -1   3  -2  -3   0  -4   3   0   0  -2   1   1  -4    5   3   4  10   2   3  21   5   6   2   2   6   0  11   5   7   2   2   4   0  0.31 0.28
  193 K    -1   1   0  -1   1   2   0  -1   2  -2  -2   2   1  -1   3  -1  -2   2   0  -2    5   8   4   4   2   7   5   5   5   3   5  10   3   3  12   5   3   3   4   3  0.16 0.16
  194 Y    -1   0   0   0   2   0   0  -3   2   0  -1   0   1   1   0   0   0   3   1   0    5   5   5   5   5   5   5   0   5   5   5   5   5   5   5   5   5   5   5   5  0.08 0.12
  195 V    -2  -1  -2  -5   1  -5  -5  -5   0   5   2  -5   2   1  -2  -2  -2   1  -1   2    2   3   2   0   3   0   0   0   3  29  21   0   4   5   2   2   2   2   2  16  0.62 0.39
  196 K    -2   1   0  -1   2   1   1  -2   4   0   0   2   0  -1  -1  -1  -1  -4   1  -1    2   7   4   3   4   6  11   2  10   6   9  13   2   2   3   4   2   0   4   5  0.15 0.17
  197 K     0   0   0   0   2   0   0  -1   1   0  -1   0   1   0   0   0   0  -2   1   0    5   5   5   5   5   5   5   5   5   5   5   5   5   5   5   5   5   0   5   5  0.03 0.05
  198 D    -1  -1   2   4   2   0   0  -1   1  -2  -2  -1   0   0  -1   0  -1  -4   0  -4    4   3  10  26   5   4   7   6   3   3   3   3   3   4   3   5   4   0   3   0  0.31 0.28
  199 P     0  -2   0   1  -5  -1   1  -2   0  -2  -1   0  -5  -5   5   0  -1  -6  -1  -3    6   2   4   8   0   3   8   3   2   3   6   6   0   0  31   8   4   0   2   2  0.54 0.40
  200 R     0   2   0   1   0   1   2   0   2  -3  -2   1  -1  -1  -2   0  -1   0   0  -3    6  11   4   8   2   6  14   8   6   2   5  11   1   3   2   5   3   1   3   2  0.16 0.16
  201 L    -1  -4  -5  -5   1  -4  -2  -5  -5   2   4  -2   2   1  -2  -2   2  -4  -4   2    4   0   0   0   3   0   2   0   0  13  34   3   4   5   3   3  13   0   0  12  0.53 0.33
  202 P    -1   1  -2  -2   0  -1  -2   0  -1   1  -1   1   0  -1   4  -1  -2   1  -1   1    5   8   2   2   2   2   2   7   2   7   6   8   2   3  21   3   2   2   3  12  0.24 0.19
  203 I     0   1   0   0   0   1   0  -2   0  -1   0   0   0  -2   2   1   0  -3  -3   0    9   8   5   4   2   8   6   3   3   3  10   5   2   2   9  10   6   0   0   7  0.08 0.10
  204 L     0   0  -2  -2  -2  -1   0   0   2   0   0  -1   1   1  -3   0   0   4   2   0    7   7   0   0   0   0   7   7   7   7   7   0   7   7   0   7   7   7   7   7  0.10 0.14
  205 L    -1  -1  -1  -2  -3  -3  -4  -4  -4   1   4  -2   1   1  -1  -3  -1  -3   0  -1    5   4   4   3   0   0   0   0   0   7  53   3   3   5   3   0   3   0   3   3  0.53 0.37
  206 G    -1   1   2   1  -1   1   2  -1   1  -2  -1   1   0   0  -2   0   0   1   1  -2    3   7  10   6   2   6  14   3   3   2   4  10   2   5   0   9   4   2   5   2  0.13 0.14
  207 K    -1   3   0   0   1   2   0  -1   1   0  -1   0   1  -3  -3   0   0  -3   0  -1    4  17   4   6   3  11   7   5   3   5   6   6   6   0   0   4   6   0   3   3  0.13 0.15
  208 M     0   1  -2  -3  -3   1  -2  -3   2   0   0   0   2   1   1  -2   0   4   2   0    7   7   0   0   0   7   0   0   7   7   7   7   7   7   7   0   7   7   7   7  0.15 0.16
  209 K    -1   4   0  -3  -2   1  -1  -3   0  -2  -3   4  -2  -2  -4  -1  -2  -1  -2  -1    6  26   5   0   1   6   3   2   2   2   2  31   1   2   0   3   1   1   1   6  0.58 0.38
  210 E     0   1   1   1  -4   1   2  -1   0  -3  -2   2  -2  -1  -2   0   0   1  -1  -2    6   8   7   9   0   8  17   5   2   0   3  13   1   4   1   7   4   2   2   1  0.21 0.18
  211 V     0   1   1  -1   0   0  -1   0   2  -1  -2   1  -2  -2   0   1   0  -3   0   0    9   7   8   3   2   3   2   6   6   3   2   9   0   1   5  16   5   0   5   8  0.09 0.12
  212 G    -1  -1   1  -3   0  -1  -3   5   0  -5  -5   3  -4  -5   0  -1  -2  -4  -2  -3    3   2   5   0   2   2   0  46   2   0   1  20   0   0   5   5   2   0   2   2  0.76 0.42
  213 K    -1   2   1  -1   1   1  -1  -1   0  -2  -2   4  -1  -1  -3   0   0  -3   0  -2    4  11   8   3   4   7   2   3   1   2   2  30   2   3   0   7   6   0   3   3  0.27 0.22
  214 V    -1   1  -1  -3   0  -2  -1  -3  -3   1   2  -1   2  -1  -3  -1   2  -3  -2   1    4   9   2   0   2   0   5   0   0   6  28   3   5   2   0   4  14   0   0  13  0.19 0.19
  215 F    -1  -3  -3  -3   1  -2  -3  -1   1   1   0  -3   1   4  -3   0   1   3   2   0    4   0   0   0   4   0   1   4   4   7   9   0   4  29   0   6  10   4   6   6  0.29 0.19
  216 L    -2   0  -3  -1  -2  -2  -2  -4   2   2   2  -2   2   2   0  -2  -2  -2   2   1    1   5   0   5   0   0   1   1   7  17  28   0   5   8   5   1   0   0   7  10  0.24 0.17
  217 A     0   0  -3  -3   1  -1  -2   0  -3   3   2  -1   1  -1  -3  -1  -1  -3  -2   1    7   6   0   0   3   3   1   7   0  30  23   3   3   0   0   3   0   0   0   9  0.19 0.16
  218 T    -1   1   2   0  -2  -2  -2  -2  -2  -1  -3  -1  -2   0  -2   2   5  -3   0  -2    3   8   9   5   0   0   1   1   0   3   1   0   0   4   0  14  47   0   3   1  0.48 0.29
  219 N    -1  -2   5   1  -3   0  -1   1   4  -3  -4  -1  -3  -3  -2   2   0  -3  -1  -3    3   0  37   8   0   2   0   8  13   0   1   0   0   0   0  16   6   0   2   1  0.51 0.24
  220 S     0  -1   0  -1   1   0  -3  -1  -4  -2  -2  -3  -4  -1  -4   6  -1  -5  -4  -4    7   3   3   4   3   4   0   4   0   3   4   0   0   3   0  58   3   0   0   0  0.87 0.58
  221 S     0  -1   1   2   0  -1  -1  -1   2  -3  -2  -1   0  -1   1   1   2  -3   3  -3    6   2   9  10   3   2   4   3   6   0   4   3   2   2   7  12  12   0  12   0  0.22 0.22
  222 Y     0   0   0  -2   2   0   0  -1   2   0  -1  -2   1   1   0   0   0   3   1   0    6   6   5   0   5   5   6   6   5   6   6   0   5   5   6   6   6   5   5   6  0.08 0.13
  223 N    -1   0   1   4   1  -1   2  -3   0  -3  -3  -1  -1   0   1   0  -1   1   0  -2    5   4   7  25   3   3  12   2   2   1   2   2   1   4   8   7   4   2   3   2  0.34 0.26
  224 Y    -1  -3  -1  -3   1  -2  -3  -3   2   0  -1  -3  -2   4   0   0   0   3   5  -1    4   0   4   0   4   0   0   0   5   4   5   0   0  23   4   8   8   4  22   4  0.41 0.26
  225 T     0  -2  -2  -3   3  -2  -2   0  -2   1   0  -2   2   1   1   0   1  -2   2   1    8   0   0   0   8   0   0   8   0   8   8   0   8   8   8   8   8   0   8   8  0.11 0.12
  226 N     0   1   1   1  -3   1   0   0   2  -2  -1   0  -1   0   1   0   0  -3  -1  -1    7   7   7   7   0   7   7   7   6   0   7   7   0   6   7   7   7   0   0   7  0.07 0.09
  227 A     0   0  -1  -1   1  -1  -1   0   2  -1   1   0   1   1  -1  -1  -1   2   0   1    6   5   3   4   3   3   3   7   5   3  14   7   4   6   3   4   4   3   3  11  0.05 0.05
  228 I    -2  -1   0  -6  -6  -5  -2   2   1   2   0  -2   2  -1  -1  -1   0  -6   0   3    4   3   5   0   0   0   3  13   3  11   9   3   5   3   3   5   6   0   3  18  0.28 0.18
  229 M     0  -1  -3  -1   1  -1  -2  -2  -3   0   2  -3   7   0  -4  -2  -1  -3   0  -1    9   3   0   4   3   3   3   3   0   4  17   0  35   3   0   3   3   0   3   4  0.56 0.42
  230 T     0   1   1   0   0   0   2  -1   1  -2  -2   1   0  -3  -1   1   2  -3  -3  -1    7   8   7   4   2   4  13   3   4   0   3   8   3   0   3  10  16   0   0   5  0.16 0.17
  231 Y    -2   0   0  -4   0   0  -3  -4   4  -1  -1   0   1   3  -4  -2  -2   2   6  -2    3   4   5   0   2   4   0   0  12   3   5   7   3  11   0   2   3   2  30   2  0.59 0.40
  232 L     0  -2   0  -3   1  -1  -2  -1   0   2   2  -2   2   1  -3  -1   0  -2  -1   1    9   0   5   0   3   3   1   5   3  11  29   0   8   5   0   5   4   0   0   7  0.14 0.15
  233 F    -1  -3  -3  -1   1  -2  -2  -3   1   1   2  -1   1   3  -3  -2  -1   3   1   1    3   0   0   3   4   0   3   0   5   7  29   4   3  16   0   0   3   5   5   8  0.25 0.19
  234 S     0   1   1   1  -2   1   1   0   2  -2  -1   1  -1  -2  -2   0   0  -3  -2   0    8   8   7   8   0   7   8   8   7   0   8   8   0   0   0   8   8   0   0   8  0.10 0.09
  235 I    -1   0   1   1   2   0   0   0   0   0  -1  -1   0   1   0  -1   0   2   0   0    5   5   7   9   4   4   5   9   3   6   5   3   3   6   4   5   5   3   4   6  0.04 0.03
  236 S    -1   0   1   1   0   0   1   0   1  -2  -1   0   0   0   2   1   1  -3   0  -2    5   5   6   7   2   4   9   7   3   1   4   6   2   4   9   9   8   0   4   3  0.10 0.10
  237 E    -1   0   0   1  -3   0   1   0   1  -1  -1   1   0  -2   0   1   0   0  -1   0    4   6   5   7   0   3   8   6   5   2   7  10   3   1   5   9   6   2   2   9  0.06 0.07
  238 A     0   0   0  -1  -3   0   0   1   0  -1  -1   0  -1   1   2   1  -1  -3  -1  -1    8   6   5   4   0   3   6  14   2   3   5   6   2   7  10  12   3   0   2   4  0.11 0.12
  239 E    -1   0   1   3  -3   0   1   1   2  -2   0   0  -1  -2   0   0  -1   0  -3  -2    5   4   5  16   0   3  11   9   5   2  12   5   2   2   4   7   3   2   0   2  0.14 0.15
  240 A     0  -1  -1   0   2   0   0   3  -3  -3  -2   0  -3   0   2   1   0  -4   0  -2    9   3   3   6   4   4   5  21   0   0   4   7   0   4   9   9   5   0   3   3  0.19 0.19
  241 S    -1  -1   1   0   1   0   0  -1   0  -1  -1   1   0  -1   3   0   0   1   0   0    4   3   7   6   4   3   5   4   2   2   5   8   4   3  13   8   7   2   4   7  0.10 0.11
  242 G    -1   0   2   1   1   0   0   1   3  -1  -1   0  -2  -1  -3   0   0   1   1  -1    5   6   9   7   3   3   4  10   8   3   6   6   0   2   0   7   7   2   5   4  0.09 0.12
  243 R     0   0   0   0  -2   1   0   0   1   0  -1   0   1   0   1   0   0  -2   1   0    6   6   5   6   0   5   6   6   5   6   6   6   5   5   6   6   6   0   5   6  0.03 0.06
  244 P     0  -1   1   4   1  -1   0  -1   1  -3  -1  -1   0  -3   1   1  -1  -3  -1  -3    6   3   8  27   3   2   5   4   3   1   7   4   3   0   8   9   3   0   2   1  0.26 0.18
  245 W    -5  -5  -1  -5  -5  -4  -5  -5   2  -5  -1  -5  -4   1  -5  -5  -1  12   2  -5    1   0   4   0   0   0   0   1   4   0   7   0   0   5   0   1   4  65   5   1  2.72 0.86
  246 R    -1   4  -1  -2  -3   1   1  -3   1  -1   0   2   0  -3  -1   0   0  -3  -1   0    5  25   2   0   0   8   9   1   3   2  11  11   3   0   3   4   5   0   2   6  0.24 0.19
  247 S     0   1   1   1  -3   1   0   0   2  -2  -1   0  -1   0   1   0   0  -3  -1  -1    7   7   7   7   0   7   7   7   6   0   7   7   0   6   7   7   7   0   0   7  0.07 0.09
  248 Y     0   0   0   0   2   1  -2  -3   2   0   0   0   1   1  -3   0   0   4   1   0    6   6   6   6   6   6   0   0   6   6   6   6   6   6   0   6   6   6   6   6  0.10 0.15
  249 F    -2  -5  -5  -5   2  -5  -5  -5  -4  -3   1  -5  -3   8  -5  -4  -4   5  -1   0    4   0   0   0   4   0   1   1   0   0  10   0   0  59   0   1   1   7   0   6  1.40 0.56
  250 D    -1  -3   1   6  -4   0   0  -2   1  -4  -1  -1  -3   0  -3   0  -1  -4  -3  -4    5   0   5  48   0   4   5   3   4   0   6   3   0   5   0   7   3   0   0   0  0.73 0.37
  251 L     0  -2  -2   0   2  -2   0   0  -2   0   0  -2   1   1   1   0   0   4   1   0    7   0   0   7   6   0   7   7   0   7   7   0   6   6   7   7   7   6   6   7  0.11 0.14
  252 I    -1  -3  -3  -3   2  -3  -1  -1  -3   3   0  -3   2   1  -3  -1   0  -3   1   3    5   0   0   0   5   0   4   4   0  20   5   0   5   7   0   5   5   0   5  28  0.29 0.23
  253 V    -1  -1  -3  -4   0  -3  -3  -2  -3   4   0  -1   1   0  -1  -1  -2   1  -2   3    2   4   0   0   2   0   0   3   0  30   7   5   4   4   3   4   0   2   0  25  0.32 0.27
  254 V     0  -2  -2   0   2  -1   0   0  -2   0   0  -2   1   1   1   0   0  -2   1   0    7   0   0   7   6   0   7   7   0   7   7   0   6   6   7   7   7   0   6   7  0.02 0.11
  255 D     0   0   0   0   2   1   0   0   2  -2  -1   0   1   1  -3   0   0   3   1  -2    6   6   5   6   5   5   6   6   5   0   6   6   5   5   0   6   6   5   5   0  0.07 0.16
  256 T     4  -1  -3  -3   3  -1  -3   0  -3  -1  -2  -1   0  -4  -1   1   0  -4  -4  -1   44   3   0   0   6   3   0   6   0   3   3   3   2   0   3   9   6   0   0   3  0.43 0.42
  257 Q     0   0   1   0   2   1   0   0   2  -2  -1   0   1   1  -2   0   0  -2   1  -2    6   6   6   6   6   6   6   6   6   0   6   6   6   6   0   6   6   0   6   0  0.04 0.13
  258 K    -3   0   0  -2   2  -2  -2  -4   0  -1  -2   6   1  -1  -1   0  -3   2  -3  -4    0   3   3   2   4   0   0   0   3   3   5  51   3   3   2   7   0   3   0   0  0.66 0.51
  259 P    -1   0   0  -1  -4  -1  -1  -4  -3  -3  -1  -1  -3   1   6   0  -3  -4  -3  -2    3   5   4   3   0   3   4   0   0   0   7   3   0   7  42   8   0   0   0   3  0.72 0.47
  260 H     0   0   0  -1   0   0   0   1   1   0   0   0   0   0  -1   0   0  -2   0   0    6   3   4   3   2   2   5  12   5  10  10   8   2   4   2   4   4   0   3   6  -0.02 0.03
  261 F    -2  -1  -2  -2  -3   1  -2   0   2   0   0   0   2   1   1   0  -2   4   2  -1    1   0   0   0   0   7   0   8   7   8   8   8   7   7   8   8   0   7   7   0  0.11 0.17
  262 F    -1  -4   0  -4  -4  -3  -2  -2   1   0   0  -1   0   6  -1   0   0   1   1  -3    5   0   5   0   0   0   3   2   3   5   7   4   3  36   3   6   5   2   4   0  0.48 0.40
  263 A    -1   0   0   0   2   0  -1  -1   2   0  -1   0   2   0   0  -1   0   3   1  -1    5   5   5   5   5   5   5   5   5   5   5   5   5   5   5   5   5   5   5   5  0.03 0.09
  264 E    -2  -1   0   2   1   0   2   0   2  -2  -2   0   1  -6  -1   0  -1   2   0  -2    4   3   5  11   3   5  14   7   4   3   5   7   3   0   3   8   3   3   3   3  0.13 0.19
  265 G     0   0   0   0   2   0   0   0   1   0  -1   0  -1   0   0   0   0  -2   1   0    5   5   5   5   5   5   5   5   5   5   5   5   0   5   5   5   5   0   5   5  0.00 0.06
  266 L    -1   0   0   0   2   0  -1  -1   2   0  -1   0   2   0   0  -1   0   3   1  -1    5   5   5   5   5   5   5   5   5   5   5   5   5   5   5   5   5   5   5   5  0.03 0.09
  267 V    -2   2   1  -1   0   0  -1  -2   2   0  -1   1   0  -2   4  -1   0  -5  -1  -1    3  11   6   3   2   3   3   3   5   5   5   7   2   2  18   5   5   0   2   4  0.19 0.25
  268 L    -1   0   0  -2   2   0   0  -1   1   0  -1   0   1   0   0   0   0   3   1   0    5   5   5   0   5   5   5   5   5   5   5   5   5   5   5   5   5   5   5   5  0.03 0.11
  269 R    -2   0  -2  -2   2   0   0  -1   2   0  -1   0   1   1   0   0   0   3   1   0    0   6   0   0   5   5   6   6   5   6   6   6   5   5   6   6   6   5   5   6  0.05 0.16
  270 Q     0   0   0   0   2   0   0  -1   1   0  -1   0   1   0   0   0   0  -2   1   0    5   5   5   5   5   5   5   5   5   5   5   5   5   5   5   5   5   0   5   5  0.03 0.05
  271 V    -1   0  -1  -4   1  -1  -1  -4   1   1   1  -1   1   1  -1  -1  -1   2   2   3    4   4   3   0   3   3   3   0   3   7  11   3   3   7   3   5   4   3   9  20  0.18 0.20
  272 N    -1  -1   1   3   0   0   0  -2   1   0  -1  -1   0   0  -1  -1  -1  -4   1   0    3   4   7  22   3   3   5   3   3   5   6   3   3   4   3   5   4   0   4   9  0.15 0.18
  273 T    -1   0   0   0   2   0   0  -1   2   0  -1   0   2   1   0  -1   0   4   1  -1    5   5   5   5   5   5   5   5   5   5   5   5   5   5   5   5   5   5   5   5  0.09 0.08
  274 D    -1  -1   0   2   0   0   2   0   0  -1  -1   0   0  -1   1   0   0  -4   0  -1    4   4   4  12   2   4  13   7   3   3   5   6   3   2   7   7   6   0   4   5  0.10 0.13
  275 S    -1   0   1   1   1   0   0  -1   1  -1  -1   0   0  -1   0   1   3  -4   1  -1    3   4   6   7   3   4   7   5   3   3   5   6   2   2   4  10  18   0   5   5  0.12 0.17
  276 G    -1  -1   1   0  -4   0   1   3   0  -2  -2   0   0   0  -1   0   0  -4   0  -2    4   3   7   6   0   4   8  28   2   2   4   5   2   4   3   5   5   0   4   3  0.24 0.23
  277 K     0   0   1   0   1   1   0   0   1  -1  -1   1   0  -1  -1   0   1  -3   0   0    5   6   6   6   4   5   5   7   4   3   5   9   3   3   3   6   8   0   3   8  0.03 0.05
  278 L    -1   0  -1  -1   1   0  -1  -1  -2   0   2   0   2   0   0   0   0   2   0   0    4   4   3   4   3   4   4   4   0   4  21   5   6   5   5   6   6   3   3   8  0.06 0.10
  279 H    -1   0   0   0   2   0   0  -1   2   0  -1   0   2   1   0  -1   0   4   1  -1    5   5   5   5   5   5   5   5   5   5   5   5   5   5   5   5   5   5   5   5  0.09 0.08
  280 V    -2  -2   2  -1  -5   0   0  -3  -1   3   1  -1   0   1   0   1   0   2  -1   1    3   3   9   3   0   4   6   3   1  14  11   3   2   6   5   9   5   3   2   9  0.17 0.13
  281 G    -2  -3  -3   0   2  -1  -2   4   0  -2  -3   0  -1   0   0  -1   1   7  -2  -2    4   2   2   5   4   4   3  25   3   3   3   6   1   4   5   4   9  13   1   3  0.57 0.35
  282 T    -1   0   1   2  -3   0   1  -1   1  -1  -1   0   0  -1   1   0   1  -4  -3  -1    5   5   6  13   0   4  11   3   4   4   4   5   2   4   7   7  10   0   0   5  0.13 0.15
  283 S    -1  -1   1  -1   2  -1   1  -1   4  -1  -2   1  -5   1   2   0  -1  -6   2   0    6   4   6   4   4   3   8   5   9   3   4   7   0   5   9   6   4   0   6   6  0.18 0.16
  284 T    -1  -1  -1  -1   1   0  -1  -1   0   0   0  -1   1  -1   0   0   1   2   0   2    5   3   3   4   3   4   5   6   3   5   7   4   3   3   6   6   8   3   3  17  0.08 0.08
  285 G    -1   0   0   0  -3   0   0  -1   2   0  -1   0   1   0   0   0   0   3   1   0    5   5   5   5   0   5   5   5   5   5   5   5   5   5   5   5   5   5   5   5  0.06 0.08
  286 P     0   0   0   0   2   0   0  -1   1   0  -1   0   1   0   0   0   0  -2   1   0    5   5   5   5   5   5   5   5   5   5   5   5   5   5   5   5   5   0   5   5  0.03 0.05
  287 H    -1   0   0   0  -3   0   0  -1   2   0  -1   0   1   0   0   0   0   3   1   0    5   5   5   5   0   5   5   5   5   5   5   5   5   5   5   5   5   5   5   5  0.06 0.08
  288 Q    -1   0   0   0   2   0   0  -1   2   0  -1   0   1  -2   0   0   0   3   1   0    5   5   5   5   5   5   5   5   5   5   5   5   5   0   5   5   5   5   5   5  0.07 0.11
  289 H     0   0   0   0   2   0   0  -1   1   0  -1   0   1   0   0   0   0   3  -2   0    5   5   5   5   5   5   5   5   5   5   5   5   5   5   5   5   5   5   0   5  0.05 0.09
  290 C     0   0   0  -1   5  -2  -2   4   1  -2  -4  -1  -4  -2   0  -1  -1  -5  -2  -1    8   5   5   3  12   2   3  32   3   3   1   4   0   2   5   3   4   0   2   4  0.48 0.33
  291 A     0   1   0  -1  -1   2   0   2   2  -1  -2   2  -1  -1   0   0   0   1  -3  -1    6   6   4   2   2   9   6  16   5   4   2  13   1   3   4   6   4   2   0   4  0.15 0.16
  292 V     0  -1   0  -3   1  -1  -1  -1   0   1   0  -1   0   0   2   0  -1   2   1   2    6   3   4   0   3   3   3   5   3   9   8   3   3   4   9   5   3   3   6  16  0.09 0.11
  293 Y    -5  -1  -5  -1   2  -5  -1  -2   2   1  -2  -5  -4   2  -1  -1  -1  -3   7  -1    0   4   0   4   5   0   4   4   4   7   4   0   0   8   4   5   4   0  38   5  0.88 0.51
  294 S     0   0  -1  -2   2   2  -1   0   2  -2  -1   0   0  -1  -3   3   0  -4  -1  -1    8   6   2   2   5  12   3   7   4   2   6   4   2   3   0  22   4   0   2   4  0.20 0.24
  295 G     0   0   0  -3  -5   3   1   4   3  -5  -5  -1  -1  -5  -4  -1  -2  -5   0  -2    7   5   4   0   0  16   8  32   8   0   1   4   2   0   0   3   3   0   3   3  0.58 0.39
  296 G     0   0   1   0   3  -2  -2   0  -2   0  -2  -2   1  -2   1   0  -1   4   1   0    8   8   7   8   7   0   0   8   0   8   1   0   7   0   8   8   0   7   7   8  0.13 0.16
  297 S    -2  -2   3   0   4   1  -2  -2   1  -2   0  -2  -2   0   1   2   0   4   1  -2    1   1  17   4  10   6   1   1   4   1   9   1   0   3   6  18   4   6   5   1  0.28 0.23
  298 S     0   0  -2   0   2   0   0  -1   2   0  -1   0   1   1  -3   0   0   3   1   0    6   6   0   6   5   5   6   6   5   6   6   6   5   5   0   6   6   5   5   6  0.07 0.12
  299 D     0   0   0   3  -1   1   1  -1   0  -2  -3   1   0   0  -1   0  -1  -4  -1  -2    6   5   5  16   1   8  10   4   2   2   2  10   3   4   3   6   4   0   3   3  0.18 0.16
  300 M    -1   0  -1   1   0   1   1  -2   2   0   0  -1   1   1  -1  -1   0   1   0   0    5   6   2  10   2   8   9   3   6   8   8   3   5   6   2   3   5   2   3   5  0.05 0.08
  301 V    -3  -3  -4  -4  -4  -3   0  -4  -3   1   3   0   3   4  -4  -4  -3  -3   2   1    1   0   0   0   0   0   6   1   0   7  31   7   7  22   0   1   0   0   6  10  0.56 0.29
  302 C     0   0   0  -2   2   1   0   0   2   0   0   0   1   1  -2   0   0  -2   1   0    6   6   6   0   6   6   6   6   6   6   6   6   6   6   0   6   6   0   6   6  0.04 0.09
  303 E     0   3   1   0  -4   2   2  -2   1  -4  -3   3  -3  -2   0   0  -1  -4  -2  -3    7  14   6   4   0  10  12   2   3   0   2  23   0   2   4   5   3   0   1   2  0.34 0.28
  304 L    -1   1  -3   0   0   0  -1  -2   0   0   2  -1   2   1   0  -1  -1  -3   0   0    4   8   0   5   2   4   2   2   2   4  29   2   7   8   4   4   3   0   3   5  0.13 0.17
  305 L     0   0   0  -2   1  -2   0  -1  -3   0   2  -1   1   1  -3   0   2  -3  -2   0    6   4   4   0   4   0   5   4   0   5  24   4   5   8   0   6  16   0   0   5  0.12 0.17
  306 G     0   0   1   0  -3   1   0   0   2  -2  -1   0   1  -2   1   0   0   3  -2  -1    6   6   6   6   0   6   6   6   6   0   6   6   6   0   6   6   6   6   0   6  0.11 0.13
  307 V     0  -1   0  -2   1   1  -2  -3   1   1   0   1  -1   0  -2  -2  -2   7  -1   1    9   3   4   2   3   6   2   2   4   7   8   9   1   4   2   3   2  17   2  11  0.40 0.31
  308 R    -1   2   1  -1   1   2   1  -2   3  -3  -3   2  -1  -3   0   0   1  -5  -1  -2    4  12   5   3   3   7   9   2   6   1   2  15   2   1   5   6   8   0   3   3  0.23 0.24
  309 G    -1  -1   2   1  -5  -1   0   5  -1  -5  -3  -2  -5  -1   0   1  -2   0  -5  -2    4   3   8   6   0   3   5  37   1   0   3   3   0   2   5   9   2   1   0   3  0.51 0.41
  310 M    -1   0   0   1  -1   1   0  -3   0  -2  -3   3  -2  -2   4   1  -2  -5  -1  -2    4   5   4   7   1   7   5   2   2   2   2  17   1   2  20  10   2   0   2   3  0.33 0.31
  311 D     0   0   1   0  -2   1   0   0   2  -2  -1   0  -1  -2   1   0   0  -2   1  -1    6   6   6   6   0   6   6   6   6   0   6   6   0   0   6   6   6   0   6   6  0.05 0.10
  312 I    -1  -1  -3  -3   2  -1  -1  -2   0   3   0  -2   1   0  -1  -1   0  -3   0   3    4   4   0   0   4   3   3   3   3  21   4   0   3   5   3   3   4   0   3  23  0.15 0.18
  313 L     0   1  -2  -3   3  -1  -2  -2  -2   1   1  -1   2   1  -2  -1   1  -2  -1   1   11  11   0   1  10   0   1   1   0  11  11   1  10  10   1   1  11   0   0  11  0.12 0.09
  314 Y    -2  -2  -2   0  -3   0  -2  -3   3  -1  -2  -2  -1   2  -3  -1  -2   4   6   0    1   1   0   6   0   6   1   1   8   1   1   1   0   8   1   6   1   6  41  12  0.52 0.20
  315 I    -1   0   0  -2   2  -2  -2  -3  -2   2   0  -2   1   3  -3  -1   0  -2   0   2    4   5   8   1   5   0   1   1   0  21   4   1   3  19   0   5   3   0   0  18  0.16 0.12
  316 G    -2   0  -2  -3   0   1   0   6  -3  -5  -4  -2  -4  -4  -3   0  -1  -4  -4  -4    1   5   0   0   2   8   6  63   0   0   1   0   0   0   0   8   3   0   0   1  1.04 0.42
  317 D    -2   0   1   7  -5  -1   0  -2   3  -5  -5  -2  -4  -4  -3  -1  -3  -5  -1  -4    3   5   5  63   0   2   3   2   8   0   1   0   0   0   0   3   0   0   2   1  1.17 0.46
  318 H    -2  -2   2  -2  -4   1   0  -3   8  -3  -2  -2  -3  -1  -3   2  -1  -4   0  -1    2   0  10   0   0   5   5   1  42   0   4   0   0   3   0  15   3   0   3   5  0.88 0.40
  319 I    -2  -2  -3  -1  -3  -2  -1  -3   1   4   2  -3   1   0  -1   0  -1  -3  -1   1    1   1   0   5   0   0   3   1   5  32  20   0   4   3   3  10   1   0   2   9  0.28 0.20
  320 F    -2   0  -2  -4   0  -3  -3  -2   0   0   1  -2   0   5  -1  -2   0   2   4  -1    2   5   1   0   2   0   1   4   2   6  12   2   3  24   3   2   7   3  16   5  0.42 0.28
  321 G     0   0  -1  -1  -3   2  -1   2   1  -3  -3   0  -1   0  -2   3   0  -3   1  -2    8   4   2   2   0  10   3  15   3   0   1   5   2   4   2  26   5   0   6   2  0.27 0.24
  322 D    -2   0  -1   7  -6  -4  -1  -3  -4  -5  -6  -4  -5  -1  -1  -4  -2  -6  -5  -2    3   5   2  69   0   0   3   2   0   0   1   0   0   3   4   0   2   0   0   4  1.53 0.70
  323 I     0  -4  -4  -4   4  -3  -4  -4   2   2   2  -1   2   0  -4  -1   0  -4  -3   3    6   0   0   0   8   0   0   0   7  13  17   4   5   5   0   5   5   0   0  19  0.33 0.27
  324 L     0   0   0  -2   2   0   0  -1   2   0  -1   0   1   1  -3   0   0   3   1   0    6   6   5   0   5   5   6   6   5   6   6   6   5   5   0   6   6   5   5   6  0.08 0.12
  325 K     0   0   0   1   0   1   1   0   0  -1  -1   0  -1  -1   1   0   0  -3   0   0   10   5   3   9   3   6   7   9   3   4   5   6   0   3   7   5   5   0   3   7  0.06 0.06
  326 S     2  -4  -1  -4   1  -3  -1  -1  -4  -1  -1  -3   0  -5   5   2   0  -5  -4   0   16   0   3   0   3   0   3   4   0   3   6   0   3   0  26  19   6   0   0   8  0.55 0.40
  327 K     0   2   0  -1   0   1  -1  -2   2  -2  -2   3   0  -1  -1   1   2  -4  -1  -2    5   9   3   2   2   7   3   2   6   2   2  18   3   2   3  13  12   0   2   2  0.21 0.22
  328 K     0   1   0  -2  -3   0   0  -2   1   0   1   2   0  -1  -1   0   0  -3  -1   0    6   7   5   0   0   4   4   2   3   5  19  17   2   2   2   6   4   0   2   6  0.10 0.14
  329 R    -1   1   1  -1   0   1   0  -2   3  -1  -1   0   0   1  -2   0   1   1   2  -1    4   9   6   3   3   7   5   2   7   3   5   7   2   6   2   6  10   2   7   3  0.12 0.13
  330 Q     0   0  -1  -2   1   1  -1   0   3  -1   0   0   0   0  -2   1   1   0   0   0    9   4   2   1   4   8   3   6   8   2   8   6   3   4   1   9  10   1   3   7  0.07 0.11
  331 G    -1   0   1   0   1   0  -2   2   1  -2  -1   0   0   1   0   1   0  -3   0  -1    3   5   9   6   4   4   0  17   3   0   5   4   3   7   4  10   7   0   3   3  0.10 0.12
  332 W    -1  -5   0  -5   5  -4  -5  -5  -5   1  -1  -5   2   1  -5  -1  -1  10  -2  -1    5   0   6   0  14   0   0   1   0   7   5   0   5   5   0   5   5  36   0   5  1.40 0.58
  333 R    -2   3  -1   5  -5   1   0  -2   0  -2  -4  -1   0  -1  -4  -1  -1   1  -1  -2    3  18   2  36   0   7   5   3   2   2   1   3   3   2   0   3   3   2   2   2  0.57 0.37
  334 T     0  -2   1  -3   1  -3  -1  -2  -1  -1  -1  -3  -1  -4  -1   0   5  -4  -1   0    6   2   6   0   3   0   4   2   1   3   7   0   2   0   2   7  47   0   2   6  0.59 0.43
  335 C     1  -4  -3  -1   3  -3  -2   0  -4   2   0  -3   1   0  -4  -1  -2   1   0   3   12   0   0   4   7   0   2   8   0  14   8   0   3   5   0   3   0   2   3  29  0.30 0.25
  336 L     4  -4  -4  -4  -3  -1  -3  -1  -3   0   2  -3   2   0  -3  -1   0  -4   1   0   42   0   0   0   0   2   0   4   0   4  20   0   6   3   0   3   5   0   5   5  0.46 0.35
  337 V    -3  -4  -1  -4   0  -2  -4  -3  -5   5   1  -4   1  -3  -4  -4   0  -4  -3   4    0   0   4   0   2   2   0   2   0  40   9   0   2   0   0   0   5   0   0  32  0.80 0.42
  338 V    -1  -4   0  -4   3  -4  -4  -4  -4   4   1  -4   1  -1  -4  -1  -1  -4  -3   4    3   0   5   0   7   0   0   0   0  30  10   0   2   2   0   6   3   0   0  31  0.61 0.34
  339 P    -2   1  -2   1  -5   1   4  -3   0  -4  -4   0  -4  -5   5  -1  -3  -1  -2  -1    2   6   1   6   0   5  35   2   2   0   0   4   0   0  27   3   0   1   1   5  0.76 0.40
  340 E    -2  -1  -3  -1  -5  -1   7  -3  -3  -5  -5   0  -1  -5  -2  -1   0  -5  -4  -5    2   3   0   2   0   0  74   1   0   0   0   4   2   0   1   4   5   0   0   0  1.38 0.62
  341 L    -1  -2  -4  -4  -3  -1  -4  -1  -4   1   4  -3   3   0  -4  -3  -1  -3  -3   1    3   2   0   0   0   3   0   6   0   5  58   0   8   2   0   0   3   0   0   8  0.62 0.34
  342 S     0   1   0   1  -1   1   3  -1  -1  -2  -1   0   0  -1  -2   1   0  -3  -2  -2    8   7   4   9   1   6  22   4   1   1   8   4   3   2   1  10   6   0   1   2  0.17 0.15
  343 W     1   1   1   0   0   1   0  -1   3  -2  -2   1  -1  -1  -2   1  -1   0   0  -1   16   6   8   4   2   5   6   4   9   1   3   8   1   3   1  11   3   1   4   5  0.11 0.11
  344 E    -4  -3  -3   2  -6  -1   7  -5  -3  -5  -5   0  -5  -2  -3  -2  -3  -5  -5  -5    1   0   0  10   0   1  74   0   0   0   1   4   0   2   1   1   1   0   0   0  1.58 0.67
  345 L    -2  -2  -2  -2  -3  -2  -2   0  -1   3   3  -2   2   1  -3  -1  -1  -3  -1   1    1   2   1   1   0   0   3   8   2  19  33   2   6   5   0   5   2   0   2   6  0.23 0.19
  346 D    -1   1   0   2  -3   1   1   0   1  -2  -2   1   1  -1  -2   0   0  -3  -1  -2    4   6   4  16   0   6  11   8   5   1   2  10   7   3   1   5   4   0   2   3  0.15 0.14
  347 I     1  -2  -2  -3  -2  -3  -1  -3  -2   3   1  -2   2  -2  -1   0   0  -2  -2   3   10   1   2   1   1   0   3   2   1  24   9   2   6   0   3   6   5   1   1  23  0.27 0.21
  348 W    -2  -1  -2  -2   0   1  -1  -1   1   0   2  -2   1   1  -3  -2  -1   6   3  -2    3   4   2   2   2   8   3   4   4   4  24   2   3   4   1   1   3  12   9   1  0.31 0.23
  349 A     0   0   3  -1  -1   1   0   0   1  -2   0   0  -1  -3   0   0   1   2  -1  -2    8   5  15   2   2   6   6   7   3   2   9   6   1   0   4   7   8   3   1   2  0.10 0.12
  350 Q    -1   1   0   1  -3   2   2  -2   2  -3  -2   1   0  -1  -1   1   0  -4  -1  -2    4   8   3   7   0  11  14   2   5   1   2   9   3   2   2  14   5   0   2   3  0.19 0.19
  351 E    -1   0   0   0   2   0  -1  -1   2   0  -1   0   2   0   0  -1   0   3   1  -1    5   5   5   5   5   5   5   5   5   5   5   5   5   5   5   5   5   5   5   5  0.03 0.09
  352 K     0   0   0   0   2   0   0   0   1   0  -1   0   1   0   1   0   0  -3  -1   0    6   6   5   6   5   5   6   6   5   6   6   6   5   5   6   6   6   0   0   6  0.03 0.07
  353 E    -1  -1  -1   1   1   1   2  -1   3  -2  -3   0   1   0   0   0  -1   2   4  -2    4   3   3   7   3   5  11   6   6   3   3   5   3   4   5   7   4   2  14   3  0.23 0.20
  354 R    -1   0   0   0  -3   0   0  -1   2   0  -1   0   1   0   0   0   0   3   1   0    5   5   5   5   0   5   5   5   5   5   5   5   5   5   5   5   5   5   5   5  0.06 0.08
  355 L    -1   1  -1  -1   2  -1  -2  -2   1   0   1  -1   2   2  -1  -1  -1   2   1   0    4   7   3   3   4   3   3   3   4   6  14   4   5  10   4   4   5   3   5   6  0.12 0.09
  356 E     0   1   1   1   0   2   3  -2   1   0  -2   1   0  -4  -1  -1   0  -5  -1  -1    8   6   5   7   2   9  18   2   4   5   4  10   2   0   3   3   6   0   2   4  0.19 0.21
  357 E    -1   2  -1   0  -5   1   3  -2   1  -2  -4   1  -1  -2  -1  -1   0   6  -4  -2    5  13   3   5   0   7  21   3   3   2   2   8   2   2   3   4   5  12   0   3  0.48 0.38
  358 L    -2  -3  -5  -6  -5  -1  -3  -3  -1   2   5  -2   2  -1  -5  -2  -3  -5   0   0    3   2   0   0   0   3   2   2   1  10  56   3   4   2   0   3   2   0   3   5  0.85 0.52
  359 K     0   2   0  -1  -4   4   1  -2   1   0  -2   1   0  -2  -4   1  -1  -5  -2  -1    7  12   5   4   0  20   7   2   3   6   3   9   2   1   0  10   4   0   1   4  0.29 0.28
  360 R     0   3   1  -1  -4   0   1  -1   0  -1  -1   1   1  -2  -1   0   0   1   0  -1    9  17   6   3   0   4  11   3   2   3   6   7   3   2   3   8   5   2   4   3  0.13 0.16
  361 L    -3  -2  -7  -7  -1   1  -3  -7  -6   0   6  -4   2  -2  -4  -6  -4   2  -1  -1    2   2   0   0   2   7   2   0   0   4  64   1   4   1   1   0   1   3   2   3  1.17 0.68
  362 D    -2   3   0   3  -5   1   3  -4   0   0  -2   1   0  -5  -2  -2   1  -5  -1  -4    3  15   5  16   0   6  17   0   2   6   4   7   2   0   1   2  11   0   2   0  0.39 0.33
  363 T    -1   0   1   0  -1   1   2   0   0  -1  -1   0   1   0  -2   1   0  -1  -1  -1    3   5   8   5   1   8  13   8   2   3   5   6   4   4   1   9   5   1   1   6  0.08 0.12
  364 H    -1   1  -1  -2   0   2   2  -4   2   0   2   0   1   0  -4  -2  -2  -4  -2   0    5   7   3   2   2  11  12   0   5   6  21   6   4   4   0   2   2   0   1   6  0.21 0.22
  365 L    -2   2  -3  -5  -2  -2  -5  -6  -1   3   4  -1   1   0  -3  -5  -2  -5  -4   1    3  12   1   0   1   2   0   0   1  17  39   4   3   3   2   0   2   0   0   9  0.66 0.42
  366 A     2   0   0   2  -2   1   3   0  -2  -2  -3  -2   0  -2  -2   1  -1   2  -3  -2   18   5   5  11   1   5  19   8   1   2   2   1   2   2   2   9   3   3   1   2  0.28 0.27
  367 D    -1   0   0   4  -5   1   4  -2   0  -4  -4   2  -5  -6  -2   0  -2  -6  -5  -3    6   5   5  23   0   5  24   4   2   1   2  11   0   0   2   6   2   0   0   2  0.58 0.40
  368 I    -1  -2  -5  -4   1  -2  -2  -4  -1   3   3  -2   4  -2  -3  -1  -2  -1  -2   1    4   2   0   1   2   1   3   1   2  18  33   3   9   1   1   6   2   1   1   9  0.51 0.34
  369 Y    -4  -1  -2   0  -2   3   2  -4   1  -1  -1  -3   1   3  -5  -3  -4   1   6  -3    1   3   1   5   1  12  15   1   4   4   6   1   3  10   0   1   0   2  26   2  0.71 0.47
  370 Q    -2   3   2   2  -5   3   2  -2   2  -4  -4   2  -2  -3  -3  -1  -1  -5  -2  -2    3  14   9  12   0  12  14   3   5   1   1  12   1   1   1   4   3   0   2   2  0.43 0.34
  371 H     0   1   1   1  -1   2   2  -1   5  -4  -2  -1  -4  -3  -2  -1  -2  -1   1  -2    7   8   7   7   2  11  13   4  15   1   4   3   0   1   2   4   2   1   5   3  0.35 0.30
  372 M    -1  -1  -2  -4  -2  -1  -3  -4  -1   2   4  -2   4   0  -3  -1  -1  -4   1   0    5   3   2   1   1   2   2   1   1   9  39   2  11   3   1   4   3   0   6   4  0.48 0.35
  373 D    -1   1   1   5   0   2   2  -3   3  -2  -2  -2  -4  -5  -3  -1  -2  -6  -5  -3    6   6   6  35   2   8  12   2   7   2   4   1   0   0   1   4   3   0   0   1  0.67 0.44
  374 G     1   2  -1  -1  -2  -2   0   1  -2  -1  -1  -1  -3   0   0   3  -1   2  -1  -2   10  11   3   3   1   1   7  10   1   4   7   2   0   4   5  22   2   3   2   2  0.17 0.22
  375 S    -1   0   0   0  -2   0   1  -1  -1  -1   0   0   0  -2  -1   2   0   3   0  -1    4   5   3   5   1   4  10   5   1   4  12   4   3   1   2  18   5   4   3   4  0.09 0.14
  376 S     1   0   0  -1  -3   2   0  -2   0  -3  -2   1  -1  -3  -1   4   0  -5   0  -3   12   5   3   3   1   8   6   2   2   2   5   7   2   1   2  29   5   0   3   1  0.31 0.31
  377 C     0   0   1   0   1   1   0  -1  -2  -1  -1   2  -1  -2  -1   1   0   4   0   0    9   4   7   4   3   6   5   3   1   4   6  13   2   1   2   9   5   6   3   7  0.11 0.14
  378 E    -2   1  -1   0  -3   3   5  -1  -1  -3  -2   0  -4  -2  -3   1   0  -5  -5  -3    4   7   3   5   1  12  34   5   1   2   4   4   0   2   1   9   5   0   0   1  0.52 0.41
  379 L    -1   2  -2   0   1   0  -1  -2  -2   1   2   1   0   0   0  -2  -2  -2   0  -1    5  13   1   6   3   4   3   3   1  10  22   9   2   3   6   3   2   0   3   3  0.14 0.17
  380 Q    -2   2   1   2  -5   3   0  -2   1  -3  -4   2  -1  -4   4  -1  -2  -2  -4  -3    4  10   5  13   0  14   4   2   3   2   1  11   1   1  18   5   2   1   0   2  0.50 0.37
  381 V     0   0   0   4  -2   0   2  -2   0   0  -1   0  -1  -1  -2   0  -1  -4  -2   0    8   5   4  23   1   3  12   2   2   5   6   6   1   3   2   7   3   0   1   6  0.21 0.19
  382 I    -1  -2  -4  -2   0  -2   0  -4  -1   4   2  -2   2  -1  -3  -2  -1  -1  -1   2    4   2   0   2   2   2   8   1   2  24  22   3   4   3   1   4   3   1   2  12  0.35 0.26
  383 N     0   1   2   1  -4   1   1   0  -2  -4  -2  -1   0  -2   0   2   0  -2  -4  -2    6   9  12   8   0   5  10   8   1   0   5   3   2   2   4  17   4   1   0   2  0.22 0.24
  384 F    -1   0   1   1  -2   0   1  -1   1  -2   0   1  -1   0  -2   2  -1   1  -1  -1    4   5   5   7   1   4  10   4   4   2   9  11   1   5   1  15   3   2   1   5  0.10 0.14
  385 T    -3   0  -3  -1  -2   0   1  -3  -3   3   1   0   0  -3  -2  -2   1   4  -2   1    1   6   1   4   1   4  11   2   1  18  13   5   3   1   2   3  10   7   1   8  0.26 0.25
  386 K    -1   2   0   0  -5   3  -1  -2  -1   2   0   3  -1  -3  -1  -2  -2  -5  -4  -1    6  13   4   6   0  12   4   3   2  12  11  16   1   1   2   1   2   0   0   3  0.27 0.27
  387 R     0   4   1   0  -6   2   3  -3  -1  -5  -4   3  -1  -3  -5  -1  -2  -2  -5  -4    7  23   6   4   0   7  18   1   1   0   2  17   1   1   0   5   3   1   0   1  0.60 0.43
  388 E    -1   2   0   0  -4   2   4  -1   2  -4  -5   1   1  -4  -2  -1  -2  -6  -3  -4    6  12   5   4   0   8  30   4   5   1   0   9   3   1   2   5   2   0   1   1  0.51 0.40
  389 I    -1   0  -2  -1  -4  -2  -3  -5  -2   4   2  -1   2  -1  -3  -3   0   2  -3   2    5   5   2   4   0   1   1   0   1  24  20   4   6   2   1   1   6   3   0  12  0.39 0.29
  390 Q    -2   4  -1   1  -5   3   0  -2  -2  -3  -1   2  -4   3  -2  -3  -2  -5  -3  -4    3  25   3   7   0  14   6   3   1   1   7  12   0  12   2   1   2   0   0   0  0.52 0.40
  391 M     1  -1   2   0   0   2  -1  -3  -1  -1  -1   0   3  -2  -2   0  -2  -4  -3   2   10   3  11   6   2  10   4   2   1   2   6   6   9   1   2   7   1   0   0  17  0.20 0.23
  392 P    -1   0  -3   0  -4   1   2  -3  -1   0  -1   1   1  -4   3  -1   2  -4  -3  -1    4   4   0   4   0   6  16   2   1   6   7   9   4   0  16   5  12   0   0   3  0.30 0.26
  393 H    -2   4  -2  -4  -5   2  -1  -4   7   1  -1  -2  -1  -1  -4  -1  -2  -4  -1  -2    3  21   1   1   0   8   4   1  29  10   6   2   2   3   1   4   2   0   1   2  0.86 0.49
  394 E    -1   1  -1   1  -4   2   4  -3   1  -4  -3  -1   1   2  -3   1  -2  -4  -2  -3    5   8   2   9   0   7  28   2   3   1   2   3   3  10   1  10   2   0   1   2  0.41 0.32
  395 S     0   1   1   1  -3   2   1   1   0  -1  -2   1  -1  -3  -2   1  -1  -1  -3  -1    5   8   6   9   0   9  10  12   2   4   2   7   1   1   2  13   3   1   1   3  0.17 0.16
  396 V     2   0  -1  -2  -2  -2  -2  -3  -2   1   2  -2   0  -1  -2   1   1  -3  -1   1   17   6   2   1   0   1   2   1   1   6  23   2   1   2   2   9  10   0   2  10  0.17 0.18
  397 V    -1   1  -1  -1  -3   2   0  -2  -2   1   1   0   1  -2  -2  -1   1   0  -2   2    5   9   3   3   0  10   5   3   0   8  12   5   3   1   2   3   8   1   1  17  0.11 0.14
  398 E    -1   2  -1   1  -4   0   4  -3   0  -3  -2   2  -3   2  -3  -1  -2  -4  -2  -2    5  13   2   6   0   3  33   2   2   2   3  10   0   9   1   3   2   0   1   3  0.48 0.34
  399 Q    -1   2   0   0  -3   3   2  -2   2  -2  -1   1   1  -3  -1   0   0  -3  -2  -2    4  10   4   4   0  14  15   3   6   3   6   9   5   1   2   7   5   0   1   2  0.23 0.20
  400 E    -1   1  -1   0  -3  -1   2  -3   2   0   0  -1   2   0  -2   0   1  -1   1   0    5   9   3   4   0   2  15   1   6   4   7   2   7   3   1   6  11   1   5   5  0.13 0.15
  401 Q    -1   2  -1  -2  -3   2   2  -2   5  -3  -1   2  -2  -3  -3  -1  -1   0   1  -2    6  12   3   1   0  11  13   2  15   1   7  12   0   1   1   3   4   1   4   3  0.35 0.26
  402 A     3   0  -1  -1  -2   1   0  -1   2  -2  -1   0   0  -2  -2   1   0  -3   0  -1   29   3   1   3   0   6   6   3   5   2   7   6   2   1   1  11   5   0   4   5  0.19 0.19
  403 N    -1   0   2   2   0   0   1  -2   2  -2   0   1   0  -1  -2   0  -1  -3  -1  -2    4   5  11  12   3   4  11   1   5   1  13  11   2   4   1   7   2   0   1   2  0.15 0.15
  404 L    -2  -4  -5  -4  -5  -1  -4  -2  -2   0   2  -1   6   5  -5  -3  -2  -3   2  -3    3   0   0   1   0   3   1   3   1   4  22   4  21  27   0   1   2   0   6   0  0.83 0.51
  405 D    -2   0   4   5  -6  -2  -1   1   4  -5  -6  -2  -2  -5  -5  -2  -1  -6  -3  -4    2   6  23  36   0   1   2  11   9   0   0   2   1   0   0   1   3   0   1   1  0.94 0.54
  406 P     1  -1  -1  -2  -4   1   2  -3   1  -2  -1  -1   3  -3   5  -1  -1  -5  -4  -1   10   3   4   1   0   5  14   1   3   1   4   4   9   1  28   3   4   0   0   4  0.50 0.37
  407 A     1  -1  -1  -2   2   1   0   0  -1  -1  -1  -1   4   2  -3   1   0  -3   0  -1   12   4   3   1   5   6   8   8   1   2   5   1  13   8   0  13   4   0   2   3  0.16 0.21
  408 S    -2  -2   2  -3  -4   1   2   1   1  -3  -4  -1  -3   1  -4   0  -3   3   5  -3    3   1  10   0   0   6  17  11   2   1   1   3   0   6   0   7   0   4  25   2  0.55 0.40
  409 C     0  -1  -1  -2   2  -1  -2   4   0  -3  -1  -1  -1  -1   0   2  -2  -4  -1  -1    5   3   3   1   4   3   2  30   2   0   6   3   2   2   5  21   1   0   2   4  0.34 0.28
  410 L    -2  -2  -1  -4  -2   1  -3  -4  -2   1   2   0   4   1   1   0  -3  -3   1   0    2   1   2   0   1   7   0   0   1   8  25   7  15   6   7   6   0   0   5   4  0.32 0.29
  411 L    -1   2  -5  -6  -5  -4  -5  -6  -4   0   3  -1   5   4  -5  -4  -3   2   0  -1    5  13   0   0   0   0   0   0   0   3  32   4  15  19   0   0   0   3   2   4  0.76 0.48
  412 S     1   2   0  -3  -4  -2  -2   5  -1  -5  -5  -3  -4   1  -4   1   0  -4  -2  -4   11  13   4   0   0   1   2  41   2   0   0   0   0   6   0  13   5   0   1   0  0.69 0.43
  413 C     0   1  -2  -2   3  -2   0   1  -1  -3  -1  -3  -3  -3  -4   4   0  -4  -1  -2    5   9   0   1   6   1   5   9   2   1   6   0   0   1   0  42   5   0   2   3  0.48 0.40
  414 N    -1   0   1  -2  -3   0  -2   0   1   0   3  -2   0  -2  -2   0   0  -3  -1   0    5   7   8   1   0   5   0   7   4   6  31   0   2   0   1   7   7   0   2   6  0.16 0.20
  415 Q    -5   2   0  -5  -5   3  -1  -5   1  -2  -1  -2   1   7  -5  -4  -4   5   0  -4    0  11   5   0   0  12   4   0   3   2   5   1   4  43   0   0   0   8   2   0  1.05 0.58
  416 R    -3   7   0  -4  -7  -3   1  -2   4  -4  -6   1  -2  -6  -5  -1  -3  -6  -5  -6    2  59   4   0   0   0   8   3  11   1   0   7   1   0   0   4   1   0   0   0  1.40 0.72
  417 S     1  -2   1  -2   2   2  -3  -3  -4  -3  -5  -2  -1  -2  -4   5   3  -6  -5  -4   12   2   5   1   4  10   0   1   0   1   0   1   2   2   0  44  16   0   0   0  0.77 0.55
  418 L    -2   2  -2  -3  -5  -2  -3   5   4  -3  -2  -3  -4  -2  -5  -1   1  -4   1  -2    2  13   1   1   0   1   1  42  11   1   5   0   0   1   0   3   9   0   5   3  0.66 0.43
  419 P     0  -1   1  -3  -4  -1   0  -1   2  -4  -4  -2  -1   3   1   3   0  -3   3  -4    6   3   6   0   0   3   6   4   5   0   0   1   1  12   6  29   4   0  12   0  0.41 0.35
  420 A     1   5   2  -2  -4   2   0  -4  -2  -2  -2   1  -3  -4  -3   0  -1  -5  -2  -2   15  34   9   2   0   8   7   0   1   2   4   5   0   0   0   6   4   0   1   3  0.49 0.35
  421 K    -1  -2   2   0  -4   4   1  -2   3  -4  -2   2   0  -4   2  -1   1  -4  -1  -2    5   0   9   5   0  21   9   2   8   0   4  13   2   0   9   1   8   0   1   3  0.35 0.30
  422 S    -3   0  -1   0  -4   3  -1  -4  -4  -4  -3  -1  -4  -5  -4   3   5  -5  -4  -4    0   5   2   4   0  12   2   0   0   0   2   2   0   0   0  24  46   0   0   0  0.93 0.57
  423 C    -1   1  -4  -4   1   0  -3  -1  -1   1   1  -3  -1   5  -4  -2  -1   0   3   0    5   8   0   0   3   4   0   4   1   8  15   0   1  27   0   2   3   1  11   7  0.37 0.26
  424 L    -5  -5  -6  -6  -5  -2  -1  -6   0  -1   1  -6   0   8  -6  -5  -5  -3   2  -4    0   0   0   0   0   2   5   0   2   3  11   0   2  71   0   0   0   0   4   0  1.76 0.70
  425 S     5   0  -3  -2  -3  -1  -2  -1  -4  -4  -4  -2  -4  -5   0   3   0  -5  -4  -3   47   6   0   2   0   2   2   4   0   0   0   2   0   0   5  27   4   0   0   0  0.73 0.45
  426 S     0  -2   1  -3  -4  -3  -3  -1   4  -4  -4  -3   0  -1  -4   5   0  -1   4  -4    6   1   7   0   0   0   0   3  10   0   0   0   3   2   0  47   3   1  17   0  0.79 0.48
  427 A     2  -2  -3  -4  -5   7  -2  -2  -3  -5  -3   0  -4  -6  -2   1  -3  -5  -2  -5   15   0   0   0   0  64   0   3   0   0   2   4   0   0   1   8   0   0   2   0  1.34 0.67
  428 I    -3  -5  -5  -5  -3  -4  -5  -5  -5   3   3  -4   1  -2  -5  -4  -2  -4  -3   5    0   0   0   0   0   0   0   0   0  17  26   0   2   0   0   0   0   0   0  56  0.99 0.39

                      K         Lambda
Standard Ungapped    0.1388     0.3234
Standard Gapped      0.0350     0.2670
PSI Ungapped         0.1145     0.3178
PSI Gapped           0.0350     0.2670
