
Last position-specific scoring matrix computed, weighted observed percentages rounded down, information per position, and relative weight of gapless real matches to pseudocounts
            A   R   N   D   C   Q   E   G   H   I   L   K   M   F   P   S   T   W   Y   V   A   R   N   D   C   Q   E   G   H   I   L   K   M   F   P   S   T   W   Y   V
    1 M    -4  -5  -5  -6  -4  -4  -5  -6  -5   1  -1  -5  10  -3  -6  -5  -3  -5  -4   3    0   0   0   0   0   0   0   0   0   7   0   0  75   0   0   0   0   0   0  18  2.07 0.64
    2 A     4   0  -2  -3  -3  -3  -3  -3  -4  -3  -1  -1  -3  -4  -3   2   3  -5  -4   0   43   5   1   0   0   0   0   0   0   0   7   2   0   0   0  16  20   0   0   6  0.57 0.34
    3 L    -3  -6  -6  -7  -6  -5  -6  -7  -6   0   0  -6  10  -1   0   0  -2  -6  -5   1    1   0   0   0   0   0   0   0   0   4   6   0  63   2   6   6   3   0   0   8  1.96 0.83
    4 V     4  -5  -4  -3  -2  -3  -4  -2  -3   0   0  -4   2  -4  -2   2   1  -6  -5   2   34   0   0   1   1   1   0   2   0   4   7   0   4   0   2  19   7   0   0  17  0.57 0.41
    5 L    -1  -4  -6  -6  -2  -4  -6  -6  -3  -1   5  -4   4   1   2  -1  -3  -5  -4   0    6   1   0   0   1   0   0   0   1   2  47   1  12   6  12   5   1   0   0   5  0.85 0.49
    6 I    -2  -4  -4  -6  -1  -4  -4  -4  -4   2   4  -2   3  -2  -3  -2   3  -1  -4   1    3   0   1   0   1   1   0   1   0  13  37   2   6   1   1   3  19   1   0   9  0.62 0.39
    7 L    -2  -6  -5  -5   8  -4  -6  -4  -6   0   3  -6  -2  -1  -1  -2  -2  -3  -1   3    3   0   1   0  29   1   0   2   0   4  29   0   1   3   4   3   2   0   3  17  1.07 0.54
    8 Q     0  -1  -4  -5  -1  -2  -2  -3  -5   0   4  -4   0  -1  -1  -1   2  -2  -3   0    7   4   0   0   1   2   2   2   0   5  42   0   2   3   4   4  15   1   1   6  0.48 0.35
    9 L     1  -3  -5  -5  -2  -3  -4   4  -3   0   0  -5  -2   4  -4  -1   0  -2  -2  -1   14   1   0   0   1   1   1  34   1   4   8   0   1  21   1   4   5   1   1   3  0.67 0.42
   10 L    -4  -7  -6  -5  -4  -5  -6  -8  -3  -1   6  -5   0   2  -5  -4  -6  -6  -4  -1    1   0   0   1   0   0   0   0   1   2  75   1   2   9   1   1   0   0   0   4  1.58 0.76
   11 T    -1  -5  -3  -5   2  -5  -5   2  -5  -2   3  -5  -1  -2  -4   4   1  -3  -3  -2    4   0   1   0   4   0   0  16   0   2  24   0   1   1   1  35   8   0   1   3  0.70 0.50
   12 L    -3  -7  -7  -8   7  -5  -6  -7  -7  -3   5  -6  -3   1  -5  -3  -5   5  -1   2    2   0   0   0  19   1   0   0   0   1  44   0   0   6   1   2   0   8   2  14  1.32 0.67
   13 W    -4  -4  -6  -3  -2  -7  -5   3  -5  -5   2  -6  -3   1  -6  -1  -4  10  -1  -3    1   1   0   2   1   0   1  18   0   1  17   0   1   5   1   6   1  41   2   2  1.80 0.85
   14 P    -3  -3  -4  -5   0  -2  -4   3  -1  -4   2  -4   0  -4   3   3  -3  -2  -2  -4    2   1   1   0   2   2   1  22   1   1  21   1   2   1  15  23   1   1   1   1  0.62 0.46
   15 L     1   3  -4  -3  -5  -3   0  -3  -3  -3   3  -3  -2   2  -4   0  -3   2  -3   2   10  15   1   1   0   0   5   2   1   1  30   1   0   7   0   8   1   2   1  13  0.43 0.33
   16 C     0  -2  -4  -2   6  -1  -1   1  -4  -3  -4  -4  -4  -1   3   1   3  -3  -2  -2    6   2   1   2  18   3   4  10   0   2   1   1   0   3  16  10  17   0   1   2  0.63 0.41
   17 H    -1   1  -2  -3  -3   3  -3  -4   6  -3   2  -3  -1  -1   1   1  -3   1   0  -3    4   7   2   2   0  11   2   1  21   1  17   1   1   2   6  12   1   2   4   2  0.56 0.36
   18 T    -2  -3  -2  -3   1  -5  -4   0  -6  -3  -5  -5  -4  -6  -3   6  -1  -2  -5   0    3   1   2   2   2   0   1   8   0   2   1   0   0   0   1  62   3   1   1   8  1.30 0.78
   19 D    -3   0   0   6  -7   4   0  -4  -1  -6  -4  -2  -6  -6   0  -3  -4   4  -5  -3    2   4   4  42   0  17   7   1   2   0   2   3   0   0   5   2   1   4   0   2  1.08 0.63
   20 I     1  -1  -3  -4  -4  -1  -3  -2  -2  -1  -1  -1   0  -3   5   1   1  -4  -2   0   11   4   1   1   0   2   2   3   1   4   7   4   2   1  29   9  10   0   2   6  0.50 0.35
   21 T    -2  -4  -2  -3  -3   1  -3  -3  -5   0   4  -4   0  -3  -2  -1   1  -2  -3   2    3   1   2   2   1   6   1   3   0   4  44   1   2   1   2   4   8   1   1  13  0.61 0.37
   22 P    -2   1  -2   0  -5   2   5  -2  -1  -4  -2   0  -3  -4   2  -2  -2  -1  -3  -4    4   8   2   6   0   9  36   3   2   1   5   4   1   1  11   2   3   1   1   1  0.63 0.42
   23 S     1  -4  -3  -3  -4  -3  -2  -2  -4   3   4  -4  -1  -3  -4   0  -1  -3  -3  -1   10   1   1   1   0   1   3   3   0  15  41   1   1   1   1   9   4   0   1   4  0.60 0.36
   24 V     0  -3  -3  -2   1  -1  -2  -3  -1   2   2  -3   1  -2  -1  -2  -1   0  -3   4    7   1   2   2   3   3   3   2   1   8  17   1   3   2   3   3   3   1   1  32  0.43 0.27
   25 P    -2  -4  -4  -4  -4  -3  -3  -4  -4   1  -1  -3   1  -2   2  -2  -1   0  -4   6    4   1   1   1   0   1   2   1   1   7   6   2   3   2  12   3   4   2   0  47  0.90 0.47
   26 P     0  -1  -3  -4  -1   2  -2  -1   2  -2  -2  -2  -2  -2   2   1   5  -4  -3   0    7   3   1   1   2   8   2   4   4   2   5   2   1   2   9   9  31   0   1   6  0.46 0.33
   27 A     2  -3  -2   1  -4  -1   1   3  -2  -2  -2  -2  -2  -4   0   0   2  -4  -4  -2   17   1   2   7   0   2   9  23   1   3   5   2   1   1   5   8  11   0   0   3  0.34 0.25
   28 S    -1  -1  -3  -1  -5   0   0   5  -2  -1  -2  -5  -3  -2  -2  -2  -1  -3  -4   0    4   4   1   4   0   5   7  47   1   3   4   0   1   2   2   3   4   0   1   7  0.75 0.45
   29 Y    -1  -1  -1  -2  -4  -1  -2  -2   0   0   0  -2   0   2   0   2   3  -4   2   1    3   3   2   2   0   2   3   3   2   4  11   3   2   7   4  14  16   0   8  10  0.20 0.20
   30 H    -4  -1  -2  -3  -3  -1  -3  -6   4  -3   4  -3  -3   2  -1  -2  -4  -2   5  -2    2   3   2   2   1   3   2   1   8   1  35   1   0   9   4   3   1   1  19   3  0.78 0.45
   31 P    -4   1  -1   1  -5  -4  -3  -3  -4  -6  -4  -2  -4  -5   7   1  -1  -7  -6  -5    1   7   3   7   0   1   2   2   0   1   2   2   1   1  52  11   4   0   0   1  1.40 0.76
   32 K    -3   3  -4  -6  -8   0  -2  -6  -7  -5  -8   7  -4  -8  -2  -5  -2  -8  -5  -7    3  14   1   0   0   4   3   1   0   1   0  66   1   0   3   1   2   0   1   0  1.90 0.96
   33 P    -6  -8 -10  -9 -10  -7  -9 -10 -10  -8  -4  -9 -10  -6   9  -5  -6 -11 -10  -5    1   0   0   0   0   0   0   0   0   0   3   0   0   0  92   1   0   0   0   1  3.40 1.60
   34 W    -4  -1  -2  -4  -4  -4  -4  -5  -2   0  -3  -6  -5   1  -6   6   3   0  -3  -3    1   3   2   1   0   1   1   1   1   6   2   0   0   5   0  52  18   2   1   2  1.21 0.78
   35 L    -8  -8 -10 -10  -4  -9  -9 -10  -5   5   6  -9  -3  -1  -6  -8  -7  -8  -8  -4    0   0   0   0   1   0   0   0   0  30  64   0   1   2   1   0   0   0   0   1  2.04 0.97
   36 G    -5   1  -6  -8  -3  -2  -6  -4  -2  -5   0  -4  -5  -2  -8   5   0   9  -4  -7    1   7   0   0   1   2   1   2   1   1   8   1   0   2   0  41   5  25   1   0  1.62 0.93
   37 A     7  -7  -8  -9  -7  -6  -7  -6  -9  -2   0  -6  -3  -5  -5  -3  -2  -9  -8   2   68   0   0   0   0   0   0   1   0   2   9   0   1   0   1   2   3   0   0  12  1.71 0.94
   38 Q    -5  -1  -3  -1  -8   4   4  -7   5  -3   1  -1  -3  -6  -4   0  -4   6  -3  -2    1   3   1   4   0  14  24   0  11   2  13   3   1   0   1   7   1   9   1   4  0.79 0.54
   39 P    -5  -7  -4  -7 -11   0  -9  -8  -2 -11  -6  -6 -10  -7   9  -1  -4 -11  -7  -8    1   0   1   0   0   4   0   0   1   0   1   0   0   0  82   5   2   0   0   0  2.83 1.44
   40 A    -2  -1  -1  -1  -4  -5  -2   5  -3  -9  -9  -3  -7  -9  -3   5  -3  -6  -7  -6    4   3   3   4   0   0   3  40   1   0   0   2   0   0   2  36   2   0   0   1  1.28 0.78
   41 T    -1  -2  -3  -6  -6   0  -3  -1   1  -7  -2  -5  -5  -2   5   4  -1  -2  -4  -5    5   3   1   0   0   4   2   5   3   0   4   0   0   2  29  33   5   1   1   1  0.97 0.68
   42 V    -3  -2  -4  -7  -7  -5  -3  -2  -2   0   2  -6   4  -4  -3  -4  -2  -2  -4   6    2   2   1   0   0   1   3   4   1   4  17   0   8   1   2   1   2   1   1  49  1.10 0.63
   43 V    -5  -9  -7 -10  -8  -4  -9  -7 -10   4  -1  -9   1  -6  -4  -6  -3 -10  -8   7    1   0   0   0   0   1   0   1   0  21   6   0   3   0   1   1   2   0   0  63  1.95 0.94
   44 T     2  -3  -3  -4  -7  -4  -2  -5  -1  -4  -2  -1  -2  -5   5   1   3  -6  -5  -3   17   1   1   1   0   1   3   1   2   1   5   4   1   1  28  11  19   0   1   2  0.78 0.56
   45 P    -1   0  -4  -6  -5   1  -2  -7  -1  -3   2   0  -1  -6   4   2  -1   5  -3  -1    4   5   1   0   0   6   3   0   1   1  19   5   1   0  19  17   4   8   1   4  0.57 0.45
   46 G    -6  -3  -1  -4 -10  -4  -2   7  -4 -11  -9  -1  -7  -7  -7  -5  -8   2  -4  -8    0   2   3   1   0   1   3  78   0   0   0   4   0   0   0   1   0   3   1   0  2.17 1.08
   47 V    -1  -1  -1   1  -5   2   2   3  -1  -6  -6  -1  -3  -8  -7   3   1  -3  -6  -4    6   4   3   8   0   8  14  19   2   0   1   4   1   0   0  20   9   0   0   1  0.54 0.43
   48 N    -2  -1   6   0  -9  -2  -4  -7   2  -7  -7  -1  -5  -5   4   2   1 -10  -3  -7    4   4  34   4   0   2   1   0   4   0   1   4   0   1  17  13   9   0   1   0  1.07 0.68
   49 V    -4  -9 -11 -11  -4 -10 -10  -7 -11   0   0  -8   1  -6 -10  -8  -4 -11  -9   8    2   0   0   0   0   0   0   1   0   4   9   0   3   0   0   0   1   0   0  79  2.38 1.12
   50 T    -5  -5  -3  -6  -9  -4  -8 -10  -6  -1  -8  -3  -2  -8  -8   0   8  -5 -10  -4    1   1   2   1   0   1   0   0   0   4   0   2   1   0   0   7  78   0   0   1  2.38 1.24
   51 L    -9  -9  -8 -10  -8  -8 -10 -11  -4   5   6 -10  -1   1  -6  -9  -7  -9  -8  -2    0   0   0   0   0   0   0   0   1  30  59   0   1   6   0   0   0   0   0   2  1.95 0.93
   52 R    -7   4  -6  -7   0   5  -2  -7   2  -6  -1  -2  -4  -1  -7  -1  -2   8  -2  -5    0  20   0   0   2  25   2   0   4   0   8   2   1   3   0   5   3  21   1   1  1.40 0.80
   53 C    -9  -7 -10 -11  12 -10 -11 -10 -11  -9  -9 -11 -10  -6 -10  -6  -9  -5  -4  -9    0   0   0   0  96   0   0   0   0   0   0   0   0   0   0   1   0   0   1   0  4.98 1.93
   54 R    -5   4  -4  -3  -1   6   0  -2   5  -5  -4  -1  -5  -3  -5   0  -4   4  -4  -1    1  18   1   1   1  28   7   3  13   1   2   4   0   1   1   7   1   5   1   4  1.02 0.64
   55 A     0  -2  -2  -6   1  -7  -5   5  -4  -5  -2  -5  -6  -6  -6   4   0  -4  -3  -3    9   2   2   0   3   0   1  35   0   1   4   1   0   0   0  32   5   0   1   2  1.01 0.64
   56 P    -2   0  -2   0  -6   2   1  -3   2  -3  -4  -2  -3  -7   5   2   2   3  -5  -5    3   6   2   6   0   8   8   2   4   2   2   2   1   0  25  12  10   4   0   1  0.61 0.47
   57 Q    -2   1  -4  -3   0   2  -2  -3   1   0   2  -1   0  -2   2   0  -1   2   0   0    4   7   1   1   2   9   2   2   3   5  22   3   2   2  12   7   4   3   3   6  0.24 0.22
   58 P    -2   1  -3   0  -4   2   2   3  -1  -4  -1   0   0  -4   1  -1  -2   2  -3  -2    3   8   1   5   0  10  14  21   2   1   6   5   2   1   8   5   2   3   1   3  0.33 0.30
   59 A     4  -4   0  -2  -3  -6  -3   1  -2  -3  -3  -5  -2   4  -5  -2   0  -5   3   0   29   1   4   3   1   0   2  11   1   1   2   1   1  18   1   4   7   0   9   6  0.66 0.45
   60 W     0  -2   0   4  -5   3   1  -1   1  -3  -2   0   1  -4  -4  -2  -1   1  -2   1    7   2   3  23   0  12   9   5   3   1   4   5   3   1   1   2   4   2   2  12  0.41 0.33
   61 R    -2   4  -1  -1  -7  -1   2  -2   0  -1  -2   1   1  -5  -5   0   2   3  -3  -2    4  21   3   3   0   2  15   3   2   4   4   8   4   0   0   6  12   4   1   3  0.42 0.34
   62 F    -5 -10  -7  -8  -1 -10 -10 -10  -4  -3  -3 -10  -4   8 -10  -8  -7   1   6   0    1   0   0   0   1   0   0   0   1   2   3   0   1  57   0   0   0   2  25   6  2.48 1.13
   63 G     1   3  -3  -4  -1   1  -2  -4   3   2  -1  -3   0   1  -6  -2   0   1   1   1   10  16   1   1   1   7   2   1   8  12   7   1   2   5   0   3   6   2   5   8  0.34 0.27
   64 L    -9  -9 -10 -10  -9  -7 -10  -8 -10   0   7  -8  -3  -2 -10 -10  -9  -3  -6  -3    0   0   0   0   0   0   0   0   0   4  90   0   1   1   0   0   0   0   0   2  2.50 1.16
   65 F    -6   0  -2  -2  -1  -2  -1  -5   5  -2   0  -3  -1   2  -7   0   1   2   6  -3    0   5   2   3   1   2   5   1  13   2   8   2   2   7   0   7   8   2  28   2  0.83 0.51
   66 K    -7   3  -4  -8 -10   1  -4  -8  -2  -8  -7   8  -6  -3  -8  -5  -5  -4  -6  -6    0  12   1   0   0   7   1   0   1   0   1  71   0   2   0   1   1   0   0   1  2.23 1.11
   67 P    -1  -3   0   4  -5  -2   6  -2  -5  -5  -5  -2  -3  -5  -2  -4  -2  -4  -4  -1    5   2   5  17   0   2  47   4   0   1   2   3   1   1   3   1   2   0   1   4  1.08 0.66
   68 G    -5   0  -2   1  -8  -2   1   6  -3  -8  -7   0  -7  -7  -6  -2  -5  -3  -6  -5    1   4   2   7   0   2   9  60   1   0   1   5   0   0   0   3   1   1   0   1  1.45 0.77
   69 E    -1   1   0   1  -3   0   1   1   2  -1  -3  -1  -2  -4   0   2   1  -2  -2   0    4   7   4   8   0   3   9  12   5   3   2   4   1   0   4  17   7   1   2   6  0.19 0.19
   70 I     0  -1  -2  -3  -3   2  -2  -2   0  -2   1  -1  -2  -1   3   2   0   2  -2  -1    8   4   2   2   1   9   3   3   2   3  12   3   1   3  15  14   6   3   1   5  0.22 0.23
   71 A     0   1   0   1  -1   2   1   0   2  -2  -1   1  -2  -1  -3   0   0   1  -3  -1    8   8   4   7   1   8  11   7   5   2   5   8   1   3   1   6   6   2   1   4  0.12 0.13
   72 P    -1  -2  -2  -1  -1  -2  -1  -5   2  -3   0  -2  -6  -1   6   1  -2  -2   2  -2    4   2   2   4   1   2   5   1   5   2   9   2   0   3  32  10   3   1   7   4  0.63 0.44
   73 L    -3   0  -3  -4  -1  -1  -3  -3  -1   0   2  -2   1   0   2   1  -1   7  -1   0    2   5   1   1   1   3   2   2   1   6  17   2   3   3  10  12   3  15   2   6  0.50 0.36
   74 L    -2   1  -2   2  -2   5   0  -3   0  -1   0   1  -1  -2  -1  -3  -2   4   0   0    3   7   1   9   1  22   6   2   2   3  10   8   2   2   3   2   2   6   3   6  0.38 0.32
   75 F    -2   3  -1  -2  -5   2   1  -2   4   0  -1  -1  -1   0  -2   0   2  -3   1  -2    3  13   3   2   0   9   8   3   8   5   6   4   2   3   2   8  13   0   5   2  0.26 0.24
   76 R    -3   1  -3  -5  -6   4  -1  -4   2  -2   2   1   2  -4   2   0   0   1  -3  -3    2   9   1   0   0  17   4   1   5   2  18   7   4   1  12   7   5   2   1   2  0.44 0.36
   77 D    -3   0   1   3  -5   3   1  -3   2  -3  -2   1  -4  -4   0   1   0  -2  -3  -3    2   6   7  17   0  14   8   2   4   1   4   7   0   1   6  10   6   1   1   2  0.37 0.31
   78 V     0  -2  -2  -1  -6  -1   0   1  -1  -2  -1   1  -3  -4   4   2   0  -1  -2   0    9   3   1   3   0   3   5   9   1   3   6   7   0   1  19  16   6   1   2   6  0.29 0.27
   79 S     1  -1  -3  -3  -3   1   0   2   0  -3  -3  -2  -2  -2   4   2   1  -1  -2  -1   12   3   1   2   0   7   5  13   3   2   3   2   1   2  18  13   7   1   2   4  0.31 0.29
   80 S    -2   2  -2  -1  -4   4   1   3   0  -5  -2  -1  -1  -2  -2   1  -2   1  -3  -3    3  12   2   3   0  16   8  24   2   1   5   3   2   2   2   8   3   2   1   2  0.45 0.36
   81 E    -2  -2   4   3  -2  -1   0   0   2  -2  -4   0  -2   1  -3   2   0  -4   0  -4    3   2  18  14   1   2   5   6   5   3   2   5   1   6   1  16   5   0   4   1  0.40 0.31
   82 L    -2   0  -3  -4  -4   5   2  -2   0  -3  -2   4   0  -4  -4  -1   0   2  -4  -1    3   5   1   1   0  22  11   3   2   2   5  21   2   1   1   4   7   3   1   5  0.58 0.43
   83 A     6  -6   0  -5  -5  -6  -5  -1  -1  -4  -5  -3  -4  -4  -1  -3  -1  -8  -5   1   61   0   5   1   0   0   1   5   2   1   1   2   1   1   3   2   4   0   1  10  1.32 0.75
   84 E    -2   0   2   2  -3   0   4  -3  -1  -3  -1   2   0  -5  -4   0   0  -3  -3  -1    3   5   9  10   1   5  23   2   2   2   6  12   2   1   1   6   6   0   1   4  0.38 0.30
   85 F    -9  -9  -7 -10  -9  -9  -9  -9  -8  -4  -1  -9  -7  10 -10  -6  -7  -4  -3  -4    0   0   0   0   0   0   0   0   0   1   6   0   0  88   0   1   0   0   1   2  3.41 1.42
   86 F    -4  -1  -2  -6  -2  -3  -4  -6   3  -4   1  -5  -5   1   4   4   1  -7  -1  -3    1   3   2   0   1   1   1   0   6   1  13   0   0   6  18  32   8   0   2   2  0.80 0.57
   87 L    -6  -9  -6  -9  -8  -7  -7  -9  -9   6   4  -8   2   2  -9  -6  -4  -8  -5   1    0   0   1   0   0   0   1   0   0  41  34   0   5   7   0   1   1   0   0   8  1.61 0.77
   88 E    -1  -1  -1  -1  -7   0  -1   3  -1  -3  -3  -2  -5  -4   4   2   1  -3  -3  -2    4   3   3   3   0   5   5  21   1   2   3   2   0   1  17  15  10   0   1   3  0.47 0.38
   89 E     0  -3   2   0  -3  -2  -1  -3   2  -5  -4  -2  -5  -2   5   3  -1  -3   0  -3    8   2   9   5   1   2   4   2   5   1   2   2   0   2  24  22   3   0   3   2  0.63 0.47
   90 V    -1  -8  -8  -9  -7  -8  -7  -6  -8   1   0  -7   7  -6  -8  -5  -2  -5  -8   6    6   0   0   0   0   0   0   1   0   6   9   0  25   0   0   1   3   0   0  46  1.74 0.87
   91 T    -3   1   0  -1  -7  -1  -2  -2  -3  -4  -6   1  -1  -7  -7   2   6  -6  -6  -5    2   8   5   3   0   3   3   4   1   1   1   8   2   0   0  15  44   0   0   1  1.07 0.69
   92 P     0   2  -4  -2  -3   1   1  -2   1  -3  -1  -2  -2  -3   4   1   1   2  -2  -1    6   9   1   2   0   6  10   4   3   2   7   3   1   1  18  11   7   3   2   4  0.30 0.28
   93 A     1  -1   1   2  -6   1   2  -1   2  -3  -3  -2  -3  -5  -5   2   0  -4  -1  -3   13   4   7  11   0   5  14   5   5   2   2   2   1   0   0  16   6   0   2   2  0.34 0.30
   94 Q    -5  -3   2   4  -5   2  -5  -6   8  -6  -3  -4  -3  -3  -8  -2   1  -2   2  -6    1   1  10  22   0   8   1   1  31   0   3   1   1   1   0   3   8   1   6   1  1.36 0.74
   95 G     6   2  -4  -6  -7  -4  -4   2  -7  -6  -7  -4  -4  -6  -4   0   1  -5  -8  -3   52   9   1   0   0   1   1  15   0   1   0   1   0   0   1   6   8   0   0   2  1.20 0.72
   96 G    -5  -3  -8  -7  -9  -6  -6   8  -9 -10 -10  -9  -3  -9  -9  -6  -7   4  -9  -5    1   2   0   0   0   0   1  87   0   0   0   0   1   0   0   0   0   5   0   1  2.71 1.26
   97 I    -4   4   1  -5  -2   2  -2  -4   0   1  -1  -1   0  -5  -3   2   4  -3  -4  -2    1  19   5   1   1   9   2   1   2   8   6   3   2   1   2  13  21   0   0   2  0.54 0.42
   98 Y   -10 -10 -10 -10  -5  -9 -10 -10  -2  -9  -5  -7  -9   2 -10  -7  -7  -6  10  -7    0   0   0   0   0   0   0   0   1   0   1   0   0   7   0   0   0   0  87   1  3.77 1.63
   99 R    -6   6  -3  -7   0   1  -6  -6   4  -4  -5  -1  -4  -2  -8   2   2   2   0  -7    0  42   1   0   2   7   0   1   8   2   1   3   0   2   0  13  10   3   3   0  1.25 0.73
  100 C    -9  -7 -10 -10  12 -10 -11 -10 -10  -9  -7 -10  -9  -6 -10  -6  -9 -10 -10  -9    0   1   0   0  96   0   0   0   0   0   1   0   0   0   0   1   0   0   0   0  4.98 1.92
  101 C    -1   2  -1  -2   2   2   0  -3   2  -1  -1  -2  -2   0  -4   1  -2  -3   5   0    5  11   2   3   5  10   5   2   5   3   7   2   1   3   1  11   2   0  16   6  0.34 0.24
  102 Y    -5  -5  -6  -7   1  -4  -6   0  -2  -5  -6  -6  -6  -1  -7  -3  -6  -5  10  -5    1   1   0   1   2   1   1   7   1   1   1   1   0   2   0   2   1   0  75   1  2.85 1.22
  103 R    -3   3  -2  -4   0   2  -2   3   4  -3  -3   0  -3  -1  -3   1  -2   0   2  -3    2  13   2   1   2  10   3  19   9   2   3   6   1   3   1  11   2   1   7   2  0.44 0.29
  104 R    -1   1   1  -1  -1  -1   0  -2   3  -2  -1  -1  -1   0  -2   3   1  -2   3  -1    4   7   5   4   2   2   6   3   7   3   5   4   1   4   2  20   8   1   9   5  0.22 0.17
  105 P    -2   2  -1  -1  -2   0  -1   1   3  -2   0   1  -2   0   1   1  -1  -1   1  -1    3  10   3   3   1   4   3  10   7   2   8   9   1   3   8  10   4   1   6   5  0.13 0.11
  106 D    -1   1   1   1  -1  -1   0  -1   2  -2  -2   0  -2  -3  -2   3   2   0  -3  -2    4   7   7   7   2   3   7   5   4   3   5   4   1   1   2  21  12   1   1   3  0.22 0.17
  107 W    -1   0   2  -1  -1  -1  -1   1   4  -2   0  -2  -1   0  -2   1  -1   4   0  -1    6   4   9   3   1   3   4  11  10   2   9   3   2   4   2  10   4   6   3   4  0.18 0.13
  108 G     0  -1   1  -1  -3  -1  -1   0  -2  -2  -1   0  -3  -2   1   4   0  -1  -1  -3    7   3   6   4   1   3   4   7   1   3   5   5   1   2   6  33   6   1   2   2  0.35 0.25
  109 P    -2  -1  -3  -2  -2  -1  -1  -2  -1  -4  -2  -2  -4  -2   6   3  -2  -2  -2  -3    3   3   2   3   1   3   4   4   1   1   4   2   1   2  40  18   3   1   2   2  0.90 0.47
  110 G     1  -2   0  -1  -2   1  -1   1   2  -3  -2  -2  -2   1   0   1   0  -1   4  -2   11   2   4   4   1   7   5  10   5   1   5   2   1   6   4  10   6   1  13   2  0.21 0.17
  111 V    -1   1  -3  -2  -4  -1   2   2  -2   0   0  -1  -1  -3  -3  -1  -1   1  -2   2    4   9   1   3   0   3  12  18   1   5  10   3   1   1   1   4   5   2   1  15  0.21 0.18
  112 W    -4   0  -5  -6   0  -4  -5  -3  -4  -2  -1  -4  -2  -2  -4  -1  -2  12  -1  -2    2   4   1   1   2   1   1   3   1   2   6   1   1   2   1   5   3  56   2   4  2.47 1.11
  113 S    -5  -8  -7  -6  -4  -5  -5  -7  -8  -6  -4  -6  -6  -7  -4   8  -1  -9  -8  -6    1   0   0   0   0   1   1   0   0   1   3   1   0   0   1  86   4   0   0   1  2.48 1.29
  114 Q     2  -2  -3  -1  -7   3   5  -2   1  -7  -3  -2  -4  -5   1  -2  -3  -8  -2  -2   18   3   1   4   0  11  33   3   3   0   3   3   1   0   6   3   2   0   2   3  0.69 0.51
  115 P    -3   1  -5  -4   0  -2  -4  -5   4  -4   0  -1  -3  -1   6   0  -4  -1  -1  -5    3   6   1   1   2   2   1   1   8   1  10   4   1   3  42   7   1   1   3   1  1.04 0.66
  116 S    -6  -6  -6  -5  -5  -8  -6  -6  -3  -6  -6  -6  -9  -9  -7   8  -4  -9  -9  -9    1   0   0   1   0   0   1   1   1   1   1   1   0   0   0  91   1   0   0   0  2.74 1.40
  117 D    -2  -6   2   7  -8  -3   2  -5  -2  -8  -8  -2  -5  -8  -5  -4  -4  -9  -8  -5    4   0  10  59   0   1  13   1   1   0   0   3   0   0   1   2   2   0   0   1  1.79 0.91
  118 V     0  -3  -5  -4  -8  -2  -5  -7  -1  -1  -1  -3  -4  -3   7  -1   1  -8  -3  -2    8   2   1   1   0   2   1   0   2   3   6   2   0   2  52   6   7   0   1   3  1.32 0.79
  119 L    -6  -4  -9  -7  -8  -5  -8  -6  -8  -2   6  -6   0  -6  -7  -5  -6  -8  -7   3    1   1   0   1   0   1   0   1   0   2  74   0   2   0   0   1   0   0   0  15  1.90 0.92
  120 E    -4  -3  -4   3  -8   2   6  -6   1  -5  -1  -1  -2  -5  -1  -3  -3  -5  -3  -3    2   1   1  15   0   8  48   1   3   1   6   3   1   1   3   2   2   0   1   3  1.16 0.70
  121 L    -7  -8  -7  -8  -7  -4  -8  -9  -8   4   6  -8  -2  -5  -7  -5  -7  -8  -7   1    0   0   0   0   0   1   0   0   0  21  66   0   1   0   0   1   0   0   0   8  1.84 0.87
  122 L    -1  -1  -1  -1   1  -1  -1  -4   0   1   2  -1   2   0  -1  -1   0   2   0   3    3   3   3   3   3   3   4   0   3   6  17   4   5   4   3   4   5   3   3  22  0.16 0.18
  123 V     0  -1  -4  -4   2  -1  -1  -1   0   2   0  -1   2   0   0  -1  -1  -4   0   3    6   3   0   0   4   3   3   5   3  10   9   3   7   3   5   3   3   0   3  27  0.24 0.23
  124 T     0  -1  -1   1   0  -1  -1  -1   0  -1  -1  -1   0   0   1   1   3  -4  -3  -1    7   3   2   8   2   3   4   5   3   3   7   3   3   5   7   8  24   0   0   4  0.17 0.23
  125 E    -2  -1  -4   2   0  -1   0   5   0  -6  -4  -3  -6  -6   1  -2  -2  -6  -3  -2    3   4   0  12   2   3   7  46   3   0   2   2   0   0   7   3   2   0   1   3  0.86 0.55
  126 E     0   0  -1  -1  -5   0   1  -2   2   0   0  -1   1   1   1   0  -1   1   1   1    6   4   2   3   0   5   8   4   6   5  11   3   4   5   8   7   4   2   5   8  0.08 0.09
  127 L    -2  -1  -1  -1   1  -1  -2  -3   3  -2  -1  -2   0   2   1   1  -2   2   6  -2    3   4   3   3   3   3   3   3   6   3   7   3   2   7   7   9   3   3  21   3  0.41 0.30
  128 P    -1   0   0   0   2   0   0  -1   2   0  -1   0   2   1   0  -1   0   4   1  -1    5   5   5   5   5   5   5   5   5   5   5   5   5   5   5   5   5   5   5   5  0.09 0.08
  129 R    -1   2  -3  -2  -3   0  -1  -2  -2  -4  -4   6  -2  -4   3  -2   0  -1  -6  -6    5   9   1   2   1   4   4   3   1   1   2  43   1   1  13   3   5   1   0   0  0.88 0.59
  130 P    -3  -3  -3  -3  -7  -4  -4  -4  -3  -5  -4  -2  -2  -5   8  -2  -3  -7  -7  -3    3   1   1   1   0   1   1   2   1   1   2   3   1   1  72   4   2   0   0   2  2.10 1.10
  131 S    -1  -1   0  -4  -2   0  -3  -3  -1  -1  -4  -3  -3  -1   2   5   2   1  -2  -3    4   4   4   1   1   3   1   2   2   3   2   1   1   3   8  46  10   2   1   2  0.75 0.58
  132 L    -3  -2  -4  -4  -5  -5  -4  -5  -6   4   5  -3  -1   0  -2  -3  -3  -5  -5  -3    2   2   1   1   0   0   2   1   0  18  58   1   1   3   3   2   2   0   0   1  1.10 0.63
  133 V    -3   0  -2  -5  -3   1  -3  -3   0  -1  -1  -2  -3  -3  -3   6  -1   4  -2  -3    2   4   1   0   1   7   2   2   3   4   7   3   1   1   1  50   3   6   2   1  0.86 0.63
  134 A     4  -4  -5  -4  -2  -3  -3  -2  -5   0   1  -4   1  -2  -2   1   0  -5  -4   2   38   1   0   1   1   1   1   3   0   5  12   1   3   2   2   9   5   0   0  14  0.56 0.43
  135 L    -2   0  -1  -1  -5   3   0  -3   4  -2   2  -1   0  -2  -3   1  -2   3  -1  -2    2   6   2   3   0  15   6   2  10   2  23   4   3   1   1   9   2   4   2   2  0.35 0.32
  136 P    -3  -1  -2  -6  -6   1  -4  -4   1  -4  -1  -3  -2  -4   7  -1  -3   2  -4  -3    2   4   2   0   0   5   1   2   3   1   6   2   1   1  57   5   2   2   1   2  1.46 0.85
  137 G    -2   1  -1  -1  -2  -2   0   4  -2  -4  -3  -2  -3  -6  -3   4  -1  -2  -4  -3    3   6   3   4   1   1   5  35   1   1   3   2   1   0   1  26   3   1   1   2  0.69 0.51
  138 P    -3  -2  -2  -3  -3   0   0   1   1  -4  -3  -3  -2  -4   6   2   0  -2  -6  -4    2   3   2   1   1   5   6  11   3   1   3   1   1   1  39  13   6   1   0   1  0.88 0.61
  139 V    -1   0  -2  -2  -2   0   1  -3   2   0  -1   0   2  -4  -2  -1   0   1  -2   4    4   4   2   2   1   4   9   2   5   5   6   6   5   0   2   4   6   2   1  30  0.30 0.29
  140 V    -3  -3  -4  -4  -2  -4  -5  -4  -4   1  -1  -5   2  -2  -3  -6  -2  -2  -6   7    2   2   1   1   1   1   1   2   1   7   6   1   4   2   2   0   2   1   0  64  1.37 0.76
  141 G     3   0  -2  -3  -3  -2   0   0  -2  -1  -3  -1   0  -2   2   1   3  -2  -3  -2   23   5   2   1   0   2   7   6   1   3   2   3   2   2   8   8  22   1   1   3  0.36 0.35
  142 P     0  -1  -5  -5  -5  -2  -2  -4  -3  -2   1  -3   1  -4   5   4  -1   2  -3  -1    8   3   0   0   0   1   2   1   1   2  14   1   3   1  24  27   4   2   1   4  0.66 0.54
  143 G    -5  -2  -4  -5  -9  -5  -1   7  -8  -9  -9  -5  -9  -6  -6  -4  -6  -5  -9  -7    1   3   1   1   0   1   4  85   0   0   0   1   0   0   0   1   0   0   0   1  2.45 1.18
  144 A    -1   0  -3   0  -4   2   4   3   0  -5  -3  -1  -2  -7  -6   0   0  -1  -7  -2    5   5   1   5   0   8  26  23   2   1   3   3   1   0   0   6   7   1   0   3  0.59 0.45
  145 N    -2  -1   7   1  -4  -5  -3  -6   0  -5  -8   0  -4  -6  -1   1   1  -9  -3  -6    4   3  50   8   0   1   1   0   2   1   0   6   1   0   4   8   7   0   1   1  1.38 0.79
  146 V    -3  -8  -8  -6  -7  -8  -8  -7  -8   0  -1  -6   3  -5  -8  -6  -2  -2  -7   7    3   0   0   1   0   0   0   1   0   5   6   1   6   1   0   1   3   1   0  72  2.01 0.96
  147 S    -4  -4  -2  -6  -7  -6  -5  -8  -8  -1  -6  -3  -3  -5  -6   0   8  -4  -5  -4    2   1   2   0   0   0   1   0   0   4   1   2   1   1   0   8  75   0   0   2  2.15 1.12
  148 L    -5  -8  -6  -9  -7  -8  -8  -9  -8   3   6  -8  -1   2  -6  -6  -5  -3  -7  -3    1   0   0   0   0   0   0   0   0  16  69   0   1   7   1   1   1   1   0   2  1.81 0.88
  149 R    -5   4  -5  -5  -2   6  -3  -6   2  -5   0  -1  -6  -2  -5   1  -3   4  -2  -2    1  20   0   0   1  33   1   1   5   1   9   4   0   2   1   9   2   6   2   3  1.07 0.68
  150 C    -8  -9  -9  -9  12  -9 -10  -6  -9  -8  -9  -9  -9  -9  -9  -5  -8  -9  -3  -8    0   0   0   0  94   0   0   1   0   0   0   0   0   0   0   1   0   0   1   0  4.76 1.86
  151 A    -2   3  -3  -2  -1   5   0   0   4  -3  -4  -3  -2  -1  -5   1  -2   5  -2  -1    4  13   1   2   1  21   5   8   8   2   2   1   1   3   0  11   3   7   2   5  0.57 0.43
  152 G    -1  -4   0  -5   0  -5  -6   2  -2  -4  -2  -4  -7  -5  -4   6   0  -8  -5  -4    5   1   5   1   2   0   0  17   1   1   5   1   0   1   1  52   6   0   0   1  1.16 0.74
  153 R    -2   1  -1   0  -7   3   2  -1   1  -6  -4   0  -6  -7   4   1  -1   5  -5  -5    3   8   2   6   0  13  12   5   3   0   2   6   0   0  18   9   4   6   0   1  0.54 0.43
  154 L    -1   0  -2  -1  -1   2   0  -2   2   1   2  -1   0  -1  -2   0   0   1   0   0    4   6   2   4   1   9   6   3   6   8  18   3   1   2   2   8   5   2   4   6  0.10 0.12
  155 R    -1   1   0  -2  -1   1  -1   2   0  -4  -2   0  -1  -2   2   1  -1   4   0  -1    5   9   4   2   1   7   5  17   2   1   4   5   2   1   9   9   3   5   4   4  0.21 0.21
  156 N    -1  -2  -2   0  -3  -5  -4   2   0  -4  -3  -3   0   6  -2  -1  -1  -2   4  -2    6   2   2   5   1   0   1  16   2   1   2   2   2  28   2   5   4   0  13   3  0.71 0.44
  157 M     0  -4   0   6  -7  -1   0   0   1  -3  -1  -4   2  -4  -5  -2  -2   1  -4   1    7   1   4  36   0   2   5   6   4   1   6   1   5   1   0   3   3   2   1  11  0.69 0.46
  158 S    -2   4  -2  -4  -4   0  -1  -2   0  -1  -5   0   3  -5  -3   0   4   3  -6  -1    4  23   2   1   0   4   4   4   2   4   1   6   7   0   1   7  22   3   0   5  0.60 0.44
  159 F    -5  -9  -9  -7   0  -9  -6  -9  -4  -3  -2  -9  -1   9  -7  -5  -7  -1   3  -2    1   0   0   0   2   0   1   0   1   2   4   0   2  73   0   1   0   1   9   3  2.65 1.16
  160 V     1  -1  -3  -5  -4  -3  -3  -5   5   4   1  -4   0   2  -5  -2  -1  -2  -1   2   13   4   2   1   0   1   2   1  12  20  13   1   2   8   0   3   4   1   2  12  0.52 0.33
  161 L    -8  -9  -9  -9  -4  -8  -9  -9  -9  -3   7  -9  -2  -4  -7  -6  -8  -2  -5  -2    0   0   0   0   0   0   0   0   0   2  90   0   1   1   0   1   0   1   1   3  2.44 1.13
  162 Y    -4   0  -4  -5   1  -3  -2  -5   5   0   1  -4   0   1  -5   1   2  -2   5  -3    1   5   1   1   3   1   3   1  12   5  14   1   2   6   0  12  13   1  17   2  0.64 0.43
  163 R    -7   4  -3  -6 -10   1  -2  -4  -3  -9  -5   7  -3 -10  -8  -5  -5  -4  -9  -6    0  19   1   0   0   5   3   1   1   0   1  64   1   0   0   1   1   0   0   1  2.05 1.05
  164 E     0  -5  -3   3  -9  -2   6  -3  -7  -6  -4  -2  -1  -5  -5  -2  -4  -3  -6  -2    8   1   2  15   0   1  54   3   0   0   2   3   2   1   1   3   1   0   0   4  1.34 0.80
  165 G    -5   0  -2   0  -9  -4  -1   7  -5  -7  -9  -5  -5  -9  -7  -3  -5  -5  -9  -6    1   5   2   6   0   1   4  75   0   0   0   1   0   0   0   2   1   0   0   1  2.04 1.01
  166 V     0   1   0   2  -3   0   3   1   1  -2  -3   0  -2  -2  -3   1   0   0  -2  -1    8   6   5  11   0   4  17  10   4   2   2   4   1   1   1  10   5   1   1   5  0.22 0.21
  167 A     2  -1  -2   0  -5   1   0  -2   3  -1  -1  -2  -3  -1   3   2   0  -2  -2  -2   16   3   2   6   0   6   5   2   6   3   6   2   1   3  14  15   6   1   1   3  0.28 0.27
  168 A     0   1   1   1  -2   1   1   0   3  -2  -1   1  -1  -3  -3   0   0  -1  -2  -1    9   6   6   6   1   6  10   7   8   3   6   7   2   1   1   8   7   1   1   5  0.12 0.13
  169 P     0  -3  -3   0  -5  -2  -3  -3   3  -1  -1  -2  -2   1   6   0  -1  -2   0  -2    7   2   1   5   0   2   2   2   5   3   8   2   1   5  35   8   4   1   3   3  0.67 0.47
  170 L    -1   0  -3  -4  -2   1  -3  -4  -1   1   2  -4  -2  -1   3   3  -1   3  -1   0    5   4   1   1   1   5   2   2   2   7  16   1   1   3  16  18   4   4   2   6  0.35 0.31
  171 Q    -3   1  -2   0  -4   7  -2  -2   1  -5  -1   1   0  -6  -4  -2  -4   5  -3  -2    3   8   2   5   0  41   3   3   3   1   6   7   2   0   1   3   1   7   1   3  1.01 0.66
  172 Y    -2   3  -1  -2   1   2  -2  -3   4  -1  -1  -1  -1  -1   0   0   1   0   1  -1    3  14   3   2   3  10   2   2  10   3   7   3   1   3   5   6  10   1   5   5  0.27 0.25
  173 R    -1   2  -4  -4  -6   4  -3  -2   1  -1   2  -1   2  -4   0   1   0   0  -3  -2    5  10   1   1   0  20   1   3   3   4  20   4   5   1   4   9   6   1   1   2  0.40 0.34
  174 H    -3   2   0   2  -3   1   1  -2   5  -4  -3   0  -4  -4   1   1  -1   0   0  -3    2  10   4  13   1   5   9   4  14   1   2   6   0   1   7  10   5   1   3   2  0.40 0.31
  175 S     0  -1   1  -1  -6   1  -2   0   0  -3  -5  -2  -6  -6   4   4   1  -3  -4  -3    8   3   6   3   0   6   2   6   2   2   1   2   0   0  20  25   8   0   1   3  0.56 0.44
  176 A     1  -1  -1  -1  -5   1   1   4   0  -3  -3  -2  -2  -3  -1   0   0  -1  -4  -1   10   3   3   4   0   6   9  30   2   2   3   2   1   2   4   7   5   1   0   4  0.36 0.29
  177 Q    -3   0  -1  -1  -7   5   1   3   3  -4  -3   0  -2  -5  -2  -1   0   2  -3  -3    2   6   3   4   0  21   8  21   6   1   4   6   1   0   2   5   5   3   1   3  0.51 0.39
  178 P    -1  -1   2   2  -3  -3  -2   0   1  -2  -3  -1  -3   3   1   2   0  -1   2  -2    6   3   9  10   1   1   2   7   3   3   2   3   0  13   7  15   5   1   6   3  0.26 0.24
  179 W    -3   1  -4  -1  -5   6   1  -1   1  -4  -3   0   0  -4  -3  -1   0   3  -4  -1    3   7   1   3   0  36  10   5   3   1   3   5   3   1   1   4   6   3   1   5  0.78 0.55
  180 A     6  -4  -5  -5  -3  -6  -5  -3  -6  -5  -4  -6  -5   3  -5  -2   0  -7  -2   0   65   1   1   1   1   0   0   2   0   1   2   0   0  10   0   2   5   0   2   6  1.46 0.81
  181 D    -3  -1   3   3  -4  -1   3  -4   0   0   1  -1  -2  -2  -3   0   1  -5  -2  -2    2   3  13  13   0   2  17   1   2   5  17   4   1   1   1   5   7   0   1   3  0.32 0.28
  182 F    -7  -8  -6  -9  -8  -7  -9  -9  -7   1  -1  -6  -1   9  -9  -5  -8  -6  -2  -4    1   0   0   0   0   0   0   0   0   8   5   1   2  79   0   1   0   0   1   1  2.85 1.21
  183 T    -4  -3  -5  -4  -6  -2  -5  -3   2  -3  -1  -5  -5   0   5   4   2  -4  -4  -2    1   2   0   1   0   2   1   2   4   1   7   0   0   5  29  28  12   0   1   3  0.91 0.62
  184 L    -2  -4  -4  -5  -3  -4  -4  -6   0   3   4  -5   3   0   1  -3  -4  -6  -3   2    3   1   1   0   0   1   1   0   2  18  34   1   7   4   7   2   1   0   1  15  0.74 0.43
  185 L    -4  -4  -3  -4  -3  -4  -6   0  -6   0  -1  -5   4  -3  -2  -4  -2  -6  -6   6    2   1   1   1   1   1   1   6   0   5   6   1   9   1   3   1   2   0   0  59  1.32 0.69
  186 G    -1  -3   1  -3  -6  -2  -4  -1  -4  -2  -6  -2  -2  -5   1   3   6  -6  -4  -5    4   2   6   1   0   2   1   6   1   2   1   2   1   1   6  18  47   0   1   0  1.07 0.67
  187 A     1   0  -4  -4  -3  -1  -2  -3  -2  -3  -1  -2  -3  -2   5   2   0  -1  -5   2   10   5   0   1   1   2   3   2   1   1   6   2   1   2  25  17   6   1   0  14  0.53 0.41
  188 R     2   1   1   0  -4   0   1  -1   1  -3  -4   0  -2  -5  -3   2   2  -5  -3  -1   19   9   7   4   0   4   8   5   4   2   1   4   1   0   1  14  10   0   1   4  0.28 0.27
  189 A    -4  -1   0   4  -3   3  -2  -5   9  -5  -3  -3  -5  -4  -3  -2  -4  -7   0  -6    2   3   4  21   1  12   2   1  38   1   3   1   0   1   2   4   1   0   3   1  1.46 0.77
  190 P     3   3  -1  -4  -4  -2  -2   3  -4  -5  -5  -3  -4  -6  -1   2   1  -2  -6  -4   26  16   3   1   0   2   3  19   0   0   1   1   0   0   3  13   8   1   0   1  0.62 0.46
  191 G    -3  -3  -5  -5  -7  -5  -3   7  -7  -8  -8  -7  -7  -7  -7  -5  -5   6  -7  -7    2   2   0   1   0   1   2  78   0   0   0   0   0   0   0   1   1  10   0   1  2.34 1.09
  192 T    -3   2   3  -5  -6  -1  -4  -6  -3   0  -4  -2   1  -5  -3   1   6  -2  -5  -4    2  11  13   0   0   3   1   0   1   5   1   2   3   1   2  11  42   1   0   1  1.01 0.65
  193 Y    -7  -7  -8  -6  -1  -7  -8  -8  -2  -7  -6  -8  -7   4  -8  -6  -7  -5  10  -7    0   0   0   1   1   0   0   0   1   0   1   0   0  16   0   1   0   0  77   0  3.21 1.39
  194 S    -4   7  -4  -6  -2   0  -5  -4   0  -4  -4  -1  -3  -3  -6   3   1  -5  -2  -6    1  52   1   0   1   4   0   1   2   1   2   3   1   1   0  19   9   0   1   0  1.42 0.79
  195 C    -7  -9  -9  -9  12  -9  -9  -6  -9  -8  -8  -9  -8  -5  -9  -8  -8  -8  -8  -7    0   0   0   0  95   0   0   1   0   0   0   0   0   1   0   0   0   0   0   0  4.76 1.76
  196 Y    -4   1  -5  -6   2   1  -4  -6   0  -2  -3  -5  -4   2  -7   1  -4  -3   8   0    2   7   1   0   4   6   1   0   2   2   2   0   0   8   0  10   1   0  46   6  1.41 0.77
  197 Y    -5  -4  -5  -5   2  -7  -6   5  -2  -7  -7  -7  -7  -4  -8   1  -3  -6   7  -4    1   1   0   1   4   0   0  39   1   0   0   0   0   0   0  11   2   0  37   2  1.70 0.90
  198 H    -1   2  -4  -6   0  -1  -3  -2   4  -4  -3  -3  -5   3  -5   4  -2  -1   5  -4    4  11   1   0   2   3   2   3   8   1   3   2   0  11   0  26   2   1  20   1  0.81 0.54
  199 T    -4  -1  -1  -1  -5   1  -2  -4   4  -2   0  -3  -2   3   1   1   1  -2   4  -1    0   4   3   4   0   7   2   1  11   2   8   2   1  11   7  10   9   0  14   4  0.40 0.33
  200 P    -3   3   2  -1  -4  -2  -1  -1   1  -4  -3   2  -1  -5   0   3   1   2  -5  -4    2  17   8   3   0   1   3   5   3   1   2  11   1   0   5  25   8   3   0   1  0.50 0.40
  201 S    -1   0   3   1  -5   0  -1   1   3  -4  -2  -1  -1  -4  -4   3   2   0  -1  -3    6   5  12   6   0   3   4  10   6   1   4   4   1   1   1  20  12   1   2   2  0.31 0.28
  202 A     0  -1   2   1  -1  -2   0   0   0  -3  -4  -1  -4   0  -2   3   1  -1   2  -3    8   4   9   7   1   2   6   6   2   1   2   3   0   4   2  26   9   1   6   2  0.29 0.28
  203 P    -2  -2  -3  -4  -1  -2  -3  -3  -2  -4  -2  -4  -4  -4   7   2  -4  -2  -4  -4    3   2   1   1   1   2   2   3   1   1   5   1   1   1  57  13   1   1   1   1  1.50 0.75
  204 Y    -3  -2  -1  -3   0   3  -3  -3   4  -3  -2  -3  -3   4   0  -1  -3   0   6  -3    2   3   4   2   2  12   1   2   9   1   5   1   1  14   4   6   2   1  26   2  0.80 0.46
  205 V    -1  -1  -4  -4  -4  -1   1  -2  -4   0   3  -3   1  -2  -5  -2  -1   3  -3   4    5   4   1   1   0   2  11   3   0   5  24   2   4   1   0   3   3   3   1  27  0.46 0.33
  206 L    -1  -4  -8  -7   0  -4  -4  -4  -8  -6   1  -5  -2  -3  -4  -2  -4  12  -3  -2    6   1   0   0   2   1   2   2   0   0  14   1   1   1   1   4   1  59   1   3  2.69 1.22
  207 S    -3  -5  -7  -7  -8  -7  -7  -7  -6  -6  -6  -6  -8  -9  -6   8  -3 -10  -9  -7    2   1   0   0   0   0   0   0   0   0   1   0   0   0   0  93   1   0   0   0  2.75 1.41
  208 Q     2  -3  -2   0  -6   2   4  -3   4  -4  -1  -2  -3  -1   0  -1  -2  -2  -1  -1   14   1   2   5   0  10  25   2  11   1   6   2   0   3   5   5   2   1   2   4  0.46 0.39
  209 R    -2   0  -8  -5  -4  -4  -6  -4   1  -5  -1  -4  -6  -5   8  -1  -4  -5  -4  -4    4   6   0   1   0   1   0   1   3   1   7   1   0   1  65   5   1   0   1   2  1.89 1.02
  210 S    -6  -3  -5  -7  -8  -7  -5  -2  -8  -7  -9  -6  -8  -9  -8   8  -5  -9  -8  -7    0   1   0   0   0   0   1   3   0   0   0   0   0   0   0  92   0   0   0   0  2.71 1.37
  211 E    -2  -6   2   7  -9  -3   2  -6  -3  -9  -9  -3  -8  -9  -4  -4  -5  -9  -5  -5    4   0  10  63   0   1  13   0   1   0   0   1   0   0   1   1   1   0   1   1  1.91 0.97
  212 V    -1  -3  -4  -5  -8  -3  -5  -6   1  -1  -3  -6  -3  -5   7   0   1  -8  -5  -3    6   1   1   1   0   1   1   0   3   4   3   0   1   1  60   7   7   0   0   2  1.64 0.90
  213 L    -5  -5  -8  -7  -7  -8  -8  -9  -8  -3   6  -8   1  -5  -6  -8  -5  -5  -7   3    1   1   0   0   0   0   0   0   0   1  71   0   3   0   0   0   1   0   0  20  1.85 0.90
  214 V    -4  -2  -3   2  -4   2   6  -6   2  -4  -4   0  -1  -5  -4  -4  -1  -7  -2  -1    2   2   1  10   0   9  48   0   4   1   2   5   2   1   1   1   4   0   2   4  1.06 0.66
  215 I    -7  -5  -8  -8  -5  -7  -8  -9  -8   4   6  -8  -1  -1  -7  -7  -3  -7  -6   0    0   1   0   0   0   0   0   0   0  23  65   0   1   2   0   0   2   0   0   6  1.74 0.83
  216 S    -3   0  -4  -5  -3   1   0  -4   0   0   2  -2   2  -4  -2   1  -1   2  -3   4    1   5   1   0   1   6   6   1   3   4  23   2   5   0   2  10   3   3   1  25  0.43 0.35
  217 W    -4  -8  -8  -7  -7  -6  -4  -5  -7   3  -3  -8  -1  -4  -7  -7  -4  -3  -4   7    2   0   0   0   0   0   1   1   0  13   2   0   1   1   0   0   1   0   1  75  2.09 0.98
  218 E     0  -1  -4  -3  -6  -3  -1  -6  -4  -2  -4  -2  -2  -5   0   3   6  -7  -6  -4    7   4   0   1   0   1   4   0   0   2   2   3   1   0   5  23  43   0   0   1  1.03 0.68
  219 G    -1  -4  -5   2  -5  -5   1   6  -5  -7  -5  -4  -6  -7  -2  -4  -6  -7  -7  -2    4   1   0  10   0   0   8  65   0   0   1   1   0   0   3   1   0   0   0   3  1.53 0.76
  220 E     0  -2   0   0  -4   0   3  -2   0  -1   0   0  -1  -1   1   1   1  -3  -2   0    7   2   5   4   0   4  18   2   2   4  10   5   1   2   6  12   7   0   1   7  0.14 0.16
  221 G     0  -2  -3  -1  -2  -1  -2   0   2  -3   1  -2  -2   1   2   2   0  -3   3  -2    8   2   1   3   1   3   3   8   4   1  16   2   1   5  11  15   5   0  11   2  0.22 0.23
  222 P    -1   1  -1   1  -4  -1   0   0  -1  -4  -2   1  -2  -4   5   0   0  -6  -4  -2    4   6   3   7   0   2   6   7   2   1   5   8   1   1  29   8   6   0   1   3  0.48 0.35
  223 E    -2   1  -1   0  -3   1   1  -1  -2  -3  -3   5  -3  -3   2   0   0  -3  -3  -3    3   6   3   6   1   6   7   4   1   1   3  31   0   1  10   7   6   0   1   2  0.47 0.36
  224 A    -1  -2  -3  -3  -4  -2  -4  -2  -4  -3  -2  -2  -4  -5   7   1   1  -3  -4  -3    4   2   1   2   0   2   1   4   0   2   5   3   0   1  52   9   8   0   1   2  1.26 0.72
  225 R    -1   0  -2  -2   1  -2  -2  -3   0  -3  -2  -3  -3  -2   3   5   1   2  -3  -2    3   5   2   2   3   1   2   2   3   2   5   2   0   2  13  38  10   3   1   3  0.58 0.46
  226 P    -3  -4  -4  -5  -5  -4  -3  -4  -3   1   4  -5  -2  -1   4   1  -3  -3  -4  -3    2   1   1   0   0   1   2   2   1   7  43   0   1   2  22  11   2   0   0   1  0.91 0.56
  227 A    -1  -1  -3  -4  -1   0  -3  -2  -3  -2   2  -2  -1  -4   0   4   1   4  -3  -2    4   3   1   1   1   5   2   2   1   2  20   2   1   1   5  35   7   5   1   3  0.54 0.44
  228 S     3  -2  -3  -3  -4   0  -3  -1   0  -2  -2  -3  -2  -4   2   2   2  -2  -4   0   28   2   1   1   0   4   2   4   2   2   5   1   1   1  11  16  11   1   1   8  0.43 0.37
  229 S    -1   0   0  -2  -1   3   0  -4   3  -2   1  -2   0  -3   1   1   1   2  -2   0    6   4   4   2   1  13   5   1   6   1  14   2   2   1   6  10   9   3   1   8  0.18 0.22
  230 A    -1  -1  -3  -3  -2   3   0  -2   1  -4  -3   0  -2  -5   6   0  -2   3  -5  -1    5   4   1   2   1  12   6   4   3   1   3   6   1   1  33   7   3   4   0   4  0.70 0.48
  231 P    -2   0  -4  -2  -3  -3  -3   3  -1  -5  -4  -4  -6  -5   5   3  -1  -2  -6  -3    3   5   1   3   1   1   2  24   2   1   2   1   0   0  27  22   4   1   0   2  0.86 0.57
  232 G    -2  -1  -2  -1  -4  -2  -2   3   1  -3  -2  -4  -3  -4   5   2   1   0  -4  -4    3   3   2   3   0   2   2  19   3   2   4   1   1   1  26  18   8   1   0   1  0.63 0.46
  233 M    -1  -1  -2  -2  -1  -1   1  -2  -3   0   0  -1   2  -1   2   1   1  -1  -3   3    5   3   2   2   1   2   9   2   0   4   8   3   4   2   9  12   7   1   1  22  0.20 0.21
  234 Q    -1  -1  -4  -4  -4  -1  -1  -2  -5   0   0  -1   1  -4   0   0   0   0  -5   5    4   4   0   1   0   3   5   4   0   5   9   3   3   0   4   6   5   1   0  40  0.52 0.38
  235 A     3  -1  -2  -1   0  -1  -2  -3  -1  -2  -1  -2  -1  -3   0   1   3  -3  -5   0   24   3   2   3   2   2   2   2   2   2   7   2   2   1   5  11  21   0   0   8  0.36 0.33
  236 P     1  -2  -4  -4  -4  -3  -3  -2  -2  -4   0  -4  -3  -6   6   3  -1   1  -5  -3   13   3   1   1   0   1   2   3   1   1   9   1   1   0  34  21   4   2   0   2  0.86 0.58
  237 G     0  -3  -2  -4  -7  -2  -3   6  -2  -5  -4  -5  -7  -5  -3   1  -2  -2  -6  -4    8   2   2   1   0   2   2  63   1   1   2   0   0   0   1   9   2   1   0   1  1.40 0.75
  238 P    -2  -3  -1   1  -4   3   3   3   2  -4  -5  -2  -3  -6   3   0  -2  -4  -5  -3    2   1   3   7   0  11  17  19   5   1   1   3   1   0  17   7   2   0   0   2  0.56 0.42
  239 P    -2  -1   5  -1   2  -1  -2  -4   2  -4  -3   0  -3  -6   3   2   1  -7  -4  -3    4   3  27   4   4   3   2   1   4   1   3   5   1   0  17  13   7   0   1   1  0.65 0.46
  240 P    -4  -2  -1  -4  -6  -4  -6  -2   0  -1   1  -3  -1  -5   4  -3  -2  -7  -3   6    1   2   3   1   0   1   0   3   3   3  11   2   1   0  18   2   2   0   1  46  0.98 0.60
  241 S    -2  -3  -4  -5  -4  -2  -5  -3  -3  -3  -3  -2  -2  -7  -1   2   7  -2  -7   0    4   1   1   0   0   2   1   2   1   1   3   2   1   0   3  15  54   1   0   7  1.23 0.76
  242 D    -2  -2  -3   1  -2  -3  -2  -3  -3   0   5  -4   0   0  -2  -1   1  -2  -3  -1    4   2   1   8   1   1   2   3   1   6  47   1   2   4   3   4   8   1   1   3  0.55 0.38
  243 P    -1   1  -3  -5  -4   5  -1  -3   0  -3   1  -2  -4  -2   3   1  -2  -3  -3  -2    4   8   1   0   0  29   3   3   2   2  14   2   0   2  13   9   3   0   1   2  0.59 0.47
  244 G    -4  -2  -5  -4  10  -2  -4   2  -5  -4  -2  -6  -1  -2  -5   0  -3   0  -7  -4    2   3   1   1  54   3   1  14   0   1   4   1   2   2   1   6   2   2   0   1  2.00 0.91
  245 A    -1   3  -2  -2   4   2  -2   0   3  -2  -2  -2  -2   0  -2   2  -1   2   0   0    5  15   2   2   8   8   2   8   7   2   3   1   1   3   2  18   3   3   3   6  0.28 0.27
  246 Q    -1   2  -4  -1  -4   3  -2  -1   1  -5  -2   0  -4  -4  -3   5   0  -3  -5  -2    4   9   0   4   0  13   2   4   3   1   4   5   0   1   1  40   6   0   0   3  0.68 0.52
  247 A     0   2   0   1   0   0   1   1   1  -3  -3   0  -2  -4   2   2   0  -1  -4  -2    9  12   3   7   2   4   7  11   4   1   3   4   1   0  10  14   6   1   0   2  0.20 0.20
  248 P    -2  -3  -4   0  -4   1   0  -3   2  -1  -1  -1  -4   1   6   0  -2  -5  -3   0    4   1   0   5   0   8   6   2   4   3   7   4   0   6  34   6   2   0   1   7  0.64 0.43
  249 S     1   0   0   0  -1   1  -1   1   0  -2  -3  -2  -2  -3  -1   3   1   1  -2  -2   11   6   3   5   1   6   4  12   2   2   3   2   1   1   4  24   8   2   1   3  0.23 0.24
  250 L     0  -1  -1  -2   0  -2  -2  -2   1  -1   1  -2   1   3   1   1  -1   0   3   0    8   3   3   2   2   2   3   3   3   2  16   1   3  11   6  10   3   1  11   6  0.15 0.17
  251 S     0  -1  -1   4  -5   0  -1   0   0  -2  -3  -3   1  -3  -1   3   2  -4  -2  -1    6   3   2  21   0   4   4   7   2   2   2   0   3   1   3  19  14   0   1   4  0.36 0.32
  252 S    -1   2  -2  -1  -4   1  -1   0  -2  -2   0   0   0  -1   0   1   2   2  -2  -1    5  11   0   3   0   5   2   6   1   2  12   6   2   3   5  14  14   3   1   4  0.14 0.18
  253 F    -1  -1  -4  -2  -5   0  -1   0   0  -2   1  -3   0   6  -2  -3  -3   4   2  -2    6   3   1   3   0   5   5   7   3   2  14   2   2  30   2   2   1   5   5   3  0.50 0.34
  254 R     0   2  -1  -1  -2   0   0   0   2  -1  -1   0  -1  -1   2   1   0  -2  -1  -1    7  15   3   3   1   3   5   7   5   3   7   6   1   3  11  10   6   0   2   4  0.12 0.13
  255 P    -1  -4  -4  -4   0  -2  -3  -1   1  -1   1  -3  -1  -3   6  -1  -2  -1  -3   1    6   1   1   1   2   2   2   6   4   2  16   2   2   1  35   4   2   1   1  11  0.66 0.41
  256 R    -2   4  -2  -1  -5   4   0   0  -2  -2  -2   1   2  -1  -1   0   1  -5  -4  -4    3  20   1   3   0  17   5   9   1   2   5   7   5   3   3   6  11   0   0   0  0.37 0.32
  257 G     0   0  -1  -1   0  -2  -1   3   2  -3  -3  -1  -3   4  -1   1  -1  -4  -2  -2    6   5   3   4   2   2   3  21   5   1   2   4   0  21   4  10   3   0   1   3  0.33 0.27
  258 L     1   0  -2  -2  -2  -1  -1   0   1  -1   1  -1   0   1   2   0   0  -1  -1   0   13   5   1   1   0   2   4   6   3   3  19   3   2   7  10   5   6   1   1   6  0.10 0.13
  259 V     0  -1  -2   0   0  -3  -1   1  -1   0   3  -2  -1  -1   1   0   0   1  -2   1    6   3   1   5   2   0   3  10   2   4  28   1   1   1   7   6   4   2   1  12  0.15 0.17
  260 L    -2   0  -4  -1  -3   0  -3  -2  -1   0   4  -2   0  -2   1  -1  -3   2   0   0    4   6   0   3   0   5   1   4   2   4  40   2   2   1   8   4   1   3   4   5  0.37 0.30
  261 Q     0   1  -2  -1  -4   4   0  -1   2  -4  -1   4  -4  -3  -1   0  -1  -4  -3  -2    7   7   1   4   0  19   5   6   4   1   6  24   0   1   3   8   3   0   1   2  0.42 0.34
  262 P     1   0  -3   0   0  -1   1  -1   0  -1  -2  -1  -1  -2   5   0  -1  -5  -2   0   12   6   0   5   2   2   8   5   2   3   4   3   2   2  25   6   3   0   1   8  0.35 0.27
  263 L    -2  -1  -3  -2  -2   3  -1   4   0  -2   1  -2  -2  -2  -2   0  -2  -3  -2  -1    2   4   1   2   1  15   3  30   2   2  17   2   1   2   2   6   2   0   1   5  0.38 0.32
  264 L     2   1   0   0  -4   1   0  -1  -1  -2   0  -2   0   0   0   1   1  -2  -1  -1   17   8   3   5   0   5   7   4   1   1  11   1   2   4   3  12   9   0   2   3  0.11 0.16
  265 P    -2  -2  -3  -1  -4   1  -3   3  -3  -4  -2  -3  -3  -3   6   2  -2  -4  -4  -4    3   3   1   3   0   7   1  19   1   1   4   1   1   1  36  13   3   0   1   1  0.84 0.53
  266 Q     0   0   1  -2  -5   5   0  -3   2  -2   1  -1  -1  -4   0   0  -1  -2  -2  -1    7   6   5   2   0  25   7   1   6   1  15   3   1   0   5   6   3   1   1   5  0.34 0.32
  267 T    -1   1  -1  -4  -6  -1  -2  -4   2  -2  -3  -1  -4  -2   5   2   2  -3  -2  -2    6   8   2   1   0   3   2   1   4   3   2   3   0   2  31  15  14   0   1   2  0.68 0.47
  268 Q    -1  -1  -3  -3  -3   5  -2  -1   0   0   1  -2   1  -5   1   0  -1   0  -3  -2    6   3   1   1   1  31   1   4   2   6  15   2   3   0   7   9   3   1   1   2  0.48 0.41
  269 D     2   0  -2   0  -5   5   0  -2  -1  -4  -2  -1  -3  -3   2   0  -2   0  -5   0   20   4   1   5   0  24   7   3   2   0   4   3   1   1   9   8   2   2   0   6  0.41 0.36
  270 S    -1  -1   1   1  -4   1   0   1   1  -3  -2  -2  -3   0  -1   3   1  -1  -2  -2    4   3   8   8   0   6   5  11   4   1   5   1   0   5   3  24   8   1   1   3  0.24 0.26
  271 W    -1   0  -4  -3  -2   4  -1  -4  -1  -5  -2  -1  -1   5  -4  -2   1   7  -3  -2    5   5   0   1   1  18   4   1   1   0   4   3   1  20   1   3  10  17   0   4  0.80 0.50
  272 D     0  -1   0   0  -1   0  -1  -1   2  -4  -1  -2  -1  -2   3   2   2  -5  -3  -2    6   4   4   4   1   3   4   5   6   0   6   2   1   1  17  19  11   0   0   3  0.30 0.27
  273 P    -2  -5  -2  -6  -6   1  -4  -2  -3  -4   2  -5   0  -4   6   1  -1  -7  -6  -4    3   0   2   0   0   7   1   3   1   1  23   0   3   1  43   9   3   0   0   0  1.14 0.66
  274 A     2  -1  -1   2  -2   0   0   3  -2  -4  -2  -2  -3  -3   0   1   0  -5  -3  -2   22   4   2  10   1   4   5  20   1   0   4   2   0   1   5  11   5   0   1   2  0.30 0.26
  275 P    -2   0  -1  -2  -6  -3  -2   3  -2  -3  -5  -4  -5  -5   6   0   1  -7  -4  -1    3   6   3   3   0   1   3  22   1   2   0   0   0   0  35   7   8   0   0   5  0.85 0.51
  276 P    -2   1  -1  -1  -4   2   1  -2  -2  -2  -2  -1  -1  -1   3  -1   1  -5  -4   2    2   8   2   3   0   9  10   3   1   1   2   3   2   3  17   5  10   0   0  18  0.31 0.29
  277 P     0  -1  -2  -2  -5  -1   0   1  -2  -5  -5  -3  -3  -6   5   3   2  -6  -5  -2    6   3   1   1   0   3   5  10   1   0   1   1   1   0  29  25  11   0   0   3  0.76 0.49
  278 S     2   1  -2  -1  -2   2   1  -1   1  -3  -1  -1   0  -3   0   2   0  -2  -4  -1   17   7   0   2   1   9  11   3   3   1   6   3   2   0   3  20   7   1   0   3  0.23 0.25
  279 D     0  -1  -2   5  -5  -3  -1  -2  -3  -5  -4  -1  -1  -2   1   4   0  -6  -2  -4    8   3   1  33   0   0   3   3   0   0   1   2   2   2   6  28   5   0   1   0  0.69 0.45
  280 P    -1  -3  -2  -2  -2  -1  -1  -2   6  -4  -5  -4  -5  -5   6   1  -1  -6   0  -5    4   1   1   1   1   2   4   3  23   1   1   0   0   0  41  11   4   0   2   0  1.21 0.54
  281 G     1  -5  -4  -3  -5  -5  -5   7  -5  -6  -7  -5  -6  -6  -5  -3  -5  -6  -6  -4   11   0   0   1   0   0   0  86   0   0   0   0   0   0   0   0   0   0   0   1  1.99 0.64
  282 V    -1  -3  -4  -4  -2  -3  -3  -4  -4   4   1  -3   1  -1  -3  -3  -1  -3  -2   4    0   0   0   0   0   0   0   0   0  36   9   0   0   0   0   0   0   0   0  56  0.54 0.10

                      K         Lambda
Standard Ungapped    0.1377     0.3186
Standard Gapped      0.0489     0.2670
PSI Ungapped         0.1599     0.3174
PSI Gapped           0.0489     0.2670
