
Last position-specific scoring matrix computed, weighted observed percentages rounded down, information per position, and relative weight of gapless real matches to pseudocounts
            A   R   N   D   C   Q   E   G   H   I   L   K   M   F   P   S   T   W   Y   V   A   R   N   D   C   Q   E   G   H   I   L   K   M   F   P   S   T   W   Y   V
    1 M    -4  -5  -5  -6  -4  -4  -5  -6  -5   1   2  -5  10  -3  -6  -5  -4  -4  -4  -2    0   0   0   0   0   0   0   0   0   7  12   0  80   0   0   0   0   0   0   0  2.17 0.59
    2 T     1   0  -1  -2  -1  -1   0  -2  -2  -2  -1   0   5  -3  -2   1   3  -4  -3  -1   10   4   2   1   1   2   7   2   1   0   3   5  23   0   1  10  25   0   0   2  0.37 0.24
    3 T     1   0   0  -1  -2   0   1   0  -1   0  -1   0   1  -3   1   2   1  -4  -3  -1   11   4   5   1   0   3  10   6   1   8   5   3   6   0   6  19   9   0   0   4  0.13 0.11
    4 H    -1   0   0  -1  -3  -1   0  -1   4  -2  -1  -1   1   1   0   0   0   5   2  -2    5   5   4   2   0   2   6   5  16   1   6   1   6   6   5   9   6   9   7   1  0.24 0.16
    5 R    -2   3   0  -2  -3   1   1  -1   0  -1   0   1   3  -3  -2   1   0  -4  -2  -1    1  19   5   1   0   4   9   5   1   2   7   8  11   0   1  16   7   0   1   2  0.21 0.17
    6 N    -3  -1   7   0  -3  -1   1  -2   1  -6  -5  -2  -3  -4  -3   1  -1  -2  -5  -5    2   3  60   2   1   2   9   3   3   0   1   0   0   0   1   9   3   1   0   0  1.19 0.48
    7 D    -2   0   3   1  -4   2   1  -1   3  -1  -2   0   0  -2  -2   1   0   1  -1  -2    1   4  18   7   0  11   8   4   9   4   3   4   3   1   1  12   4   2   2   3  0.24 0.18
    8 T    -1  -2   3  -2  -4  -2   0   0  -2  -3  -3  -1  -1  -4  -3   3   4  -4  -3  -3    3   2  16   1   0   1   5   7   1   1   1   2   2   0   1  23  33   0   0   1  0.60 0.36
    9 L    -4  -4   8  -3  -5  -4  -4  -3  -3  -4  -3  -4  -3  -3  -6   0   0  -5  -4  -5    1   0  74   0   0   0   1   2   0   1   3   1   1   1   0   6   6   0   1   1  1.90 0.79
   10 S    -1   0   1  -1  -2   4   0  -1   4  -2  -1   0  -1   0  -2   1   0  -3   0  -1    4   4   5   2   1  23   6   5  10   3   6   3   1   4   1  12   5   0   2   4  0.25 0.22
   11 T    -3  -3  -3  -4  -5  -3  -4  -4  -1  -2  -4  -4  -3  -1  -4   4   6  -4  -5  -3    1   1   1   1   0   0   1   1   2   2   2   0   0   3   1  29  54   0   0   1  1.28 0.64
   12 E     0   0   0  -1  -2   0   1  -1   3  -1   0  -1   0  -1   0   2   1   0  -2   0    7   5   3   3   1   5   8   3   8   3   8   2   2   3   3  17  10   2   0   8  0.09 0.13
   13 A    -1  -4  -5  -4  -3  -4  -3  -3  -1   2  -1  -4   0  -1   3  -2  -1  -4  -2   5    3   0   0   1   0   0   2   2   1  12   5   1   2   2  13   3   2   0   1  48  0.75 0.42
   14 S     0  -1  -1  -2  -4  -1  -2  -3  -3  -2  -3  -1   0  -3  -1   3   5  -3  -4  -1    7   3   2   2   0   2   2   1   0   1   1   4   2   1   3  22  42   0   0   3  0.70 0.45
   15 D    -3  -2  -2   1  -6   0   6  -1   0  -4  -5  -2  -3  -3  -3   0   1  -3   0  -2    2   1   1   8   0   3  54   4   2   1   0   2   1   1   1   5   7   0   3   4  0.91 0.51
   16 F    -7  -8  -8  -9  -5  -8  -8  -8  -6  -4  -2  -8  -5  10  -9  -8  -7  -4  -1  -5    0   0   0   0   0   0   0   0   0   1   3   0   0  95   0   0   0   0   0   1  3.31 1.13
   17 L    -4  -4  -6  -7  -4  -5  -6  -7  -1   6   3  -6  -1   2  -6  -5  -1  -3  -2   3    0   1   0   0   0   0   0   0   2  45  22   0   0   7   0   0   5   0   1  16  1.09 0.51
   18 L    -6  -7  -8  -8  -6  -7  -7  -8  -7   0   7  -7  -1   2  -7  -7  -6  -6  -5  -3    0   0   0   0   0   0   0   0   0   4  87   0   1   7   0   0   0   0   0   1  1.95 0.80
   19 N    -3  -2  -4  -5  -4  -1  -3  -6  -4   0   5  -3   2  -3  -5  -3   1  -2  -4   2    2   2   1   0   0   3   2   0   0   4  53   1   5   0   0   2  10   0   0  14  0.77 0.43
   20 C    -3  -5  -5  -4  -2  -6  -6   8  -7  -8  -8  -5  -6  -8  -6  -3  -6  -7  -8  -5    2   1   0   1   1   0   0  92   0   0   0   0   0   0   0   1   0   0   0   1  2.46 0.93
   21 F    -5  -7  -7  -8  -6  -7  -7  -8  -6   4   4  -7  -1   7  -7  -6  -5  -3  -2  -1    0   0   0   0   0   0   0   0   0  19  33   0   1  43   0   0   0   0   0   3  1.57 0.66
   22 V    -2  -3  -3  -4  -4  -2  -4  -2  -4  -5  -4  -4  -5   0   5   4   3  -4  -4  -4    3   1   0   0   0   2   0   2   0   0   1   0   0   4  31  34  18   0   0   0  1.10 0.61
   23 R    -2  -2   2   4  -1   0   1   3   1  -3  -4  -2  -3  -5  -2   1  -1  -5  -3  -3    2   1  10  20   1   4   9  26   3   1   1   1   0   0   2  10   4   0   1   2  0.49 0.32
   24 S    -1   1   0   2  -2   1  -1  -2   2   0   2  -1   0   0  -1   0  -1  -1   0  -1    3   7   5  12   1   6   2   2   5   4  25   1   2   4   2   8   3   1   3   3  0.10 0.14
   25 P    -2  -1  -3  -3  -3   2   3  -3   0  -5  -2  -2  -4  -4   6  -1  -2   3  -2  -4    3   4   1   0   1   9  18   2   3   0   4   2   0   1  40   4   2   4   1   1  0.97 0.52
   26 S    -1   0   0   1  -4   2   4   0   2  -4  -4   1  -3  -5  -2   0  -1   2  -2  -3    5   5   3   8   0   8  31   7   6   1   2   6   0   0   2   6   3   3   1   1  0.43 0.30
   27 W    -1  -3  -4  -4  -3   0  -2  -3   0   1   4  -3   2   1  -3  -2  -1   2  -1   1    6   1   0   0   0   6   2   2   2   7  40   1   5   6   1   3   4   3   2   8  0.38 0.27
   28 Q    -5   2  -1  -3  -3   7   1  -4   6  -6  -6   0  -5  -6  -2  -3  -4  -3  -1  -6    0   8   2   1   1  49   9   2  18   0   0   4   0   0   2   2   0   0   2   0  1.39 0.68
   29 H     0  -1  -2  -3  -1  -1  -2  -1   1   2   1  -1   1   0   1  -1   0  -1  -1   1    7   3   2   1   1   2   1   4   4  18  14   3   4   4   7   4   5   1   2  13  0.11 0.12
   30 W    -2  -5  -6  -6  -1  -5  -5  -4  -4   1   3  -5   0   3   2  -3  -1   8  -2   1    2   0   0   0   1   0   0   1   0   8  29   0   2  11  10   2   3  20   1   9  0.91 0.45
   31 L    -5  -6  -7  -7  -2  -5  -7  -7  -1   3   5  -6  -1   3  -5  -5  -4  -4  -2  -1    0   0   0   0   1   0   0   0   1  16  62   0   1  12   0   1   0   0   1   4  1.27 0.57
   32 S    -2  -7  -6  -7  -3  -7  -7  -2  -5  -3  -2  -7  -4   9  -7   2  -5  -4   0  -4    4   0   0   0   1   0   0   4   0   1   3   0   0  69   0  15   0   0   1   1  1.95 0.80
   33 L     0  -5  -4  -5  -1  -4  -4   0  -4   3   2  -4   1   2  -2  -1  -1  -1  -3   3    9   0   0   0   1   0   0   8   0  19  18   0   3   8   2   5   3   1   0  23  0.41 0.27
   34 P    -2  -5  -5  -6  -2  -4  -5  -4  -5   2   3  -5   2   1   4  -2  -1  -5  -4   3    3   0   0   0   1   0   0   1   0  10  32   0   4   5  21   2   3   0   0  17  0.70 0.39
   35 L    -6  -7  -6  -8  -1  -7  -8  -7  -6   1   1  -7  -3   9  -8  -6  -5  -4  -1  -1    0   0   0   0   2   0   0   0   0   7  10   0   0  74   0   0   0   0   1   5  2.24 0.84
   36 S    -3  -6  -5  -7   5  -6  -6  -4  -6  -1   5  -6  -1   3  -6   0  -2  -5  -4  -2    1   0   0   0  13   0   0   1   0   1  59   0   1  10   0   9   2   0   0   1  1.16 0.57
   37 L     1  -4  -4  -5   2  -4  -4  -1  -4   2   3  -4   0   2  -3   1   0  -3  -3   2   10   0   0   0   4   0   0   4   0  12  27   0   2   8   1  11   6   0   0  15  0.36 0.26
   38 L    -1  -5  -5  -6  -3  -5  -6  -5  -6   5   2  -5   6   1  -6  -2   0  -5  -4   2    4   0   0   0   0   0   0   0   0  32  14   0  21   6   0   3   5   0   0  13  0.94 0.47
   39 F    -6  -7  -7  -8  -3  -7  -7  -8  -2  -6  -6  -7  -6   2  -8  -6  -7  -3  10  -6    0   0   0   0   1   0   0   0   0   0   0   0   0   7   0   0   0   0  90   0  3.38 1.18
   40 L    -1  -5  -5  -6  -3  -5  -5  -3  -5   3   4  -5   2   0  -4  -2   0  -5  -4   2    4   0   0   0   0   0   0   2   0  17  46   0   5   4   1   2   7   0   0  12  0.76 0.40
   41 L     0  -5  -5  -6  -2  -5  -5  -4  -5   4   2  -5   2   2  -5  -2   1  -3  -3   4    7   0   0   0   1   0   0   1   0  22  22   0   4   7   0   2   8   0   0  25  0.63 0.35
   42 A     3  -5  -1  -5  -2  -5  -5  -3  -6   1  -4  -5  -4  -5  -5   1   6  -6  -5  -2   21   0   2   0   1   0   0   2   0   9   0   0   0   0   0   8  54   0   0   2  1.20 0.64
   43 V    -4  -6  -7  -7  -3  -5  -6  -6  -4   2   5  -6   3   0  -6  -5  -3  -5  -4   4    1   0   0   0   1   0   0   0   0  12  51   0   5   3   0   0   1   0   0  25  1.14 0.52
   44 G     0  -5  -5  -5  -2  -4  -4  -2  -5   1   4  -4   3   0  -5   0   1  -2  -3   2    9   0   0   0   1   0   0   4   0   7  35   0   8   4   0   6   9   0   0  16  0.50 0.32
   45 A    -1  -6  -4  -5  -5  -5  -2   7  -6  -7  -8  -6  -5  -8  -7  -3  -4  -1  -7  -5    5   0   0   0   0   0   3  87   0   0   0   0   0   0   0   2   1   1   0   1  2.19 0.85
   46 N    -7  -6   9  -4  -8  -5  -6  -6  -3  -9  -7  -5  -7  -8  -7  -4  -5  -9  -7  -8    0   0  98   0   0   0   0   0   0   0   0   0   0   0   0   0   0   0   0   0  3.29 1.20
   47 T    -1  -4  -3  -5   3  -4  -4   1  -5   1   3  -4   1   1  -4   1   1  -3  -3   0    6   0   1   0   6   0   0  11   0   9  34   0   4   5   0  10   7   0   0   7  0.39 0.28
   48 T     0  -4  -4  -5  -2  -4  -4   1  -5   1   3  -4   2  -1  -4  -1   2  -3  -4   1    8   0   0   0   1   0   0  13   0   8  34   0   4   3   0   5  16   0   0   7  0.45 0.32
   49 L    -5  -7  -7  -7  -5  -6  -7  -8  -7   7   2  -6   5  -3  -7  -6  -3  -6  -5   1    0   0   0   0   0   0   0   0   0  64  17   0  12   1   0   0   1   0   0   6  1.76 0.71
   50 L    -3  -6  -7  -7  -4  -6  -7  -7  -7   6   3  -6   2  -1  -6  -5  -3  -6  -4   2    1   0   0   0   0   0   0   0   0  51  26   0   5   2   0   1   1   0   0  12  1.34 0.58
   51 M     0  -4  -4  -5   0  -4  -4  -3  -1   2   3  -4   1   3  -4  -1   1  -1   1   2    7   0   0   0   2   0   0   2   2  11  29   0   3  12   0   4   9   1   4  13  0.41 0.27
   52 T     2  -5  -6  -6  -4  -5  -5  -6  -6   3   4  -5  -1  -3  -5  -4   1  -5  -4   3   15   0   0   0   0   0   0   0   0  15  38   0   1   0   0   0   9   0   0  22  0.83 0.45
   53 I    -4  -6  -6  -7  -4  -6  -7  -7  -7   7  -3  -6  -2  -4  -6  -1   1  -7  -4   4    1   0   0   0   0   0   0   0   0  59   0   0   0   0   0   4   8   0   0  27  1.59 0.68
   54 W    -1   3  -2  -4   2   0  -3  -1   1   1   0   1  -1  -1  -4   0  -1   5   0   0    4  20   1   0   5   4   0   4   3   8   9   9   1   2   0   8   4   8   3   7  0.26 0.22
   55 L     0  -2  -2  -4   0  -2  -3  -3  -2   1   2  -2   2   0  -4   1   2   2  -1   1    8   2   2   0   2   1   0   1   1   7  23   2   5   3   0  11  17   3   1  11  0.26 0.23
   56 E    -5  -4   2   7  -3  -2   3  -5   0  -6  -7  -3  -7  -6  -5   1  -2  -8  -6  -5    0   0   7  57   1   1  19   0   2   0   0   1   0   0   0   9   2   0   0   1  1.51 0.69
   57 A     0   2  -2  -3  -2   1  -2  -4   3  -4  -4  -1  -3  -4   5   4  -1  -3  -3  -4    8  10   1   1   1   7   1   1   6   1   1   3   1   0  25  29   4   0   1   1  0.71 0.45
   58 S    -1   4  -1  -3  -1   2  -3  -3   6  -5  -5   0  -4  -6  -3   3   0  -6  -3  -4    5  25   3   1   2  10   1   1  19   1   1   4   0   0   1  20   7   0   0   1  0.79 0.47
   59 L    -6  -6  -8  -9  -6  -7  -8  -9  -8  -3   7  -7  -2  -3  -6  -7  -6  -6  -6  -3    0   0   0   0   0   0   0   0   0   0  98   0   0   1   0   0   0   0   0   0  2.33 0.91
   60 H    -6  -1  -2  -4  -4   3  -5  -5  11  -9  -8  -4  -7  -7  -7  -5  -6  -8  -3  -8    0   3   2   1   0  10   0   1  82   0   0   0   0   0   0   0   0   0   0   0  3.27 1.15
   61 Q    -2  -2  -1  -4  -4   0   1  -5  -2  -2  -4   0  -2  -5  -5   2   6  -6  -5  -3    2   2   2   0   0   4  10   0   1   3   1   5   1   0   0  12  54   0   0   1  1.04 0.59
   62 P    -5  -6  -7  -7  -8  -6  -7  -8  -8  -8  -6  -6  -8  -9   9  -5  -6  -9  -8  -8    0   0   0   0   0   0   0   0   0   0   1   0   0   0  98   0   0   0   0   0  3.47 1.24
   63 L    -7  -7  -8  -9  -7  -5  -8  -8  -7  -4  -3  -6  11  -6  -8  -7  -5  -7  -7  -4    0   0   0   0   0   0   0   0   0   0   1   0  97   0   0   0   0   0   0   0  3.95 1.37
   64 Y    -7  -7  -7  -8  -4  -7  -7  -8  -1  -7  -6  -7  -6   2  -8  -7  -7  -3  10  -7    0   0   0   0   0   0   0   0   1   0   0   0   0   6   0   0   0   0  92   0  3.51 1.23
   65 Y    -6  -6  -6  -8  -4  -5  -7  -7  -3   0   1  -6  -3   8  -8  -5  -6  -2   5  -3    0   0   0   0   0   1   0   0   1   5  12   0   0  63   0   1   0   0  15   1  1.96 0.76
   66 L    -7  -7  -8  -8  -3  -8  -8  -8  -6  -4   1  -8  -3   9  -8  -7  -6  -4  -1  -5    0   0   0   0   1   0   0   0   0   0  11   0   0  86   0   0   0   0   0   0  2.84 1.00
   67 L    -6  -7  -8  -8  -6  -6  -7  -8  -7   0   7  -7  -2  -3  -6  -7  -5  -6  -5  -2    0   0   0   0   0   0   0   0   0   4  93   0   0   1   0   0   0   0   0   1  2.09 0.83
   68 S     2   0  -3  -4   4  -3  -4   2  -3  -4  -4  -2  -4  -1  -4   4   0  -3  -4  -3   17   6   1   0   9   1   0  15   0   1   1   1   0   3   0  38   5   0   0   1  0.69 0.44
   69 L    -4  -4   7  -3  -3   0  -4  -5   5  -1  -2  -4   6  -3  -5  -1  -3  -6  -3  -2    1   0  46   0   1   4   0   0  14   3   3   0  17   1   0   4   1   0   1   3  1.33 0.65
   70 L    -6  -7  -8  -8  -6  -7  -7  -8  -7  -3   7  -7  -1   1  -7  -7  -6  -6  -5  -4    0   0   0   0   0   0   0   0   0   0  94   0   1   5   0   0   0   0   0   0  2.16 0.86
   71 S     3  -5  -4  -4  -3  -5  -5  -4  -6  -6  -6  -5  -4  -6  -5   7  -3  -7  -6  -5   26   0   0   0   0   0   0   0   0   0   0   0   0   0   0  71   0   0   0   1  1.78 0.85
   72 L    -1  -6  -6  -6   3  -6  -6  -5  -5   1   2  -6   0   7  -6  -2  -2  -4  -1   1    5   0   0   0   6   0   0   1   0   7  18   0   2  44   0   3   3   0   0  11  1.05 0.50
   73 L    -1  -4  -3  -5  -1  -4  -5  -5  -5   3   4  -5   2  -2  -5   0   2  -5  -4   3    6   0   1   0   1   0   0   0   0  14  38   0   4   1   0   7  11   0   0  18  0.66 0.38
   74 D    -6  -6  -2   8  -8  -4   3  -4  -6  -8  -8  -5  -8  -8  -6  -5  -6  -9  -8  -8    0   0   1  78   0   0  20   1   0   0   0   0   0   0   0   0   0   0   0   0  2.42 0.94
   75 I    -2  -6  -6  -6  -4  -5  -6  -6  -6   6   4  -6   3   0  -5  -4  -1  -5  -4   1    3   0   0   0   0   0   0   0   0  41  32   0   6   4   0   1   4   0   0   9  1.06 0.49
   76 V    -2  -6  -5  -6   9  -6  -6   2  -6  -1  -1  -6  -1   0  -6   0  -2   5  -4   0    3   0   0   0  41   0   0  14   0   4   7   0   2   4   0   8   2   7   0   7  1.32 0.58
   77 L    -5  -6  -4  -6   1  -3  -6  -6   0  -2   2  -5   1   4  -7  -3  -4  -3   8  -2    0   0   1   0   3   1   0   1   2   2  22   0   3  17   0   2   0   0  44   2  1.40 0.63
   78 C     0  -5  -3  -5   2  -4  -4  -4  -5   1  -5  -4  -4  -5  -3   5   5  -6  -5   0    5   0   0   0   4   0   0   0   0   8   0   0   0   0   1  43  29   0   0   7  1.04 0.60
   79 L    -2  -5  -2  -5   0  -4  -5  -5  -5  -4  -1  -4  -2  -2  -5   5   5  -6  -5  -3    1   0   2   0   2   0   0   0   0   1   7   0   1   2   0  48  35   0   0   2  1.24 0.67
   80 T     1  -5   1  -3   1  -4  -4  -4  -5   0  -4  -4  -3  -3  -4   3   4  -4  -5   4   10   0   6   1   2   0   0   0   0   3   0   0   0   1   1  22  23   0   0  29  0.70 0.46
   81 V    -2  -5  -3  -5  -2  -5  -5  -5  -6   4  -3  -5  -2  -1  -5   0   6  -5  -3   2    3   0   1   0   1   0   0   1   0  25   1   0   1   3   0   5  46   0   1  14  1.10 0.58
   82 I     0  -5  -5  -5  -3  -3  -4  -3  -5   3   1  -5   2  -2  -5  -2   2  -5  -3   5    7   0   0   0   0   1   0   2   0  18  13   0   5   1   0   2  11   0   0  37  0.71 0.40
   83 P    -6  -7  -7  -7  -8  -7  -6  -7  -5  -7  -6  -6  -8  -7   9  -5  -5  -9  -8  -6    0   0   0   0   0   0   0   0   0   0   1   0   0   0  96   1   0   0   0   1  3.35 1.20
   84 K    -4   2   1  -5  -4   2  -3  -5  -4  -5  -4   7  -3  -6  -4  -2   0  -7  -4  -5    0   9   5   0   0  10   0   0   0   1   2  61   0   0   0   2   7   0   0   0  1.36 0.66
   85 V     0  -6  -7  -7  -6  -5  -6  -7  -6   0   2  -6  10  -3  -7  -4  -1  -6  -5   1    7   0   0   0   0   0   0   0   0   4  14   0  61   1   0   1   4   0   0   7  1.96 0.82
   86 L    -3  -6  -7  -8  -3  -6  -7  -8  -6   1   6  -7   2  -2  -7  -6  -5  -6  -5  -2    2   0   0   0   0   0   0   0   0   5  85   0   5   1   0   0   0   0   0   2  1.81 0.75
   87 T     2  -1  -2  -2   1   0  -1   1  -2   0  -1  -2   0  -1  -3   1   0  -2  -1   2   21   2   1   1   2   4   3  10   1   4   5   1   3   2   0  11   5   1   2  20  0.16 0.18
   88 I    -3  -4   6   2  -4  -3  -3   0   2   3  -2  -4  -2  -5  -5   0  -1  -6  -3   0    1   0  36  13   0   0   0   6   5  19   3   0   1   0   0   6   3   0   1   5  0.75 0.44
   89 F    -4  -6  -6  -7  -1  -5  -6  -7  -2   2   4  -6   1   7  -7  -2  -3  -4   1  -2    1   0   0   0   1   0   0   0   1  10  34   0   3  42   0   3   1   0   3   1  1.28 0.57
   90 W    -4  -4  -6  -7  -2   0  -5  -4  -2   0   4  -5   0   1  -6  -4  -3   8  -2   1    1   1   0   0   1   5   0   1   1   5  46   0   1   5   0   1   1  22   1   8  1.18 0.55
   91 F     0  -1  -2  -3  -2  -2  -3  -1  -1  -2   0  -2   0   3  -4   3   2  -2  -1   0    7   3   1   1   1   1   1   5   1   1   8   1   2  16   0  28  14   0   1   5  0.34 0.30
   92 D    -2   0   2   2  -4   2   2   2   2  -4  -3   1  -3  -5   0  -1  -1  -4  -3  -3    3   3   9  10   0  10  16  17   6   1   2  10   0   0   4   4   4   0   0   2  0.35 0.25
   93 L     0   1   1   2  -2   1   0  -1   2  -2  -1   1  -2  -3  -2   2   0  -3  -2  -2    8   9   8  13   1   5   4   3   5   2   6  11   1   0   1  15   6   0   1   1  0.19 0.17
   94 R    -3   4   1  -3  -4   1  -3  -1   2  -5  -5   5  -3  -6  -1  -1  -1  -5  -3  -5    1  20   8   0   0   6   0   4   4   0   1  42   1   0   3   3   3   0   1   1  0.89 0.48
   95 P     0   0  -1  -1  -4  -2   2  -3  -1  -1  -3  -2  -2  -3  -1   2   4  -4  -3   0    8   4   2   3   0   1  12   1   1   3   2   2   1   1   3  17  31   0   1   7  0.39 0.32
   96 I    -6  -7  -7  -8  -6  -7  -8  -8  -8   8  -2  -7   0  -4  -7  -6  -5  -7  -6   0    0   0   0   0   0   0   0   0   0  89   2   0   2   0   0   0   0   0   0   5  2.49 0.92
   97 S    -2  -5  -2  -2  -2  -3  -3  -3  -4  -5  -6  -4  -5  -5   0   7   1  -7  -3  -5    2   0   1   1   1   1   1   2   0   0   0   0   0   0   5  74   8   0   1   1  1.51 0.77
   98 F    -4  -5  -6  -7  -6  -6  -6  -7  -2  -2   0  -5  -2   8  -4  -3  -5  -1   6   0    1   0   0   0   0   0   0   0   1   2  10   0   1  51   1   2   0   0  24   6  1.67 0.68
   99 P     1  -1   1   0  -2  -1   0   1   0  -1  -1  -1  -1  -2   1   1   1   0  -1   0   14   2   8   6   0   2   6  10   3   3   6   2   1   1   6  12   7   1   2   7  0.08 0.09
  100 A     3  -2  -3  -2  -2  -3  -1   6  -3  -5  -5  -4  -4  -5  -4   0  -3  -2  -6  -4   21   3   1   2   1   1   5  54   1   1   1   0   0   0   1   6   1   1   0   1  1.06 0.52
  101 C    -6  -8  -8  -9  12  -9  -9  -7  -9  -7  -7  -9  -7  -7  -8  -7  -7  -5  -5  -6    0   0   0   0  98   0   0   0   0   0   0   0   0   0   0   0   0   0   0   0  4.53 1.39
  102 F     2  -4  -5  -6  -4  -4  -5  -2  -5   2   3  -5   4   3  -5  -3  -3  -3  -2   2   17   0   0   0   0   0   0   3   0  12  28   0  12  13   0   1   1   0   0  12  0.61 0.36
  103 L     3  -5  -4  -5  -3  -4  -4  -4  -5   1   1  -4   0  -3  -4   0   5  -4  -5   1   24   0   0   0   0   0   0   1   0   7  12   0   2   1   0   7  35   0   0  11  0.70 0.45
  104 Q    -6  -4  -5  -6  -8   9  -3  -7  -4  -8  -8  -4  -6  -9  -7  -6  -6  -7  -7  -8    0   0   0   0   0  99   0   0   0   0   0   0   0   0   0   0   0   0   0   0  3.36 1.30
  105 M    -3  -6  -5  -7   0  -4  -4  -6  -2   1   3  -6   8   2  -6  -3  -2  -5  -1   0    2   0   0   0   2   0   1   0   1   6  28   0  39   9   0   2   2   0   2   6  1.24 0.59
  106 Y    -4  -7  -6  -8   2  -6  -6  -5  -1  -4  -3  -7  -5   8  -8  -3  -5  -1   7  -5    1   0   0   0   4   0   0   1   1   0   1   0   0  51   0   2   1   1  36   0  2.12 0.83
  107 I    -4  -7  -7  -8   0  -7  -7  -6  -6   1   1  -7  -2   8  -7  -3  -4  -3  -2  -1    2   0   0   0   2   0   0   0   0   6  14   0   1  67   0   2   1   0   0   5  1.90 0.76
  108 M    -3  -5  -6  -6  -4  -5  -5  -5  -2   3   0  -6   0   7  -6  -1  -2  -3   2   1    2   0   0   0   0   0   1   1   1  16   8   0   2  45   0   5   2   0   7  11  1.13 0.52
  109 N    -1  -4  -2  -4   0  -3  -4  -2   7   1   2  -4   1   2  -5  -1  -1  -5  -1   0    4   0   2   0   2   1   0   4  30   8  21   0   3   9   0   4   3   0   1   8  0.70 0.40
  110 C     2  -4  -3  -4   1  -3  -4  -1  -4   0   0  -4   0   4  -4   2   2   2  -1   0   17   0   1   0   3   0   0   5   0   4  10   0   3  17   0  19  13   2   1   6  0.37 0.30
  111 F    -3  -6  -6  -7   1  -6  -7  -6  -4  -1   4  -6   1   7  -7  -2  -2  -3  -1  -2    1   0   0   0   3   0   0   0   0   2  37   0   4  43   0   3   3   0   1   2  1.32 0.59
  112 L     3  -5  -4  -4  -1  -2  -3   5  -4  -1  -2  -4  -1  -1  -4   1   1  -5  -4   1   21   0   0   0   1   1   1  38   0   3   3   0   1   3   0  11   8   0   0   9  0.64 0.39
  113 A     1  -4  -1  -1   4  -3  -3   2  -1   1  -2  -3  -1  -1  -3   1   2  -4  -2   1   13   0   2   3   9   0   0  17   1   9   3   0   1   3   1  13  13   0   1  10  0.29 0.24
  114 M     1  -5  -3  -5  -2  -4  -4  -3  -5   0   0  -4   5  -3  -5   1   5  -3  -5   1   13   0   1   0   1   0   0   2   0   4   7   0  16   1   0  11  37   0   0   9  0.80 0.49
  115 E    -4  -4  -2   2  -9  -2   8  -5  -1  -8  -8  -4  -7  -8  -6  -4  -6  -8  -7  -7    1   0   1  10   0   1  84   1   1   0   0   0   0   0   0   0   0   0   0   0  2.27 0.95
  116 S    -1  -5   0  -4   9  -5  -5  -2  -5  -1  -3  -5   0   1  -6   4  -1  -5  -2  -2    5   0   4   1  38   0   0   3   0   4   3   0   2   6   0  28   3   0   2   2  1.29 0.61
  117 C     0  -5  -4  -5   2  -4  -4   1  -3   0   1  -5   0   5  -5  -1  -2  -1   3   1    7   0   0   0   5   0   1  10   0   6  16   0   2  30   0   5   1   0   9   8  0.58 0.34
  118 T    -5  -6  -7  -7  -5  -6  -7  -7  -7   3   5  -6   1   0  -7  -5  -3  -5  -4   2    0   0   0   0   0   0   0   0   0  14  62   0   3   4   0   0   2   0   0  15  1.31 0.58
  119 F    -6  -7  -8  -8  -6  -7  -8  -8  -7  -1   7  -7  -2  -1  -7  -7  -6  -6  -2  -3    0   0   0   0   0   0   0   0   0   2  93   0   0   3   0   0   0   0   1   1  2.11 0.85
  120 M     4  -5  -4  -5  -2  -4  -4  -2  -5  -2   1  -4   1  -4  -3   1   3  -6  -5   2   40   0   0   0   1   0   0   3   0   1  13   0   4   0   1   8  18   0   0  13  0.68 0.44
  121 V     4  -5  -5  -5  -2  -5  -5  -4  -6   1  -1  -5   1  -2  -5   0   0  -6  -5   4   38   0   0   0   1   0   0   0   0   8   4   0   3   1   0   7   4   0   0  34  0.86 0.49
  122 M    -7  -7  -8  -9  -7  -6  -8  -9  -7  -4  -4  -7  11  -6  -8  -7  -5  -7  -7  -5    0   0   0   0   0   0   0   0   0   0   0   0  99   0   0   0   1   0   0   0  4.10 1.41
  123 A     7  -6  -6  -6  -4  -5  -5  -2  -6  -6  -6  -5  -6  -7  -5   2  -4  -7  -6  -5   82   0   0   0   0   0   0   3   0   0   0   0   0   0   0  14   0   0   0   0  1.93 0.87
  124 Y    -6  -7  -6  -8  -2  -5  -7  -8  -4  -2  -1  -7  -3   5  -8  -6  -6  -2   9  -3    0   0   0   0   1   0   0   0   0   3   5   0   1  23   0   0   0   0  65   2  2.39 0.92
  125 D    -6  -7  -3   9  -9  -6  -4  -7  -4  -9  -9  -6  -9  -9  -7  -5  -6 -10  -8  -9    0   0   0  99   0   0   0   0   0   0   0   0   0   0   0   0   0   0   0   0  3.19 1.15
  126 R    -7   9  -6  -7   1  -4  -5  -8  -1  -8  -6  -3  -7  -8  -7  -6  -6  -8  -7  -8    0  94   0   0   3   0   0   0   2   0   1   0   0   0   0   0   0   0   0   0  2.92 1.10
  127 Y    -6  -7  -7  -8   0  -7  -7  -8  -1  -6  -4  -7  -6   4  -8  -6  -7  -3  10  -5    0   0   0   0   2   0   0   0   1   0   1   0   0  16   0   0   0   0  80   0  3.01 1.09
  128 V     0  -6  -6  -7  -4  -4  -6  -7  -7   1   1  -5   2  -4  -6  -5  -3  -7  -5   7    7   0   0   0   0   0   0   0   0   6  14   0   4   0   0   0   1   0   0  66  1.41 0.64
  129 A     8  -6  -7  -6  -5  -6  -6  -5  -7  -6  -6  -6  -6  -7  -6  -4  -4  -8  -7  -4   99   0   0   0   0   0   0   0   0   0   0   0   0   0   0   0   1   0   0   1  2.49 1.03
  130 I    -6  -8  -8  -8  -6  -8  -8  -8  -8   8  -3  -8  -3  -5  -8  -7  -5  -8  -6   1    0   0   0   0   0   0   0   0   0  91   0   0   0   0   0   0   0   0   0   8  2.68 0.98
  131 C    -5  -4  -7  -9  12  -8  -9  -7  -5  -6  -6  -8  -7  -8  -8  -2  -6  -3  -2  -5    0   1   0   0  92   0   0   0   0   0   0   0   0   0   0   3   0   0   1   1  4.03 1.29
  132 H    -3   1   5   0  -2   0  -2  -5   6  -4  -5   3  -4  -1  -5   0  -3  -2   1  -5    1   8  25   4   1   5   1   0  22   1   0  15   0   3   0   6   1   1   5   0  0.86 0.47
  133 P    -5  -8  -8  -7  -8  -7  -7  -8  -8  -8  -7  -7  -8  -9   9  -5  -7  -9  -9  -8    1   0   0   0   0   0   0   0   0   0   0   0   0   0  99   0   0   0   0   0  3.54 1.26
  134 L    -6  -7  -8  -8  -6  -6  -8  -8  -7  -3   7  -7  -2  -3  -8  -7  -6  -4  -6  -3    0   0   0   0   0   0   0   0   0   0  98   0   0   1   0   0   0   0   0   0  2.31 0.91
  135 R    -6   6  -3  -6  -3   1  -4  -6   8  -4   1  -3  -4  -5  -6  -4  -4  -3  -2  -5    0  38   1   0   1   5   0   0  37   1  13   1   0   0   0   1   1   0   1   0  1.65 0.73
  136 Y    -7  -7  -7  -7  -5  -7  -7  -9   2  -7  -7  -7  -6  -2  -8  -7  -7  -3  10  -7    0   0   0   0   0   0   0   0   4   0   0   0   0   0   0   0   0   0  95   0  3.64 1.27
  137 P     1  -2   0  -3  -2  -2  -3  -1   1  -3  -3  -2   1  -3   4   2   4  -5  -4  -2   11   2   4   0   1   1   1   4   3   1   2   1   5   1  18  18  25   0   0   3  0.51 0.36
  138 S     1  -2  -2  -3  -3  -2  -3  -4  -4   1   0  -3   1  -3  -4   2   4  -5  -4   3    9   1   2   1   0   2   1   0   0   7   7   0   4   0   0  14  29   0   0  22  0.52 0.37
  139 I    -3  -2  -5  -6  -4  -5  -6  -7  -2   7   2  -3   0  -3  -6  -4  -1  -6  -5   2    2   2   0   0   0   0   0   0   1  56  15   2   2   1   0   1   4   0   0  12  1.17 0.54
  140 I    -6  -5  -7  -8  -6  -6  -7  -8  -7   0   3  -6  10  -2  -6  -7  -5  -6  -6  -2    0   0   0   0   0   0   0   0   0   4  20   0  72   1   0   0   0   0   0   1  2.71 1.03
  141 T    -3  -2   5  -2  -2  -3  -4  -3   1  -5  -6  -3  -5  -6  -3   4   5  -7  -5  -5    1   2  23   1   1   0   0   1   3   0   0   1   0   0   1  33  31   0   0   0  1.12 0.62
  142 D    -3   2   2  -1  -5   1  -2   0   3  -4  -3   1  -2  -3   4   0  -1   3  -2  -3    1  13  10   2   0   7   1   6   7   1   2   9   1   1  21   8   4   5   1   1  0.48 0.32
  143 H    -1   5  -1  -2  -3   3  -1   0   0  -4  -4   3  -1  -5  -1   1   0   0  -3  -3    3  28   2   1   1  12   2   6   2   1   1  17   1   0   4  10   5   1   0   2  0.51 0.34
  144 F    -1   1  -5  -6  -1  -3  -5  -5  -3   1   3  -3   2   2  -5  -3   0  -5  -3   4    5   7   0   0   1   1   0   0   1   6  27   1   4   7   0   1   5   0   0  33  0.59 0.35
  145 V    -5  -4  -6  -8  11  -4  -8  -6  -6   2  -3  -7  -3  -5  -7  -3  -3  -5  -1   1    0   1   0   0  68   1   0   0   0  11   3   0   1   0   0   2   1   0   2   8  2.62 0.92
  146 V     1  -1  -3  -4  -1  -2  -3   0  -1   2   1  -2   1   0  -4  -1   1   1  -2   2   13   3   1   0   1   2   0   9   1  14  15   1   2   3   0   5   8   2   1  18  0.19 0.17
  147 K    -1   2  -2  -3   2   4  -1   0   0  -1   1   2   0  -2  -3  -1  -1   1  -2  -1    3   9   1   0   4  20   1   7   2   3  16  15   2   2   1   5   2   2   1   4  0.24 0.24
  148 A    -3  -6  -7  -7  -4  -5  -6  -7  -6   3   6  -6   5  -1  -6  -5  -3  -5  -5  -1    2   0   0   0   0   0   0   0   0  13  65   0  15   2   0   1   1   0   0   2  1.44 0.63
  149 A     3  -5  -4  -5  -3  -4  -4   2  -5   1  -1  -4   0  -4  -4  -1  -1  -5  -4   4   28   0   0   0   0   0   0  15   0   7   6   0   2   0   0   4   4   0   0  32  0.64 0.39
  150 M     3  -4  -4  -4  -1  -4  -4   0  -4   2   2  -4   1   0  -4   0   0  -1  -3   2   24   0   0   0   1   0   0   8   0   9  23   0   3   3   0   7   6   1   0  14  0.36 0.27
  151 F     2  -4  -3  -4   1  -4  -4   3  -4   1   0  -4   0   0  -4   0   1  -1  -3   1   21   0   0   0   3   0   0  24   0   7   9   0   2   4   0   8   7   1   0  11  0.37 0.27
  152 I     2  -5  -4  -4   5  -4  -4  -3  -5   0  -2  -4  -2  -3  -1   5   0  -6  -5   1   16   0   0   0  11   0   0   1   0   6   3   0   1   1   3  41   6   0   0  10  0.75 0.47
  153 L    -4  -7  -7  -8   2  -6  -7  -5  -4  -2   0  -7  -1   1  -7  -5  -4  11   5   0    2   0   0   0   3   0   0   1   0   2   9   0   1   5   0   1   1  52  15   7  2.36 0.87
  154 T     1  -4  -5  -5   0  -4  -5  -1  -5   3   3  -4   2   1  -5  -1   0  -4  -3   3   10   0   0   0   2   0   0   4   0  16  27   0   4   6   0   4   7   0   0  20  0.47 0.29
  155 R    -1   3  -3  -4   3  -3  -3   1  -2   1   0  -2   0   0  -4   1   0   0   0   0    5  19   0   0   6   0   0  13   1  11   9   1   3   4   0  10   5   2   3   6  0.22 0.21
  156 N     1  -6  -1  -5   0  -4  -5   6  -5  -6  -6  -5  -4  -6  -2   2  -2  -6  -6  -5   12   0   3   0   2   0   0  60   0   0   0   0   0   0   2  17   2   0   0   1  1.34 0.61
  157 V    -1  -5  -2  -5   1  -5  -5  -3  -2   1   2  -5   0   6  -5  -1  -1  -2  -1   2    6   0   2   0   4   0   0   2   1   8  16   0   2  35   0   6   5   0   1  13  0.66 0.37
  158 L     0  -5  -5  -5   1  -4  -5  -2  -5   2   4  -4   2   2  -2  -1   0  -3  -2   2    7   0   0   0   3   0   0   3   0  13  36   0   4   7   2   4   5   0   0  16  0.51 0.30
  159 M    -1  -3   3   0   0  -2  -2  -1   4   1   1  -3   0   1  -3   0   0   0   0   1    5   0  17   4   2   1   1   4  10   7  15   0   2   5   0   7   4   1   3  10  0.19 0.19
  160 T     2  -4  -2  -4  -2  -2  -3   0  -2   1  -2  -3   1  -2   0   4   0  -4  -2   1   20   0   1   0   1   1   0   6   1   7   2   0   4   2   4  35   6   0   1   9  0.47 0.36
  161 L     0  -4  -4  -5  -1  -3  -5  -3  -5   2   4  -4   2   1  -3   0   0  -1  -3   1    7   0   0   0   1   1   0   2   0  12  38   0   6   7   1   8   7   1   0  10  0.49 0.31
  162 P    -1  -5  -4  -5  -2  -4  -4  -2  -5   3   1  -4   1   0   5  -2   0  -3  -3   2    4   0   0   0   1   0   0   3   0  19  14   0   3   4  25   3   7   0   0  15  0.60 0.35
  163 I    -3  -2  -1  -3  -1   3  -1  -4   7  -1   1  -2   0   0   1  -2  -2  -4   0  -1    2   1   3   1   1  16   4   1  26   3  13   2   3   5   7   3   2   0   3   4  0.55 0.36
  164 P    -1  -5  -3  -4  -1  -4  -4  -4  -5   2  -1  -4  -1  -3   2   0   5  -6  -4   2    4   0   1   0   1   0   1   1   0  11   6   0   2   1  10   7  43   0   0  13  0.76 0.47
  165 I     0  -4  -3  -4   0  -3  -4   0  -3   2   1  -3   0   3  -2   0   0  -1   1   2    7   0   1   0   2   0   0   7   0  13  16   0   2  15   2   9   6   1   4  14  0.26 0.21
  166 L    -2  -3  -2  -4   2  -2  -4  -5  -4   0   4  -3   3   3  -3  -2  -2   2  -1  -1    4   1   2   1   4   2   0   0   0   4  47   1   7  13   1   3   2   3   2   2  0.63 0.36
  167 S     1  -5  -5  -5  -3  -4  -5  -4  -5   4   2  -4   3  -3  -4  -2   4  -4  -4   2   10   0   0   0   0   0   0   1   0  24  18   0   7   1   1   2  25   0   0  11  0.68 0.41
  168 A     0  -1  -3  -4  -3  -2  -3  -4  -2  -1   2   0   2   5  -4   2  -1  -2   0  -1    7   4   1   0   0   1   0   1   1   2  18   8   5  24   0  17   4   0   3   3  0.38 0.29
  169 Q    -3   5   0  -3  -1   4  -2  -3   3  -4  -4   0  -3  -4  -2   1   0   0  -4  -4    1  35   5   1   1  17   1   2   7   1   2   4   1   1   2  11   6   2   0   1  0.72 0.44
  170 L    -5  -5  -7  -7  -5  -4  -7  -6  -5  -2   6  -5   1   1  -7  -5  -5   0  -4  -1    1   0   0   0   0   1   0   0   0   1  81   1   3   6   0   1   0   1   0   3  1.61 0.70
  171 R    -3  -2  -1  -1  -3  -2  -3  -5   1  -3  -4  -2  -5  -5   7   3   1  -5  -2  -4    1   2   3   4   1   2   1   0   4   1   1   2   0   0  45  21   9   0   1   1  1.14 0.58
  172 Y    -7  -4  -7  -8  -4  -7  -8  -8  -4  -4  -1  -7  -4   9  -8  -6  -5  -3   5  -5    0   1   0   0   0   0   0   0   0   0   4   0   0  72   0   0   0   0  20   0  2.53 0.92
  173 C    -6  -4  -6  -8  12  -6  -9  -8  -3  -7  -7  -8  -7  -4  -7  -4  -6  -8  -3  -6    0   1   0   0  93   0   0   0   1   0   0   0   0   1   0   1   0   0   1   0  4.16 1.31
  174 G     0   2   0  -1  -5   1  -3   6   2  -4  -6   0  -5  -5  -4  -1  -2  -4  -5  -5    6  10   3   3   0   5   1  52   4   1   0   5   0   0   1   4   3   0   0   0  0.91 0.46
  175 R    -1  -2   1  -1  -4  -3  -3  -2   4  -4  -4  -1  -4  -5   5   4   0  -6  -2  -4    4   2   6   3   0   1   1   3   9   1   1   3   0   0  28  31   6   0   1   0  0.80 0.47
  176 N    -4   2   7  -2  -4   0  -4  -3   5  -6  -4  -1  -3  -4  -4  -2  -2  -3  -2  -4    1  10  56   2   0   4   0   1  11   0   2   4   1   1   1   2   2   1   1   1  1.35 0.64
  177 V    -2   0  -3  -3  -3   1   2  -5   0   3  -1   0  -1  -3  -5  -3   0  -4  -2   4    3   5   1   1   0   5  16   0   2  19   3   6   1   1   0   1   5   0   1  30  0.46 0.33
  178 I    -5  -7  -7  -8  -5  -7  -7  -8  -7   8   1  -7   0  -4  -6  -7  -4  -7  -5   3    0   0   0   0   0   0   0   0   0  71  13   0   1   0   0   0   0   0   0  14  1.93 0.75
  179 E    -2  -2   5   4  -6  -1  -1  -4   3  -6  -5  -2  -5  -6   3   1  -2  -7  -2  -5    3   1  28  22   0   2   3   1   7   0   1   2   0   0  15  12   2   0   2   0  0.86 0.48
  180 N    -7  -5   0  -4  -8   0  -5  -7  11  -8  -6  -5  -7  -5  -7  -3  -6  -7   1  -8    0   0   4   1   0   4   0   0  83   0   1   0   0   0   0   2   0   0   3   0  3.30 1.15
  181 C    -4  -7  -5  -7   2  -6  -6  -7  -4  -2  -3  -7  -3   8  -6   1   1  -4   3  -4    1   0   0   0   4   0   0   0   0   3   2   0   0  63   0  10   8   0   8   1  1.78 0.75
  182 I    -4  -7  -6  -8  -6  -7  -7  -6  -4  -2  -1  -7  -2   8  -8  -4  -3  -3   6  -3    2   0   0   0   0   0   0   0   0   2   6   0   1  57   0   2   2   0  28   1  2.03 0.80
  183 C    -6  -7  -9 -10  12  -9 -10  -7  -9  -7  -7  -9  -7  -8  -9  -7  -7  -8  -8  -7    0   0   0   0  99   0   0   0   0   0   0   0   0   0   0   0   0   0   0   0  4.64 1.43
  184 A    -3  -5  -3   7  -8  -4   5  -5  -3  -6  -2  -4  -6  -4  -5  -3  -4  -8  -4  -6    2   0   0  55   0   0  33   0   0   0   5   0   0   1   0   1   0   0   1   0  1.68 0.75
  185 N    -2  -4  -2  -2  -4  -3  -4  -4   6   4   1  -4   2   1  -2  -2  -2  -5  -1   2    2   0   2   2   0   0   1   1  21  23  15   0   5   5   2   3   2   0   2  14  0.62 0.36
  186 M    -1  -3  -3  -2  -4   0  -3  -3  -2  -1   0  -2   4  -2   6   0  -1  -6  -2  -2    5   1   1   2   0   5   0   2   1   3   9   2  13   2  37   8   4   0   2   2  0.77 0.44
  187 S     3  -5  -3   0  -5   0  -2   0  -3  -4  -3  -4  -5  -5   6   0  -3  -7  -6  -2   21   0   1   6   0   5   2   6   1   1   3   0   0   0  44   8   1   0   0   3  1.05 0.54
  188 V    -4  -6  -7  -7  -4  -6  -6  -7  -7   3   5  -6   2  -3  -6  -5  -4  -2  -5   4    0   0   0   0   0   0   0   0   0  12  50   0   4   0   0   0   0   0   0  31  1.27 0.58
  189 S     0  -5  -6  -6  -4  -3  -6  -6  -6   3   5  -5   4   0  -6  -4  -3  -5  -4   1    8   0   0   0   0   1   0   0   0  14  52   0   9   4   0   1   1   0   0  10  0.98 0.48
  190 R     0   3   0  -3  -6   2  -1  -4   0  -5  -4   6  -1  -5  -3  -1  -2  -4  -4  -3    6  14   4   1   0   7   3   1   2   0   1  48   2   0   1   5   2   0   0   2  0.87 0.48
  191 L    -4  -5  -8  -8  -5  -6  -7  -8  -5   1   6  -7   1  -3  -6  -6  -5  -6  -4  -1    1   0   0   0   0   0   0   0   0   6  85   0   3   0   0   0   0   0   0   3  1.80 0.75
  192 S     5  -5  -4  -5  -5  -5  -5  -4  -5  -4  -4  -5  -5  -6  -3   5  -1  -7  -6  -1   48   0   0   0   0   0   0   0   0   0   1   0   0   0   1  42   3   0   0   3  1.36 0.71
  193 C    -5  -7  -7  -9  12  -8  -9  -6  -8  -7  -7  -8  -7  -6  -8  -3  -5  -8  -4  -6    1   0   0   0  94   0   0   0   0   0   0   0   0   0   0   2   1   0   1   0  4.24 1.33
  194 D     2  -3  -1  -2  -4  -3  -2   1  -4  -2  -4  -2  -1  -5  -3   4   2  -6  -5  -1   20   1   2   2   0   1   2  12   0   2   0   1   2   0   0  36  14   0   0   5  0.62 0.42
  195 D    -5  -4   3   8  -7  -4  -1  -4  -2  -7  -8  -4  -6  -8  -2   0  -5  -8  -5  -6    1   1  11  70   0   0   3   1   1   0   0   1   0   0   2   8   0   0   0   1  1.87 0.78
  196 V    -2  -4  -2  -5  -5  -5  -5  -5  -5   3  -4  -3  -2  -3  -1  -1   7  -6  -4   0    3   1   2   0   0   0   0   0   0  18   1   1   1   1   3   3  60   0   0   6  1.30 0.67
  197 T    -1   2  -1  -3  -4   0  -2  -3   4  -3  -2   0  -2   2  -2   3   2   1   3  -3    3  12   2   1   0   4   1   1  10   1   3   4   1   8   2  21  12   2  10   1  0.38 0.30
  198 I    -1  -2  -2  -4  -3  -3  -3  -3  -1   4   2  -3   1   1  -1  -2   0  -1  -2   3    5   2   2   1   0   1   1   1   1  22  17   1   4   7   4   3   6   1   1  23  0.36 0.25
  199 N    -2  -3   7  -2  -3  -2  -4  -3  -1   1  -2  -1  -2  -1  -4   0   0  -6   0  -1    4   0  51   1   0   1   0   1   1   8   4   3   1   2   1   7   5   0   4   5  0.94 0.52
  200 H    -3   0   1   0  -4   2   5  -1  -2   0  -4   0  -2  -3  -4   0  -2  -6  -4  -1    1   4   5   3   0   8  44   4   1   6   1   6   1   1   0   7   1   0   0   5  0.65 0.41
  201 L    -1  -2  -3  -4  -4  -3  -4  -4  -2   4   3  -3   3   0  -4  -2   1   3  -1   1    6   2   1   1   0   1   0   1   1  23  26   2   7   4   0   2   7   4   2  10  0.44 0.28
  202 Y    -1  -4  -5  -5  -2  -2  -2  -4  -4   2   2  -4   3   1  -5  -3  -1  -1   5   3    6   0   0   0   1   2   2   1   0   9  19   0   7   5   0   1   3   1  19  25  0.57 0.34
  203 Q    -1  -4  -2   0  -2  -2  -3   3  -4   2   2  -3   3  -1  -3  -1  -1  -4  -3   2    4   0   1   5   1   2   0  22   0  15  17   0   8   3   1   4   3   0   0  13  0.32 0.24
  204 F    -3  -5  -3  -6  -4  -4  -6  -6  -1   0   3  -5   1   6  -5  -2  -2  -3   3   0    2   0   1   0   0   0   0   0   1   4  31   0   3  33   0   4   2   0  11   6  0.94 0.46
  205 A     1  -5  -4  -5   1  -4  -4  -2  -5   3   0  -4   0   3  -4   0   1  -3  -2   3   13   0   0   0   3   0   0   3   0  19   8   0   2  12   0   6  11   0   1  22  0.45 0.30
  206 G     1  -4  -1  -2   1  -2  -2  -2  -3   1   1  -3   1   2  -4   0   0  -4  -2   3   11   0   4   2   3   1   3   3   0   9  16   0   3   8   0   9   4   0   0  23  0.22 0.20
  207 G     3  -4  -2  -2   2  -3  -3   2  -4   0  -2  -3  -3  -3  -2   3   1  -5  -4   0   27   0   2   1   5   0   0  16   0   5   3   0   0   1   1  21   8   0   0   8  0.45 0.33
  208 W     0  -4  -3  -4  -1  -4  -4   3  -4   2   1  -4   1   2  -4   1   0   0  -3   2    9   0   1   0   1   0   0  20   0  15  13   0   3   8   0  10   5   1   0  14  0.32 0.25
  209 T    -1  -5  -4  -5   2  -4  -4  -4  -4   2   3  -4   1   4  -3   1   0  -4  -2   2    4   0   0   0   4   0   0   1   0  12  28   0   2  16   1  11   5   0   0  14  0.49 0.31
  210 L    -2  -5   1  -3  -1  -4  -4  -4  -2   4   1  -4   2   2  -4  -1   1  -4  -2   3    2   0   7   1   1   0   0   1   1  23  13   0   4  10   0   4   9   0   1  22  0.48 0.31
  211 L     0  -4  -3  -4  -1  -2  -2   1  -4   3   3  -3   1   0  -3  -1   0  -2  -3   2    7   0   1   0   1   1   2  12   0  17  26   0   3   4   1   5   5   0   0  14  0.29 0.22
  212 G    -2  -4  -4  -4  -2  -4  -5   2  -5   1   3  -4   3   2  -2  -2  -1  -3  -3   2    3   0   0   0   1   0   0  17   0   8  27   0   8   8   2   3   4   0   0  17  0.45 0.30
  213 S    -1  -4  -3  -4   0  -4  -4   1  -4   2   1  -4   0   3  -2   1   1  -4  -2   2    3   0   0   0   2   0   0  13   0  12  15   0   2  12   2  12   8   0   1  17  0.30 0.24
  214 D    -2  -5  -1   4   4  -4  -4  -5  -5  -4  -5  -5  -5  -5   6   2   2  -7  -6  -4    3   0   2  21   7   0   0   0   0   1   1   0   0   0  38  14  11   0   0   1  1.18 0.59
  215 L    -3  -6  -5  -6   1  -5  -5  -5  -5   1   3  -6   2   6  -3  -1  -2  -1  -2   1    2   0   0   0   3   0   0   1   0   8  27   0   4  36   1   5   3   1   0   9  0.89 0.45
  216 I    -1  -5  -5  -5   1  -4  -5  -2  -5   2   4  -4   2   1  -3   1   0  -3  -3   2    6   0   0   0   3   0   0   3   0  13  37   0   4   5   1  11   7   0   0  12  0.49 0.32
  217 L    -2  -5  -5  -6   2  -5  -5  -2  -5   2   4  -5   0   4  -5  -3  -1  -3  -1   1    4   0   0   0   5   0   0   4   0  10  43   0   1  15   0   2   4   0   1  10  0.69 0.38
  218 I    -5  -7  -6  -7  -5  -6  -7  -7  -7   7  -1  -6  -2  -4  -6  -5   2  -7  -5   2    0   0   0   0   0   0   0   0   0  67   5   0   0   0   0   1  13   0   0  13  1.72 0.71
  219 F     0  -5  -5  -5   0  -4  -5  -2  -5   2   4  -5   2   2  -5  -1  -1  -3  -3   2    8   0   0   0   2   0   0   3   0  11  41   0   4   8   0   5   4   0   0  14  0.58 0.34
  220 L     0  -4  -4  -5   0  -4  -5  -2  -5   4   2  -4   1   1  -5  -2   0  -4  -2   3    9   1   0   0   2   0   0   4   0  23  18   0   3   6   0   3   6   0   1  24  0.50 0.30
  221 S    -3  -6  -4  -5  -4  -5  -5  -5  -6  -7  -7  -5  -5  -7  -4   8  -2  -8  -7  -6    0   0   0   0   0   0   0   0   0   0   0   0   0   0   1  96   1   0   0   0  2.45 1.06
  222 Y    -7  -7  -8  -8  -5  -7  -7  -8  -2  -7  -7  -7  -6  -2  -8  -7  -7  -3  10  -7    0   0   0   0   0   0   0   0   0   0   0   0   0   0   0   0   0   0  98   0  3.78 1.31
  223 T     1  -4  -4  -4   0  -4  -4   1  -5   3   0  -4   0  -1  -4   0   2  -2  -2   3   15   0   0   0   2   0   0  13   0  19   6   0   3   3   0   5  12   1   1  21  0.39 0.28
  224 F    -3   2  -2  -4   3   0  -4  -4   3  -2   2  -1   1   4  -5  -2  -3  -2   4  -1    1  12   2   0   7   5   0   1   8   1  20   4   3  15   0   2   0   0  13   3  0.48 0.32
  225 I    -6  -8  -8  -8  -6  -7  -7  -8  -8   9  -3  -7  -4  -5  -7  -6  -5  -7  -6   1    0   0   0   0   0   0   0   0   0  92   1   0   0   0   0   0   0   0   0   5  2.65 0.96
  226 L    -1  -6  -6  -6  -4  -5  -6  -4  -6   4   4  -5   0   2  -6  -5  -2  -5  -3   2    5   0   0   0   0   0   0   1   0  25  42   0   1   8   0   0   2   0   0  14  0.92 0.45
  227 R     1   3  -2  -3   1   0  -2  -3   2   0   0   0  -1  -1  -3   2   0  -1   0   0   10  17   1   0   3   3   0   1   5   6   8   5   1   3   0  20   4   1   3   7  0.20 0.21
  228 A     5  -5  -2  -5  -4  -4  -4  -4  -3  -3  -5  -4  -4  -5  -4   3   5  -6  -4  -2   40   0   1   0   0   0   0   0   1   1   0   0   0   0   0  17  36   0   0   2  1.16 0.63
  229 V    -4  -6  -7  -7  -5  -6  -6  -7  -7   6  -2  -6  -2  -4  -6  -5  -4  -6  -5   6    1   0   0   0   0   0   0   0   0  46   2   0   0   0   0   0   0   0   0  48  1.76 0.70
  230 L    -4  -4  -7  -7  -3  -3  -6  -6  -4   0   6  -5   2   3  -6  -5  -4  -3  -2  -1    1   1   0   0   1   1   0   0   0   4  70   0   4  12   0   0   0   0   1   4  1.33 0.59
  231 R    -3   6  -1  -4  -1   2  -3   0   2  -6  -5   4  -5  -6  -5   0  -4  -4  -5  -6    1  43   2   0   1   8   1   6   4   0   1  25   0   0   0   6   0   0   0   0  1.14 0.56
  232 L    -4  -4  -4  -6  -3  -4  -6  -6  -5   6   2  -4   6  -2  -6  -4  -2  -6  -5   1    1   1   1   0   0   1   0   0   0  50  15   1  17   1   0   1   3   0   0   7  1.28 0.57
  233 K     0   3  -1  -4  -3   1  -3  -3   3  -5  -4   0  -5  -6   6   1  -1  -5  -5  -3    8  14   3   0   1   6   0   2   7   0   1   6   0   0  34  12   3   0   0   1  0.83 0.45
  234 A    -2  -5  -3  -5  -3  -3  -4  -4  -5  -5  -6  -5  -3  -7  -4   7   1  -7  -5  -5    2   0   0   0   0   1   0   0   0   0   0   0   1   0   1  86   6   0   0   1  1.99 0.91
  235 E     3   0  -2  -3  -2   0  -1   0   0  -2  -3   1  -2  -4   0   1   2   0  -4   0   31   5   1   1   1   3   2   6   2   2   2   7   0   0   4  11  14   1   0   6  0.30 0.26
  236 G     1   0  -2   1  -5   2   5   0   0  -4  -5   1  -4  -5  -3   0   1  -4  -4  -4   10   4   1   7   0  10  35   7   2   1   1   7   0   0   0   7   7   0   0   1  0.56 0.37
  237 A     2  -3  -4  -3  -4  -3  -1   7  -4  -6  -6  -4  -3  -7  -6  -1  -5  -6  -6  -5   16   2   0   1   0   1   5  68   0   0   0   1   1   0   0   4   0   0   0   1  1.51 0.66
  238 V    -4   8  -4  -6  -2   1  -4  -6   0  -3  -3   2  -3  -5  -6  -3  -4   1  -4  -5    1  68   0   0   1   6   0   0   3   1   2  11   1   0   0   1   1   2   1   1  1.69 0.74
  239 A    -2   3  -2  -4   0   3  -2  -3   4  -3   0   2  -1  -1  -4   0  -2   2   2  -3    3  20   1   0   2  14   1   2  11   1  11  11   1   2   0   9   2   3   6   1  0.42 0.31
  240 K    -6   1  -4  -5  -8  -3  -4  -6  -5  -7  -7   8  -6  -8  -6  -5  -5  -8  -7  -7    0   7   1   0   0   0   0   0   0   0   0  91   0   0   0   0   0   0   0   0  2.56 1.00
  241 A     7  -6  -6  -6  -5  -5  -5  -4  -6  -4  -5  -5  -4  -6  -4  -2   1  -7  -6  -1   83   0   0   0   0   0   0   0   0   1   1   0   0   0   0   1   9   0   0   4  1.80 0.82
  242 L    -5  -6  -7  -8  -6  -7  -7  -6  -6  -2   2  -7  -3   9  -8  -6  -6  -4  -1  -3    1   0   0   0   0   0   0   1   0   1  21   0   0  72   0   0   0   0   1   2  2.27 0.85
  243 S    -1  -4   2  -4  -4  -3  -4   0  -2  -6  -6  -4  -6  -5  -5   7  -2  -7  -5  -5    3   0  10   0   0   1   0   6   1   0   0   0   0   0   0  74   1   0   0   0  1.61 0.79
  244 T    -4  -6  -4  -6  -6  -6  -6  -7  -7  -4  -6  -5  -5  -7  -6  -3   8  -7  -7  -5    0   0   0   0   0   0   0   0   0   1   0   0   0   0   0   0  97   0   0   0  2.76 1.11
  245 C    -6  -9  -8  -9  12  -8  -9  -7  -8  -7  -5  -8  -7  -6  -8  -6  -6  -5  -8  -6    0   0   0   0  97   0   0   0   0   0   1   0   0   0   0   0   0   0   0   0  4.46 1.37
  246 G     3  -5  -3  -4  -4  -4  -4   3  -5  -2  -3  -4  -3  -4  -4   4   1  -6  -5   0   25   0   0   0   0   0   0  25   0   3   2   0   0   1   0  27   8   0   0   7  0.72 0.45
  247 S     2  -5  -4  -5  -1  -5  -5  -4  -4  -7  -6  -5  -6  -5  -2   7  -1  -7  -6  -6   12   0   0   0   1   0   0   1   0   0   0   0   0   1   2  80   2   0   0   0  1.84 0.87
  248 H    -7  -5  -5  -6  -8  -3  -6  -7  12  -8  -7  -6  -7  -7  -6  -6  -7  -8  -4  -8    0   0   0   0   0   1   0   0  97   0   0   0   0   0   0   0   0   0   0   0  4.15 1.34
  249 F    -5  -6  -7  -7  -4  -6  -6  -7  -6   3   6  -6   2   1  -6  -6  -4  -5  -4   1    0   0   0   0   0   0   0   0   0  16  67   0   4   5   0   0   0   0   0   7  1.39 0.60
  250 M     0  -5  -4  -5   6  -5  -5  -2  -5   2   0  -5   2  -2  -5   0   5  -4  -4   0    6   0   0   0  16   0   0   3   0  12   7   0   5   2   0   6  37   0   0   6  0.84 0.48
  251 L     2  -6  -6  -6  -2  -6  -6  -5  -7  -1  -2  -6  -2  -5  -6  -2  -2  -7  -5   7   18   0   0   0   1   0   0   1   0   2   2   0   1   0   0   3   2   0   0  70  1.54 0.71
  252 I    -4  -7  -7  -7  -5  -7  -7  -7  -7   3  -3  -7   1  -1  -7  -6  -4  -7  -5   7    1   0   0   0   0   0   0   0   0  14   1   0   3   2   0   0   0   0   0  78  1.94 0.79
  253 L     0  -4  -3  -4   2  -4  -4  -1  -4   1   2  -4  -1   0  -4   3   3  -5  -3   1    5   0   0   0   4   0   0   5   0   9  23   0   1   4   0  20  18   0   0   8  0.41 0.32
  254 F    -3  -5  -6  -6  -1  -4  -5  -6  -6   4   4  -5   3   1  -5  -5  -2  -5  -2   2    2   0   0   0   1   0   0   0   0  22  46   0   7   6   0   0   3   0   1  11  0.94 0.45
  255 F    -5  -6  -7  -7  -3  -4  -7  -6   0  -4  -1  -7  -3   9  -7  -3  -5   0   4  -4    1   0   0   0   1   1   0   0   3   0   4   0   1  71   0   3   1   1  13   1  2.19 0.83
  256 S    -6  -6  -6  -7  -2  -4  -7  -3  -1  -5  -4  -6  -5   4  -7  -3  -6  -3   9  -5    0   0   0   0   1   1   0   3   1   0   2   0   0  13   0   2   0   0  75   0  2.61 0.97
  257 T    -2  -5  -4  -5  -1  -5  -5   6  -5   0  -3  -5  -2  -4  -4   0   1  -4  -6   1    2   0   0   0   1   0   0  59   0   7   3   0   1   1   1   7  10   0   0   9  1.10 0.53
  258 I     0  -5  -3  -5   2  -4  -4  -4  -3  -3  -3  -4  -2  -5   5   3   5  -6  -5  -3    7   0   1   0   4   0   0   1   0   2   2   0   1   0  25  19  37   0   0   1  1.07 0.58
  259 L     3  -4  -4  -4   3  -4  -4   1  -4   2   1  -4   2  -1  -3  -1  -1  -4  -4   2   25   0   0   0   6   0   0  12   0  13  14   0   6   2   1   5   3   0   0  12  0.37 0.27
  260 L    -1  -5  -3  -5  -2  -5  -5  -3  -5   5   2  -5   3   4  -5   0  -1  -3  -2   1    4   0   1   0   1   0   0   2   0  32  18   0   7  17   0   6   4   0   1   6  0.68 0.37
  261 V    -2  -5  -5  -6   1  -5  -6   0  -5   1  -1  -5  -1   7  -6  -1  -2  -2   2   1    4   0   0   0   3   0   0   9   0   7   5   0   1  47   0   5   3   0   5   9  1.00 0.48
  262 F    -1  -3  -2  -5  -3  -3  -4  -4  -4   2   1  -4   7  -3  -5   2   1  -5   0   2    4   1   2   0   0   0   0   1   0  12  10   0  26   0   0  14  10   0   3  14  0.67 0.41
  263 V    -4  -6  -5  -7  -4  -6  -6  -7   0  -2  -4  -6  -2   3  -7   0  -3  -3   9  -2    1   0   0   0   0   0   0   0   2   3   2   0   1   8   0   8   1   0  71   3  2.24 0.89
  264 L    -2  -3  -5  -5  -2  -3  -5  -4  -5   2   4  -4   5   2  -5  -4  -2  -4  -2   2    2   1   0   0   1   1   1   1   0  11  40   1  14   9   0   0   2   0   1  15  0.75 0.38
  265 T     0   1  -1  -1   0   1  -1  -1   0   0  -1   0   0  -1   0   1   2   1  -1   0    7   9   2   2   2   7   2   4   2   5   6   7   2   2   4  11  14   2   2   7  0.07 0.06
  266 H    -1  -1  -1  -2  -2   0  -1  -2   6  -2  -2  -2  -2  -2   5   0  -1  -2   1  -2    5   3   3   2   1   4   3   3  18   2   4   2   1   2  29   8   3   1   4   2  0.62 0.23
  267 V    -1   6  -1  -4  -2   2  -3  -3  -1  -3  -2   1  -1  -2  -2   1  -1  -2  -4  -2    5  44   2   0   1   9   1   2   1   1   5   6   1   2   2   9   4   1   0   3  0.72 0.41
  268 A     0  -3  -3  -4  -4  -4  -4  -3  -3  -2  -2  -4  -3   4   6   2  -1  -5  -1  -1    8   1   1   0   0   0   0   2   0   2   4   1   0  17  38  15   4   0   2   4  0.90 0.48
  269 K     0   0   0  -2  -4   0  -1   4  -1  -2  -3   2  -2  -3   0   2   1  -3  -3  -3    6   5   5   2   0   3   3  28   1   2   1  14   1   1   4  14   8   0   1   2  0.34 0.24
  270 K    -1   0   1  -1  -3   1  -1  -2   4  -4  -3   1  -3  -2  -1   4   0  -4   0  -3    5   5   5   3   0   5   3   3  10   1   2   8   0   1   2  36   4   0   3   1  0.45 0.32
  271 K    -1   0   2  -1  -2   0   0  -1   3  -2  -2   0  -1  -2  -1   3   1  -1  -1  -2    4   4  10   3   0   3   4   5   9   2   4   6   1   2   3  27   7   1   2   2  0.24 0.20
  272 V     0  -1  -1  -1  -2   0  -1  -2   3   1   0  -1   0   0  -2   0   0  -1   4   1    6   3   3   3   1   3   3   2   7   9   9   2   2   3   1   8   6   0  16  14  0.15 0.14
  273 S     1  -3  -1  -2  -3  -2  -2  -2  -2  -3  -3  -3  -3  -3   4   5   1  -5  -2  -2    9   1   2   2   0   1   2   2   1   1   3   1   0   1  19  44   7   0   2   3  0.77 0.44
  274 P    -1   0  -2  -2  -2   1  -1  -2   1  -2   1   0   2   0   4   1  -1   0  -2  -1    4   5   2   2   1   7   4   2   3   2  15   5   5   4  22  10   3   1   0   3  0.28 0.20
  275 D    -1  -1   1   4  -3   0   2  -1   3  -2  -1  -1  -2  -2  -2   0  -1  -3   0  -2    4   3   6  25   1   2  16   5   8   2   6   3   1   1   2   5   3   0   4   4  0.31 0.22
  276 V    -1   0  -2  -3  -2   3   0  -2  -1   2   0   1   2   0  -3  -1   1  -1  -1   1    3   4   1   1   1  17   4   2   2  13   9   7   6   3   1   4   8   1   2  13  0.18 0.19
  277 P    -3  -1   2   5  -3   1  -1   1   6  -4  -3  -2  -4  -5  -2  -1  -1  -5  -2  -4    2   3  10  35   1   5   2   9  17   1   3   2   0   0   2   4   3   0   1   1  0.77 0.41
  278 V    -2   1  -3  -4  -5   0  -2  -4  -4   3  -2   6   0  -5  -4  -2   0  -4  -5   0    3   7   1   0   0   3   1   1   0  16   3  48   2   0   1   3   5   0   0   5  0.84 0.47
  279 L    -1  -4  -5  -6  -4  -3  -5  -4  -4   3   3  -4   3   3  -4  -3  -1  -3  -2   3    5   1   0   0   0   1   0   1   0  16  25   1   7  11   1   1   3   0   1  24  0.61 0.34
  280 L     1  -5  -5  -5  -3  -4  -5  -3  -5   3   3  -5   3   2  -5  -2  -2  -5  -3   3   13   0   0   0   0   0   0   1   0  15  24   0   8   7   0   3   2   0   0  24  0.61 0.35
  281 N     4  -5  -1  -4  -4  -4  -5  -1  -4  -6  -5  -4  -5  -5  -4   5   1  -7  -6  -4   36   0   2   0   0   0   0   4   0   0   1   0   0   0   0  47   8   0   0   1  1.23 0.67
  282 V    -2  -5   3  -2  -4  -5  -5  -5  -4   2   3  -5   0  -2  -6  -3  -2  -6  -3   5    3   0  14   2   0   0   0   0   0  10  23   0   2   1   0   2   1   0   1  40  0.81 0.45
  283 L    -4  -6  -6  -7  -3  -3  -6  -7  -5   1   3  -6   4   7  -6  -3  -2  -3  -2   1    1   0   0   0   0   1   0   0   0   8  25   0  10  40   0   2   2   0   0   9  1.18 0.55
  284 H    -7  -7  -1  -7  -1  -6  -7  -7   1  -6  -6  -7  -6   0  -7  -4  -5  -3  10  -6    0   0   4   0   2   0   0   0   3   0   0   0   0   3   0   1   1   0  85   0  3.05 1.14
  285 H     0  -4  -1  -5   0  -4  -5  -2  -2  -1   1  -4  -2  -2  -5   2   6  -6  -4   0    7   0   3   0   2   0   0   3   1   4  13   0   1   2   0  12  47   0   0   6  0.80 0.50
  286 V    -1  -6  -3  -6  -4  -5  -6  -5  -6   3   2  -6   2   0  -6  -4  -1  -6  -4   5    4   0   1   0   0   0   0   1   0  18  21   0   4   3   0   1   3   0   0  43  0.97 0.48
  287 I    -3  -6  -7  -7  -2  -6  -6  -6  -7   4   2  -6   1   1  -6  -5  -4  -6  -4   6    2   0   0   0   1   0   0   0   0  21  17   0   3   6   0   0   0   0   0  49  1.24 0.57
  288 P    -2  -6  -2  -6  -6  -5  -5  -5  -6   3  -5  -5  -4  -5   5  -2   6  -7  -6  -2    2   0   2   0   0   0   0   0   0  14   0   0   0   0  26   3  50   0   0   3  1.44 0.73
  289 A    -4  -8  -7  -7  -8  -4  -7  -7  -4  -8  -7  -6  -8  -9   9  -3  -5  -9  -8  -8    1   0   0   0   0   1   0   0   0   0   0   0   0   0  94   2   1   0   0   0  3.28 1.22
  290 A    -1  -6  -6  -7  -5  -5  -6  -6  -6  -1   2  -6   9   1  -6  -3   0  -5  -5   2    6   0   0   0   0   0   0   0   0   2  19   0  47   5   0   2   6   0   0  11  1.49 0.70
  291 L    -4  -7  -8  -8  -1  -6  -7  -8  -7  -1   6  -7   3   1  -7  -7  -5  -6  -5  -1    1   0   0   0   1   0   0   0   0   3  79   0   6   6   0   0   0   0   0   4  1.69 0.73
  292 N    -7  -6   9  -4  -8  -5  -6  -6  -3  -9  -9  -6  -8  -9  -8  -4  -5  -9  -6  -9    0   0  98   0   0   0   0   0   0   0   0   0   0   0   0   1   0   0   0   0  3.31 1.23
  293 P    -6  -8  -8  -7  -8  -7  -7  -8  -8  -8  -6  -7  -8  -9   9  -5  -7  -9  -9  -8    0   0   0   0   0   0   0   0   0   0   1   0   0   0  98   1   0   0   0   0  3.51 1.27
  294 I    -4  -6  -7  -7  -5  -6  -7  -7  -6   5   4  -6   2   4  -6  -5  -4  -5  -3   1    1   0   0   0   0   0   0   0   0  33  33   0   5  18   0   0   1   0   0   9  1.18 0.53
  295 I    -6  -8  -8  -8  -6  -8  -8  -9  -8   8  -3  -7  -3  -4  -8  -7  -4  -7  -6   3    0   0   0   0   0   0   0   0   0  84   1   0   0   0   0   0   0   0   0  14  2.46 0.92
  296 Y    -7  -7  -8  -8  -5  -7  -8  -9  -3  -7  -6  -8  -7  -1  -9  -7  -7  -3  10  -7    0   0   0   0   0   0   0   0   0   0   0   0   0   1   0   0   0   0  98   0  3.79 1.32
  297 G    -2  -4  -4  -5   2  -5  -5   2  -6  -6  -7  -5  -6  -6  -5   6   3  -7  -6  -5    2   0   0   0   5   0   0  14   0   0   0   0   0   0   0  61  18   0   0   0  1.46 0.75
  298 V    -4  -6  -7  -8  -5  -6  -7  -8  -7   1   6  -7   1   0  -7  -6  -5  -3  -5   2    1   0   0   0   0   0   0   0   0   5  72   0   2   4   0   0   0   0   0  15  1.52 0.66
  299 R    -6   8  -5  -6  -6  -3  -5  -7  -5  -7  -7   3  -6  -8  -6  -5  -6  -8  -7  -8    0  82   0   0   0   0   0   0   0   0   0  17   0   0   0   0   0   0   0   0  2.57 0.99
  300 T    -6  -6   8  -4  -7  -5  -5  -6  -4  -5  -8  -5  -3  -8  -7  -3   3  -9  -7  -7    0   0  77   0   0   0   0   0   0   1   0   0   1   0   0   1  20   0   0   0  2.48 1.00
  301 Q    -3   2  -1  -4  -7   1  -1  -5  -4  -6  -7   7  -4  -7  -4  -3  -2  -5  -6  -6    2  10   2   0   0   6   2   0   0   0   0  72   0   0   0   1   2   0   0   0  1.74 0.77
  302 E    -4  -4  -3   5  -8   4   6  -5  -2  -7  -7  -2  -6  -8  -5  -4  -4  -7  -6  -6    1   0   0  33   0  17  44   0   1   0   0   2   0   0   0   0   1   0   0   0  1.58 0.73
  303 I    -4  -7  -7  -7  -5  -6  -7  -7  -7   5  -1  -6   5  -1  -7  -6  -4  -6  -5   6    0   0   0   0   0   0   0   0   0  31   4   0  12   2   0   0   0   0   0  50  1.57 0.67
  304 K    -4   4  -3  -5  -3   1  -4  -6   0  -3  -4   7  -1  -7  -6  -4  -3  -4  -5  -5    0  21   1   0   1   6   0   0   2   2   1  61   2   0   0   1   1   0   0   0  1.57 0.72
  305 Q     0   1   1   2  -3   1   3   2  -1  -3  -3   0  -1  -3  -3   0  -1  -3  -3  -1    9   8   6  14   0   6  18  15   1   1   2   6   1   1   0   5   3   0   1   4  0.27 0.21
  306 G     6   1  -5  -6  -3  -2  -4  -1  -3  -5  -5  -1  -4  -6  -5   0  -2  -5  -5  -2   70   7   0   0   0   2   0   5   1   0   0   4   0   0   0   5   2   0   0   2  1.28 0.65
  307 M    -3  -6  -7  -7  -5  -6  -6  -7  -6   2   5  -6   4   3  -6  -5  -4  -2  -3   2    2   0   0   0   0   0   0   0   0  12  48   0  12  10   0   0   0   1   0  16  1.10 0.51
  308 Q    -2   4  -2  -4  -2   1  -2  -1  -1  -1   0   4  -1  -2  -4  -1  -1   2  -3  -1    2  27   1   0   1   6   1   6   1   3  11  24   2   2   0   3   4   3   1   3  0.47 0.32
  309 R    -4   5   0  -2  -5   0  -3  -5   1  -5  -5   6  -4  -7  -5  -2  -3  -3  -4  -6    1  30   5   2   0   3   1   0   3   0   1  49   0   0   0   3   1   0   1   0  1.37 0.64
  310 L     0  -3  -5  -5  -1  -3  -5  -5  -4   2   4  -3   3   0  -4  -2   1   0  -1   3    7   1   0   0   1   1   0   0   0  11  35   1   7   4   0   2   8   1   1  19  0.55 0.32
  311 L    -4  -3  -6  -6  -3  -5  -6  -5  -4   3   4  -4   2   5  -6  -5  -2   3  -2   1    1   1   0   0   0   0   0   1   0  14  40   1   5  21   0   0   2   3   0   9  0.90 0.43
  312 K    -2   3   0  -2   1   1   0   2   1  -2  -2   2  -2  -1  -3   1  -1  -1  -1  -3    2  15   5   1   3   8   4  19   4   3   3  12   1   3   0  13   3   1   2   1  0.25 0.20
  313 K    -4   6  -3  -5  -7   1  -3  -4  -3  -6  -4   5  -5  -6  -5  -3  -4  -1  -5  -5    1  49   0   0   0   6   0   1   0   0   1  39   0   0   0   1   0   1   0   1  1.59 0.65
  314 G     3  -2  -1  -3   6  -2  -3   4  -2  -1  -2  -1  -1  -3  -3  -1  -2  -4  -4  -3   25   2   2   1  17   2   0  34   1   3   2   3   1   1   1   3   0   0   0   0  0.60 0.25
  315 C    -3  -6  -5  -6  11  -5  -6  -5  -6  -4  -4  -6  -4  -5  -5  -3  -3  -5  -5  -3    0   0   0   0 100   0   0   0   0   0   0   0   0   0   0   0   0   0   0   0  3.15 0.49

                      K         Lambda
Standard Ungapped    0.1420     0.3320
Standard Gapped      0.0590     0.2670
PSI Ungapped         0.1929     0.3179
PSI Gapped           0.0590     0.2670
