
Last position-specific scoring matrix computed, weighted observed percentages rounded down, information per position, and relative weight of gapless real matches to pseudocounts
            A   R   N   D   C   Q   E   G   H   I   L   K   M   F   P   S   T   W   Y   V   A   R   N   D   C   Q   E   G   H   I   L   K   M   F   P   S   T   W   Y   V
    1 M    -2  -3  -4  -4  -2  -2  -3  -4  -3   2   1  -3   8  -1  -4  -3  -2  -3  -2   3    0   0   0   0   0   0   0   0   0   8   0   0  68   0   0   0   0   0   0  24  0.90 0.24
    2 E    -2  -1   1   3  -5   3   5  -1  -1  -5  -4  -1  -3  -5  -3  -1  -2  -4  -3  -4    0   0   5  19   0  18  54   5   0   0   0   0   0   0   0   0   0   0   0   0  0.86 0.25
    3 L    -1  -3   0   2  -3  -2   0  -1  -3   1   3  -2   2  -1  -3  -1  -2  -3  -2   0    3   0   4  16   0   0   5   4   0   7  47   0   5   0   0   5   0   0   0   3  0.28 0.16
    4 Q     0   1   0   0  -4   6   3  -2   1  -4  -2   0  -3  -5  -1  -1   0  -4  -3  -4    8   6   3   3   0  42  17   2   3   0   3   3   0   0   3   2   5   0   0   0  0.62 0.30
    5 D     0   1   1   3  -4   0   1  -3   2  -3  -3   2  -3  -4   3  -1   0  -4  -3  -2    7   7   5  23   0   3   6   0   7   0   2  13   0   0  16   0   8   0   0   3  0.38 0.17
    6 P    -2  -4  -3  -1  -4  -1  -3   0   0  -4  -2  -3  -2  -5   7   0   1  -5  -4  -4    3   0   0   3   0   2   0   7   2   0   5   0   1   0  62   6   9   0   0   0  1.42 0.43
    7 K     0  -2   0  -1  -3  -1  -1  -1   1  -1   1   1  -1  -1   0   2   2  -3   0  -1    5   0   3   2   0   1   1   4   3   2  21  11   0   2   5  22  14   0   3   1  0.15 0.17
    8 M     1  -1  -2   0  -3   0   1  -2  -3   0   0   0   2  -3   3   0  -1  -4  -3   1   10   2   0   5   0   3  14   2   0   6   8   4   7   0  14   9   2   0   0  14  0.18 0.14
    9 N    -1  -3   2   3  -4   1   2  -2  -1  -4  -4  -2  -3  -5   0   3   2  -5  -4  -3    3   0  12  15   0   6  13   2   1   0   0   0   0   0   5  28  15   0   0   1  0.50 0.29
   10 G     2  -1  -2   0  -4  -1  -3   5  -4  -5  -5  -1  -4  -5  -4   3  -1  -5  -5  -3   14   3   0   4   0   3   0  50   0   0   0   2   0   0   0  20   4   0   0   1  0.87 0.39
   11 A     2   0   1  -1  -1   0   0   1   1  -1  -1   0  -2  -3   1   1   1  -4  -2  -2   20   5   5   2   1   2   7  10   4   4   5   7   0   0   5  13   8   0   1   1  0.14 0.12
   12 L     0  -1  -1  -1   0   0   0   0  -2   1   2  -1   1  -2  -1   0   1  -3   0   0    7   2   3   3   2   5   8   6   0   9  25   2   4   0   2   5  10   0   3   5  0.06 0.10
   13 P     0   0  -1   1  -4   0   1   0  -3  -2  -4  -2  -4  -3   5   0   0   1  -3  -2    8   4   2   9   0   4   8   8   0   3   0   1   0   1  35   8   5   2   1   2  0.63 0.31
   14 S     0   1   0   0  -4  -1   1   1  -2  -2  -3  -1  -2  -4   2   3   2  -4  -1  -3    6   9   4   6   0   2  10   9   1   2   1   1   1   0   8  26  12   0   2   0  0.28 0.24
   15 D     0  -2   1   4  -4  -1   2  -1   1  -3  -2   0  -3  -3  -1   2   0  -1  -4  -2    8   1   6  29   0   1  13   5   4   1   3   4   0   1   3  14   4   1   0   3  0.39 0.25
   16 A     1  -1  -1   1   0   1   2   1   1  -2  -3   0  -2  -2   1   1   0  -4  -2  -1   13   3   1   8   2   5  16  13   3   2   1   4   0   2   7   9   4   0   1   6  0.16 0.14
   17 V     0  -2  -1   0  -3   0   1  -3  -1   0   0  -1   0  -1   1   0   1  -3   0   2   10   0   3   4   0   4  10   1   1   5   9   2   2   2   8   9   7   0   3  21  0.12 0.13
   18 G     1  -1   0   1  -1  -1   1   2   0  -2  -1  -1  -2  -3   1   1   0  -3   0  -1   13   4   3   8   1   2   8  20   3   2   5   1   1   0   6  11   4   0   3   3  0.16 0.13
   19 Y    -1  -1   1   1  -3   0   2   0  -1  -1   0  -1  -2   1   1   0  -2  -1   1   0    1   4  10  10   0   3  14   8   1   4   8   1   0   7   8   7   0   1   5   9  0.11 0.13
   20 R     1   2   0   2  -3   0   1   0   0  -1  -1   0   0  -3   1   0  -1  -2  -2  -1   12  16   3  14   0   2   9   6   2   3   6   3   3   0   7   6   2   1   1   3  0.16 0.14
   21 Q     0   1   0   2  -4   2   2  -1   1  -3  -2   1  -3  -3  -1   1   0  -4  -1  -2    6   6   3  13   0   9  18   3   4   1   4   7   0   1   3  12   5   0   2   3  0.23 0.18
   22 E    -1   0  -1   3  -5   0   5  -2   2  -4  -5  -2  -2  -6   0   2  -2  -6  -5  -3    3   5   2  15   0   2  40   3   5   1   1   0   1   0   5  15   2   0   0   1  0.72 0.42
   23 R    -1   4   1   0  -2   1   1   0   1  -3  -3   1  -2  -3  -1   1   1  -4  -2  -3    4  24   7   5   1   7   9   6   4   1   1   5   1   1   3   8   9   0   1   1  0.30 0.22
   24 E     0   1   0   2  -4   1   3  -1  -2  -2  -2   0  -2  -3   1   1   1  -4  -4  -2    9   6   4   9   0   6  22   3   0   2   3   5   0   1   6  13   8   0   0   3  0.27 0.21
   25 G     0  -2   0   0  -2   0   1   1   0  -4  -3  -2  -4  -4   5   1   0  -2  -2  -3    8   2   5   5   1   4  11  10   2   0   2   1   0   0  29  10   6   1   1   1  0.51 0.30
   26 F    -1   1  -2   0  -3  -1  -1  -1   0   0   3  -2   0   2   0  -1   0  -3  -1  -1    3   8   1   6   0   3   2   4   3   5  36   1   1   8   4   4   5   0   2   3  0.18 0.18
   27 L    -1  -1  -3  -4  -2   0  -2  -4  -2   1   4  -1   0   0  -3   0   0   0  -1   1    4   3   1   1   1   4   2   1   1   5  44   3   2   3   1   7   5   2   2   9  0.34 0.25
   28 P     1  -1   0   0  -4   0  -1  -2  -1  -3  -1  -2  -4  -3   6   0   0  -5  -4  -3   11   3   4   4   0   4   4   2   2   1   7   1   0   1  39   8   6   0   0   1  0.72 0.37
   29 S     0   2   0   1  -4   0   2  -1   1  -3  -1  -1  -2  -2   0   2   0  -1  -2  -2    5  10   4   8   0   3  14   5   3   0   8   2   1   2   3  22   4   1   1   3  0.19 0.19
   30 R     0   3   0   0  -3   1   2  -1   0  -2  -1   1  -1  -2   0   0   1  -4  -2  -2    7  19   4   4   0   6  13   4   2   2   5   8   1   1   4   7   9   0   1   3  0.19 0.16
   31 G     0   1   1   0  -3   0   2   1  -1  -2  -2   1  -1  -3   1   1   2  -4  -2  -2    8   9   5   4   0   2  14  10   1   1   4   7   2   1   5  11  13   0   1   2  0.17 0.16
   32 P     0   0  -2   2  -4   0   1   0  -1  -3  -2  -2  -3  -2   4   1   1  -5  -3  -2    5   6   1  11   0   4   9   6   2   1   4   2   0   2  24  12   8   0   0   3  0.39 0.26
   33 A     1   0  -1   0  -2   0   0   0   1  -1   0   1  -1  -3  -1   1   1  -4  -3   0   16   5   2   5   0   3   6   7   3   3  10   8   2   1   2  13  10   0   0   5  0.09 0.11
   34 P     0   0  -2   2  -4  -1   0  -2   0  -3  -1  -2   0  -3   5   0   0  -3  -2  -1    7   5   1  13   0   2   5   3   3   1   7   2   2   1  30   8   6   0   1   3  0.49 0.29
   35 G     1   0   0   0  -3   0   0   3   1  -1  -1  -1  -1  -3   0   1   0  -4  -3  -1   10   5   3   5   0   4   6  23   4   3   7   3   1   0   5  13   4   0   0   5  0.17 0.15
   36 S     0   1   0   1  -2   0   1   1   1  -1  -1   1   0  -2  -1   2   0  -3  -2  -1    7   8   3   6   0   3  10   9   4   3   5   9   3   2   2  16   4   0   1   5  0.10 0.11
   37 K     0   2   0   0  -4   0   2  -1   1  -2  -2   2  -2  -1   1   0   0  -4  -2  -2    7  13   3   5   0   2  14   4   3   2   5  16   1   3   6   8   4   0   1   2  0.19 0.16
   38 P     0   1  -2  -1  -3  -1   1  -1  -1  -1  -2   1  -1  -3   5   0  -1   0  -3  -2    8   7   1   3   0   2   8   4   2   3   4  10   2   1  28   8   4   2   0   3  0.41 0.26
   39 V     0   0  -1   0  -1   0   0  -2   0   0   0  -1  -1  -1   1   1   1  -1   0   1    9   6   2   4   1   3   7   2   2   6   8   3   1   2   7  11   8   1   3  14  0.05 0.07
   40 Q     0   1  -1   1   0   2   1  -1   3  -2  -2   1  -1  -3   1   0   0  -4  -1  -1    7   6   2   8   2  12  10   3   7   2   5   9   1   1   6   7   6   0   2   4  0.16 0.14
   41 F     0   0   0   0  -2   0   0   0   0  -1   0   0   0   1   1   0   0  -1   0   0    8   4   5   4   0   4   6   7   2   3  11   5   1   9   8   9   4   0   3   6  0.04 0.04
   42 M     0   0   0   0  -1   1   2   0   0  -1  -1   0   0  -2   1   0   0  -1  -2   0    5   4   3   5   2   6  15   7   2   3   6   6   2   2   8   7   7   1   1   7  0.08 0.08
   43 D     0   0   0   3  -4   0   2   0   0  -3  -2   0  -3  -2   1   1  -1  -4  -1  -2    6   4   4  19   0   4  14   6   2   1   4   7   0   2   7  12   4   0   3   2  0.23 0.19
   44 F     0   1  -1   0  -2   0   1  -1   2  -1  -1   1  -1   1   1   1  -1   0   0  -1    9   8   2   5   0   3   8   5   8   3   6   7   1   7   7  10   3   1   2   4  0.07 0.08
   45 E    -1   2   0   2  -3   1   3  -2   1  -2  -2   0  -1  -2   2   0   0  -4  -2  -2    3  12   4  10   0   6  19   3   3   2   3   6   1   1  10   8   6   0   1   3  0.26 0.21
   46 G     0   0  -2  -2  -4   0  -1   5   1  -6  -5   1  -5  -5   2   0  -2  -4  -3  -4    8   5   2   2   0   4   3  45   3   0   1   8   0   0   9   5   2   0   1   1  0.72 0.42
   47 K    -2   2   1  -1  -4   1   0   1   2  -4  -3   3  -3  -4  -2   0   3  -2  -3  -3    2  10   6   3   0   6   5  13   4   0   2  18   0   0   2   7  18   0   1   1  0.35 0.29
   48 T     3  -4  -2  -4  -1  -3  -3   3  -4  -2  -4  -4  -2  -4  -4   3   3  -6  -5  -2   28   1   1   0   1   1   1  20   0   2   2   0   1   1   0  22  15   0   0   3  0.69 0.48
   49 S    -3  -3   0  -5  -6  -5  -5   2  -6  -6  -6  -4  -6  -7  -3   6   3  -7  -7  -6    1   1   4   0   0   0   0  16   0   0   0   0   0   0   1  55  19   0   0   0  1.38 0.80
   50 F    -1  -3  -1  -3  -2  -2  -3  -5  -3   2   1  -3   3   4   0  -1   0   3  -1   2    5   1   3   1   0   1   1   0   0  10  15   1   8  16   4   5   5   4   2  15  0.34 0.26
   51 G     0   0  -3  -4  -2  -2  -3   0  -3  -1   2  -1   0   3   0   0   1   4  -1   0    8   5   1   0   1   1   0   9   0   3  18   4   2  14   4   7   8   7   1   5  0.23 0.22
   52 M     1  -1  -1  -1  -3   2  -2   2  -2  -3  -3   1   2  -2  -2   3   0  -2  -4  -2   10   3   2   3   0   8   2  16   1   1   2  10   6   2   2  24   5   0   0   2  0.33 0.31
   53 S     4  -5  -2  -5   2  -3  -3  -1  -2  -5  -3  -5  -3  -6  -5   4   3  -7  -4  -3   31   0   2   0   4   1   1   5   1   0   3   0   0   0   0  31  19   0   0   2  0.89 0.60
   54 V     0  -6  -5  -6   2  -5  -5  -3  -5   3  -1  -5   1   3  -6  -1   1  -1   0   4    7   0   0   0   4   0   0   2   0  18   3   0   3  12   0   6   8   1   3  33  0.69 0.44
   55 F    -1  -6  -7  -7  -3  -4  -7  -6  -6   2   1  -6   4   7  -7  -2  -3  -2  -2   1    6   0   0   0   0   1   0   0   0  10  14   0  10  44   0   3   2   0   0   8  1.23 0.63
   56 N    -3  -6   8  -4  -3  -4  -5  -3  -1  -1   0  -5   0  -5  -7  -1   1  -8  -6  -2    2   0  62   0   1   0   0   2   1   4  10   0   3   1   0   3   9   0   0   3  1.57 0.82
   57 L    -4  -7  -7  -8  -4  -6  -7  -2  -7   2   6  -7   5   0  -7  -5  -4  -6  -3   0    1   0   0   0   0   0   0   4   0   9  62   0  12   3   0   1   1   0   1   6  1.35 0.68
   58 S     2  -5  -5  -5   2  -4  -4  -2  -5   2   2  -4   3  -1  -5   1   1  -3  -4   2   18   0   0   0   3   0   0   3   0  11  20   0   6   3   0  10   8   0   0  16  0.47 0.35
   59 N    -3  -5   8  -4   0  -4  -5  -4  -4  -2  -7   3  -4  -8  -7   0   0  -8  -7  -4    3   0  58   0   2   0   0   1   0   3   0  19   0   0   0   6   5   0   0   1  1.67 0.87
   60 A     3  -5  -1  -4   1  -4  -5  -2  -6  -2  -5  -5  -3  -5  -5   4   4  -7  -5   0   25   0   3   1   3   0   0   2   0   2   1   0   1   0   0  30  25   0   0   5  0.91 0.61
   61 I     1  -6  -4  -6   1  -5  -6  -5  -6   6   1  -6   2   3  -6  -3   1  -6  -4   1   12   0   1   0   2   0   0   0   0  40  10   0   5  10   0   2   9   0   0   7  0.90 0.52
   62 M    -2  -6  -7  -7   0  -5  -7  -7  -5   5   3  -6   4  -4  -7  -3  -3  -6  -5   4    3   0   0   0   2   0   0   0   0  32  25   0   9   0   0   3   1   0   0  26  1.17 0.60
   63 G    -5  -8  -6  -7  -8  -8  -8   8  -8 -10 -10  -7  -6  -9  -8  -4  -5  -8  -9  -9    0   0   0   0   0   0   0  97   0   0   0   0   0   0   0   1   1   0   0   0  2.95 1.24
   64 S     5  -5  -5  -5  -3  -5  -5  -1  -6  -1  -4  -5  -3  -6  -4   3   2  -7  -6   2   44   0   0   0   0   0   0   4   0   4   1   0   0   0   1  19  14   0   0  13  0.96 0.63
   65 G    -3  -8  -6  -7  -4  -6  -5   8  -8  -9  -9  -7  -8  -7  -8   0  -5  -8  -9  -8    2   0   0   0   0   0   1  89   0   0   0   0   0   0   0   7   1   0   0   0  2.55 1.13
   66 I    -2  -6  -6  -7   0  -5  -7  -7  -7   6   1  -7   3  -4  -6  -4  -1  -7  -5   4    3   0   0   0   2   0   0   0   0  44  12   0   8   0   0   1   4   0   0  25  1.29 0.64
   67 L    -5  -7  -8  -9  -4  -7  -7  -9  -8   3   6  -7   3  -3  -8  -6  -6  -7  -5  -1    0   0   0   0   0   0   0   0   0  12  74   0   7   1   0   0   0   0   0   4  1.80 0.85
   68 G     3  -4   1  -4  -3  -4  -5   3  -4  -6  -4  -4  -2   2  -5   3   1  -4  -4  -4   25   0   6   0   0   0   0  21   0   0   1   0   1   9   0  24   8   0   0   1  0.75 0.53
   69 L    -5  -6  -6  -7  -6  -1  -7  -6  -6   3   5  -6   5   3  -7  -6  -2  -6  -3   0    0   0   0   0   0   3   0   0   0  13  50   0  14  10   0   0   3   0   1   6  1.23 0.64
   70 A     0  -8  -8  -8  -6  -7  -7  -3  -8  -9  -8  -6  -8  -9   9  -1  -6 -10  -9  -8    7   0   0   0   0   0   0   3   0   0   0   0   0   0  85   4   0   0   0   0  2.89 1.31
   71 Y     0  -1  -1  -4  -3  -2  -4  -4   0  -4  -2   1  -2   4  -6   0  -4   1   7  -4    8   4   3   1   1   2   1   1   2   1   5   7   1  18   0   8   1   2  35   1  0.97 0.58
   72 A     6  -6  -4  -6   5  -6  -6   0  -5  -4  -5  -5  -3  -7  -6   0   1  -7  -5  -1   60   0   1   0  10   0   0   6   0   1   1   0   1   0   0   8   7   0   0   4  1.32 0.75
   73 M    -3  -7  -7  -6  -4  -5  -7  -7  -6   1   1  -7   5   7  -6  -5  -4  -3   2   1    2   0   0   0   0   1   0   0   0   8  14   0  12  46   0   1   1   0   6   8  1.49 0.73
   74 A     2   2   0  -1  -4   1  -1  -2   2  -4  -3   3  -1  -3  -4   2  -1  -5   0  -3   19  10   5   3   0   7   2   2   5   0   2  21   2   1   0  13   3   0   4   2  0.39 0.34
   75 H    -1   0   3  -1  -1   4   1  -3   0  -2  -2   1  -1  -3  -3   0  -1  -4   0  -1    4   4  17   3   1  20  10   2   2   2   5   7   2   1   1   8   4   0   3   4  0.35 0.31
   76 T     3  -5  -2  -3   5  -4  -4   2  -5  -2  -1  -4   0  -3  -5   1   2  -6  -2  -1   22   0   2   1  13   0   0  16   0   2   7   0   2   1   0  12  14   0   1   4  0.58 0.42
   77 G    -3  -8  -5  -7  -8  -8  -8   8  -5  -9  -9  -7  -8  -9  -7  -4  -5  -8  -9  -9    2   0   0   0   0   0   0  95   0   0   0   0   0   0   0   1   1   0   0   0  2.85 1.22
   78 V    -4  -6  -6  -6  -3  -6  -7  -1  -6   4   3  -6   1   2  -5  -5  -4   6   0   2    1   0   0   0   0   0   0   6   0  24  27   0   3   8   1   1   1  12   3  13  0.96 0.52
   79 I     0  -5  -5  -6  -2  -4  -5   0  -5   4   3  -5  -1   0  -3  -4  -2   2  -1   4    9   0   0   0   1   0   0   7   0  21  23   0   1   4   2   1   2   3   2  24  0.62 0.38
   80 F    -1  -5  -3  -5  -4  -3  -4  -1  -3  -1   3  -5   3   3   2  -1   0  -2  -2   0    5   0   1   0   0   1   1   6   1   2  32   0   6  14  12   4   5   1   1   7  0.51 0.37
   81 F     2  -6  -3  -6  -1  -5  -6   6  -6  -5  -4  -5  -4   1  -4   3  -2  -4  -4  -3   13   0   1   0   1   0   0  48   0   1   2   0   0   5   1  22   3   0   1   2  1.13 0.66
   82 L     0  -5  -2  -5   1  -5  -5  -3  -5   4   2  -5   2   0  -2   0   1  -4  -3   2    7   0   2   0   3   0   0   2   0  22  22   0   4   4   3   8  10   0   0  13  0.47 0.34
   83 A     0  -6  -5  -6   0  -5  -6  -1  -6   4   3  -6   1   2  -5  -2  -1  -4  -4   3    8   0   0   0   2   0   0   5   0  24  25   0   2  10   0   3   4   0   0  16  0.68 0.41
   84 L    -2  -6  -6  -7   0  -4  -6  -5  -6   2   4  -6   4   1  -6  -2   0  -1   0   1    3   0   0   0   2   1   0   1   0  12  44   0   9   5   0   3   7   1   3  10  0.84 0.49
   85 L    -4  -6  -4  -7   0  -2  -5  -7  -5   3   5  -6   3   0  -5  -2  -1  -6  -3   1    1   0   1   0   2   2   1   0   0  15  54   0   6   4   0   3   3   0   1   7  1.06 0.58
   86 L     0  -6  -6  -6   0  -2  -4  -4  -6   4   2  -5   0   2  -4  -3   0  -3  -3   3    9   0   0   0   2   2   1   2   0  20  22   0   2   9   1   2   6   0   0  23  0.63 0.39
   87 C     0  -6  -6  -6   1  -5  -6  -1  -5   2   3  -6   0   5  -6  -2  -1  -1  -2   2    9   0   0   0   3   0   0   6   0  13  24   0   2  20   0   4   3   1   1  15  0.62 0.40
   88 I     0  -6  -4  -6   4  -5  -5  -2  -5   3   0  -5   3   2  -6   1  -1  -4  -3   3    6   0   0   0   8   0   0   4   0  15   9   0   6  10   0  13   3   0   0  24  0.60 0.41
   89 A     5  -6  -4  -6   1  -5  -5   3  -6  -3  -2  -5  -1  -3  -6   1   1  -2  -3  -2   40   0   1   0   3   0   0  23   0   1   5   0   2   1   0  11   8   1   1   3  0.86 0.57
   90 L     1  -5  -5  -6   1  -5  -5  -2  -4   3   2  -5   1   2  -5  -2  -2   4   1   3   11   0   0   0   3   0   0   4   0  17  20   0   3   9   0   4   2   5   4  18  0.54 0.35
   91 L     0  -6  -6  -7   0  -5  -6  -4  -6   3   4  -6   3   2  -5  -2  -1  -3  -2   2    7   0   0   0   2   0   0   1   0  16  39   0   7   7   0   3   4   0   1  12  0.78 0.46
   92 S     1  -6  -1  -6   4  -5  -4  -3  -6  -2  -5  -5  -1  -2  -6   4   5  -5  -6  -1   13   0   3   0   7   0   1   2   0   3   1   0   2   2   0  33  29   0   0   5  1.01 0.66
   93 S     0  -1  -1   1   1  -2  -2  -1   2   0   1  -2   0   1  -4  -1   0   2   3   0    8   4   2  11   4   1   2   5   5   6  12   2   2   6   0   4   6   2  11   8  0.12 0.14
   94 Y    -1  -5  -5  -6  -4  -2  -5  -4   2   1   0  -3  -1   4  -7  -3  -2   5   6   0    5   0   0   0   0   2   0   2   4   8   9   2   2  17   0   2   3   8  28   7  0.96 0.54
   95 S     1  -6  -4  -6   5  -6  -6   1  -6  -5  -7  -6  -6  -6  -6   5   4  -8  -6  -5   12   0   0   0  10   0   0  11   0   0   0   0   0   0   0  40  24   0   0   1  1.30 0.79
   96 I    -2  -6  -3  -6   4  -4  -6  -1  -6   3   3  -6   4   3  -6  -2  -1  -5   0   0    4   0   1   0  10   1   0   5   0  15  27   0   9  12   0   3   3   0   3   6  0.68 0.41
   97 H    -3   2   0  -1  -1  -1  -1  -4   5   1   0  -1   2   0  -4  -1  -2   1   3   0    2  11   4   3   1   3   4   1  14   8  10   3   6   3   0   4   3   2  12   8  0.33 0.27
   98 L    -4  -5  -6  -8   0  -5  -7  -6  -7   3   5  -6   4   2  -7  -5  -3  -6   0  -1    1   0   0   0   2   0   0   1   0  15  52   0   9   9   0   1   1   0   3   4  1.21 0.64
   99 L    -6  -5  -8  -7  -4  -2  -8  -9  -8   3   6  -7   3  -3  -8  -6  -4  -7  -2  -1    0   0   0   0   0   2   0   0   0  14  69   0   6   1   0   0   1   0   1   3  1.63 0.81
  100 L     1  -2  -3  -5   0  -3  -5   0  -5   3   2  -2   1  -3  -5  -1  -1  -6  -2   4   12   2   1   0   2   1   0   7   0  15  16   2   3   1   0   5   4   0   1  28  0.47 0.34
  101 T    -2   4  -2  -1   0   1   0  -4   1   0  -1   3  -3  -2  -5  -1  -1   0   2  -1    3  19   2   4   2   5   5   1   3   6   6  21   0   1   0   4   4   1   8   4  0.36 0.30
  102 C     2  -5   0  -5   8  -4  -6  -3  -4  -2  -1  -6   0  -1  -5   2   1  -7  -3   1   17   0   5   0  27   1   0   2   0   2   7   0   2   2   0  14  10   0   1   8  0.90 0.54
  103 A     4  -1  -3  -4   3   0  -3   1  -2  -3  -2  -1   1  -5  -5   3  -1  -6  -3  -2   30   4   1   0   6   4   1  10   1   2   5   4   4   0   0  22   3   0   1   2  0.54 0.43
  104 G    -1   2   1   2  -4   1   1  -1   1   0  -2   2   0  -2  -3   0  -1  -4  -1  -1    5  10   5  12   0   6  10   4   4   5   4  13   2   2   0   6   4   0   2   5  0.16 0.17
  105 I     0   2  -2  -2  -4   0   0  -4   1   1   1   2   1   0  -4  -1  -1  -3   1   1    9  12   1   2   0   4   6   0   3   8  12  15   4   3   0   3   3   0   6   9  0.18 0.19
  106 A     0  -4  -1  -4   1  -4  -3  -1   0   0  -1  -2  -2  -3   0   3   4  -3   0   1    7   1   3   1   3   0   1   4   2   4   6   2   1   1   4  18  28   0   3  10  0.42 0.38
  107 G    -3   2   1   0  -2   0  -2   5   2  -6  -6   2  -5  -7  -1  -1  -3  -7  -4  -5    2  12   7   4   1   4   2  41   5   0   1  12   0   0   3   4   1   0   0   1  0.81 0.50
  108 I     1   2  -2  -2   1   0  -1   0   0   1   0   0  -1  -2  -2   1   1  -4  -2   1   13  12   1   2   4   4   4   6   2  10   7   5   1   1   2  10   8   0   1   9  0.10 0.14
  109 R    -1   3   1   0  -3  -1  -1  -1   0  -3  -2   1  -1   0  -1   1   0   1   1  -2    6  19   7   5   0   2   3   5   2   1   4   9   2   4   3   9   7   2   6   2  0.18 0.18
  110 A    -2  -5   1  -1  -5  -3  -5  -1  -3  -5  -5  -2  -5  -7  -6   5   5  -7  -6  -4    3   0   7   4   0   1   0   4   1   0   1   2   0   0   0  46  28   0   0   1  1.20 0.75
  111 Y    -7  -8  -6  -9  -5  -7  -8  -7  -3  -3  -2  -8  -3   6  -9  -4  -5  -2   9  -4    0   0   0   0   0   0   0   0   0   1   4   0   1  27   0   1   1   0  62   1  2.62 1.15
  112 E     0  -1  -2  -1  -6   3   4   2  -1  -3  -5  -1  -2   1   1   0  -3  -6  -3  -4    7   3   2   2   0  13  26  17   2   1   1   2   1   6   7   7   1   0   1   1  0.48 0.39
  113 Q     0  -4  -2   5  -5   1   3   1  -2  -4  -4  -2  -3   0  -5   0  -1  -4  -2  -4    8   1   2  29   0   6  18  12   1   1   2   2   1   4   0   7   5   0   2   1  0.59 0.43
  114 L    -1  -6  -6  -7  -3  -6  -6  -6  -7   4   4  -6   3  -4  -7  -3   0  -6  -4   2    4   0   0   0   1   0   0   0   0  23  43   0   5   0   0   2   5   0   0  15  1.07 0.58
  115 G     3  -6  -4  -6   2  -5  -5   4  -6   0  -2  -5   3  -2  -5   0  -1   2  -5   2   26   0   0   0   4   0   0  26   0   4   3   0   7   2   0   6   3   3   0  16  0.69 0.47
  116 Q    -1   2   0  -1  -3   2   2   0   1  -3  -1   1  -1   1  -4   0  -1  -1   1  -2    5  12   4   3   0   9  15   7   3   1   7   7   1   7   0   6   3   1   6   2  0.20 0.21
  117 R     2   1  -2  -1  -2  -1  -1  -2   5   0  -1   2  -1   0  -3   0  -1  -3   0   0   17   9   2   3   1   2   4   3  13   5   6  14   2   3   1   5   3   0   4   5  0.22 0.22
  118 A     4  -4  -4  -5   3  -4  -4  -4  -3   0   2  -4   0  -2  -4   0   3  -6  -3   1   30   1   1   0   7   0   1   1   1   5  19   1   2   1   0   5  16   0   1   9  0.58 0.43
  119 F    -3  -6  -5  -8   4  -7  -7  -4  -2  -2   2  -6   2   7  -7  -4  -4  -1   5  -2    2   0   0   0   7   0   0   2   1   2  16   0   5  41   0   1   1   1  17   2  1.40 0.70
  120 G    -4  -4  -1  -6  -5  -4  -5   7  -3  -7  -6  -4  -3  -6  -2  -3  -5  -4  -3  -5    1   1   2   0   0   1   1  82   1   0   1   1   1   0   2   2   1   0   1   1  2.09 0.94
  121 P    -2   4  -1  -4  -6   0  -2  -3  -1  -3  -3   4  -3  -3   5  -1  -1  -1  -3  -4    3  19   3   1   0   3   2   2   1   2   2  22   0   1  25   5   4   1   1   1  0.76 0.51
  122 A     1   1  -1  -4  -4  -2  -3   0  -1  -1  -1   2  -1   0   3   0   0   5   0  -1   10   8   4   0   0   1   0   6   2   3   5  13   1   4  13   6   6   9   3   5  0.28 0.26
  123 G     1  -4  -4  -6  -2  -5  -4   5  -4  -2  -1  -5   4   0  -5  -2  -1   2  -3  -2   11   1   1   0   1   0   1  48   0   2   7   0   8   5   0   3   4   2   1   3  0.91 0.55
  124 K     0   3  -2  -1  -3   1   0   1  -2  -3  -1   3  -2  -1  -4   1  -2  -1   0  -2    9  19   1   3   1   5   5  11   1   1   6  18   1   3   0  10   1   1   3   3  0.29 0.27
  125 V    -2   0  -1  -4  -4  -1  -3  -3   0   2   2  -1   1   1  -4  -2  -1   5   3   2    3   5   3   1   0   2   1   1   2  15  17   4   4   7   1   2   4   7  10  12  0.33 0.25
  126 V     2  -6  -6  -6  -1  -5  -5  -4  -6   3   3  -5   1   3  -6  -3  -1  -1  -2   3   17   0   0   0   1   0   0   1   0  18  24   0   3  12   0   1   3   1   1  16  0.67 0.42
  127 V     1  -5  -5  -6   2  -5  -5  -5  -3   4   1  -5   0   1  -3  -2   0  -5  -2   4   10   0   0   0   5   0   0   1   1  19  14   0   1   6   1   3   7   0   2  31  0.65 0.41
  128 A     1  -1   1   3  -2   1   2  -2  -3  -3   0  -2  -2  -3  -3   3  -1  -4  -4  -3   10   3   7  15   1   6  14   3   0   1   9   1   1   1   1  22   2   0   0   2  0.35 0.33
  129 T     1  -5  -4  -6   0  -5  -5  -1  -5   4   2  -5   0   3  -5  -2   0   0  -3   2   11   0   1   0   2   0   0   5   0  21  18   0   2  14   0   2   6   1   0  16  0.53 0.35
  130 V     2  -4  -2  -4   4  -4  -5  -2  -4   1   1  -5   2   3  -4   2  -1  -3  -4   0   19   1   2   0  10   0   0   3   0   8  13   0   5  11   0  19   3   0   0   6  0.47 0.37
  131 I    -4  -3  -1  -6  -1   2  -5  -6  -3   5   2  -5   4  -1  -6  -3  -1  -6  -4   2    1   1   3   0   1   8   0   0   1  37  16   0  11   2   0   2   4   0   0  12  0.89 0.52
  132 C     1  -5  -4  -6   1  -5  -5  -3  -3   4   1  -5   1   3  -5  -2   0   4   1   2   12   0   1   0   3   0   0   2   0  20  12   0   3  14   0   3   7   5   4  14  0.57 0.37
  133 L     0  -6  -6  -6   0  -5  -6   0  -6   4   3  -5   2   2  -6  -3  -2  -3  -3   2    8   0   0   0   2   0   0   8   0  21  31   0   4   7   0   2   3   0   0  14  0.66 0.41
  134 H    -3  -3   1  -3  -2   1   0  -4   1  -3   0   1   0   4  -4   1  -1  -4   4  -2    2   1   8   1   1   5   7   1   3   1   8   8   2  20   0  13   3   0  14   2  0.43 0.35
  135 N     0  -5   2  -3   6   3  -4  -3  -5  -2   2  -3   1  -5  -1   0   1  -6  -4  -3    7   0  10   1  19  16   0   2   0   2  19   1   4   0   3   6   8   0   1   1  0.64 0.46
  136 V    -1  -6  -5  -7  -4  -5  -6  -3  -5   3   2  -6   2   7  -7  -4  -3   1   3  -1    5   0   0   0   0   0   0   2   0  15  16   0   4  37   0   1   2   2  10   4  1.10 0.57
  137 G    -1  -6  -5  -7  -1  -6  -7   7  -4  -2  -2  -7   0  -2  -6  -1  -4  -4  -7  -5    4   0   0   0   1   0   0  74   0   3   5   0   2   2   0   4   1   0   0   1  1.77 0.86
  138 A     2  -5  -4  -5   3  -5  -5   1  -5   0  -3  -5  -2   4  -4   1   2  -5  -2   2   18   0   1   0   6   0   0  11   0   4   2   0   1  15   1  10  14   0   1  15  0.53 0.41
  139 M     1  -6  -4  -4   8  -3  -4  -2  -6  -1   1  -6   5  -3  -4   1  -1  -6  -3   1   12   0   1   1  26   1   1   3   0   3  11   0  15   1   1  11   3   0   1   8  0.94 0.55
  140 S     0  -5  -6  -7   4  -5  -6  -5  -7   5   0  -5   1  -4  -6   0   1  -5  -6   5    6   0   0   0   8   0   0   1   0  27   7   0   3   0   0   6   7   0   0  33  0.99 0.56
  141 S     4  -6  -5  -4  -2  -4  -2   1  -6  -2  -4  -5  -1  -5  -5   4   1  -7  -6   0   38   0   0   1   1   0   3  10   0   3   2   0   1   0   0  27   7   0   0   6  0.84 0.58
  142 Y    -7  -8  -6  -9  -3  -5  -8  -5  -3  -5  -4  -7  -4   5  -9  -6  -6  -4   9  -7    0   0   0   0   1   1   0   1   0   0   2   0   1  22   0   1   1   0  69   0  2.87 1.24
  143 L    -2  -5  -1  -6   2  -2  -5  -4  -2   3   4  -5   3   2  -5  -2   0  -4   0   1    2   0   3   0   4   2   0   1   1  13  40   0   6   7   0   3   6   0   3   7  0.64 0.40
  144 F    -4  -4  -4  -5  -4  -3  -6  -6  -4   7  -1  -5   0  -1  -7  -4  -3  -7  -2   4    1   1   1   1   0   1   1   1   1  49   5   0   2   3   0   2   1   0   1  29  1.41 0.69
  145 I    -2  -6  -7  -7  -2  -6  -7  -6  -6   6   1  -6   1   4  -7  -2  -2   0  -2   3    3   0   0   0   1   0   0   0   0  38  11   0   3  17   0   3   2   1   1  17  1.08 0.56
  146 I    -1  -6  -4  -5  -1  -4  -1  -2  -6   5   0  -5   3  -1  -6  -2   0  -6  -5   4    5   0   1   0   1   0   4   3   0  34   9   0   6   2   0   3   6   0   0  25  0.80 0.47
  147 K     2  -3  -4  -5  -2  -3  -4   6  -2  -5  -6   1  -1  -4  -6   0  -2  -7  -3  -3   16   2   0   0   1   1   1  53   1   1   0   8   1   1   0   8   3   0   1   2  1.10 0.62
  148 S    -5  -2  -1   7  -8   0   1  -3  -3  -6  -7  -2  -7  -6  -6   0  -1  -8  -3  -6    1   2   3  61   0   5  10   2   1   0   0   2   0   0   0   6   4   0   1   0  1.58 0.81
  149 E    -3  -4   4  -4  -4   1  -1  -4  -2   1   2  -4   1  -1  -5   0   2  -5  -3   0    1   0  21   0   0   8   5   1   1   7  22   0   4   3   0   7  12   0   1   7  0.48 0.39
  150 L    -2  -6  -6  -7  -2  -3  -6   0  -6   3   4  -6   4   2  -6  -3  -2   0  -3   0    4   0   0   0   1   1   0   7   0  16  40   0  11   7   0   2   2   1   1   7  0.86 0.47
  151 P     0  -1  -2   1  -4   1   0  -2   1  -2  -3  -1  -3  -3   5   1   0  -2  -2  -1    6   3   2   7   0   6   6   3   3   2   3   3   1   1  29  11   6   1   2   4  0.48 0.35
  152 L     1   0   1   0  -4   1  -1   0   2  -2  -1   1  -2  -2   2   1  -1  -3  -2  -2   11   4   6   5   0   6   3   7   6   2   6  11   1   2  10  12   4   0   1   3  0.16 0.17
  153 V    -1  -4  -6  -6  -2  -5  -6  -5  -1   3   3  -4  -1   3  -5  -3  -2   2  -3   4    5   1   0   0   1   0   0   1   1  14  26   1   1  11   1   2   2   3   0  30  0.80 0.44
  154 I     0  -5  -5  -4   1  -4  -5  -4  -2   3   3  -5   1   4  -4  -3  -2  -1  -2   2    7   1   0   1   3   1   1   2   1  16  25   0   3  18   1   2   2   1   1  15  0.64 0.36
  155 G     2   0   0   0  -2   1   0   1   0  -2  -1   0  -1  -3   2   1  -1  -3  -1  -1   15   5   4   5   1   8   6   9   2   2   5   6   1   1   9  10   3   0   2   3  0.13 0.14
  156 T     1   0   1   0  -2   0   0   0   1  -2  -1   0  -1  -1  -2   1   1   0   0  -1   15   6   8   4   1   5   5   7   4   2   5   5   2   3   2  14   7   1   3   4  0.09 0.11
  157 F    -1  -3  -4  -4  -3  -3  -3  -3  -2   2   2  -4   2   5  -3  -2  -1   3   2   1    6   2   1   1   1   1   2   2   1  10  21   1   4  20   2   3   3   4   6  10  0.46 0.27
  158 L     0  -2   0  -1  -1  -2  -2  -1   0   0   1  -2   1   3  -1   0   0   2   1   0    6   1   4   3   1   1   2   6   2   5  17   2   3  16   2   7   6   3   4   7  0.14 0.13
  159 Y    -1  -2   1  -1  -3  -1  -1   3   1  -2  -1   0  -1   0   2   1  -1  -1  -1  -1    4   2   7   4   0   3   4  22   4   2   7   5   1   4  11   9   4   1   2   4  0.19 0.15
  160 M     0  -1   0   0   1   0   0   0   0   0   0   0   0  -1   1   0   0   0  -1   0    8   3   3   7   4   3   5   8   3   7  12   4   2   3   6   7   5   1   1   7  0.01 0.02
  161 D     0  -1   1   2  -3   0   1   0  -1   0  -1   0  -1  -2   0   0   0   0  -2   0    6   3   6  13   0   5  11   7   2   6   7   5   1   2   4   7   6   2   1   6  0.08 0.08
  162 P     0  -2   0  -1  -2  -1   0   0  -1   0  -2  -1  -1   1   3   1   0   1   1   0    8   2   5   3   1   2   6   6   2   5   3   3   2   7  16  11   7   2   5   6  0.16 0.14
  163 E    -1  -1   1   1   1   0   0   0   0  -1   0  -1  -1   0   1   1   0   1   0  -1    4   2   6   8   3   3   7   8   3   3   9   4   1   4   6  11   7   2   3   4  0.04 0.05
  164 G     0  -1   0   0  -1   0  -1   1   1   0   0  -1   0   0   1   1   0   0   0  -1    5   2   4   5   1   3   3  13   4   6   9   3   2   5   8  10   6   1   3   5  0.05 0.05
  165 D    -1   0   1   1  -1   0   0   1   2  -2  -2  -1  -2  -2   1   2   0   0  -1  -2    5   4   7   7   1   3   6  10   5   2   4   3   1   1   8  19   7   1   2   3  0.16 0.15
  166 W    -1  -1  -2  -2  -2  -1  -2  -1  -1   1   1  -2  -1   2  -1   0   0   8   1   0    4   3   2   3   1   3   2   5   1   8  12   3   1   8   3   6   7  19   3   5  0.41 0.23
  167 F    -1  -1  -1  -1  -1  -1  -1  -2   0   0   2  -1   0   2  -2  -1  -1   5   3   0    4   3   2   3   1   2   3   3   3   5  20   3   2  10   2   5   3   8  12   6  0.21 0.15
  168 L     1  -1  -1  -1   0  -1  -2   0  -1   0   2  -1   1   0  -1  -1   1   2   0   0   11   3   3   4   2   2   2   7   2   6  23   2   3   3   2   4   9   3   2   7  0.07 0.09
  169 K    -1   0   2   2  -3   0   0   0   0  -1  -1   0   0  -2  -1   1   1   0  -1  -1    4   6  13  13   0   4   3   6   3   3   7   5   2   2   2  13   7   1   2   4  0.13 0.12
  170 G    -2   6  -1  -2  -4   0  -1   0   0  -3  -4   0  -4  -2   0   0  -2   1  -2  -2    2  44   3   3   0   3   3   8   3   2   2   5   0   1   6   8   2   2   1   3  0.70 0.41
  171 N     0   2   1   0  -1   1   0  -2   1  -1  -2   1  -1  -1   0   0   1   2   0  -1    8  16   6   4   1   7   5   2   4   4   4   8   2   2   5   6   8   3   3   4  0.12 0.12
  172 L     0  -1  -1  -3  -2  -1  -2  -1   0   0   1  -1   0   4  -2  -1   0   2   1   1    7   4   3   0   1   4   2   4   2   6  15   3   1  21   2   5   5   3   5   9  0.18 0.16
  173 L     0  -3  -3  -3  -1  -2  -3  -3  -3   2   2  -3   1   1  -3  -2   1   4  -1   3    7   0   1   1   1   2   1   1   1  12  24   1   3   5   1   2   9   6   2  20  0.36 0.26
  174 I    -2  -3  -4  -5  -1  -2  -4  -3  -4   4   3  -3   2   1  -4  -2   0   5  -1   2    2   2   1   0   1   2   0   2   0  25  24   1   6   7   1   2   5   7   2  11  0.52 0.33
  175 I     0  -4  -4  -4   1  -3  -4  -1  -4   3   2  -2   1   1  -2   0   0  -2  -2   2    9   0   0   0   3   0   0   4   0  21  18   2   3   7   1   7   7   0   0  16  0.32 0.26
  176 I     1  -4  -4  -4   0  -3  -4   0  -4   3   2  -3   1   1  -3  -1  -1   0  -2   2   12   0   0   0   2   0   0   6   0  16  23   1   3   6   1   4   4   1   1  18  0.34 0.26
  177 V     0  -4  -4  -4   2  -3  -3  -3  -3   3   2  -4   1   2  -2  -1   0   0   1   3    6   0   0   0   5   0   1   2   0  18  16   0   3   9   2   6   5   1   4  21  0.34 0.25
  178 S     1  -3  -2  -3   3   1  -1   0  -1  -1  -2  -2   1   0  -2   2   2   3  -1   0   15   0   1   0   7   7   2   6   1   3   3   0   3   4   1  17  14   4   2   7  0.22 0.24
  179 V     1  -4  -3  -4   0  -3  -4  -1  -4   2   2  -2   2   2  -4  -2   0  -1  -1   2   11   0   0   0   2   1   0   5   0  12  25   2   6  11   0   2   6   1   1  14  0.32 0.24
  180 L     0  -4  -4  -4   4  -3  -4  -1  -4   2   2  -3   1   3  -2  -2  -1  -3  -2   2    6   0   0   0  10   1   0   6   0  11  23   2   3  14   2   2   4   0   0  15  0.39 0.28
  181 I    -2  -5  -5  -5   2  -5  -5  -2  -3   4   2  -5   0   3  -2  -4  -2  -4  -3   4    3   0   0   0   5   0   0   4   1  26  16   0   1  13   2   1   1   0   0  25  0.66 0.38
  182 I    -1  -4  -3  -3  -1  -2  -3  -3  -4   4   1  -4   3   2   0   0  -1  -2  -1   3    4   0   1   1   1   1   2   2   0  24  14   0   7   8   5   7   3   0   2  18  0.34 0.26
  183 L    -1  -4  -4  -5  -2  -4  -4  -2  -4   2   3  -4   1   3   0  -2  -1   1   2   1    6   0   0   0   1   0   0   3   0  13  36   0   3  11   5   2   3   2   6   8  0.44 0.29
  184 P    -2  -3  -6  -5  -3  -5  -5  -3  -6  -4  -3  -5  -4  -5   8  -4  -5  -7  -6  -5    4   1   0   0   1   0   0   2   0   1   3   0   0   1  83   1   0   0   0   1  2.55 1.04
  185 L    -3  -5  -5  -6   1  -5  -5  -5  -5   0   6  -5   2   1  -4  -3   0  -2  -2  -1    1   0   0   0   2   0   0   1   0   4  67   0   5   5   1   2   5   1   1   4  1.10 0.57
  186 A     1  -4  -2  -2   6  -4  -4  -1  -4  -2  -2  -4  -1  -5  -3   4   2  -5  -5   0   12   0   2   2  16   0   0   5   0   2   5   0   2   0   1  35  11   0   0   8  0.69 0.48
  187 L    -3  -5  -4  -6   1  -4  -5  -5  -5   1   4  -5   2   3  -4  -1  -2   5   1  -1    2   0   0   0   3   0   0   1   0   8  42   0   6  14   1   6   2   8   4   3  0.78 0.45
  188 M    -1  -2  -3  -4  -1   0  -2  -4  -1   1   2  -1   2   1   2  -2  -2  -1   2   0    4   2   1   0   1   4   2   1   1   9  24   4   7   7  13   3   2   1   7   6  0.26 0.22
  189 K    -3   7  -1  -2  -2  -2  -1  -4  -2  -6  -5   4  -5  -4  -1  -1  -3  -6  -4  -6    1  51   2   2   1   1   3   1   1   0   1  26   0   1   3   4   1   0   0   0  1.30 0.68
  190 H    -3   2   4   3  -5   0   0  -2   1  -4  -3   2  -4  -4  -4   1   0  -5  -3  -5    1  11  21  19   0   4   5   2   3   1   3  12   0   1   0  12   6   0   1   0  0.54 0.38
  191 L    -3  -4  -6  -4  -4  -5  -4  -6  -3   5   4  -4   4  -1  -4  -5  -2  -5  -1   1    2   1   0   1   0   0   1   0   1  37  34   1   9   2   1   0   2   0   2   8  0.97 0.52
  192 G     1   0   1   2  -3  -1   0   2   0  -2  -3   0  -2  -3  -3   2   0  -3  -2  -3   12   6   6  14   0   1   4  14   3   3   1   7   1   1   1  21   4   0   1   1  0.26 0.24
  193 Y     0  -1  -1  -2  -2  -1  -1  -2   0  -2  -2   3  -1   2  -2   3  -1   2   1  -2    9   2   2   2   1   1   2   3   2   2   3  21   1  10   2  25   2   2   5   3  0.29 0.30
  194 L    -3  -5  -5  -6  -4  -1  -5  -3  -5   0   6  -4   0   0  -5  -4  -2   0  -3   1    1   0   0   0   0   3   0   2   0   5  67   1   2   3   0   1   2   1   1   8  1.05 0.56
  195 G     2   3  -1  -2   0   0  -1   1  -2  -3  -3   2  -3  -4  -2   2   0   0  -4  -2   16  16   2   1   2   4   3  10   1   1   2  12   0   1   2  19   4   1   0   3  0.31 0.28
  196 Y    -1  -1  -2  -2  -3  -2  -3  -2   2   0  -1   1  -2   3   0  -1  -2   2   6  -1    6   3   1   2   0   1   1   2   5   6   5   8   1  12   4   6   2   3  27   4  0.43 0.31
  197 T     1  -4  -2  -2  -1  -3  -3  -3  -4   1   1  -2   0   2   0   0   3   1  -2   2   12   0   2   2   1   0   0   1   0   9  12   1   2  10   4   7  21   2   1  13  0.26 0.25
  198 S     0  -4   0  -4   1  -3  -2  -2  -5  -6  -6  -2  -5  -2  -2   6  -1  -6  -5  -4    7   0   4   0   2   1   2   3   0   0   0   2   0   2   2  70   2   0   0   1  1.34 0.76
  199 G     1  -2  -3  -3  -1  -1  -3   0  -2   1   1  -2   1   2  -2   0   1   0   2   0   15   1   0   0   1   3   0   7   1   7  15   1   4   8   2   6  12   1   8   7  0.15 0.18
  200 L     0  -4  -5  -5   0  -4  -5  -2  -4   3   3  -4   2   3  -3  -2  -1  -4  -2   2    8   0   0   0   2   0   0   3   0  16  29   0   4  14   1   2   4   0   0  14  0.51 0.33
  201 S     3  -3  -2  -3   0  -3  -3   3  -4  -4  -2  -3  -4  -5  -3   4   0  -5  -5  -3   28   1   1   1   2   1   1  24   0   1   4   1   0   0   1  29   4   0   0   2  0.69 0.47
  202 L    -2  -5  -1  -1  -1  -4  -3  -5  -5   3   3  -4   1   1  -3  -3  -1  -4  -1   4    1   0   3   4   1   0   1   1   0  18  29   0   2   5   1   1   3   0   2  27  0.57 0.36
  203 T     0  -4  -2  -4   0  -1  -3  -1  -4   2   2  -3   1   2  -2  -1  -1   0  -2   2    9   0   2   0   2   2   1   5   0  15  22   0   3   9   2   5   4   1   0  16  0.25 0.21
  204 C     3  -4  -4  -4   5  -4  -3   0  -4  -1  -1  -4   0   4  -3   2  -1  -4  -3  -1   22   0   0   0  14   0   2   6   0   3   7   0   2  19   1  16   3   0   0   4  0.55 0.39
  205 M     0  -3  -1   0  -1  -2  -3  -3  -3   3   1  -3   3   0  -3   0   0  -3   2   2    7   1   3   5   1   1   1   2   0  20  11   1  10   2   1   8   6   0   9  12  0.24 0.23
  206 L     1  -3  -3  -4   0  -3  -3   0  -4   2   2  -1   1   2  -1  -1   0   0  -2   2   10   0   1   0   2   0   0   7   0  10  21   4   4   9   3   3   6   2   0  18  0.23 0.21
  207 F    -2  -3  -1  -4   1  -3  -4  -3  -3   1   1  -4  -1   4  -4  -2  -1   0   5   2    4   1   3   1   3   1   0   2   0   7  12   1   1  19   1   2   3   1  24  13  0.60 0.37
  208 F    -2  -5  -4  -5   0  -4  -5  -1  -3   4   3  -5   1   4  -3  -3  -1   0   0   1    2   0   1   0   2   0   0   5   1  25  24   0   4  16   1   1   4   1   2  10  0.57 0.35
  209 L     1  -4  -4  -5   2  -4  -4  -3  -5   2   2  -4   2   0  -4  -1   1  -4  -3   4   11   0   0   0   4   0   0   2   0  12  20   0   6   3   0   4  11   0   0  27  0.48 0.34
  210 V     1  -3  -3  -5   0  -4  -3  -1  -1   3   2  -5   0   3  -3  -2  -1  -2  -2   3   10   1   1   0   2   1   1   5   2  18  18   0   1  12   1   2   3   0   1  20  0.43 0.30
  211 S     1  -2  -3  -4   1  -2  -3   0   0   1   1  -1   0  -1  -3   1   1  -2   0   2   11   1   0   0   3   1   1   9   3   9  13   4   2   3   0  10   8   0   4  18  0.18 0.19
  212 V    -1  -4  -5  -5   0  -2  -4  -3  -6   4   2  -5   3  -3  -5  -2  -1  -2  -3   4    4   1   0   1   2   2   1   2   0  21  16   0   6   1   0   4   4   1   1  33  0.73 0.43
  213 I     0  -8  -2  -4   0  -3  -5  -3  -8   5   1  -8   3   1  -4  -2  -2   0  -2   4    7   0   2   1   2   2   1   2   0  23  14   0   5   6   1   4   3   1   2  23  0.72 0.41
  214 Y     0  -4  -7  -5   1  -3  -4  -2  -1   3   0  -4  -1   1  -5  -1  -2   4   6   3    7   1   0   1   2   1   2   4   2  13   8   1   2   6   1   5   3   4  20  16  0.66 0.39
  215 K    -2   3  -1  -1  -1   0   1  -3   3   1  -1   2  -1   0  -3  -1  -2   1   2   0    3  13   3   3   1   5   8   3   7   7   6  11   2   4   1   5   2   2   7   7  0.23 0.17
  216 K     1  -3  -4  -1   1  -3  -3   1  -1  -2  -1   0   0   3  -6   2  -2   2   5  -3   10   2   1   3   3   1   2  11   1   3   6   6   2  11   0  14   3   3  15   2  0.42 0.30
  217 F     0  -3  -3  -3   1  -4  -4  -1  -1   2   0  -4   0   5  -1  -1  -2   2   2   1    9   2   2   2   3   1   1   5   2  10   9   1   3  22   4   6   3   3   6   8  0.43 0.25
  218 Q    -1   0  -1   0  -2   2   0  -3   1  -1   0   0   0   1  -3   1   1   0   2  -1    5   5   3   5   1  10   5   2   3   4   8   6   2   5   2  12   8   1   7   4  0.11 0.12
  219 L    -1  -1   1   1  -1  -1   0   0   2   1   0  -1   0   0  -1   0   0   0   1   0    4   4   6   8   1   3   5   8   6   8   8   4   3   3   3   7   5   1   6   8  0.04 0.04
  220 G     0  -2  -1   0   0  -2  -2   2   0   1   0  -2   0  -1   2   1   0  -1  -1  -1    8   2   3   6   2   2   3  17   2   7   8   3   2   3  10   9   6   1   2   5  0.13 0.09
  221 C     1  -1  -1   0   4  -1  -1  -1  -1   0   0  -1  -1   0   0   0   0   0   1   1   10   3   2   5   9   2   4   5   2   6  10   4   1   4   5   7   5   1   5   9  0.10 0.06
  222 A     1  -1  -1   0  -3   0   0   0   1   0  -1   0  -2   0   2   1   0  -1  -1   0   12   3   2   5   1   4   5   8   3   5   6   5   1   4  11   9   6   1   2   8  0.08 0.07
  223 I    -1  -1   0   0  -1  -1  -1  -1   0   1   1  -1   0   1   1   0  -1   0  -1   1    6   3   5   5   2   2   5   6   2  10  14   3   2   6   7   7   3   1   2   9  0.05 0.03
  224 G     0  -1   0   0  -2  -2  -1   3   1   0  -2  -1  -1  -1   2   0   0   0  -1  -1    9   3   5   5   1   2   4  21   3   6   5   4   2   3   9   7   5   1   2   4  0.17 0.10
  225 H     0   0   0   0  -1   0   0   0   1   0   0   0   0   0   1   0   0   0   0   0    6   4   3   5   1   5   5   8   4   7   8   6   3   5   7   6   5   1   3   7  0.02 0.01
  226 N     0   0   2   0   0   0  -1   0   1   0  -1   0  -1  -1   0   1   0   1  -1   0    7   5  11   5   2   5   4   7   3   7   5   5   2   3   5   9   6   2   2   7  0.05 0.04
  227 E     0  -1   0   1  -1   0   1   2   1   0  -1   0  -1  -1   1  -1  -1   0   0  -1    7   3   4   7   2   4   8  13   4   5   7   7   2   3   7   4   4   2   3   5  0.06 0.04
  228 T    -1   0   0   0  -1  -1  -1  -1   0   1   0  -1  -1  -1   0   1   2   0  -1   1    5   4   5   6   1   3   4   5   2   7   9   5   1   3   5   9  14   2   2   9  0.06 0.05
  229 A     1   0   0   0  -1   0   0   0   1   0  -1   0   0   0   0   0   0  -1   0   0   15   4   5   4   1   4   5   7   3   7   6   4   2   4   4   6   6   1   3   8  0.03 0.02
  230 M     0  -1   0  -1  -1   0   0   0   0   0   0   0   1   0   1   0   0   1  -1   1    6   4   4   4   1   3   6   7   2   7  12   4   3   4   7   6   6   2   2  10  0.02 0.01
  231 E     0   0   1   1  -1   0   1   0   1  -1  -1   0  -1  -1   0   0   0   1   0   0    8   4   6   8   2   4   8   7   3   4   8   4   1   3   5   7   7   2   3   6  0.03 0.02
  232 S     1  -1   0   0  -1  -1   0   0   0   0   0   0  -1   0   1   1   1   1   0   0   12   3   5   4   1   3   5   6   2   5   8   5   2   4   7   9   7   2   4   6  0.03 0.02
  233 E     0  -1   0   0   0   0   1  -1   1   0   0   0   0  -1   1   0   0   0   0   0    8   3   4   6   2   4   9   5   3   6   7   6   3   3   7   8   5   2   3   6  0.03 0.01
  234 A     1   0   0   0  -1   0   0   0   0   0  -1   0   0   0   1   1   0   0  -1   0   10   5   5   7   1   4   5   8   2   5   6   5   2   3   6   9   5   1   2   7  0.03 0.01
  235 L     0  -1  -1  -1   0   0   0   0  -1   1   1  -1   1   0   0   0   0   1   0   1    7   4   3   3   2   3   5   6   2   8  15   4   5   4   5   6   6   2   3   9  0.03 0.02
  236 V     0   0   0   0  -1   0   0   0   0   0   0   0   0   0   1   0   0   0   0   0    7   5   4   4   1   4   6   8   2   6   8   5   2   4   8   7   5   2   4   8  0.02 0.01
  237 G     1   0   0   0   0  -1  -1   1   1  -1  -1   0   0  -1   0   0   0   2  -1  -1   10   5   5   5   2   3   5  13   4   4   6   5   3   3   5   8   5   3   2   5  0.05 0.03
  238 L     0  -1  -1  -1  -1   0  -1  -1  -1   1   2  -1   0   1  -1   0   0   2  -1   0    7   4   3   4   1   4   4   6   2   7  21   4   2   6   4   6   5   3   2   7  0.07 0.04
  239 P     0  -1   0  -1  -1   0  -1  -1   1  -1  -1  -1  -2  -1   5  -1  -1   0  -1  -1    8   3   4   4   2   4   5   5   4   4   6   5   1   3  27   5   4   1   2   4  0.37 0.18
  240 S     1   0   1   1  -1  -1   0  -1   0   0  -1   0  -1  -2   2   1   0   0  -2  -1   10   5   6   7   1   3   6   4   3   5   6   5   1   2   9  11   7   1   2   5  0.08 0.06
  241 Q    -1   0   0   1  -2   1   0  -1   1  -1   0   0   0   0   1   1   0   0   0  -1    5   4   5   7   1   6   7   4   3   4  10   6   2   4   7   9   4   1   3   5  0.04 0.03
  242 G     0  -2   0   0  -1  -1   0   3  -1  -1   0  -1  -1   0   0   1   0   2  -1  -1    8   2   5   5   1   2   6  18   2   3   9   4   2   5   5   9   6   2   2   5  0.11 0.07
  243 L     0  -1  -1   0  -1  -1  -1  -1   0   0   1  -1   1   1   1   0   0   0   0   0    7   4   2   5   1   2   4   5   2   7  14   4   3   5   7   8   7   1   4   7  0.03 0.02
  244 N     0   1   1   2  -2  -1   0   1   1  -2  -2  -1  -2   0   1   0   0  -1  -1  -1    6   7   6  11   1   3   6  12   3   3   4   4   1   4   7   8   6   1   2   4  0.11 0.08
  245 S     0  -2  -2   2   0   0  -1   1  -1  -2  -2  -2   0   0   4   1  -1   1  -1  -1    7   2   2  10   2   4   5  10   1   3   5   3   2   5  17  11   5   2   2   4  0.21 0.16
  246 S     0  -1   0   1  -2  -1  -1   0   0  -2  -1  -1   0  -1   0   2   1   6  -1  -1    8   4   4   7   1   3   4   7   2   3   6   4   2   3   5  14   8  11   2   4  0.25 0.18
  247 C    -1  -2  -1  -1   4  -1   0   0   1   0  -1  -1   0   0   1   1  -1   2  -1   0    5   2   3   4   8   2   5   7   3   4   7   4   2   4   8  12   5   3   2   7  0.11 0.09
  248 E    -2   0   0   3  -3   0   2  -1   1  -2  -3   1  -1  -1  -1   0   1   1  -2  -2    4   5   4  15   1   5  13   6   3   3   3   8   2   3   4   8   9   2   2   3  0.20 0.16
  249 A     0   0  -2  -2  -2  -2  -1  -2   0   2   0  -1   0  -1   2  -1   0   0  -1   3    9   5   2   3   1   2   4   4   2  12   8   4   2   3  10   4   5   1   2  17  0.17 0.12
  250 Q    -1   1  -1  -1  -2   0   0  -2   1  -1  -1   1  -1  -2   0   0   0   0   0   2    6   7   4   3   1   4   7   3   3   4   7   9   1   2   6   8   5   1   3  16  0.11 0.11
  251 M     0  -1   1  -2  -2  -2  -3  -3   0   0   2  -3   3   1  -2  -2  -1   5   4   0    7   4   6   3   1   2   2   2   2   6  21   2   5   5   2   3   3   6  11   5  0.35 0.21
  252 F    -2  -3  -3  -3  -5  -3  -3  -2   0   1   0  -3   0   7  -2  -3  -1   5   0   1    4   2   2   2   0   2   2   4   2   7   8   2   2  35   3   3   4   7   3   8  0.86 0.41
  253 T    -2   0   3  -2   0   0  -3  -2   1   0  -2   0  -2   2  -2   0   2   6  -2   1    3   6  12   2   2   5   2   4   3   5   4   5   1   8   2   7  10   9   1   9  0.31 0.21
  254 V    -1   1   1  -2  -2   0  -2  -2  -1   2   0  -2   0   3   0   0   0   2  -1   0    6   7   6   2   1   4   2   4   1  12   8   3   2  11   5   8   7   2   2   7  0.13 0.10
  255 D    -1  -3   3   1   0  -2  -1   2   1  -1  -3  -1   0  -1   2   1  -1   5  -3  -2    5   2  11   8   2   2   4  13   3   3   3   3   2   3   9  10   4   6   1   3  0.28 0.21
  256 S    -1   0   1   0  -5  -1   0  -2  -2  -1  -1   0   1  -1   1   3   1   3  -1  -1    6   5   7   5   0   2   6   3   1   3   7   6   3   3   7  18   8   3   3   4  0.15 0.16
  257 Q    -1   0   2   2   0   1  -1   3   1  -4  -4   0  -3  -1  -2   1  -1   2  -2  -3    6   5   8  10   2   5   5  20   3   1   2   6   1   3   2   9   4   3   2   2  0.27 0.21
  258 M     0  -7  -3  -7  -1  -3  -7  -4  -2   4   1  -4   2   4  -2  -1   1   2   0   2    9   0   1   0   1   1   0   2   1  18  14   1   4  14   3   4   8   3   3  11  0.56 0.32
  259 S     0  -2   0  -2   2  -2  -2   0   2   0   0   0   1   1   1   0   0   4  -1   0    7   0   7   0   6   0   0   7   6   7   7   7   6   6   7   7   7   6   0   7  0.10 0.15
  260 Y     0   0   0  -2  -2   2  -1  -2  -1   0   0   0  -1   0  -1   1   1  -3   2   0    5   5   4   2   1  11   2   3   2   6  10   5   1   5   3  12   8   0   7   6  0.08 0.13
  261 T     4  -4  -2  -4   4  -4  -3   1  -4  -1  -2  -3  -1   0  -4   1   1  -3  -2   0   33   1   1   1   8   0   1  10   0   3   5   1   1   4   1  12   9   0   1   8  0.49 0.37
  262 V    -3  -6  -7  -7  -3  -5  -7  -6  -5   5   3  -6   2   4  -6  -5  -4  -5  -3   2    2   0   0   0   0   0   0   0   0  28  30   0   5  15   0   1   1   0   0  15  1.10 0.57
  263 P     0  -7  -3  -4  -2  -6  -6   4  -3  -8  -6  -6  -7  -8   6   3  -3  -8  -7  -7    7   0   1   1   1   0   0  27   1   0   1   0   0   0  43  17   1   0   0   0  1.51 0.84
  264 I    -3  -6  -4  -6  -5  -5  -6  -5  -7   6   1  -5   1  -4  -4  -2   2  -6  -3   4    2   0   1   0   0   0   0   1   0  36  12   1   4   0   1   4  14   0   1  23  1.00 0.56
  265 M     1  -6  -4  -6  -1  -2  -6  -5  -1   3   1  -6   4   5  -5  -3  -2  -4   3   1   11   0   1   0   2   2   0   1   1  18  13   0   9  24   0   1   2   0   8   8  0.75 0.45
  266 A     2  -5  -2  -5   4  -4  -4  -1  -5   2   0  -5   2  -1  -4   2   1  -6  -5   3   14   0   2   0   7   0   0   5   0  12   8   0   4   3   0  18   7   0   0  18  0.46 0.37
  267 F    -5  -7  -2  -8  -4  -6  -6  -5  -3  -4   1  -5   4   8  -6  -4   1  -5   2  -2    1   0   2   0   0   0   1   1   1   1  10   1   8  55   0   1   8   0   5   3  1.65 0.81
  268 A     6  -4  -4  -4   3  -6  -4   1  -6  -5  -5  -6  -4  -7  -6   3   0  -7  -4  -4   53   1   0   1   6   0   1  11   0   1   1   0   0   0   0  19   6   0   1   1  1.22 0.74
  269 F    -6  -8  -8  -7  -3  -4  -8  -8  -3  -4   0  -8   0   8  -8  -6  -6   0   6  -5    1   0   0   0   1   1   0   0   1   1   8   0   2  56   0   1   0   1  26   1  2.26 1.01
  270 V     0  -3  -1  -2   3   1   1  -1  -2   0  -1  -3   2  -2  -2   1   2  -1  -4   2    9   1   3   1   6   5  11   5   1   4   6   0   5   2   2   9  16   1   0  13  0.21 0.24
  271 C    -1  -8  -2  -7  10  -7  -7   3  -7  -3  -2  -7  -1  -3  -7  -1  -4  -7  -3  -1    6   0   2   0  53   0   0  18   0   1   5   0   2   2   0   5   1   0   1   4  2.03 0.92
  272 H    -3  -5  -2  -6  -3   5  -5  -6   9   2  -6  -5  -3  -5  -1  -2  -4  -7  -2  -4    3   0   2   0   1  24   0   1  48   9   1   0   1   1   4   4   1   0   1   1  1.96 0.95
  273 P     0  -4  -3  -2  -1   3  -2   0   3   0  -1  -3   1   1   2   0   1  -1   1   1    6   0   0   2   1  13   2   9   8   5   4   0   4   6  10   6   9   1   5   9  0.21 0.24
  274 E    -2  -3   6  -3  -2   2  -2  -3  -3  -1   0  -5   0  -4  -5   0  -1  -7  -5   1    3   1  40   1   1  10   2   1   0   4  11   0   2   1   0   8   4   0   0  11  0.82 0.55
  275 V     1  -5  -5  -6   1  -4  -5  -4  -5   3   1  -5   2   2  -4   0   0  -3  -1   4   11   0   0   0   3   0   0   1   0  17  14   0   4   7   1   8   4   0   2  27  0.58 0.38
  276 L    -4  -6  -5  -6   0  -4  -6  -4   1   2   2  -6   0   6   3  -3  -4  -2   0   0    1   0   0   0   2   1   0   1   3  12  21   0   2  28  14   2   1   1   3   7  0.84 0.49
  277 P    -1  -1  -1  -3  -3  -1   0  -3  -2  -2  -1  -2  -1  -4   6   1  -1  -6  -3  -4    5   4   4   1   1   3   7   2   1   2   7   3   2   1  40  11   5   0   1   1  0.80 0.52
  278 I    -3  -6  -3  -4  -2  -6  -4  -3  -5   6   1  -6   0   0  -5  -5  -1  -6  -3   3    2   0   2   1   1   0   1   2   0  46  11   0   2   4   1   1   4   0   1  21  1.11 0.58
  279 Y    -2  -3  -4  -4  -2   0  -2  -6   1   0  -1  -5  -1   4  -3  -4  -1  -2   8  -1    4   2   1   1   1   4   3   1   3   5   6   1   2  13   2   1   4   0  44   4  1.17 0.64
  280 T     0   0   3   1   0   0   1   0   0  -3  -2   0  -2  -2  -3   1   0  -1  -1  -3    8   6  17   8   2   4  11   7   2   1   4   4   1   1   1  13   6   1   2   2  0.22 0.22
  281 E    -1  -4  -2  -1   1  -2   5  -3   1  -5  -5  -2  -1  -5  -2   4  -1  -7  -4  -4    4   1   2   4   3   1  38   2   3   1   1   1   2   0   2  29   4   0   1   1  0.92 0.63
  282 L    -3  -6  -6  -7  -4  -3  -6  -7  -3   1   5  -6   7  -1  -6  -2  -3  -6  -2  -1    2   0   0   0   0   1   0   0   1   5  48   0  29   2   0   4   1   0   1   3  1.45 0.74
  283 C    -1   3  -1  -1   0   1   1  -4   1  -4  -4   4  -4  -3   0  -1  -2  -2   0  -3    6  16   3   4   2   6   8   1   3   1   1  28   0   1   5   5   2   1   4   2  0.48 0.36
  284 R    -3   2   4   3  -2   0   2  -3   2  -4  -5   2  -2  -4   0  -1  -1  -6  -1  -3    1  10  18  17   1   3  13   2   5   1   1  12   1   1   4   3   3   0   2   2  0.51 0.37
  285 P    -1   3   1  -3  -2   1  -3  -4  -1  -6  -4   1  -2  -3   6  -2  -2  -7  -3  -5    6  14   6   2   1   6   2   1   1   0   1   7   1   1  43   3   3   0   1   1  1.05 0.63
  286 S    -2  -1   1  -1  -3  -3   0  -4  -1  -3  -4  -1  -5  -5  -3   4   4  -3  -2  -3    2   3   7   3   1   1   6   1   2   2   2   3   0   0   1  34  28   0   1   1  0.79 0.54
  287 K    -2   1  -2  -2  -3   2  -1  -3   0   0   1   2   1  -1   2  -2  -1  -3  -2   1    3   9   1   2   0   8   3   1   2   6  15  16   3   2   9   3   4   0   1  13  0.21 0.21
  288 R     0   3   0   1  -2   1   0  -1   1  -3  -3   4  -2   0   0   0  -1  -3  -2  -4    7  15   4   6   1   6   5   5   4   1   2  23   1   4   4   8   3   0   1   1  0.32 0.25
  289 R    -2   6   1  -3  -4   0  -2  -3   1  -3  -4   3  -1  -3  -3  -1  -2  -3  -4  -3    3  42   7   2   0   3   2   2   3   2   2  18   2   1   2   5   2   0   1   2  0.92 0.53
  290 M    -4  -2  -5  -5  -2  -4  -5  -4  -3   1   0  -3   8   5  -2  -4  -3   5   1   0    2   2   1   1   1   1   1   2   1   6   6   2  32  24   2   1   2   6   4   6  1.23 0.67
  291 Q     0   0   2   0  -2   0  -1  -2   0  -2  -1   0   1  -1   1   1   2   0  -1  -1    7   6  13   5   1   5   3   2   2   2   6   6   5   2   7  10  12   1   2   4  0.13 0.16
  292 A    -1   2   0  -1  -2   0  -2  -1   1   0   0   3   0  -1  -2   0   0  -1  -1  -1    5  13   4   2   1   3   1   4   4   6   9  21   2   3   2   6   7   1   2   4  0.17 0.19
  293 V     0  -3  -4  -4  -1  -4  -6  -5  -4   3   0  -5   1  -2  -5  -2  -1  -7  -3   6    7   2   1   1   1   1   0   1   1  17   7   1   3   1   1   3   3   0   1  49  1.00 0.57
  294 A     1  -5  -2  -4   0  -5  -5  -3  -1   3   2  -5   1  -1  -4   1   2  -2  -2   3   11   0   2   1   2   0   0   2   1  17  17   0   3   2   1  11  12   1   1  17  0.43 0.34
  295 N     1   0   2  -3  -2  -1  -3   0   3   0  -1   0   0   1  -4   1   1  -1   1   0   11   6   9   1   1   1   0   7   8   5   7   4   2   7   0  10   8   1   5   7  0.13 0.17
  296 V     0   0  -1  -3   0  -2  -4   0  -2   3   1  -2   0   0  -3   1   0   2   0   1    7   5   2   1   2   1   0   9   1  17  14   2   2   3   1  10   7   3   4  10  0.17 0.18
  297 S     3  -3  -2  -4   2  -5  -5   0  -6  -3  -4  -5  -3  -6  -6   5   1  -7  -3   1   26   1   2   1   3   0   0   6   0   1   2   0   1   0   0  40   7   0   1   9  0.92 0.63
  298 I    -2  -5  -3  -5   0  -3  -5  -5  -6   4   1  -6   6   2  -3  -2   0  -2  -1   3    3   1   1   1   2   1   1   1   0  20  12   0  19   9   2   3   7   1   2  16  0.72 0.45
  299 G     1  -4   0  -4   0  -3  -4   2  -3   2   1  -4  -1   2  -4   0   0   0  -2   2   11   0   6   0   2   1   0  15   1  11  15   1   1   8   1   8   5   1   1  13  0.25 0.24
  300 A     0  -6  -3  -6   0  -5  -6  -2  -6   4   2  -5   2   2  -4   0   0   1  -4   2    7   0   1   0   2   0   0   4   0  25  20   0   5   8   1   7   7   2   0  13  0.56 0.38
  301 M     2  -6  -4  -5   8  -4  -4  -2  -6   1  -2  -6   1  -6  -3   2  -1  -7  -4   2   15   0   1   1  30   1   1   4   0   7   4   0   3   0   1  13   4   0   1  15  1.02 0.58
  302 F     1  -4  -3  -4   3  -4  -4  -1  -4   0   1  -4   2   3  -4   0   3   1   1   0   10   0   1   0   7   0   1   5   0   4  14   0   5  14   0   8  19   2   4   6  0.37 0.31
  303 C     0  -4  -3  -5   1  -4  -4  -1  -3   3   2  -4   0   2  -4  -1   1  -2  -3   3    9   0   1   0   3   0   0   5   0  15  19   0   2  10   1   5   8   1   0  20  0.39 0.29
  304 M    -1  -5  -3  -5   1  -5  -5  -4  -5   4   3  -5   3   2  -4  -2  -1  -4  -3   3    6   0   1   0   3   0   0   2   0  20  26   0   7   9   1   2   3   0   0  20  0.62 0.37
  305 Y    -3  -6  -2  -7   3  -6  -5  -6  -2  -2  -4  -6  -1   4  -7  -2  -3  -3   9  -2    2   0   2   0   6   0   1   1   1   2   1   0   1  15   0   3   1   0  61   3  2.01 0.91
  306 G     1  -4  -2  -3   1  -3  -3  -1  -3   3   2  -4   2   2  -4  -1   0   1  -1   1   12   0   1   1   3   1   1   4   0  18  19   0   5   8   0   5   6   2   1  10  0.28 0.23
  307 L     1  -2  -3  -4   0  -4  -4  -1  -4   2   2  -3   1   1  -2   1   1  -2  -2   2   11   2   1   0   2   0   0   5   0  13  25   0   3   5   1  10   8   0   0  12  0.28 0.24
  308 T     0  -5  -4  -5   0  -2  -4  -4  -5   3   0  -4   3   3  -1  -2   1  -4  -2   4    9   0   1   0   2   2   1   1   0  15   6   0   9  11   3   3  10   0   1  26  0.49 0.35
  309 A     4  -3  -5  -6  -2  -5  -6   6  -6  -3  -5  -5  -1  -4  -6   0  -4  -6  -6  -4   27   2   0   0   1   0   0  55   0   2   1   0   2   1   0   7   1   0   0   1  1.38 0.72
  310 T     0  -4  -4  -5  -1  -4  -4  -2  -4   3   2  -4   0   3  -5  -1   0  -2   0   2    8   0   0   0   1   0   1   4   0  19  20   0   2  13   0   4   6   0   3  17  0.46 0.31
  311 F     0  -5  -4  -5   3  -5  -5  -2  -2   0   2  -5   1   6  -3   0  -1   1   0   0    9   0   0   0   6   0   0   3   1   5  17   0   3  33   1   7   4   2   2   5  0.64 0.40
  312 G     0  -6  -3  -5   1  -5  -5   7  -6  -7  -5  -3  -6  -4  -3  -1  -3  -6  -3  -4    7   0   1   0   3   0   0  73   0   0   1   2   0   1   2   4   1   0   1   1  1.66 0.79
  313 Y    -5  -7  -7  -7  -1  -5  -7  -6  -3  -4  -3  -7  -2   3  -7  -5  -6  -2  10  -4    1   0   0   0   1   0   0   1   0   1   2   0   1   9   0   1   0   0  79   1  2.83 1.18
  314 L     1  -4  -3  -5   0  -4  -4  -4  -3   1   4  -3   2   1  -5  -3  -2   0   0   1   10   1   1   0   2   0   0   1   0   7  46   1   4   6   0   2   2   1   3  10  0.61 0.39
  315 T     2  -2  -2  -1   1  -2  -2  -2  -2  -1   0  -3   2  -2  -3   2   4  -5  -1  -1   18   1   2   3   3   2   2   2   1   4   8   1   5   1   0  13  27   0   2   4  0.35 0.32
  316 F    -5  -7  -2  -7  -5  -6  -7  -5  -2  -4  -3  -6  -3   9  -8  -5  -4  -1   4  -4    1   0   2   0   0   0   0   1   1   1   1   0   1  73   0   1   1   1  14   1  2.41 1.01
  317 Y    -2  -2  -3  -3   1  -2  -4   6   0  -5  -3  -3  -5  -1  -2  -2   1  -5   2  -3    2   2   1   1   2   2   1  57   2   0   3   1   0   3   2   2   8   0   7   2  1.02 0.57
  318 S    -1  -2   2   4  -4   0   2   1   0  -4  -4  -1  -3  -3   0   2   0  -5  -1  -3    5   2   8  24   0   4  11   9   2   0   1   3   0   1   5  15   5   0   2   1  0.40 0.32
  319 S     0  -1   2   2  -3   1   1   0   1  -2  -1   2  -2  -2  -3   0   0  -3   0  -2   10   3  12  13   0   6   6   6   4   2   5  13   1   2   0   7   6   0   3   2  0.18 0.18
  320 V    -2  -4  -2  -4  -2  -2  -4  -4  -1   2  -2  -3  -2  -3   0  -1   4  -6  -4   4    3   0   1   1   1   1   1   1   1  11   4   1   1   1   6   5  28   0   0  32  0.70 0.48
  321 K     0   0   0   0  -1   3   2  -1   0  -2  -1   2  -1  -1   0   0   0  -4  -3  -2    6   3   4   5   1  16  14   3   2   2   5  13   1   3   5   8   5   0   1   3  0.21 0.22
  322 A     0  -2  -2   1  -5  -1  -2   4  -1  -4  -6  -2  -3  -5   1   3   1  -6  -4  -4    8   2   1   8   0   2   2  29   1   1   0   2   0   0   8  24  10   0   0   1  0.61 0.45
  323 E    -4  -4   6   4  -6   0   0   1  -3  -1  -3  -4  -3  -4  -3   0  -3  -7  -4   0    0   1  32  22   0   4   7   9   0   4   3   0   1   1   1   7   1   0   1   8  0.78 0.51
  324 M    -2  -6   0  -2  -4  -6  -6  -6  -6   6   1  -6   0   0  -6  -5  -4  -6  -3   4    3   0   5   3   0   0   0   0   0  40  12   0   2   3   0   1   0   0   1  28  1.12 0.60
  325 L    -4  -6  -7  -7  -6  -5  -7  -5  -7   3   5  -6   1   0  -7  -5   1  -6  -3   0    2   0   0   0   0   0   0   1   0  15  61   0   3   4   0   1   8   0   1   4  1.28 0.67
  326 H    -1  -1   3  -1  -4   0   0  -3   1  -2   3   0   1  -4  -4   0   0  -5  -2  -1    4   2  14   3   0   4   7   1   4   2  32   7   4   0   0   6   5   0   1   3  0.31 0.30
  327 M    -2  -3   7  -2  -4  -2  -4  -2  -2  -2  -2  -3   4  -5  -4   1   0  -7  -2  -3    3   1  48   1   0   1   0   3   1   2   5   1  10   0   1  12   6   0   2   2  1.11 0.66
  328 Y    -6  -4   0  -4  -2  -5  -5  -4  -4  -2   2  -5   0   6  -3  -3  -5  -2   7  -3    0   1   4   1   1   0   1   1   0   2  17   1   2  25   1   2   0   0  36   2  1.34 0.70
  329 S    -1  -3   0   2   1  -3  -2  -3  -2  -5  -2  -3  -3   0   6   1  -1  -3   0  -5    5   1   5  12   3   1   3   2   1   0   5   1   1   5  37  10   3   0   3   0  0.77 0.50
  330 Q     1   0   0   0  -3   2   1  -1   2  -2  -2   1  -1  -3   2   1   0  -1  -1  -1   11   5   3   4   0  10   7   5   5   2   3   8   1   1  12  10   6   1   2   3  0.18 0.18
  331 K    -1  -1   3   3  -5  -1   0   1   1  -3  -4   1  -4  -3   1   2   1  -5  -2  -2    4   3  13  18   0   2   5   9   3   1   1   8   0   1   7  13   8   0   1   3  0.34 0.28
  332 D    -3  -3   3   6  -4  -2  -1  -2   0  -5  -4  -2  -6  -4  -4   3   1  -3  -4  -5    2   1  14  38   0   1   3   3   2   1   2   2   0   1   1  21   7   0   0   1  0.93 0.57
  333 P     0  -2  -2  -2  -4  -3  -3  -2  -1   2   1  -1   0   0   3  -2  -1   3   0   2    7   2   2   3   0   1   1   3   2  13  14   4   2   4  15   1   4   5   2  14  0.27 0.23
  334 L     1  -4  -4  -4  -4  -2  -3  -3  -2   1   3  -3   3   2  -2   0  -1   2   0   2   11   0   0   1   0   1   2   2   1   6  27   1   7   9   2   8   3   3   3  13  0.34 0.28
  335 I     0  -5  -1  -4  -2  -4  -4  -3  -5   3  -1  -4   3   0  -3   2   2  -2  -3   3    8   0   3   1   1   0   0   1   0  15   5   0   9   4   1  16  12   0   1  23  0.48 0.38
  336 L    -1  -1   3   0  -1   1   0  -2  -2   1   1   0   1  -1  -4  -1   1   0  -2  -1    6   2  17   6   1   7   5   2   1   9  13   5   5   2   0   4  10   1   1   4  0.16 0.19
  337 C     1  -5  -6  -6   0  -5  -5  -3  -6   5   1  -5   2   1  -5  -1  -1  -1  -4   4   10   0   0   0   2   0   0   3   0  29  12   0   4   6   0   4   3   1   0  24  0.69 0.43
  338 V     3  -4  -4  -5   1  -5  -5   2  -5   2  -2  -5   0  -3  -3   0  -1  -6  -4   3   29   1   0   0   3   0   0  17   0  10   4   0   3   1   1   5   4   0   0  23  0.62 0.44
  339 R    -3   6  -1  -5  -2   3  -3  -5  -2   0  -4   3  -2   0  -5  -3  -3  -2   1  -2    2  43   2   0   1  12   1   1   1   5   2  14   1   3   0   1   1   1   5   3  0.98 0.59
  340 L     0  -6  -6  -6   0  -4  -6  -3  -4   3   3  -5   0   3  -5  -3  -2   2  -1   2    8   0   0   0   2   0   0   3   0  18  31   0   2  12   0   2   2   2   2  16  0.67 0.41
  341 A     3  -5  -5  -5   4  -5  -4   3  -4  -1   2  -5   1   1  -5   0   0  -3  -4  -2   25   0   0   0   8   0   1  22   0   3  17   0   4   6   0   5   5   0   0   3  0.57 0.41
  342 V    -4  -6  -6  -6  -2  -4  -5  -5  -5   3   2  -4   4   5  -6  -4  -1  -4   5   1    1   0   0   0   1   1   1   1   0  15  15   1   9  24   0   1   4   0  16  11  0.90 0.51
  343 L     3  -5  -4  -4   2  -4  -4   1  -5   1   1  -4   1   0  -3   1  -1  -1  -3   2   21   0   0   0   4   0   0  12   0   9  14   0   4   4   1  10   3   1   0  17  0.37 0.32
  344 L    -1  -6  -5  -6  -1  -5  -6  -4  -3   4   3  -6   2   3  -6  -3  -2  -3  -3   3    6   0   0   0   1   0   0   1   1  21  29   0   5  11   0   1   2   0   0  19  0.76 0.45
  345 A     2  -4   1  -3   0  -3  -3  -2   0  -1  -1   1   1  -2  -2   3   2  -5  -4   0   17   0   8   1   2   0   0   2   3   3   6   8   3   1   2  23  11   0   0   8  0.31 0.32
  346 V    -3  -5  -4  -7  -2  -5  -6  -6  -6   4   2  -6   5  -2   0  -4  -1  -6  -5   4    2   0   1   0   1   0   0   0   0  22  19   0  14   2   5   1   3   0   0  28  0.92 0.54
  347 T     1  -4  -3  -5   3  -4  -5  -3  -4   3   2  -4   3   1  -5  -2   1  -1  -2   2   11   1   1   0   7   0   0   1   0  17  22   0   7   5   0   2   7   1   1  14  0.46 0.33
  348 L     0  -4  -5  -6   2  -5  -5  -2  -5   0   3  -5   1   4  -5  -2   2  -5  -3   2    7   0   0   0   5   0   0   3   0   4  28   0   2  17   0   3  14   0   0  14  0.60 0.42
  349 T     1  -4  -3  -3   0  -4  -4   0   0  -3  -4   0  -4  -6  -4   5   4  -7  -5  -1   10   0   1   1   2   0   0   6   2   2   1   6   0   0   1  37  27   0   0   3  0.84 0.61
  350 V    -3  -6  -4  -7  -2  -4  -5  -6  -1   0  -2  -5  -2   6  -4  -3   0  -1   7   1    2   0   1   0   1   1   0   1   1   6   4   0   1  29   1   2   6   1  34   8  1.27 0.68
  351 P     0  -7  -4  -7  -8  -6  -7  -4  -7  -6  -5  -6  -7  -5   8  -3  -5  -9  -8  -3    9   0   1   0   0   0   0   1   0   0   1   0   0   1  80   2   1   0   0   2  2.57 1.22
  352 V    -4  -3  -5  -6  -2  -4  -6  -6  -3   3   5  -6   4   0  -4  -5  -3  -6  -3   1    1   2   1   0   1   1   0   0   1  14  54   0   8   3   1   1   1   0   1  10  1.07 0.59
  353 V    -1  -3   1  -3   2   3   1  -3   0   1   1  -2   3  -1  -3  -3   0  -5  -2   2    5   0   6   0   4  17   8   2   2   9  12   1   9   2   1   1   5   0   1  13  0.28 0.30
  354 L     0  -5  -3  -5   3  -3  -4  -3   2   3   3  -4   3   2  -5  -2  -1  -2  -1   2    7   0   1   0   7   1   1   2   5  16  24   0   7   9   0   2   3   0   1  11  0.43 0.32
  355 F    -3  -4  -1  -4  -5   0  -5  -6   5  -1   0  -4   0   7  -4  -3  -1   2   3  -2    2   1   3   1   0   4   0   0  11   3   8   1   2  39   1   2   4   2  10   2  0.99 0.57
  356 P     0  -6  -4  -5   2  -2  -5  -2  -5  -5  -4  -6  -3  -7   7  -1  -2  -8  -7   1    8   0   1   1   4   2   1   3   0   0   2   0   1   0  60   5   2   0   0   9  1.62 0.87
  357 I     2  -4  -5  -5   7  -4  -4  -1  -1   1   0  -5   0   0  -2  -1   0  -1  -3   1   20   1   0   0  24   0   1   6   2   7  10   0   3   4   2   4   5   1   0   9  0.63 0.43
  358 R    -2   7  -3  -5  -2  -3  -3  -6  -3   0  -2   0  -1  -4  -4  -3  -4  -7  -2  -1    4  64   1   0   1   0   1   0   0   5   4   4   1   1   1   1   1   0   2   5  1.46 0.80
  359 R     1   2   1   1  -2   1   2  -2   0  -1  -1   1  -1  -2  -3   1   0  -4  -1  -1   11  10   5   9   1   6  13   2   3   3   5   7   2   1   0   8   7   0   2   4  0.13 0.16
  360 A     3  -4   0  -3   1  -3  -3  -2  -4   2  -2  -4  -2  -3  -3   4   1  -6  -3   1   22   0   4   1   3   0   1   3   0  11   3   0   1   1   1  28   8   0   0  11  0.49 0.42
  361 L    -2  -4  -5  -6  -1  -4  -4  -4  -4   4   4  -4   2   1  -5  -4  -1   1  -3   3    3   1   1   0   1   1   1   1   0  23  33   1   5   6   0   1   4   2   1  16  0.72 0.43
  362 Q    -2  -1   1   1  -2   0   3  -3   1   0   0  -2   0   1  -3  -1  -1   1   2  -1    3   2   7   9   1   3  25   2   3   5   8   1   3   6   1   5   4   2   8   3  0.25 0.26
  363 Q    -1   0   2   1  -3   2   1  -1   3  -2  -2   1   0  -2  -2   2   1  -3  -1  -2    5   3  11   6   1   8   9   4   8   2   3   7   3   1   1  15   9   0   2   3  0.20 0.22
  364 L     0  -1  -3  -4   0  -3  -4  -1  -3   1   3  -1   3   1  -3  -1   0   1   0   1    6   4   1   1   2   1   1   4   0   8  30   3   7   6   1   4   5   2   3  10  0.27 0.23
  365 L    -2  -5  -6  -5   0  -4  -5  -5  -4   4   4  -4   0   4  -5  -5  -3   3   1   1    3   0   0   0   2   1   0   1   0  20  37   1   2  15   0   0   2   4   4   7  0.83 0.48
  366 F    -2  -2  -2  -4   1  -3  -4  -2   0  -2   0  -1   0   6   0  -1  -1   4   3  -1    3   3   2   1   3   1   1   4   2   2   9   4   2  32   4   4   3   6   9   4  0.58 0.38
  367 P     0   1   0   0  -3  -1   0   1   2  -3  -3   2  -2  -1   4   1  -1   0  -2  -3    6   7   3   4   0   3   5  13   5   1   2  11   1   3  18  10   2   2   1   1  0.30 0.25
  368 G    -1   1   2   0  -1   1   0   1   1  -2  -2   0  -2  -2   0   1   0  -1  -1  -1    5   7  11   6   1   5   5  13   4   2   3   7   1   1   4  14   5   1   2   6  0.13 0.14
  369 K    -1   2   1   1  -3   2   1  -2   2  -3  -3   2  -2  -2   0   0   0  -1  -1  -2    5  13   7   6   1   8   9   3   6   1   3  14   1   2   4   6   5   1   2   3  0.22 0.20
  370 A     0   1  -1   0  -6   1   0  -1   2  -1  -2   0   1   0   2   0   0   2   1  -1    7   8   4   6   0   7   6   5   4   3   4   6   3   4  10   7   6   3   5   4  0.11 0.13
  371 F    -1   0   0  -1   1  -1  -1  -2   1   1   0   0   3   2   0  -1  -1   2   0   1    4   5   4   3   3   3   4   3   4   9   9   5   7   8   5   4   4   3   3   8  0.08 0.07
  372 S    -2   1   1   0  -2  -1   0  -3   0  -4  -4   2  -3  -3   3   4   1  -1  -7  -4    4   7   6   4   1   3   6   3   2   1   2  11   1   1  13  23   8   1   0   1  0.47 0.40
  373 W    -3   2   0  -1  -2   0   0  -2   1  -2  -1   1   1   0   0  -2   1   7   1  -3    2  10   5   3   1   4   6   4   3   3   7   7   3   4   5   4   8  15   5   2  0.44 0.32
  374 P    -1   1  -1  -3   0   0  -4  -2   0   0   1   2  -1  -1   2   0  -1   6  -1  -1    6   8   4   2   2   4   1   4   2   6  11  11   1   3   9   6   4   9   2   5  0.23 0.19
  375 R    -3   5  -1  -4   0   1  -2  -3   1   0  -1   3   0  -1  -2  -2   0   2   0   0    3  24   3   1   2   6   3   3   3   5   6  14   3   3   2   3   5   2   3   6  0.41 0.30
  376 H    -1   0   0   0   2   0   0  -1   2   0  -1   0   1   0  -3   0   0   3   1   0    5   5   5   5   5   5   5   5   5   5   5   5   5   5   0   5   5   5   5   5  0.06 0.10
  377 V     0   0   1  -2   1  -1  -2  -2   0   3   0  -1   1   0  -1  -2   0   3   1   1    8   5   6   3   3   3   3   3   3  14   8   4   4   4   3   3   5   3   5  11  0.13 0.09
  378 A     0   0  -1  -3   2  -1  -2   0  -3   2   1  -1   1   1  -1  -1   0   2   0   1    9   5   2   0   5   2   2   8   0  11  15   3   4   6   3   5   6   2   2  11  0.10 0.12
  379 I    -2   1  -3  -5   0  -2  -2  -3  -1   4   2  -2   1   1  -3  -1   0   1  -1   1    2   8   1   0   2   2   3   2   1  21  21   2   4   6   1   5   6   2   2   9  0.31 0.25
  380 A     0   0   0  -2   2   1   0   0   2   0   0   0   1   0   1   0   0  -3  -1   0    6   6   6   0   6   6   6   6   6   6   6   6   6   6   6   6   6   0   0   6  0.04 0.09
  381 L     0  -2  -3  -3   1  -2  -2  -1  -3   2   1  -3   0   2  -1   0   1   0   0   2   10   2   0   0   4   1   2   4   0  12  14   0   2   9   2   7  12   2   3  14  0.15 0.17
  382 I     1  -2  -3  -3   2  -2  -3   0  -1   3   1  -3   1   1  -2   0   0  -3  -2   2   10   2   0   0   4   2   0   7   2  17  14   0   3   5   2   7   6   0   0  16  0.19 0.20
  383 L    -1  -4  -2  -3   0  -2  -2  -2  -4   3   3  -3   1   0  -2  -1   0   3  -1   2    3   0   2   1   2   1   2   2   0  17  29   0   3   4   2   5   6   4   1  15  0.33 0.26
  384 L     0  -3   0  -2   0  -1  -3  -3   1   1   2  -2   1   1  -2  -1  -1   0   0   3   10   0   6   2   2   3   0   2   4   7  17   2   3   7   1   4   2   1   2  23  0.17 0.20
  385 V     2  -4  -3  -4   1  -3  -4   0  -4   2   2  -3   0   2  -4  -1   1   2  -1   2   16   0   0   0   2   0   0   7   0  11  19   0   2  10   0   4   9   3   1  15  0.26 0.23
  386 L     0  -4  -3  -4   4  -3  -3  -1  -4   2   1  -3   0   2  -1   1   1  -3  -2   2    9   0   0   0   8   0   0   5   0  13  16   0   2   8   3  11   9   0   0  14  0.26 0.23
  387 V     2  -3  -1  -2   1  -2  -3  -1  -3   1  -2  -3   0  -2   1   2   3  -4  -1   0   20   0   2   1   4   1   0   4   0   8   3   0   2   2   8  15  22   0   2   6  0.32 0.29
  388 N     0  -3  -1  -3   0  -3  -3  -1  -1   0   3  -3   2   1  -4  -1   1   0   3   1    7   0   4   1   2   0   0   5   1   5  28   0   6   6   0   3   9   1  10  11  0.24 0.22
  389 V     0  -4  -4  -4   0  -3  -4  -1  -4   4   2  -4   1   1  -3  -1  -1   0  -1   3    9   0   0   0   2   0   0   6   0  23  21   0   2   5   1   3   4   1   2  19  0.36 0.26
  390 L     1  -4  -4  -4   1  -3  -4  -1  -4   3   2  -3   1   0  -2  -1   0  -3  -2   2   11   0   0   0   4   1   0   4   0  24  22   0   2   4   2   4   4   0   1  16  0.33 0.24
  391 V     5  -4  -4  -3  -2  -3  -3   2  -4  -1  -3  -3  -2  -3  -2   1  -2   4   0   0   46   0   0   1   1   0   1  14   0   4   1   1   1   1   1  12   1   5   3   6  0.66 0.45
  392 I    -1  -4  -3  -3   0  -3  -3  -3  -4   4   3  -3   3   1  -3  -2  -1  -1  -1   2    6   0   1   1   2   1   2   2   0  24  27   1   9   5   1   2   2   1   2  12  0.42 0.28
  393 C     0  -3  -2  -3   0  -2  -3   2  -2   0   1  -2   0   4  -3   0   0  -1   0   1    7   1   2   0   2   1   1  15   1   6  15   1   3  19   1   7   6   1   3  10  0.20 0.19
  394 V     0  -3  -3  -3   0  -2  -3  -2  -3   3   1  -2   0   1  -3   0   1  -3   0   3    9   0   1   1   1   1   0   3   0  16  12   2   2   5   1   7   9   0   4  27  0.29 0.24
  395 P    -1  -2   0   1   1  -1  -1  -2  -1  -3  -4   0  -3  -4   6   1   0  -5  -4  -3    4   2   5   7   4   3   4   3   1   1   1   6   1   1  40  10   6   0   1   1  0.80 0.47
  396 T    -2  -1   4   4   1   0   0  -2   0  -4  -4   0  -3  -1  -3   1  -1  -5  -2  -4    2   2  24  27   3   4   4   3   2   1   1   5   0   3   1  12   4   0   1   1  0.61 0.40
  397 I    -2  -5  -5  -4  -4  -5  -5  -6  -5   4   4  -5   0   2  -5  -3  -3  -4  -2   2    2   0   0   1   0   0   0   0   0  23  43   0   2   9   0   2   1   0   1  14  0.88 0.46
  398 R     0   0   1   3  -3  -1   1   3  -2  -3  -3   0  -3  -4  -3   0  -2   3  -3  -3    6   5   5  18   0   2  11  26   1   1   2   6   0   0   1   8   2   4   1   2  0.42 0.30
  399 D    -1  -1   0   0  -3  -1  -1  -2  -1   1   0   1   0   0   1   0   1  -3   0   1    2   3   4   6   0   2   2   2   1  10  10  14   2   5   6   5  12   0   2  11  0.08 0.13
  400 I     0  -5  -6  -6  -4  -5  -5  -6  -5   3   0  -4   1   4  -3  -4  -3  -1  -2   5    7   0   0   0   0   0   0   0   0  18   6   1   2  16   2   0   1   1   1  44  0.95 0.51
  401 F    -3  -4  -4  -5  -3  -4  -5  -6  -5   2   4  -4   3   4  -5  -4  -3   0   1   2    1   1   1   1   0   1   0   0   0  10  35   1   6  21   0   1   1   1   4  15  0.78 0.43
  402 G     2  -2  -1   0  -3   0   1   3  -2  -4  -4  -2  -2  -5  -3   3  -2  -5  -4  -4   18   1   2   4   1   4  11  23   1   1   1   2   1   0   1  27   2   0   0   1  0.55 0.40
  403 V    -3  -5  -6  -6  -3  -5  -5  -6  -5   4   4  -5   0   4  -4  -5  -3   0   0   2    2   0   0   0   1   0   0   0   0  19  40   0   1  18   1   0   1   1   3  11  0.91 0.47
  404 I    -1  -4  -1  -4   0  -3  -4  -1  -4   4   0  -2   0  -1  -4  -2   2  -5  -3   4    3   0   4   0   2   1   0   6   0  22   9   2   2   3   0   2  16   0   0  27  0.48 0.33
  405 G    -4  -7  -5  -6  -1  -7  -7   8  -7  -8  -8  -6  -7  -8  -7  -3  -4  -7  -8  -5    1   0   0   0   1   0   0  94   0   0   0   0   0   0   0   2   1   0   0   1  2.58 1.04
  406 S     4  -5  -3  -3   2  -4  -4   1  -3  -3  -4  -2  -3  -4  -4   4  -1  -6  -5  -1   35   0   1   1   3   0   0  12   1   1   1   1   0   0   0  36   2   0   0   5  0.84 0.54
  407 T    -3  -5  -5  -5  -3  -5  -5  -5  -5   2   3  -5  -1   4  -5  -1   4  -4  -1   1    1   0   0   0   0   0   0   1   0  11  24   0   1  18   0   4  28   0   1   9  0.76 0.47
  408 S     3  -3  -3  -3   5  -4  -4   2  -4  -1   0  -4   1   0  -3   1   1  -3  -4  -1   28   1   0   1  11   0   0  16   0   3   8   0   4   5   1  13   7   0   0   3  0.45 0.34
  409 A     3  -5  -2  -4   6  -4  -4   4  -5  -4  -5  -4  -2  -5  -5   2  -1  -6  -4  -3   27   0   2   0  14   0   0  31   0   1   0   0   1   0   0  17   4   0   0   2  0.93 0.53
  410 P     0  -4  -1  -4   3  -3  -4  -1  -4   1  -2  -3   1  -2   1   2   3  -5  -4   2    7   0   3   0   6   0   0   6   0  10   2   0   4   1   8  16  17   0   0  19  0.37 0.32
  411 S     0  -4  -2  -4   2  -3  -4  -3  -2   0   2  -4   2   2   3   0   1  -4  -2   0    9   0   2   0   4   0   0   2   1   6  20   0   6  10  18   7   8   0   1   5  0.36 0.28
  412 L    -2  -5  -5  -6  -2  -4  -5  -6  -6   4   4  -5   2   0  -6  -4  -2  -5  -3   2    3   0   0   0   1   0   0   0   0  28  40   0   4   4   0   1   3   0   0  15  0.90 0.46
  413 I     2  -4   0  -2   5  -3  -3   1  -3   2  -1  -3   0  -3  -4   2  -1  -5  -4   2   20   0   4   2  15   1   1   9   1  12   3   0   3   0   0  14   3   0   0  13  0.40 0.30
  414 F    -4  -6  -7  -7  -6  -5  -7  -7  -3   0   0  -6   0   8  -7  -5  -5   0   6  -1    1   0   0   0   0   0   0   0   0   4   8   0   2  55   0   0   0   1  23   4  1.78 0.74
  415 I    -3  -6  -6  -6  -1  -6  -6  -5  -6   6   0  -6   1   0  -5  -4   0  -6  -3   3    2   0   0   0   1   0   0   1   0  55   6   0   3   3   0   1   5   0   1  22  1.23 0.58
  416 L    -3  -5  -5  -6   0  -5  -5  -4  -3   2   4  -5   1   6  -6  -4  -3  -1   3   0    1   0   0   0   2   0   0   1   0  11  34   0   3  30   0   0   1   0  10   4  0.96 0.48
  417 P    -5  -7  -7  -6  -7  -6  -6  -7  -7  -7  -7  -6  -7  -8   9  -4  -4  -8  -7  -7    0   0   0   0   0   0   0   0   0   0   0   0   0   0  97   1   1   0   0   0  3.31 1.19
  418 S     4  -4  -4  -4   3  -4  -4   3  -3  -3  -4  -4  -4  -4   3   2  -1  -5  -5  -2   32   0   0   0   7   0   0  25   1   1   1   0   0   1  15  13   3   0   0   2  0.77 0.46
  419 I     1  -4  -5  -5  -1  -4  -4  -3  -3   2   4  -4   3   1  -5  -2  -1   1   0   1   14   0   0   0   1   0   0   2   0  12  40   0   9   5   0   3   2   2   2   7  0.54 0.34
  420 F    -2  -5  -5  -6   6  -5  -5  -5  -5   2   2  -5   3   5  -5  -2  -2  -2   1  -1    2   0   0   0  19   0   0   0   0  10  19   0   7  29   0   3   3   0   3   3  0.95 0.46
  421 Y    -2  -3  -3  -5  -1  -4  -4  -2   5  -2   0  -4  -2   4  -5  -4  -3   3   7  -2    4   1   1   0   1   0   1   3  13   2   8   0   1  14   0   1   1   4  42   2  1.16 0.56
  422 L    -3  -2  -5  -5  -2  -4  -4  -5  -3   3   4  -3   3   1  -5  -3  -3   3   3   1    1   2   0   0   1   0   0   1   0  15  44   1   6   4   0   1   1   3  11   6  0.70 0.39
  423 R    -1   3  -2  -3   0   1  -2  -1   0  -3  -3   5  -1  -3  -3  -1  -2  -4   0  -2    4  18   1   1   2   4   1   4   2   1   3  41   2   1   0   5   2   0   4   3  0.64 0.40
  424 I     1  -3  -2  -3   0  -2  -3  -2  -3   3   3  -3   1  -1  -3  -1   0  -1  -1   1   12   1   2   2   2   1   1   2   1  19  30   0   4   2   1   4   5   1   2   9  0.32 0.23
  425 V     0  -1  -1  -2   3  -1  -1   0   1   0   0  -2   0   2  -2   0   1  -2   1   1    7   3   3   2   7   2   3   7   4   5   7   1   3   9   2  10   8   0   6  13  0.06 0.09
  426 P     0   1   0  -1  -2   0   0   1   0  -2  -2   2  -1  -2   2   0   0   2  -1  -1   10   7   5   3   1   3   4  11   3   2   4  16   1   1  11   6   6   3   2   3  0.14 0.12
  427 S    -1   1   2   1  -3   0   0   1   1  -2  -2   2  -2  -2   0   1  -1   2  -1  -2    5   9   9   9   0   4   5   9   4   2   3  13   1   1   4  10   4   4   1   2  0.15 0.13
  428 E     0   1   1   1  -3   1   2   0   0  -2  -3   1  -2  -3  -1   2   0  -2  -2  -3    6   9   6   7   0   6  14   6   2   2   2  10   1   1   2  16   6   1   1   1  0.22 0.18
  429 V     0   1   0   0  -1   0   0   0   0  -1   0   1   0  -1   0   0   0   1  -1   0    5   9   4   5   1   2   5   8   3   4  10   8   2   3   5   9   7   2   1   6  0.03 0.03
  430 E     0   1   1   0  -1   0   1   1  -1  -2  -1   2  -1  -1   0   1   0  -2   0  -2    5   7   6   6   1   3  11  11   1   3   6  13   1   2   4   9   5   0   3   3  0.10 0.08
  431 P     0   1  -1  -1  -1   0  -1  -1   0  -1  -1   1  -1  -1   3   1   0   2  -1  -1    6   8   3   4   1   4   4   4   2   4   5  10   2   2  18  10   6   4   2   3  0.19 0.12
  432 F     0   0  -1  -2  -1  -1  -1  -1   1   0   1   0   1   1  -1  -1  -1   4   1   0    6   6   3   2   1   3   2   4   3   5  13   8   3   8   3   5   3   8   4   9  0.08 0.07
  433 L     0   0   0  -1   0   0   0   0   0  -1   0   0   0   1   0   0   1   1   1  -1    4   6   4   3   2   4   4   7   3   3   9   8   1   8   4   7  10   2   5   5  0.02 0.04
  434 S    -1   2   0  -1  -1   0  -1  -1   2  -2  -2   1  -1   0   0   2   1   3   0  -1    5  11   3   3   1   4   3   4   6   3   3   9   1   4   4  17   9   4   3   3  0.14 0.14
  435 W    -1   1  -2  -3  -3  -2  -3  -2  -1   1   0   1   0   1   0  -1   0   8   1  -1    6   9   1   1   1   1   2   3   1   7   8   7   2   6   4   5   6  21   3   4  0.50 0.28
  436 P    -1   1   0   1  -1   2   2  -1   1  -2  -1   2   0  -2   0   0   0  -2  -2  -1    5   9   3   6   1   8  13   4   3   2   7  13   2   2   4   5   5   1   1   5  0.12 0.11
  437 K    -1   3   2  -2  -1  -1  -2  -3  -1  -2  -2   4   0  -2  -4  -1  -1   0   1  -1    5  18   8   2   2   2   1   2   1   3   4  29   2   2   1   4   3   1   5   4  0.43 0.31
  438 I     0  -1  -3  -5  -1  -3  -4  -4  -3   4   1  -3   1   0  -3  -2  -1   3   2   2    9   3   1   0   1   1   1   1   0  29  15   1   2   4   2   2   3   4   7  13  0.46 0.29
  439 Q     1  -3  -3  -4   0  -1  -2   0  -4   1   2  -2   1   1   0  -1  -1   0  -2   1   13   1   1   0   2   3   1   9   0   7  25   3   4   7   5   5   4   1   1   8  0.18 0.18
  440 A     4  -3  -1   2   4  -3  -4   0   0  -1   0  -4  -1  -3  -1   1   0  -5  -2  -1   35   1   2  10   8   1   0   6   2   3   9   0   1   1   2   8   5   0   1   3  0.41 0.33
  441 L    -1  -3  -4  -6   1   0  -4  -4  -3   3   2  -2   2   0  -5  -3  -1   6   2   2    6   1   0   0   3   4   1   2   1  19  17   2   5   3   0   1   3  11   8  14  0.54 0.34
  442 C     2  -4  -4  -5   3  -4  -5   0  -5   2   2  -4   0   2  -4  -1  -1  -2  -3   2   15   1   1   0   6   0   0   8   0  13  21   0   2   8   1   3   4   1   0  17  0.40 0.29
  443 F    -3  -5  -5  -5   2  -4  -6  -4  -5   2   4  -5   5   3  -6  -3  -2   1  -1   1    2   0   0   1   5   0   0   1   0  12  35   0  12  12   0   2   3   2   2  10  0.77 0.42
  444 G     1  -5  -4  -5   1  -4  -4   2  -5   3   2  -4   1   1  -5  -2  -2  -3  -3   2   14   0   0   0   3   0   0  16   0  15  23   0   4   6   0   2   2   0   0  13  0.43 0.30
  445 V     2  -5  -5  -5   1  -5  -5   0  -5   4   1  -5   0   0  -3  -2  -1  -2  -2   4   16   0   0   0   3   0   0   7   0  22  13   0   1   4   1   3   3   1   1  25  0.53 0.34
  446 L    -1  -5  -6  -6  -1  -5  -6  -3  -5   3   2  -5   0   5  -5  -2  -2   2   0   2    6   0   0   0   1   0   0   2   0  13  22   0   2  27   0   3   3   3   3  16  0.74 0.41
  447 G     0  -7  -5  -6  -2  -6  -7   7  -7  -4  -3  -6  -2  -6  -7  -1  -4  -4  -3  -4    7   0   0   0   1   0   0  79   0   1   3   0   1   0   0   4   1   0   1   1  1.93 0.86
  448 V     0  -5  -4  -6   2  -5  -5  -3  -5   3   2  -5   1   2  -5  -1   0  -1  -4   4    8   0   1   0   4   0   0   2   0  19  16   0   3   8   0   4   6   1   0  28  0.59 0.37
  449 L     1  -5  -6  -6   2  -5  -5  -2  -6   3   2  -5  -1   2  -5  -2  -1  -3  -3   4   10   0   0   0   4   0   0   4   0  18  19   0   1   9   0   2   4   0   1  29  0.64 0.38
  450 F     1  -5  -5  -5   1  -3  -5  -2  -5   3   1  -5   2   2  -5   0   0  -3  -2   3   13   0   0   0   3   1   0   3   0  15  12   0   5   9   0   6   5   0   1  25  0.47 0.33
  451 M     1  -5  -4  -6   1  -5  -5   3  -5   0   1  -5   7   1  -5   1   0  -5  -4   0   11   0   0   0   3   0   0  19   0   4  11   0  27   6   0   9   5   0   0   5  0.73 0.47
  452 A     0  -5  -4  -5   2  -5  -5   0  -5   3   0  -5   0   1  -2  -1   1  -5  -3   4    8   0   1   0   4   0   0   6   0  17   9   0   2   5   2   5   8   0   0  32  0.53 0.36
  453 V    -1  -5  -4  -5   1  -3  -4  -2  -3   3   2  -4   0   3  -5  -2   0   0   3   2    6   0   0   0   3   1   0   3   0  15  16   0   2  14   0   3   7   1  12  15  0.44 0.30
  454 S     1  -5  -2  -4   4  -2  -4   4  -3  -2  -3  -4  -3  -3  -4   3   2  -3  -5  -1    9   0   1   0   9   1   1  30   0   2   2   0   0   1   0  25  11   0   0   6  0.71 0.46
  455 L    -2  -5  -4  -6  -1  -5  -5  -5  -6   1   2  -5   0   2  -6  -1   6  -6  -4   1    2   0   0   0   1   0   0   1   0   7  23   0   2   7   0   5  44   0   0   7  0.95 0.57
  456 G     1  -4  -3  -4  -1  -4  -4   1  -1   0  -2  -3  -2   1  -3   1   2   2   5   1   12   0   0   0   1   0   1  13   1   5   3   1   1   5   1   9  13   2  23   8  0.47 0.35
  457 F     1  -2  -2  -2   0   2  -2  -3  -1   1   1  -2   1   2  -4   1   0  -3   1   1   12   1   1   1   2  11   2   1   1   7  17   1   4   9   0  10   7   0   4   9  0.17 0.19
  458 M     1  -4   2  -2  -4  -2  -3  -3  -4   2  -2  -3  -1  -1  -3   3   4  -4  -3   1   12   0   9   1   0   2   1   1   0  13   3   0   2   3   1  20  23   0   1   8  0.44 0.36
  459 F    -3  -6  -7  -7  -3  -6  -6  -6  -6   6   3  -6   0   1  -6  -4  -3  -3  -2   4    2   0   0   0   0   0   0   0   0  39  22   0   2   6   0   1   1   0   1  23  1.11 0.53
  460 A     1  -2  -2  -3  -3   0  -2  -2  -1   1   0   0   3   1  -3   0  -1   0   3   1   11   2   2   0   0   5   1   3   1   7  10   6   8   6   1   7   4   1  14  12  0.18 0.19
  461 N    -2  -1   3   4  -5   3   0  -1  -2  -4  -3   2  -3  -5  -3   2   0  -6  -4  -2    1   2  16  21   0  12   4   5   0   0   2  12   1   0   1  14   6   0   0   3  0.50 0.35
  462 W     1  -5  -5  -3  -4  -4  -4  -3  -3   3   1  -4   0   1  -4  -2  -3   8   1   0   12   0   0   1   0   0   0   2   1  20  13   1   2   6   1   3   1  24   3   7  0.87 0.44
  463 A     2  -4  -3  -2  -1  -3  -2   0  -3   3   0  -3   1  -1  -3   0   0   1   0   2   21   0   1   2   1   1   2   6   0  20   8   0   4   2   1   6   5   2   4  15  0.25 0.22
  464 T     0  -1   2   1  -3   0   0  -1   2  -2  -4   0  -3  -3  -3   2   3  -5  -2  -2    9   3  12   9   0   4   5   3   5   2   1   7   0   1   0  18  20   0   1   2  0.32 0.26
  465 G     1  -4   0  -3  -4   0  -2   5  -2  -2  -3  -3  -4  -4   2   1  -2  -5  -3  -3   12   0   5   0   0   5   3  44   1   3   3   1   0   0   9  10   2   0   1   2  0.64 0.36
  466 Q    -1  -1  -1   1  -4   2   2  -1   3  -3  -2   1  -1   0   1   2   0  -4  -1  -1    3   2   1   6   0   9  14   5   9   1   2   9   1   5   5  17   4   0   2   4  0.20 0.18
  467 S     1  -3   0  -2  -1   0   1   0  -2  -2  -4  -1  -3  -5  -1   4   2  -5  -4  -2    9   0   3   1   1   3  10   7   0   2   0   3   0   0   3  40  14   0   0   2  0.50 0.35
  468 R    -1   2  -1   0   4   0   1  -1   0  -3  -3   2  -3  -4   1   2  -1   1  -3  -3    4  14   1   5   9   3   7   3   3   1   1  16   0   0   7  22   2   2   0   1  0.32 0.23
  469 M     1  -1  -1   0  -3   1  -1   1   2  -1  -1   0   1  -2  -1   2   0  -3  -2   0   10   1   1   6   0   7   2  11   7   3   4   6   6   1   2  22   4   0   1   6  0.14 0.14
  470 S     0  -1  -2  -2  -4  -2   1   3   5  -4  -4   0  -3  -3   2   2  -2   0  -3  -3    8   2   0   1   0   0  10  20  17   0   0   5   0   1  11  22   0   1   0   2  0.48 0.28
  471 G     0  -4  -2  -2  -4  -1  -3   6  -2  -5  -4  -3  -4  -5   1   2  -3  -5  -5  -5    4   0   0   1   0   2   0  66   1   0   1   0   0   0   8  17   0   0   0   0  1.15 0.39
  472 H    -3  -2   4  -2  -5  -2  -2  -4   9  -5  -5  -2  -3  -2  -4  -2  -3  -3   4  -5    0   0  21   0   0   0   0   0  66   0   0   0   0   0   0   0   0   0  13   0  1.62 0.39

                      K         Lambda
Standard Ungapped    0.1420     0.3286
Standard Gapped      0.0388     0.2670
PSI Ungapped         0.1269     0.3172
PSI Gapped           0.0388     0.2670
