
Last position-specific scoring matrix computed, weighted observed percentages rounded down, information per position, and relative weight of gapless real matches to pseudocounts
            A   R   N   D   C   Q   E   G   H   I   L   K   M   F   P   S   T   W   Y   V   A   R   N   D   C   Q   E   G   H   I   L   K   M   F   P   S   T   W   Y   V
    1 M    -2  -2  -3  -4  -2  -1  -3  -4  -3   0   1  -2   9  -1  -4  -2  -2  -2  -2   0    0   0   0   0   0   0   0   0   0   0   0   0 100   0   0   0   0   0   0   0  1.14 0.20
    2 A     2  -2   2  -1  -2  -1  -1   2  -2  -2  -3  -1  -2  -3   2   2   0  -3  -3  -2   31   0  16   0   0   0   0  13   0   4   0   0   0   0  10  25   2   0   0   0  0.33 0.08
    3 G     2  -2  -1  -1  -2  -2  -2   3   2  -1  -1  -1  -1   0  -2   0  -1  -3  -1   0   31   0   0   4   0   0   0  27   8   3   5   3   0   7   0   0   3   0   0  10  0.20 0.07
    4 Q    -2   0  -1   3  -4   3   1  -1   3  -3  -2   0   4  -3   1  -1  -2  -4  -2  -3    0   5   0  24   0  23   7   3   9   0   0   2  20   0   8   0   0   0   0   0  0.43 0.17
    5 E     0   2   0  -1  -3   1   0   0   2  -3  -3   0   0  -2   2   2  -1  -3  -1  -2    7  12   3   0   0   8   6   6   8   0   0   4   4   2  10  29   0   0   1   0  0.26 0.10
    6 D     0  -1   2   1  -2   1   1  -2  -1  -2  -1   0  -2  -2  -1   2   1  -3   0  -1    6   0  10   9   0   9  11   0   0   0   7   2   0   0   2  27  11   0   4   2  0.22 0.10
    7 P     1  -2   0   2  -2   0   1  -1  -1  -3  -3  -1  -1  -2   3   2   1  -4  -2  -2   17   0   2  15   0   4   7   1   1   0   0   2   2   3  17  23   8   0   0   0  0.35 0.11
    8 V     0  -3  -3  -4  -2  -3  -3  -3  -3   2   1  -3   1   0   0  -2  -1  -3   0   5    7   0   1   0   0   0   0   2   0   5   8   0   3   3   6   0   2   0   4  60  0.44 0.18
    9 Q    -1   0   3   1  -4   5   1   0  -1  -4  -2   2  -2  -4  -2   1  -1  -4  -3  -3    2   3  16   5   0  39   3   6   0   0   4  11   0   0   0   8   3   0   0   0  0.48 0.19
   10 R     0   4   0  -1  -3   1   0  -2  -2  -1  -2   2  -2  -3  -2   1   2  -3  -2  -1    6  29   2   3   0   4   5   0   0   6   3  15   0   0   0  10  15   0   0   3  0.28 0.12
   11 E     2   1   1   0  -3   3   2  -1   2  -3  -1   0  -2  -3  -1   0  -1  -3  -2  -2   21   7   8   3   0  21  17   3   6   0   8   0   0   0   1   3   3   0   0   0  0.26 0.12
   12 I    -2  -3  -4  -4  -2  -3  -1  -4  -3   4   2  -3   0  -1  -3  -3  -1  -3   0   3    0   0   0   0   0   0   5   0   0  35  23   0   0   0   0   0   2   0   3  31  0.51 0.18
   13 H    -1   3   0  -2  -3   4   0  -3   1  -2   0   2  -1  -3  -2   0  -1  -3  -2  -1    3  21   4   0   0  29   3   0   4   0  11  14   0   0   0   4   2   0   0   3  0.39 0.16
   14 Q     1   0   0   1  -3   3   4  -2  -1  -3  -3   1  -2  -4   1   1   0  -4  -3  -3   14   3   2   7   0  14  36   1   0   0   0   5   0   0   5   7   4   0   0   0  0.43 0.15
   15 D    -3  -3   2   7  -4  -2   0  -3  -2  -4  -5  -2  -4  -5   0  -1  -2  -5  -4  -4    1   0   9  79   0   0   0   1   0   0   1   0   0   0   5   2   0   0   0   0  1.38 0.32
   16 W    -4  -4  -5  -5  -4  -4  -5  -4  -4  -4  -2  -5  -3   0  -5  -4   0  12   0  -4    0   0   0   0   0   0   0   0   0   0   3   0   0   3   0   0   6  84   0   0  3.21 0.55
   17 A     1  -1   2   3  -4   2   4   0  -1  -4  -4   0  -3  -4  -2   0  -1  -4  -3  -3   13   2  13  18   0   9  32   5   0   0   0   2   0   0   0   2   3   0   0   0  0.49 0.18
   18 N     0   1   6   0  -4   2   1  -2   0  -4  -4  -1  -3  -4  -3   0   0  -4  -3  -4    7   6  56   2   0  13   7   0   2   0   0   0   0   0   0   2   4   0   0   0  0.84 0.28
   19 R    -1   7  -1   0  -5  -1  -2  -4  -2  -5  -4   1  -3  -5  -4  -3  -3  -5  -4  -4    6  83   2   5   0   0   0   0   0   0   0   5   0   0   0   0   0   0   0   0  1.50 0.42
   20 E    -1   2   1   2  -5   1   6  -3   0  -5  -5  -1  -4  -5  -3  -1  -2  -5  -4  -4    4  10   5  10   0   5  64   0   2   0   0   0   0   0   0   1   0   0   0   0  0.97 0.31
   21 Y    -2  -3   0   0  -4  -1  -3  -4  -2  -1   0  -3   0   6  -4  -2  -3  -1   5  -1    2   1   5   6   0   2   0   0   0   3   7   0   2  46   0   3   0   0  20   3  0.79 0.27
   22 I     0  -3  -2  -3  -2  -3  -1  -2   1   5   1  -3   0  -2  -3  -1  -2  -4  -2   3   11   0   2   0   0   0   5   2   4  43   7   0   0   0   0   4   0   0   0  22  0.42 0.20
   23 E     0  -1   1   2  -4   3   4  -3  -1  -4  -3  -1   0  -3  -3   1  -1  -3   0  -3    9   2   6  12   0  13  38   0   0   0   0   0   4   0   0   9   2   0   5   0  0.50 0.21
   24 I     0   0   0   0  -2   0  -1  -1   0   1   0  -1   0   1  -2   0   0  -3  -1   2   10   4   4   7   0   6   2   3   4   5   9   1   2  10   0  10   4   0   0  21  0.04 0.07
   25 I    -1  -4  -4  -5  -2  -4  -4  -5  -4   5   2  -4   1  -1  -4  -3  -2  -4  -2   3    5   0   0   0   0   0   0   0   0  51  20   0   3   1   0   0   0   0   0  19  0.72 0.23
   26 T     1  -2   2  -1   1   2   0  -1  -2  -3  -3   0  -2  -4  -2   3   2  -4  -3  -3    9   0  14   0   3  12   5   2   0   0   0   4   0   0   0  33  18   0   0   0  0.42 0.20
   27 S     0  -2  -1   2  -1  -1  -1  -1   4   1   2  -2   1  -1  -3   0   0  -3  -1  -1    6   0   2  15   1   1   2   5  17   8  23   0   4   2   0   5   6   0   0   1  0.16 0.12
   28 S     1  -2   4  -1  -1   0  -2   1  -2  -3  -1   0  -2   1  -3   2  -1  -3  -2  -2   14   0  27   0   2   4   0  12   0   0   9   5   0   9   0  17   1   0   0   0  0.26 0.15
   29 I    -2  -4  -4  -4  -2  -3  -4  -5  -4   5   2  -4   4  -1  -4  -1  -2  -4  -3   2    0   0   0   0   0   0   0   0   0  46  20   0  15   0   0   5   0   0   0  15  0.69 0.23
   30 K    -1   3  -1   0  -1   3   0  -2  -1  -1   0   3   0  -3  -3  -1   0  -3  -3  -1    4  15   0   4   1  19   0   1   1   2  12  28   3   0   0   2   4   0   0   3  0.30 0.15
   31 K    -2   3   1  -2  -4   2   1  -3   2  -1  -3   4   0  -3  -3   0   0  -4  -2  -2    0  22   5   0   0   9   6   0   6   6   0  30   4   0   0   6   6   0   0   0  0.41 0.17
   32 I    -2  -4  -4  -4   2  -3  -4  -4  -4   4   3  -3   3   1  -4  -3   1  -3  -2   2    0   0   0   0   6   0   0   0   0  37  28   0   8   5   0   0   9   0   0   8  0.52 0.19
   33 A     1  -3  -2  -3   0  -2  -2  -1  -3   1  -1  -2  -1   1  -3   2   2  -3  -2   3   16   0   0   0   1   0   0   3   0   5   0   0   0   9   0  16  16   0   0  32  0.29 0.17
   34 D    -1  -1   2   4  -4   1   3  -3   1  -1  -2  -1  -1  -4  -3   0   0  -4  -3  -3    2   2  12  35   0   5  19   0   4   6   4   0   2   0   0   3   7   0   0   0  0.46 0.17
   35 F    -4  -5  -4  -1  -4  -5  -5  -1  -3  -2  -2  -5  -2   8  -5  -2  -4  -1   1   0    0   0   0   4   0   0   0   7   0   0   0   0   0  80   0   3   0   0   0   6  1.45 0.38
   36 L    -3  -4  -5  -5  -3  -4  -5  -5  -4   3   5  -4   2  -1  -4  -4  -3  -3  -3   1    0   0   0   0   0   0   0   0   0  14  79   0   3   0   0   0   0   0   0   4  1.00 0.29
   37 N    -2  -2   6   0   1  -1  -2  -2  -2  -3  -2  -2  -3  -4  -3   1   2  -5  -4  -2    1   0  60   3   3   2   0   1   0   0   4   0   0   0   0  10  12   0   0   4  0.84 0.29
   38 S    -1   4   1   0  -1   2   0  -2   1  -3  -3   2  -2  -3  -2   1   1  -3  -2  -1    3  27   8   6   1  11   2   0   3   0   1  11   0   0   0  12   7   0   0   4  0.31 0.13
   39 F    -4  -4  -4  -5  -4  -4  -5  -5  -3   1   0  -4  -1   8  -5  -4  -3  -1   1  -2    0   0   0   0   0   0   0   0   0   9   4   0   0  82   0   0   0   0   0   0  1.57 0.37
   40 D     1  -1   0   2  -2   2   1   1   3  -1  -2  -1  -1  -2  -2   1  -1  -3  -1   0   12   1   0  12   0  12  12  12  11   1   1   1   0   0   1  12   1   0   0  12  0.16 0.08
   41 M     0  -1   1   0  -2   1   0  -2   2   0   0   0   1   1  -2   0   0  -2   1   0    7   0   7   7   0   7   7   0   6   7   7   7   6   6   0   7   7   0   6   7  0.07 0.11
   42 S     0  -2   1   0  -3   1   1  -2   3  -3  -1   0  -2  -3  -2   3   2  -4  -3  -3    8   0   7   5   0   5   8   1   8   0   6   6   0   0   0  27  16   0   0   0  0.33 0.25
   43 C     2  -3  -2  -3   7  -2  -3  -2  -3  -2   0  -1  -2  -3  -3   1   2   3  -3   0   18   0   0   0  28   0   1   1   0   0   7   5   0   0   0  10  17   4   0   5  0.56 0.28
   44 R    -2   5   0  -1  -4   2   1  -2   1  -4  -3   3  -2  -3  -2  -1  -1  -3  -2  -3    1  40   3   2   0   7  10   3   4   1   1  20   0   0   1   3   3   0   0   1  0.60 0.24
   45 S    -1  -1   1   0  -2   0   1   1  -1  -1  -1   0  -1   1  -2   2   0  -1   3  -2    3   3   6   3   0   5  12  10   0   5   4   3   0   7   1  19   7   0  14   1  0.13 0.10
   46 R     0   4  -1  -2  -3   1  -1  -3   1  -3  -2   4  -2  -3  -2  -1   0  -3  -2  -3    8  32   0   1   0   6   1   1   4   1   4  32   0   0   1   1   8   0   0   1  0.54 0.23
   47 L    -2  -3  -4  -4   2  -3  -3  -4  -3   2   4  -3   0   2   1  -3  -2  -2  -2   1    1   1   0   1   5   0   1   1   0  15  49   1   0   8   8   1   1   0   0   8  0.46 0.20
   48 A     3  -2   0   0  -2  -1  -1   0  -2  -1   1  -1  -1   0  -2   1  -1  -2   0   0   35   1   6   7   0   0   1   4   0   1  15   4   0   4   1  13   1   0   3   5  0.17 0.14
   49 T     1   0   0   0  -2   1   0   0   0  -1  -1   0   0  -2  -2   1   1  -3  -2   0   12   6   2   4   0  10   6   5   2   3   6   3   2   0   0  14  13   0   0   9  0.10 0.09
   50 L    -3  -4  -4   1   3  -3  -4  -5  -4   1   4  -4   4   1  -4  -3  -3  -3   0   2    0   0   0  11   8   0   0   0   0   5  43   0  11   6   0   0   0   0   2  13  0.57 0.27
   51 N    -2   1   5   3  -4   2   2  -1   1  -4  -4  -1  -3  -5  -3   0  -2  -5  -4  -1    2   8  36  15   0  12  11   3   2   0   0   1   0   0   0   6   0   0   0   5  0.65 0.29
   52 E    -1   2   2   2  -5   3   4  -3  -2  -5  -4   2  -3  -5  -3   0  -1  -5  -4  -4    4  13   8   9   0  15  30   0   0   0   0  14   0   0   0   4   2   0   0   0  0.62 0.27
   53 K    -3   5  -3  -3  -5   1  -2  -4  -3  -4  -4   6  -3  -5  -4  -1  -3  -5  -4  -1    0  33   0   0   0   4   0   0   0   0   0  52   0   0   0   5   0   0   0   6  1.17 0.44
   54 L    -3  -4  -5  -5  -3  -4  -5  -6  -4   3   5  -4   2  -1  -5  -4  -1  -3   3   0    0   0   0   0   0   0   0   0   0  16  63   0   4   0   0   0   3   0  11   4  0.93 0.36
   55 T    -1   0   1   0  -3   1  -1  -2   0   0  -2  -1  -2  -2  -3   1   3  -3   0   2    2   4   9   4   0   9   3   2   2   6   0   3   0   2   0  10  21   0   3  20  0.17 0.16
   56 A     0   0   0  -1  -1   1   0  -2  -2  -1  -1   3   0   1  -3   1   0  -3  -1  -1    8   3   5   2   1   5   3   1   0   4   7  30   2   6   0  12   6   0   2   3  0.18 0.15
   57 L    -1  -4  -5  -5  -3  -4  -4  -5  -4   3   5  -4   2  -2   0  -4  -2  -4  -3   0    4   0   0   0   0   0   0   0   0  17  67   0   4   0   4   0   2   0   0   2  0.82 0.30
   58 E    -3   1  -3   1  -6  -1   7  -5  -3   1  -4  -1  -4  -5  -4  -3  -3  -5  -4  -4    0   7   0   5   0   0  78   0   0  10   0   0   0   0   0   0   0   0   0   0  1.35 0.45
   59 R     0   5  -1  -3  -4   1  -2  -2   0  -3   0   2   3  -3  -3   0  -2  -4  -3  -3   10  43   3   0   0   4   0   2   2   0   8  13  12   0   0   5   0   0   0   0  0.56 0.26
   60 R    -1   5   0  -2  -4   3   0  -1   0  -4  -4   3  -3  -4  -3   1  -2  -4  -2  -4    3  34   3   0   0  14   5   4   2   0   0  21   0   0   0  12   0   0   1   0  0.62 0.25
   61 I    -1  -4  -4  -4  -3  -3  -4  -4  -4   4   3  -4   4  -1  -4   0  -2  -4  -3   2    2   0   0   0   0   0   0   0   0  26  36   0  12   0   0   7   0   0   0  17  0.60 0.24
   62 E     0   2   0   3  -1  -1   3  -2   0  -2  -2  -1  -3  -4  -3   1   0  -4  -1  -3    6  15   3  18   2   0  29   2   2   2   4   1   0   0   0  10   4   0   2   1  0.36 0.19
   63 Y    -2  -2  -3  -4  -3  -3  -3  -4   3   2   1  -3  -1   4  -4   0  -1  -1   4   0    2   2   0   0   0   0   0   0  10  17  12   0   1  19   0  11   2   0  20   5  0.45 0.22
   64 I    -3   0  -5  -5  -3  -3  -4  -5  -4   2   4  -3   1   2  -4  -4  -3  -3   0   2    0   7   0   0   0   0   0   0   0  10  56   0   3   7   0   0   0   0   3  13  0.66 0.26
   65 E    -2   0  -3   1   3  -1   6  -4  -3  -5  -5  -2  -4  -5  -4  -2  -3   5  -4  -4    2   4   0   6   8   0  71   0   0   0   0   0   0   0   0   0   0   8   0   0  1.28 0.42
   66 A     4  -1  -1  -3   2   0  -1  -1   0  -2  -1  -2  -2  -3  -3   2   0  -4  -3  -1   45   3   2   0   4   5   2   3   3   0   8   0   0   0   0  19   3   0   0   4  0.38 0.22
   67 R    -1   5   1  -2   1   2   0  -3   1  -4  -3   3  -3  -4  -3  -1  -2  -4  -3  -4    4  47   5   0   4  10   3   0   3   0   2  20   0   0   0   3   0   0   0   0  0.78 0.28
   68 V    -2  -3  -4  -4  -2  -1  -2  -4  -4   2   3  -3   1  -1  -4  -3   0  -3  -2   4    0   0   0   0   0   4   2   0   0  12  29   0   2   1   0   0   5   0   0  45  0.54 0.20
   69 T     0   1   1   0  -3   1   0  -1  -2  -3  -3   1  -2  -4  -2   2   3  -4  -3  -2    7   9   8   4   0   5   3   1   0   0   0  10   0   0   0  23  31   0   0   0  0.39 0.18
   70 K    -1   3   1  -2  -3   1  -1   0  -1  -4  -3   3  -2  -3  -1   3   0  -3   1  -3    0  18   8   0   0   5   0   5   0   0   0  22   0   0   3  27   4   0   7   0  0.38 0.16
   71 G     2  -2   1   0  -2  -2  -2   2  -2  -1   0  -2  -1  -3  -2   2  -1  -3  -3  -1   26   0   9   6   0   0   0  19   0   5  14   0   0   0   0  22   0   0   0   0  0.24 0.11
   72 E    -1   0   1   2  -3   0   3  -2  -2  -1  -3   1  -2  -3   3   0   0  -4  -3  -1    0   4   5  10   0   0  27   0   0   3   0  13   0   0  15   8   6   0   0   7  0.35 0.10
   73 T    -1  -2  -1   0  -2  -2  -2  -3  -3   1   0  -2   1  -2   2   1   4  -3  -2   1    0   0   0   4   0   0   0   0   0   8   7   0   4   0  12  13  40   0   0  12  0.34 0.12
   74 L    -1  -3  -3  -3  -2  -2  -3  -3  -3   2   3  -2   1  -1  -3   0   2  -3  -2   2    0   0   0   0   0   0   0   0   0  11  43   0   0   0   0   6  19   0   0  21  0.34 0.10
   75 T     2  -2  -1  -2  -1  -1  -1  -1  -2  -1  -2  -1  -1  -3  -1   2   4  -3  -2  -1   30   0   0   0   0   0   0   0   0   0   0   0   0   0   0  12  58   0   0   0  0.43 0.06

                      K         Lambda
Standard Ungapped    0.1305     0.3172
Standard Gapped      0.0445     0.2670
PSI Ungapped         0.1454     0.3173
PSI Gapped           0.0445     0.2670
