
Last position-specific scoring matrix computed, weighted observed percentages rounded down, information per position, and relative weight of gapless real matches to pseudocounts
            A   R   N   D   C   Q   E   G   H   I   L   K   M   F   P   S   T   W   Y   V   A   R   N   D   C   Q   E   G   H   I   L   K   M   F   P   S   T   W   Y   V
    1 M    -6  -6  -7  -8  -6  -5  -7  -8  -7  -4   1  -6  11  -5  -8  -7  -6  -6  -6  -4    0   0   0   0   0   0   0   0   0   0  10   0  90   0   0   0   0   0   0   0  3.43 1.14
    2 M    -5   1  -1  -7  -7  -3  -6  -7  -6  -2   1   3   9  -3  -5  -5  -2  -7  -6  -4    1   6   3   0   0   1   0   0   0   2  12  15  57   1   1   0   2   0   0   0  1.95 0.87
    3 R    -3   6   0  -5  -7  -2  -4  -4  -2  -1  -2   4  -5   0  -3  -2  -2  -2  -2  -3    2  38   5   0   0   1   0   1   1   4   3  28   0   5   1   3   3   1   1   2  0.97 0.53
    4 K    -2   4  -1  -4  -4  -1  -3  -4   0   0   0   4  -3  -2  -2  -1   1  -2  -2  -1    3  24   2   0   0   2   0   1   3   6   9  27   0   2   2   4   7   1   1   4  0.54 0.37
    5 S     1   0   0  -4  -1  -2  -3  -3   0   1   1  -1  -1   3  -1   2   1  -1   0   0   11   5   4   0   1   1   0   1   2  10  12   3   1  12   2  15  11   1   3   5  0.17 0.18
    6 L    -1  -2  -3  -6  -3  -4  -6  -4  -5   3   4  -3   1   3  -4  -3  -2   1  -2   1    5   3   1   0   0   0   0   2   0  17  42   2   4  10   1   2   2   2   1   8  0.70 0.39
    7 C     1  -2  -4  -5   4  -4  -5  -3  -4   1   3  -3  -1   1  -3  -1   0  -1  -1   1   11   2   0   0   9   1   0   2   0   8  34   1   1   7   1   4   6   1   2  10  0.47 0.30
    8 C     1  -4  -5  -5   5  -4  -5  -2  -4   2   2  -4   0   2  -4  -1   1   2  -2   0   15   1   0   0  13   0   0   3   0  10  21   0   2   9   1   5   9   2   1   7  0.49 0.32
    9 A     3  -4  -4  -5  -1  -4  -5  -1  -5   3   1  -4   0   2  -2   1  -1   0  -3   1   28   0   0   0   1   0   0   4   0  14  14   0   2   9   2   9   4   1   0  11  0.46 0.33
   10 L     0  -5  -6  -7   1  -5  -6  -2  -5   2   4  -6   2   3  -4  -3  -1  -3  -3   2    9   0   0   0   2   0   0   3   0   9  42   0   4  10   1   2   4   0   0  12  0.72 0.42
   11 L     1  -5  -6  -7   1  -5  -6  -5  -5   1   4  -6   1   2  -3  -1  -1  -2  -4   2   12   0   0   0   3   0   0   1   0   7  43   0   3   7   1   4   3   1   0  14  0.75 0.43
   12 L    -1  -6  -5  -7   1  -5  -6  -4  -5   2   4  -6   2   4  -3  -2  -2  -2  -3   1    6   0   0   0   3   0   0   2   0   9  42   0   5  15   1   3   2   1   0   9  0.80 0.44
   13 G     3  -4  -3  -5   2  -4  -4   1  -2   1   1  -4   0   0  -1   1   0  -1  -3   0   24   0   1   0   4   0   0  13   1   7  16   0   2   5   3  10   6   1   0   6  0.33 0.28
   14 I     1  -4  -4  -6   0  -3  -5  -2  -4   2   3  -4   2   3  -2  -1   0  -5  -3   1   12   1   0   0   2   1   0   3   0  12  29   0   5  12   2   5   6   0   0  10  0.47 0.31
   15 S     2  -4  -2  -4   2  -2  -4   0  -4  -2   0  -4   0  -1   3   3   1  -1  -3   0   19   0   2   0   4   2   0   6   0   1  11   0   2   3  12  21   7   1   1   7  0.38 0.32
   16 C     2  -3  -3  -4   5  -2  -3  -1  -2   0   1  -3   0   1   0   1   0   1  -2   1   20   1   1   0  11   2   1   4   1   4  16   1   3   6   4   9   5   2   1   8  0.30 0.24
   17 S     2  -2  -1  -3   1  -1  -3  -1   0  -1   0  -2   1  -1   1   2   1  -1  -1   0   17   2   2   1   3   3   1   5   2   2   8   2   3   3   8  20  10   1   2   5  0.21 0.22
   18 A     4  -4  -2  -4   1  -1  -3   0  -3  -2  -1  -4  -2  -1   1   1   0   0  -4   1   36   0   2   1   3   3   2   8   1   2   5   0   1   3   6  12   6   2   0   9  0.44 0.35
   19 L     1  -2  -1  -2  -1   1  -1  -1   0   0   1  -2   0   1   0   0   1  -1   0   0   12   2   3   1   1   9   2   5   2   5  16   1   2   7   5   7   8   1   3   7  0.07 0.11
   20 A     5  -1  -2  -3  -3  -2  -3  -1  -4  -3  -4  -2  -2  -2   2   1   0  -4  -5  -2   48   3   2   2   1   2   1   4   0   2   2   2   1   2   9  12   6   0   0   2  0.74 0.49
   21 T     2  -1  -1  -1  -2   3  -1  -1  -1  -3  -2  -2  -2  -1   1   1   2  -4  -4   0   21   3   2   3   1  16   4   4   1   1   3   2   1   2   7  11  12   0   0   7  0.30 0.28
   22 P     2  -1   0  -1  -4   1   0  -1  -2  -3  -3  -2  -3  -3   5   0  -1  -4  -4  -2   17   3   5   4   0   6   7   5   1   1   3   2   1   1  29   8   4   0   1   3  0.53 0.35
   23 V     3  -2  -2  -1  -2   0  -2  -2  -2   0   0  -1   0  -2   1   0   1  -3  -2   1   27   2   2   4   1   5   2   2   1   5  10   3   2   2   8   6   8   0   1  10  0.21 0.20
   24 S     1   0   0   1  -2   1  -1  -1  -1  -2  -1  -1  -2  -2   2   2   2  -3  -2  -2   14   4   5   7   1   7   4   4   1   1   5   2   1   1   9  16  12   0   1   2  0.20 0.20
   25 E     2   0  -1   2  -3   1   1  -2   0  -2  -2  -1  -3  -2   2   1   0  -2  -1  -1   17   4   2  13   1   8   8   3   2   2   3   3   0   2  11   9   6   0   2   3  0.22 0.20
   26 K     2   0  -1   3  -4   3   1  -1  -2  -3  -4   1  -3  -4   1   1   0  -4  -4  -2   17   4   3  15   0  12  10   4   1   1   2   8   0   1   8  10   5   0   0   2  0.33 0.27
   27 Q     1   0   0   3  -4   2   2  -1  -1  -3  -2   0  -3  -2   1   1   0  -5  -3  -3   15   5   5  15   0   9  13   3   1   1   4   5   0   2   6   9   5   0   0   2  0.25 0.22
   28 L    -1  -1  -2  -1  -3  -1  -2  -4  -2   3   3  -1   1   0   0  -2  -1  -2  -1   2    6   3   2   4   0   3   2   1   1  17  26   5   3   4   4   2   4   0   2  12  0.26 0.19
   29 A     2   1  -1   1  -3   0   1  -1  -2  -1  -1   0  -2  -1   1   0   0  -3  -2  -1   20   6   3  10   0   4   9   3   1   3   7   6   1   3   6   7   7   0   1   3  0.13 0.14
   30 E     2   0  -1   3  -5   3   3  -3  -1  -5  -4   1  -4  -6  -1   1   0  -6  -4  -3   19   5   3  14   0  11  18   1   2   1   1   8   0   0   4   9   5   0   0   1  0.47 0.35
   31 V     1   2  -1   0  -3   1   1  -1  -2   0   0   1  -1   0  -2   0   0   0  -1   0   16  11   1   4   0   7   9   4   0   6   8  10   1   3   1   5   4   1   2   6  0.10 0.12
   32 V    -1  -6  -7  -7  -5  -6  -7  -7  -7   5   3  -5   1   1  -7  -4  -3  -3  -5   4    5   0   0   0   0   0   0   0   0  27  30   0   3   5   0   1   1   0   0  25  1.10 0.55
   33 A    -1   0   0   7  -6   1   2  -4  -1  -4  -6  -1  -5  -7  -5  -2  -1  -4  -7  -4    5   4   4  51   0   5  13   1   1   1   1   4   0   0   0   3   4   0   0   1  1.19 0.64
   34 N     3   2  -1   2  -5   2   1  -1  -1  -4  -4   0  -3  -4  -1   1   0  -3  -3  -4   23  10   2  10   0  10  10   4   2   1   1   6   1   1   2  10   5   0   1   0  0.36 0.31
   35 T     0   0  -3  -3  -4  -1  -1  -4   0   1   2  -2   0   3  -5  -2  -1   1   4   0    8   6   1   1   0   3   3   1   3   7  19   2   2  13   0   2   5   2  15   6  0.34 0.26
   36 V     2  -7  -6  -7  -3  -6  -7  -4  -7   5   1  -6   2   2  -7  -5  -3  -6  -2   4   14   0   0   0   0   0   0   1   0  28  12   0   5   8   0   0   1   0   1  28  0.98 0.52
   37 T     1   2   0   1  -5   3   3  -2  -1  -3  -3   1  -3  -3   0   0   1  -6  -4  -3   13  11   5   9   0  11  16   3   1   1   3   7   0   1   4   5   8   0   0   1  0.31 0.27
   38 P     2   1  -1   0  -5   2   2  -1  -1  -3  -4   1  -2  -5   2   0   0  -3  -4  -3   19   9   3   5   0  11  11   3   1   1   1   9   1   0  10   7   7   0   0   1  0.33 0.28
   39 L     1   0  -2  -3  -3   1   1  -2  -1   0   1  -1   0   2  -3  -2  -1   1   3   0   12   6   1   1   0   8   9   2   1   6  14   3   2   9   1   2   3   2  10   6  0.18 0.18
   40 M    -1   0  -4  -4  -4  -2  -4  -6   0   2   2  -3   8   0  -6  -4  -3  -4  -2   1    5   6   1   1   0   2   1   0   2   9  16   1  37   4   0   1   2   0   1  10  1.07 0.56
   41 K     2   1   0   1  -5   3   3  -3  -1  -5  -4   3  -3  -5  -2   0   0  -6  -3  -4   15   8   4   8   0  13  17   2   1   0   1  17   0   0   2   5   5   0   1   1  0.47 0.35
   42 A     2   2   0   2  -5   3   3  -2  -2  -4  -3   2  -3  -5  -4   0  -1  -4  -1  -4   15  10   4  11   0  11  17   2   1   1   3  14   1   0   1   5   4   0   2   1  0.41 0.32
   43 Q    -1   0   2  -1  -4   2   0   1   3  -4  -2   0  -3  -1  -1   0  -1   6   2  -4    4   6   8   3   0  10   6  11   7   1   5   5   1   3   3   6   3  10   8   0  0.34 0.27
   44 S    -1   2   2   1  -6   3   0   2   4  -4  -4   2  -4  -4  -2  -1  -3  -3  -2  -4    6  10   9   9   0  11   4  16  11   1   2  11   0   1   2   5   1   0   1   1  0.42 0.31
   45 V     0  -4  -3  -5  -2  -4  -4  -3  -2   5  -1  -5  -1   2  -4  -2   0  -2  -2   4    9   1   1   0   1   1   1   2   1  33   6   0   1   8   1   3   6   1   1  23  0.71 0.40
   46 P     0  -6  -1  -5  -5  -5  -5  -5  -5  -4  -7  -5  -1  -7   8  -1  -1  -8  -8   0    8   0   3   1   0   0   1   1   0   1   0   1   2   0  67   4   4   0   0   7  1.96 0.94
   47 G    -2  -8  -5  -5  -6  -8  -8   8  -8 -10  -8  -7  -9  -9  -8  -2  -7  -9  -9  -9    3   0   0   1   0   0   0  91   0   0   0   0   0   0   0   3   0   0   0   0  2.71 1.13
   48 M     2  -5  -5  -6   1  -5  -5  -3  -5   2   3  -5   6  -1  -5  -3  -3  -4  -4   2   17   0   0   0   3   0   0   2   0   9  30   0  17   3   0   1   2   0   0  14  0.81 0.45
   49 A     5  -6  -5  -6  -5  -2  -5  -3  -7  -2  -5  -6  -3  -6  -6   4  -1  -8  -7   2   47   0   0   0   0   2   0   1   0   2   1   0   1   0   0  27   4   0   0  14  1.22 0.71
   50 V    -2  -8  -8  -8  -5  -7  -8  -6  -8   5   2  -7  -2  -2  -8  -7  -5  -2   0   6    4   0   0   0   0   0   0   0   0  25  16   0   1   2   0   0   0   1   3  48  1.45 0.69
   51 A     5  -6  -6  -6  -3  -5  -5   4  -6  -3   0  -5  -3  -6  -6  -2  -2  -7  -6   1   47   0   0   0   0   0   0  27   0   2   9   0   1   0   0   3   2   0   0   8  1.11 0.62
   52 V    -3  -7  -8  -9  -6  -8  -8  -7  -8   5   1  -8  -3  -4  -8  -6  -4  -5  -5   6    3   0   0   0   0   0   0   0   0  29  10   0   0   1   0   0   1   0   0  55  1.76 0.80
   53 I     0  -4  -6  -6  -5  -5  -5  -5  -3   4  -1  -5   0  -2  -6  -1   1  -1   0   6    9   1   0   0   0   0   0   1   1  18   5   0   2   1   0   4   7   1   3  46  0.98 0.54
   54 Y    -1   3  -1   2  -5   2   0  -4   3  -2  -3   4  -3  -3  -5  -2  -2  -2   0  -2    5  17   3  13   0   9   5   1   6   2   2  23   0   1   0   2   2   1   3   4  0.53 0.37
   55 Q    -2   0   3   6  -7   0   0   3   1  -8  -7   0  -7  -8  -2  -3  -5  -8  -6  -7    3   5  12  36   0   4   6  21   4   0   0   6   0   0   2   1   0   0   0   0  1.01 0.57
   56 G    -5  -4   0   3  -6   0  -2   6  -1  -9  -9  -3  -6  -8  -6  -3  -5  -8  -8  -8    0   1   5  17   0   4   3  64   2   0   0   2   0   0   0   2   1   0   0   0  1.68 0.81
   57 K    -2   3  -2  -1  -6   4   3  -1   0  -5  -5   4  -5  -5  -6  -2  -1  -7  -5  -3    3  13   2   3   0  16  20   5   2   1   1  26   0   0   0   2   3   0   0   2  0.78 0.50
   58 P    -2   0  -4  -4  -5   0  -3  -6  -2   3   0  -4  -2  -4   1  -2   2  -6  -5   4    3   6   1   1   0   4   2   0   1  16   9   1   0   0   7   3  13   0   0  32  0.61 0.41
   59 H    -2   1  -5  -5  -3  -1  -2  -6   3   3   1  -3   0  -1  -6  -2  -2   0   2   4    3   8   0   0   0   2   2   0   7  15  14   1   2   3   0   3   2   1   7  28  0.53 0.35
   60 Y    -1  -4  -5  -6  -3  -3  -4  -6   0   1   1  -4  -2   5  -7  -3  -1   4   5   2    6   1   0   0   0   2   1   0   2   7  13   1   1  22   0   1   5   5  20  12  0.82 0.46
   61 Y     1   3  -3  -4  -3   2  -2  -3   1  -1  -2   3  -1   2  -5  -1  -2  -3   3  -1   14  15   0   0   1   9   2   1   4   3   4  16   2   8   0   5   1   0   9   4  0.40 0.32
   62 T     1  -3   2  -3  -2  -3  -4   6   0  -7  -5  -3  -5  -4  -4   0  -1  -7  -2  -4   13   2   9   2   1   1   1  51   2   0   1   2   0   1   1   8   4   0   2   2  1.02 0.56
   63 F    -1  -3  -5  -5  -3  -5  -6  -1   1  -5  -3  -7  -4   6  -8  -5  -4  -1   8  -4    5   2   0   1   1   0   1   5   3   1   2   0   0  26   0   1   1   1  49   1  1.91 0.88
   64 G    -5  -8  -6  -6  -6  -6  -8   8  -8 -10  -7  -8  -9  -3  -7  -4  -7  -2   0  -7    0   0   0   0   0   0   0  91   0   0   0   0   0   1   0   1   0   1   3   0  2.67 1.13
   65 K    -2  -1  -3  -3  -4  -1  -1   0  -1  -1   1  -1   2   1  -4  -1  -1   1   4   3    2   3   1   1   0   3   5   8   2   3  15   4   6   6   0   4   4   2  13  20  0.27 0.24
   66 A     5   3  -4  -5  -4  -2  -3  -3  -4  -2  -2  -1  -1  -4  -4   0   1  -7  -6  -2   48  14   1   0   0   2   1   2   0   2   4   4   2   1   1   6   9   0   0   3  0.85 0.54
   67 D    -1  -1   5   6  -7  -2   0  -2  -2  -7  -6  -1  -6  -7  -6   2  -2  -8  -6  -4    6   3  22  37   0   2   6   3   1   0   1   3   0   0   0  13   3   0   0   1  1.06 0.59
   68 I    -1   2  -2  -2  -2  -1  -2  -3  -2   2   3   0   1  -1  -2  -2  -1  -4  -2   2    5  10   2   2   1   3   1   2   1  10  25   7   3   2   2   2   3   0   1  17  0.25 0.21
   69 A     1  -2  -1   2  -7   0   5   2  -4  -5  -5   0  -6  -6  -2  -2  -3  -7  -5  -5   13   2   3  10   0   3  40  14   0   0   1   5   0   0   2   3   2   0   0   1  0.82 0.52
   70 A     0   0   2   1  -5   0  -1   0   1  -4  -1   1  -3  -3  -2   1   2   4  -2  -4    8   4  11   7   0   5   3   8   4   0   6  10   0   1   1  11  15   5   1   0  0.27 0.25
   71 N    -1   1   2   1  -5   2  -1   3   0  -6  -5   3  -3  -5   0   0  -2  -5  -5  -5    4   8  10   7   0   9   3  24   2   0   1  16   0   0   5   5   2   0   0   0  0.51 0.35
   72 K     1   2  -2  -1  -3   1   0  -4  -2   2   0   1  -1  -4  -3  -2   2  -5  -4   2   11  10   1   3   0   8   5   1   1  10   9   8   1   0   1   2  14   0   0  15  0.25 0.24
   73 P     1  -1  -6  -4  -8  -2  -2  -6  -5  -6  -3   1  -4  -8   8  -3  -4  -9  -8  -4   12   4   0   1   0   2   3   1   0   0   3   7   0   0  63   2   1   0   0   1  1.81 0.89
   74 V     1  -7   1  -6  -4  -6  -7  -7  -4   1  -2  -6   2  -4   1  -4  -3  -7  -5   6   13   0   7   0   0   0   0   0   1   7   3   0   5   1   8   1   1   0   0  53  1.19 0.64
   75 T    -2  -2   1   4  -7  -2  -3  -2  -2  -7  -6  -2  -5  -8  -5   1   6  -8  -7  -5    4   3   6  22   0   2   1   3   1   0   1   3   0   0   0   8  46   0   0   0  1.18 0.68
   76 P     2   0  -1   0  -4  -2   2   0  -4  -5  -4  -3  -5  -6   6   0  -1  -7  -7  -2   16   4   2   5   0   2  13   6   0   1   2   1   0   0  34   6   4   0   0   3  0.77 0.49
   77 Q    -2   1   2   5  -6   2   2  -2   4  -7  -6   0  -6  -6  -6  -1  -2  -8  -3  -7    4   7   9  35   0   9  11   3   8   0   0   4   0   0   0   5   3   0   1   0  0.91 0.53
   78 T    -5  -6  -4  -6  -7  -6  -7  -7  -3  -6  -7  -7   0  -9  -8   1   8  -9  -8  -6    1   0   1   0   0   0   0   0   1   0   0   0   2   0   0   8  86   0   0   0  2.61 1.20
   79 L    -3   0  -4  -6  -4  -1  -4  -6  -2   3   4  -1   0  -3   0  -3  -3  -4  -4   3    2   5   1   0   0   2   1   0   1  13  38   4   1   1   5   2   1   0   0  22  0.69 0.41
   80 F    -8  -9  -9 -10  -6  -8  -9 -10  -5  -4  -3  -9  -1   9 -10  -7  -7  -2   5  -4    0   0   0   0   0   0   0   0   0   1   2   0   2  77   0   0   0   0  16   1  2.98 1.17
   81 E     0   5  -2  -2  -4   2   4  -1   0  -4  -3  -2  -1  -5  -1  -1  -5  -7  -3  -5    7  29   2   1   0   7  30   4   2   1   3   2   1   1   4   4   0   0   1   1  0.83 0.52
   82 L    -3  -8  -7  -8  -5  -7  -8  -8  -8   7   2  -8  -1  -4  -5  -5  -3  -3  -5   2    3   0   0   0   0   0   0   0   0  61  20   0   1   0   1   1   2   0   0  10  1.75 0.77
   83 G     4  -8  -3  -7  -2  -5  -6   7  -8  -9  -8  -7  -8  -7  -8  -5  -7  -9  -7  -8   28   0   1   0   1   1   0  69   0   0   0   0   0   0   0   0   0   0   0   0  2.13 0.96
   84 S    -4  -8  -4  -7  -8  -7  -7  -7  -8  -9  -9  -7  -8  -9  -5   8  -4 -10  -9  -8    1   0   1   0   0   0   0   0   0   0   0   0   0   0   1  97   1   0   0   0  2.93 1.34
   85 I    -3  -7   1  -7   2  -6  -6  -7  -4   5   1  -6   3  -4  -7  -3   1  -7  -6   4    2   0   6   0   3   0   0   0   0  34  12   0   6   0   0   2   8   0   0  27  1.08 0.55
   86 S    -4  -7  -5  -7  -7  -7  -7  -2  -7  -8  -8  -7  -7  -7  -7   6   6  -9  -8  -6    1   0   0   0   0   0   0   3   0   0   0   0   0   0   0  47  48   0   0   0  2.06 1.04
   87 K    -8  -3  -7  -7 -10  -4  -5  -8  -8 -10  -9   9  -3 -10  -8  -7  -5 -10  -9  -9    0   1   0   0   0   0   0   0   0   0   0  97   1   0   0   0   1   0   0   0  3.22 1.34
   88 T     2  -5  -4  -6  -4   4  -4  -4  -4  -3   0  -5  -1  -6   0   2   4  -7  -6   1   16   0   0   0   0  19   0   1   0   1  11   0   2   0   5  13  22   0   0  10  0.66 0.49
   89 F    -7  -9 -10 -10  -9 -10 -10 -10  -8  -2  -2 -10   1   9 -10  -9  -8  -3   0  -2    0   0   0   0   0   0   0   0   0   2   4   0   4  85   0   0   0   0   2   3  3.14 1.21
   90 T    -2  -8  -3  -8  -5  -7  -7  -6  -8  -4  -7  -7  -7  -7  -8  -3   8  -9  -8  -2    4   0   1   0   0   0   0   0   0   1   0   0   0   0   0   2  87   0   0   3  2.62 1.20
   91 G     6  -5  -5  -4  -2  -6  -6   2  -7  -6  -7  -6  -7  -8  -6   1   0   0  -6  -2   64   1   0   1   1   0   0  14   0   0   0   0   0   0   0   9   6   2   0   2  1.48 0.78
   92 V     3  -6  -6  -5  -4  -3  -4  -5  -3   1   2  -5   3  -2  -6  -2   4  -2  -3   1   21   0   0   0   0   1   1   1   1   6  21   0   7   1   0   3  28   1   1   8  0.75 0.49
   93 L     5  -6  -7  -6  -2  -6  -5  -1  -7  -1   3  -6  -1  -6  -6  -1  -1  -5  -6  -2   47   0   0   0   1   0   0   6   0   3  31   0   1   0   0   5   3   0   0   2  1.10 0.63
   94 G     1  -7  -7  -7  -4  -6  -7  -3  -7   5   3  -7   1  -2  -7  -5  -2  -7  -6   4   13   0   0   0   0   0   0   3   0  26  27   0   3   2   0   0   2   0   0  24  1.02 0.53
   95 G     4  -6  -6  -7  -3  -3  -6   0  -4  -3   3  -6   7  -4  -6  -2  -3  -7  -5  -2   29   0   0   0   1   1   0   8   0   1  23   0  28   0   0   3   2   0   0   3  1.16 0.63
   96 D    -3   1  -3   0  -6   6  -2  -5  -1   0   1   1   4  -4  -6  -3  -2  -3   1  -3    2   6   1   6   0  31   2   1   2   5  14   8  10   0   0   2   3   0   5   2  0.68 0.46
   97 A     1  -5  -8  -8  -2  -1  -3  -7  -6  -4   6  -6   3  -3  -7  -5  -5  -4  -4  -4   14   1   0   0   1   3   2   0   0   0  70   0   6   1   0   1   1   0   1   0  1.51 0.75
   98 I     2   0  -5  -4  -6   2   1  -6  -3   0  -3  -4   0  -6  -6  -3  -3  -1  -4   5   19   5   0   1   0   9   8   0   1   4   1   1   2   0   0   2   1   1   0  45  0.94 0.56
   99 A     0  -2  -2   4  -5   2   5  -4  -1  -4  -2  -1  -5  -7  -6  -2  -3  -7  -5  -1   10   2   2  18   0   9  40   1   2   1   4   3   0   0   0   2   1   0   0   4  0.92 0.55
  100 R     1   2  -1   2  -5   4   4  -4  -4  -6  -6   1  -3  -6  -4  -2  -3  -7  -6  -6   10  12   2  11   0  20  30   1   0   0   1   7   1   0   1   3   1   0   0   0  0.89 0.55
  101 G    -5  -4  -1  -3  -6  -4  -4   7  -4  -9  -8  -1  -8  -9  -8  -4  -7  -2  -8  -9    1   1   3   1   0   1   1  84   1   0   0   4   0   0   0   1   0   1   0   0  2.31 0.99
  102 E    -2   3  -3  -3  -7   1   0  -5  -2  -5  -1   6  -4  -6  -6  -3  -2  -7  -5  -4    4  13   1   1   0   5   7   1   1   1   8  52   0   0   0   2   2   0   0   2  1.17 0.63
  103 I    -5  -7  -8  -8  -6  -7  -8  -8  -8   3   5  -6   1  -1  -8  -7  -6  -4  -5   3    1   0   0   0   0   0   0   0   0  17  58   0   3   2   0   0   0   0   0  18  1.51 0.69
  104 S     0   1   1   4  -4   0   0  -1  -1  -6  -6   2  -4  -6  -5   3  -2  -7  -5  -5    8   9   7  24   0   3   5   4   1   0   0  12   0   0   0  24   2   0   0   1  0.68 0.44
  105 L    -5  -6  -8  -8  -7  -6  -6  -7  -8   1   6  -8  -2   0  -4  -7  -5   7  -2  -1    1   0   0   0   0   0   1   0   0   6  68   0   1   3   1   0   1  13   1   4  1.74 0.79
  106 D    -4  -4   2   7  -8  -1   0  -3  -1  -7  -7  -3  -3  -3  -6   0   0  -8  -7  -6    2   1   8  61   0   3   6   2   2   0   0   2   1   1   0   7   5   0   0   0  1.59 0.77
  107 D     2  -2  -4   7  -7   0   0  -4  -4  -7  -6  -1  -7  -7  -6  -3   0  -8  -7  -5   18   2   0  55   0   5   5   1   0   0   1   3   0   0   0   1   7   0   0   1  1.47 0.74
  108 P    -3  -1  -4   2  -6  -3  -2  -7  -1  -8  -5   1  -5  -8   7   0  -1  -8  -4  -7    2   4   1  11   0   1   2   0   1   0   1   8   0   0  56   8   4   0   1   0  1.59 0.80
  109 V     0  -7  -8  -8  -6  -7  -7  -8  -8   5   1  -7  -2  -4  -2  -5  -4  -7  -6   6    8   0   0   0   0   0   0   0   0  25  13   0   1   0   2   1   1   0   0  49  1.42 0.67
  110 T     1   3   1  -1  -1   2  -1  -1   0  -1  -4   0  -2  -5  -3   3   2  -6  -3  -1    9  14   5   3   1   9   4   5   2   5   1   4   1   0   1  20  12   0   1   3  0.32 0.29
  111 R    -1   3  -1   2  -6   2   0  -4   0  -6  -4   4  -4  -6  -3  -1   2  -4  -4  -4    5  16   2  12   0   8   5   1   2   0   2  28   0   0   1   4  11   0   0   1  0.67 0.43
  112 Y    -6  -5  -6  -6  -6  -6  -6  -8   5  -3  -2  -7  -6   2  -8  -6  -6   2   9  -2    1   1   0   0   0   0   0   0  14   2   4   0   0   7   0   1   0   2  64   3  2.48 1.04
  113 W    -4  -7  -9  -9  -2  -5  -9  -9  -5   2   6  -8   1   1  -9  -7  -6   1  -3   1    1   0   0   0   1   0   0   0   0  10  66   0   3   5   0   0   0   2   1   9  1.58 0.77
  114 P    -3  -4  -5   0  -6  -4  -3  -4  -5  -7  -8  -1  -6 -10   8  -4  -2  -5 -10  -7    2   1   1   6   0   1   2   2   0   0   0   4   0   0  75   2   3   0   0   0  2.40 1.18
  115 Q     0  -3   0   4  -7   0   3   1  -2  -4  -6  -2  -5  -2  -2  -2  -2   6   0  -5    7   2   4  24   0   5  21  10   1   1   1   3   0   2   2   3   3   9   3   1  0.69 0.46
  116 L    -1  -4  -2  -5  -1  -3  -4  -3  -2  -1   2  -4   1   6  -3  -3  -2   1   3  -1    6   1   2   1   1   1   1   2   1   3  21   1   4  33   2   2   3   2   9   4  0.84 0.47
  117 T     0   2  -2  -2  -5   1  -2  -6  -1  -3  -3   2  -4  -5   6  -1   0  -4  -2  -2    7  12   2   2   0   6   3   0   2   1   4  11   0   0  34   4   6   0   2   3  0.78 0.51
  118 G     0  -1   0   0  -2   0   0   0   0   0   1   0   2   0   0  -1   0   0  -1   0    6   3   4   7   1   5   4   8   2   4  16   5   6   4   5   4   7   2   1   5  0.04 0.06
  119 K     1   1   0   0  -5  -1   0  -2   1  -4  -3   2  -2  -2   2   1   1  -2   3  -3   12   8   4   6   0   3   5   3   4   1   2  11   1   2   9  12   8   1  10   2  0.25 0.23
  120 Q     1   0   2   5  -4   1   0  -1   0  -3  -5  -1  -4  -1   1   0  -1  -6  -1  -4   12   5   8  29   0   5   6   5   3   1   1   3   0   3   7   7   3   0   2   1  0.49 0.34
  121 W     1  -3  -3  -1  -5  -3  -1   3  -3  -2  -2  -3  -3   1   3   0  -1   6  -1  -4   10   2   1   4   0   1   4  23   1   3   3   2   1   5  14   8   5  12   2   1  0.54 0.37
  122 Q     0   2   0   2  -4   2   2   0   1  -5  -5   2  -4  -4  -1   0  -1  -2  -3  -4    9  12   4  12   0  10  10   8   3   0   1  13   0   1   4   7   3   1   1   1  0.37 0.29
  123 G     1   1   0   0  -5   1   1  -1   1  -4  -4   2  -3  -6   4  -1   0  -7  -5  -3   10   7   5   4   0   7   9   5   3   1   1  11   0   0  23   4   5   0   0   2  0.47 0.36
  124 I    -2  -5  -9  -9  -4  -8  -9  -9  -9   7   0  -8   2  -2  -4  -7  -2  -8  -5   4    4   1   0   0   0   0   0   0   0  51   7   0   4   1   1   0   3   0   0  27  1.70 0.78
  125 R    -6   1  -4  -6  -6  -2  -6  -9  -8  -6  -5  -2  -5  -9  -5   0   8  -4  -5  -7    0   7   1   0   0   2   0   0   0   0   2   3   0   0   1   6  77   0   0   0  2.23 1.13
  126 M    -3  -5  -8  -8  -4  -7  -7  -6  -8   5   4  -8   0  -1  -1  -6  -4  -7  -4   4    2   1   0   0   0   0   0   1   0  26  35   0   2   3   4   0   1   0   0  25  1.23 0.61
  127 L    -2   7  -5  -4  -6  -1   0  -3   4  -2   0   0  -3  -3  -7  -4  -3  -1  -3  -3    4  50   0   1   0   2   6   2   7   3  11   5   1   1   0   1   1   1   1   2  1.17 0.65
  128 D    -5  -2   3   5  -9   5  -1  -7   8  -9  -6  -5  -2  -9  -8  -4  -4  -9  -5  -8    1   2  11  26   0  20   4   0  30   0   1   0   1   0   0   1   1   0   0   0  1.72 0.87
  129 L    -5  -7 -10 -10  -3  -9 -10 -10 -10  -1   7  -9   2  -4 -10  -7  -6  -8  -8  -2    1   0   0   0   1   0   0   0   0   3  86   0   4   1   0   0   0   0   0   3  2.28 1.02
  130 A     2  -8  -9  -9  -7  -8  -8  -2  -5  -2   6  -8   4  -3  -8  -4  -3  -8  -5  -1   16   0   0   0   0   0   0   4   0   2  62   0   8   1   0   2   1   0   0   4  1.45 0.75
  131 T    -1  -6   3  -3   1  -2  -5  -4   2  -6  -6  -7  -4  -8  -7   3   6  -5  -2  -4    6   0  11   2   3   2   1   2   5   0   1   0   0   0   0  19  46   0   1   1  1.29 0.76
  132 Y    -8  -8  -5  -9 -11   1  -8 -10  11 -11  -6  -8  -1  -5 -10  -7  -5 -10   1 -11    0   0   1   0   0   5   0   0  85   0   1   0   2   1   0   0   1   0   4   0  3.95 1.57
  133 T    -4   4  -3  -6  -5  -3  -6  -7   2  -5  -5  -4  -1  -6  -7   1   7  -8  -5  -3    1  18   1   0   0   1   0   0   4   0   1   1   1   0   0   9  57   0   0   2  1.61 0.87
  134 A     3  -7  -6  -6  -5  -7  -7  -3  -4  -6  -6  -7  -4  -9  -4   6   1  -9  -6  -4   23   0   0   0   0   0   0   2   0   0   1   0   0   0   1  62   7   0   0   2  1.73 0.96
  135 G    -4  -7  -6  -6  -9  -9  -6   8  -9 -11 -10  -9 -10 -10  -6  -3  -6 -10 -10 -10    2   0   0   1   0   0   1  93   0   0   0   0   0   0   0   3   1   0   0   0  2.87 1.25
  136 G    -4   0  -1  -3  -2  -4  -4   3  -3   3   3  -4   1   2  -4  -4  -4   0  -1  -1    1   5   3   2   1   1   1  22   1  18  23   1   4   9   1   1   1   2   2   3  0.55 0.31
  137 L    -1  -1  -2   0  -4  -3  -1  -3  -2   0   3  -2   1   1   3  -1  -1  -1  -2  -1    5   4   2   5   0   1   4   2   1   5  26   3   3   7  17   4   4   1   1   5  0.31 0.25
  138 P    -2   1  -1   3  -8  -3  -1  -1  -2  -5  -3  -3  -4  -1   6  -1  -1   1  -4  -6    4   8   3  17   0   1   5   5   1   1   3   1   1   3  37   5   3   2   1   0  0.91 0.57
  139 L    -1   0   0   1  -2  -1   0   0   3  -1   0  -1   1   1  -1  -1  -1   3   3  -1    4   5   5   8   1   3   6   7   8   3  10   3   4   6   3   4   5   4  11   3  0.14 0.14
  140 Q    -1  -1   2   2  -5   2  -1   0   0  -2  -1  -2   1   1  -3   0   1   4   1  -2    5   3   9  12   0  10   4   7   2   2   5   2   3   6   1   6   8   5   5   3  0.20 0.20
  141 V    -1  -1   0   2  -4  -2  -2  -2  -3   0   1  -4   1   3   0  -1  -1   5   2   0    5   3   4  10   0   1   3   3   1   6  13   1   4  11   5   6   4   9   6   7  0.26 0.21
  142 P     0   0  -1   1  -3  -2  -2  -1  -1  -1  -2  -3  -1  -1   6  -1  -2  -1   2  -2    7   6   3   7   1   2   3   4   2   4   4   2   2   2  35   5   2   1   6   4  0.63 0.44
  143 D    -2   0   1   4  -3   0   1   1   0  -5  -3  -1  -2  -1   0  -1  -1   2   3  -3    3   5   7  23   0   4   9   9   2   0   3   4   1   2   5   5   3   3   9   2  0.36 0.29
  144 E     1   0   1   2  -5   1   1  -1   0  -2  -1   0   0  -1   1   1   0   0   0  -3   10   6   5  11   0   7   9   5   2   2   5   4   3   3   6  10   6   1   3   1  0.13 0.15
  145 V     0  -1  -1   1  -3  -2  -1   0  -1   1   0  -1   0   1   2  -1  -1  -2   0   1    7   3   3  10   0   1   3   7   2   7   9   3   2   5  11   5   4   1   3  13  0.09 0.11
  146 T    -1   0  -1  -2  -3   0   0  -2   0  -1  -1   0   0   1   0   0   2   1   5  -2    6   5   3   2   0   4   5   3   2   4   7   5   2   5   4   7  12   2  18   3  0.25 0.23
  147 D    -2  -3   1   4  -7  -4   0  -1  -3  -6  -7  -2  -5  -8   0   3   4  -8  -4  -6    3   2   6  25   0   1   6   5   1   0   0   2   0   0   5  18  26   0   1   0  0.90 0.59
  148 N     0   3   1   2  -6   0   1  -3  -1  -3  -1   0   0  -3   2  -1   0  -3  -2  -1    7  19   6  11   0   4   8   2   2   2   5   5   2   1  11   3   6   0   2   4  0.29 0.25
  149 A     3  -1  -2   3  -7   1   3  -2  -4  -4  -3   0  -2  -6  -1  -1  -2  -1  -2  -3   24   3   2  14   0   7  21   3   0   1   3   6   1   0   3   5   3   1   1   2  0.50 0.39
  150 S     1  -3  -1   3  -5   3   4  -3  -3  -4  -5  -1  -2  -4  -2   0  -1  -5  -4  -2   12   2   3  16   0  14  25   2   1   1   1   4   1   1   2   8   4   0   0   3  0.60 0.44
  151 L    -1  -3  -5  -8  -5  -4  -6  -5  -1   2   5  -5   4   2  -6  -5  -2  -2  -1   1    5   2   1   0   0   1   1   1   1  10  45   1  10   9   0   1   3   1   2   8  0.93 0.51
  152 L     0  -2  -4  -3  -5  -3  -1  -3  -2   3   2  -2   2   0  -5  -3  -3   1   3   3    7   3   1   1   0   1   5   2   1  16  21   2   4   3   0   2   1   2   9  17  0.43 0.29
  153 R     2   4  -1   2  -7   1   2  -3   0  -5  -4   2  -3  -6  -2  -1  -1  -7  -4  -4   17  19   3  12   0   5  13   2   2   1   2  11   1   0   2   4   4   0   1   1  0.51 0.38
  154 F    -1   3  -2  -2  -2  -1  -2  -2  -1  -1   0  -1   0   3  -4  -1  -1   2   4  -1    6  13   2   3   1   3   3   3   2   4   9   4   3  14   1   5   4   3  16   4  0.34 0.25
  155 Y    -1  -5  -5  -5  -2  -4  -3  -4  -5   2   4  -4   3   3  -5  -4  -2  -1   2   1    7   1   0   1   1   1   2   1   0  11  35   1   6  13   0   1   2   1   6  11  0.70 0.40
  156 Q     2   4  -1  -2  -2   2  -2  -2   0  -4  -3   3  -2  -4  -2   1  -2  -3  -1  -3   17  20   3   2   1   9   3   3   2   1   3  17   1   1   2   9   2   0   2   2  0.47 0.35
  157 N     0   1   2   2  -4   2   0   1   3  -5  -4   1  -4  -1  -3   0   0  -4   2  -5    7   7  11  11   0   8   6   9   6   0   1   7   0   3   1   6   7   0   7   1  0.31 0.26
  158 W     0  -1  -2   0  -3   1   0  -2   1   0   2   0   1   0  -3  -2   0   6   2   0    7   3   1   5   0   6   6   3   3   4  19   5   3   3   1   2   5  11   6   7  0.28 0.22
  159 Q    -2   1  -2  -1  -7   2   2  -3  -2  -4  -4   3  -1  -6   4  -1   0  -2  -1  -2    4   8   2   3   0   9  13   2   1   1   2  15   1   0  22   5   6   1   2   3  0.55 0.41
  160 P    -2  -5  -7  -8  -5  -2  -6  -7  -5  -2   5  -6   1   0   6  -5  -2  -8  -4  -3    4   1   0   0   0   2   1   0   0   2  42   1   3   3  34   1   3   0   1   2  1.35 0.75
  161 Q     1   0   1   2  -4   1   1  -2  -1  -2  -1   0  -1  -3   0   0   1  -2  -2   0   13   6   7  10   0   5   9   1   1   2   5   6   1   1   5   8  10   1   1   9  0.13 0.14
  162 W     0   2  -1  -3   0  -2  -2  -2   1  -3  -3  -2  -3   5  -6  -1   0   2   4  -3   10  11   3   2   2   2   2   3   4   1   1   3   0  28   0   6   7   3  12   2  0.61 0.37
  163 K     2  -1  -2   1  -5   0   2  -2  -4  -4  -4   1  -3  -4   4   0   0  -6  -4  -2   18   3   1   7   0   5  12   3   0   1   1   9   1   1  22   8   6   0   1   2  0.49 0.34
  164 P     0  -5  -5  -5  -7  -5  -5  -6  -3   0  -3  -5  -3   3   7  -4  -4  -7  -4  -2    8   1   1   1   0   0   0   1   1   5   3   0   1  13  60   1   1   0   0   3  1.79 0.81
  165 G    -4   3  -3  -3  -8  -3  -4   7  -4  -8  -6  -5  -7  -6  -5  -3  -6  -8  -4  -8    1  17   1   2   0   1   1  71   0   0   1   0   0   0   1   2   0   0   1   0  1.91 0.82
  166 T     1  -2  -2  -1  -4   1   3  -3  -2  -4  -2  -1  -2  -4  -5   2   4  -6  -3  -3   10   2   1   4   0   6  19   2   1   1   3   3   1   1   0  17  28   0   1   2  0.59 0.42
  167 T     0   3  -1  -2  -1   2   0  -1   1  -1  -2   2  -1  -3  -3   0   0  -2  -1   0    8  18   2   2   2  12   5   5   4   3   3  12   1   1   1   6   5   1   2   8  0.24 0.20
  168 R    -4   2  -7  -8  -4  -4  -5  -6   0  -4  -4  -6   0   6  -1  -4  -3   7   6  -3    2  11   0   0   0   1   1   1   2   1   1   0   3  26   3   2   2  15  29   2  1.53 0.69
  169 L     1   1  -1  -1  -1   2   2  -1   0  -3  -1   0  -1  -2  -4   2   0  -2  -2  -2   15   9   3   3   1  12  13   5   2   1   6   4   1   2   0  15   5   0   1   3  0.22 0.21
  170 Y    -9  -9  -9 -10  -9  -8  -4 -10   0  -8  -8  -9  -8  -1 -10  -9  -8  -5  10  -8    0   0   0   0   0   0   1   0   2   0   0   0   0   2   0   0   0   0  95   0  3.94 1.44
  171 A    -1  -4   3  -1   2   2  -4  -4  -2  -7  -6  -5  -6  -3  -6   6  -1  -8  -3  -7    6   1  11   3   4   8   0   1   1   0   1   0   0   1   0  59   4   0   1   0  1.34 0.73
  172 N    -7  -6   9  -2  -8  -2  -6  -5  -3  -9  -7  -6  -8  -9  -8  -1  -1  -9  -2  -9    0   0  85   2   0   2   0   1   1   0   1   0   0   0   0   4   3   0   2   0  2.80 1.12
  173 A     0  -4  -2  -3  -3  -3  -3  -3  -1   1   2  -3   0   1   1   1   2  -2   1   1    8   0   1   1   0   1   1   2   2   9  18   0   2   5   8  13  12   0   4  11  0.23 0.21
  174 S     1  -6   3  -1  -3  -6  -6   6  -6  -5  -2  -6   4  -5  -4   0  -3  -7  -7  -5   10   0  12   3   1   0   0  49   0   1   4   0  10   0   1   8   1   0   0   1  1.12 0.58
  175 I    -2  -7  -5  -8  -4  -5  -7  -5  -5   2  -3  -7   0   5  -4  -3  -2  -1   8  -1    3   0   0   0   0   0   0   1   0  10   2   0   3  21   1   3   2   1  47   4  1.69 0.75
  176 G     1  -2   0   0  -2  -1  -2   3  -2   1  -1  -3   2   0  -3   0   0   0  -1   1   12   2   3   5   0   3   2  21   1   8   6   1   6   4   0   6   7   1   2   8  0.17 0.16
  177 L     0  -4  -5  -5  -3  -4  -4  -3  -4   1   4  -4   2   0  -5  -2   0   1  -1   2    9   0   0   0   0   0   0   2   0   8  51   0   4   3   0   2   5   2   2  11  0.60 0.32
  178 F     2  -4  -4  -5  -3  -1  -2  -2  -4   1   4  -4   2   0  -4  -2  -3  -4  -1   0   21   0   0   0   0   2   2   2   0   7  46   0   6   3   0   2   0   0   2   4  0.54 0.32
  179 G     1  -1  -3  -1  -5  -1  -1   6  -4  -5  -6  -4  -5  -6  -5  -1  -1  -5  -5  -2   10   3   0   3   0   3   4  67   0   0   0   0   0   0   0   4   3   0   0   3  1.20 0.49
  180 A     0   0   0   0   1   1   1  -2   1  -1   0   0   1   0  -1  -1  -1   1   3  -1    9   5   5   6   3   6   9   2   4   3  11   4   4   2   2   2   1   1  17   4  0.11 0.13
  181 L     1  -7  -5  -8  -6  -7  -6  -7  -8   6   3  -7  -1  -4  -7  -5  -4  -7  -6   4   12   0   1   0   0   0   0   0   0  38  22   0   1   0   0   1   1   0   0  23  1.27 0.62
  182 A     1  -7  -7  -8  -2  -7  -6  -6  -8   5   3  -7   0  -4  -7  -5  -1  -7  -6   4   10   0   0   0   1   0   0   0   0  35  21   0   2   0   0   1   3   0   0  26  1.19 0.58
  183 V     3  -2  -3  -3  -7   1   6  -2  -2  -7  -7  -2  -4  -8  -3  -1  -2  -8  -7  -3   22   2   1   1   0   6  51   3   1   0   0   2   0   0   2   5   2   0   0   2  1.20 0.69
  184 K     0   4   1  -2  -5   2   0  -4  -1  -4  -2   4  -4  -6  -5  -1  -1  -3  -3  -1    9  22   6   2   0   9   5   1   2   1   5  26   0   0   0   4   4   0   1   4  0.61 0.41
  185 P     2   0  -4  -6  -5  -2  -5  -5  -1   2   0  -2  -1  -5  -4  -1  -1  -7  -4   5   19   5   1   0   0   2   0   0   1  10   7   3   1   0   1   5   3   0   0  40  0.75 0.45
  186 S     2  -3  -2  -3  -4  -3  -2  -2  -4  -6  -2  -4   1  -3  -6   5   4  -7   0  -4   14   1   1   2   0   1   2   3   0   0   5   1   4   1   0  38  22   0   3   1  0.85 0.57
  187 G    -4  -2   0   0  -8  -1  -3   7   1  -9  -9   0  -8  -8  -6  -4  -7  -8  -8  -8    1   2   5   5   0   3   2  72   3   0   0   5   0   0   0   1   0   0   0   0  1.82 0.84
  188 M    -2   1  -3  -3  -5   4   1  -3  -3  -2  -1   3   4  -5  -5  -2   1  -4  -4  -1    3   8   1   1   0  21   9   2   1   2   7  18  11   0   0   3   7   0   0   4  0.57 0.41
  189 P    -3  -1  -2   1  -7  -4  -2  -2  -2  -7  -6  -2  -6  -3   5   4   2  -5  -6  -5    2   3   2   9   0   1   3   3   1   0   0   3   0   1  29  34  10   0   0   1  1.03 0.63
  190 Y    -7  -8  -9  -9  -8  -8  -8  -9  -4  -4  -1  -8  -3   6  -9  -7  -8   8   8  -6    0   0   0   0   0   0   0   0   0   1   6   0   1  28   0   0   0  18  45   0  2.56 1.06
  191 E     2  -2  -2   2  -4   0   5   1   0  -4  -5  -2  -4  -4   0  -1  -2   0  -3  -3   17   2   2   9   0   4  33  10   2   1   1   2   0   1   4   4   3   1   1   2  0.57 0.41
  192 Q     1   0  -1   4  -7   3   4  -3  -2  -6  -6  -1  -4  -6  -3   0   0  -7  -5  -3   10   4   2  25   0  12  23   1   1   0   0   4   0   0   1   6   7   0   0   2  0.74 0.47
  193 A     0  -5  -3  -7  -3  -2  -4  -6  -1  -3   3  -6  -1   5  -5  -4  -4   0   6  -1    9   0   2   0   1   2   1   0   1   1  24   0   1  22   1   1   1   1  27   5  1.07 0.56
  194 M    -3  -8  -8  -9  -3  -5  -8  -9  -8   3   4  -8   6  -2  -8  -6  -2  -7  -3   4    2   0   0   0   1   0   0   0   0  17  33   0  15   1   0   0   2   0   1  27  1.34 0.66
  195 T     1   4  -1  -1  -7   4   2  -4   1  -4  -6   3  -4  -7  -5  -2   0  -7  -4  -3   10  21   3   4   0  18  13   1   3   1   0  14   0   0   0   3   7   0   0   2  0.70 0.47
  196 T    -1   2   0   1  -8   4   5  -3  -1  -5  -6   2  -4  -8  -6  -1   0  -8  -5  -6    5  10   4   8   0  16  30   2   2   1   0  11   0   0   0   5   6   0   0   0  0.79 0.52
  197 R    -3   6   3  -3  -4   1   0  -5   5  -5  -4   0  -3  -6  -7  -2   0  -3   0  -4    2  36  12   1   1   5   6   1  14   1   2   6   1   0   0   3   5   0   3   2  0.99 0.57
  198 V    -7  -9  -9  -9  -7  -2  -9 -10  -4   7   2  -8  -2   1  -9  -8  -7  -8  -7   4    0   0   0   0   0   2   0   0   1  53  18   0   1   5   0   0   0   0   0  21  1.80 0.81
  199 L    -3  -8  -7  -9   1  -8  -6  -9  -8  -1   4  -9  -2   7  -9  -6   0  -3  -2  -4    2   0   0   0   3   0   1   0   0   3  35   0   1  47   0   0   6   0   1   1  1.80 0.83
  200 K     1   2  -1   2  -6   2   2  -1  -2  -2  -3   2  -2  -4   0  -2   1  -3  -4  -2   13   9   3  10   0  10  12   5   1   2   2  13   1   0   5   3   8   0   0   2  0.30 0.26
  201 P    -3  -3  -9  -7 -10  -3  -5  -6  -9 -10  -8  -2  -5 -11   9  -4  -5 -11 -10  -4    3   2   0   0   0   1   1   1   0   0   0   3   0   0  84   1   1   0   0   1  2.88 1.33
  202 L     0  -8  -7 -10  -4  -6  -6  -7  -9  -2   7  -9  -1  -2  -7  -6  -6  -8  -5  -2    8   0   0   0   0   0   1   1   0   2  81   0   1   1   0   0   0   0   0   2  1.94 0.91
  203 K    -2  -2   0  -1  -5   0  -1   7   0  -9  -9  -1  -5  -6  -8  -4  -5  -9  -9  -7    3   2   4   4   0   4   5  69   2   0   0   5   0   0   0   1   1   0   0   0  1.70 0.83
  204 L    -9  -9 -10 -11  -9  -8 -10 -11  -9  -3   3  -9  11  -3 -10  -9  -8  -9  -8  -7    0   0   0   0   0   0   0   0   0   1  21   0  76   1   0   0   0   0   0   0  3.53 1.45
  205 D     0   1   3   0  -6   0   0  -2   1  -4  -5   2  -2  -5  -2   1   3  -7  -3  -3    8   8  13   5   0   4   7   2   3   1   1  13   1   0   2   9  20   0   1   1  0.43 0.34
  206 H    -2   2   4   3  -1   1  -1  -2   6  -7  -5  -3  -4  -6  -4   2  -1  -3  -3  -6    4  11  15  16   1   5   4   3  18   0   1   1   1   0   1  14   3   0   1   0  0.77 0.49
  207 T    -1  -7  -6  -7  -3  -7  -7  -6  -8  -3  -6  -7  -4  -4  -5   4   7  -9  -5  -3    5   0   0   0   1   0   0   1   0   1   1   0   0   1   1  27  61   0   0   2  1.91 1.00
  208 W     0   1   0  -3  -1  -2  -3   2   0  -3  -3  -2  -2   2  -5   1   2   1   3  -1    9   9   4   1   1   2   1  15   2   1   3   2   1   9   0   9  12   2  12   5  0.30 0.26
  209 I     0  -5  -4  -5  -1  -5  -5  -5  -2   2   1  -5   0   5  -2  -3   1   1   4   2    7   0   1   1   1   0   1   1   1  13  12   0   2  20   2   2   8   2  13  13  0.62 0.37
  210 N    -1   0   1   3  -1  -1   0   1   1  -2  -2  -2  -2  -2  -2   2   1  -3  -1  -1    5   5   7  16   2   3   6   9   4   3   4   2   1   2   2  14  10   0   2   4  0.19 0.19
  211 V     0   0  -1   1  -2   0  -2  -2   0   1   1  -2   0   0   0   0  -1  -2   0   2    7   5   3   9   0   4   2   3   2   6  16   2   2   3   5   6   3   1   3  19  0.11 0.13
  212 P     0  -1   1   1  -4   0   1  -2   0  -4  -3  -2  -4  -2   5   1   1  -3  -3  -4    7   4   7   9   0   4   8   3   3   1   2   3   0   2  25  11   9   0   1   1  0.48 0.36
  213 K     1   0  -1   2  -5   2   2   0   0  -3  -3   1  -2  -3   1  -1   0  -2  -1  -3   13   6   3  13   0   7  15   6   2   1   2   7   1   1   8   4   5   1   2   2  0.26 0.24
  214 A     2   1   0   2  -3   0   1  -1  -2  -2  -1  -1   0  -3   0   0   0  -2  -2   0   22   6   3  11   0   4  10   3   1   2   6   3   2   1   4   7   6   1   1   6  0.17 0.18
  215 E     1   0  -1  -1  -4   2   0  -2  -2   2   1   0   2  -2   0  -1  -1  -2  -2   0   11   5   2   4   0  11   5   3   1  12  11   7   5   1   6   4   3   1   1   7  0.13 0.15
  216 E     0   1  -1   0  -2   1   0  -2  -1   1   0   1   2  -2  -1   0   0  -2  -2   1   10   7   2   4   1   6   5   3   1  11  10   8   5   1   3   5   6   0   1  11  0.08 0.10
  217 A     2  -1   0   0  -6   0   1  -1  -2  -5  -4   1  -3  -4   4   0  -1  -3  -3  -3   18   3   4   6   0   4   8   6   1   0   2   9   1   1  23   8   4   0   1   2  0.46 0.35
  218 H    -3   4   5   3  -7   0  -2   1   3  -7  -3  -1  -3  -3  -2  -2  -3  -4  -1  -5    2  20  22  13   0   4   3   9   7   0   4   3   1   1   2   3   1   0   2   1  0.67 0.43
  219 Y    -1   4  -3  -4  -2  -3  -3  -5   1  -1   2  -1   3   2  -5  -4  -3  -1   4   0    5  21   1   1   1   1   2   1   3   3  21   4   6   7   1   1   2   1  13   7  0.54 0.36
  220 A     7  -6  -6  -8  -3  -5  -6  -5  -5  -5  -7  -6  -1  -8  -3   1  -3  -9  -6  -1   78   0   0   0   0   1   0   1   0   1   0   0   1   0   1   8   1   0   0   5  1.94 0.97
  221 W     0   0  -2  -2  -3   3  -2  -3   1  -1  -1   0   0  -1  -1   0   2   3   1   0    8   6   2   2   0  15   2   2   4   3   5   7   2   2   3   7  15   4   4   7  0.22 0.23
  222 G    -2  -5  -3  -4  -4  -6  -6   7  -5  -4  -6  -7  -5  -6   3  -1  -4  -8  -4  -6    3   1   1   1   0   0   0  71   0   1   1   0   0   0  12   4   1   0   1   0  1.83 0.89
  223 Y    -6  -6  -6  -6  -6  -8  -6  -6   7  -5  -7  -8  -5  -2  -9  -6  -6   0   9  -6    1   1   0   0   0   0   1   1  22   1   1   0   0   2   0   1   1   1  68   1  3.04 1.32
  224 R     0   4   1   1  -6   1   0  -1  -2  -3  -4   2  -2  -4  -4   0   1  -2  -2  -2    7  22   8   8   0   6   5   5   1   1   2  12   1   1   1   7   9   1   1   4  0.37 0.30
  225 D    -1   1   1   4  -6   0   1  -1   0  -3  -2   1   0  -2   0   0  -2   3  -1  -4    5   7   7  21   0   4  10   4   2   1   4  10   3   2   5   6   2   4   2   1  0.31 0.26
  226 G    -1  -1   2   1  -7  -1  -2   5  -2  -4  -4  -1  -1  -2  -3  -1  -2   1  -3  -2    6   3   9   7   0   3   3  45   1   1   2   3   2   2   2   4   3   2   1   3  0.73 0.46
  227 K     0   2   0   0  -4   1   1   0   0  -2  -2   2  -1   1   0  -1  -1   0  -1  -2    8  10   5   6   0   7   9   8   2   2   4  13   1   6   5   4   3   1   2   3  0.12 0.13
  228 A     1   0  -1  -1  -2   0   0   0  -1  -1  -1   0   0  -1   4  -1   0   2  -1  -1   12   4   3   4   1   5   5   9   1   4   7   5   2   3  19   3   5   3   2   4  0.18 0.17
  229 V     1   0  -2  -2  -4   0  -1   0  -2   1  -1  -1   0  -1   0  -1   1   1   0   3   10   5   1   2   0   4   4   8   1   8   6   4   2   3   6   3   8   2   3  21  0.12 0.15
  230 R     0   3   0  -1  -6   0   0  -3  -1  -2  -3   0  -1  -1   4  -2  -1   2   0  -1    8  17   4   3   0   3   7   2   2   2   3   5   2   3  23   3   4   3   3   5  0.43 0.34
  231 V     0   0   1   0  -1   0  -1  -1   0   0   0  -1   1   1   2  -1  -1   2   1   1    9   5   7   5   1   3   4   3   2   6   6   4   4   6   9   4   3   3   6  10  0.06 0.08
  232 S     0   0   1   0  -3  -2  -1  -3   1  -1  -1  -2   0  -1   3   1  -1   6   0  -1    9   5   8   5   0   2   5   2   4   4   6   2   2   3  14   9   3  11   3   4  0.30 0.26
  233 P    -1  -2   1   3  -4  -1   0  -4   1  -3  -3  -3  -2   1   4  -1  -1   3   2  -3    5   2   8  14   0   3   5   1   3   2   3   2   1   6  23   5   4   4   7   2  0.47 0.36
  234 G     0  -1   0   0  -3  -1  -1   0   0   0   0  -2   2   1   1  -1   0   2   2   0    6   3   4   6   0   2   4   9   2   7   8   2   7   6   8   4   6   3   7   5  0.08 0.10
  235 M    -1   0   0   1  -2   0   0  -1   0  -1  -1  -1   0   0   2   0   0   3   2  -1    6   6   4   8   1   4   6   5   2   4   6   4   2   4   9   8   7   4   6   5  0.09 0.10
  236 L     1  -1   0  -1  -1  -2  -2  -2   0   0   2  -2   2   1   0  -1  -1   1   1   1   11   3   6   4   1   2   3   4   2   6  18   3   5   5   5   5   5   2   4   8  0.09 0.08
  237 D     0  -3   1   3  -2  -1  -2  -1   0   0   0  -3   2  -1   1  -1  -1   3  -1  -1    9   2   7  16   1   3   3   5   2   5   9   1   4   3   7   6   5   4   2   5  0.19 0.17
  238 A     4  -2   0  -1  -7  -2  -2   1   2  -1  -3  -3   0   0  -1  -1   0   1   1  -1   27   2   5   4   0   2   4  12   4   3   3   2   3   3   3   6   7   2   5   5  0.31 0.25
  239 Q     3  -4  -9  -4  -9  -2   0   3  -9  -4  -5  -9  -2  -3   6   0  -3   0  -2  -4   19   1   0   1   0   2   5  18   0   1   1   0   1   1  34   6   2   1   2   2  1.05 0.69
  240 A     6  -9  -3   0   1  -3  -5  -1  -1  -9  -5  -9   0 -10  -1   0  -2 -10  -1  -3   59   0   2   5   3   2   1   5   2   0   1   0   2   0   3   7   3   0   3   2  1.34 0.76
  241 Y     0  -7  -4  -2  -3  -6  -7   7  -2  -5  -6  -6  -3  -4  -2  -3  -3  -2   2  -5    8   0   1   2   1   0   0  68   1   1   1   0   1   1   2   2   1   1   8   1  1.63 0.79
  242 G     2  -5  -1  -4  -2  -3  -3   6  -3  -7  -6  -5  -3  -3  -4   2  -3  -6   0  -5   17   1   2   1   1   1   2  51   1   0   1   0   1   1   1  15   1   0   3   1  1.16 0.64
  243 V    -3  -7  -7  -7  -6  -4  -7  -5  -3   4   4  -6   3  -1  -4  -6  -3   2  -2   2    2   0   0   0   0   1   0   1   1  25  41   0   7   3   1   0   1   3   1  14  1.11 0.56
  244 K    -1   2   1  -4   0  -2  -3  -3   1   1   0   1   0   0  -5  -2  -2   0   4   1    6  13   9   0   2   1   1   1   4   9   8   8   2   4   0   3   2   1  16   8  0.29 0.25
  245 T     1  -6  -2  -6   0  -5  -5  -2  -6  -4  -4  -5   1  -2  -6   6   3  -7  -4  -4   12   0   2   0   2   0   0   3   0   1   2   0   3   2   0  57  14   0   1   1  1.31 0.78
  246 N    -4  -4   3  -2   1  -5  -6  -4  -6  -6  -7  -6  -6  -7  -4   4   6  -7  -2  -4    1   1  11   2   2   0   0   1   0   0   0   0   0   0   1  31  46   0   2   1  1.48 0.83
  247 V     4  -5  -4  -5  -4  -5  -5  -2  -5   1  -1  -4  -1  -5  -1  -1   0  -6  -5   4   39   0   1   0   0   0   0   4   0   8   6   1   1   0   4   5   4   0   0  27  0.79 0.48
  248 Q     0   1   2   2  -4   0   2   0   2  -2  -2   0  -2  -4  -1   1   0  -3  -3  -2   10   9  10  10   0   3  16   7   5   2   5   4   1   0   2   9   6   0   0   3  0.21 0.19
  249 D    -4  -6  -3   8  -8  -2   0  -4  -6  -7  -4  -6  -7  -8  -6  -4  -6  -8  -7  -7    1   0   1  84   0   2   6   1   0   0   2   0   0   0   0   1   0   0   0   0  2.53 1.04
  250 M    -3  -7  -1  -5  -6  -2  -7  -8  -7   0   4  -7   8  -1  -7  -5  -6  -2  -1  -1    3   0   3   1   0   2   0   0   0   4  42   0  37   2   0   1   0   1   2   3  1.59 0.76
  251 A     4  -3  -3  -4   0  -3  -3  -1  -2  -1   2  -4   0  -1  -5   0  -1  -2   0   0   40   1   1   0   2   1   1   4   1   3  20   0   2   2   0   8   3   1   3   6  0.54 0.39
  252 N    -1   5   0  -1  -3   1  -3  -3   3  -2  -2   4  -3  -6  -3  -1  -1  -6  -4  -3    5  28   4   4   1   6   1   2   6   2   4  25   0   0   1   3   4   0   0   2  0.66 0.43
  253 W    -5  -8  -9  -9  -8  -8  -6  -3  -6  -7  -2  -8  -6   5  -9  -8  -8  11   6  -5    1   0   0   0   0   0   1   2   0   0   4   0   0  24   0   0   0  46  21   1  2.86 1.11
  254 V     1  -4  -1   1  -3  -2  -2  -3   0   2   3  -4   4  -3  -4  -3  -1  -5  -3   2   11   0   3  10   0   1   2   2   2  10  28   0  12   1   0   1   3   0   1  12  0.43 0.31
  255 M     1   3  -1  -1  -3   3   1  -3  -1   1  -1   1   1  -5  -2   0  -1  -3  -4  -2   14  15   2   4   0  13   8   1   1  11   5   7   3   0   2   7   3   0   0   2  0.27 0.25
  256 A     5  -5  -3  -4  -3  -4  -5  -2  -1  -2   0  -5   3   2  -5  -1  -2   2  -3  -1   53   0   1   1   1   1   1   2   2   2   8   0   6   9   0   3   2   2   1   4  0.93 0.56
  257 N    -3  -2   3  -5  -3   3  -2  -4   4  -1   3  -4   0   0  -5  -2  -1   1  -1  -1    2   1  13   0   0  16   2   1  11   2  30   0   2   4   0   3   3   2   2   5  0.58 0.41
  258 M    -2  -2  -2  -2  -2  -1  -4  -5  -1   0   5  -4   5   1  -6  -3  -2  -3   2  -1    3   2   2   2   1   2   1   1   2   3  49   1  13   4   0   2   2   0   6   4  0.82 0.47
  259 A     1  -2   4   2  -3   0  -1   3   1  -5  -4  -2   0  -4  -4   1   1  -6  -4  -5   11   2  18   9   1   5   4  23   3   0   1   2   2   1   1   9   8   0   0   0  0.49 0.35
  260 P     0   0   1   2  -3   0   1   3   0  -3  -2  -1  -1  -3   1  -1  -1  -3  -2  -3    6   4   6  12   0   4   8  25   3   1   4   3   1   1   8   4   3   0   2   2  0.29 0.22
  261 E    -1   1  -1   0  -3   1   0   4  -1  -3  -3   2   0  -3  -1  -1  -1   1  -2  -3    5   9   2   4   1   5   5  32   1   1   2  13   2   1   2   4   4   2   1   2  0.41 0.29
  262 N     0   1   0   0  -2   0  -1  -1  -1   0   1   1  -1  -2   1   0   0  -3  -2   1    6   9   4   5   1   4   3   5   1   5  16   9   1   1   6   6   5   0   1  11  0.06 0.09
  263 V     1  -3  -2  -3  -3  -3  -3   0  -1   1   3  -1   0   1  -1  -1  -1  -1   2   2   10   1   1   2   0   1   2   7   1   6  25   3   1   6   3   4   4   1   8  12  0.20 0.18
  264 A     0   0   1   1  -4   0   0   1  -2  -2  -2   1  -2  -3   2   2  -1  -2  -1  -2    6   5   6   7   0   4   5  13   1   2   5  10   1   1   9  16   4   1   2   2  0.18 0.17
  265 D     0   0   0   3  -3   0   1   2  -1  -2  -1   1  -3  -3   2   0  -2  -3  -3  -3    7   5   5  15   0   4   8  16   2   2   7   7   0   1  11   5   2   0   1   1  0.24 0.20
  266 A     2   0  -1   0  -3   1   1   1  -2  -3  -2   1  -1  -4   0   1   1  -2  -2  -2   21   6   2   5   0   5   9   9   1   1   3  10   1   1   4   9   7   1   1   2  0.20 0.20
  267 S     1   1  -1   0  -4   2   0  -2  -1  -2  -2  -1  -2  -3   2   2   2  -3  -2  -2   13   8   2   4   0   8   6   3   1   2   4   3   1   1   9  17  12   0   1   2  0.25 0.24
  268 L    -1  -1  -3  -3  -4  -2  -2  -3  -3   2   3  -2   1   0  -2  -2  -1   3   0   1    5   4   1   2   0   2   2   2   0  13  34   2   3   3   2   2   4   4   3  10  0.38 0.25
  269 K     1   1  -1   0  -3   1   0  -2  -1   0   1   1   0  -1   0  -1  -1  -1  -1  -1   10   9   2   5   0   8   7   3   1   6  18   9   2   3   4   4   4   1   1   4  0.08 0.10
  270 Q     0   1  -1  -1  -4   3   1  -1  -2  -3  -2   1  -1  -3   1   2  -1  -2  -4  -3    8   8   2   4   0  16  10   5   1   1   4   9   2   1   8  15   4   1   0   1  0.29 0.26
  271 G     2  -1  -1   0  -3  -1   0  -2  -2  -1  -1  -1   5  -2   2   0  -1  -2  -1  -1   21   4   3   4   0   3   7   3   1   3   6   4  15   2   9   7   4   1   2   3  0.27 0.24
  272 I     0  -1  -1  -1  -2   0   1  -3   0   1   1  -1   3   1  -2  -1   1   4  -1   0    8   3   2   4   1   4   8   1   3  10  13   3   8   5   2   5   8   7   2   5  0.15 0.14
  273 A     1   0  -1  -2  -3   1   0  -2   0  -1  -1   0   1  -2  -2   0   4   0  -2  -1   14   6   2   2   0   7   7   3   2   3   7   4   4   1   2   7  23   1   1   3  0.24 0.23
  274 L     0   0  -1  -2  -3  -1  -1  -3  -3   0   2  -2   1   0   3  -1   0   0  -2   0    9   6   3   3   0   2   3   2   1   6  22   2   4   3  14   4   7   1   1   6  0.21 0.18
  275 A     2   1  -1  -1  -3   0  -1  -1   1  -2  -2  -1   2   0  -1   1   3  -2  -2  -1   16   8   2   4   0   5   4   4   3   2   4   4   6   4   4   8  17   1   1   3  0.19 0.19
  276 Q    -2   2  -1  -1  -5   4   2  -4   5  -3  -2   0  -1  -3   0  -1   0  -1  -3  -2    4  10   3   3   0  18  13   1  11   2   4   6   2   1   5   5   6   1   1   3  0.44 0.32
  277 S     0   0  -2  -3  -3   2   0  -2   1  -1   0  -1   5  -3  -1   0   2  -3  -2   0    8   5   2   2   0   8   5   4   3   2  10   3  13   1   4   8  13   0   1   8  0.23 0.21
  278 R    -1   3   0  -2  -3   1  -1   1   3  -1  -2   0   0  -2   2   0   0   0  -2  -1    6  16   5   2   0   5   3   9   8   3   4   5   2   2  11   6   6   1   1   5  0.21 0.18
  279 Y    -1   1   1   0  -2   0  -1  -2   2  -1   0  -1  -1  -1   0   0   1   0   3   0    6   9   6   6   1   4   5   2   5   3  10   3   2   2   5   6   9   1  11   6  0.12 0.12
  280 W     0   0  -1  -1  -4  -1  -2   1  -1  -2  -1  -1  -1   2   3  -1  -1   4   1  -1    7   6   3   4   0   3   3  11   1   3   5   3   2   9  15   4   4   6   6   5  0.23 0.18
  281 R     0   2   0   1  -3   3   1  -1   0  -2  -2   1  -1  -3  -1   0   1  -2  -3  -2    8   9   4   8   1  15   8   5   2   2   5   8   2   1   3   8   8   1   1   3  0.19 0.18
  282 I     0   0   0   0  -2   0   0   0   0   0   0  -1   2   0   0   0   0   0  -1   0    8   5   6   6   1   4   5   9   3   5   8   3   7   4   5   6   6   1   1   8  0.03 0.04
  283 G     0  -1   0   0  -3  -1   0   2   0  -1  -1  -1   0   0   2   0   0   1  -1  -1    8   3   5   6   0   3   5  18   2   4   6   4   2   3   9   8   5   2   3   4  0.11 0.10
  284 S     0  -1   1   2  -3   0   0   1   0  -1  -2  -1  -2  -2   2   1   0  -1  -1  -1    8   3   6  11   1   4   6  10   2   3   5   4   1   1  11  12   7   1   2   3  0.14 0.12
  285 M     0   0   0  -1  -1   0  -1  -1   1   0   0  -1   2   0   1   0   0   1   1   0    6   6   5   4   1   4   4   4   3   5   7   3   8   5   6   6   7   2   6   7  0.04 0.05
  286 Y     0   0   1   0  -2   0  -1   0   1  -1  -1   0   0   0   1   0   1  -1   1  -1    8   6   8   6   0   4   4   9   4   4   5   5   2   4   6   7   9   1   5   4  0.06 0.06
  287 Q    -1  -1  -1  -1  -2   3  -1  -2  -2   1  -2  -2   2  -1  -1  -2  -1   0   6  -1    5   3   3   4   1  13   4   3   1   7   3   2   5   2   4   4   4   1  26   5  0.55 0.32
  288 G     2  -3  -2  -1  -2  -3  -3   6  -3  -3  -3  -3  -2  -3  -2  -1  -3  -3  -3  -3   15   2   2   4   1   2   2  49   1   2   3   2   1   1   3   5   2   0   1   2  0.93 0.46
  289 L    -2  -1  -2  -4  -3  -3  -3  -3  -3  -1   4  -3   3   3  -4  -2  -2   1   3  -2    3   3   2   1   1   1   2   3   1   3  42   1   7  10   1   3   3   2   9   3  0.70 0.36
  290 G     0  -3  -1  -3  -3  -3  -2   6  -3  -1  -4  -2   0  -3  -2  -2  -2  -4  -2  -2    8   2   3   2   1   1   3  55   1   3   2   2   2   1   2   4   3   0   1   3  1.04 0.50
  291 W    -2  -2  -3  -1  -3  -2  -2  -2  -1  -1   0  -1  -1   1   0  -3  -2  10   0  -1    4   3   2   4   1   2   3   3   2   4  10   4   2   5   4   3   3  34   3   5  1.13 0.52
  292 E     0   0  -1   0  -1   1   2   0   1  -1  -1  -1   1   1  -1  -1   0   2   1  -1    9   6   2   5   1   6  13   9   3   3   5   3   4   7   3   4   5   3   6   5  0.09 0.08
  293 M     0   0  -1  -2  -1   0  -1  -1   0   2   0  -1   1   1  -1  -1   0   3  -1   1    7   5   2   3   1   6   3   5   3  14   9   3   3   5   3   5   6   4   1  11  0.10 0.08
  294 L    -1   0  -1  -1  -3   0  -1   0   2  -1   1  -2   2   2  -2  -1   0   1   3   0    5   6   3   4   1   3   4   6   5   3  13   2   5   8   2   5   5   2  12   5  0.13 0.10
  295 N    -1  -1   1   1  -3   0   0   1   1  -1  -1   0  -1  -2   2   1   1  -2  -1  -1    6   4   7   8   1   4   7  10   3   4   5   5   2   2  11   9   8   1   2   4  0.11 0.08
  296 W    -1   1  -1  -2  -3   0  -1  -1  -1  -1   0  -2   1   1   0  -1   1   7   4  -2    5   7   3   3   1   4   4   5   2   3   8   3   3   5   4   5   9  12  13   3  0.35 0.18
  297 P    -2   0  -1  -1  -1   0  -1  -1   1  -1  -1   0   1   1   5  -1  -1   0  -1  -1    4   5   4   4   1   4   4   5   4   3   6   5   4   5  25   5   4   1   2   5  0.31 0.15
  298 V     1   0  -1  -1  -1   0  -1   1  -1   1   0  -1   1  -1   0  -1   0   0   0   1   11   5   3   3   1   3   4  10   1   9  10   3   3   3   4   4   5   1   3  14  0.04 0.03
  299 E     0   1   1   1  -2   0   1   0   1  -1  -1   0   0  -1   0   0   1   0   0  -1    6   7   6   8   1   5   8   7   4   3   5   5   2   2   4   8   9   1   3   5  0.06 0.04
  300 A     1   0   0   0  -2   0   0   1   0  -1   0   0   0  -1   1   0   0  -1  -1   0   12   7   4   5   1   4   5  11   3   3  13   5   2   3   6   5   5   1   2   5  0.04 0.03
  301 N     0   1   2   2  -2   0   0   0   2  -1  -1   0   0  -1   0   0   0  -2  -1  -2    6   9   9  10   1   5   5   6   5   3   7   5   2   2   5   7   6   1   2   3  0.09 0.06
  302 T     0   0   0   0  -1   0   0   0   0  -1  -1   0   0   0   1   0   1   0  -1   0    8   6   3   5   1   5   5   9   2   4   7   4   2   5   6   8  11   2   2   6  0.03 0.03
  303 V     0   0  -1  -1  -1  -1  -1  -1  -1   1   2  -1   0   0   0  -1  -1   0   0   1    8   5   3   3   1   3   4   5   1   6  20   4   2   5   6   5   4   1   4  10  0.05 0.04
  304 V     0   0   0  -1  -1   0  -1   0  -1   0   1   0   0  -1   1   0   0   0  -1   0    8   4   3   3   1   5   4   9   2   6  15   4   1   3   6   5   7   1   2   9  0.02 0.02
  305 E     1   0   0   1  -1   1   1  -1   1  -1  -1   0  -1  -1   0   0  -1   0   2  -1   11   5   5   8   1   5  10   5   3   3   7   5   2   2   5   6   4   1   8   4  0.06 0.04
  306 G     0  -1  -1  -1  -2  -1  -1   5   0  -2  -1  -1  -1  -2   0  -1  -1  -1  -1  -2    7   4   3   4   1   3   4  37   2   3   5   4   2   2   4   5   4   1   2   4  0.42 0.17
  307 S    -1  -1   2   0  -1   0   0   0   1  -1   0  -1   0   0   0   1   0   2   0  -1    5   3  12   5   1   3   6   7   3   3  10   4   2   5   4  10   5   3   4   4  0.06 0.05
  308 D     0   0   0   2  -1  -1   0   2  -1  -2  -2  -1  -1  -1  -1   1   0  -1   0  -1    8   5   4  13   1   2   5  18   2   2   5   3   1   3   3  10   7   1   3   4  0.15 0.09
  309 S     0   0   0   0  -1  -1   0   0  -1  -1  -1   0  -1   0   1   0   1   4   1  -1    8   4   4   5   1   3   6   8   2   3   7   5   2   4   7   8   8   6   4   5  0.07 0.04
  310 K     0   1   0   1  -2   1   0   0   1  -1  -1   0   0   0   1   0   0  -1   0  -1    8   8   4   8   1   7   5   9   3   3   6   7   2   5   6   6   4   1   3   4  0.05 0.03
  311 V     0   0  -1   0   0   0  -1   0  -1   0   0  -1   2   1   0   0   0   1   2   0    6   4   3   5   2   3   4   6   1   6  10   3   5   7   4   5   5   2   8   8  0.03 0.03
  312 A     1   0  -1  -1  -1   0   0   1   0   0  -1   0  -1   0   0   0   0  -1   1   0   14   5   3   3   1   3   6  12   3   6   6   4   1   3   4   6   5   1   6   7  0.04 0.03
  313 L     0   0   0  -1  -1  -1  -1   0  -1   0   1  -1   2   1   0   0   0   2   1   0    8   4   4   3   1   3   4   7   2   4  17   4   5   6   4   6   4   3   5   5  0.05 0.03
  314 A     0   0   0   0  -1   0   0   2  -1  -1  -1   0  -1   0  -1   0   0   0   2  -1    9   4   4   5   1   4   6  15   2   4   5   5   1   4   3   8   5   1   8   4  0.07 0.04
  315 P     0  -1  -1  -1  -1  -1  -1   2   0  -1  -1  -1  -1   0   2   0   0   4   0  -1    8   3   3   4   2   3   4  15   2   4   8   3   2   4   9   6   5   6   3   5  0.12 0.06
  316 L     0   0   0  -1  -1   1  -1   0   1   0   1  -1   1   1  -1   0   0   1   1   0    8   4   5   3   1   6   4   8   4   4  15   3   5   6   3   6   4   2   5   6  0.03 0.02
  317 P     0  -1  -1  -1   0   0   0   1  -1   0  -1  -1  -1  -1   2   0   0   3   0   0    8   4   3   4   2   4   5  12   2   5   6   4   2   3  11   5   5   4   4   7  0.08 0.04
  318 V     0   0   0   0   0   0  -1   0   0   0   0  -1   0   0   0   0   0   4   1   1    8   4   3   5   2   3   4   7   3   5   8   4   3   4   4   6   6   6   5   9  0.04 0.02
  319 V     0   0   0   0  -1   0   0   0   0   0   0   0   0   1   0   0   0   0   1   0    7   4   3   5   1   4   7  10   2   4   8   6   2   6   4   7   7   1   6   6  0.02 0.01
  320 E     1   1   0   0  -1   0   0   0   0  -1   0   0   0  -1   0   0   0   4   0  -1   10   8   4   5   1   5   7   9   2   4   9   5   2   3   5   6   5   5   3   5  0.05 0.02
  321 V     0   0   0   0  -1   0   0   0   0   0   1   0   0   0   0   0   0   1   0   0    5   5   4   4   2   3   5   8   2   7  15   5   3   4   4   5   5   2   3   8  0.00 0.00
  322 N     0   0   0   1  -1   0   0   1   0  -1  -1   0  -1  -1   0   0   0   1   0   0    7   6   5   7   1   4   6  11   2   4   7   5   1   3   4   8   7   2   3   6  0.03 0.01
  323 P     0   0  -1   0  -1   0   0   0   0   0   0   0   0  -1   2   0   0   3  -1   0    7   5   3   4   1   4   5   7   2   5   8   5   3   3  12   7   5   5   2   7  0.08 0.03
  324 P     0   0   0   0  -1   0   0   0   0   0   0   0   1   0   2   0   0  -1   0   0    9   5   4   4   1   4   5   7   2   5   9   5   3   4  12   6   4   1   3   5  0.06 0.03
  325 A     0   0   0   0  -1   1   0   1   0  -1   0   0   0  -1   0   0   0  -1  -1   0   10   6   4   4   1   8   6  10   2   4   8   5   3   3   5   8   5   1   2   6  0.04 0.02
  326 P     0  -1  -1   3  -2   0   1  -1   1  -1  -2   0  -1  -1   2   0   1  -2  -1  -1    9   4   3  14   1   5   8   5   3   3   5   5   2   3   9   8   7   1   2   4  0.13 0.07
  327 P     0  -1   0  -1   1   0  -1   0  -1  -1  -1   0   0   0   2   0   0  -1   3   0    8   4   4   4   3   4   4   6   1   4   6   6   2   4  11   6   4   1  11   6  0.10 0.07
  328 V    -1   3   2   1  -2   1   0   0   1  -1  -1   0  -2  -1  -1  -1  -1  -2   1  -1    6  15   9   9   1   5   7   7   3   3   5   5   1   3   3   5   3   1   4   4  0.15 0.10
  329 K    -1   0  -1   0  -4  -1  -1   5  -1  -3  -2  -1  -3  -3  -1  -1  -2  -4  -4  -3    5   5   3   5   1   3   4  45   1   2   5   5   1   1   4   5   3   0   1   2  0.71 0.35
  330 A    -1   2   0   0  -3   1   0   1   4  -1  -1   0  -1  -2   0  -1   0  -2   0  -1    6  10   4   6   0   5   6  11  11   3   6   6   2   1   5   4   5   0   3   5  0.15 0.11
  331 S     0   3  -1  -1  -2   0   0  -1   0  -2  -1   2  -2  -2   1  -1   1  -2  -1   0    6  18   3   4   1   4   5   5   3   2   5  14   1   2   6   4   8   1   2   7  0.20 0.15
  332 W    -2   0  -4  -4  -2  -2  -2  -4  -1   2   2  -3   3   0  -4  -3   0   5   1   3    3   5   1   1   1   2   3   1   1  12  18   2   6   4   1   2   6   7   4  19  0.44 0.24
  333 V    -3  -5  -6  -5  -5  -5  -6  -6  -4   5   1  -6  -2   0  -5  -5  -3  -2   1   5    2   1   1   1   0   1   1   1   1  30  13   1   1   4   1   1   2   1   4  35  1.21 0.57
  334 H    -1  -2   1  -1  -4   1   1   2   3  -4  -4  -4   0   1  -6   1  -1   7   0  -4    5   3   7   3   0   6   8  15   7   1   2   1   2   6   0  12   4  12   3   1  0.54 0.37
  335 K    -8  -5  -6  -8  -9  -5  -8  -9  11  -8  -8   3  -7  -9  -9  -6  -9  -9  -5  -9    0   1   0   0   0   1   0   0  80   0   1  15   0   0   0   1   0   0   0   0  3.85 1.63
  336 T     0  -6   3   0  -5  -3  -4   4  -4  -6  -7  -6  -7  -6  -3   3   4  -6  -6  -4    8   0  11   6   0   1   1  30   0   0   0   0   0   0   1  17  20   0   0   1  0.95 0.62
  337 G    -8  -9  -8  -7  -9  -9  -9   8  -9 -10 -10  -9  -9  -6  -9  -8  -9  -9  -9 -10    0   0   0   0   0   0   0  97   0   0   0   0   0   1   0   0   0   0   0   0  3.22 1.46
  338 S     1  -4   2   0  -7  -1  -2   5  -4  -4  -4  -5  -2  -5  -7   3  -1  -2  -7  -4   13   1   8   6   0   2   3  34   1   1   2   0   1   1   0  20   4   1   0   1  0.82 0.54
  339 T    -3  -5  -1  -3  -5  -3  -7  -3  -2   4   1  -6   0  -3  -7  -3   5   3   0   0    2   1   4   2   0   2   0   3   1  23  11   0   2   1   0   2  32   4   3   7  0.90 0.55
  340 G    -1  -2   3   3  -6   0  -1   2  -3  -3  -3  -4  -3  -1   4   0  -2  -1  -2  -4    5   3  14  13   0   4   5  14   1   2   4   1   1   3  19   6   2   1   2   2  0.49 0.38
  341 G    -4  -6   0  -5  -6  -6  -7   7  -4 -10  -6  -7  -7  -7  -6  -5  -4  -4  -3  -6    1   0   4   1   0   0   1  83   1   0   1   0   0   0   1   1   1   0   1   1  2.40 1.17
  342 F    -5  -8  -6 -10  -2  -2 -10  -7   0  -5  -7 -10   3   8 -10  -4  -3  -1   5  -3    1   0   1   0   1   2   0   0   2   1   0   0   6  60   0   2   2   1  19   2  2.42 1.13
  343 G    -1   3   1  -4  -2  -1  -3   2   2  -1  -3  -2   0  -2  -5   3   1  -5  -1  -1    6  15   6   1   1   3   1  13   5   4   3   3   2   2   1  18   9   0   2   5  0.33 0.29
  344 S     4  -9  -4  -8   0  -8  -8  -2  -6  -9  -8  -8  -9 -10  -8   6   4 -10  -9  -7   28   0   1   0   2   0   0   3   0   0   0   0   0   0   0  46  19   0   0   0  1.70 1.00
  345 Y    -1  -2   0  -1  -4   1  -1  -5   3  -1   0  -4   1   3  -7  -1  -2   0   6  -1    6   2   5   4   0   7   4   1   6   4   8   1   3  13   0   6   2   1  22   4  0.55 0.39
  346 V     0  -7  -3  -7  -1  -4  -5  -7  -5   4   2  -7   4   2  -8  -4  -2  -1  -1   4    8   0   2   0   1   1   1   0   0  17  20   0  11   8   0   1   3   1   3  23  0.84 0.48
  347 A     3  -1  -3  -4  -1  -1  -3   2  -2   0   0  -3   1  -1  -6   0   1   0  -1   2   24   4   1   1   1   3   1  13   1   6   8   1   4   2   0   8   8   2   2  12  0.30 0.27
  348 F    -5   3  -7  -9  -5  -6  -7  -7  -1   1   3  -6   4   5  -9  -5  -4   2   3   0    1  13   0   0   0   0   0   0   2   6  24   0   9  24   0   1   1   2   9   5  1.10 0.61
  349 I    -2  -2  -2   0  -2  -4  -5  -7  -1   3   3  -6   2   3  -7  -1  -4  -4   4   3    3   2   2   5   1   1   1   0   1  13  23   0   4  10   0   5   1   0  11  16  0.58 0.37
  350 P    -7  -1  -8 -10 -11  -4  -5  -9  -7  -5  -3  -3  -8 -11   9  -7  -4 -11 -11  -3    1   3   0   0   0   1   1   0   0   1   3   2   0   0  83   0   2   0   0   2  2.85 1.46
  351 E     0  -1  -1   5  -9   1   5  -1  -5  -6  -7   0  -6  -8  -7   0  -3  -9  -7  -6    9   4   3  27   0   6  32   5   0   0   1   5   0   0   0   6   2   0   0   1  1.03 0.66
  352 K    -1   2  -2   3  -6   3   3  -4   3  -6  -2   2  -6  -6  -5  -1  -1  -5  -1  -6    6  11   1  15   0  13  17   1   6   0   5  12   0   0   1   6   3   0   2   0  0.59 0.45
  353 Q    -5   3   3   2  -9   2  -1   3   0  -9  -9   4  -8  -9  -8  -3  -6  -9  -6  -9    1  14  11  12   0  10   4  22   3   0   0  22   0   0   0   2   0   0   0   0  1.02 0.64
  354 I    -2  -1  -4  -5  -5  -4  -6  -7  -4   4   4  -3   0   1  -7  -3   1  -1   0   3    4   3   1   1   0   1   0   0   0  19  31   2   2   6   0   3   8   1   3  15  0.69 0.42
  355 G     2  -7  -6  -7  -4  -7  -9   6  -6  -8  -4  -8  -5  -3  -9  -1   2  -9  -2  -4   15   0   0   0   0   0   0  61   0   0   2   0   0   2   0   4  10   0   2   2  1.62 0.89
  356 I    -3 -10 -10 -10  -5  -9 -10  -9 -10   5   0  -9  -2   1 -10  -7  -6  -6  -4   6    3   0   0   0   0   0   0   0   0  29   7   0   1   5   0   0   0   0   1  53  1.90 0.92
  357 V     2  -9  -9  -9  -3  -9  -8  -7  -7   4  -4  -9  -1   2  -9  -5  -2  -9  -4   6   15   0   0   0   1   0   0   0   0  18   2   0   2   8   0   1   2   0   1  51  1.55 0.81
  358 M     0  -9  -9  -9  -2  -8  -9  -8  -9   4   1  -8   3  -2  -9  -4  -3  -4  -7   6    7   0   0   0   1   0   0   0   0  21  13   0   6   2   0   1   2   0   0  47  1.47 0.76
  359 L    -3  -9 -10 -10  -4  -8  -9  -8  -9  -3   6  -9   3   2 -10  -4  -3  -5  -5  -2    3   0   0   0   0   0   0   0   0   1  76   0   6   6   0   2   2   0   0   3  1.93 0.96
  360 A     3  -6  -1  -4   3  -4  -5  -2  -3  -2  -3  -6   1  -2  -6   3   5  -8  -2  -2   22   0   3   1   5   1   1   3   1   3   3   0   3   2   0  20  29   0   1   3  0.83 0.58
  361 N    -9  -9   9  -5 -10  -8  -8  -7  -8 -11 -11  -8 -10 -11 -10  -6  -7 -11 -10 -11    0   0  98   0   0   0   0   0   0   0   0   0   0   0   0   1   0   0   0   0  3.84 1.69
  362 T     1   2  -2  -3  -1   1  -3  -1  -1  -2   0   1   1  -3  -4   3   2  -6  -3  -2   10  12   1   1   1   7   1   5   1   2  11   8   3   1   0  18  13   0   1   2  0.29 0.28
  363 S     2  -1   4   3  -5  -1   0   1  -3  -4  -4  -3  -3  -2  -3   2   1  -2  -2  -3   14   3  17  14   0   2   6  10   0   1   2   1   0   2   1  14   9   1   1   2  0.42 0.34
  364 Y    -1  -1  -1   2  -3  -1  -1   3   2  -2  -3  -3  -1  -1  -2   1   0   0   4  -2    4   3   3  10   1   2   3  21   4   3   2   1   1   3   3  13   5   1  13   4  0.31 0.27
  365 P     3  -4  -1  -1  -3  -3  -2   0  -3  -3  -3  -3  -1  -1   5   1   1  -4  -1  -2   22   1   3   4   1   1   2   8   1   2   3   1   1   3  24  10   8   0   2   3  0.52 0.39
  366 N    -1  -2   4   1  -4  -1  -1   1   0   0  -2  -3  -1  -1   0   2  -1  -2  -2  -1    6   2  23   9   0   3   3  10   2   5   4   1   1   2   4  13   4   1   1   5  0.31 0.27
  367 P     2  -2  -2   0  -4  -1   1   0  -3  -2  -2  -3   0  -3   5   0   0  -4  -4  -1   14   2   2   6   0   2   8   8   0   2   4   2   2   1  29   6   7   0   0   4  0.51 0.39
  368 A     3  -2  -2   1  -4   1   1   1  -3  -1   0  -2  -2  -2  -1   0   0  -1  -2   0   23   2   2   8   0   5  11  10   0   4   8   1   1   2   3   7   4   1   1   6  0.19 0.21
  369 R     1   5  -1  -2  -3   0  -2  -3  -2  -1   0   0  -1  -1   0  -2  -2  -5  -1   1   10  30   2   3   1   4   1   2   1   4   8   6   2   3   6   3   3   0   2   9  0.39 0.29
  370 V     0  -2  -1   0  -2  -2  -1  -3   0   3   1  -2   2   0  -2  -2   0  -3  -1   3    6   2   3   5   1   1   4   2   2  20  11   2   4   3   2   3   5   0   2  20  0.25 0.19
  371 E     3   0   0   1  -4   1   2  -1  -2  -2  -2   1  -3  -4  -2   1   0  -1  -2  -2   24   5   3   8   0   5  12   3   1   3   4   7   0   1   2   9   7   1   2   3  0.24 0.23
  372 A     3  -2  -3  -3  -4  -2  -4  -4  -1   4   3  -4   1  -2  -3  -2   0  -5  -4   1   23   2   1   2   0   2   1   1   2  19  25   1   3   2   1   3   5   0   0   7  0.52 0.35
  373 A     5  -2  -3  -6  -3  -3  -4   3  -3  -1  -3  -5   2  -5  -5  -2   0  -4  -5  -2   51   2   1   0   0   1   1  18   1   4   2   0   4   0   0   3   7   0   0   2  1.00 0.62
  374 Y    -2   2  -1   0  -6   0  -2  -4   3  -1   0  -3   2   2  -5  -4  -1   3   6  -1    3  11   3   7   0   4   2   1   6   3   9   2   6   8   1   1   4   4  23   4  0.55 0.37
  375 H     2   3  -1   1  -6   2   1  -2   4  -6  -4   1  -3  -6  -3  -1   0  -1  -1  -3   16  17   2   7   0   8  11   3  11   0   1   8   1   0   1   3   6   1   2   2  0.46 0.36
  376 I     0  -6  -8  -4  -6  -7  -7  -7  -8   6   3  -7   0  -3  -6  -6  -2  -2  -4   2    9   0   0   1   0   0   0   0   0  44  24   0   2   1   0   0   2   1   0  14  1.28 0.65
  377 L    -1  -6  -8  -9  -2  -7  -7  -7  -5   2   6  -8   2   3  -8  -6  -6  -4   0  -1    5   0   0   0   1   0   0   0   0   9  61   0   4   9   0   0   0   0   3   5  1.39 0.71
  378 E    -3   2   1   6  -7   2   3  -3  -4  -5  -4   0  -6  -8  -4   0  -3  -8  -5  -6    3  11   7  36   0   9  15   2   0   1   2   6   0   0   1   6   2   0   0   0  0.92 0.57
  379 A     3   3  -3  -3  -2   2  -1   0   0   0  -1  -1   0  -4  -3   0   0  -3  -4  -2   28  15   0   1   1   9   3   7   2   6   6   3   2   0   1   8   5   0   0   2  0.32 0.31
  380 L    -5  -7  -8  -9  -6  -7  -8  -9  -8   2   7  -7   2  -4  -8  -7  -6  -7  -6  -2    1   0   0   0   0   0   0   0   0   8  85   0   4   0   0   0   0   0   0   2  2.03 0.91
  381 Q    -3   4  -2  -2  -6   5   4  -5   4  -6  -5   2  -4  -5  -4  -3  -3  -5  -3  -5    0  20   0   0   0  27  32   0  12   0   0   9   0   0   0   0   0   0   0   0  1.09 0.49

                      K         Lambda
Standard Ungapped    0.1320     0.3169
Standard Gapped      0.0406     0.2670
PSI Ungapped         0.1328     0.3175
PSI Gapped           0.0406     0.2670
