
Last position-specific scoring matrix computed, weighted observed percentages rounded down, information per position, and relative weight of gapless real matches to pseudocounts
            A   R   N   D   C   Q   E   G   H   I   L   K   M   F   P   S   T   W   Y   V   A   R   N   D   C   Q   E   G   H   I   L   K   M   F   P   S   T   W   Y   V
    1 M    -7  -8  -9 -10  -8  -7  -9  -9  -8  -5  -4  -8  11  -6  -9  -8  -7  -8  -8  -6    0   0   0   0   0   0   0   0   0   0   0   0 100   0   0   0   0   0   0   0  4.43 1.47
    2 V    -4  -8  -8  -9  -6  -8  -8  -6  -9  -2  -5  -4   2  -6  -8  -7  -4  -8  -7   8    1   0   0   0   0   0   0   1   0   1   0   1   5   0   0   0   1   0   0  89  2.47 0.99
    3 R    -3   8  -6  -7  -9  -5  -3  -4   0  -9  -7   1  -7  -9  -8  -7  -7  -9  -8  -4    2  84   0   0   0   0   1   2   2   0   0   6   0   0   0   0   0   0   0   2  2.61 1.08
    4 F    -4  -3  -6  -3  -6  -1  -1  -4  -1   2   2  -4  -2   6  -7  -3  -3  -1   1   2    1   1   0   1   0   3   4   1   2  13  17   1   0  35   0   2   1   1   4  12  0.84 0.45
    5 K    -7   0  -4  -7 -10  -5  -6  -8  -7  -9  -7   8  -8  -9  -3  -5  -7  -9  -4  -9    0   4   1   0   0   0   0   0   0   0   1  92   0   0   1   1   0   0   1   0  2.88 1.20
    6 H    -4   1   6  -3  -2  -1  -2  -6   5  -7  -5   2  -3  -2  -6   0  -1  -7   2  -4    1   6  39   1   1   3   2   0  12   0   1  13   1   2   0   6   4   0   7   1  1.09 0.60
    7 R    -8   9  -7  -9  -3  -6  -7  -9  -7 -10  -7  -4  -8  -5  -9  -6  -6  -1  -5  -9    0  95   0   0   1   0   0   0   0   0   1   1   0   1   0   0   1   1   1   0  3.31 1.35
    8 Y    -9  -9  -5  -6 -10  -9  -9 -10  -1  -9  -8  -9  -8  -3 -10  -9  -9   6  10  -9    0   0   1   1   0   0   0   0   1   0   0   0   0   1   0   0   0  10  86   0  3.78 1.50
    9 L    -5  -7  -8  -8  -3  -7  -8  -8  -8   5   4  -7   4   2  -8  -7  -5  -7  -2   2    1   0   0   0   0   0   0   0   0  29  41   0   9   7   0   0   1   0   2  10  1.38 0.66
   10 L     1  -5  -8  -5  -2  -4  -7  -6  -8   0   5  -5  -1  -2  -7  -5  -1  -7  -6   4   10   0   0   1   1   1   0   1   0   5  52   1   1   1   0   1   5   0   0  23  1.15 0.61
   11 C    -2  -7  -8  -8   4  -7  -8  -3  -7   2   0  -7   3   6  -8  -4  -2  -6  -1   4    4   0   0   0   9   0   0   2   0  10  10   0   6  29   0   1   2   0   2  26  1.14 0.58
   12 E    -4   0   1   0  -8   3   6  -7  -1  -4  -6   2  -7  -3  -7  -1  -4  -8  -7  -8    1   5   7   5   0  11  52   0   1   1   1  10   0   1   0   4   1   0   0   0  1.33 0.77
   13 L    -3  -7  -8  -8  -3  -7  -8  -6  -8   6   3  -7   0   1  -7  -7  -6  -2  -3   4    3   0   0   0   1   0   0   1   0  38  21   0   2   6   0   0   0   1   1  26  1.36 0.66
   14 V    -2  -1   0  -2  -1  -1   0  -5  -1   4   2  -2  -1   0  -5  -1  -1  -1  -1   2    2   4   6   2   1   2   6   0   1  23  20   2   1   5   0   4   4   1   2  14  0.35 0.24
   15 S    -2  -2  -3  -3  -1  -2  -3  -3  -1  -1  -1  -4  -4   4   2   3  -1   5   4  -2    3   2   1   1   1   2   2   2   2   4   7   1   0  14  10  21   3   7  14   3  0.57 0.40
   16 D    -2  -1   1   3  -3  -1   3   0   0  -4  -3   0  -2  -4   4  -1  -1  -5  -4  -3    4   3   6  15   1   2  18   8   2   1   3   6   1   1  18   5   3   0   1   2  0.45 0.32
   17 D    -1  -2   2   5  -2   1   1  -1  -1  -4  -4  -1  -4  -4   2   0   0  -5  -3  -3    5   2   9  28   1   5   9   6   2   1   1   4   0   1  11   7   6   0   1   2  0.54 0.34
   18 P     0   0   2   2  -2   0   0   1   0  -3  -3   1  -4  -3   4   1  -2  -2  -4  -3    8   5   8  10   1   4   5  10   2   2   3   8   0   1  18  10   2   1   0   2  0.32 0.23
   19 R    -1   2   1  -2  -2   0   1   0  -1  -2  -1   2  -1  -1   1   1   0  -2  -2  -2    4  12   8   2   1   3   8   7   1   3   6  11   1   2   8  12   5   1   2   3  0.15 0.14
   20 C    -1   0  -1   0   2   0  -1   0   1  -1  -1   1  -3  -1  -1   2   2  -4  -3  -1    5   4   3   4   4   5   4   7   3   3   6   9   0   3   3  20  11   0   0   5  0.15 0.15
   21 R    -1   1   0   2  -2   1   1  -1  -1  -3  -2   2  -2  -3   3   1  -2  -2  -3  -2    6   7   4  12   1   6   7   6   1   1   5  11   1   1  14  10   2   1   1   3  0.26 0.20
   22 L     0   0  -1   0  -1   0   0  -2   0   1   1   0  -1  -1   1   0  -1  -2  -1   0    9   5   3   5   1   4   6   2   2   8  18   7   1   3   8   7   3   0   2   6  0.06 0.08
   23 S     0   0   1   1  -3   0   0  -1   0  -1  -2   1  -1  -2   2   2   1  -2  -3  -2    7   5   7   7   0   3   5   4   2   3   4  10   2   2   9  17   9   1   1   3  0.16 0.16
   24 L    -2  -3  -5  -5  -2  -4  -5  -4  -2   3   4  -3   0   2  -2  -1  -2  -2  -3   2    2   1   1   1   1   1   1   1   1  17  38   1   2   9   2   6   2   1   1  13  0.65 0.38
   25 D    -3   0   3   3  -1  -1   0  -3  -1  -4  -3   1  -5  -4  -2   2   4  -6  -4  -3    2   4  13  14   1   3   5   2   1   1   2   7   0   1   2  16  23   0   1   1  0.53 0.39
   26 D     0  -1  -1   2  -3   1   3   0  -3  -3  -3   1  -3  -1   2   1  -1  -2   0  -3    6   3   2  11   1   6  18   6   0   1   3  10   1   3  10  10   4   0   3   2  0.26 0.24
   27 R    -1   2   1   0  -4   2   0  -1   0  -3  -1   2  -2  -2  -1   2   0  -2   0  -2    4  12   6   4   0   8   5   6   2   1   5  15   1   1   2  15   6   0   3   2  0.22 0.20
   28 V     0  -2   1   2  -3   0   2  -2   1   0   0  -1   0  -2  -3   1   0   1  -1   0    9   1   6  13   0   3  12   2   4   7   8   2   3   2   1   9   6   2   2   8  0.13 0.14
   29 L    -4  -6  -6  -6  -2  -6  -6  -6  -2   5   4  -6   0   1  -3  -4  -2  -5  -3   3    1   0   0   0   1   0   0   0   1  28  36   0   2   6   2   1   3   0   1  16  1.01 0.48
   30 S     0   0  -1  -2  -2   1  -1  -2   1   0   1   1   1   1  -2   0   0   3   2   0    7   4   2   2   0   6   2   2   4   4  13   9   3   5   1   8   6   4   9   6  0.09 0.11
   31 S     0   2   2   0  -5   1   1  -1   2  -3  -4   2  -3  -2  -2   2  -1  -2  -1  -3    8  11  11   4   0   6   9   3   5   1   1  14   0   2   2  14   4   0   2   1  0.30 0.24
   32 L     4  -2  -2  -3   0  -1   1  -2   0   0   0  -2  -1  -2  -2   1   0  -1  -2  -1   38   2   1   1   2   2   8   2   2   5  11   2   1   2   2   8   6   1   1   3  0.36 0.30
   33 V    -5  -6  -2  -6  -5  -6  -6  -7  -6   6   3  -6   0   0  -6  -6  -2  -6  -2   3    0   0   2   0   0   0   0   0   0  47  22   0   2   3   0   0   2   0   1  17  1.30 0.58
   34 R    -2   5  -1  -3  -2   0  -1  -2  -1  -2  -1   3   1  -1  -5  -1   0   4  -1  -3    2  32   2   1   1   4   4   3   2   2   6  15   3   2   0   5   5   6   2   1  0.55 0.35
   35 D     1   0   3   2  -2   2   2  -2   0  -4  -2   2  -4  -5  -4   1  -1  -5  -1  -3   10   4  15  12   1   9  12   2   2   0   5  11   0   0   0  10   4   0   2   1  0.35 0.27
   36 T     2  -2   0  -2  -1   0   0  -2   0  -1  -2   0  -1  -2  -3   3   1  -5  -4  -1   20   1   5   1   1   5   5   2   2   3   4   6   1   2   1  27   9   0   0   4  0.31 0.28
   37 I    -1  -5  -5  -5   1  -5  -5  -2  -5   4   2  -3   1   0  -5  -2  -2  -5  -1   4    6   0   0   0   3   0   0   3   0  27  15   2   3   3   0   3   2   0   2  30  0.72 0.38
   38 A     1   2  -1  -1  -1   2   1  -1  -1   0   1   1   0  -2  -3   0   0   0  -2  -1   11  11   2   2   1  13   8   4   1   4  14   7   2   1   0   9   4   1   1   2  0.13 0.16
   39 R    -1   1  -1   0  -1   2   2  -2  -1  -1   0   1  -1  -1  -2   0   0  -1  -1   0    4   9   2   6   1   8  15   2   2   4   8   8   1   3   1   8   6   1   2   8  0.11 0.12
   40 V    -2  -2   3  -2   1  -2  -3  -4   1   0   3  -2   2   2  -4  -2  -1  -4   1   0    3   2  16   2   3   2   1   1   4   4  29   2   6   9   0   2   5   0   5   5  0.36 0.27
   41 H    -1  -2  -4  -4  -4  -1  -2  -4   5  -1  -1  -4   0   6  -4  -2  -4   2   3  -2    7   2   0   0   0   2   3   1  15   3   5   0   2  40   0   3   0   2  11   2  0.92 0.41
   42 G    -1   0  -3  -4  -5  -4  -4   7  -4   0  -5  -4  -5  -5  -4  -1  -4  -5  -5  -5    5   6   0   0   0   0   0  74   0   5   1   0   0   0   0   5   0   0   0   0  1.51 0.57
   43 T    -1  -3   0   4  -4   0   3  -1   1  -1  -1  -3   1  -1  -1  -1   0  -5  -4  -1    5   0   4  28   0   4  18   4   3   5   5   0   3   3   4   5   5   0   0   5  0.37 0.31
   44 F    -1  -3  -1  -1   1   0  -1  -3   2   0   1  -1   1   3  -1  -1  -1   3   3   0    5   0   3   3   4   4   4   1   7   5  12   4   3  15   3   4   4   4  11   5  0.19 0.18
   45 G    -1  -6  -2  -4  -6  -1  -3   7  -2  -2  -5  -3  -6  -3  -6  -2  -1  -6  -6  -3    5   0   2   1   0   3   2  68   1   3   2   2   0   1   0   2   5   0   0   2  1.47 0.74
   46 A     2  -3  -2  -4   0  -2  -3  -1  -2   0   2  -1   2  -1  -4   1   0   3   1   1   18   1   2   0   2   1   2   4   1   4  18   4   5   3   0  10   6   4   5  10  0.23 0.23
   47 A     4  -3  -2  -5  -1  -2  -2   5  -1  -6  -3  -3  -2  -6  -5   1  -2  -6  -6  -3   29   2   2   0   1   2   2  40   1   0   3   2   1   0   0  10   2   0   0   2  0.96 0.58
   48 A     2   1  -1  -2   2  -1  -1  -2  -1  -1   0   1   1  -1  -2   1   0   0  -2   0   21   8   2   2   4   3   4   2   1   3  10   7   4   3   2  10   4   1   1   7  0.12 0.15
   49 C     0  -4  -2  -4   3  -2  -2  -2  -1   2   1  -3   2   1  -2   0   0  -4  -1   2    9   0   2   0   6   2   2   3   2  13  15   1   6   5   2   8   5   0   2  17  0.28 0.22
   50 S     0   0   0  -1   0   2  -1   1  -1  -1   1   1   1  -2  -4   1   0  -4  -3  -1    9   5   5   4   2  10   3  11   1   4  13   7   4   1   0  12   4   0   0   4  0.11 0.15
   51 I    -1  -1   1   0   1   1  -1   0   2   0  -2   0   1   0   1   1   0   2   1  -1    6   4   6   5   3   5   4   9   5   5   4   5   4   4   7  10   5   2   4   4  0.07 0.08
   52 G    -1   1   0  -1   1  -1  -2   1   1  -2  -2  -1   0   1  -1   3   0   3   0  -2    5   6   5   3   3   3   3  11   3   3   4   3   3   5   3  19   5   4   3   3  0.19 0.18
   53 F     0  -2  -2   0   3  -1   0  -3  -2   1   0  -2   2   1   1  -1   0  -2   2   0    8   0   0   8   8   0   8   1   0   8   8   0   8   8   8   1   8   0   8   8  0.11 0.12
   54 A    -1   0   0   0   2   0   0  -1   2   0  -1   0   2   1   0  -1   0   4   1  -1    5   5   5   5   5   5   5   5   5   5   5   5   5   5   5   5   5   5   5   5  0.09 0.08
   55 V    -1  -2  -4  -4   0  -4  -4  -2  -2   2   1   0   0  -1  -4  -3  -2  -4  -2   5    5   2   1   1   2   0   1   3   1  11  12   7   2   2   1   1   1   0   1  46  0.66 0.37
   56 R    -2   1  -1  -2  -4  -1   0  -4  -1   2  -2   5  -2  -2  -2  -1  -2  -4  -2   0    3   5   3   2   0   2   6   1   1  12   4  40   1   2   2   4   2   0   1   8  0.50 0.33
   57 Y    -3  -3  -2  -1  -2  -3  -1  -3   1  -1  -2  -1  -2   0  -5  -1  -2   1   8   1    1   1   2   3   1   1   4   2   3   3   4   4   1   3   0   5   2   2  46   9  0.97 0.51
   58 L    -3  -3  -2  -2   2  -4  -3  -2   0   0   1  -3   0   5  -4  -3  -2   4   4   1    2   1   1   2   5   0   2   3   3   5  11   1   2  23   0   2   1   6  16  11  0.58 0.32
   59 N    -2   0   5   3   0  -1  -1  -2   0  -5  -4  -3  -2  -3  -4   3  -2  -5  -2  -4    2   4  33  19   2   2   3   3   2   0   2   0   1   1   0  20   2   0   2   1  0.76 0.45
   60 A     1  -2   0  -1   1   0   1  -1  -2  -3  -2  -1  -1  -2   5   0   0  -4  -2  -2   10   2   4   3   3   4  12   5   1   1   3   3   1   1  30   8   5   0   1   2  0.48 0.30
   61 Y     1   0   1   0  -2   0   1  -1   1   0  -1   1  -1  -1  -1   0   0   1   1   0   11   4   6   6   0   4  12   5   5   6   5   9   1   1   2   5   5   2   5   6  0.06 0.07
   62 T    -1   0  -1  -2   0  -2  -1  -2  -2  -3  -3   0  -1  -3  -3   1   6  -4  -4  -3    4   5   3   2   2   2   3   3   1   1   3   7   1   1   1  10  50   0   0   1  0.76 0.45
   63 G    -1   1   2   0   2   0  -1   3   0  -3  -2   2  -1  -2  -2   1  -1  -3  -3  -2    3   8  13   4   4   4   2  22   2   1   3  13   1   1   2  10   2   0   0   2  0.24 0.17
   64 I    -1  -1  -1  -2  -1  -1  -1  -3  -1   3   1   0   1  -1  -2  -1   2   0   0   1    4   3   3   1   1   2   4   1   2  23  14   6   4   2   1   2  15   1   2  11  0.13 0.13
   65 V     2  -2  -2  -3   4  -2  -2   2  -3   0   0  -1   0   0  -2   0   0  -3  -2   1   19   0   0   0  14   0   1  16   0   6   7   4   2   5   0   4   3   0   0  16  0.19 0.15
   66 L    -1  -1  -3  -3   0  -2  -1  -3  -3   4   1  -2   1   1   0  -2  -1  -3  -1   2    4   4   0   0   2   0   4   1   0  39  12   0   3   5   6   3   2   0   2  12  0.27 0.18
   67 L    -1  -3  -1   0  -2  -3  -3  -3  -3   3   2  -3   1   1  -3  -2  -1  -3  -2   2    6   0   3   7   0   0   0   1   0  28  27   0   4   6   0   1   3   0   0  12  0.29 0.18
   68 R    -1   6  -2  -3   0   1  -1  -3   2  -3  -3   2  -2  -3  -3  -1  -1  -3   1  -2    3  54   0   0   3   6   3   1   5   0   1  10   0   0   0   3   3   0   5   3  0.73 0.33
   69 C     2  -3  -2  -3   6  -3  -3  -2  -3   1  -1  -3   0  -1  -3   0   0   0  -2   2   20   0   2   0  23   0   0   2   0   7   3   0   2   3   0   4   7   2   0  22  0.40 0.23
   70 R     1   3   1  -1  -1   0   0  -1   1  -2  -1   0  -1  -1   2   2  -1  -3  -1  -2   10  19   6   2   1   1   5   4   4   1   5   4   1   2  12  17   2   0   2   0  0.21 0.16
   71 K    -2   6  -1  -3  -1  -2  -2  -5   5  -2  -3   0  -1   0  -2  -1  -1  -6  -4  -3    4  46   3   1   1   2   2   0  13   2   3   5   2   4   2   6   3   0   0   2  0.96 0.61
   72 E    -1  -1   0   3   0   0   3   1   0  -2  -3   0  -1  -2  -1   2  -1  -5  -4  -2    5   3   4  16   2   3  18  13   2   2   2   6   1   2   2  13   3   0   0   2  0.29 0.27
   73 F     0  -2  -1   0   0   0   0   0   4  -2  -2  -2   0   1   1   1   0   0   3  -2    9   2   3   4   2   4   5   9  12   2   3   1   2   6   8   9   5   1  11   2  0.20 0.22
   74 Y    -1  -2  -1  -2   1  -1   0  -3   4   0   1  -2   1   1  -4  -1  -1  -3   4   1    6   1   3   2   4   3   6   2  13   4  13   2   3   7   0   3   4   0  13  11  0.27 0.26
   75 Q     0   0   0   0  -3   1   0   0   2   0  -1   0   1  -2   0   0   0   3   1   0    6   6   5   6   0   5   6   6   5   6   6   6   5   0   6   6   6   5   5   6  0.07 0.10
   76 L    -1   0   0  -1  -3   0   0  -3   0   1   1   1   3   1  -2  -1   0  -3   1  -1    3   5   5   4   0   5   7   1   2   7  17  10  10   7   1   2   4   0   6   2  0.11 0.14
   77 V     0  -5  -5  -5  -1  -4  -5  -3  -5   2   3  -5   1   1  -5  -4  -1  -4  -1   5    6   0   0   0   1   0   0   2   0  10  25   0   3   5   0   0   3   0   2  39  0.72 0.41
   78 W    -2   2  -3  -5   2  -1  -2  -3   0   1   1   0  -1  -3  -5  -1   0   9  -1  -1    2  12   1   0   4   3   3   1   2   9  12   7   1   0   0   4   6  26   2   5  0.74 0.41
   79 S     4  -2  -2  -2   2  -1  -3   0  -4  -2  -2  -1  -1  -2  -3   3   2  -5  -3  -1   34   2   1   1   4   2   0   5   0   2   4   4   1   1   0  23  11   0   1   3  0.47 0.36
   80 A     5  -4  -4  -3   2  -4  -4  -1  -4   0  -3  -4   0  -4  -4   3   1  -5  -4   1   43   0   0   1   4   0   0   3   0   5   2   0   2   0   0  21   7   0   0   9  0.70 0.46
   81 L    -2  -3  -5  -6  -1  -3  -5  -6  -5   3   5  -5   2   0  -5  -5  -2  -4  -4   1    3   1   0   0   1   1   0   0   0  16  59   0   5   3   0   0   2   0   0   6  1.01 0.50
   82 P     1  -3  -1  -2   0  -1  -1  -2  -4  -2  -2  -2  -1  -2   4   1   4  -5  -4  -2   13   0   2   2   2   2   3   2   0   2   3   2   2   2  18   9  32   0   0   3  0.52 0.37
   83 F    -2  -4  -3  -5   0  -3  -4  -3  -2  -1   4  -3   3   5  -5   0   0  -3   0  -2    3   0   1   0   2   1   0   2   1   1  37   2   7  25   0   7   6   0   3   2  0.66 0.39
   84 I    -3  -5  -5  -5   1  -2  -5  -5  -5   6   2  -3   4  -2  -5  -3  -2  -5  -4   3    2   0   0   0   3   2   0   0   0  44  15   2  10   1   0   1   2   0   0  16  0.94 0.46
   85 T    -2   2   1  -1   0   0  -1  -1   2  -2  -2   1   0  -1  -4   0   4  -4  -1  -2    3  12   7   4   2   4   3   4   5   2   4   7   2   2   0   8  26   0   2   3  0.27 0.27
   86 Y    -1   1   0   0   1   0   2  -1   1  -1  -2   0   0  -1  -1   1   1  -3   0  -1    3   8   4   6   3   4  15   3   4   4   3   5   3   2   3  14   9   0   3   3  0.13 0.15
   87 L    -1  -2  -1  -4   1  -1  -4  -4  -4   4   2  -4   1   1  -4   0   0  -3   2   2    5   3   3   0   3   3   0   1   0  24  16   0   3   5   0   7   4   0   7  15  0.37 0.27
   88 E    -1   0   2   2   0   0   2   1   1  -4  -2   0  -3  -2   1   0   0  -4  -1  -3    5   5  11  11   3   4  12  13   3   1   4   6   0   2   8   5   5   0   2   1  0.20 0.18
   89 N    -2  -2   3   0  -1  -1   0   4   1  -2  -3  -1  -1  -2   0   1  -1   0  -2  -2    3   2  17   5   1   2   5  28   3   2   3   4   2   2   4   9   3   1   1   3  0.36 0.28
   90 K    -1   3   1   0   0   2   1  -1   0  -2  -2   3  -3  -3  -1  -1  -1  -3  -3  -2    4  13   8   4   2  11   8   6   3   3   3  20   0   1   3   4   4   0   1   3  0.28 0.20
   91 G     0   0   1   2  -2   0   0   2   0   0  -1  -1  -1  -1   0   0   0  -2  -2  -1    8   4   8  11   1   3   6  17   3   9   5   3   1   2   4   7   4   0   1   5  0.09 0.08
   92 H     0   0   0   0  -2   1   0   1   0  -1  -1   0  -1  -1  -1   0   0  -1  -1   0    7   5   4   5   1   8   7  15   2   5   5   7   1   2   3   8   4   1   2   7  0.06 0.04
   93 R    -1   2   0   0  -2   1   1   0   0  -1  -1   2  -1  -2   0   0   0   0  -1  -1    5  11   4   4   1   5   8   6   2   5   5  17   2   1   4   6   5   1   2   5  0.10 0.08
   94 Y     0   0  -1  -1   0   0   0  -1   1   1   0   0   0   0  -1   0   0  -1   1   1    5   8   3   3   3   3   6   4   4   9   7   4   3   5   3   6   6   0   5  14  0.02 0.04
   95 P    -1   2  -1   1  -3   0   0  -1  -3  -2  -2   1  -3  -2   5   1  -1  -4  -3  -2    3  11   2   7   0   5   5   6   0   2   3   8   0   2  29   9   3   0   1   2  0.50 0.30
   96 C     1  -5  -5  -5   8  -5  -5  -4  -5   1   0  -5   0  -2  -5  -2  -2  -5  -2   4   12   0   0   0  27   0   0   2   0   8   8   0   2   1   0   2   2   0   1  31  1.04 0.54
   97 F     0   1  -1  -3   0  -1  -3  -3  -1   3   0   0   1   1  -3   0   0  -3   0   2    6   9   2   1   2   2   0   1   1  17   7   6   3   6   0   8   7   0   3  18  0.17 0.18
   98 F    -2  -4  -5  -6   1  -5  -5  -6   0   4   2  -5   2   5   0  -4  -3   0   0   2    3   1   0   0   3   0   0   0   2  24  16   0   4  23   6   0   1   1   2  11  0.72 0.43
   99 N    -3   5   3   0  -1   1  -2  -5   3  -2  -3   1  -2  -4  -5  -1  -1  -5  -2   0    2  36  17   4   1   5   2   0   6   2   2   7   1   1   0   5   3   0   1   6  0.69 0.46
  100 T    -2  -5  -5  -5   2  -3  -5  -5  -5   2  -1  -5  -1  -3   1  -1   3  -6  -5   5    2   0   0   0   4   1   0   0   0   9   6   0   1   1   6   4  19   0   0  46  0.91 0.54
  101 L    -3  -3  -4  -4  -2  -4  -5  -4   0   3   4  -3   1  -2  -4  -4  -2  -2  -2   3    2   1   1   1   1   1   0   1   2  18  40   1   2   1   1   1   2   1   1  23  0.79 0.45
  102 H    -2   4  -2  -1  -6  -1  -3   0   8  -4  -4   1  -3   0  -5  -2  -4  -1   3  -4    4  18   2   3   0   2   1   7  33   1   1   9   0   4   0   2   0   1   8   1  1.00 0.56
  103 V    -2  -3  -3  -5   2  -4  -4  -6  -5   3   0  -5   0  -3  -5  -2   1  -5  -4   6    2   2   2   0   5   1   1   0   0  13   8   0   1   1   0   3   7   0   0  52  0.98 0.54
  104 G     0  -5  -3  -5   0  -2  -5   4  -1  -6  -6  -4  -5  -3  -5   6  -1  -6  -6  -4    6   0   1   0   2   1   0  25   1   0   0   0   0   1   0  57   3   0   0   1  1.31 0.75
  105 G     0   1   2  -1  -2   2   1   1   3  -3  -3   0  -2  -1  -2   1  -1  -2   2  -2   11  11  10   1   0  10  11  11  10   1   1   1   0   0   1  11   1   0  10   1  0.20 0.11
  106 T     0   0   0   0   1  -1  -1  -1  -2  -1  -2   1   0   1  -2   2   2  -2   1  -1    5   4   4   4   3   0   4   4   0   4   1   9   3   8   0  19  19   0   5   4  0.15 0.16
  107 I    -1  -2  -3  -3  -2  -2  -3  -3  -3   3   2  -1   2   1  -1  -1   0  -2   1   1    4   0   0   0   0   0   1   1   0  26  25   4   6   4   3   4   6   0   6   9  0.25 0.16
  108 R     0   0   0   0  -2   1   0   0   1   0   0   0   1   0   1   0   0  -3  -1   0    6   6   6   6   0   6   6   6   6   6   6   6   6   6   6   6   6   0   0   6  0.04 0.07
  109 T     0   0   1   0   1   2  -1   0   3  -1  -2   2  -2   0  -3   1   0  -3  -2  -1    8   4   8   4   3  11   0   6   7   4   4  15   0   5   0  11   6   0   0   4  0.15 0.19
  110 C     1  -4  -3  -4   7  -1  -3  -2  -4   1   0  -3   1  -1   0   0  -1  -4  -3   2   14   0   0   0  28   3   0   3   0   7   7   0   3   3   5   7   4   0   0  13  0.56 0.35
  111 Q    -2   2   0  -2  -4   4   1  -3   2  -2  -2   2   0   2  -3  -1  -1  -3   2  -3    3  12   4   0   0  23  11   0   4   3   3  12   2  10   0   3   2   0   8   0  0.39 0.30
  112 K    -2   2   0   0  -1   1   1  -3  -1  -1  -2   4   0  -2  -2  -1   0  -1  -3  -2    2   9   3   6   1   5  10   1   1   4   4  35   2   1   1   4   7   1   0   1  0.39 0.32
  113 F     2   0   0  -1  -1  -1   1  -2  -1  -1  -1   1   0   4  -4   0  -2   1   1  -2   19   6   5   2   1   3   9   2   1   3   5   8   3  19   0   5   2   2   4   2  0.22 0.22
  114 L     3  -4  -4  -5   0  -4  -4  -2  -4   4   3  -4   1   1  -4  -2  -1  -4  -1   0   25   0   0   0   1   0   0   3   0  22  28   0   2   5   0   2   3   0   2   5  0.53 0.36
  115 I    -1   0  -4  -2  -1  -1  -1  -4  -1   4   2   0   1   0  -4  -2  -1  -4  -3   2    3   6   0   2   1   3   4   0   2  29  21   6   2   3   0   1   4   0   0  12  0.35 0.26
  116 Q     0   3   1  -1  -4   1   2  -2   0  -2  -2   3  -2  -4  -3   0  -1  -4  -1  -3    6  20   7   3   0   7  13   2   2   2   3  22   1   0   0   6   3   0   2   1  0.38 0.28
  117 Y    -3   3  -1  -4   1  -1  -1  -4   4   0  -1   0  -1   2  -4  -3  -3   3   5  -2    2  20   3   0   3   2   3   1  12   5   5   5   1   7   0   2   1   4  22   2  0.61 0.38
  118 N    -1  -1   3   3  -4   2   0  -2   3  -2   0  -1   0  -2  -2   0   0  -4   1  -2    5   2  16  16   0  13   3   2   7   2   9   1   3   1   2   5   4   0   5   3  0.26 0.24
  119 R    -2   5  -2  -2  -1   2   1  -3   0  -3  -1   2  -1  -5  -4   0  -2  -5  -2  -2    3  38   2   1   1   9   9   2   2   1   6  13   2   0   0   6   1   0   1   3  0.65 0.41
  120 R     0   2   1   1  -4   1   2  -2   0  -2  -1   2  -1  -4  -3   0   0  -4  -2  -2    9  13   6   8   0   7  15   2   2   2   6  16   1   0   0   5   6   0   1   1  0.27 0.22
  121 Q    -1   1  -1  -1  -3   2   2  -2   0   0   0   1   0  -1  -1  -1   0   2   0   0    5   6   2   3   0  11  13   2   2   4  12  11   2   2   3   4   4   3   4   6  0.10 0.13
  122 L    -2  -4  -5  -5  -1  -4  -4  -5  -4   4   4  -3   2   1  -5  -2  -2  -4   1   1    2   0   0   0   1   0   0   0   0  25  42   1   5   5   0   3   2   0   5   6  0.73 0.40
  123 L     0   1   0   0  -3   0   1  -1   2   0   0   0   0  -1   0   0  -1  -2   1   0    8   8   4   5   0   5  11   3   6   5  14   3   1   3   5   6   2   0   5   6  0.05 0.07
  124 I     0   2   0  -1  -3   2   1  -2   0  -1  -1   2  -1  -1  -1   0  -1   1  -2   0    9  14   3   3   0   9   9   2   2   4   7  13   1   3   2   7   3   2   1   6  0.13 0.13
  125 L     1  -1  -2  -2  -1  -1  -1  -3  -2   1   3  -2   2   1  -1  -1  -1  -1   2   0   11   3   2   2   1   3   5   1   1   8  30   2   6   5   2   3   2   1   7   6  0.19 0.18
  126 L    -1   1  -1  -2   1   1  -1  -3  -1   0   2   0   0  -1  -3  -1  -1   4   1   0    3   7   3   1   3   9   4   1   1   6  25   7   2   2   0   4   2   6   6   6  0.17 0.17
  127 Q     1   2   2  -1  -3   1   0   0  -1  -2  -1   2  -2  -2  -1   0  -1  -4  -2  -2   15  10   9   2   0   7   6   8   1   2   7  17   0   2   3   7   2   0   1   1  0.19 0.19
  128 N     0   1   3   1  -4   1   2  -1   2  -2  -2   2  -1  -2  -3   0   0  -4  -2  -2    8   7  14   6   0   7  11   5   5   2   4  14   1   2   0   6   5   0   1   2  0.21 0.18
  129 C     2  -2  -1  -2   5  -1  -1  -1  -2   0   1  -1   0  -2  -1   0   0  -2  -2  -1   17   2   4   2  15   3   3   5   1   5  18   4   2   2   3   5   7   1   1   2  0.23 0.20
  130 T     0   1  -1  -1  -3   0   1  -1  -2  -1  -1   3  -2  -3  -1   1   1  -4  -3   0    6   8   3   3   0   4  10   3   1   5   6  23   0   1   2   9  10   0   0   6  0.21 0.20
  131 D    -1   0   2   1  -1   0   0  -1   0  -1  -1   0  -2  -4   0   2   3  -4  -3  -2    3   6  10   7   1   4   4   5   2   3   5   5   1   0   5  16  21   0   0   1  0.24 0.23
  132 E     0   0  -1   1  -4   1   3   0  -2  -1  -2   1  -1  -1   2   0  -1  -4  -2  -1    9   4   1   9   0   7  19   6   0   4   3  11   2   2   9   6   3   0   1   3  0.20 0.19
  133 G    -1  -1   1   1  -4   0   3   2  -1  -3  -3   1  -3  -3  -2   0  -1  -5  -4  -1    4   3   7   9   0   4  24  19   1   1   3  11   0   1   2   5   3   0   0   5  0.34 0.27
  134 E     0   0   0   1  -5   2   5  -2  -1  -3  -2   2  -4  -3  -1  -1  -1  -5  -4  -4    7   4   4   8   0   9  36   3   1   2   4  11   0   1   2   4   3   0   0   0  0.52 0.38
  135 R    -2   4   0   0  -5   0   2  -2  -1  -3  -2   4  -1  -3  -3  -1  -2  -5  -3  -2    3  27   4   4   0   2  11   2   1   2   4  27   2   1   1   3   2   0   1   3  0.56 0.38
  136 E     0   1   1   0  -2   2   3  -3  -1  -3  -2   3   0  -3  -1   0   0  -4   0  -3    7   6   8   4   1  11  19   1   1   1   4  18   2   1   2   5   5   0   3   1  0.32 0.27
  137 A     1   0   0   1  -2   1   3  -2  -2  -1  -1   2  -1  -2  -2   0  -1  -4  -2  -2   15   5   4   9   1   6  19   2   0   4   6  13   2   1   1   6   3   0   1   2  0.22 0.21
  138 I    -1  -4  -2  -2  -4  -1  -2  -4  -4   4   1  -4   4   1  -4  -2   0  -4  -3   2    4   0   2   3   0   2   3   1   0  28  14   0  11   6   0   3   5   0   0  16  0.47 0.32
  139 Q     0   1  -2  -1  -4   3   1  -3  -1   0   1   1   2  -1  -3  -1  -1  -4  -2  -2    6   8   1   3   0  18  10   2   2   5  18  11   5   3   1   2   2   0   1   2  0.24 0.24
  140 K     0   1   1   1  -5   1   4  -1  -3  -3  -3   3  -2  -5  -4  -2  -1  -5  -4  -2    9   7   7   7   0   6  26   4   0   1   2  23   1   0   0   1   4   0   0   2  0.51 0.36
  141 S     3  -2  -1   0  -2  -1   0   1  -1  -1  -2   0  -1  -3  -3   3  -2  -4  -1  -1   26   1   1   5   1   2   6   9   2   5   4   5   2   1   0  26   1   0   2   3  0.32 0.31
  142 V    -1  -4  -3  -5  -4  -3  -2  -5  -5   4   2  -3   3   1  -2  -3  -1  -4  -2   3    3   0   2   0   0   1   3   0   0  29  21   1   7   6   2   1   3   0   1  19  0.59 0.37
  143 T     0  -1  -1   1  -3   1   1  -3  -1  -1   1   1   3   0  -2   0   1  -3  -1  -1    9   1   1   7   0   6   8   0   2   2  15   9  10   4   1   7  12   0   2   4  0.13 0.18
  144 R    -1   2   0   2  -4   0   2  -2  -3  -2  -2   3  -3  -3  -2   1   0  -5  -4  -3    5  13   4  11   0   3  14   2   0   2   3  23   0   1   1   9   6   0   0   1  0.36 0.28
  145 S     0  -1   0   0   3   0   0  -1  -3   1   0  -1   0  -2  -3   2   0  -4  -1  -1    7   2   6   4   7   3   8   3   0  12   9   3   2   1   0  23   6   0   1   3  0.14 0.18
  146 C    -2  -2   1  -2   6  -1  -2   0  -3   0   1   0   0  -3   0   1   0   0  -2  -1    0   1   6   2  19   2   1   7   0   7  15   5   2   0   5  14   6   1   1   4  0.29 0.25
  147 L     0   1  -1   0   0  -1  -1  -1  -2   1   1  -1   0   0  -1   0   0  -3  -2   1    7   9   3   7   2   3   3   3   0  10  18   2   2   5   2   8   5   0   0  11  0.04 0.08
  148 L     0  -1  -1   0  -2   1   0   0  -1   1   1   0   1  -1  -2   0   0  -3  -2   1    5   3   2   6   0   8   8   7   2   7  21   4   3   3   0   5   5   0   0  10  0.06 0.09
  149 E    -2   0   0   4  -5   1   4  -4  -3  -4  -1   1   1  -4  -1  -1  -2  -5  -4  -2    3   4   3  22   0   6  34   0   0   0   6   7   4   0   2   3   1   0   0   4  0.57 0.36
  150 E    -2   1   2   2  -4   1   4   0  -2  -1  -1   1  -3  -2  -3   0  -2  -4  -2  -3    1   8  10   9   0   6  32   7   0   4   7   7   0   2   0   5   0   0   1   1  0.37 0.28
  151 E    -1   0   1   1  -4   1   4  -1  -2  -3  -1   0   1  -4  -3   1   0  -4  -3  -1    4   5   5   6   0   4  36   3   0   0   6   5   4   0   0  11   6   0   0   6  0.37 0.28
  152 E    -1   0  -2   3  -4   2   4  -2  -1  -2  -1   0   1  -4  -3   0  -1  -4  -3   0    5   4   0  16   0  12  29   2   1   2   5   4   4   0   0   7   2   0   0   8  0.37 0.28
  153 E    -1   0   0   2  -3   0   2   0   1  -1  -1   1  -2  -2  -2   1   0  -4  -2  -1    4   4   3  16   0   2  16   6   5   3   7  10   0   2   0  11   6   0   0   4  0.17 0.15
  154 S     0  -3   0   1  -3  -2   1   0   1  -1  -4   0  -3  -1  -3   4   1  -4  -3  -1    4   0   2  10   0   0   9   6   3   4   0   4   0   2   0  42  10   0   0   4  0.42 0.32
  155 G     0  -1   1   1  -4   0   0   4  -3  -3  -4  -1  -1  -1  -3   0  -2  -4  -3  -1    8   2   7  10   0   4   6  42   0   0   0   3   2   3   0   6   0   0   0   6  0.48 0.25
  156 E    -1  -2  -1   5  -5   0   5  -2   2  -4  -3   0  -4  -5  -3  -1  -1  -5  -4  -4    3   0   0  33   0   3  39   2   6   0   3   6   0   0   0   4   2   0   0   0  0.80 0.35
  157 E    -2   1  -2   1  -5   2   5  -2   1  -1  -4   1  -3  -4  -1  -1  -2  -4  -3  -1    0   7   0   7   0   8  50   2   4   5   0   9   0   0   3   3   0   0   0   4  0.63 0.30
  158 A     3   0  -2   0  -2   0   1  -2  -2  -1   0  -1   0  -3   0   2  -1  -4  -3  -1   36   4   0   5   0   4  13   0   0   5   9   0   4   0   4  16   1   0   0   1  0.23 0.16
  159 A     2   2  -1   3  -3  -1   1  -2  -2  -1  -2   1   2  -3   0   0  -1  -4  -3  -2   23  11   0  20   0   0   8   0   0   5   0  12   8   0   4   6   1   0   0   0  0.25 0.16
  160 E     1  -1   1   3  -3   0   4  -2  -2  -3  -2   1  -2  -4  -2  -1   0  -4  -3  -3   17   0   5  18   0   0  41   0   0   0   4  10   0   0   0   0   5   0   0   0  0.49 0.20
  161 A     3  -2   1  -1  -2  -1   0  -1  -2  -2  -2  -1   1  -3  -1   2   1  -3  -2   0   37   0   7   0   0   0   7   0   0   0   0   0   7   0   2  25   9   0   0   7  0.28 0.12
  162 M    -2  -3  -3  -4  -2  -2  -3  -4  -3   2   2  -3   7   2  -4  -3  -2  -2  -1   1    0   0   0   0   0   0   0   0   0  11  20   0  57   9   0   0   0   0   0   3  0.63 0.17
  163 E    -1   0  -1   1  -4   2   6  -3   0  -4  -3   1  -2  -4  -2   0  -1  -3  -2  -3    0   0   0   0   0   0 100   0   0   0   0   0   0   0   0   0   0   0   0   0  0.90 0.09

                      K         Lambda
Standard Ungapped    0.1394     0.3262
Standard Gapped      0.0420     0.2670
PSI Ungapped         0.1371     0.3178
PSI Gapped           0.0420     0.2670
