
Last position-specific scoring matrix computed, weighted observed percentages rounded down, information per position, and relative weight of gapless real matches to pseudocounts
            A   R   N   D   C   Q   E   G   H   I   L   K   M   F   P   S   T   W   Y   V   A   R   N   D   C   Q   E   G   H   I   L   K   M   F   P   S   T   W   Y   V
    1 M    -6  -7  -7  -8  -7  -6  -7  -8  -7  -4  -1  -7  11  -5  -8  -7  -6  -7  -6  -4    0   0   0   0   0   0   0   0   0   0   3   0  97   0   0   0   0   0   0   0  3.82 1.13
    2 D     6  -5  -2   3  -5  -4   0  -4  -5  -4  -6  -4  -5  -6  -3  -1  -1  -7  -6  -4   64   0   2  19   0   0   7   0   0   1   0   0   0   0   1   4   3   0   0   0  1.26 0.59
    3 S     2  -2  -4  -3  -3  -2   0  -4  -5  -6  -3  -3  -4  -2  -2   6   0  -7  -6  -5   18   2   0   1   0   1   5   0   0   0   3   1   0   2   2  61   4   0   0   0  1.17 0.61
    4 D     1   1   2   3  -4   0   1   1   0  -4  -4   0  -3  -3  -2   2   0  -3  -4  -3   14   7  10  15   0   3  10  10   2   1   0   5   0   1   2  15   5   0   0   1  0.32 0.22
    5 F     0   0  -2  -3   0  -1  -2  -2  -2   1   1  -2   0   0   3   1   1  -1  -2   0    8   6   2   0   2   3   2   2   1   7  17   1   2   4  16  10  10   1   0   5  0.19 0.16
    6 S     2  -3  -3  -3  -1  -2  -3  -3  -3   0   2  -3   2  -2   1   3   0  -4  -4   1   16   1   1   1   1   1   1   1   0   4  23   0   4   1   7  23   5   0   0  10  0.35 0.27
    7 H    -2   1  -1   1  -3   4   3  -2   0  -4  -2   2  -1  -2  -2   0  -1  -4  -3  -2    3   8   3   6   1  18  23   2   2   1   4  11   1   2   2   7   3   0   0   4  0.39 0.25
    8 A     0   0   2   1   0   0   0   0  -2  -2  -1   1  -1  -2  -1   2   1  -3  -3  -2    7   5  11   7   2   3   4   6   0   3   6   9   1   2   2  20   9   0   0   3  0.15 0.14
    9 F    -4  -1  -5  -5  -2  -4  -5  -5  -5   1   5  -5   4   3  -2  -2  -3  -2  -3  -1    1   3   0   0   1   0   0   0   0   6  55   0   8  14   2   4   1   1   0   3  0.92 0.41
   10 Q    -3   2  -3  -2   0   5   3  -4   2  -5  -4   1  -3  -5  -2  -2  -1   4  -3  -2    2   9   0   2   2  30  21   1   4   0   2   8   1   0   2   2   4   7   1   3  0.77 0.44
   11 K    -1   0   0   2  -3   0   6  -4  -3  -5  -4   1  -3  -6  -4  -1  -2  -6  -3  -2    5   5   4  11   1   3  50   1   0   1   1   7   0   0   1   4   2   0   1   3  0.90 0.47
   12 E    -3  -4  -2   3  -6   2   6  -4  -2  -4  -6   0  -2  -4  -2  -3  -4  -4  -3  -5    2   0   1  18   0   8  55   1   1   1   0   6   1   1   2   1   1   0   1   0  1.26 0.59
   13 L     3  -5  -4  -5   0  -4  -5  -4  -5   0   3  -4   0   2  -3  -2  -1  -3  -2   3   22   0   0   0   2   0   0   1   0   3  35   0   1   8   1   2   4   0   1  19  0.58 0.34
   14 T    -1  -2  -1  -3   1  -1  -3  -4   0   0   1  -1  -1  -3  -1   2   4  -1  -3   0    4   2   2   1   3   2   1   0   3   5  13   3   1   1   3  17  33   1   1   5  0.43 0.32
   15 C    -6  -3  -8  -9  12  -9  -9  -6  -9  -7  -7  -9  -7  -8  -9  -5  -7  -8  -4  -7    0   2   0   0  95   0   0   1   0   0   0   0   0   0   0   1   0   0   1   0  4.38 1.32
   16 V    -1  -5  -4   0   0  -4  -4  -5  -2  -5  -4  -4  -6   1   6   4  -2  -7  -4  -4    5   0   0   5   2   0   0   0   1   1   2   1   0   5  38  36   2   0   1   1  1.20 0.63
   17 I    -4  -5  -5  -5  -5  -5  -6  -4  -7   6   2  -6  -2  -3  -7  -4  -3  -6  -5   4    1   1   0   1   0   0   0   1   0  50  15   0   0   1   0   1   1   0   0  28  1.38 0.59
   18 C    -6  -3  -8  -2  12  -9  -9  -8  -9  -7  -7  -9  -7  -8  -9  -7  -7  -8  -8  -7    0   2   0   3  95   0   0   0   0   0   0   0   0   0   0   0   0   0   0   0  4.39 1.36
   19 L    -4   0  -4  -6   3   3  -4  -4   1  -2   5  -2   2  -2  -5  -2  -3  -2  -1  -3    0   5   1   0   6  12   1   2   4   1  53   3   4   1   0   3   1   1   2   1  0.81 0.47
   20 N    -1  -3   1   5  -3  -1   3   2  -1  -5  -5  -2  -6  -6  -5  -1  -1  -7  -6  -4    6   1   6  37   1   2  22  13   2   0   1   2   0   0   0   3   3   0   0   1  0.88 0.47
   21 Y    -3  -3  -2  -1  -1  -1  -3  -4  -1   2   1  -4   2   2  -1  -2  -1  -1   5   1    1   1   2   3   1   4   1   1   1  14  15   0   6   8   4   2   3   1  23  10  0.46 0.29
   22 L    -5  -5  -5  -6  -2  -5  -2  -6  -4  -2   2  -5   2   8  -4  -3  -4  -3   3   0    1   0   0   0   1   0   3   1   0   1  18   0   5  54   1   2   0   0   7   5  1.41 0.56
   23 V    -2   3  -1  -2  -1   1   0  -2  -1  -1  -2   3  -1  -4  -3  -1   3  -5  -4   0    2  19   3   1   1   5   5   4   2   3   3  16   2   1   1   4  23   0   0   6  0.38 0.28
   24 D    -2  -3   2   6  -6  -1   3  -4   1  -2  -5  -1  -5  -4  -4  -2  -2  -2  -4  -4    4   1   9  51   0   2  16   1   3   2   1   4   0   1   0   2   2   1   1   1  1.12 0.52
   25 P    -3  -4  -6  -6  -6  -3  -5  -6  -6  -6  -2  -5  -6  -7   9  -4  -4  -7  -6  -6    2   1   0   0   0   1   0   0   0   0   5   0   0   0  85   1   1   0   0   0  2.70 0.97
   26 V    -3  -4  -6  -6  -3  -3  -5  -2  -6  -1  -1  -4   0  -3  -5  -1  -3  -3  -3   7    1   1   0   0   1   1   1   4   0   2   6   1   2   1   0   6   1   0   1  71  1.38 0.63
   27 T    -2  -1  -2  -1  -1  -2  -3  -2  -4   1   0   0   2  -2  -4   2   4  -4  -3   0    2   4   1   3   1   1   1   3   0   8   9   5   6   2   0  18  28   0   1   7  0.36 0.29
   28 I    -3  -2  -2  -5  -4  -4  -5  -2  -3   4   4  -4   0  -2  -3  -3   2  -4  -3   0    2   2   2   0   0   0   0   4   1  24  41   0   1   1   1   1  11   0   1   6  0.69 0.37
   29 C    -1  -1   0   2  -2  -1   2   0  -1  -4  -3   0  -3  -2   3   2   1  -2  -3  -3    3   4   4  13   1   2  13   7   2   1   2   5   1   2  14  17   7   1   1   1  0.32 0.23
   30 C    -6  -7  -7  -7  12  -7  -7  -7  -7  -6  -6  -2  -6  -7  -7  -3  -6   3  -2  -6    0   0   0   0  85   0   0   0   0   0   0   3   0   0   0   2   0   4   2   0  3.82 1.17
   31 G    -2  -2  -2  -1  -2  -2  -1   6  -1  -6  -5  -3  -2  -6  -5   1  -3  -6  -6  -1    2   2   1   3   1   2   4  61   1   0   1   1   1   0   0  11   2   0   0   5  1.16 0.54
   32 H    -6  -1   0  -2  -7  -1  -3  -6  11  -7  -7  -5  -6  -6  -1  -4  -6  -6   0  -7    0   3   4   2   0   3   2   0  77   0   0   0   0   0   4   1   0   0   3   0  2.93 1.03
   33 S    -3  -2   5   0  -2  -3  -4  -2   2  -2  -4  -2  -4  -3  -3   4   1  -2  -3  -1    0   2  30   5   1   1   0   3   5   3   1   2   0   1   1  30   8   1   1   4  0.78 0.46
   34 F    -4  -3  -2  -6  -1  -3  -6  -6  -5   2  -1  -5  -1   8  -3   1  -3  -4   2  -2    1   1   2   0   1   1   0   0   0  10   4   0   1  55   1   9   1   0   5   3  1.37 0.59
   35 C    -5   1  -6  -6  11  -6  -6  -6  -6  -6  -6  -2  -6  -6  -6  -2  -5  -6  -6  -5    1   8   0   0  81   0   0   1   0   0   1   3   0   0   0   3   0   0   0   0  3.42 1.09
   36 R    -2   4  -1   0   1   3  -1  -1   2  -3  -2   2  -1  -2  -1   1  -1   0   0  -3    2  25   2   5   3  12   2   5   6   1   3  12   1   1   2   9   2   1   3   1  0.39 0.26
   37 P     1  -1  -1  -1   0   0   1  -1   1   0  -2  -1  -1  -2   1   2   0  -4  -2   1   15   2   3   3   2   4   8   3   4   6   2   3   1   1   7  16   5   0   1  12  0.13 0.14
   38 C    -1  -6  -6  -6  10  -6  -6  -1  -6  -4   0  -6  -5  -5  -1  -1  -4  -5   1  -1    4   0   0   0  62   0   0   4   0   0   9   0   0   0   4   4   0   0   5   4  2.18 0.82
   39 L    -2  -7  -1  -1   2  -1  -7  -8  -8   4   3  -2   1   0  -1  -2  -1   3  -7   0    4   0   4   3   3   3   0   0   0  22  27   3   4   4   3   4   4   3   0   7  0.66 0.35
   40 C    -1  -1   0   0   4   1   1   1   1  -1  -2  -1   0  -1  -2   0   0   2   0   1    5   3   5   4   8   8   8   9   3   4   3   3   3   3   3   6   6   2   3  10  0.13 0.11
   41 L     0   2  -2   0   1   4   1  -1   0  -3   0   1  -1  -3  -3  -1  -2   0  -1  -2    7  11   2   5   3  16   8   5   2   2  11   8   2   1   2   5   3   1   2   4  0.25 0.22
   42 S    -3  -2   2  -4   5  -2  -6  -3   2  -1   0  -2  -1   2  -2   2  -1   3   4  -1    2   3   8   1  11   2   0   2   4   4   9   3   2   8   3  16   5   3  11   5  0.48 0.32
   43 W    -1   0   0   0   2   0  -1  -1   2   0  -1   0   2   0   0  -1   0   3   1  -1    5   5   5   5   5   5   5   5   5   5   5   5   5   5   5   5   5   5   5   5  0.03 0.09
   44 E    -2   0   0  -1   0   2   4   0  -1  -3  -3   1  -1  -2  -1  -1  -1   5  -6  -3    4   6   5   4   2   8  22   8   2   2   3   8   2   2   4   5   4   8   0   3  0.41 0.33
   45 E    -2   0   1   2   0   1   2   0   3  -1  -3   1   0  -2  -1   0  -1   1  -1  -1    4   5   7  12   2   6  11   8   6   3   2   8   3   2   3   6   4   2   2   4  0.17 0.16
   46 A     1  -1  -1  -2  -1   1   0   0  -1   0   0   1  -1  -2   1   1   0   0  -3  -1   14   3   3   1   1   6   5   7   1   7  12   7   1   1   6  13   6   1   0   3  0.08 0.12
   47 Q    -1   1   0   1  -1   2   2   0   0  -3  -3   2  -3  -2   0   0   0  -4  -2   0    4   8   4   8   2  12  14   7   2   1   2  12   0   1   5   5   4   0   1   7  0.21 0.19
   48 S     0   0   0   1  -3  -1   0   2   0  -1  -1  -1  -1  -2   1   1   1  -4  -2  -1    8   5   4   7   0   2   5  17   3   4   5   3   1   1   6   9  12   0   1   4  0.12 0.12
   49 P    -1   0   1   0  -1   0   0   0   2  -1  -1   0  -1  -2   3   0   1  -1  -1  -1    4   4   6   4   2   5   5   7   6   3   6   5   1   1  16   7   9   1   2   5  0.15 0.13
   50 A     0   0  -1  -2   1   0  -1  -1   0   0   0   1   0   2   0   0   0   0   1   1    5   7   2   2   4   3   2   6   2   4   9   9   2  11   5   5   4   1   4  13  0.04 0.07
   51 N    -1   0   0  -1   1   1   0  -1   4  -2  -2   1  -2   0   1   2   2  -3  -1  -1    3   4   3   3   4   5   4   4  11   2   4   8   0   5   6  14  13   0   2   4  0.16 0.14
   52 C    -2  -4   1  -4  10  -4  -4  -4  -4  -3  -3  -4  -3  -4  -4   0  -3  -4  -4  -3    1   1   8   1  67   0   1   1   0   1   1   1   0   0   1   8   1   0   0   1  1.90 0.55
   53 P     0  -5  -5  -4  -5  -4   0  -5  -5   0  -1  -4  -4   1   7   0   0  -5  -5  -4    7   0   0   0   0   0   6   1   0   6   7   0   0   6  52   7   6   0   0   0  1.25 0.55
   54 A     0   0   0   0   2   0   0  -3   1   0  -1   0   1   0   0   0   0  -2   1   0    5   5   5   5   5   5   5   0   5   5   5   5   5   5   5   5   5   0   5   5  0.02 0.10
   55 C    -5 -10  -9 -10  12 -10 -10  -9 -10  -9  -9 -10  -9  -4  -9  -4  -8  -9  -9  -8    1   0   0   0  94   0   0   0   0   0   0   0   0   1   0   2   0   0   0   0  4.72 1.85
   56 R    -7   7  -2  -7  -3   1  -5  -1   0  -5  -1   3  -1  -5  -5  -3  -5   0  -7  -6    0  50   2   0   1   7   1   5   2   1   7  17   1   1   1   2   1   1   0   1  1.40 0.80
   57 E     1   3  -2  -3  -2   3   3  -2   2  -2  -3   2  -2  -3  -4  -2   0  -3  -3  -2   11  14   1   1   1  11  19   3   5   2   3  12   1   1   1   3   6   0   1   3  0.42 0.35
   58 P    -2   2  -3  -2  -1  -1   0  -3   1   0  -2   1   0  -3   3   1   2  -1  -4   1    3   9   1   3   1   2   5   2   3   6   4   9   2   1  15  11  11   1   0  11  0.24 0.25
   59 S    -2  -5  -3  -6   5  -6  -4  -5   0   0  -3  -5  -3   6  -2   3  -2  -3   3   0    4   1   1   0  11   0   1   1   2   6   2   1   1  25   2  24   3   0   8   6  0.93 0.59
   60 P     0   1  -1  -2   2   3   0  -3   0  -4  -2   0  -3  -4   3   2  -1  -2  -1  -3    6   8   2   2   4  15   5   2   3   1   5   5   1   1  16  16   3   1   2   2  0.38 0.35
   61 K    -3   1  -1  -1  -2   3   2  -1   0  -2  -2   3   0  -2   2   0  -2  -2  -1  -4    2   8   2   3   1  15  12   5   2   3   5  17   3   2   8   6   2   1   2   1  0.32 0.30
   62 M    -3   4  -2   1  -3  -2   2   1  -3  -3  -4   2   1  -4  -1   1   1  -2  -5  -3    2  23   2   8   1   2  13   9   1   2   1  10   3   1   4   8   7   1   0   2  0.44 0.36
   63 D    -2   0   4   3  -1   0   1  -3   3  -4  -3  -1  -3  -3   0   2   0  -3  -2  -3    3   4  18  16   1   4   7   2   7   1   3   3   1   1   4  14   5   0   1   2  0.45 0.36
   64 F    -4  -4  -7  -5   0  -4  -6  -3  -2   1   4  -5   0   4   3  -4  -4   0   0  -1    1   1   0   1   2   1   0   2   1   7  41   1   2  15  14   2   1   1   3   4  0.87 0.53
   65 K    -3   5  -2  -4  -1   1   0  -3   0  -2  -1   2  -3  -4   2  -1  -1   0  -3  -1    2  28   2   1   1   7   5   2   2   2   6  14   1   1  11   5   3   2   1   4  0.52 0.39
   66 T    -1  -1  -2  -2   1  -3  -2  -4  -1   0  -2  -2  -3  -2   5   1   1  -2  -3   1    5   4   2   3   3   1   3   1   2   6   5   3   1   1  32   9   8   1   1  10  0.54 0.39
   67 N    -2  -3   8   0  -2  -2  -3  -3   3  -2  -7  -1  -2  -7  -3   0  -3  -7  -6  -4    3   2  59   5   1   1   2   2   7   3   0   3   1   0   1   7   1   0   0   1  1.52 0.81
   68 I    -3   4  -2  -4  -1   0  -1  -2   2   1   1   0  -1  -1  -1  -1   1   3   0  -1    2  23   2   0   1   4   3   2   5   7  15   5   1   3   3   4   9   4   3   3  0.28 0.27
   69 L     1  -1  -1  -1   0   4  -1  -2   2  -1  -1  -1  -1   0   1  -1   0   0  -2   1   13   4   3   2   2  19   2   3   5   2   7   2   1   5   6   4   7   1   1   9  0.17 0.22
   70 L    -2  -2  -3  -5  -4  -5  -3  -2  -1  -1   6  -3   0  -1  -3  -5  -2  -5  -4   0    4   3   1   0   0   0   2   4   2   3  65   2   2   3   2   0   2   0   0   5  0.98 0.56
   71 K     2   2   0  -2   0   1   1   1   0  -4  -3   3  -2  -4  -1   0  -1  -1  -2  -2   19   9   3   1   2   5   7  10   2   0   3  20   1   0   2   8   2   1   1   2  0.29 0.27
   72 N    -1   1   5   0  -1  -1   1  -1   2  -2  -4   1  -1  -5  -2   0   0  -5  -2  -3    4   9  32   4   1   2   8   5   5   2   2   9   1   0   2   7   5   0   1   2  0.50 0.37
   73 L    -1  -2  -3  -5  -1   1  -2  -5  -1   3   3  -2   4  -1  -5  -2  -2  -4  -3   2    5   2   2   0   2   6   2   0   2  19  30   2   9   3   0   3   2   0   0  11  0.48 0.34
   74 V     2  -2  -4  -3   5  -4  -3  -1  -5   1  -1  -2  -1  -2  -1   0   0  -5  -4   4   16   2   0   2  11   0   2   4   0   6   5   2   2   2   3   9   5   0   0  31  0.48 0.36
   75 T    -1  -1   0   1  -4   1   4  -2   1  -1  -2  -1   1  -1  -1   0   0   2   0  -2    5   4   4   9   0   4  27   3   4   4   3   4   3   3   3   6   4   3   3   3  0.24 0.26
   76 I     0   0   0   0   2   0   0  -1   1   0  -1   0   1   0   0   0   0  -2   1   0    5   5   5   5   5   5   5   5   5   5   5   5   5   5   5   5   5   0   5   5  0.03 0.05
   77 A     3  -4  -4  -4  -1  -3  -5  -2  -3   2   1  -3  -2   4  -4  -2   0  -5   1   2   22   1   1   1   1   1   1   4   1  10  12   2   1  18   1   3   5   0   4  12  0.50 0.36
   78 R    -4   5  -3  -5  -3   3  -2  -4  -8  -4   0   5  -2  -4  -5  -3  -4  -1  -8  -4    2  29   2   1   1  10   3   2   0   1   8  32   1   1   1   3   2   1   0   2  1.15 0.69
   79 K    -3   3  -1  -2  -2   5   2  -1   1  -4  -1   3  -1  -8  -3  -2  -2  -1  -7  -5    3  13   3   3   1  21  13   5   3   1   6  14   1   0   2   4   3   1   0   1  0.62 0.45
   80 A     0  -1  -3  -3  -1   0   0  -4   1  -1   4  -1   3   1  -1  -1  -1  -1  -3  -1    8   4   1   2   1   4   7   2   3   4  31   4   6   5   3   6   3   1   1   5  0.31 0.23
   81 S    -2   4   0  -1  -2   2  -1   0   1  -4  -2   1  -2  -3  -1   2   0  -2  -3  -3    4  22   4   4   1   7   3   7   3   1   4   8   1   1   4  14   5   1   1   3  0.35 0.30
   82 L    -1  -1  -2  -1   0   1  -1  -1  -1  -1   3  -1   1  -1   2   1  -1  -6  -1   0    5   4   2   3   2   5   4   5   2   4  24   4   3   2  10  10   4   0   2   6  0.17 0.16
   83 W    -2   1  -1  -1   0   4   0   0   3  -3  -1   1   1  -2  -1   1  -2   2   0  -2    3   8   3   4   2  15   7   6   7   1   6   7   3   2   4   9   3   2   3   3  0.23 0.21
   84 Q     0   2   0  -1  -1   2   1  -1   1  -3  -2   2  -1  -2   3  -1  -1  -6   0  -3    7  10   4   4   1  10   8   5   3   2   5  11   2   2  12   5   4   0   3   2  0.23 0.22
   85 F     1   0  -1   0   0   0   0   0   0  -1   0   0   0   0   0   0   0   1   0   0   11   6   3   6   2   3   7   8   2   3   9   4   2   5   4   6   4   2   2   6  0.01 0.02
   86 L    -1   1  -1  -1   1   1   0  -1   1  -1  -1   2   1  -1   2   0   0   2   0  -1    6   6   3   3   3   6   7   5   3   3   7  10   4   3   9   8   6   2   3   4  0.08 0.09
   87 S    -1   0   0   0  -3   0   0  -1   2   0  -1   0   1   0   0   0   0   3   1   0    5   5   5   5   0   5   5   5   5   5   5   5   5   5   5   5   5   5   5   5  0.06 0.08
   88 S     0   0  -2  -2  -2   1   2   2  -3  -4  -1   0  -1  -3   2   2  -1  -5  -3  -1    9   5   1   2   1   7  14  15   1   0   6   6   2   1   8  15   3   0   1   4  0.26 0.25
   89 E     0   0  -1   1  -3   2   4   1  -1  -5  -3   1  -3  -5   0   1  -1  -5  -5  -2    7   4   3   6   1   7  26   9   1   1   3   8   1   0   6  11   3   0   0   3  0.39 0.33
   90 K    -2   0  -2   1  -3   1   5   0  -2  -4  -2   2   0  -6  -2  -2  -2   0  -5  -2    3   5   2   7   1   6  36   9   1   1   5  10   2   0   3   3   2   1   0   3  0.60 0.43
   91 Q    -1   2   1   1  -4   2   1   0   2  -2  -2   0  -1  -2   1   0  -1  -3  -2  -1    6  10   6   7   0  11  10   8   5   2   5   4   2   2   7   6   4   0   2   5  0.15 0.16
   92 I    -2   0  -2  -5   0  -1  -3  -4   0   2   3   0   3   0  -3  -2  -1   0   0   2    4   5   2   0   2   3   2   1   2   9  28   5   7   4   2   3   4   1   3  14  0.35 0.24
   93 C    -6  -6  -7  -8  12  -8  -7  -6  -8  -8  -8  -6  -8  -6  -2  -4  -5  -5  -8  -8    1   1   0   0  88   0   1   1   0   0   0   1   0   0   2   2   1   0   0   0  4.29 1.71
   94 G    -1   0  -3   0  -4   1   4   1  -3  -3  -3   0  -4  -5   2   1  -2  -1  -6  -1    6   5   1   5   0   5  25  11   1   1   3   6   0   1   9  12   2   1   0   4  0.39 0.35
   95 T    -2   3  -3  -2  -3   1   3  -5   0  -1   1   4  -1  -5  -5  -3   1   0  -4  -1    4  14   1   3   1   7  15   1   2   3  12  21   1   0   0   1   8   1   1   5  0.47 0.36
   96 H    -7  -3  -4  -5  -4  -2  -6  -6  11  -8  -8  -5  -5  -8  -4  -6  -8  -8  -4  -8    1   2   1   1   1   2   1   1  86   0   0   1   0   0   1   1   0   0   1   0  3.89 1.62
   97 R    -3   1   1  -1  -4   4   1   3   2  -6  -2   1  -2  -5  -1  -1  -3   0  -5  -6    2   8   6   3   1  18   8  21   4   0   4   9   1   1   4   5   2   1   0   0  0.52 0.40
   98 Q    -4   1  -2  -2  -8   2   7  -5  -3  -8  -4   2  -4  -8  -7  -5  -5  -8  -5  -4    2   7   2   3   0   8  57   1   1   0   2  13   0   0   0   1   1   0   1   2  1.52 0.87
   99 T     0  -1  -2  -2  -4  -1   1  -3  -2  -2  -3   4  -3  -5   4  -3   1  -7  -5   0    8   4   2   3   0   3   8   2   1   2   4  24   1   1  23   2   8   0   0   6  0.62 0.45
  100 K    -4  -3  -7  -7  -5  -3  -2  -7  -4  -1   6   1  -1   0  -1  -4  -5  -5  -3  -2    2   1   0   0   0   2   3   1   1   3  63   8   1   4   4   2   1   0   1   3  1.25 0.68
  101 K    -3   0   0  -2   0   2   2  -4   2  -5  -2   6  -2  -5  -5   0   1  -3  -3  -4    3   4   4   2   2   7  11   2   4   1   4  38   1   0   1   6   8   0   1   1  0.78 0.51
  102 M    -5  -4  -7  -4  -6  -5  -7  -7  -2   0   6  -5   2   2  -5  -4  -5  -1   0  -1    1   1   0   1   0   1   0   1   1   4  67   1   4   7   1   2   1   1   3   4  1.47 0.73
  103 F    -7  -7  -7  -7  -7  -7  -7  -7  -4  -4  -4  -5  -6   9  -7  -5  -5  -3   3  -3    1   0   0   0   0   0   0   1   1   1   2   1   0  77   0   1   1   0   9   3  2.89 1.23
  104 C    -7  -4  -8  -5  12  -5  -8  -8  -8  -7  -7  -8  -7  -8  -8  -2  -7  -1  -8  -6    1   1   0   1  87   1   0   0   0   0   1   0   0   0   0   3   0   1   0   1  4.21 1.66
  105 D    -5   1  -4  -1  -3   1   5  -2  -2  -4   0   3  -1  -3  -5  -2  -2  -5  -4  -1    1   8   1   3   1   7  36   3   1   1  10  14   2   1   1   3   2   0   1   4  0.72 0.49
  106 M    -2  -3   0   5  -7   0   4  -4  -2  -6  -5   1  -5  -4  -3  -3   2  -5  -5  -1    3   1   4  28   0   4  26   2   1   0   1   7   0   1   1   2  11   0   0   5  0.88 0.57
  107 D    -6  -4  -2   8  -2  -4   1  -5   3  -7  -6  -5  -8  -8  -3  -4  -4  -8  -3  -7    1   1   2  68   1   1   9   1   6   1   1   1   0   0   2   2   1   0   1   1  2.09 1.06
  108 K    -4   1  -2  -4  -5   6   2   2   0  -7  -1   3  -2  -5  -5  -5  -5  -2  -6  -6    2   7   2   1   0  32  12  14   2   0   7  15   1   1   1   1   1   1   0   1  0.96 0.63
  109 S     0   2  -2  -2  -2   4   3  -5  -3  -1  -4   3   1  -5  -5   0   1  -7  -6   0    7   9   2   2   1  14  18   1   1   4   2  14   3   0   0   6   9   0   0   6  0.51 0.40
  110 L     1  -6  -7  -8   4  -5  -6  -7  -6  -3   4  -4   0   1   5  -3  -3  -7  -3   1   11   1   0   0   7   1   1   0   0   2  32   1   2   5  23   2   2   0   1   9  0.95 0.57
  111 L    -3  -6  -4  -8  -3  -8  -8  -5  -2   6   3  -8   0  -3  -3  -3  -5  -8  -5   4    3   1   1   0   1   0   0   1   1  37  24   0   2   1   2   3   1   0   0  21  1.29 0.65
  112 C    -8  -9  -5  -9  12  -3  -7  -6  -9  -8  -8  -9  -4  -9  -9  -4  -8  -9  -4  -6    0   0   1   0  89   1   1   1   0   0   0   0   1   0   0   2   0   0   1   1  4.49 1.82
  113 L    -1  -3  -6  -2  -2  -2  -1  -1  -2  -2   2  -4   1   0   0  -2  -3   5  -4   4    6   2   0   3   1   2   4   6   1   2  19   1   4   4   4   4   2   7   1  28  0.52 0.35
  114 L    -2  -1  -5  -2  -2   0  -3  -5  -1   2   2  -2   0  -1  -2  -1  -4  -7  -4   5    4   3   1   2   1   4   2   1   2  11  16   3   2   3   3   6   1   0   1  34  0.62 0.38
  115 C    -8  -5  -5  -9  12  -8  -9  -6  -8  -6  -6  -8  -8  -8  -6  -6  -6  -5  -3  -6    0   1   1   0  89   0   0   1   0   1   1   0   0   0   1   1   1   0   1   1  4.41 1.77
  116 S    -1   4  -3   2   1   1   1  -1   0  -4  -3  -2  -6  -1  -4   1  -1  -1  -3   0    5  21   1  10   2   6  10   5   3   1   4   3   0   3   1  10   5   1   1   6  0.36 0.29
  117 N    -2   3  -1   3  -3   1   3  -2  -1  -2  -1  -1   0  -1  -4  -1   0  -1  -6  -2    3  15   3  13   1   6  18   3   1   2   7   4   2   3   1   6   6   1   0   4  0.37 0.29
  118 S     0  -5  -5  -5  -1  -3  -4  -3  -4  -3  -4  -5  -4  -5  -1   7   1  -7  -5  -6    9   1   1   1   1   1   1   3   1   2   2   1   1   1   3  61   9   0   1   1  1.49 0.87
  119 Q    -2   3  -5  -3  -3   4   0  -1   1  -6  -2   3  -2  -3   3  -2  -2   0  -3  -3    4  16   1   2   1  17   7   6   3   1   5  14   1   1  13   4   2   1   1   2  0.55 0.40
  120 E     0  -1  -3   3  -1   1   5  -4  -3  -4  -3   2  -2  -8  -5  -2  -2  -8  -6  -2    9   4   2  12   2   6  35   2   1   1   4  10   1   0   1   4   3   0   0   3  0.77 0.52
  121 H    -7  -4  -5  -5  -5  -3  -5  -6  11  -9  -6  -8  -5  -8  -5  -5  -5  -8  -4  -8    1   1   1   1   0   2   1   1  85   0   1   0   0   0   1   1   1   0   1   0  3.97 1.69
  122 G    -1   5  -2  -6  -4   3   1  -2  -2  -5  -5   4  -1  -6  -4  -3  -1   0  -5  -4    5  29   2   1   1  12   7   4   1   1   2  22   2   0   1   3   4   1   1   2  0.92 0.58
  123 A     2  -2   3   2  -3  -1  -2   3   1  -6  -5  -2  -3  -5  -2   1   1  -4  -3  -3   15   2  12   9   1   3   3  22   3   1   2   3   1   1   3  11   7   0   1   2  0.48 0.36
  124 H    -9  -7  -5  -7  -3  -4  -5  -9  11 -10 -10  -4  -5  -9  -4  -6  -6 -10  -5 -10    0   1   1   0   1   1   1   0  88   0   0   2   0   0   1   1   1   0   0   0  4.26 1.83
  125 K    -1   3   2   0  -2   1  -1  -4   2  -3  -6   2  -3  -4  -1   1   3  -5  -2  -3    5  16   9   5   1   6   5   1   4   2   1  13   1   1   3  10  14   0   2   2  0.45 0.35
  126 H    -2  -5  -5  -6   3  -5  -6  -7   4   1   0  -5   2   4  -7  -6   2  -8  -4   5    4   1   1   1   5   1   1   1   8   7   8   1   4  13   0   1  11   0   1  32  0.98 0.54
  127 H    -1   1  -5  -6   5  -1  -4  -3  -2   1   1  -2   1   0  -6   0  -1   0   0   3    5   8   1   0   9   3   1   2   1   8  15   3   3   4   1   6   5   1   3  20  0.43 0.28
  128 P    -5  -4  -6  -4  -1  -4  -6  -7  -3  -6   1  -6  -3  -4   8   1  -2 -10  -5  -6    1   1   1   1   1   1   1   1   1   1  12   1   1   1  61   9   3   0   1   1  1.85 1.10
  129 I     0  -5  -7  -9  -3  -9  -7  -7  -2   6   3  -4   2  -8  -6  -6  -2  -2  -8   4    8   1   0   0   1   0   1   1   1  33  22   1   5   0   1   1   3   1   0  20  1.20 0.63
  130 E    -2  -3  -1   3 -10   2   6  -2  -2  -6  -5   1  -3  -6  -3  -1  -2 -10  -6  -5    4   2   3  13   0   8  42   4   1   1   2   9   1   0   2   6   3   0   0   1  1.02 0.68
  131 E    -5  -1  -4   2  -1   0   7  -6  -3  -5  -7   0  -2 -10  -7  -5  -3   2  -4  -5    2   4   1  10   1   4  59   1   1   1   1   7   1   0   0   1   2   2   1   1  1.62 0.95
  132 A     7  -5  -6  -7  -5  -5   0  -3  -9  -4  -6  -5  -2  -3  -7  -3  -2 -10  -9   1   67   1   0   0   0   1   7   2   0   2   1   1   1   1   0   2   3   0   0  10  1.70 0.96
  133 A     6  -6  -7  -5   2  -4  -5  -4  -2  -2  -3  -4  -5   0  -6   0  -2   1   0   2   49   1   0   1   3   1   1   2   1   3   4   1   0   4   1   6   3   2   4  14  1.07 0.65
  134 E    -1   0  -3  -1  -2   6   4  -3   0  -4  -2  -1  -3  -5  -2  -1  -1  -2  -3  -4    5   6   1   3   1  28  22   3   2   1   5   4   1   1   3   6   4   1   1   2  0.74 0.53
  135 E    -3   0   1   3  -3   1   5  -1   1  -2  -3   1  -1  -3  -2  -1  -2  -1  -2  -3    3   5   5  13   1   6  29   6   3   3   3   7   2   2   2   5   3   1   2   2  0.49 0.36
  136 H    -5  -1  -3  -5   4  -1  -6  -6   4  -3  -2   0  -1   1  -6  -3  -8  -7   8  -4    2   4   2   1   8   4   1   1   9   2   5   7   2   6   1   3   0   0  42   2  1.50 0.80
  137 R    -5   5  -8  -8  -9   2  -4  -8  -3  -5  -4   7   1  -5  -4  -5  -4   0  -8  -6    1  23   0   0   0   9   2   0   1   1   2  51   3   1   1   1   2   1   0   1  1.76 0.95
  138 E     0   0  -1   1  -2   0   5  -1  -2  -2  -3   2  -3  -4  -6  -3  -2  -4  -6   0    7   5   3   8   1   4  35   5   1   3   3  11   1   1   0   2   3   0   0   6  0.65 0.46
  139 K    -4   1  -1  -2  -3   4   3  -4  -2  -3  -2   5   0  -4  -5  -2  -2  -3  -4  -3    2   8   3   2   1  14  16   2   1   2   4  33   3   1   1   4   3   1   1   2  0.86 0.57
  140 L    -5  -5  -8  -8  -4  -4  -6  -8  -2   4   6  -4   1   1  -5  -6  -3  -8  -5  -1    1   1   0   0   0   1   1   0   1  18  56   1   3   6   1   1   2   0   1   4  1.45 0.74
  141 L    -3   1  -1  -3   0   6   1  -3   0  -3   0   3  -3  -4  -4  -1  -3   0  -5  -4    3   6   3   1   2  31   9   3   2   2   9  15   1   1   1   5   2   1   1   2  0.77 0.53
  142 K     1  -1   1   0  -1   0   2  -1  -1  -1  -3   3  -1  -4  -4   2   1  -7  -3  -2   10   3   6   5   1   4  13   4   2   4   3  16   2   1   1  13   9   0   1   3  0.28 0.25
  143 Q     1   1  -2  -2   2   3  -1  -5   3  -2  -1  -1   0  -1  -3   1   2   0   1  -2   13   6   2   2   4  11   5   1   7   3   5   4   3   2   2   9  12   1   4   3  0.25 0.23
  144 M    -4  -2  -4  -4  -2   1  -2  -5  -2   1   5  -2   4  -2  -5  -4  -5  -1  -4   1    2   3   1   1   1   5   3   1   1   6  46   3   9   2   1   2   1   1   1   9  0.91 0.51
  145 R    -1   1   1   1  -2   2   3  -2   0  -2  -2   3  -2  -5  -2  -1   0  -2  -3  -3    6   7   6   7   1   9  17   4   2   3   4  14   1   1   2   5   7   1   1   2  0.31 0.26
  146 I    -1   0   0  -1  -1  -1   0  -4   2   1  -1   0  -1   0   2   2   1  -3   0  -1    5   4   4   3   1   3   7   1   5   7   6   6   2   4  10  15   7   0   3   4  0.15 0.16
  147 L    -4  -5  -8  -6  -3  -5  -6  -7  -3  -1   6  -6  -1   0  -4  -5  -4  -1  -3   0    2   1   0   1   1   1   1   1   1   4  70   1   1   4   1   1   1   1   1   7  1.63 0.83
  148 W    -5   4  -2  -4  -2   5   2  -4  -1  -5  -2   4  -1  -7  -6  -3  -3   5  -4  -4    1  19   2   1   1  19  10   2   1   1   4  21   2   0   1   2   2   7   1   2  0.97 0.61
  149 K    -2   1  -1   0  -3   3   4  -2  -2  -4  -4   5  -4  -6  -4  -1  -1  -4  -6  -4    4   6   3   6   1  12  22   3   1   1   2  26   0   1   1   5   4   0   0   2  0.76 0.52
  150 K    -5   1  -1  -1  -1   3   3  -4   1  -4  -3   5   3  -5  -5  -4  -2  -8  -5  -5    1   7   3   3   1  10  19   2   3   1   4  31   6   1   1   2   3   0   1   1  0.89 0.57
  151 I    -3   3  -3  -4  -2   1   0  -5  -2   3   3   2   2  -4  -7  -4  -2  -7  -1   0    3  15   2   1   1   5   7   1   1  12  22  10   4   1   0   2   3   0   2   6  0.48 0.31
  152 Q    -2   0  -1   1  -1   4   4  -3  -1  -4  -3   3  -2  -5  -4  -3  -1  -2  -7  -2    5   5   3   7   2  14  26   3   2   1   3  17   1   1   1   2   4   1   0   3  0.65 0.46
  153 E    -1   0   0   1  -2   0   4  -4  -1  -2  -2   3  -3  -2  -3  -1  -2  -4  -3  -1    6   5   4   7   1   4  27   2   1   3   5  17   1   2   1   5   3   0   1   4  0.49 0.36
  154 N     1   1   1  -3   1  -2  -3  -3  -1   2   2  -2   1   3  -5  -3  -1  -3   1   0   12   7   7   1   3   2   2   2   2  10  20   2   3  10   1   2   4   0   4   7  0.31 0.20
  155 Q    -4   0  -1  -3  -1   4   3  -4  -1  -1   1   3  -1  -5  -5  -2  -1   0  -3  -2    2   5   4   2   1  18  17   2   1   4  13  14   2   1   1   4   4   2   1   4  0.50 0.38
  156 R    -1   2   1  -1  -1   1   3  -1   0  -2  -2   3   0  -3  -5  -1   0  -7  -3  -2    5  10   7   4   1   7  16   5   2   3   4  18   2   1   1   5   6   0   1   3  0.35 0.28
  157 N     0  -1   1  -2   2   1  -1  -2  -1   0   2   0   0   1  -4  -1  -1   2   0   0    8   4   7   2   4   6   4   3   2   4  17   7   3   6   1   5   3   3   3   8  0.11 0.10
  158 L    -3   1  -3  -3  -2   2   1  -4  -1   1   2   5   0  -3  -5  -4  -2  -3  -3  -2    2   7   1   2   1  10   8   2   1   8  17  27   2   1   1   2   3   1   1   4  0.57 0.38
  159 Y     2   1   1   0   0   1   2  -2  -2  -2  -1   1   0  -2  -5   0  -1  -2  -1  -1   14   7   7   6   2   7  14   3   1   2   7   7   2   2   1   8   4   1   2   5  0.18 0.18
  160 E    -1   1   1   1  -2   2   3  -3  -1  -2  -2   1   0  -3  -6   1   1  -1  -3  -2    6   6   7   8   1   8  17   2   1   3   4   9   2   1   0   9   8   1   1   3  0.28 0.25
  161 E    -2  -1  -3  -2   3   3   4   0   0   2  -1  -2   0   1  -6  -3  -2   2   1  -2    4   3   1   2   5  11  22   8   2   9   6   3   2   5   0   2   3   2   5   3  0.40 0.30
  162 G    -1   2   1   2  -3   1   4  -1  -2  -2  -5   2  -1  -3  -4  -1  -1  -7  -3  -1    5   9   6   9   1   5  25   5   1   3   1  12   2   1   1   5   4   0   1   4  0.44 0.34
  163 R    -1   2   0  -1  -1   3   3  -2   1  -3  -3   3  -1  -4  -6  -1  -2  -2  -3  -5    5  11   5   4   1  12  20   3   3   2   3  15   2   1   0   5   3   1   1   1  0.49 0.37
  164 T    -2   2   0  -2  -3   1   2  -4   0   1  -3   4   1  -7  -4   0   2  -1  -4  -2    3  11   4   3   1   5  12   2   2   6   3  19   4   0   1   7  12   1   1   3  0.40 0.32
  165 A     1   0  -1  -3   0  -1  -1  -3  -1   4   0  -1   1   0  -2   1   1  -6  -2   1   11   5   3   2   2   3   4   2   2  18   9   4   3   3   2  11   8   0   1   8  0.23 0.17
  166 F     0   0  -1  -1  -2   4   2  -2  -1  -1  -1   1  -1  -1  -4  -1   0   0  -3  -1    9   6   3   4   1  15  12   3   2   4   7  10   1   3   1   6   6   1   1   5  0.21 0.20
  167 L    -1  -1  -1   0   1   2   3  -3   5  -1  -1   1  -1  -2  -3   0  -1  -1   0  -1    5   4   4   5   2   7  17   3  11   3   6   7   2   2   2   7   4   1   3   4  0.28 0.23
  168 W    -3  -2  -2  -3   1  -2  -4  -5   1   3   2  -2   0   1  -2  -1  -1   7   1   0    2   2   2   2   3   2   2   1   3  14  18   3   2   5   2   6   4  15   5   6  0.60 0.36
  169 R    -4   1  -2  -3   0   3   0  -3  -1  -2   1   5   2  -3  -4  -2  -2   1  -2  -2    2   6   2   2   2  12   5   3   2   3  12  28   5   1   1   4   2   2   2   3  0.53 0.39
  170 G    -2   0   1   2   0  -1   3  -1   0  -2  -3   2   0  -1  -3   0  -1   1  -1   0    4   6   6  11   2   2  15   6   2   3   2  11   3   2   1   8   4   2   2   7  0.19 0.19
  171 N    -2   0   2  -1   0   5   1  -3   0  -2  -3   2   0  -1  -3  -2  -2   1   2  -3    4   5   8   4   2  25  10   3   2   2   3  10   2   3   2   3   3   2   6   2  0.51 0.39
  172 V     2  -1  -1  -1   1  -1  -1  -2   1   1   0  -1   2   0  -5  -1   1  -6   0   2   14   4   3   4   3   3   3   3   3   6   7   4   5   4   0   5   9   0   3  16  0.17 0.14
  173 V    -2   0   0   0   1   3   2  -2   2  -1   0   1   0   0  -1  -1  -1   2   0  -1    4   6   4   4   3  11  11   3   5   4  10   8   3   3   3   4   4   2   3   4  0.14 0.13
  174 L     0   1   0   0   0   1   0  -2   2  -1   0   1  -1  -3  -3   1   1  -1  -1  -1    9   8   5   4   2   6   5   3   4   4  12   7   2   1   1   9  10   1   2   5  0.08 0.11
  175 R    -2   2  -3  -1   0   2   4  -4   0  -3   1   0  -2  -1  -3  -2   1   2  -2  -3    3  10   1   3   2   9  28   1   2   2  11   5   1   3   1   3   9   3   1   2  0.47 0.39
  176 A    -4   5  -3  -4  -5   0   3  -3  -1  -1  -3   4   0  -4  -2  -2  -2  -3  -5  -2    1  26   1   1   0   4  15   3   1   5   3  23   3   1   2   3   3   0   0   3  0.74 0.51
  177 Q    -1   1  -1   0  -4   5   3  -3  -1  -4  -3   2  -1  -4  -4  -2  -1   2  -5  -3    5   8   3   4   1  26  19   2   2   1   3  10   2   1   1   3   4   3   0   2  0.65 0.50
  178 M    -2   2   1   0  -1   3   1  -4   2  -2  -2   3   3  -4  -3  -1  -1  -6  -2  -2    3  11   6   5   2  12   9   1   4   3   4  18   8   1   1   5   3   0   1   3  0.38 0.33
  179 I    -2  -5  -4  -7  -2  -6  -3  -3  -3   6   0  -3   1  -1  -7  -1   0  -7  -6   2    3   1   1   0   1   0   2   2   1  46   9   2   3   3   0   6   6   0   0  14  1.05 0.60
  180 R    -1   2  -1  -2  -1   1   0  -2   0   0   0   2   0  -3  -2   0   0   0  -3   2    5  13   3   2   1   7   6   3   2   4   8  12   3   1   1   5   5   1   0  15  0.17 0.19
  181 N     2   0  -1  -1   0   1   2  -2  -1  -3  -2   0  -1  -1  -1   3   0  -1  -1  -2   15   4   3   3   2   6  11   3   2   1   3   7   2   3   3  19   7   1   2   3  0.20 0.23
  182 E    -2  -4  -3   1  -2   2   6  -4  -2  -3  -3  -1  -2  -4  -6  -2  -2  -7  -4   0    4   1   1   7   1   9  52   2   1   1   3   3   1   1   0   3   2   0   1   7  1.12 0.73
  183 Y    -5  -6  -5  -8   1  -6  -5  -8  -1  -1  -1  -5  -3   8  -8  -4  -5  -3   5  -3    1   1   1   0   3   1   1   0   2   3   6   1   1  61   0   2   1   0  15   2  2.11 1.03
  184 R    -1   1   0  -2  -3   3   4  -1   0  -3  -4   3  -3  -6  -3  -1   0   0  -3  -2    5   8   4   2   1  11  28   5   2   2   2  14   1   0   1   5   6   1   1   3  0.50 0.42
  185 K    -1   2   0  -1  -1   4   2  -3   1  -3  -4   5   0  -4  -3  -3  -2  -7  -4  -4    6   9   4   4   2  16  11   2   3   2   2  30   2   1   1   1   3   0   0   1  0.69 0.51
  186 L    -5  -2  -5  -8  -1  -2  -6  -6  -2   0   5  -3   4   1  -6  -4  -4  -1  -3   0    1   3   1   0   1   2   0   1   1   5  56   2  10   5   1   2   1   1   1   6  1.16 0.67
  187 H    -4   4  -1  -4   0   2  -4  -5   8  -1  -4   0   0  -2  -4  -3  -4  -4   1  -3    1  21   3   1   2   7   1   1  34   5   2   6   2   2   1   3   1   0   5   2  1.24 0.73
  188 P    -3   2  -1   0  -1   6   1  -3   2  -4  -1   0  -1  -4  -1  -1  -2  -4  -3  -3    3  12   3   5   1  31  10   2   4   1   6   5   2   1   4   4   3   0   1   2  0.64 0.50
  189 V    -3  -2  -4  -6   0  -5  -3  -8  -4   1   1  -5  -1   7  -5   0  -3   0   0   0    3   2   1   0   2   1   2   0   0   7  12   1   1  46   1   7   2   1   3   8  1.23 0.68
  190 L    -4  -4  -8  -6  -3  -5  -5  -7  -1   1   6  -4   0   0  -2  -5  -5  -4  -4   0    2   1   0   1   1   1   1   0   2   7  68   1   2   3   2   1   1   0   1   6  1.45 0.80
  191 H    -1   2  -1   2   0   2   3  -3   3  -3  -3   1  -1  -4  -6  -2  -1   0   0  -2    5  11   3  11   2   9  21   2   6   2   3   9   2   1   0   3   4   1   3   4  0.41 0.35
  192 K    -1   2  -1   1  -3   0   5  -3   0  -3  -5   2  -3  -5  -5  -1  -3  -1  -3  -3    4   9   3   8   1   4  39   2   2   2   1  13   1   0   1   4   2   1   1   2  0.79 0.56
  193 E    -3   0  -3  -2  -3   4   6  -3   0  -3  -2   1  -3  -5  -5  -2  -2  -8  -3  -4    2   5   1   2   1  14  45   3   2   2   4   9   1   1   1   3   2   0   1   1  1.01 0.69
  194 E    -4  -2  -4  -4  -4   3   7  -6   1  -6  -4   1  -4  -5  -6  -7  -6  -1  -1  -5    1   2   1   1   0  12  61   1   3   1   2   9   1   1   0   0   0   1   2   1  1.66 1.00
  195 K     1   2   0   0  -1   4   3  -4   1  -4  -4   3  -2  -7  -4   0  -2  -4  -3  -3   11   9   4   5   2  17  16   1   3   1   2  16   1   0   1   7   3   0   1   2  0.50 0.42
  196 Q     1   1  -1  -1  -1   1   1  -3   1  -1   1   0  -1   0  -2  -1  -1  -2  -1  -1   11   9   3   4   1   7  10   2   4   4  18   7   1   5   1   5   3   0   2   4  0.11 0.15
  197 H    -2   2  -2  -6   1   0  -2  -5   4   0   4  -3   0   1  -5  -3  -2   0   2   0    3  11   2   0   3   4   3   1   8   4  34   1   2   5   0   2   2   1   7   5  0.51 0.37
  198 L    -5  -2  -4  -3  -4  -2  -3  -6  -4   2   5  -1   2  -2  -5  -4  -5  -4  -4   0    1   2   1   2   0   2   2   1   1  11  57   5   5   2   1   1   1   0   0   6  1.08 0.63
  199 E     2   0  -1  -1  -1   3   2  -1   1  -3  -3   0  -2  -3  -5   1   0   1  -4  -3   18   6   3   4   1  14  15   4   3   1   2   6   1   1   0  10   6   2   0   2  0.36 0.34
  200 R     1   4  -2  -2   1   3   1  -2  -2  -2  -2   2   0  -4  -3  -1  -1  -1  -4  -2   12  21   2   2   3  14  10   3   1   2   3  10   3   1   1   5   3   1   0   3  0.43 0.37
  201 L    -4  -4  -8  -9  -4  -5  -8  -9  -8   2   6  -5   3  -2  -5  -5  -6  -4  -7   0    1   1   0   0   0   1   0   0   0  10  68   1   7   2   1   1   0   0   0   6  1.64 0.87
  202 N    -1   2  -1   0  -3   2   5  -1   0  -3  -4   2  -2  -4  -3  -1  -1  -4  -4  -3    6  11   3   5   1   8  30   4   2   2   2  12   1   1   1   4   3   0   1   2  0.53 0.43
  203 K    -2   2   0   1  -3   2   5  -3   0  -3  -4   3  -1  -5  -3  -2  -2   0  -2  -4    3   9   5   6   1   8  32   2   2   2   2  15   2   1   1   3   2   2   2   2  0.66 0.50
  204 E    -4  -1  -3   0  -3   1   6  -5  -2  -3   2   1   0  -3  -7  -2  -3  -1  -3  -2    1   4   1   5   1   6  41   1   1   1  16   7   3   1   0   3   2   1   1   4  0.80 0.58
  205 Y    -1  -1  -2   1  -3   2   5  -1  -1  -2  -3   1   0  -5  -4  -1  -3  -1  -3  -3    6   3   2   7   1   9  39   6   1   2   3   7   2   1   1   5   2   1   1   2  0.67 0.51
  206 Q    -2   3   0  -2  -5   2   4  -2  -1  -4  -3   4  -1  -5  -6  -2  -2  -4  -5  -4    3  14   4   2   0  10  23   3   1   1   3  24   2   1   0   3   3   0   0   1  0.73 0.53
  207 E     0   0  -1   2  -3   3   4  -2   0  -3  -3   1  -1  -5  -3  -1   0  -1  -5  -2    9   4   3  11   1  12  26   3   2   2   3   7   1   0   1   4   6   1   0   3  0.44 0.38
  208 I     0  -2   1  -4  -2  -2  -3  -3  -3   5   0   2   1  -1  -4  -3   1  -6  -4   1    7   2   6   1   1   2   2   3   1  28   8  12   3   2   1   2   9   0   1  10  0.46 0.33
  209 F     0   0  -2  -2  -1   1   1  -2  -1   0   2  -1   1   0  -4   0   0   0  -1   0    7   4   2   2   1   6  11   4   2   4  21   4   4   3   0   8   6   1   2   8  0.10 0.15
  210 Q    -1   2   0  -1  -2   4   2  -2   0  -3  -2   3  -1  -3  -2  -1  -1   0  -2  -3    6  11   4   3   1  16  12   4   2   1   5  20   1   1   2   4   4   2   1   2  0.38 0.35
  211 Q    -1   3  -1  -2  -5   3   0  -2  -1   0  -1   2   1  -2  -2   0   0   0  -2  -1    5  16   3   2   0  12   7   4   1   5   5  15   4   2   2   6   5   1   1   5  0.24 0.25
  212 L    -1   1  -3  -3   0   1  -3  -3   0   1   3   0   5  -1  -5  -3  -2   1  -2   0    6   9   1   1   2   6   2   2   3   9  28   5  13   2   0   2   2   2   1   6  0.39 0.33
  213 Q    -1   2   1   1  -1   2   3  -2   1  -3  -3   3  -1  -5  -5  -1  -1  -1  -2  -2    5   9   7   8   1   7  22   3   3   1   3  15   2   0   0   5   4   1   1   3  0.37 0.33
  214 R    -1   1  -1   1  -1   0   5   0  -1  -3  -3   2  -1  -3  -3  -1  -2  -6  -3  -3    5   6   3   8   2   4  36   7   2   1   2  10   1   1   1   4   3   0   1   2  0.56 0.45
  215 S    -1   1   3  -2  -2   0  -1  -2   2  -2  -1   2  -1   0  -2   1   0   1   2  -3    4   6  17   2   1   3   4   3   5   3   6  12   2   4   2  13   4   2   7   2  0.24 0.26
  216 W    -2   0  -2  -1   0   0   2  -2   0   3   1   0   3  -1  -6  -2  -1   1  -2   1    4   5   2   4   2   4  12   3   2  14  13   6   6   3   0   2   4   2   1   9  0.23 0.17
  217 V     2   0   1   0   0   0   1  -1   0  -2  -2   1   0  -1  -2   0   2   0  -1   0   15   5   6   6   2   4  10   4   2   3   4   7   2   2   2   7  11   1   2   6  0.12 0.13
  218 K    -1   3   0   1  -1   2   2  -3   0  -3  -2   2  -1  -2  -1   0  -1   0  -1  -2    6  13   4   7   2   8  13   2   3   2   5  13   2   2   4   7   4   1   2   3  0.26 0.23
  219 M    -1   0   0   0   2   0   0  -1   2   0  -1   0   2   1   0  -1   0   4   1  -1    5   5   5   5   5   5   5   5   5   5   5   5   5   5   5   5   5   5   5   5  0.09 0.08
  220 D     1  -1   1   0  -2   1   2  -2  -1  -1  -2  -1  -1  -2  -3   3   1   0  -3  -1    9   3   5   5   1   7  11   4   1   4   4   3   2   2   2  22   8   1   1   5  0.25 0.24
  221 Q    -2   2  -1   0  -1   5   3  -1   0  -5  -2   1  -2  -5  -4  -2  -2  -2  -4  -2    4  10   3   6   1  22  19   5   2   1   4   9   1   1   1   3   3   1   1   3  0.58 0.43
  222 K    -2   0   0   0  -1   4   4  -4   4  -4  -4   2   0  -4  -5  -3  -2  -8  -1  -4    5   4   5   5   1  18  25   2   7   1   3  10   2   1   1   3   2   0   2   2  0.71 0.49
  223 S    -3   0  -3  -7   0  -2  -3  -1  -2   5   2  -1   3  -2  -4   1  -2   0  -3  -1    2   5   2   0   2   2   2   5   1  29  16   4   6   2   1  10   3   1   1   5  0.58 0.34
  224 K     1   0   0  -1   0   2   0  -3   0  -3  -2   1  -3  -2  -2   4   1  -1  -3  -2   10   6   4   4   2   9   6   2   3   1   5   7   1   2   2  26   7   1   1   3  0.34 0.30
  225 H     0   2   1  -1   0   0   1  -3   2  -3   0  -2  -2  -1  -4   3   1   0  -2  -1    7  10   5   4   2   5   9   2   5   1   9   3   1   3   1  19   7   1   2   4  0.23 0.22
  226 L    -3  -4  -5  -9  -3  -5  -6  -5  -3   0   6  -9   1   0  -5  -5  -4  -8  -3   0    2   1   1   0   1   1   1   1   1   5  67   0   3   3   1   1   2   0   1   7  1.53 0.78
  227 K    -2   3  -1   1  -2   3   2  -2  -2  -4  -3   3  -2  -8  -7   2  -1   1  -7  -3    4  12   3   7   1  11  12   4   1   1   3  14   1   0   0  16   4   2   0   2  0.49 0.38
  228 E    -1   2   1   2  -4   2   3  -1   2  -4  -4   2   0  -4  -6   0   0  -2  -4  -3    4   9   7  11   0   9  17   5   4   1   2  11   3   1   0   7   6   1   1   2  0.40 0.33
  229 M    -2   1  -2  -4  -1  -2  -3  -4   0   0   4   0   4  -3  -4  -2   2  -4  -4   0    3   8   2   1   1   2   2   2   2   5  33   5   9   1   1   4  12   0   1   6  0.50 0.35
  230 Y    -2  -2  -2  -5  -1  -2  -2  -6  -2   6   1  -4   1  -3  -4  -2  -3  -7   2   0    3   3   2   1   1   2   3   1   1  46  12   1   3   1   1   3   2   0   6   7  1.01 0.55
  231 Q     0   2  -2  -1   0   2   0  -1   0  -2   0   1  -1  -2  -4   2   1   0  -4  -2    7  11   2   3   2   8   7   5   2   3   8  10   1   1   1  16   7   1   0   3  0.20 0.21
  232 E    -1  -2  -1   2  -1   0   6  -3   0  -3  -5  -1  -2  -4  -4  -1  -1  -8  -4  -2    6   2   3  11   1   4  44   2   2   2   2   4   1   1   1   5   4   0   1   3  0.88 0.59
  233 L    -2  -5  -7  -7  -4  -3  -7  -5  -7   4   4  -5   4  -2  -7  -2   0   0  -4   2    4   1   0   0   0   1   0   1   0  17  38   1  10   2   0   3   6   1   1  11  0.95 0.54
  234 M    -3  -2  -3  -2  -8   3   6  -3  -4  -4  -5   2   0  -4  -4  -4  -1   0  -7  -2    3   3   2   2   0  13  47   2   0   1   1  11   3   1   1   1   4   2   0   3  1.13 0.73
  235 E     0   0  -1   0  -3   2   5   0   1  -5  -2   2  -3  -4  -3  -1  -1  -4  -3  -3    7   6   3   6   1  10  30   7   3   1   4  10   1   1   1   4   4   0   1   2  0.51 0.40
  236 M    -3   3   0  -2  -2   1   1  -3  -2  -3   0   4   3  -3  -3  -3   0  -2  -3  -2    3  13   4   3   1   6   8   2   1   2   9  26   8   1   1   2   6   1   1   3  0.49 0.37
  237 C    -3  -3  -4  -5   7  -1  -3  -3   0   0   3  -3   3  -1  -4   2  -2  -7  -1  -3    3   2   1   1  22   3   2   2   2   5  22   2   6   3   1  15   3   0   2   2  0.79 0.48
  238 H    -3   1   1   0  -2   6   1  -2   4  -3  -3   1  -4  -4  -5  -1  -1   1  -2  -2    2   8   5   6   1  28   9   3   8   2   3   8   1   1   1   4   3   2   1   4  0.65 0.47
  239 K     0   0  -2  -2  -2   5   1  -1  -1  -3  -2   3   1  -5  -2   0   0  -1  -5  -3    9   5   2   2   1  23   7   5   1   2   4  17   4   1   2   6   5   1   0   2  0.49 0.40
  240 P    -2  -2  -1   2  -8  -1   2  -4  -4  -4  -4  -2  -3  -4   5   3   0  -2  -4  -4    3   2   3  10   0   3  12   2   1   1   2   2   1   1  31  17   6   1   1   1  0.79 0.59
  241 D     2  -4   0   5  -7   0   0  -3   1  -4  -5  -3  -3  -5   2   0  -1  -8  -3  -2   14   1   5  33   0   4   7   3   3   1   1   2   1   0  10   6   5   0   1   3  0.72 0.51
  242 V    -1   0   0  -1   0   0  -2  -2   1   1   1  -3   1   0   1   1   0   1  -1   2    6   5   4   3   2   4   3   3   4   9  13   1   4   4   6   9   5   2   2  13  0.12 0.11
  243 E    -3  -2  -2   1  -2   1   5  -2   0  -3  -1   0  -2  -2  -2   1   0  -2  -3  -1    3   2   2   8   1   7  32   4   2   2   6   6   1   2   2   9   6   1   1   4  0.48 0.38
  244 L    -4  -6  -6  -5  -2  -2  -4  -6   0  -2   5  -5   4   6  -6  -3  -5  -7  -3  -2    2   1   1   1   1   2   2   1   3   2  40   1   7  30   1   2   1   0   1   3  1.36 0.69
  245 L    -5  -5  -6  -5  -2  -3  -5  -7  -3  -1   6  -5   1  -1  -4  -6  -3  -2  -6  -1    1   1   1   1   1   2   1   1   1   3  72   1   3   3   1   1   2   1   0   4  1.68 0.86
  246 Q    -4   0  -2  -5  -5   7  -1  -4  -1  -5   0   3   1  -9  -6  -1  -1  -1  -6  -4    2   5   2   1   0  41   5   2   2   1   9  14   3   0   1   5   5   1   0   2  1.15 0.73
  247 D    -4  -2   3   5  -8   0   1   1   1  -3  -4   0  -2  -4  -4   0  -2  -2  -4  -2    2   3  13  30   0   5   8   9   3   2   2   6   1   1   1   6   3   1   1   4  0.67 0.44
  248 L    -1  -2  -4  -4  -3  -4  -2  -4  -2   4   0  -3   2   3  -2  -2  -2   1   4   3    5   3   1   1   1   1   3   2   1  18  10   2   4   9   2   4   2   2  11  17  0.53 0.31
  249 G    -3   3   0  -3   1   0   0   1  -1  -4  -4   5  -4  -1   0   0  -1  -3  -3  -2    2  12   4   2   2   4   7  10   2   1   3  27   1   3   4   6   4   0   1   3  0.49 0.36
  250 D     0  -1   1   2   0   0   0   0   0  -1  -2  -1   0  -2  -1   3  -1   1  -2  -1    7   4   6   9   2   4   6   9   2   3   4   4   2   2   3  19   4   2   2   4  0.13 0.17
  251 I     0  -1  -1  -1   1  -1  -2  -2   0   1   0  -1   1   1  -1   0   2   1   0   1    9   3   3   3   3   3   3   3   2   9   9   3   3   6   3   6  14   2   3   8  0.10 0.10
  252 V    -2  -1  -1  -3   1  -1  -1  -3   1   0   3   0   2   1  -1  -1  -1   2   0   1    3   4   3   2   3   3   4   2   3   5  26   6   5   6   3   5   4   3   3   8  0.20 0.17
  253 A    -2   1   1   0   2   1   2  -2   1  -1  -4   2   0  -2  -1   2  -1   1  -1  -2    4   7   5   5   3   7  11   3   3   4   2  11   2   2   3  16   4   2   2   3  0.19 0.23
  254 R    -4   7  -3  -3  -2  -2  -2  -1  -1  -3  -3   0   0  -2  -3   0  -1   0  -2  -3    2  46   2   2   1   2   3   5   1   2   3   6   2   2   2   7   4   1   2   3  0.98 0.67
  255 S     0  -1  -1  -3   5  -1  -1  -2   1   0  -2  -2   0  -1   0   2   0   2   1   0    8   3   4   2  10   3   4   3   3   5   4   3   2   3   6  15   5   3   4   7  0.19 0.21
  256 E    -2   0  -1  -1   0   2   4  -2   0  -2  -3   1  -1  -1   1   0  -1   1  -4  -1    4   5   3   3   2  10  22   4   2   2   4   7   1   3   8   6   4   2   1   5  0.25 0.29
  257 S     0   1   2   0   2  -1   0  -1   1  -2  -2   1  -1  -2  -1   2   0   0  -1  -2    7   7   8   4   4   3   7   5   3   2   5   7   2   2   3  15   5   1   2   3  0.08 0.14
  258 V    -1  -1  -1  -2   2  -1   0  -1   0   0   0  -1   2  -1   0  -1   1   3  -1   2    4   3   3   2   4   3   6   4   2   6  10   4   5   3   5   5   9   4   2  13  0.08 0.11
  259 L    -3   0  -1  -2  -2   2  -1  -4  -1  -2   2   3   0  -3  -1   0   1   0  -2   0    2   4   3   2   1   8   5   2   2   3  16  18   3   1   4   7   9   1   1   5  0.22 0.25
  260 L    -1  -1  -1   0   0   0  -1  -2  -1  -1   1  -1   1   2   1   0  -1   1  -1   0    5   3   3   6   2   4   5   4   2   4  15   4   3  10   7   6   4   2   2   6  0.05 0.09
  261 H    -3   0  -1   0   0   4   1  -3   3  -3  -2   1  -3  -1   1   1  -2   5  -3  -3    2   4   4   5   2  18   8   2   6   2   5   7   1   3   8  10   3   7   1   2  0.42 0.36
  262 M    -2   0   0   0   0   2   1  -3   0  -1  -1   1   2  -1   1   0   1  -1  -1  -1    4   5   4   6   2   8   9   2   2   4   7  10   5   3   7   7   7   1   2   5  0.10 0.12
  263 P    -3  -2  -2  -2   0  -2   0  -3  -2  -3   0   0  -1  -4   6   0  -3  -1  -3  -2    3   2   3   3   2   2   7   3   1   2   8   6   2   1  42   6   2   1   1   4  0.90 0.66
  264 Q    -1  -1  -1  -1   0   3   2  -2  -1   0  -1   0   0  -2   0   0   0   1  -1   0    6   4   2   4   2  11  14   3   2   5   7   6   2   2   5   6   6   2   2   8  0.13 0.15
  265 P     1  -1  -2  -1   0  -1   1  -1  -2  -1   0  -1   0  -1   3   0   0  -1  -3   0   10   4   2   4   2   3   9   4   1   3  11   4   2   3  15   8   6   1   1   8  0.14 0.16
  266 V    -1  -3  -4  -1   0  -4  -2  -3  -2   3   1  -2   0   2  -1  -1   0  -3  -2   4    5   2   1   3   2   1   3   2   1  12  12   3   2   7   3   5   5   0   1  26  0.42 0.27
  267 N    -2  -3   1   1   1   0  -1  -2   1  -4  -1  -1  -1   0   3   4  -2  -2  -2  -3    3   2   6   7   3   4   4   3   4   1   7   4   2   4  13  25   3   1   2   2  0.36 0.34
  268 P    -2  -2  -4  -2  -1  -2  -2   0  -2  -2   0   1   0  -2   5   0   1  -3  -3  -1    4   3   1   3   2   2   3   7   1   2   9   9   3   2  29   7   8   0   1   4  0.49 0.40
  269 E     0  -1  -2   3  -1   2   4  -1  -1  -1  -2   1  -2  -4  -3  -1  -1  -4  -4  -2    7   3   2  14   2   8  27   5   2   3   5   7   1   1   2   5   3   0   1   3  0.45 0.37
  270 L    -5  -2  -4  -3  -2  -3  -4  -4  -8   1   5  -1   1   1  -4  -5  -3   3  -1   1    1   3   1   2   1   2   1   2   0   7  49   4   3   6   1   1   2   3   2   8  0.91 0.53
  271 T    -3   0  -1  -2   3  -1   1  -4   1  -2  -1   2   0   0   0   1   1  -2   0   1    2   5   4   2   5   3   8   1   4   3   7  11   2   5   5  11  10   1   4  11  0.17 0.18
  272 A     2  -1  -3  -4  -2  -2   1  -5  -1  -1   0   1   1  -2  -2   3   0   0  -3   1   17   3   2   1   1   2   7   1   2   3   9  10   3   2   2  18   6   1   1   8  0.27 0.26
  273 G    -2   0  -2  -4   4   1   0   3   0  -4  -2   3  -2   1   0  -2  -2   4  -1  -3    3   6   2   1   7   6   5  19   2   1   5  14   1   5   5   4   3   5   2   3  0.36 0.28
  274 P     0   0  -2  -1   2   2  -1  -7   5  -1  -2   1  -3   0   4  -1   0  -2   1  -2    7   6   2   3   3   8   4   0  11   3   4   8   1   3  18   4   6   1   4   4  0.42 0.34
  275 I    -3  -2  -1  -4   2  -2  -2  -4   0   3   2  -1   0   1  -2  -1  -2   4   1   1    3   2   4   1   3   2   3   1   2  14  21   4   2   6   3   5   3   5   4  10  0.34 0.22
  276 T    -2   0  -1  -1   0   2   0   1  -1   1  -1   0  -1   0   2   0   1   1  -1  -1    3   5   3   4   2   8   6  11   2   8   5   7   1   4   8   6  10   2   2   4  0.09 0.12
  277 G     0  -2   3   2   0  -3  -1   4   0  -4  -4  -1  -2   0  -2   0  -3  -4   2  -3    7   3  12  10   2   2   4  26   2   1   2   3   1   4   2   8   2   0   6   3  0.44 0.33
  278 L    -4  -4  -5  -6  -3  -2  -1  -6  -5   1   5  -3   4  -2  -4  -5  -2  -1  -4   0    2   1   1   1   1   2   5   1   0   7  51   2   9   2   1   1   3   1   1   7  1.07 0.61
  279 V     0   2  -4  -2   0   3  -2  -4  -1   2   1   2   2  -1  -3  -1   0   0  -3   0    7  10   1   2   2  11   2   2   2   9  13  11   4   2   2   6   5   1   1   8  0.23 0.19
  280 Y    -4   1  -2   1  -8  -1   3  -4   0  -5  -3   3  -3   3  -3  -1  -5   4   3  -5    2   7   2   8   0   3  19   1   2   1   3  18   1  12   2   4   1   5   8   1  0.68 0.47
  281 R    -1   4   0  -3  -3  -1  -1  -3   3   1  -3   2   5  -1  -5  -1   0   0  -4  -1    5  19   4   2   1   2   5   3   5   8   3  11  11   2   1   5   6   1   1   5  0.45 0.33
  282 L    -4  -5  -9  -6  -8  -4  -5  -9  -4   3   5  -4   3   1  -5  -5  -4  -3  -4   4    2   1   0   1   0   1   1   0   1  14  42   1   6   5   1   1   2   0   1  20  1.16 0.64
  283 N    -4   2   1  -2  -1   3   0  -1  -1  -3  -2   2   1  -2  -3   0  -2   7  -3  -3    2  10   6   3   1  12   6   6   2   2   5  11   3   2   2   7   3  14   1   2  0.56 0.42
  284 R    -3   2   1  -3  -1   3   0  -3  -2  -2  -1   4  -1  -4   2  -1   0  -5  -1  -3    3  11   7   1   1  11   7   2   1   2   6  19   2   1   8   4   6   0   3   2  0.39 0.33
  285 F    -1   0   0   0   2   0   0  -1   2   0  -1   0   2   1   0  -1   0   4   1  -1    5   5   5   5   5   5   5   5   5   5   5   5   5   5   5   5   5   5   5   5  0.09 0.08
  286 R    -1   1  -1  -2  -6   1  -1  -2   2  -1  -1   2   4  -1   2  -1   0   3   1  -2    6   6   3   3   0   6   4   3   4   3   5  13  10   3   9   5   7   4   4   3  0.25 0.22
  287 V     1  -1  -2   0   0   0   1   0   0  -1  -1   0   0   0  -1  -1   0  -4  -1   3   11   4   2   5   2   3   8   7   2   2   4   6   3   5   3   4   5   0   2  22  0.12 0.17
  288 E    -1  -1   0   3   1   1   0  -2   1  -2  -2   1   1   0   0   0  -1   3   2  -1    5   3   4  15   3   6   6   4   4   3   4   7   3   4   5   6   5   3   7   4  0.17 0.15
  289 I    -1   0   0   0   2   0   0  -3   2   0  -1   0   1   1   0   0   0   3   1   0    5   5   5   5   5   5   5   0   5   5   5   5   5   5   5   5   5   5   5   5  0.08 0.12
  290 S    -1   0   0  -1   3  -1   0  -1   1   0  -2  -1   1  -1  -1   1   2   3  -1   0    4   6   4   3   6   3   6   6   3   5   4   3   3   3   4  10  13   4   3   8  0.13 0.13
  291 F    -2  -2  -2  -5   0  -2  -2  -2  -5   0   4  -2   1   3   0  -2  -4   2   1   0    3   3   2   0   2   2   3   4   0   4  38   3   3  10   4   4   0   2   5   7  0.45 0.34
  292 H    -1  -2   1   6  -6  -1  -1  -2   2  -1  -4  -2   0  -3  -3   0   0   3   1  -4    5   2   5  39   0   2   4   3   4   3   2   2   2   1   1   7   5   4   5   1  0.73 0.50
  293 F    -2  -1  -2  -3  -1   0  -2  -3   1  -3  -2  -1   0   0   6  -2  -1   2  -1   0    3   4   3   2   1   5   3   2   4   2   5   5   3   4  36   3   4   3   2   8  0.64 0.46
  294 E    -1  -1   2   3  -2   1   3  -1  -1  -3  -3   2  -1  -3  -1   0  -1  -6  -3  -2    4   3  11  15   1   7  18   4   2   2   2  11   2   1   3   7   3   0   1   3  0.34 0.30
  295 V    -3   0  -1  -2   0  -1  -3  -4  -5   1  -2  -1   1  -4  -2   0   5  -1  -5   1    1   5   3   3   2   3   2   1   0   9   4   4   3   1   2   6  39   1   0   9  0.65 0.50
  296 T     5  -2   0  -1   0  -2  -3  -2   0  -1  -2  -2  -1  -2  -3   0   1  -6  -3  -1   43   3   4   4   2   2   2   3   2   4   4   3   1   2   2   7   8   0   1   4  0.55 0.44
  297 N    -2  -1   4   1   0  -2  -2  -2   7  -2  -3  -1  -3  -3  -1   2   0  -6  -1  -2    4   4  16   6   2   2   2   3  21   2   2   3   1   1   4  17   6   0   2   3  0.64 0.47
  298 H    -1   0   0  -3   3   0  -2  -2   4  -4  -3  -2  -3  -2   6   1  -3  -2  -1  -4    5   5   4   1   5   4   2   3  10   1   3   2   1   2  34  12   2   1   2   1  0.77 0.55
  299 N    -3   1   3   0   2   0  -1  -3   4  -4  -3  -1  -3  -1  -1   1  -2   4   4  -3    2   8  16   4   4   4   4   3  11   1   2   4   1   3   3   9   2   6  13   2  0.51 0.39
  300 I    -2  -3  -4  -6  -3  -4  -6  -4  -2   3   5  -3   3   0  -2  -3  -1  -6  -3   1    4   2   1   0   1   1   0   1   1  13  46   2   6   4   3   3   3   0   1   9  0.77 0.48
  301 R     0   1  -2  -2  -2  -1  -1  -3  -1   2   0   0   0  -1   0   1   1  -1  -1   2    6   8   2   1   1   2   4   1   2  13  10   5   2   3   5  13   7   1   1  13  0.12 0.15
  302 L    -5  -4  -5  -5  -6  -2  -4  -5  -2   2   5  -4   0   0  -4  -3  -2  -6  -4   4    0   1   1   1   0   2   2   1   1   9  46   1   2   4   1   2   2   0   1  22  0.94 0.57
  303 F    -3  -2  -2  -2  -1  -4  -4  -2  -4  -5  -3  -3  -6   3  -1   6  -1   1  -1  -5    2   3   2   2   1   1   1   3   0   1   3   2   0  10   3  57   3   2   3   1  1.16 0.78
  304 E     0  -1  -1   3   0   0   5  -1  -3  -5  -4   0  -4  -4   0   0  -2  -4  -4  -3    7   3   3  13   2   4  36   4   1   1   2   6   0   1   5   6   2   0   1   2  0.64 0.48
  305 D    -3  -4   0   7   1  -2   0  -2  -1  -3  -4  -2  -3  -4  -3  -2  -6  -8  -3  -5    2   1   5  60   3   2   5   4   1   2   2   3   1   1   2   3   0   0   1   1  1.48 0.85
  306 V    -2   2  -3  -1   0   0  -1   2  -2  -2   3   0   0  -1  -3  -2  -2   0  -3   0    3  11   1   4   2   4   3  15   1   1  29   5   2   2   2   3   2   2   1   7  0.27 0.26
  307 R    -2   5  -3  -5   1  -1  -2  -5   0  -3  -5   4  -3  -7  -2  -1   3  -7  -7  -4    4  32   1   1   3   2   3   1   2   2   1  23   1   0   3   4  17   0   0   1  0.99 0.65
  308 S    -1   1   0  -4   3   2  -3   0   0  -4  -5  -2  -2  -5  -3   5   0  -7  -4  -1    5   8   4   0   6  10   2   7   2   1   1   3   1   0   1  37   6   0   1   4  0.66 0.54
  309 W    -2  -2  -7  -4   1  -6  -3  -4  -2   0   1  -4   2  -2  -2  -4  -3   4  -3   6    4   3   0   1   2   0   2   2   1   4  13   1   4   2   3   2   2   5   1  48  0.96 0.59
  310 M    -3   4  -2  -3   0   2  -2  -3  -1   1  -1   1   1  -2  -4   1   2   0  -2  -1    2  21   1   1   2   8   3   2   1   8   6   8   3   2   1  12  11   2   2   5  0.33 0.31
  311 F    -3   1  -2  -2   2  -2  -3  -3   4  -1   1  -2  -1   3  -3  -3  -4   5   5  -1    2   9   2   3   5   2   1   2   9   4  12   3   1  12   2   2   1   7  17   4  0.59 0.39
  312 R    -4   4  -4  -2  -3   6   0   1   0  -5  -6  -1  -2  -5  -4   1  -3  -4  -2  -2    1  17   1   2   1  32   5  11   2   1   1   4   1   1   1  11   1   0   2   3  0.88 0.62
  313 R    -3   1   2   4  -1   2   0  -2   2  -4  -3   0  -4  -3   0   1  -3  -3  -1  -4    2   9   9  21   1  10   7   4   5   1   3   6   0   1   5   9   1   0   3   1  0.43 0.35
  314 G    -1  -1  -3   0   0   0  -2  -1  -2  -2   3  -1   0  -3  -1  -1  -1  -4  -1   2    5   3   1   6   2   4   3   6   1   1  31   3   2   1   4   6   3   0   2  15  0.29 0.25
  315 P    -2  -2  -3  -2   0   0  -4  -4   1  -4  -3  -1  -2  -8   7   1  -3   0  -3  -4    3   2   2   2   2   4   2   1   3   1   3   4   1   0  52   9   2   1   1   2  1.32 0.83
  316 L    -2  -1   2   5   2   0   0  -3   2  -2  -1  -2  -2   0  -1   0  -2   1   1  -3    4   4   8  26   4   5   5   2   5   2   6   2   1   3   4   6   3   2   4   2  0.40 0.31
  317 N    -5  -2   7   1  -3  -3  -2  -2   2  -3  -3  -1  -3  -3  -1   0   0  -2  -2  -3    1   2  43   7   1   1   3   4   5   2   3   5   1   1   4   8   6   1   1   2  1.00 0.63
  318 S    -4  -4  -3  -3  -1   0  -2  -2  -4  -3  -3  -1  -8  -2   7   1  -2  -9  -4  -4    2   1   1   2   1   4   3   3   1   2   3   4   0   2  56   9   3   0   1   2  1.47 0.91
  319 D    -1   0   0   2  -3   2   5  -2   0  -5  -6   2  -3  -5  -1  -1  -2  -5  -2  -4    5   5   4  10   1   7  34   3   2   1   1  12   1   1   4   4   2   0   2   1  0.71 0.51
  320 R    -5   7  -1  -3  -5  -2  -2  -3   1  -4  -4   0  -4  -2  -4  -2   0  -8  -3  -4    1  59   3   2   0   2   3   3   3   1   2   5   1   2   1   4   6   0   1   1  1.55 0.86
  321 S    -4  -4  -3  -4   0  -2  -2  -3  -1  -4  -2  -3  -4   8   1   1  -1  -2   1  -4    2   1   1   1   2   2   3   2   2   1   4   2   0  49   6  10   4   1   4   1  1.33 0.72
  322 D    -2  -1   2   5   1   1   1  -3   1  -4  -7  -1  -3  -5  -2   0  -1  -9   0  -6    5   4   9  32   3   5  10   3   3   1   1   5   1   1   3   7   5   0   3   1  0.70 0.47
  323 Y    -3   2   0   0   5  -2  -5  -4   3  -2  -4  -4   0   1  -1   1  -1   3   6  -4    3   9   5   5   9   2   1   2   6   3   2   2   2   5   4  10   4   3  24   2  0.74 0.47
  324 F    -3  -1  -1  -6   3  -6  -5  -6   0  -3   1  -5  -3   5   3   1  -2   1   2   0    3   4   3   0   5   0   1   1   2   1  12   1   1  22  16  10   3   2   6   7  0.69 0.44
  325 A     2  -5  -1  -4   8  -3  -8   0  -2  -2  -1  -7  -2   0  -2   2  -3   0  -1  -1   18   1   3   1  27   1   0   8   1   3   7   0   1   4   3  12   2   1   2   5  0.92 0.56
  326 A     1  -4  -3  -6  -2  -8  -5  -6  -9   1  -2  -6  -3  -4  -6  -1  -1  -9  -2   7   12   1   1   1   1   0   1   1   0   8   4   0   1   1   0   5   3   0   1  59  1.44 0.78
  327 W    -5  -2  -6  -6  -2  -4  -9  -6  -3  -5   6  -6   0  -1  -9  -5  -6   7  -5  -1    1   3   1   1   1   1   0   1   1   0  65   1   2   3   0   1   1  13   0   5  1.74 0.92
  328 G     1  -9  -5  -6  -1  -9  -9   7  -9  -7  -5  -9  -9 -10  -4   0  -2 -10 -10  -5   10   0   1   1   1   0   0  73   0   1   1   0   0   0   1   6   3   0   0   1  2.03 1.06
  329 A     2   0  -3  -2   4  -1  -2  -4   1  -6  -4   0  -2  -2  -4   5   0  -2  -1  -2   15   4   1   3   9   3   3   1   4   0   2   5   1   2   1  34   6   1   2   3  0.65 0.50
  330 R    -4   0  -4  -3  -4   6   5  -6  -2  -7  -5   1  -3  -9   1  -3  -2  -3  -4  -3    2   6   1   2   0  28  35   1   1   0   1   8   1   0   7   2   3   0   1   2  1.17 0.77
  331 V     0   0  -3  -2   0  -4  -4   5  -2  -3  -6  -3  -3  -6  -4   1   1  -5  -3   0    8   5   1   2   2   1   1  44   1   2   1   2   1   0   1  11   8   0   1   7  0.86 0.56
  332 F    -7 -10 -10  -6  -1  -7  -7  -8  -9   1  -1 -10  -5   9  -6  -6  -9  -3   0  -5    1   0   0   1   1   0   1   0   0   8   7   0   0  74   1   1   0   0   3   1  2.75 1.25
  333 S    -1  -3   2  -1  -1  -1  -4  -4  -1  -1  -4  -2  -3  -3  -4   4   5  -8  -4  -4    4   2   8   3   1   3   1   2   2   4   2   2   1   2   1  25  37   0   1   1  0.92 0.64
  334 F     1  -4  -4  -5   0  -5  -5  -4  -5  -9  -7  -5  -6  -1  -6   7   1   0  -3  -6    9   1   1   1   2   1   1   2   0   0   1   1   0   3   0  69   7   1   1   1  1.74 1.04
  335 G    -6  -4  -8  -5  -5  -6  -7   8  -4 -11 -11  -8 -10 -10  -6  -4  -9  -2 -10 -10    1   1   0   1   0   1   0  92   1   0   0   0   0   0   1   1   0   1   0   0  2.90 1.38
  336 K    -4   6  -4  -7  -2   1  -3  -8  -5  -1  -7   5  -4  -5  -7  -3   0   0  -2  -6    2  43   1   0   1   6   2   0   0   3   1  27   0   1   0   2   7   1   1   1  1.45 0.83
  337 H    -8  -1  -5  -7   0  -1  -7  -8  11  -7  -6  -3  -6   0  -7  -6  -8  -2   3  -5    0   3   1   0   2   3   0   0  71   0   1   2   0   4   0   1   0   1   8   1  3.10 1.38
  338 Y    -4  -2  -6  -8   3  -6  -7  -5  -1  -6  -6  -6  -7   2  -8   1  -2  -2   9  -6    1   2   1   0   6   0   0   1   2   1   1   1   0   6   0  10   3   1  63   1  2.33 1.14
  339 W    -9  -6  -6  -9  -3  -8  -9  -9  -6  -9  -7  -9  -8   1  -9  -7  -9  13  -2  -9    0   1   1   0   1   0   0   0   0   0   1   0   0   5   0   1   0  87   1   0  4.79 1.96
  340 E    -4  -5  -5   3  -8   0   7  -5  -7  -6  -8  -4  -3  -8  -7  -4  -5  -8  -8  -1    2   1   1  12   0   3  70   1   0   1   0   1   1   0   0   1   1   0   0   5  2.04 1.08
  341 L    -4  -8  -8  -8  -7  -5  -7  -6  -8   0  -1  -8   1  -7  -8  -7  -5  -8  -7   8    2   0   0   0   0   1   1   1   0   4   6   0   3   0   0   1   1   0   0  81  2.34 1.08
  342 D    -4  -3  -3   6  -3   2   5  -3  -1  -4  -5  -2  -3  -4  -6  -2  -3  -3  -2  -4    2   2   1  34   1   7  35   2   2   1   2   2   1   1   0   3   2   1   2   1  1.20 0.72
  343 V    -5  -6  -7  -9  -7  -8  -9  -6  -9   0   0  -8   0  -5  -9  -4  -5  -9  -3   8    1   1   0   0   0   0   0   1   0   5   7   0   2   1   0   2   1   0   1  79  2.26 1.07
  344 D    -2   0  -2   0  -5  -3   1   6  -4  -4  -7   1  -4  -8  -3   0   0  -5  -4  -5    3   5   2   5   0   1   8  47   0   1   1   8   1   0   2   8   6   0   1   1  0.92 0.57
  345 N    -3  -1   2   5  -4   0   2   2   1  -5  -4   0  -5  -6  -2   0  -3  -7  -5  -5    2   4  10  29   0   4  11  16   3   1   2   5   0   0   2   7   2   0   0   1  0.66 0.45
  346 S    -2   1   2  -4   1  -2   0   1  -1  -4  -4   5  -5  -5  -5   3  -1  -4  -3  -5    3   6   8   1   3   2   6  10   2   1   2  31   0   0   0  19   3   0   1   1  0.68 0.48
  347 C    -1   0  -2   0   1  -1  -1   2  -2  -2  -3  -1  -4  -6   2   1   3   5  -5  -3    4   5   2   5   3   3   5  14   1   3   3   4   0   0   9  11  20   7   0   1  0.39 0.34
  348 D     1   0   2   3  -2   0   2   0   2  -3  -4  -1  -2  -1  -5   0  -2  -3   1  -2   11   5  11  17   1   4  12   7   4   1   2   4   1   3   0   7   3   0   5   4  0.29 0.25
  349 W    -9 -10 -10 -10   1  -9  -8  -5  -9  -6  -8  -7  -9  -6 -10  -8  -7  13  -1  -5    0   0   0   0   3   0   0   1   0   1   0   0   0   0   0   0   0  89   2   1  4.92 1.99
  350 A     0   0   0   0   2   0   0  -1   1   0  -1   0   1   0   0   0   0  -2   1   0    5   5   5   5   5   5   5   5   5   5   5   5   5   5   5   5   5   0   5   5  0.03 0.05
  351 L    -1  -3  -3  -3   2  -1   0  -2  -3   2   2  -3   1   0   0  -2  -1  -3  -2   3    4   1   0   1   6   3   6   3   0  10  25   1   3   3   6   1   3   0   0  25  0.26 0.18
  352 G     0   0  -2   2  -4  -3  -3   6  -4  -4  -4  -3  -4  -4  -4  -2  -3  -4  -4   0    7   6   0  11   0   0   1  60   0   1   1   1   0   0   1   1   1   0   0   9  1.00 0.40
  353 V     0  -3  -4  -4  -3  -3   0  -2  -4   1   1  -3   1   0  -3  -2  -1  -3  -1   5    6   0   0   0   0   0   7   3   0   6  14   1   3   3   0   3   3   0   2  48  0.51 0.28
  354 C     3  -3  -3  -2   6  -2  -3   1  -1  -1  -1  -2   0  -1  -3  -1  -1   0   0   1   24   0   0   2  22   2   0  10   1   3   5   2   2   2   0   4   3   1   4  11  0.44 0.26
  355 N     0   3   0  -1  -1   0   1  -1  -1  -2  -2   3  -1  -2   0   1   0   0   0  -1    6  16   4   2   2   4   8   3   1   1   4  19   1   1   4   9   7   2   3   4  0.19 0.17
  356 N     0  -1   0   2  -5   0   5   0   0  -4  -4   0  -2  -5  -1  -1  -1  -1  -3  -3    7   2   4   9   0   3  43   7   2   1   2   5   1   0   4   4   3   1   1   1  0.63 0.38
  357 S    -2  -2   0  -2   1  -2  -1  -3  -1  -4  -4  -3  -1  -2  -2   6  -1  -6  -2  -4    3   2   4   2   3   2   5   1   1   1   2   2   2   2   3  59   4   0   2   1  1.03 0.59
  358 W     1  -1  -2  -3  -1  -2  -1  -1  -4   1  -1  -3   0   0  -3  -2  -2   4   0   4   12   3   2   1   1   2   4   4   0   8   6   1   2   4   1   3   2   6   3  32  0.40 0.27
  359 I    -1   2   2   1  -1   2   0  -2   0  -2  -2   1  -2  -3   1   1  -1  -5  -2  -3    4  12  11   8   1   9   6   3   2   2   4   9   1   1   7  12   4   0   1   2  0.22 0.19
  360 R    -3   7  -2  -2  -2   0  -2  -1   0  -3  -4   1   0  -4  -3  -2  -2  -1  -3  -4    2  57   2   3   1   3   3   4   2   2   1   7   2   1   1   3   3   1   1   1  1.27 0.64
  361 K    -3   2   1   0  -3   0  -1  -3   0  -3  -5   6  -2  -4  -2  -2  -1  -2  -2  -5    2   9   7   4   1   3   4   3   2   2   1  49   1   1   2   2   3   1   1   1  0.99 0.55
  362 N    -1   0   2   0  -3  -1   0   5  -1  -3  -3   0  -2  -3  -4  -1   0   1  -5  -2    5   5  10   4   1   3   5  39   1   2   3   5   1   1   1   4   5   2   0   3  0.58 0.37
  363 S    -1   0   1   2  -1   1   1   0   0  -2  -2   1  -1  -1  -1   1  -1   0   0  -1    5   5   8  12   1   6   9   8   2   2   3  10   2   3   3   9   4   2   3   5  0.11 0.11
  364 T    -2  -1  -1  -2  -1  -1  -2  -3  -1   3   1  -1   3   2  -2   0   1  -2  -1   2    2   4   3   3   1   3   2   2   2  16  13   3   7   7   2   7   8   1   1  14  0.20 0.16
  365 M    -1   1   0  -2  -2   0  -1  -2   1   0   0   0   0   0   2   1   1  -2  -1  -1    6   9   4   2   1   5   2   3   4   5   9   7   3   4   9  13   8   1   2   5  0.09 0.11
  366 V    -1  -1  -1  -2  -1   0  -2  -3   1   1   2  -1   0   1   1  -1  -1   0   2   1    6   4   2   3   1   4   2   2   3   6  23   3   2   6   7   4   3   1   7  10  0.15 0.14
  367 N     0   0   2   1   1   1   1   0   0  -2  -1  -1  -1  -2  -2   3   1  -1  -3  -3    6   6   9   7   3   6   7   7   2   2   6   4   1   2   2  21   7   1   1   2  0.19 0.19
  368 S    -1  -3  -2  -4  -1  -3  -3  -3  -1  -4  -3  -3  -4  -2   7   2  -1  -6  -2  -3    6   2   2   1   1   1   2   2   1   1   4   2   1   2  51  13   3   0   1   2  1.23 0.69
  369 E    -1   1  -2   0  -3   2   5   0  -1  -4  -3   2  -3  -5  -2   0  -3  -1  -3  -3    5   7   2   5   1   8  31   7   1   1   3  13   1   0   2   7   2   1   1   2  0.54 0.38
  370 D    -1  -2   4   3   0   0   2   1   1  -4  -3  -1  -2  -3  -4   1  -2   0   1  -3    5   2  18  14   2   3  12  10   3   1   2   3   1   1   0  12   3   1   4   2  0.39 0.29
  371 I    -2  -1  -2  -4  -3  -3  -3   6  -4   0  -3  -2  -1  -3  -4  -3  -2  -2  -5  -1    3   3   2   1   1   1   2  59   1   6   3   3   2   1   1   2   3   1   1   5  1.19 0.62
  372 F    -5  -1  -6  -7   1  -3  -5  -4  -2   2   0  -3  -1   6  -6  -4  -4   2   5   2    1   4   0   0   3   1   1   2   1  12   8   2   1  31   1   1   1   2  17  11  1.06 0.54
  373 L    -4  -8  -5  -8  -1  -4  -6  -5  -4  -2   1  -8  -3  -2  -8  -2  -3  12  -1  -3    2   0   1   0   1   1   1   1   1   2  11   0   1   2   0   3   2  63   2   2  3.00 1.31
  374 L     3  -1  -4  -4   2  -2  -4  -2  -2   0   2  -3  -1  -1  -5  -1   1   3  -2   2   22   4   0   1   3   2   1   3   1   5  20   1   1   2   0   5  10   3   2  12  0.35 0.28
  375 L    -3  -2  -6  -6   0  -3  -5  -3  -4   4   3  -5   2  -1  -3  -3  -2   0  -2   3    2   2   0   0   2   1   1   2   0  25  27   1   5   3   1   2   2   1   2  19  0.77 0.42
  376 C    -1   3  -5  -4   6   1  -1   3  -2  -2  -2  -3  -1  -4  -5   0  -3   4  -2  -2    4  14   0   1  16   6   4  23   1   2   4   2   2   1   0   8   1   5   2   4  0.65 0.42
  377 L    -4   1  -4  -4  -1  -1  -3  -4   1   0   4  -2   2   3  -5  -2  -3   0   1   1    1   7   1   1   1   3   2   2   3   5  34   3   5  13   0   4   2   1   5   9  0.49 0.31
  378 K    -3   3  -1  -2   4   2  -2  -3   1  -4  -2   4   0  -2  -2   0  -1   3   1  -4    1  16   2   3   7   9   2   2   3   1   4  21   2   2   2   8   3   4   5   1  0.49 0.36
  379 V    -2   0   4   1   0  -1   1   0   1  -2  -2   1  -1  -1  -3   1  -1   3   0  -1    3   5  17   8   2   3   8   6   3   2   4  10   2   2   1   9   3   4   3   5  0.21 0.19
  380 D    -2  -1   2   3  -2  -1   1   5  -2  -4  -5   1  -2  -5  -4  -1  -3  -3  -3  -5    3   3   8  15   1   3   8  38   1   1   2   7   1   0   1   5   1   0   1   1  0.76 0.48
  381 N    -2  -1   3   2  -2   1   1   1   0  -3  -4   2  -3  -2  -4   1  -1  -4  -3  -2    3   3  16  13   1   5   8  12   2   2   1  12   1   2   1  11   4   0   1   3  0.36 0.29
  382 H    -3   0  -1   0   1   2   2   1   3  -4  -3   1  -4  -2  -4  -1  -3   0   5  -2    2   5   2   5   2  10  14  10   7   1   3   7   0   1   1   4   2   1  17   4  0.46 0.34
  383 F    -4  -3  -5  -4   4  -2  -3  -3   0  -2  -2  -3  -3   3  -4  -2  -2   2   8  -3    2   2   1   2   7   2   2   2   2   3   4   2   1  10   1   4   3   3  47   2  1.50 0.75
  384 N     1   1   0  -2   0   1  -1  -2   1   0  -2   0  -1  -1  -2   1   0   3   1   0   11   7   5   2   2   6   4   2   4   6   4   6   2   3   2  13   6   5   4   6  0.12 0.13
  385 L     5  -1  -5  -6  -1  -5  -5  -3  -3   0   2  -4  -1   1  -3  -2  -2   1  -3   1   36   3   1   1   2   1   1   2   1   5  20   1   2   5   2   3   2   2   1   8  0.70 0.41
  386 L     1  -3  -4  -4   3  -1  -3  -3  -2  -1   2  -3   1   4  -3   1  -2   5   0  -2   11   2   1   1   6   3   2   3   1   4  19   2   3  13   2  12   3   6   3   3  0.42 0.25
  387 T    -1  -2   1  -2   1  -2  -2   0   1  -1  -3  -4  -2  -3   0   1   5  -6  -4  -1    6   3   5   3   3   2   3   9   3   4   3   1   1   1   4  11  33   0   1   4  0.56 0.37
  388 T     0  -2   1   1  -2  -3  -2  -1   0  -2  -4  -3  -3   0   2   3   3  -1  -1  -4    8   2   7   7   1   1   3   4   2   2   2   2   1   4   9  22  18   1   2   1  0.44 0.33
  389 S    -1  -3   0   0   1   0   0   0   0  -3  -4  -4  -3  -1   4   4  -1  -4  -2  -4    5   2   5   5   3   5   6   7   2   2   2   1   1   3  19  25   3   0   1   2  0.51 0.39
  390 P    -1  -1  -3   0   0  -1   0  -1   0  -4  -4  -2  -5  -4   6   1  -1  -3  -3  -3    5   3   1   5   2   3   6   5   2   2   2   3   0   1  42   9   4   0   1   3  0.93 0.60
  391 V    -1   2  -1  -1  -1  -1   0   0  -2  -1   0  -1   0  -1   1   1   1   3  -1   1    4  10   3   4   1   3   5   6   1   4  10   3   2   3   8   9   8   4   2   9  0.08 0.09
  392 F    -1  -1  -2  -5  -2  -2  -2  -4   0   0   1  -1  -1   0  -2   0   5  -7  -2   1    5   4   2   1   1   2   3   2   2   5  12   4   2   4   2   8  30   0   2   9  0.48 0.34
  393 P    -1   0  -1  -1   0  -1   0  -4   1  -1   1  -2  -5  -2   5  -1   1  -7  -2  -1    6   6   4   4   2   3   6   2   3   4  14   3   0   2  23   5   7   0   2   4  0.34 0.27
  394 H    -6  -4  -4  -6  -4   1  -3  -8   4   0   5  -3  -2   1  -3  -5  -3  -2  -4   0    1   1   1   1   0   5   3   0   7   5  53   2   1   5   2   1   2   1   1   7  1.07 0.57
  395 Y    -1   0  -1  -2   1   0  -2  -5   2  -3  -1  -1  -1   0   3   2   1  -1   3  -3    5   5   3   3   3   4   3   1   4   2   8   3   2   4  13  17   8   1  10   2  0.33 0.28
  396 I    -3  -3  -5  -5  -3  -2  -3  -5  -2   1   4  -5   2  -3   1  -3  -3  -3  -5   4    2   2   1   1   1   2   2   2   1   8  36   1   4   2   7   2   2   1   0  23  0.81 0.46
  397 E    -2   2   1  -2   0   1   2  -3   0  -5  -4   3  -4  -6   0   2   1  -5  -6  -3    4  10   6   2   2   7  13   3   2   1   2  17   1   1   5  13   8   0   0   2  0.41 0.33
  398 K    -2   3  -1  -1  -2   2   2   0  -2  -2  -3   3  -2  -4  -1   0  -2  -1  -5   2    3  15   3   3   1   9  12   7   1   3   3  13   1   1   3   6   3   1   0  12  0.34 0.27
  399 P    -1   2   0  -2   0  -1  -1  -5  -2  -2  -4   4  -2  -4   5  -1  -3  -4  -5  -3    6  11   4   2   2   3   4   1   1   2   2  20   1   1  29   5   2   0   1   3  0.78 0.51
  400 L    -5  -4  -4  -8  -4  -3  -6  -8  -3   1   3  -5  -1  -4   7  -5  -2  -4  -8   0    1   1   1   0   1   2   1   0   1   6  25   1   2   1  45   1   3   0   0   6  1.41 0.80
  401 G    -5   4  -1  -2   1   4   0   1   3  -6  -4   2  -5  -6  -3   0  -1  -2  -4  -6    1  22   3   3   3  18   6  10   6   1   3  10   0   0   2   7   4   1   1   1  0.72 0.48
  402 R    -1   4   0  -3   1   1  -1  -2   4  -1  -2   2   1  -3  -4  -1  -1   2   0  -1    3  25   3   0   3   6   3   3  13   3   3  13   4   0   0   3   4   3   3   4  0.40 0.24
  403 V     0  -5  -5  -6  -4  -5  -5  -1  -5   5   1  -5   3   1  -5  -4   0  -5  -3   4    6   0   0   0   0   0   0   6   0  30  11   0   8   6   0   0   6   0   0  26  0.70 0.34
  404 G    -2   4  -4  -5   0  -1  -3   5  -2  -4  -4  -2  -2  -3  -5  -2  -2   0   1  -4    2  22   0   0   2   3   1  51   1   1   2   2   1   1   0   2   2   1   6   1  0.98 0.45
  405 V    -2  -5  -5  -5  -4  -5   0  -6  -5   4  -1  -5   0  -4  -5  -3  -2  -5  -4   6    2   0   0   0   0   0   6   0   0  18   3   0   2   0   0   2   2   0   0  62  1.24 0.50
  406 F    -2  -2  -2  -3   2   1  -2  -5   1  -2  -2  -2  -3   7  -5  -1  -1   0   4  -2    3   2   2   2   5   7   2   0   3   2   3   3   0  42   0   4   4   1  13   3  0.83 0.37
  407 L    -1  -5  -6  -6  -4  -5  -5  -6  -5   0   6  -5   1   0  -5  -5  -2  -5  -4   1    6   0   0   0   0   0   0   0   0   3  72   0   3   3   0   0   2   0   0   9  1.22 0.48
  408 D    -3  -4   2   7  -6  -3  -1  -3   0  -6  -6  -2  -5  -6  -4  -2  -4  -6  -1  -6    2   0   9  73   0   0   2   2   3   0   0   2   0   0   0   2   0   0   2   0  1.74 0.61
  409 F    -3  -2  -5  -6   6  -4  -5  -4   0  -3  -2  -5   0   2  -5  -3  -3   5   8  -3    2   2   0   0  16   0   0   1   1   1   3   0   2   6   0   1   1   7  53   2  1.62 0.58
  410 E    -1  -2   0   4  -5  -1   6  -3   0  -4  -4  -1  -4  -3  -3  -1  -2   0  -3  -3    4   1   4  22   0   1  47   2   2   1   1   3   0   1   1   3   2   2   1   1  0.91 0.46
  411 S     1   2   0  -1   1   0   1   1  -1  -2  -2   1  -1  -2  -2   0  -1  -1  -2  -1   15  14   3   3   3   2  12  13   1   1   4  10   2   1   1   5   3   1   1   4  0.16 0.14
  412 G    -2   1  -2  -2  -2  -1  -2   6  -1  -6  -6  -1  -5  -5  -5  -3  -3  -1  -3  -5    2   9   2   2   1   2   3  67   2   0   1   4   0   0   0   1   1   1   1   0  1.32 0.54
  413 S    -2   2  -1  -1  -1   3   3  -3   1  -1  -1   1   0  -3  -3   0   2   0  -2  -1    1  11   1   3   2  14  17   1   3   4   5   9   2   1   0   6  13   2   1   4  0.28 0.23
  414 V    -3  -3  -5  -6  -4  -5  -5  -6  -6   2   3  -5   0  -4  -5  -5  -3  -5  -4   6    2   1   0   0   0   0   0   0   0  11  23   0   2   0   0   0   0   0   0  57  1.24 0.52
  415 S     1  -2  -2  -3   0  -3  -2  -2  -3  -3  -3  -3  -3  -4  -3   6   2  -2  -5  -1   11   2   1   1   2   0   3   2   1   1   3   1   1   1   1  54  11   1   0   4  0.87 0.49
  416 F    -6  -6  -7  -7  -6  -7  -7  -7  -5  -1  -2  -7  -4   9  -7  -6  -6   0   0  -3    0   0   0   0   0   0   0   0   0   3   2   0   0  88   0   0   0   1   1   1  2.81 0.90
  417 L    -3  -3  -5  -5   0  -5  -5  -5   0  -1  -1  -5  -2   4  -5   1  -2   1   7   1    1   1   0   0   2   0   0   0   2   3   6   0   1  15   0  11   3   1  45   9  1.19 0.52
  418 N    -4  -4   6   6  -3  -3  -1  -4  -2  -6  -5  -4  -6  -5  -5  -1  -4  -7  -4  -5    1   1  37  47   1   1   3   1   1   0   1   1   0   1   0   4   0   0   1   1  1.66 0.67
  419 V     4  -4  -3  -4  -3  -3  -4  -2  -3   0   0  -3   2  -3   2  -1   1  -3  -4   3   35   1   1   1   0   1   0   3   0   3   7   1   5   1   9   4   7   0   0  21  0.50 0.34
  420 T     0  -1   2   4  -3  -1   2  -1  -1  -2  -1  -1  -2  -2  -3   1   1  -3  -3  -1    7   2   9  24   0   1  13   3   1   2   6   3   1   2   1   8  11   0   0   4  0.32 0.24
  421 K    -1   0   3   4  -2   0   0  -3   3  -4  -4   0  -3  -5  -4   1   3  -6  -2  -4    6   5  13  20   1   4   5   1   6   1   1   6   0   0   0   8  22   0   1   0  0.54 0.35
  422 S    -1   2   2  -1  -3   1   0   2   1  -3  -2   1   4  -3  -4   0  -3  -3  -2  -3    4  10  11   3   0   5   5  19   3   1   4  11  13   1   0   8   1   0   1   1  0.33 0.26
  423 S     1  -1  -2  -1   2  -2  -1  -2  -3  -3  -5   0  -3  -3  -3   4   3  -4  -3  -2   11   3   2   3   4   1   5   2   1   1   1   5   0   1   1  36  20   0   1   2  0.62 0.42
  424 L    -3  -3  -2  -5  -1  -1  -2  -6   7  -2   3  -2  -2   0   2  -3  -3   0  -1  -1    1   1   2   0   1   3   2   0  29   2  33   2   1   3  10   1   2   1   1   4  0.94 0.50
  425 I    -4  -7  -5  -8  -6  -7  -7  -8  -7   7   3  -7   0  -3  -3  -7  -4  -7  -4  -1    1   0   1   0   0   0   0   0   0  61  29   0   2   1   1   0   1   0   1   3  1.78 0.73
  426 W    -3  -5  -6  -6   3  -5  -5  -7   6  -3  -2  -4  -5   5  -7  -5  -6   2   8  -3    2   0   0   0   6   0   0   0  17   1   4   1   0  20   0   1   0   3  42   2  1.77 0.75
  427 S    -1   0  -2  -4   1  -2  -2  -4  -3  -2  -4   1  -1  -4  -5   2   6  -6  -3  -1    4   6   1   0   2   1   2   1   1   2   1   8   2   1   0  16  47   0   1   4  0.91 0.54
  428 Y    -5  -6  -4  -6   0  -3  -5  -6  -3  -1  -2  -5  -2   9  -4  -4  -2  -4   4  -4    1   0   1   0   2   2   1   0   0   3   3   1   1  69   1   1   3   0  10   1  2.09 0.80
  429 P    -1   1  -1  -2  -1   0  -1  -2   2  -2  -1  -1  -2  -1   3   2   1  -3  -1  -1    3   8   2   2   1   4   2   2   6   2   8   3   1   3  17  19  10   0   2   4  0.27 0.19
  430 A    -1   0   2   0  -2   0   0   0  -1  -3  -2   2  -3  -3   1   1   3  -3  -2  -3    5   4  10   5   1   4   5   7   1   1   5  12   0   1   8   9  20   0   1   1  0.25 0.22
  431 G     2  -3  -3   2   5  -1  -2   0   4   0  -2  -3  -1  -2  -3  -1   0  -5   0   0   21   1   0  11  14   3   1   6  10   6   3   1   1   2   1   3   5   0   3   7  0.41 0.29
  432 S     0  -1  -1  -2   0  -2  -3  -3  -2  -3  -2   0  -3  -1   1   4   3  -5   0  -1    7   4   3   2   2   1   1   1   1   1   3   6   0   3   7  31  19   0   4   4  0.43 0.35
  433 L    -6  -7  -7  -4   0  -7  -7  -7  -3  -3  -1  -7  -3   9  -6  -3  -4  -1  -2  -4    1   0   0   1   2   0   0   0   1   1   6   0   1  79   1   3   1   1   1   1  2.54 0.98
  434 T    -1  -1   0  -2  -1   1  -2  -1   0  -5  -3   0  -2  -4   0   3   5  -6  -2  -4    5   3   4   2   1   6   3   4   2   0   2   5   1   1   5  23  31   0   1   1  0.56 0.43
  435 F    -4  -3  -3   1  -4   1   6   3  -1  -5  -6  -2  -4   0  -3  -1  -3  -2  -2  -4    1   1   1   6   0   6  43  21   1   1   0   2   0   5   1   4   2   1   1   1  0.92 0.55
  436 P    -2   3  -4  -4  -5  -2   0  -6  -3  -4  -5   5  -5  -7   5  -2   1  -7  -5  -4    4  16   1   1   0   1   6   0   1   1   1  30   0   0  26   2   9   0   0   1  1.03 0.59
  437 V    -1  -7  -7  -8  -5  -6  -7  -7  -7   4   5  -7   3  -2  -4  -6  -4  -6  -4   4    5   0   0   0   0   0   0   0   0  18  44   0   6   1   1   0   1   0   0  23  1.20 0.58
  438 R    -6   4  -4  -7   2  -2  -6  -6   2  -4  -1  -2  -4   6  -7  -4  -4   3   5  -3    0  21   1   0   4   2   0   0   4   1   5   2   0  31   0   1   1   3  21   2  1.25 0.62
  439 P    -1  -8  -8  -8  -9  -8  -7  -8  -9  -9  -6  -7  -9 -10   9  -4  -7 -10  -9  -5    5   0   0   0   0   0   0   0   0   0   1   0   0   0  92   1   0   0   0   1  3.25 1.31
  440 F    -5  -7  -7  -7  -2  -7  -7  -8   0   1  -1  -7  -3   7  -8  -5  -7   4   7  -3    1   0   0   0   1   0   0   0   2   7   6   0   1  40   0   1   0   4  35   2  1.94 0.81
  441 F    -8  -6  -8  -9  -5  -8  -9  -9  -4  -1   0  -8  -2   9  -9  -8  -6  -5  -2  -3    0   0   0   0   0   0   0   0   0   3   9   0   1  83   0   0   1   0   1   1  2.86 1.05
  442 Y    -5  -2   4  -5   7  -4  -6  -4  -2  -4  -7  -5  -7   1  -8   4  -5   7   4  -6    1   2  15   0  18   1   0   1   1   1   0   1   0   5   0  28   0  12  14   0  1.43 0.78
  443 T    -5  -7  -5  -7   0  -5  -7  -7  -5   1   2  -5  -1  -2   6  -3   3  -8  -4   2    0   0   1   0   2   1   0   0   0   6  17   0   1   2  36   2  16   0   1  15  1.10 0.65
  444 G    -4  -3  -2  -6  -5  -4  -3   7  -1  -5  -8  -4  -4  -8  -7  -3  -6  -4  -4  -8    1   1   2   0   0   1   2  86   1   1   0   1   1   0   0   2   0   0   1   0  2.22 0.93
  445 H    -3  -1  -1  -2  -2   1   0  -2   7  -1  -3  -1  -4  -4  -1   3   1  -5   1  -3    0   3   1   2   1   5   6   2  31   4   2   2   0   0   3  26   7   0   5   1  0.72 0.40
  446 R    -3   6  -3  -4  -6   1  -2  -4  -3  -5  -5   5  -4  -5  -4  -3  -3  -5  -4  -5    0  55   0   0   0   5   0   0   0   0   0  41   0   0   0   0   0   0   0   0  1.48 0.48

                      K         Lambda
Standard Ungapped    0.1365     0.3236
Standard Gapped      0.0421     0.2670
PSI Ungapped         0.1376     0.3173
PSI Gapped           0.0421     0.2670
