
Last position-specific scoring matrix computed, weighted observed percentages rounded down, information per position, and relative weight of gapless real matches to pseudocounts
           A  R  N  D  C  Q  E  G  H  I  L  K  M  F  P  S  T  W  Y  V   A   R   N   D   C   Q   E   G   H   I   L   K   M   F   P   S   T   W   Y   V
    1 M   -2 -2 -3 -4 -2 -1 -3 -3 -2  2  1 -2  7 -1 -3 -2 -1 -2 -2  1    0   0   0   0   0   0   0   0   0  14   0   0  86   0   0   0   0   0   0   0  0.74 0.12
    2 A    5 -2 -2 -2 -1 -1 -1  0 -2 -2 -2 -1 -1 -3 -1  1  0 -3 -2 -1  100   0   0   0   0   0   0   0   0   0   0   0   0   0   0   0   0   0   0   0  0.64 0.09
    3 T    2 -2 -1 -2 -1 -1 -1 -2 -2 -1 -2 -1 -1 -3 -2  1  5 -3 -2 -1   21   0   0   0   0   0   0   0   0   0   0   0   0   0   0   0  79   0   0   0  0.60 0.11
    4 E    4 -1 -2 -1 -1  0  3 -1 -2 -2 -2 -1 -2 -3 -1  0 -1 -3 -2 -1   70   0   0   0   0   0  30   0   0   0   0   0   0   0   0   0   0   0   0   0  0.48 0.09
    5 A    2 -2 -2 -2 -2  1 -1 -1 -2 -2 -3 -1 -2 -3  5  1  1 -3 -3 -2   35   0   0   0   0   9   0   0   0   0   0   0   0   0  40   9   8   0   0   0  0.76 0.10
    6 P   -2 -3 -3 -3 -3 -2 -2 -3 -3 -2  1 -2 -1 -3  7 -2 -2 -4 -3 -2    0   0   0   0   0   0   0   0   0   0  26   0   0   0  74   0   0   0   0   0  1.53 0.15
    7 V   -1 -2 -2 -3 -2 -2 -3 -3 -3  1  2 -2  1 -1 -3 -1  2  4 -1  2    0   0   0   0   0   0   0   0   0   0  40   0   0   0   0   0  25  10   0  26  0.35 0.08
    8 N   -1 -1  5  0 -3  0  2 -1  0 -3 -3  1 -2 -3 -2  1  1 -4 -2 -3    0   0  58   0   0   0  16   0   0   0   0   8   0   0   0  10   9   0   0   0  0.60 0.11
    9 I   -1  4 -1 -2 -3 -1 -1 -3 -2  2 -1  0 -1 -2  2  0  1 -3 -2 -1    0  42   0   0   0   0   0   0   0  22   0   0   0   0  14   9  13   0   0   0  0.38 0.11
   10 A    3  0 -2 -2 -2 -1 -2 -2 -2 -1  0 -1 -1 -2  4  0 -1 -3 -2  0   38   8   0   0   0   0   0   0   0   0  11   0   0   0  29   7   0   0   0   7  0.48 0.10
   11 P    0 -2  1 -1 -3 -1  0 -2 -2 -3 -2 -1 -2 -3  6  1 -1 -4 -3 -2    6   0  11   0   0   0   8   0   0   0   4   0   0   0  54  17   0   0   0   0  1.00 0.15
   12 P    0 -2 -1 -1 -2 -1 -1 -1 -2 -2 -1 -1 -2  0  3  4  0 -3 -2 -2    0   0   0   0   0   0   0   0   0   0   7   0   0   6  14  73   0   0   0   0  0.57 0.17
   13 E    0  2 -1  0  2  0  3  2  2 -3 -3  1 -2 -3 -2 -1 -1 -3 -2 -3   10  13   0   0   7   0  38  18   8   0   0   8   0   0   0   0   0   0   0   0  0.35 0.10
   14 C   -1  3 -1 -2  6 -1 -2 -2 -1 -2  0 -1 -1 -1 -2  0  2 -2  2 -1    0  25   0   0  26   0   0   0   0   0   8   0   0   0   0   7  19   0  10   0  0.36 0.10
   15 S    1  2 -1 -2 -2 -1 -1  0 -1  1 -1  1 -1 -1 -2  1 -1 -2  1  1   11  20   0   0   0   0   0   6   0  18   0  14   0   0   0  14   0   0   7  10  0.11 0.06
   16 T    0 -2 -1 -2 -2 -2 -2  2 -2  0  0 -2  0  2 -2  0  2 -2 -1  1    8   0   0   0   0   0   0  19   0   0  11   0   0  15   0   7  24   0   0  17  0.16 0.07
   17 V    0  2 -2 -2 -2 -1 -2 -2 -2  0  0  0 -1 -2  5 -1  0 -3 -2  0   11  23   0   0   0   0   0   0   0   7  10   0   0   0  33   0   8   0   0   8  0.50 0.10
   18 V    1 -2 -1  1 -2 -1 -1  0 -2  1  0 -1 -1  0 -2  2  0 -3 -1  0   17   0   0  11   0   0   0   5   0  13   8   0   0   7   0  31   0   0   0   8  0.12 0.07
   19 S    1  1  0  1 -2 -1 -1  0  4 -3 -3 -1 -2 -3 -2  3  0 -3 -1 -2   16  11   0   8   0   0   0   7  18   0   0   0   0   0   0  41   0   0   0   0  0.35 0.11
   20 T    1 -2 -1  1 -2 -2 -1  1 -2 -1 -2 -1 -2 -3  5  0  2 -4 -3 -2   10   0   0  11   0   0   0  14   0   6   0   0   0   0  34   6  18   0   0   0  0.56 0.11
   21 A    2 -2 -1 -2 -2 -1 -1 -1 -2 -1 -2 -1 -2 -3  4  2  1 -3 -2  0   31   0   0   0   0   0   0   0   0   0   0   0   0   0  23  25  10   0   0  10  0.48 0.12
   22 V    3 -2  2 -1 -1 -1 -1 -1 -2  0 -1 -1 -1 -2 -2  1  0 -3 -2  2   41   0  19   0   0   0   0   0   0   0   1   0   0   0   0  10   0   0   0  25  0.27 0.11
   23 D   -1 -1  0  3 -3  0  1 -2  6 -3 -3  0 -2 -3  2  1 -1 -3 -1 -3    1   0   0  24   0   0   6   1  33   0   1   7   0   0   9  17   0   0   0   0  0.51 0.13
   24 S    1  1 -1  0 -2  0  1  0 -1 -2 -1  0 -1 -2  2  2  1 -3 -2 -2    8   9   0   4   0   0  11   5   0   0  10   0   0   0  12  33   6   0   0   0  0.22 0.07
   25 L   -1 -2  0 -1 -2 -1 -1 -2 -2  1  0 -1 -1  2  3  2  2 -2 -1 -1    0   0   6   0   0   0   0   0   0  13   8   0   0  12  15  26  17   0   0   0  0.22 0.08
   26 I    2  0 -2 -2 -1 -1 -2 -2 -2  2  1 -1  0 -2 -2  1  0 -3 -2  1   27   6   0   0   0   0   0   0   0  25  10   0   0   0   0  19   0   0   0   6  0.13 0.09
   27 W   -1 -2 -2 -2 -2 -1  1  0 -1 -2 -2 -1 -2  1  3  0 -1  7  2 -2    1   1   1   1   0   1  11   6   0   1   1   1   0   6  21  12   1  25   9   1  0.66 0.11
   28 Q   -1 -1 -1 -1 -3  3  2 -2 -1 -3 -3  2 -2 -4  5  0  1 -3 -3 -3    0   0   0   0   0  18  16   0   0   0   0  15   0   0  33   7  10   0   0   0  0.68 0.13
   29 P   -2 -3 -3 -2 -3 -2 -2 -3 -3 -3 -3 -2 -3 -4  8 -2 -2 -4 -3 -3    1   0   0   0   0   0   0   1   0   0   1   0   0   0  93   1   0   0   0   0  2.24 0.26
   30 N   -1  1  3  3 -3  0  2 -2 -1 -4 -4  0 -3 -4  1  1 -1 -4 -3 -3    0   9  27  20   0   0  22   0   0   0   0   0   0   0   6  17   0   0   0   0  0.49 0.12
   31 S    1  2 -1 -1 -2 -1 -1 -1 -2 -3 -3 -1 -2 -3  1  4  2 -3 -2 -2   11  15   0   0   0   0   0   0   0   0   0   0   0   0   5  49  20   0   0   0  0.46 0.16
   32 L    1  0 -2 -2 -2  1 -2  1 -2  0  1 -1  1 -2  3 -1 -1 -3 -2  0   13   7   0   0   0   8   0  15   0   5  25   0   7   0  15   0   0   0   0   5  0.19 0.08
   33 N    2 -1  1 -1 -2 -1 -1 -1  2 -2 -3  1 -2 -3  3  1  2 -3 -2 -2   30   0  10   0   0   0   0   0  10   0   0   9   0   0  16   8  16   0   0   0  0.36 0.12
   34 M   -2 -3 -3 -4 -3 -2 -3 -4 -3 -1  0 -3  8 -2 -3  0 -2 -3 -3  2    1   1   0   1   0   0   1   1   0   1   1   1  71   0   1   7   1   0   0  14  1.39 0.45
   35 H   -3  1 -1  1 -4 -1  0 -3  9 -4 -4 -2 -3 -3 -3 -1 -3 -4 -1 -4    1   6   0   8   0   0   7   1  69   1   1   1   0   0   1   3   1   0   0   1  1.55 0.43
   36 M   -1  0 -2 -3 -2 -2 -2 -3 -2  1  2  0  3  0 -2 -2  0 -2 -1  3    1   5   1   1   0   1   1   1   0   5  22   7  13   5   1   1   7   0   1  29  0.23 0.13
   37 I    2 -2 -2 -2 -2 -2 -2 -2 -3  0 -1 -2  1 -2  1  0  4 -3 -2  1   18   1   0   1   0   0   1   1   0   6   3   1   5   0   7   6  40   0   0  10  0.39 0.22
   38 R   -3  7 -3 -4 -5 -1 -2 -4 -3 -2 -4  0 -3 -5  0 -3 -3 -5 -4 -4    0  88   0   0   0   0   0   0   0   3   0   0   0   0   5   0   0   0   0   0  1.82 0.59
   39 P   -3 -4 -4 -4 -5 -3 -3 -1 -4 -4 -5 -3 -4 -5  8 -3 -3 -5 -5 -1    0   0   0   0   0   0   0   5   0   0   0   0   0   0  87   0   0   0   0   4  2.43 0.63
   40 K   -3  1 -2 -3 -4  2 -1 -3 -2 -4 -4  6  1 -4  0 -2 -3 -4 -3 -4    0   5   0   0   0  11   0   0   0   0   0  72   4   0   5   0   0   0   0   0  1.20 0.47
   41 S    0 -3 -2 -3 -3 -2 -3 -3 -3 -4 -5 -3 -4 -5 -3  6  1 -5 -4 -4    4   0   0   0   0   0   0   0   0   0   0   0   0   0   0  88   8   0   0   0  1.49 0.60
   42 A    5 -1 -2 -3 -2 -2 -2  0 -3 -3 -3 -2 -3 -4 -2  3  0 -4 -3 -2   55   3   0   0   0   0   0   4   0   0   0   0   0   0   0  31   5   0   0   0  0.81 0.39
   43 K   -2  1 -2 -2 -4  1 -1 -1 -2 -3 -3  6 -3 -3 -3 -2 -2 -3  0 -1    1   4   0   1   0   4   1   5   0   1   1  72   0   0   1   1   1   0   4   5  1.00 0.40
   44 G   -2 -4  0 -3 -4 -3 -4  6 -4 -5 -5 -3 -4 -5  0 -1 -3 -4 -4 -5    0   0   4   0   0   0   0  84   0   0   1   0   0   0   4   4   0   0   0   0  1.60 0.50
   45 R   -1  7 -2 -3 -5  0  0 -4 -2 -4 -4  1 -3 -4 -3 -1 -3 -4 -3 -4    4  75   0   0   0   3   4   0   0   0   1   6   0   0   0   4   0   0   0   0  1.39 0.50
   46 T    0  2  1 -2  0 -1  0 -2 -2 -2 -2 -1  0 -3  2  2  3 -4 -3 -1    4  12   7   0   2   0   4   0   0   0   3   0   2   0  11  24  25   0   0   4  0.36 0.25
   47 R   -3  7 -2 -3 -5  2 -2 -4 -2 -4 -4  0  1 -4 -4  0 -3 -4 -4 -4    0  76   0   0   0   9   0   0   0   0   1   0   4   0   0   6   0   0   0   0  1.54 0.57
   48 P    1 -4  1 -3 -4 -3 -3 -4 -4 -4 -2 -3 -4 -5  7  0 -1 -5 -5 -4   11   0   7   0   0   0   0   0   0   0   3   0   0   0  67   6   4   0   0   0  1.68 0.57
   49 S    1  0  1  0 -2  0 -1  0 -2 -1 -2  1  0 -3  2  2  1 -4 -3 -1   13   5  10   5   0   3   0   4   0   5   0   8   4   0  12  17  10   0   0   3  0.21 0.16
   50 L    0  0 -2 -2 -2  2 -2 -3 -2  0  1 -1  0  0  3  0  1 -3 -2  1    5   7   0   0   0  12   0   1   0   5  18   0   2   5  15   6   9   0   0  13  0.20 0.16
   51 Q    0  1  1  2 -3  2 -1 -2  1 -3 -3  1 -2 -3  0  2  2 -4 -3 -1    4   8   6  13   0  13   0   0   4   0   0   7   0   0   3  22  14   0   0   5  0.31 0.23
   52 K   -1  0  1 -2  3  0  0 -3  3 -1 -1  0 -2 -2 -3  2 -1 -2  3 -2    4   5   7   0   9   2   7   0  11   5   6   7   0   0   0  23   0   0  12   0  0.28 0.23
   53 S    0 -2  1 -2 -3  0 -1  1 -2 -3 -1 -2  0 -3  1  4  2 -4 -3 -3    5   0   6   0   0   5   3  10   0   0   7   0   3   0   6  42  12   0   0   0  0.44 0.31
   54 Q   -1  1 -2 -2 -3  3  0 -1  2 -2  0  1 -2 -3  3  1  0 -3 -1 -2    2   9   0   0   0  16   3   5   6   0  12   8   0   0  17  12   5   0   2   1  0.27 0.21
   55 G   -1 -2  1  1 -3  1  1  1  0 -3 -3  0  1 -3 -2  2  1 -3 -1 -2    3   0   8   8   0   6  11  10   3   0   1   4   4   0   0  25  10   0   2   2  0.27 0.21
   56 V    1 -2 -2 -1 -2  0 -2  0 -3  1  1 -1  2 -2  0  1  1 -3 -2  2   13   0   0   2   0   4   0   5   0   9  11   3   7   0   4  14   9   0   0  18  0.14 0.15
   57 E    0  0  0  0 -3  1  3  2  3 -3 -2 -1 -2 -3  0 -1 -1 -3 -1 -2    8   4   5   5   0   5  22  20   9   0   5   2   0   0   5   2   2   0   2   3  0.27 0.19
   58 V    1 -1  0  1 -2 -2 -1  1  0 -2 -2 -2 -2  1  1  1  2 -3 -2  0   13   2   2   8   0   0   3  10   3   0   3   0   0   8   8  11  20   0   0   8  0.18 0.18
   59 C    1 -2  1 -2  3 -2 -1  1  0 -2 -1  0 -2  0  0  1  0 -2  3  0   17   0   7   0   8   0   2  10   2   0   4   5   0   4   5  12   4   0  14   6  0.18 0.18
   60 A    0  0 -2 -2  2  2  1  0  0  0  0 -2 -2 -2  3  2 -1 -4 -3 -2    7   4   0   0   6  11  11   7   2   7   9   0   0   2  14  21   0   0   0   0  0.24 0.23
   61 H    0  0  0 -2  0  1  0  1  2  0  0 -1 -1  0 -1  1  0 -2  2 -2    6   7   4   0   2   7   8  11   7   6   9   0   0   4   2  14   5   0   8   0  0.08 0.12
   62 H    1 -1  0 -3 -3  2 -2 -1  6 -4 -3 -1 -3  1  0  1 -2  1  0 -3   14   3   5   0   0   9   0   3  30   0   1   3   0   8   4  14   0   2   2   0  0.59 0.34
   63 I    0 -3 -1 -3 -2 -1 -2 -1  1  2  0 -2 -1 -1  3  0  1 -3 -2  2    7   0   2   0   0   2   1   5   5  13   9   0   0   2  19   5  12   0   0  17  0.28 0.19
   64 P   -1 -1 -1  0 -4 -3 -2 -3  1 -2 -2 -1 -3 -4  6  2  0 -4 -4 -3    4   3   2   6   0   0   0   1   4   2   3   3   0   0  50  16   5   0   0   0  1.07 0.44
   65 S    0 -1  0 -2 -3 -1  0  0  1 -1 -3  0  0 -1  4  2  0 -3 -2  0    4   2   4   0   0   2   6   8   4   3   1   5   3   3  21  23   5   0   0   6  0.32 0.21
   66 P    1  1 -2 -2 -3  1 -1 -1 -2 -3 -2  1 -3 -4  4  2  1 -4 -3 -3   12  10   0   0   0   7   3   3   0   0   2  10   0   0  26  15   8   0   0   1  0.51 0.27
   67 P   -3 -4 -3 -3 -4 -1 -3 -4  0 -3  0 -3  2 -4  7  0  0  1 -4 -1    1   0   0   0   0   3   0   1   3   0  10   0   6   0  57   6   5   2   0   5  1.29 0.51
   68 P    0  1  0  0 -3  0  1 -3  1 -3 -3  0  0 -4  5  1  0 -4 -3 -3    8  10   3   5   0   4   7   0   3   0   1   4   3   0  32  13   6   0   0   0  0.58 0.29
   69 A    2  1  0 -2 -3 -2  0  0  0 -2 -2 -2 -3 -3  2  3  1 -4 -3 -2   18   7   3   0   0   0   6   8   2   3   2   0   0   0   9  32   9   0   0   0  0.36 0.27
   70 I    0  1 -1 -2 -3 -1 -1 -1  0 -1 -1 -1 -1 -1  4  1  1 -3 -2  0    9   9   2   0   0   2   3   3   2   2   5   3   2   3  25  13   8   0   0   8  0.33 0.20
   71 P    0  0  0 -1 -3  0 -1  0  0 -2 -3 -1  0 -3  4  2  0 -4 -3 -1    7   4   4   2   0   3   3   9   2   1   1   3   3   0  28  17   7   0   0   6  0.43 0.23
   72 Y    1  2  0  0  2  0 -1 -2  1 -2 -3  0 -2 -1  2  1  0 -3  1 -2   16  16   3   6   5   5   0   0   3   2   1   3   0   2  10  14   5   0   5   2  0.22 0.19
   73 E   -2  2  0  1  0  1  2 -1  0 -3  0  0  0 -3  2  1 -1 -3 -1 -3    0  12   5   7   2   5  16   4   2   0  10   5   3   0  13  11   3   0   2   0  0.23 0.18
   74 L   -1  3 -1  0 -3  0 -2 -1  0 -3  0  2 -2 -3  2  2 -2 -4 -3 -3    2  24   2   4   0   4   0   5   2   0  11  14   0   0   9  20   0   0   0   0  0.36 0.27
   75 P    0 -1  0  0 -3  0  0 -1 -3 -2 -1 -1 -3 -4  5  2  0 -4 -3 -2    6   4   4   6   0   5   4   4   0   2   7   2   0   0  32  17   6   0   0   2  0.52 0.28
   76 S    0  0  1  1 -3  1  0  1  1 -3 -4 -2 -3 -1  0  4 -1 -4 -3 -3    7   5   6   7   0   7   4  11   4   2   0   0   0   3   5  38   2   0   0   0  0.41 0.31
   77 S    0  2 -1 -2  1  0  0  0  0 -4 -3  0 -3 -2  0  3  2 -4 -1 -3    6  11   2   0   3   4   7   7   3   0   2   5   0   1   3  33  12   0   2   0  0.33 0.27
   78 Q    0  2 -1  0 -1  2  1 -1  0 -2 -1  0 -1 -3  2  0  0 -3 -1  0    8  17   2   3   2  11   8   4   2   0   5   4   2   0  10   8   4   0   2   7  0.17 0.14
   79 K   -1  3  0 -1 -3  1  0 -1  0 -1  0  0 -1 -3 -1  2  1 -3 -2  0    2  20   3   2   0   7   3   3   2   3  14   5   0   0   2  18   7   0   0   9  0.18 0.19
   80 P    0  2 -1 -1 -3  0 -1  0  1 -1 -2  0  0 -3  4  1  0 -3 -3 -2    9  14   3   3   0   3   1   8   3   5   2   6   3   0  20  13   5   0   0   2  0.29 0.18
   81 G    0  2  1 -2 -3  0  0  1 -2 -3 -3  1 -2 -3  1  2  1 -3 -3 -1    8  16   5   0   0   3   5  12   0   0   1   8   0   0   7  21   7   0   0   3  0.28 0.20
   82 A    1  1  0 -1 -2  1 -1  0  1  0 -1  0  0 -2  0  2  1 -3 -1  0   15  12   4   3   0   7   1   5   3   5   5   2   2   0   3  17   7   0   2   7  0.10 0.12
   83 C    1  0 -1 -2  2 -1 -1 -1 -2 -1 -1 -1  0  1  2  2  1 -2 -1 -1   13   5   2   0   7   2   3   5   0   3   3   2   3   9  10  18  11   0   2   2  0.15 0.15
   84 A    1  0  0 -1 -2  1 -1 -1  0 -1 -1  0 -1 -1  1  2  0 -3 -2  0   15   7   3   3   0   8   2   3   3   4   7   4   0   2   6  21   4   0   0   7  0.12 0.13
   85 P    1  1 -1 -2 -3 -2 -1 -3  0 -1  1  0 -1 -1  4  0  0 -3 -1 -1   13   9   2   0   0   0   2   0   3   3  16   6   0   2  22   7   7   0   2   4  0.29 0.20
   86 K    0  3 -1  0 -3 -1  0 -2  2 -2  0  1  1 -1  1  1  0 -3 -2  0    6  19   0   5   0   0   7   2   7   0  10   8   4   2   8  11   4   0   0   6  0.16 0.16
   87 S    0  2 -1  0 -3  3  1  0 -2 -3 -1  0  0 -1  0  2  1  1 -2 -1    6  15   2   3   0  16   6   5   0   0   5   3   2   3   3  17   8   2   0   3  0.20 0.19
   88 P   -1  1  2 -2 -3  0  0  0 -2 -3 -1 -1 -2 -3  4  2  1 -4 -3 -2    2   9  15   0   0   3   8   5   0   0   6   2   0   0  20  18   8   0   0   3  0.38 0.24
   89 N    0  0  0 -1 -3  2  0  0  0 -1 -2  1 -2 -2  1  3 -1 -3 -2 -1    6   4   3   3   0  10   5   7   2   3   4   8   0   2   6  32   0   0   0   3  0.22 0.20
   90 Q   -1  1  1 -2 -3  3  1 -1  0 -2  0  0 -2 -1 -2  2 -1 -3 -2  0    1   9   6   1   0  21   7   5   2   1   9   3   0   3   1  23   1   0   0   8  0.26 0.23
   91 G    0  2  0 -2 -2  1  0  0  1  0  0 -1  0 -2  1  0 -1 -2  0  0    8  14   3   1   0  10   6   9   4   8   9   1   2   0   6   8   3   0   3   6  0.08 0.10
   92 A    0 -1  0  0 -2  2  0 -1  0 -1 -2  0 -2 -1  0  2  1 -3  0  0    8   0   3   5   0  12   3   4   2   3   2   6   0   2   3  25  11   0   3   7  0.18 0.17
   93 S    1  0  1 -1 -2  1 -1  0  0 -1 -2  0  0 -3  1  2  1 -3 -2  0   11   5   7   3   0   6   3   6   2   2   2   5   4   0   7  23   7   0   0   7  0.15 0.14
   94 D   -1 -1 -1  3 -4 -1  4  0  1 -2 -1 -1 -3 -4  2  0 -2 -4 -3 -3    4   4   2  18   0   0  30   6   4   3   6   2   0   0  12   8   0   0   0   0  0.43 0.27
   95 E    0 -2  0  1 -3  2  3 -3  0 -1  0  0 -2 -3  1  0 -2 -4 -3 -1    9   0   5   7   0  11  29   0   2   3   9   6   0   0   8   4   0   0   0   4  0.31 0.23
   96 I    0 -1  0 -1 -2 -1 -1 -2 -3  3  1 -2 -1 -1  0 -1  1 -3 -2  2   10   3   5   4   0   2   2   3   0  24  13   0   0   2   5   2   9   0   0  16  0.17 0.16
   97 P    0 -3 -1 -3 -4  0  1 -3  0 -3  0 -1 -3 -4  6  1  1 -4 -3 -3    9   0   2   0   0   4   9   0   2   0   9   3   0   0  42   9   7   0   0   0  0.82 0.38
   98 E   -2  0 -2  2 -4  1  4 -3  3 -4 -2  1 -3 -2 -1  1 -1 -4 -3 -2    0   4   0  10   0   6  38   0   8   0   3   7   0   2   2  13   2   0   0   2  0.55 0.32
   99 L    0 -2  0 -1 -3  1  0 -3 -2  0  3 -2  2 -1  2 -1 -1 -3 -1  0    8   0   4   3   0   8   8   0   0   3  34   0   5   2  11   4   3   0   1   5  0.22 0.19
  100 Q   -1  1 -1 -1 -2  1 -1 -3  0  0  2  0  0  0  2 -1  0  1 -1 -1    2   8   3   3   0   9   3   1   2   3  27   5   2   5  11   3   7   2   1   3  0.14 0.14
  101 Q    0  1  0  0 -3  4  1 -3  2 -3 -3  1 -2 -2  3 -1  0 -3 -2 -3    6   8   5   4   0  29   7   1   6   1   1   6   0   2  13   3   7   0   0   1  0.46 0.27
  102 Q    1  2 -1 -2 -2  3 -1 -2  0 -1 -2  0  1 -1  1  1  1 -3 -2  0   11  11   2   1   0  18   2   1   2   4   1   4   6   3   6   9  13   0   0   5  0.20 0.18
  103 V    0 -1 -1 -2 -2 -1  1 -2  0  1  1 -1 -1 -2  3 -1  1 -2 -1  2    5   3   3   1   0   3  10   1   3   7  18   1   0   1  14   1   9   0   2  16  0.17 0.14
  104 P    0 -3 -3 -1 -3 -1  1 -3 -3 -2  0 -1 -2 -3  6 -1 -1 -3 -3 -3    7   1   1   2   0   2  10   1   0   2  11   3   0   1  49   3   3   0   1   1  0.99 0.37
  105 T    2 -1 -1 -2  0  0  0 -1  1 -1 -1 -1 -1 -1  1  1  1 -2  1  0   21   3   1   1   2   3   5   4   4   2   7   1   0   2   7  15  13   0   5   6  0.14 0.14
  106 G   -1  5 -1 -2 -3  1  1  1 -2 -1 -1 -1 -2 -3  2 -1 -2 -3 -3 -1    5  38   2   1   0   6   8  12   0   3   5   1   0   0   9   3   1   0   0   4  0.45 0.27
  107 A    0 -3 -3 -3  0 -1 -2 -1 -3 -3 -2  0  0 -4  6  1  1 -4 -4 -3    8   0   0   0   2   2   1   3   0   0   3   7   3   0  46  12  10   0   0   1  0.95 0.40
  108 S    1  0 -1 -2  2 -1  1  0 -2 -2 -1  0  0 -1  3  2  1 -3 -2 -2   11   3   2   0   5   2  11   5   0   0   4   5   3   4  14  19   8   0   0   2  0.22 0.17
  109 S    1 -3 -2 -3 -3 -1 -2 -1 -1 -2  0 -2  0 -1  1  4  0 -4 -3  0   13   0   0   0   0   1   0   4   1   0  11   0   2   3   8  47   2   0   0   6  0.49 0.36
  110 S    1 -3  0 -2 -3 -2 -1 -3 -3 -4 -4 -1 -3 -1  0  5  3 -4 -3 -3   11   0   3   0   0   0   3   0   0   0   0   2   0   3   4  54  16   0   0   0  0.79 0.46
  111 L   -3 -4 -5 -5 -3 -4 -2 -5 -4 -1  5 -4 -1  2 -4 -4 -1 -3 -3  0    0   0   0   0   0   0   3   0   0   0  75   0   0   9   0   0   3   0   0   6  1.13 0.50
  112 N   -2 -3  6 -2  1  1 -1  0 -2 -4 -4 -2 -4 -4 -3  3 -1 -5 -4 -4    1   0  46   0   3   6   3   5   0   0   1   0   0   0   0  30   2   0   0   0  1.02 0.50
  113 K   -2  5 -2 -3 -4  0 -2 -3  0 -2 -4  5 -3 -4 -3 -2 -1 -4 -3 -3    2  34   1   1   0   3   1   1   2   3   1  45   0   0   1   1   3   0   0   1  1.05 0.46
  114 Y   -3  0 -3 -1 -4 -3 -3 -4  2 -3 -1 -3 -3  2 -4 -2 -3 -1  7  0    1   6   1   3   0   1   1   1   4   1   4   1   0   6   1   3   1   0  56   7  1.19 0.50
  115 P   -2  4 -1 -1 -3  0  0 -3 -2 -3 -3  5 -3 -4  0  0 -1 -3 -3 -2    1  23   3   3   0   3   4   1   0   1   1  43   0   1   4   6   2   0   0   3  0.71 0.35
  116 V    0 -2 -3 -3 -3 -3 -3 -3 -3  0  0 -3 -2 -3  4 -2 -2 -4 -3  4    6   3   1   1   0   1   1   1   0   2   8   1   0   1  25   1   1   0   0  44  0.74 0.39
  117 L   -3 -3 -4 -4 -3 -3 -1 -2 -4 -1  5 -1  1  0 -4 -3 -3 -3 -3  0    1   1   1   1   0   1   4   3   0   1  73   3   3   2   1   1   1   0   0   4  0.92 0.44
  118 P   -3 -4 -4 -1 -4  1 -3 -2 -4 -4 -3 -2 -4 -5  7 -3 -3 -5 -4 -4    1   1   0   3   0   6   1   3   0   1   3   3   0   0  76   1   1   0   0   1  2.06 0.74
  119 S    1  0 -2  1 -3 -2 -1  1 -3 -2 -4 -2 -3 -4  1  4  0  1 -3 -3    8   5   0   7   0   0   2  10   0   3   1   1   0   0   8  46   4   2   0   1  0.56 0.39
  120 I   -2 -4 -4 -4 -3 -4 -4 -3 -4  6  0  0 -2 -1 -4 -3  0 -4 -3  1    2   0   0   0   0   0   1   2   0  65   4   5   0   3   0   1   5   0   0   9  1.11 0.53
  121 N    0 -1  2 -2 -4  0  3  3 -3 -5 -5  0 -4 -5  2  0 -1 -5 -4 -4    6   3  13   0   0   3  27  24   0   0   0   4   0   0  11   5   2   0   0   0  0.58 0.39
  122 R   -3  4 -1 -3 -4  2 -1 -1  0 -4 -2  3  0 -4  0 -1  1 -4 -4 -2    0  29   2   0   0  11   3   6   2   0   3  21   3   0   4   2  11   0   0   2  0.57 0.40
  123 K    0  4  2 -1 -4  1  0 -2 -3 -4 -4  4 -3 -5 -3  0  0 -5 -4 -3    7  28  10   2   0   5   7   2   0   0   0  25   0   0   0   6   5   0   0   2  0.64 0.42
  124 N    0  1  0  0 -3  1  2  1  1 -2 -3  0 -1 -3  2  1  0  0 -3 -2    7  10   4   5   0   6  13  14   3   2   0   3   2   0   9  13   5   1   0   2  0.22 0.20
  125 L    0  1  0 -2 -3  1  2 -2  1 -3 -1 -1 -3 -1  3  2 -1 -4 -2 -1    8   9   4   0   0   5  15   2   3   0   5   2   0   2  17  18   3   0   1   4  0.30 0.27
  126 E    1  1 -1 -1 -4  2  4 -2  1 -3 -2 -1 -1 -4  1  0  0 -4 -2 -2   14   6   3   1   0  10  32   2   3   1   3   2   2   0   7   4   7   0   1   2  0.40 0.34
  127 E   -1  0 -1  2 -4  2  3 -1 -1 -3 -2  0 -1 -4  1  2 -1 -4 -3 -2    5   4   1  15   0   9  22   3   1   0   4   5   1   0   6  15   3   0   0   3  0.34 0.29
  128 E    1  1  1 -1  0  2  1  1  0 -2 -1 -1  1 -3 -1  0  0  1 -3 -1   13  10   6   1   2  11  11  11   3   1   4   2   6   0   2   5   5   2   0   4  0.14 0.18
  129 A    1  0 -1  2 -3  0  1  0 -2 -2 -3 -1 -3 -2  2  2  0 -4 -2 -3   16   6   2  11   0   4   9   6   0   3   0   3   0   1  10  20   6   0   1   0  0.28 0.26
  130 V    0  0 -1  0 -2  1  0 -1 -2  0  0  0  0 -1  0  0  1 -3 -1  1    8   6   2   5   0   8   6   5   0   5   9   6   2   1   4   9  10   0   2  11  0.05 0.08
  131 E   -1  2 -2  2 -4  3  3 -2  3 -2 -4  1 -1 -4  0 -1 -2 -4 -1 -2    5  10   0  11   0  13  24   3   8   2   1   9   1   0   5   2   2   0   2   2  0.43 0.32
  132 T   -1  1  1  1 -1  0  1  1 -2 -3 -2 -1 -3 -3  1  2  1  2 -3 -2    4   9   5   8   1   3  10  12   0   0   3   2   0   0   6  22   7   3   0   3  0.23 0.23
  133 V    0  0 -1  0 -2 -1 -1 -1  0  1  2 -2  1 -1 -2  0  1 -3 -2  1   10   5   3   5   0   3   2   4   2   7  23   0   4   1   1   6   8   0   0  13  0.10 0.14
  134 A    2  0  0  1 -2  0  1 -1  0 -1 -1 -1 -2 -1  1  0  0 -3  0  0   19   5   3  10   0   4  12   2   2   1   7   2   0   3   6   6   6   0   3   7  0.11 0.14
  135 K    0  3 -1  1 -4  2  2 -2  0 -2 -3  0  0 -3  2  0 -1 -4 -1 -3    6  19   2   8   0   9  18   2   2   2   2   5   3   0   9   7   2   0   2   1  0.33 0.27
  136 K   -2  1  0  2 -4  3  1 -1  2 -3 -3  2 -2 -4  2 -1 -2 -4 -1 -3    2   9   4  14   0  15   9   5   5   1   2  15   1   0  10   3   1   0   2   0  0.36 0.28
  137 A    1 -1 -2 -1 -3  1 -1  0 -1  0 -2  0  0 -2  1  1  2 -3 -3  0   15   2   0   3   0   8   3   6   2   8   2   6   2   1   6   8  19   0   0   8  0.16 0.20
  138 S    0  0 -1 -1 -3  1  1  0  0 -3 -1  1 -2 -3 -3  3  1 -4 -1 -1    5   6   1   2   0   6   7   7   2   0   8   8   0   0   0  34   6   0   2   4  0.30 0.31
  139 S    1  2  0  1  0  1  1 -1  0 -3 -2  1 -2 -3 -1  2  1  0 -2 -1   10  14   3   7   2   8   7   3   3   0   2   6   0   0   2  19   7   2   1   4  0.20 0.21
  140 L   -1 -1 -1  0 -3  0  1 -2  0 -1  3 -1  1 -1 -1  1 -2  1 -3 -1    3   2   2   5   0   4  13   2   2   1  35   4   4   2   2  13   0   2   0   4  0.23 0.27
  141 Q   -1  3  0  1 -4  3 -1 -3 -2 -2 -2  1  0 -4  1  1  1 -4 -3 -2    3  22   5   7   0  14   2   0   0   2   5   8   2   0   6  11  10   0   0   1  0.36 0.31
  142 L    0  3 -1  1 -3  0  1 -3 -3 -2  2 -1  1 -1 -1 -2 -2 -4 -3 -1    9  20   3  10   0   5   9   0   0   0  26   1   3   3   3   2   2   0   0   4  0.26 0.28
  143 S    0 -1  1  2 -3  0  1  0  2 -2 -1 -1 -3 -2  0  3  0 -4 -3 -2    5   1   8  12   0   2  11   6   6   2   6   2   0   2   5  24   6   0   0   2  0.25 0.25
  144 S    1 -1  0  2  0  0  0  1 -2 -2 -3  1  0 -3  0  1  1 -3 -2 -1   15   2   4  12   3   5   4  10   0   2   1   9   3   0   3  13   7   0   1   5  0.16 0.17
  145 I    0  2 -1  2  0  0  2 -1 -2 -1 -1  0 -2 -3  0  0  0 -3 -1 -1    7  14   2  12   2   3  17   3   0   3   6   5   0   0   5   8   6   0   2   3  0.18 0.18
  146 R    0  2  1 -1 -3  0  1 -2  3 -2  0  2 -2 -2  0  1 -1 -3 -2 -1    9  13   7   2   0   3  10   1   8   2   9  14   0   2   5  11   2   0   0   3  0.20 0.20
  147 A    1  0 -1  0 -2  1  1  0  0  0 -1  0 -1 -1 -1  1  1 -3 -2 -1   17   5   0   5   0   6  12   5   2   6   4   7   1   3   2  12   7   0   0   3  0.11 0.14
  148 L    0  2 -1 -1  0  1  1 -1  2 -1  0  0  0  0  1  0 -1 -3 -1 -1    7  12   2   3   2   6   9   3   8   3  11   6   2   5   9   5   2   0   0   4  0.10 0.12
  149 Y    0  2  0  0 -1  1  0 -2  1 -1 -1  1 -2 -1 -2  2  1  1  1 -1    8  13   3   5   1   6   5   1   3   5   4   8   0   3   1  16   8   2   5   2  0.14 0.16
  150 Q    1  2 -1 -1 -3  2  1 -2 -2 -3 -1  0 -2 -2  2  1 -1 -3 -1 -2   10  14   2   3   0  12  11   2   0   1   7   6   0   2   9  12   4   0   2   3  0.22 0.22
  151 D    0  1 -1  1 -3  2  1  1 -2 -2 -2  1  0 -3  0  0  0 -3 -1 -1    8   7   2  10   0  11  11  11   0   2   3  11   2   0   4   5   5   0   2   5  0.17 0.17
  152 E    0  2  0  0 -3  2  2  0 -2 -3 -1  1 -2 -2  1  0  0 -4 -3 -1    9  11   3   4   0   9  18   8   0   0   5   8   0   2   6   8   5   0   0   5  0.19 0.19
  153 T    0 -2  0 -1 -1  1  1 -1  0  1  0  0 -1 -3 -2  2  2 -3 -3  0    8   0   3   3   1   5  11   4   2   8   8   5   1   0   0  17  17   0   0   4  0.16 0.20
  154 G    0  1  0 -1  0  1  1  1  2 -1 -1  0 -1 -3  1  1  0 -3 -2 -1   10   8   5   2   3   7   9  10   5   5   4   5   2   0   6  12   3   0   0   5  0.10 0.11
  155 T    1  0  0  0 -3  1  1 -2 -2  0 -1  0 -1 -3  1  1  1 -3 -1  0   14   4   3   5   0   8  12   2   0   6   5   4   2   0   8   9  10   0   2   5  0.13 0.15
  156 M    0  1 -1  0  0  1  1 -1  2  0  0  0  0 -2 -1  0  0 -3 -2  0   10  11   1   4   3   6  11   3   6   5   8   5   2   1   2   7   5   0   0   9  0.07 0.10
  157 K    1  2  0 -1 -1  2  0  0  0 -1 -2  2 -1 -3  0  0  0 -3  1 -1   12  16   5   3   1  11   3   6   2   3   2  12   1   0   5   4   4   0   7   4  0.17 0.18
  158 T    0  0  0  1 -1  1  1 -1 -1 -2 -1  0 -1 -3  2  1  1 -3 -3 -1    6   6   4  10   1   8   7   5   1   2   6   4   2   0   9   9  13   0   0   5  0.15 0.15
  159 S    0  1  1  0  1  1  1 -1  2 -2 -3  1 -2 -3  2  0  0 -3 -2 -1    9   7  10   6   4   6   7   4   7   0   1   8   0   0  14   8   4   0   0   5  0.21 0.15
  160 E    0  1 -1  1 -2  1  1  0 -2  0  0  1 -1 -2  1  0  0 -3 -2  0    8   8   0   8   0   7   8   8   0   8   8   8   0   0   8   8   8   0   0   8  0.08 0.07
  161 E   -1  1 -1  2  0  0  3  0 -2 -3 -2  1 -1 -2  0  1  0 -4 -1 -2    4   7   2  10   2   4  24   7   0   0   4   7   2   2   5  10   6   0   2   2  0.23 0.22
  162 D    0  1  0  1  0  1  2 -1  0 -1  0  0 -1 -3 -1  0 -1 -3 -1  0   10   9   5  11   3   5  15   4   3   2   8   2   2   0   3   9   2   0   1   6  0.10 0.13
  163 S    1  1  1  1  0 -1  2 -1  1 -3 -3  1 -1 -4  2  2  0 -4 -3 -1   11   7   8   7   2   2  13   3   4   0   1   7   1   0   9  17   4   0   0   3  0.23 0.22
  164 R    0  3  2  0 -3  1  1 -1  2 -1 -1  1 -2 -3 -1  0 -2 -4 -3 -2    8  18  12   5   0   8   8   5   5   4   8   7   0   0   3   7   0   0   0   2  0.22 0.22
  165 A    0  1  1  1  0  0  2 -1 -1 -2 -1  0 -1 -3  1  1 -1 -4 -2 -1    9   7   7   7   2   4  17   3   1   0   7   6   1   0   7  12   2   0   1   6  0.16 0.17
  166 R   -1  1  0  0  0  1  2 -1  1 -3 -1  2 -1 -1  2  1  0 -3 -1 -3    3   6   3   4   2   8  15   5   4   0   5  14   1   4   9  12   4   0   2   0  0.19 0.20
  167 A    1  1 -2 -1 -3  1  1  0  1 -2 -1  1 -2 -2 -1  1  1 -3 -2  0   13   7   0   3   0   7  12   7   4   0   7  11   0   1   2   8   9   0   0   8  0.13 0.17
  168 C    0  1 -1 -1  3  0  1 -1 -1 -1  0  0  0  0  2  1  0 -3 -1 -2    8   8   2   2   7   2   9   5   2   2  10   5   3   5  11  11   6   0   2   1  0.11 0.14
  169 A    1  0  0  0  0 -1  1 -1 -2 -2 -1  0 -2 -1  2  2  1 -3 -3 -1   13   6   4   4   2   2   8   3   0   0   8   5   0   2  12  18   7   0   0   5  0.17 0.18
  170 V    1  1 -1  0 -2  0  1 -1  0 -1  0  0  1 -1  1  0  0 -3  0  0   15   8   3   4   0   4   9   4   2   0   7   5   4   2   6   7   6   0   3   9  0.06 0.10
  171 E    0 -1  0  1  0  1  3 -1  0 -3 -2  0  0 -4  1  0  0 -4 -3 -1    9   2   5   6   2   6  28   4   2   0   3   5   3   0   9   7   5   0   0   4  0.30 0.27
  172 R    0  2  1  1 -3  0  2 -1  0 -1 -2  0 -2 -3 -1  2  0  3 -1 -2    7  15   7   6   0   3  14   3   2   3   2   5   0   0   3  15   5   4   2   2  0.23 0.22
  173 K    1  0 -1  0  0  0  0 -1 -2  0 -1  2  0 -3  2  0 -2 -3 -3  0   16   5   2   7   2   4   7   3   0   5   7  15   2   0  13   4   0   0   0   7  0.18 0.18
  174 F    0  0  0 -1 -3  1  2 -1  2  0 -1  0  0 -1  1  0 -1 -3  0  1    6   6   4   2   0   6  16   5   6   4   4   7   3   3   6   7   1   0   3  11  0.09 0.12
  175 I    1  0 -1  0  1  0  0  0  0  0  0  0  0 -1  1  0  0  0 -2  0   12   7   2   5   3   5   5   5   2   8  13   3   3   2   6   8   6   2   0   4  0.03 0.05
  176 V    0  1  0  0  0  0  0 -1  0  0 -1  1 -1 -2  1  1  0 -3 -2  0    7  10   3   4   2   4   5   4   3   7   7  10   0   0   7  11   7   0   0   9  0.08 0.10
  177 R   -1  3  0  1 -3  0  1 -2  0 -1 -1  2  1 -2  0  0  0 -3  0 -1    5  18   4   7   0   3   7   1   3   3   4  15   4   0   4   7   6   0   3   5  0.17 0.17
  178 T    0  1 -1  0 -3  1  0 -1  1 -2 -1  1  0 -1  2  1  2 -3  0  0    5   8   0   5   0   5   6   4   5   0   3   9   2   3  11   9  16   0   3   7  0.15 0.17
  179 K    0  2  0  0 -3  1  1 -1  0 -1 -1  1  0 -3  0  0  1 -3 -2 -1    6  15   3   4   0   6  11   4   2   4   5  11   3   0   5   6   8   0   0   5  0.13 0.14
  180 K    0  1 -2 -1 -3  3  2 -2 -2 -1 -1  1 -1 -3  1  1 -1  0 -1 -1   10   6   0   1   0  14  15   2   0   4   5  11   1   0   7  15   2   2   2   3  0.25 0.24
  181 Q    0  1  0  0  0  2  2 -2  1 -2 -2  2 -2 -2  2  0  0 -3 -2 -2    6   7   4   5   2  11  13   2   5   1   3  13   0   2   9   6   8   0   0   3  0.22 0.19
  182 G    0  1  0  0 -1  1  1  1  0 -1 -1 -1  0 -3  2  0  1 -3 -3 -1    6  11   3   6   2   6  11  11   2   3   6   2   3   0  10   5  10   0   0   3  0.13 0.13
  183 S    0  0  0  0 -1  2  0 -1  0 -2 -2  2 -1 -1  2  2  0 -4 -3 -2    8   3   4   6   1  11   3   4   3   1   3  13   1   2  11  18   6   0   0   2  0.22 0.20
  184 S    1  0 -2 -1 -3  0  0 -2 -1 -1  0  2  1 -3  2  1  0 -4 -3 -1   11   6   0   2   0   3   7   2   1   3  10  12   4   0  13  15   7   0   0   3  0.20 0.19
  185 R    0  3 -1  0 -3 -1  0 -2  0 -1  0  1 -1 -2  3  0  0 -4 -3 -2   10  21   3   5   0   2   7   2   2   3   8   6   1   2  16   5   4   0   0   2  0.27 0.22
  186 A    1 -1  0 -1 -3  1  0  0  0 -1 -2  0  0 -1  2  2 -1  0  0  0   16   1   4   1   0   6   7   8   2   2   3   4   3   2  11  16   2   1   3   7  0.15 0.15
  187 G    0 -1  1  0 -2  0  0  0 -1 -1  0  0  0 -1  2  0  0 -3 -1  0    6   3  10   3   0   4   7   7   1   3  12   6   2   3  13   8   4   0   2   5  0.10 0.09
  188 N    0 -1  0 -1  0 -2 -2 -1  0  0  1  0  0 -1  3  1  0 -3 -2  0    7   2   4   4   2   0   1   5   2   4  19   6   1   2  16  10   6   0   1   9  0.14 0.14
  189 L    0  0 -3 -3 -3 -1 -1 -3 -1  0  1  0  0 -3  5  0 -2  0 -1  1    5   5   0   1   0   2   5   1   2   5  13   5   2   0  33   7   1   1   2  12  0.50 0.27
  190 E   -1 -1 -1  1 -1  1  3 -1  0 -3 -1  0 -1 -2  2  1 -1 -3 -3 -1    4   1   1   6   2   6  30   4   2   0   5   4   2   1  13  10   3   0   0   6  0.31 0.23
  191 E    0 -1 -2  0 -4  0  4 -1 -2 -4 -3  0  0 -4  3  1  1 -4 -3 -3    6   3   0   4   0   2  36   3   0   0   1   6   2   0  17   8   9   0   0   1  0.56 0.33
  192 P    0 -4 -1 -1 -4 -3 -3 -4 -4 -4 -2 -3 -4 -5  7  0 -1 -5 -4 -1    9   0   2   4   0   0   0   0   0   0   5   0   0   0  60   9   4   0   0   4  1.43 0.57
  193 S    1 -1  1  1 -1  0  0  1 -2 -2  0  0 -2 -3  1  1  1 -3 -2 -1   10   2   7   9   1   2   6  11   0   0  11   7   0   0   6  16   9   0   0   3  0.13 0.12
  194 D    0  0  0  3  0  0  2  0  1 -3 -3  0 -3 -4  3 -1  0 -4 -3 -1    7   6   4  19   2   4  17   7   4   0   1   3   0   0  14   3   5   0   0   4  0.32 0.20
  195 Q    0  0  2  2 -2  1  1  1 -1 -1 -2  1 -1 -3  0  1  0 -3 -1 -1    5   3  12  13   0   5   9  12   0   5   2   8   1   0   4  10   5   0   2   3  0.16 0.11
  196 E    0  0 -1  0 -3  1  4  0  0 -2 -2 -1 -2 -3  0  1  0 -3 -1 -2    9   3   2   4   0   7  33   6   1   2   3   2   0   0   5  14   4   0   3   2  0.32 0.23
  197 P    0 -1  0  2 -3  0  1  2 -2 -3 -3  0 -3 -4  3  1  1 -4 -3 -3    7   2   3  12   0   5   7  18   0   0   1   6   0   0  19   9  10   0   0   1  0.40 0.23
  198 R    0  2  1  1  0  0  0  0  2 -1 -3  1 -2 -3  0  1  0 -3 -2  0    6  18   9   9   2   2   3   5   6   3   1   6   0   0   5  12   4   0   0   7  0.18 0.15
  199 L   -1 -1 -4 -2  4 -3 -3 -4 -4  3  2 -3 -1  0 -4 -1  0 -3 -2  2    4   3   0   2  10   0   0   0   0  24  25   0   0   3   0   3   6   0   0  18  0.45 0.28
  200 L   -2  1 -1 -3 -3  1  0 -4  4 -1  3  0  0 -2 -1 -2  1 -3  0 -1    1   8   3   0   0   7   5   0  12   2  35   4   2   0   3   2  11   0   3   2  0.29 0.26
  201 L   -3 -4 -5 -5 -1 -4 -4 -5 -4  2  5 -1  3  0 -5 -4 -2 -4 -3  0    0   0   0   0   1   0   0   0   0  13  66   5   7   3   0   0   2   0   0   3  0.90 0.34
  202 A    4 -1  0 -3 -2  1 -2  0 -1 -1 -2 -1  1 -3 -3  1 -1 -4 -3  0   51   3   5   0   0   8   0   6   1   2   1   1   4   0   0   7   2   0   0   8  0.44 0.25
  203 V   -2 -3 -3 -4 -2 -3 -3 -4 -3  4  1 -1  0  2 -3 -3 -2 -3 -2  3    1   1   0   1   0   0   1   1   0  35  13   5   0   8   1   1   1   0   0  31  0.59 0.23
  204 R   -3  6 -3 -4  1  0 -2 -4 -3 -5 -5  4 -4 -5  1 -3 -3 -5 -4 -5    0  62   0   0   3   3   0   0   0   0   0  25   0   0   7   0   0   0   0   0  1.42 0.47
  205 S   -1 -3 -4 -3 -1 -3 -3 -4 -4  0  4 -3  1  1  2  1  0 -3 -2 -1    5   0   0   1   1   0   0   0   0   2  55   0   4   6  10  11   5   0   0   1  0.55 0.27
  206 P   -4 -5 -3 -4 -5 -4 -4 -5 -1 -5 -2 -2 -5 -6  8 -4 -2 -6 -5 -3    0   0   1   0   0   0   0   0   1   0   5   2   0   0  88   0   2   0   0   1  2.52 0.64
  207 T   -1 -2  4  4  3 -2 -1  0  0 -4 -4 -2 -4 -4 -3  2  2 -5 -4 -4    3   1  21  30   6   0   1   5   3   0   0   0   0   0   0  18  12   0   0   0  0.65 0.29
  208 G    0  0 -3 -1 -5 -4 -4  6 -4 -6 -6 -3 -5 -5 -4 -1 -4 -5 -5 -5    5   7   0   3   0   0   0  82   0   0   0   0   0   0   0   4   0   0   0   0  1.64 0.48
  209 Q    0  2 -1 -1 -2  3  1  0  0 -3 -3  1 -3 -4  1  2  0 -4 -3 -2    4  10   0   2   1  18  11   6   1   1   0   6   0   0   8  24   6   0   0   1  0.36 0.20
  210 R   -3  7 -1 -4 -5 -2 -2 -4 -3 -4 -4  1 -1 -5 -2  1  0 -5 -4 -2    0  68   2   0   0   0   0   0   0   0   0   6   1   0   2   9   7   0   0   4  1.27 0.45
  211 F   -1  0 -3 -4 -3 -3 -3 -4  3  2  2 -2  0  4 -4 -3 -2 -2  0  2    3   6   0   0   0   0   0   0   9  15  21   1   1  20   0   0   0   0   3  21  0.46 0.22
  212 V   -2  0 -1 -1  0  4  3 -3  3 -2 -3  1 -1 -4 -3  1  0 -4 -3 -1    0   4   2   2   2  30  19   0   7   1   0   7   2   0   0   9   5   0   0   6  0.47 0.26
  213 R   -2  6 -2 -3  0  2  1 -2  3 -5 -4  0 -3 -5  3 -2 -3 -5 -2 -4    2  49   1   0   2   9   7   2   7   0   0   2   0   0  15   2   0   0   1   0  0.93 0.36
  214 H   -2  4  0 -2 -1  0  0 -2  3 -3 -2  2 -2 -1 -2 -1  1  3  2 -2    1  32   3   0   2   3   6   1   9   0   2  10   0   3   1   3  10   4   8   2  0.42 0.22
  215 F   -4 -5 -5 -6 -5 -5 -6 -6 -4  1 -2 -5 -3  8 -6  0 -4 -2  0 -3    0   0   0   0   0   0   0   0   0   7   0   0   0  85   0   8   0   0   0   0  2.13 0.59
  216 R   -2  4  2  0 -1  1  0 -2  3 -4 -2  1 -3 -4 -1  0  1 -4 -1 -3    2  30  13   4   1   6   5   1  10   0   2   6   0   0   2   5   9   0   1   0  0.44 0.22
  217 P    1 -1 -2 -2 -1  0 -1 -2  0 -2 -2 -1 -3 -4  6  1 -1 -5 -2 -1   10   3   1   2   1   4   3   3   2   1   3   3   0   0  45   9   3   0   1   5  0.82 0.28
  218 T   -1 -2  2  2 -1 -1  0 -3 -3 -3 -4 -1 -3 -2 -3  2  4 -4 -3 -3    3   1  11  12   1   2   6   0   0   0   0   2   0   2   0  19  41   0   0   0  0.62 0.30
  219 D   -1 -2  1  6 -5  0  3 -3 -1 -5 -5 -2 -4 -5 -3  0 -1 -6 -4 -5    4   1   4  56   0   4  19   0   1   0   0   0   0   0   0   7   2   0   0   0  1.14 0.41
  220 D   -1 -1 -1 -1 -3  0 -2 -3 -3 -3 -3 -1 -1 -4  1  2  5 -5 -4 -2    4   3   2   2   0   4   0   0   0   0   2   3   1   0   8  12  58   0   0   1  0.84 0.39
  221 L    0 -4 -5 -5 -3 -4 -4 -5 -4  3  5 -4  3 -1 -4 -4 -3 -4 -3  1    7   0   0   0   0   0   0   0   0  16  61   0   8   1   0   0   0   0   0   7  0.90 0.35
  222 Q   -1  2  0 -1 -4  5  2  0  0 -4 -1  2 -2 -4 -3 -1 -2  0 -3 -3    4  11   5   1   0  33  12   6   2   0   7  14   0   0   0   3   0   2   0   0  0.52 0.27
  223 T    1 -2 -1  1 -1 -1  0 -1  0 -1 -1 -2  2 -3 -2  1  2 -3 -2  1   15   1   1  11   1   2   5   2   3   2   5   0  10   0   0  11  20   0   0  11  0.20 0.17
  224 I   -2 -4 -4 -5 -3 -4 -4 -5 -5  3  1 -4  0 -3 -4 -3  0 -4 -3  5    1   0   0   0   0   0   0   0   0  13  14   0   1   0   0   0   7   0   0  63  0.99 0.38
  225 V   -2  1 -3 -3 -3 -2 -2 -4 -1  1  2  1  1  1 -3 -1 -2  0  3  2    0  10   0   0   0   0   2   0   1   4  21  10   3   7   0   3   0   1  12  24  0.27 0.18
  226 A    2 -1  0  3 -1  1  0 -2  0 -2 -1  0 -2 -3 -2  0  0 -3 -1  0   23   3   4  25   2   7   5   0   3   0   4   5   0   0   0   3   4   0   2   8  0.26 0.17
  227 V   -1 -3 -4 -4 -2  1 -3 -4 -2 -2 -2 -3 -2  6 -4 -1 -1  4  5  0    5   0   0   0   1   7   0   0   0   1   0   0   0  38   0   5   3   6  24   9  0.90 0.34
  228 A    4  0 -3 -4 -2 -3 -3 -3 -3  1  0 -2 -2 -3 -3 -2 -2 -4 -3  3   49   7   0   0   0   0   0   0   0   8   9   0   0   0   0   0   0   0   0  24  0.59 0.30
  229 E   -1 -2  0  3 -4  2  4 -1 -1 -4 -2  1 -3 -2 -3 -1 -2 -4 -3 -3    4   0   2  20   0   8  41   5   1   0   3   7   0   2   0   2   2   0   0   2  0.62 0.28
  230 Q    1  0  0  0 -2  3  1 -1  1 -2 -2  0  0 -3 -2  1  1 -3 -1 -1   13   4   3   4   1  22   8   3   4   0   3   4   2   0   0  15   7   0   1   6  0.23 0.16
  231 K   -1  2  1 -1 -3  3  3 -3  1 -2 -1  2 -1 -2 -2 -1 -1 -3 -1 -1    4  13   7   0   0  15  21   0   4   1   6  13   1   2   0   4   1   0   1   6  0.29 0.17
  232 N    0  0  1  1 -2  1  0  0  0 -1 -2  0 -2  0  0  1  1 -3  0 -1    7   4   9   9   0   9   3   7   2   3   3   3   0   5   3  15  10   0   4   3  0.12 0.10
  233 K    0  1  0  0 -3  0  0  4 -2 -2 -2 -1 -2 -2  0  0  0 -3 -3 -2    6   8   3   6   0   3   6  37   0   2   3   2   1   1   5   8   7   0   0   1  0.36 0.19
  234 T    1  0 -1  0 -1  0  1  0 -2  0  0  0  1 -2 -1  0  1 -3 -2  1   10   6   0   4   1   4  11   8   0   4   8   5   4   1   2   5  11   0   0  13  0.06 0.08
  235 S   -1  0  2  2  0  0  1  0 -2 -3 -2  1 -2 -3 -1  1  0 -4 -3 -1    4   4  10  16   2   4  12   8   0   0   5  10   0   0   3  11   6   0   0   3  0.21 0.13
  236 Y   -3 -3 -3 -4  3 -3 -1 -3 -2  0  2 -3  2  3 -2 -2  0 -2  4  0    0   0   0   0   8   0   5   2   0   5  24   0   5  16   1   2   6   0  22   4  0.49 0.27
  237 R   -1  1  0  1 -3  1  2  2  0 -3 -2  0 -1 -3  2  1 -2  0 -3 -2    2   8   4   6   0   5  14  19   3   0   2   6   1   0  11  14   0   1   0   3  0.27 0.17
  238 H   -1  1  1  2 -3  0  1  1  4 -2 -2 -1 -2 -2  2  0 -1 -3 -1 -1    5   8   7  12   0   3   7  10  14   1   5   2   0   1   9   6   3   0   2   4  0.20 0.13
  239 C   -1 -2 -2 -3  7 -3 -4  1 -1 -1 -1 -2 -2  1 -2  0 -2 -3  3  0    4   1   2   1  31   0   0  10   1   3   4   2   0   7   2   8   1   0  15   8  0.65 0.32
  240 S   -1  0  1  2  0  2  0 -3 -2  1 -1 -1  0  0 -2  1  0 -3  2 -1    1   4   7  13   2  11   4   0   0  10   5   0   2   4   1  16   7   0   9   2  0.15 0.17
  241 I   -1 -4 -4 -2 -3 -3 -3 -4 -4  4  3 -4  1  1 -4 -2  0 -3  0  2    3   0   0   2   0   0   1   0   0  28  32   0   2   6   0   3   5   0   3  15  0.52 0.26
  242 E    1 -1 -2 -2  4 -1  2 -3 -1  1  0 -2 -1  1 -1  0 -2 -2  0  0   14   2   1   0  11   2  21   1   1   8   9   0   0   8   2   7   0   0   4   8  0.19 0.17
  243 T    0  0 -1 -3  1 -2 -1 -3 -3  2  0 -2 -2 -2 -3  0  4 -4 -3  2    7   5   2   0   2   0   3   0   0  13   6   0   0   1   0   7  39   0   0  14  0.45 0.29
  244 M   -1 -1  3 -1 -3  2 -1 -3  1  0  0 -2  6 -3 -3 -1  1 -3 -3  1    3   2  15   2   0  10   2   1   3   3   6   0  27   0   0   4  11   0   0   9  0.43 0.28
  245 E   -1  0  1  2 -3  0  2  0 -2 -3 -3 -1 -2 -2  2  1  0 -3 -2 -2    3   4   5  17   0   4  15   9   0   1   1   2   0   2  12  15   6   0   1   2  0.30 0.15
  246 V    0 -3 -3 -4 -3 -3 -3 -4 -1  0 -1 -3  2  4  1 -3 -1 -2  4  3    6   0   0   0   0   0   1   1   1   4   3   0   7  21   7   1   2   0  18  26  0.54 0.27
  247 P   -4 -5 -5 -3 -6 -4 -4 -5 -5 -5 -3 -4 -5 -6  8 -4 -2 -6 -6 -5    0   0   0   1   0   0   0   0   0   0   3   0   0   0  92   0   2   0   0   0  2.83 0.79
  248 R   -4  7 -2 -4 -5 -1 -2 -4 -3 -5 -4  3 -4 -5 -1 -3 -2 -5 -4 -2    0  67   2   0   0   2   1   0   0   0   0  21   0   0   2   0   2   0   0   3  1.51 0.54
  249 R   -3  6 -3 -4 -5  1 -1 -4 -3 -2 -4  4 -1 -5 -4 -3  0 -5 -4 -3    1  53   0   0   0   7   1   0   0   2   0  27   2   0   0   0   5   0   0   2  1.22 0.48
  250 R    0  0 -2 -3 -3 -1  0 -3 -1  1 -1  0 -1 -3 -2  1  2 -4 -3  3    5   5   0   0   0   1   8   0   1  10   3   4   1   0   2  13  18   0   0  28  0.28 0.22
  251 F   -5 -5 -5 -6 -5 -5 -5 -6 -1 -1  1 -5 -2  7 -6 -5 -4 -2  5 -2    0   0   0   0   0   0   0   0   1   3  15   0   0  61   0   0   0   0  18   1  1.67 0.55
  252 S   -1 -1  1  0  1  0  0 -1 -1 -2 -2 -2  0 -4  1  3  4 -4 -3 -2    3   3   6   4   3   2   7   2   1   1   3   0   2   0   5  25  30   0   0   2  0.38 0.26
  253 D   -4 -2  3  6 -6  0  2 -1 -3 -3 -6 -1 -5 -6 -4 -3 -3 -6 -5 -5    0   2  13  63   0   4  10   4   0   2   0   2   0   0   0   0   0   0   0   0  1.38 0.50
  254 L   -2  0 -1 -4 -3 -3 -4 -2 -3 -1  4 -1  3  0 -3 -1 -3 -3  2 -1    2   5   3   0   0   0   0   3   0   1  57   3   9   4   1   4   0   0   7   2  0.61 0.32
  255 T   -1 -1  1  2 -3  0  1  1  0 -4 -4  0 -3 -4 -3  3  2 -4 -3 -2    3   2   8  11   0   4  12  10   2   0   0   3   0   0   0  26  18   0   0   1  0.40 0.24
  256 K   -1  2 -1 -2 -3  2 -1 -2 -2 -1  1  2  4 -3 -3  0  0  0 -3  0    2  15   3   1   0  12   2   2   0   3  15  12  16   0   0   6   5   2   0   5  0.25 0.20
  257 S   -1 -2 -1 -3 -3 -1 -3 -3 -4 -4 -2 -2 -3 -5 -2  3  6 -5 -4 -3    2   1   1   0   0   3   0   1   0   0   3   1   0   0   1  21  65   0   0   0  1.18 0.52
  258 L   -4 -4 -5 -5 -3 -4 -5 -6 -5  4  5 -5  0 -2 -5 -4 -3 -4 -3  0    0   0   0   0   0   0   0   0   0  23  74   0   0   0   0   0   0   0   0   2  1.30 0.47
  259 Q    2  1 -1 -1  0  2  2  0  0 -3 -2  1 -2 -3 -2  1  0 -3 -3 -1   19   7   2   1   2  12  18   6   2   0   2   9   0   0   0  12   4   0   0   4  0.25 0.17
  260 E   -1 -2 -1  3 -5  3  5 -4 -2 -4 -3 -1 -4 -5 -3 -1 -3 -5 -4 -2    5   1   1  20   0  15  47   0   0   0   1   2   0   0   0   2   0   0   0   2  0.93 0.42
  261 C    2 -3  0 -3  6 -3 -1 -3 -3 -1  2 -3 -1 -3 -3  1 -1 -4 -3  0   25   0   4   0  22   0   3   0   0   1  25   0   0   0   0  12   1   0   0   6  0.55 0.29
  262 R   -2 -1  0  0 -4 -2  0  6 -1 -5 -5 -2 -4 -5 -4 -1 -3 -4 -4 -5    2   3   5   5   0   1   5  72   1   0   0   2   0   0   0   2   0   0   0   0  1.28 0.43
  263 I   -3 -4 -5 -5 -3 -4 -5 -5 -5  5  4 -4  1 -1 -5 -4 -3 -4 -3  1    0   0   0   0   0   0   0   0   0  36  53   0   3   2   0   0   0   0   0   5  1.06 0.39
  264 P   -1  0 -1 -1  0  0  1  0  3 -1  1 -1 -1 -1  2  0  0 -3 -1  1    3   5   1   2   2   5   9   6  10   0  15   2   1   1   9   5   8   0   2  12  0.10 0.11
  265 H   -1 -1  3  3 -4 -1 -1 -2  2 -4 -4 -1 -4 -4  5  0 -2 -5 -1 -3    3   3  21  18   0   1   1   2   7   0   0   2   0   0  29   8   1   0   2   2  0.73 0.31
  266 K   -1  5  2 -1 -5  2 -1 -3 -2 -5 -4  4 -3 -5 -2  0 -2 -5 -4 -4    3  37  10   2   0   9   0   0   0   0   0  28   0   0   1   7   0   0   0   0  0.86 0.37
  267 S    3 -3 -2 -1  0  0 -1 -1 -3 -3 -3 -2 -3 -4 -3  3  4 -4 -3 -2   25   0   0   2   1   4   3   4   0   0   0   0   0   0   0  29  28   0   0   2  0.60 0.32
  268 V    2 -3 -3 -4 -2 -3 -3 -3 -4  1  1 -3  1 -2 -3  0  0 -4 -3  4   19   0   0   0   0   0   0   0   0   4  16   0   3   0   0   8   6   0   0  42  0.52 0.28
  269 L   -4 -4 -5 -5 -3 -4 -5 -5 -5  1  6 -4  1 -1 -5 -4 -3 -4 -3  0    0   0   0   0   0   0   0   0   0   7  85   0   1   1   0   0   0   0   0   3  1.36 0.47
  270 G   -3 -4 -1 -4  6 -2 -4 -2  4  2 -1 -4  0  2 -4 -2 -2 -2  4  0    0   0   4   0  23   1   0   3  12  13   5   0   2  10   0   2   2   0  19   5  0.69 0.31
  271 I   -2 -4 -5 -5 -3 -4 -5 -5 -5  5  3 -4 -1 -1 -5 -4 -3 -4 -3  4    2   0   0   0   0   0   0   0   0  37  27   0   0   2   0   0   0   0   0  32  0.95 0.37
  272 S   -1  1 -2 -1  1  3  3 -2  1 -1 -2  0 -2  0 -3  1  0 -4 -2 -3    2   9   0   0   3  16  31   2   4   4   4   2   0   4   0  15   5   0   0   0  0.40 0.25
  273 L   -2  1  1  2 -4  3  4 -3  2 -3 -1  0 -1 -3  0 -1 -1 -4 -3 -3    1   6   6  11   0  16  33   0   6   0   7   2   2   1   4   3   3   0   0   0  0.47 0.24
  274 E   -1  0  0  0 -4  0  3  0 -2 -3  0  3  0 -3 -1  0 -2 -4 -1 -3    3   2   3   4   0   2  28   6   0   0  11  27   3   0   2   6   0   0   2   0  0.35 0.21
  275 D   -3 -1  1  6 -4  1  3 -3 -1 -1 -4 -2 -4 -4 -3 -1  0 -5 -4 -4    0   2   5  55   0   5  19   0   1   5   0   0   0   0   0   3   4   0   0   0  0.94 0.30
  276 G    0  0  0  3 -3  1  1  0  0 -2 -1 -1  0 -2  0  0  0  2 -1 -2   11   5   1  26   0  11   5   7   2   0   6   0   5   0   4   6   5   3   3   0  0.21 0.11
  277 E   -2  0  0  5 -4  1  3 -1 -2 -4 -4 -1 -3 -4 -2  0 -2 -4 -3 -4    0   4   0  50   0   7  28   3   0   0   0   0   0   0   0   8   0   0   0   0  0.85 0.21
  278 G    2 -2 -1  1 -2 -1  0  4 -2 -1 -2 -2 -2 -3 -2  0 -1 -3 -3  1   21   0   0   9   0   0   6  47   0   0   0   0   0   0   0   0   0   0   0  17  0.43 0.09
  279 W   -1  1 -1  0 -3  2  4 -3 -1  0 -2  0 -1 -2 -2 -1 -1  4 -2 -1    0  10   0   0   0  15  51   0   0  15   0   0   0   0   0   0   0   8   0   0  0.46 0.08
  280 P   -1 -3 -2 -2 -3 -2 -2 -3 -3 -3 -3 -1 -3 -4  8 -1 -2 -4 -3 -3    0   0   0   0   0   0   0   0   0   0   0   0   0   0 100   0   0   0   0   0  2.23 0.10

                      K         Lambda
Standard Ungapped    0.1263     0.3111
Standard Gapped      0.0368     0.2670
PSI Ungapped         0.1203     0.3171
PSI Gapped           0.0368     0.2670
