
Last position-specific scoring matrix computed, weighted observed percentages rounded down, information per position, and relative weight of gapless real matches to pseudocounts
            A   R   N   D   C   Q   E   G   H   I   L   K   M   F   P   S   T   W   Y   V   A   R   N   D   C   Q   E   G   H   I   L   K   M   F   P   S   T   W   Y   V
    1 M    -2  -3  -4  -5  -3  -2  -4  -4  -3   0   0  -3   9  -2  -4  -3  -2  -3  -3   1    0   0   0   0   0   0   0   0   0   0   0   0  91   0   0   0   0   0   0   9  1.57 0.38
    2 G     1  -3  -1  -2  -3  -2   0   6  -3  -4  -4  -2  -3  -4  -3   0   0  -4  -4  -3   14   0   0   0   0   0  10  67   0   0   0   0   0   0   0   4   5   0   0   0  0.87 0.19
    3 L     1  -2  -3  -3  -2  -2  -2   0   1   1   3   0   0  -1  -3  -1  -1  -3  -2   1   21   0   0   0   0   0   0   7   6   8  38   7   0   0   0   0   0   0   0  13  0.19 0.11
    4 I    -2  -3  -2  -4  -2  -3  -3  -1  -3   2   3  -3   3   2   1  -3  -2  -2   0   1    0   0   3   0   0   0   0   6   0  13  39   0  10   9   7   0   0   0   3  10  0.29 0.12
    5 A     2  -2  -1  -2  -2   0   1   1  -2  -2  -2  -1  -2   0   1   2   2  -3  -2  -1   28   0   0   0   0   5   9  11   0   0   0   0   0   5   6  15  17   0   0   4  0.25 0.13
    6 F     0  -1   0   2  -3   1   1   0   0  -2  -1   0  -2  -2  -2   2   2  -3  -2  -2    2   0   3  11   0   9  10   6   3   0   8   5   0   2   0  20  22   0   0   0  0.22 0.12
    7 I     0  -3  -4  -4  -2  -3  -4  -4  -4   2   3  -3   2   0  -4  -3  -2  -3   0   3   10   0   0   0   0   0   0   0   0   8  39   0   7   2   0   0   0   0   3  31  0.47 0.19
    8 L     2  -3  -3  -4  -2  -3  -3  -2  -3   2   2  -3   1   1  -3  -1   1  -2   0   1   25   0   0   0   0   0   0   3   0  17  26   0   4   6   0   0   9   0   3   7  0.25 0.14
    9 D     1  -2   3   4  -3   0   2   1  -2  -4  -4  -1  -3  -4  -2   1  -1  -4  -3  -3   15   0  20  25   0   3  12  11   0   0   0   0   0   0   0  11   0   0   0   0  0.45 0.18
   10 G     0   0   1  -2  -3   2   0   0  -2  -3  -2   0  -2  -3   4   1   1  -3  -1  -1    7   6   7   0   0  12   5   5   0   0   2   2   0   0  25  13  10   0   3   4  0.38 0.15
   11 I     1  -3  -3  -4  -2  -3  -3  -3  -3   3   2  -3   0   1  -3  -2   0   1   2   2   13   0   0   0   0   0   0   0   0  20  24   0   0   5   0   0   4   2   7  21  0.30 0.15
   12 C     1  -2   0  -1   3   1   0  -2   1   0  -1   0   2   0  -1   0  -1  -3  -1   1   16   0   3   2  10   8   4   0   5   2   3   6   9   4   2   9   0   0   2  15  0.10 0.11
   13 K     1   0   1   1  -3   1   2  -1   1  -3  -3   1  -2  -3   0   1   0  -3   1  -2   18   4   7   9   0   7  16   2   4   0   0   9   0   0   5   9   3   0   5   0  0.22 0.11
   14 H    -1  -1   0  -2  -3   1   1  -1   1  -1  -2   0  -2   3  -2   2  -1   5   1  -2    4   1   3   0   0   7  13   3   5   4   2   6   0  14   0  19   0  10   5   2  0.24 0.15
   15 C     0  -1  -3  -4   5  -2  -3  -2  -3   1   3  -3   2   0  -1  -2   0  -3  -1   1    6   4   0   0  14   0   0   3   0   5  33   0   7   4   3   0   6   0   2  11  0.29 0.16
   16 S     2  -1  -1   0  -2  -1  -2   1  -2  -3  -2  -2  -1   1   1   3   1   3  -2  -2   19   3   2   5   0   1   0   9   0   0   3   0   1   9   6  28   9   4   0   0  0.26 0.19
   17 T     1   0   1   0  -2   1  -1  -1  -2  -2   0  -1  -2  -3  -1   2   2  -4  -3  -1   10   4   6   4   0   7   2   4   0   0  12   0   0   0   2  24  19   0   0   5  0.21 0.19
   18 Q     1   0   0   1  -2   0   1  -1  -2  -2   1   0  -1  -1  -2   2   0  -3  -2  -1   10   5   4   9   0   3   8   4   0   0  22   5   0   3   0  18   6   0   0   1  0.11 0.13
   19 S     1  -2   0  -1  -2   0   0  -1  -1  -1  -1  -2  -1  -2   1   3   2  -4  -3  -1   12   0   3   3   0   4   5   3   2   4   6   0   2   2   6  32  12   0   0   4  0.24 0.21
   20 T    -1  -3  -3  -3  -3  -2  -2  -2  -3   0   1  -1   3  -2   3   1   3  -1  -3   1    4   0   0   0   0   0   2   2   0   5  13   3  11   1  13  13  22   1   0   9  0.33 0.27
   21 W    -4  -5  -6  -6  -5  -2  -5  -4  -2  -4   0  -5  -2   4  -2  -1  -1  11   3  -2    1   0   0   0   0   2   0   1   1   0   8   0   1  14   3   5   5  47   9   3  1.87 0.71
   22 V     0  -3  -3  -4  -3  -1  -2  -2  -4   1   2  -3   2   0  -1  -1   0   4  -1   3    7   1   1   0   0   2   2   3   0   8  26   1   4   3   3   4   7   6   1  21  0.28 0.22
   23 L     2  -2  -2  -4  -3  -2  -3  -3  -1   2   2  -1   2   2  -4  -2   1  -3  -1   1   17   1   1   0   0   1   0   1   1  10  26   4   6   9   0   2   8   0   2   9  0.27 0.22
   24 V     1  -4  -2  -4   0  -4  -3  -3  -4   3   2  -4   1  -1  -3  -1   0  -4   0   3   10   0   2   0   2   0   1   1   0  22  24   0   3   2   1   4   6   0   4  18  0.41 0.28
   25 G     3  -3  -3  -4   0  -3  -3   2  -4   0   0  -3  -1  -1   1   2   1  -4  -2   0   27   1   0   0   2   0   0  13   0   6  12   1   1   2   6  14   9   0   1   6  0.30 0.27
   26 I     1  -4  -5  -5  -1  -3  -5  -3  -5   4   3  -4  -1   2  -5  -2   1  -4  -2   2   11   0   0   0   1   1   0   2   0  21  25   0   1   9   0   1  10   0   1  16  0.52 0.34
   27 G     1  -4  -4  -4  -3  -4  -4   0  -4   3   2  -4   0   2  -2  -1   0  -4   0   2   15   0   0   0   0   0   0   9   0  15  23   0   1   8   1   4   6   0   3  15  0.33 0.26
   28 L     0  -5  -4  -5   0  -4  -5  -3  -4   2   2  -4   0   4  -5  -1   0  -4   0   3    9   0   1   0   2   0   0   2   0  13  22   0   2  19   0   4   7   0   2  19  0.50 0.33
   29 L     1  -5  -5  -5   2  -4  -5  -1  -5   3   3  -4   0   3  -5  -2   0   0  -3   1   12   0   0   0   4   0   0   6   0  20  28   0   1  12   0   3   5   2   0   8  0.48 0.33
   30 S     3  -4  -2  -4   1  -3  -3   1  -4   0  -1  -2  -3   0  -1   1   2  -2  -1   1   27   0   2   0   3   0   0   9   0   6   5   2   0   4   3  12  14   0   2  10  0.30 0.28
   31 I     0  -5  -5  -5   0  -4  -5  -2  -5   3   2  -4   0   3  -5  -2   0   2  -1   3   10   0   0   0   2   0   0   3   0  18  21   0   2  12   0   2   6   3   1  19  0.49 0.32
   32 L     0  -5  -6  -6   1  -5  -6  -6  -6   3   4  -5   0   2  -1  -3  -4   0  -3   2    9   0   0   0   3   0   0   0   0  14  44   0   1  10   3   2   0   1   0  13  0.78 0.45
   33 A     3  -3  -3  -5   2  -4  -4  -1  -5   0   3  -3  -2   0  -3  -1   1  -5  -1   2   24   1   1   0   4   0   0   4   0   3  31   1   0   3   1   3   7   0   2  16  0.45 0.35
   34 V     0  -4  -4  -5   0  -4  -4  -5   0   2   2  -3  -1   2  -3  -1   1   2   1   3   10   0   0   0   2   0   0   0   2  10  19   2   1   9   1   3   9   3   5  24  0.40 0.30
   35 S     2   0  -3  -4   0  -3  -3  -3  -2   1   1   0  -2   3  -2   1   0   2   2  -1   17   6   0   0   2   0   0   1   1   9  13   8   0  13   2  10   6   3   6   3  0.22 0.24
   36 V     0  -1  -5  -4   0  -2  -5  -3  -5   5   1  -3  -1   2  -5  -4  -2   3   0   3    7   3   0   1   2   2   0   2   0  32   9   1   1   8   0   1   2   4   2  23  0.62 0.38
   37 I     1  -4  -5  -5  -1  -3  -4  -4  -1   3   2  -3  -2   2  -3  -1   0  -1   2   2   10   0   0   0   1   1   0   1   1  20  21   1   0   9   1   5   5   1   7  16  0.44 0.31
   38 I    -1   0  -3  -3  -3  -2  -4  -2  -3   1   2  -2   0   2  -3  -1   1   3   2   1    5   6   1   1   0   1   0   4   0  10  22   2   2   9   1   3  11   4   7   9  0.23 0.21
   39 N     0   1   3  -2   0   0  -1   0   1   0  -1   1  -1  -1  -1  -1   0   3   0  -1    7   6  17   1   3   3   1   7   4   7   5  12   1   2   2   4   5   5   4   4  0.13 0.16
   40 V     0  -2  -3  -4  -3  -1  -3  -3  -2   1   1   0   0   2  -1  -2   1   4   2   2    6   2   1   0   0   2   1   1   1   8  14   6   2  11   3   2   8   5   6  19  0.24 0.21
   41 L     0  -2  -2  -2  -2  -3  -3  -2  -3   2   2   1   2   2  -4   0  -1   1   2   0    9   2   1   2   1   0   0   2   0  11  23   9   5   7   0   8   4   2   7   7  0.20 0.20
   42 Q     0   3   1  -2  -1   2  -2  -3  -1  -2  -2   1  -2   1   0   1  -1   4   0  -2   10  17   8   1   1  12   1   1   1   2   4  10   1   6   4   9   2   6   3   2  0.28 0.26
   43 Q    -1   4  -1  -2  -5   5  -1  -2   1  -2  -4   2  -1  -3  -1   1   0  -5  -1  -4    5  19   3   2   0  25   3   2   3   3   1  13   1   1   4   9   5   0   2   0  0.54 0.40
   44 L    -2   3  -2  -3  -2  -1  -3  -2   0   0   2   0   2   1  -2  -2   1   1   1  -1    2  16   2   1   1   2   1   4   2   4  24   5   6   6   2   3  11   2   4   4  0.23 0.22
   45 L    -1   1  -2  -2  -3  -2  -1  -3   1   1   2   1   3  -1   1  -2   0   1  -1   0    5   7   2   2   0   1   3   1   4   6  24  10   8   3   6   2   5   2   2   5  0.17 0.18
   46 F    -1   0  -2  -3   0   1  -1  -2   0  -1   0  -1   2   3   1  -1   1   0   2  -1    5   7   1   0   3   8   3   2   3   3  11   3   6  12   7   5   8   1   8   4  0.14 0.16
   47 K    -2   4  -3  -3   0   0  -2  -2  -1  -4  -4   4  -3  -3   1   2   0  -3  -2  -3    3  22   1   1   2   3   2   3   1   1   1  26   1   1   8  14   6   0   2   2  0.58 0.43
   48 N    -1   1   2   1  -2  -1  -1   0  -2  -3  -2   0   0  -2   0   3   2   0  -1  -3    4   9   9   7   1   2   2   7   1   1   5   5   2   1   4  21  14   1   3   1  0.23 0.26
   49 P     1   1  -4  -3  -3  -1  -2  -1  -2  -1  -2   2  -2  -2   6  -2  -3  -7  -3  -3   13   7   1   1   1   2   2   4   1   4   5  14   1   2  36   3   1   0   1   1  0.77 0.52
   50 H    -1   2   3  -1  -5   1   0  -2   3  -3  -3   1  -3  -3   2   1   1  -6  -4  -2    4  12  12   4   0   5   5   3   7   1   3  10   0   1  12   9   9   0   0   3  0.33 0.30
   51 E     0   2  -3  -1  -5   1   2  -1   0  -1   2   1  -2  -3   0  -2   0  -2  -3  -2    8  13   0   3   0   5  13   5   2   3  23   7   0   1   4   3   6   1   1   2  0.22 0.25
   52 P    -2  -3  -8  -8  -8  -7  -7  -4  -8   2  -3  -5  -1  -8   8  -5  -1  -3  -5   0    4   2   0   0   0   0   0   1   0  10   3   1   2   0  66   1   4   0   0   6  1.99 1.07
   53 P    -3  -5  -6  -8  -9  -6  -6  -4  -5  -5  -7  -3  -5  -9   9  -5  -5  -9  -5  -6    2   1   1   0   0   0   1   1   0   1   1   2   0   0  86   1   1   0   1   1  2.93 1.47
   54 V    -2   0  -4  -5  -3  -4  -4   5  -1  -3  -1  -2  -1  -3   3  -3   0  -7  -3   2    3   5   1   1   1   1   1  38   1   2   6   2   2   1  13   2   6   0   1  12  0.69 0.48
   55 V     1  -2  -2  -2  -5  -3  -4   0  -3  -1  -1  -2   0  -2   5   0  -1  -2  -2   2   12   2   2   3   0   1   1   7   1   3   7   2   2   2  27   6   3   1   1  17  0.51 0.39
   56 F    -2   2  -2  -2  -2  -3  -3  -3  -2  -2  -2   1   0   2   6   0  -2   0  -1  -4    4  10   2   2   1   1   2   3   1   2   5   9   3   8  33   7   2   1   2   1  0.66 0.48
   57 H    -1   2   0  -1  -4  -2  -2   5   3  -6  -4  -1  -3  -3  -2   0  -2  -1  -2  -5    5  10   4   4   0   2   3  41   7   0   2   3   1   1   2   8   2   1   1   1  0.73 0.48
   58 W     1   2  -3  -4  -2  -2  -3   3   1  -3  -2  -1  -4   0   0   0  -1   6   1  -3   13   9   1   1   1   2   2  20   4   1   4   4   0   4   5   6   4  12   4   2  0.45 0.32
   59 F    -2  -1  -4  -4  -4  -3  -4  -4  -1   1   4  -3  -1   2  -3  -2  -2   4   1   1    3   3   1   1   0   1   1   1   2   7  41   2   1   8   2   3   3   5   5   8  0.62 0.36
   60 P    -2  -3  -4  -4  -6  -4  -2  -2  -5  -5  -2  -3  -4  -3   8  -3  -4  -3  -5  -5    3   2   1   1   0   1   3   3   0   1   4   2   1   1  70   3   1   1   0   1  2.03 1.00
   61 F    -4  -3  -5  -5  -5  -4  -4  -2  -6   3   4  -4   0   4  -5  -4  -3   2   0   2    2   2   1   1   0   1   1   4   0  13  36   1   2  13   1   2   1   3   3  14  0.75 0.43
   62 I    -2  -4  -7  -7  -6  -6  -5  -4  -7   4   4  -5   0   3  -5  -5  -3   0  -3   3    4   1   0   0   0   0   1   2   0  21  35   1   2  10   1   1   2   2   1  17  0.98 0.53
   63 G    -4  -1  -2  -4  -7  -3  -5   7  -4  -5  -4  -4  -7  -7  -3  -5  -5  -7  -4  -6    2   4   2   1   0   1   1  78   0   1   3   1   0   0   2   1   1   0   1   1  2.02 1.02
   64 S    -2  -2   4  -2  -1   1   0  -3   8  -4  -3  -3  -3  -4  -3   2  -1  -8  -2  -2    4   2  20   3   1   5   7   2  27   1   3   1   1   1   2  13   3   0   1   3  0.98 0.62
   65 T     3  -4  -5  -5  -3  -4  -7  -3  -4  -1   3  -6   3   0  -4  -1   3  -2  -3   0   20   1   0   1   1   1   0   3   0   4  28   0   6   4   1   4  19   1   1   5  0.67 0.47
   66 I    -1   1  -4  -6  -8  -3  -4  -4   1   2   3  -4   0   1   4  -3  -4   2  -1   0    5   8   1   1   0   2   1   2   3  10  25   1   2   6  17   2   1   3   2   7  0.54 0.36
   67 S     2   3  -1   1  -4   3   3  -3   1  -8  -2  -1  -2  -4   0   0  -1   0  -2  -5   14  12   3   8   0  13  16   2   3   0   4   4   1   1   6   6   4   1   2   1  0.43 0.36
   68 Y    -4  -5  -6 -10  -9  -5  -9  -6  -2   1   3  -4   4   7 -10  -6  -4   1   3  -2    2   1   1   0   0   1   0   1   1   6  28   1   8  32   0   1   1   2   9   4  1.36 0.70
   69 G     1   3  -3  -4  -4   0  -5   1  -2   0   2  -1   2   0  -5  -1  -3   1  -2   0   13  13   2   1   0   4   1  10   1   5  19   4   5   3   1   5   2   2   1   6  0.30 0.23
   70 I     0   6  -2  -3  -3   0  -3  -2  -1  -4  -2   3   0  -2  -4  -1  -2  -3  -4  -3    7  41   3   2   1   4   2   3   2   1   4  13   2   2   1   5   3   1   1   2  0.94 0.59
   71 D    -3   0   4   7 -11   0  -3  -1   1 -11  -7  -2 -10 -11  -4  -1  -4  -2  -5  -7    3   6  14  50   0   4   2   5   3   0   1   3   0   0   1   5   1   1   1   1  1.47 0.85
   72 P    -2   0  -2  -5 -11   0  -3  -2  -2  -3  -2  -5  -1  -3   8  -3  -2  -3  -2  -4    4   5   2   1   0   4   2   4   1   2   4   1   2   2  59   3   3   0   1   2  1.56 0.99
   73 Y    -3  -2  -4  -3  -2  -4  -1  -3  -1   2   4  -3   1   1   0  -4  -2  -1   1   0    3   3   1   2   1   1   5   2   1   9  39   2   4   5   5   2   3   1   5   7  0.58 0.37
   74 K     2   1  -2   0  -4   1   2   3  -1  -4  -4   1  -3  -4  -1   0  -1  -1  -3  -3   16   8   2   5   1   5  11  20   1   1   2   7   1   1   4   6   4   1   1   2  0.33 0.29
   75 F    -2  -4  -5  -4  -2  -5  -4  -4  -2  -2   0  -5   2   8  -6  -5   0   1   2  -1    4   1   1   2   1   1   1   2   1   2  10   1   5  48   1   1   6   2   6   5  1.43 0.77
   76 F    -3  -5 -10 -10  -1  -4  -5  -5  -2   1   4  -4   4   5  -5  -4  -4   2   2   0    2   1   0   0   2   1   1   1   1   7  35   1   8  19   1   2   2   2   6   7  1.00 0.56
   77 F     0   2  -1   0  -1   2   2  -2   0  -2   0  -1   2  -1  -2  -1   1   0  -1  -2    7  12   3   5   1   7  12   3   3   2   9   4   4   3   2   5   9   1   2   3  0.15 0.16
   78 D    -1   4  -1   2  -2   1   2  -1   0  -9  -5   1  -1  -4  -3   2  -1  -1  -2  -4    5  21   3  10   1   6  13   4   2   0   2   7   2   1   2  14   4   1   2   1  0.50 0.40
   79 C     1   0  -1  -3   3  -1  -4  -2  -1  -1   4  -2   3  -2  -4  -2  -1   2   0  -1   12   5   3   2   6   3   2   3   2   3  30   2   6   2   1   4   4   3   3   4  0.41 0.29
   80 R     1   4  -2  -3  -1   1  -1  -3   3  -2  -2  -2   2   0  -1  -1  -1   1   3  -1   12  18   2   2   2   6   4   2   7   3   5   3   4   4   3   4   4   2   9   5  0.32 0.25
   81 A     1   3  -1   0  -1   2   1  -2   0  -3  -3   1   0  -2   1  -1  -1   0  -1  -3   13  16   3   5   1   9   8   4   2   2   3   9   2   2   6   4   4   2   3   2  0.25 0.23
   82 K     0   2  -1   1  -1   2   3  -3   2  -3  -2   2  -1  -2  -2  -1   0   0   0  -2    7  11   3   6   1   8  16   3   5   2   4  11   1   2   2   5   6   1   3   3  0.25 0.23
   83 Y    -1   0   0   0   2   0   0  -1   2   0  -1   0   2   1   0  -1   0   4   1  -1    5   5   5   5   5   5   5   5   5   5   5   5   5   5   5   5   5   5   5   5  0.09 0.08
   84 G    -5  -4  -3  -4  -6  -6  -4   7  -7  -8  -7  -5  -6  -8  -2  -4  -6  -8  -6  -8    1   1   1   1   0   0   2  86   0   0   1   1   0   0   2   2   0   0   0   0  2.40 1.10
   85 D    -3  -2   0   6  -5  -3   1  -2  -3  -7  -6  -3  -7  -6   4   0  -4  -8  -6  -7    2   2   4  47   0   1   7   4   1   0   1   1   0   0  19   7   1   0   0   0  1.33 0.75
   86 I    -2  -6  -7  -7  -1  -6  -7  -8  -6   5   2  -7   0  -1  -5  -5  -2  -5  -3   5    3   0   0   0   1   0   0   0   0  25  18   0   2   2   1   1   3   0   1  43  1.28 0.66
   87 F     0  -7  -7  -8  -2  -7  -7  -4  -4  -1  -2  -7  -3   6  -6  -1  -2  -4   2   5    9   0   0   0   1   0   0   2   0   2   3   0   0  28   0   5   3   0   6  41  1.27 0.69
   88 T    -1   6  -4  -4  -2   0  -1  -3   1  -6  -4   2  -2  -5  -3   0   2   1  -1  -3    4  37   1   1   1   3   5   2   4   0   2  12   1   0   2   6  14   2   2   2  0.80 0.54
   89 F    -3  -5  -6  -7  -3  -5  -6  -6  -4   4   2  -6   1   5  -6  -3   1   1   1   2    3   1   0   0   1   1   0   1   0  19  18   0   3  24   0   2   7   2   5  13  0.86 0.48
   90 I    -3   5   1   0  -3   0  -2  -2   3  -2  -4   1  -4  -4   0   1  -2   4  -1  -3    1  31   6   5   1   4   2   3   6   3   1   7   0   1   5   9   3   6   3   2  0.58 0.42
   91 L    -1  -3  -5  -6  -3  -5  -6  -4  -5   3   4  -5   4   2  -3  -3  -2  -1  -3   2    5   2   1   0   0   0   0   2   0  14  40   0   8   9   1   2   2   1   1  12  0.81 0.47
   92 L     0  -4  -5  -5  -4  -5  -5   5  -4  -3   2  -6   1   3   0  -4  -4  -2  -3  -2    8   1   0   1   0   0   1  43   0   1  18   0   3  10   6   1   1   1   1   3  0.89 0.54
   93 G    -3   0   0  -3  -7  -4  -5   5   2  -5  -3  -2  -3  -1   5  -1  -1  -1  -3  -4    2   6   5   1   0   1   0  37   5   1   3   2   1   3  23   4   3   1   1   2  0.89 0.57
   94 K    -2   3  -2  -1  -2   2   0  -2  -1  -1  -1   2   1   0   0  -1   0   0  -1  -1    3  20   2   3   1   9   6   3   2   4   6  12   4   4   4   4   5   1   3   5  0.20 0.20
   95 K    -3   3   0   1  -3   0   0  -3   1  -4  -3   2  -4  -4   4  -1   1  -2  -3  -2    2  16   4   7   0   5   6   2   3   1   4  10   0   1  24   4   8   1   1   3  0.52 0.39
   96 T     1  -2  -3  -4   1  -4  -4  -2  -1   2   0  -4   4   2  -3  -2   2  -1  -1   3   13   3   1   1   3   0   0   3   1   9   8   0   9   8   1   3  11   1   2  22  0.40 0.32
   97 T    -1  -5  -4  -7   0  -5  -7  -7   2   2  -2  -5  -3   1  -7  -5   2  -1   6   4    5   0   1   0   2   1   0   0   4   9   4   0   1   6   0   1  12   1  24  29  1.02 0.60
   98 V    -2  -4  -4  -7   0  -3  -6  -5  -2   0   3  -6   3   4  -6  -4  -3  -4   1   4    4   1   1   0   2   1   0   1   1   5  26   0   7  14   0   1   2   0   4  30  0.83 0.49
   99 Y     0  -7  -6  -8   1  -6  -7  -7  -7   2   3  -7   1   1  -2  -5  -2  -6  -2   5    8   0   0   0   2   0   0   0   0  10  30   0   3   5   2   0   2   0   2  34  0.96 0.55
  100 L     0  -2   3  -4   5  -3  -5  -4  -2   0   1  -4   0   1  -5   2   2  -4  -1   0    7   2  14   0  11   1   0   1   1   6  13   0   2   6   0  14  14   0   2   6  0.44 0.36
  101 G    -3  -1   1   4  -2  -5  -2   4   7  -8  -7  -3  -7  -8  -7   1  -2  -8  -5  -6    2   3   5  19   1   0   3  28  23   0   0   2   0   0   0  11   3   0   0   0  1.16 0.67
  102 T     1  -6  -7  -6  -9  -6  -6  -6  -3  -6  -6  -6  -7  -7   8  -3  -3 -10  -9  -4   11   0   0   0   0   0   0   1   1   1   1   0   0   0  78   2   2   0   0   2  2.58 1.28
  103 K     0  -2  -2   5  -8   0   5  -3  -2  -8  -7   0  -6  -6  -4  -3  -3  -8  -6  -5    9   2   2  29   0   3  39   2   1   0   0   6   0   0   1   2   1   0   0   1  1.20 0.72
  104 G     2  -5  -2   1  -3  -3  -3   1   4  -2   3  -5   0  -1  -5  -2  -3  -3   2  -1   20   0   2   7   0   1   1  12  10   1  26   0   2   2   0   2   1   0   6   5  0.46 0.37
  105 N     1  -6   3  -5  -3  -3  -6  -6   1   4  -1  -6   0  -2  -7  -1   0  -4  -5   4   10   0  14   0   1   1   0   0   3  24   6   0   2   1   0   4   6   0   0  26  0.77 0.49
  106 D    -1   5  -1   0  -6   3   3  -3   4  -7  -6   3  -5  -7  -6  -4  -4  -3  -4  -5    5  24   3   4   0  12  19   2  10   0   1  16   0   0   0   1   1   0   0   1  0.93 0.59
  107 F    -1   2  -3  -1  -6   3   2  -5   6  -3  -1  -2  -3   3  -4  -3  -1   0   0  -2    5  10   1   3   0  15  14   1  15   1   5   2   1  12   1   2   4   1   3   3  0.56 0.42
  108 I    -2  -8  -7  -9  -4  -8  -7  -9  -8   4   1  -8   1   2  -8  -5  -4  -8  -5   6    3   0   0   0   0   0   0   0   0  21  10   0   3   8   0   1   1   0   0  52  1.51 0.76
  109 L    -7  -8  -7  -9  -5  -7  -9  -9  -5  -3   6  -8   2   5  -9  -8  -4  -4   0  -4    0   0   0   0   0   0   0   0   0   1  71   0   4  18   0   0   1   0   3   1  1.95 0.94
  110 N    -1   1   1  -3  -4   2  -2  -2   0   0   0  -1   0  -3  -5   0   1  -4  -4   4    4   6   7   1   0   9   1   3   2   6   8   4   3   1   0   7   8   0   0  28  0.33 0.29
  111 G     1  -1   2   3  -4  -1   1   1  -1  -5  -4  -1  -5  -6  -4   2   3  -6  -5  -4   10   3   9  17   0   2   8  11   1   0   1   4   0   0   1  14  16   0   0   1  0.46 0.37
  112 K    -3   1   4   2  -6   2   1  -3   3  -6  -4   3  -5  -6   1   0   0  -6  -5  -4    2   9  16  12   0   8  10   2   6   0   2  15   0   0   6   6   5   0   0   1  0.53 0.39
  113 L     2   0   1   2  -3   1   0   0   4  -2  -2  -1  -2  -2  -1   0  -1  -1  -2  -2   19   4   8  11   0   6   6   6   9   2   5   2   1   1   3   8   3   1   1   3  0.20 0.20
  114 R     0   4  -1   2  -6   0   1  -1   2  -5  -4   3  -4  -5  -2   1  -2  -4  -3  -4    9  20   2  12   0   5   9   4   4   0   1  17   0   0   2  10   2   0   1   1  0.49 0.37
  115 D    -1   0   4   1  -1   1   0  -3   2  -1  -1   0  -2  -2  -3   0   1  -4  -1  -1    5   5  21   9   1   5   7   1   6   3   7   5   1   1   1   8   7   0   2   5  0.26 0.23
  116 V    -4  -5  -7  -6  -5  -6  -7  -7  -3  -1   1  -6  -1   7  -6  -6  -4  -3   6   1    2   1   0   0   0   0   0   0   0   4  14   0   2  39   0   1   1   0  24  10  1.56 0.76
  117 C    -1   1   1   3  -2  -1   0  -1   1   0  -3  -2  -3  -2  -1   2   0  -2  -2   0    5   8   6  16   1   1   6   5   4   5   2   2   1   1   3  18   6   1   2   7  0.20 0.21
  118 A     1   2  -2  -4  -7   0  -4  -4  -1  -3  -4   6  -2  -5  -4  -1  -2   0  -4  -3   10  11   2   1   0   4   0   1   1   2   2  51   1   1   1   5   2   2   1   2  1.10 0.65
  119 E    -1   0  -1   1  -6  -1   1   4  -3  -6  -5   1  -4  -4   0   1  -1  -3  -3  -5    6   6   2   6   0   3  10  35   1   0   1   8   0   1   4  11   4   0   1   1  0.56 0.40
  120 E    -1   1   0   1  -4  -1   2   2  -1  -3  -2   0  -1  -2   1  -1   0   0  -1  -3    5   9   4   8   0   3  15  17   2   2   4   6   2   2   8   4   5   1   2   2  0.21 0.20
  121 V     1   0  -2  -1  -3  -1  -1   1  -1   1   0  -2   1   1   2  -1   0  -1  -2   1   12   6   2   4   0   3   3  10   2   8   9   1   4   6  10   4   5   1   1   9  0.08 0.10
  122 Y    -2  -4  -3  -4  -6   0  -4  -3  -1  -1   1  -5   0   4  -3  -3  -2   6   6  -1    3   1   2   1   0   4   1   3   1   3  12   0   2  17   1   3   3   9  29   5  0.94 0.54
  123 S    -1   2   0   1  -4   1   1  -1  -1  -2  -2   1  -1   1   0   0   0   2   3  -2    5  10   4   8   0   6   9   4   1   2   3   8   2   6   5   5   7   3  10   2  0.16 0.17
  124 P     0   2   0   2  -4   1   1  -1   1  -2  -2   1  -2   0   2  -1  -2  -2  -1  -2    7  11   3  13   0   5  10   5   3   3   3   9   1   5  11   4   2   1   2   4  0.20 0.17
  125 L     0   1  -3  -3  -3  -2  -2  -3  -1   0   3  -1   1   3  -1   0  -1  -3  -1   0    7   9   1   1   0   2   2   2   1   6  28   4   3  13   3   8   3   0   1   6  0.27 0.22
  126 T     1  -1  -2  -4  -3  -2  -2  -1  -3   1   2  -1   3   1  -3  -1   2  -3  -3   1   10   3   2   1   0   2   2   5   1   9  18   4   8   7   1   5  14   0   0   9  0.22 0.20
  127 T    -1   5  -2  -1  -5  -1   1   0   0  -3  -2   2  -3  -4  -4   0   1  -3  -3   0    4  28   2   3   0   2   8   8   3   1   3  11   1   1   1   6   8   0   1   9  0.43 0.34
  128 P     0   1  -2   0  -3  -1   1  -2  -1  -2  -1   0  -1  -3   5  -1  -1  -5  -3  -2    7   8   2   5   0   3   8   3   2   2   7   4   2   1  32   4   4   0   1   3  0.54 0.38
  129 V    -1  -5  -5  -5  -5  -5  -4  -4  -6   2   3  -4   2   3  -5  -3  -3   5  -1   3    5   0   0   1   0   0   1   1   0  12  25   1   5  12   1   2   1   7   2  21  0.73 0.44
  130 F    -2  -4  -5  -4  -5  -4  -6  -2  -3   1   4  -6   2   6  -5  -4  -2   0  -2   0    4   1   1   1   0   1   0   4   1   8  35   0   4  27   1   1   3   1   1   7  0.87 0.49
  131 G    -4  -4  -5  -4  -7  -5  -6   7  -4  -5  -3  -5  -5  -3  -2  -4  -5  -5  -7  -5    1   1   1   1   0   0   1  83   0   1   3   1   0   1   2   1   1   0   0   1  2.18 0.99
  132 R    -3   2   5   3  -6   1   2  -1  -3  -6  -5   2  -5  -5   0  -1  -1  -3  -4  -4    2   9  23  13   0   5  14   5   0   0   1  11   0   0   6   4   4   0   1   1  0.57 0.40
  133 H    -3  -3   1   1  -4  -3  -1   7   0  -7  -5  -4  -7  -6  -5  -2  -3  -7  -6  -7    2   2   6   7   0   1   4  66   2   0   2   1   0   0   0   4   2   0   0   0  1.49 0.77
  134 V    -1  -5  -4  -5  -2  -4  -5   0  -4   1   4  -5   1  -2  -4   0  -3  -4  -4   3    4   1   1   1   1   1   1   9   0   7  42   1   3   1   1   8   1   0   1  17  0.66 0.40
  135 V    -2  -7  -7  -8  -6  -5  -7  -3  -6   1   5  -7   2  -2  -5  -5  -4  -6  -3   3    4   0   0   0   0   0   0   3   0   7  55   0   4   2   1   1   1   0   1  22  1.24 0.66
  136 Y     0  -4  -3  -4  -3  -3  -4  -2  -2   0   1  -4   1   3  -3  -1   4  -4   3   0    8   1   1   1   0   1   1   3   1   4  15   1   3  12   2   5  25   0  11   7  0.49 0.35
  137 D    -2  -2   1   3  -5  -2  -2  -2  -3  -3  -2  -4  -2  -1  -5   4   4  -6  -5  -1    3   2   6  13   0   2   2   3   1   1   5   1   1   3   0  29  25   0   0   4  0.64 0.47
  138 C     2  -2  -2  -2   5  -1  -2  -2  -1  -1   0  -1   0  -2  -2   2   0  -3  -2   1   18   2   2   1  11   3   3   2   1   4   9   3   2   2   2  16   6   0   1  11  0.27 0.20
  139 P    -3  -2   1   5  -6  -1   4  -2   0  -5  -5  -3  -4  -6   3  -1  -2  -3  -3  -4    2   2   6  28   0   2  26   4   2   1   1   1   0   0  15   5   2   0   1   1  0.87 0.53
  140 N    -3  -3   2  -1  -6  -5  -4   6   3  -6  -5  -3  -5  -1  -1  -4  -3  -3  -1  -5    2   2   9   3   0   0   1  59   7   1   1   2   0   3   3   1   2   0   2   1  1.32 0.71
  141 A     2  -2  -3   4  -6   0   4  -4   0  -7  -5  -1  -4  -5   1   1  -2  -4  -4  -5   16   2   1  22   0   3  28   1   2   0   1   4   0   1   7   8   3   0   0   1  0.76 0.52
  142 K     0   1  -2   1  -4   0   2  -3   0  -1   0   1  -1   2  -2   0   1  -1   0   0    6   6   0   9   0   4  13   1   3   4   8  10   2   9   2   5   8   1   3   6  0.12 0.15
  143 L    -6   0  -7  -9  -9  -5  -6  -9   9  -9  -2  -5  -1  -1  -8  -7  -8  11   0  -9    1   4   0   0   0   0   0   0  40   0   4   1   2   3   0   0   0  41   3   0  3.07 1.33
  144 M    -2   6  -3  -3  -7   1  -3  -5   2  -4   1   3   3  -2  -5  -2  -3  -4  -3  -4    4  37   1   2   0   6   1   1   5   1  14  14   7   2   0   3   2   0   1   1  0.87 0.55
  145 E    -1   6  -3  -3  -3   2   2  -4   0  -6  -4   1  -3  -3  -5  -2  -2  -1  -3  -3    5  45   1   1   1   8  13   1   2   0   2   7   1   1   1   4   3   1   1   2  1.02 0.62
  146 Q    -5   2  -2  -4  -9   8  -3  -7   5  -5  -2  -2  -2  -8  -6  -4  -3  -8  -6  -5    1  10   2   1   0  60   1   0  12   1   4   2   1   0   0   1   2   0   0   1  1.93 1.04
  147 K    -7   8  -6  -7 -10  -5  -7  -8  -5  -4  -5   2  -3  -3  -7  -6  -8  -9  -8  -6    0  83   0   0   0   0   0   0   0   1   1   9   1   1   0   0   0   0   0   1  2.70 1.25
  148 K    -3   7  -3  -5  -9   0  -4  -3   0  -7  -6   4  -3  -8  -3  -3  -3  -8  -7  -7    3  55   1   0   0   3   1   2   2   0   1  24   1   0   2   2   2   0   0   0  1.68 0.88
  149 F    -1  -2  -7  -7  -6  -3  -6  -7  -4   3   5  -5   5   3  -6  -5  -1  -3  -3   0    5   2   0   0   0   2   0   0   1  13  43   1  13  10   0   1   3   0   1   5  0.98 0.55
  150 V     0  -6  -7  -8   0  -5  -7  -7  -3   4   3  -7   6  -1  -6  -3  -3  -5  -5   3    8   0   0   0   2   0   0   0   1  19  26   0  20   2   0   2   2   0   0  17  1.05 0.58
  151 K     0  -1   0  -3  -7   7  -3  -5  -3  -5  -2   1   2  -6  -4  -2   1  -5  -3  -5    8   3   4   1   0  49   1   1   1   1   5   7   4   0   1   3  10   0   1   1  1.23 0.78
  152 Y    -3  -4  -5  -3  -9  -1  -3  -6  -3  -6  -7  -5  -8  -1   8  -1  -3  -9  -6  -5    2   1   1   2   0   3   2   1   1   1   1   1   0   2  75   5   2   0   0   1  2.32 1.17
  153 G     5  -4  -5  -6  -4  -4  -4   1  -1  -3  -1  -5   0   0  -2   1  -1  -4  -5  -1   50   1   0   0   0   1   1  11   2   1   6   0   3   4   2   9   4   0   0   4  0.85 0.57
  154 L    -9  -9  -9 -10  -9  -9 -10 -10  -8  -4   2  -9  -2   9 -10  -9  -7  -6  -3  -5    0   0   0   0   0   0   0   0   0   1  17   0   1  80   0   0   0   0   0   1  3.03 1.28
  155 T    -2   3  -1  -3  -6   1  -5  -3   8  -7  -6   1  -2  -5  -7   1   2  -7   0  -5    3  13   2   1   0   6   0   2  37   0   1   7   1   1   0  10  12   0   2   1  1.31 0.73
  156 S    -1   5  -2  -5  -6   0  -4  -1   3  -3  -4   1  -2   1   4  -1   0  -3  -2  -4    5  27   2   0   0   3   1   5   6   2   1   8   1   7  18   5   6   0   1   1  0.63 0.45
  157 D     1   2   1   2  -6   2   3  -2  -1  -5  -5   2  -4  -7  -2   1  -1  -7  -6  -4   10  12   5  12   0   9  17   4   1   0   1  10   0   0   2  10   4   0   0   1  0.47 0.38
  158 A     2   6   0  -5  -2   1  -3  -4   2   1  -5   0  -1  -4  -3   0  -3  -4  -2  -3   14  37   5   0   1   7   1   1   5   7   1   6   2   1   1   6   1   0   1   2  0.78 0.52
  159 L    -6  -7  -8  -8  -6  -7  -8  -9  -4   4   5  -7   4   1  -8  -6  -5  -7  -5   2    0   0   0   0   0   0   0   0   1  24  44   0  11   5   0   0   1   0   0  14  1.43 0.72
  160 R     2   3  -1   1  -6   1   2  -2  -1  -4  -3   1  -3  -6   0  -1  -1  -6  -4  -2   21  16   3   7   0   7  14   3   2   1   3   8   0   0   5   4   4   0   0   3  0.39 0.34
  161 S     2   1   1   1  -4   1  -1   3   0  -4  -3  -1  -3  -5  -3   2   0  -6  -4  -4   14   8   5   7   0   5   4  21   2   1   2   3   1   0   1  17   6   0   0   1  0.37 0.32
  162 Y    -4  -4  -7  -7  -3  -5  -7  -8   3  -4   0  -7   2   4  -9  -4  -6  -2   9  -5    1   1   0   0   1   0   0   0   5   1   8   0   4  15   0   1   0   0  58   1  2.16 1.03
  163 V     4  -4  -5  -3  -1  -4  -4   0  -4   1   0  -5   0  -1  -3  -1   0  -5  -4   4   29   1   0   1   1   0   1   8   0   6   9   0   2   3   1   4   7   0   0  25  0.52 0.39
  164 P     0   0  -2   3  -6   1   3   0   0  -5  -6  -2  -5  -6   4   0   0  -7  -5  -3    8   6   2  17   0   5  17   7   2   0   0   2   0   0  20   5   5   0   0   2  0.58 0.43
  165 L     1  -2  -3  -1  -3   0  -2  -3   0   2   1  -2   2  -3  -2  -2   2  -5  -3   3   11   2   1   4   0   4   2   2   3  13  12   2   4   0   2   2  15   0   1  20  0.31 0.27
  166 I    -4  -8  -8  -9  -5  -6  -8  -9  -6   4  -2  -8  10   3  -8  -7  -5  -7  -5   0    2   0   0   0   0   0   0   0   0  23   2   0  53  11   0   0   1   0   0   6  2.38 1.09
  167 T     1   1   2  -1  -1   1   0  -2  -1   0  -2  -3  -3  -3  -4   0   2  -3  -4   3   14   7   9   4   1   6   7   2   2   5   3   1   0   1   0   5  12   0   0  21  0.26 0.26
  168 D     1   2  -2   3  -5   1   4  -1  -1  -5  -4   0  -3  -6  -2   0  -1  -6  -4  -4   12  10   2  15   0   7  26   5   1   0   1   5   1   0   2   7   4   0   0   1  0.52 0.40
  169 E     2  -1  -1  -2   2   2   4  -3   1   0  -1  -2  -2  -3  -4  -1  -1  -4   0   0   15   3   3   1   4   8  26   2   3   6   5   2   1   1   1   5   4   0   3   7  0.32 0.30
  170 V     4  -5  -4  -5   1  -5  -5  -2  -5   2  -3  -4  -1  -3  -5   0   4  -4  -5   3   29   0   0   0   3   0   0   4   0  10   2   1   2   1   0   6  24   0   0  16  0.78 0.51
  171 E     1   2   0   2  -4   2   4  -2   0  -3  -2   0  -3  -5  -4  -1   0  -6  -4  -1   12   9   4  10   0   8  27   2   2   2   5   4   0   0   0   5   5   0   0   4  0.42 0.33
  172 S     2   3  -1   2  -4   2   2  -2   0  -1  -3   0  -3  -5  -4   0   0  -4  -4  -2   15  16   3  11   0   8  15   3   2   4   2   6   1   0   1   6   5   0   0   3  0.34 0.29
  173 F    -1   0  -4  -5  -1  -2  -3  -4   3  -1   2  -4   5   2  -5  -2  -1   0   3   0    6   6   0   0   1   1   2   1   6   2  22   1  14   8   0   3   5   1  11   7  0.50 0.35
  174 V     1  -3  -5  -6   0  -5  -5  -5  -4   3   3  -5   2   2  -6  -3   1  -5  -4   3   12   1   0   0   2   0   0   1   0  16  26   0   4   8   0   2   7   0   0  18  0.64 0.40
  175 K     2   1  -1   4  -5   2   3   0  -1  -5  -5   0  -5  -6  -4   0  -1  -6  -5  -4   18   8   3  19   0   8  15   6   1   0   1   6   0   0   0   7   4   0   0   1  0.51 0.39
  176 N     0   4   0   1  -5   1   1   0  -1  -3  -4   2  -3  -4  -4   2   1  -6  -4  -3    6  24   4   6   0   5   8   7   1   1   1  11   1   1   1  13   7   0   0   2  0.44 0.34
  177 S    -4  -5  -5  -3  -5  -5  -3  -5  -3  -4   1  -6  -2  -2  -7  -2  -4  12  -2  -4    2   1   1   2   0   1   2   1   1   1  15   1   1   2   0   3   1  63   1   1  2.89 1.22
  178 P    -1   2  -1   0  -2   2   2  -2   2  -2  -1   0  -1  -2   1   0   0   1  -3  -2    6  14   2   5   1  11  13   3   4   2   5   5   1   2   8   7   5   2   1   3  0.21 0.18
  179 A     2   1   0   1  -2  -1   0   0  -1  -2  -2   0  -2  -2   2   1   0  -3  -2  -1   17   6   4   9   1   2   7   7   1   2   3   5   1   1  11   9   6   0   2   4  0.16 0.13
  180 F     0   1  -1  -1  -1   0   0   2   2  -1  -1   0  -1   1  -1   0  -1  -1   0  -1    7   7   3   4   1   5   4  20   6   3   8   6   2   6   3   5   4   1   2   3  0.10 0.07
  181 Q     2   1   0  -1  -1   3   0  -1  -2  -2  -1   0  -1  -2   0  -1  -1   6  -1  -1   15   6   4   3   1  15   7   4   1   3   6   6   1   1   4   4   3  10   2   5  0.28 0.18
  182 G     1   1  -1   1  -1   1   0   3  -1  -2  -2   0  -2  -2   1   0   0  -3  -2  -2   11   9   3   8   1   5   5  21   1   3   3   7   1   1   6   5   5   0   1   3  0.19 0.13
  183 H     0   1   0   3  -3   1   2   0   1  -3  -2   0  -3  -3   0   0   0  -3  -2  -2    8   7   5  17   0   7  15   7   4   2   3   5   1   1   4   5   6   0   1   3  0.24 0.16
  184 K    -1   0   0   1  -4   0   1   4  -1  -3  -3   0  -3  -4  -1   1  -1  -1  -3  -3    6   5   3   6   0   4   8  33   1   2   2   6   1   1   3   9   4   1   1   2  0.40 0.26
  185 G     1   0  -2   0  -2   1   2   3  -1  -2  -2  -1  -2  -3  -1   0   0  -3  -3  -2   10   5   1   6   1   7  16  22   1   3   4   4   1   1   3   5   6   0   1   2  0.27 0.20
  186 V    -1   0  -3  -2  -2  -2   2  -3  -1   0  -2  -2  -2  -3   2   0   3  -3  -2   3    4   5   1   2   1   2  14   1   1   6   3   2   1   1  12   7  18   0   1  18  0.35 0.29
  187 F    -3   0  -6  -5  -2  -3  -5  -6  -5   4   2  -5   0   4  -6  -5  -4  -4  -2   4    2   5   0   1   1   1   0   1   0  23  16   1   2  15   0   1   1   0   1  30  0.93 0.50
  188 D    -2  -2   2   7  -4  -2   1  -5  -3  -7  -5  -3  -6  -6  -1  -2  -2  -6  -7  -4    3   3   9  59   1   1   8   1   1   0   2   1   0   0   3   3   2   0   0   1  1.50 0.79
  189 V    -1  -7  -7  -7  -2  -6  -7  -6  -7   4   3  -7   3   1  -6  -5  -3  -2  -5   5    6   0   0   0   1   0   0   1   0  21  25   0   7   5   0   0   2   1   0  32  1.06 0.57
  190 C     0  -1   0   0   0  -1  -1  -2   3  -2   0  -1   0   2  -1   0   0  -1   3   0    9   4   4   6   2   3   4   3   9   1  10   4   2   8   3   6   6   1  11   6  0.11 0.14
  191 K     1   1  -2   2  -6   1   2  -2   3  -5  -3   1  -3  -5   3   0   0  -5  -3  -3   11   8   1  10   0   7  15   2   6   0   2   8   0   0  15   5   5   0   1   2  0.40 0.33
  192 T     2  -2  -3   2  -5   0   5  -4   0  -3  -2  -3  -1   0  -4  -2  -1  -3  -1  -1   15   2   1   9   0   4  39   1   2   2   5   1   2   4   1   3   5   0   3   4  0.64 0.47
  193 I    -3  -7  -8  -9  -3  -5  -8  -7  -6   2   1  -7   9   2  -7  -4  -1  -4  -5   0    3   0   0   0   1   0   0   0   0  10  13   0  53   7   0   1   4   0   0   7  1.98 0.95
  194 A     0   1   0  -2  -2   1  -1  -1   0  -3  -1   1   5  -2  -3   1   2  -5  -1  -2    8   8   5   1   1   6   3   4   2   1   4  10  15   2   1  12  12   0   2   3  0.29 0.29
  195 E     0   4  -1   1  -3   2   3  -1   2  -4  -1   1  -2  -4  -3  -1   0  -3  -3  -3    8  21   3   7   1   8  17   4   5   0   7   8   1   0   1   3   5   0   1   1  0.37 0.31
  196 I    -3  -6  -8  -8   3  -7  -8  -7  -6   2   5  -7   2  -1  -7  -6  -3  -6   0   1    2   0   0   0   5   0   0   0   0  12  59   0   4   2   0   1   2   0   4   9  1.31 0.68
  197 T     2  -7  -5  -6  -3  -6  -7  -5  -7   0  -3  -6  -1  -7  -7   0   7  -8  -7  -1   18   0   0   0   1   0   0   1   0   5   3   0   2   0   0   6  60   0   0   4  1.59 0.90
  198 I    -1  -3  -5  -7  -4  -1  -6  -6  -5   2   5  -6   4   3  -7  -3  -1  -6  -4   0    5   1   1   0   0   3   0   1   0  10  48   0  10  10   0   2   3   0   0   5  0.98 0.56
  199 Y     0   4   0   4  -4  -1   1  -2  -1  -5  -1  -1  -1  -1  -5   0  -1  -6  -1  -4    7  20   5  23   0   3   9   4   1   0   8   3   1   2   0   6   3   0   3   1  0.44 0.35
  200 T    -2  -7  -3  -7  -3  -5  -7  -7  -8   6  -1  -7   1  -5  -7  -2   3  -8  -6   4    3   0   1   0   0   0   0   0   0  44   4   0   3   0   0   3  14   0   0  26  1.39 0.72
  201 A     4  -7  -6  -7  -5  -6  -6  -2  -7   4   1  -6   0  -3  -6  -2  -1  -7  -6   3   30   0   0   0   0   0   0   3   0  23  12   0   2   1   0   3   4   0   0  21  0.89 0.54
  202 S     3  -6  -3  -6   5  -4  -5   2  -5  -1   0  -5   1  -3  -5   2   2  -3  -5   1   22   0   1   0  10   0   0  14   0   3  10   0   4   1   0  15  11   0   0   8  0.55 0.42
  203 R    -1   6  -2  -1  -6   1   2  -2   1  -6  -4   3  -2  -6  -5  -1  -2  -5  -6  -4    5  38   2   3   0   5  13   3   4   0   2  15   1   0   0   5   2   0   0   1  0.90 0.56
  204 S     3  -6  -4  -6   5  -5  -6  -5  -7  -1  -1  -6  -2  -3  -6   2   5  -4  -5   0   19   0   0   0  12   0   0   0   0   4   6   0   1   1   0  12  36   0   0   7  1.02 0.65
  205 L     0  -7  -8  -7  -4  -7  -7  -5  -8   0   6  -7   5   2  -8  -6  -4  -7  -6  -1    7   0   0   0   0   0   0   1   0   5  60   0  12   9   0   0   1   0   0   4  1.43 0.74
  206 Q    -5  -8  -8  -9  -4   0  -8  -9  -2  -2   2  -8   4   8  -7  -7  -6  -4  -2  -3    1   0   0   0   0   5   0   0   1   3  21   0  10  56   0   0   0   0   1   2  1.97 0.92
  207 G    -2  -5  -2   0  -6  -5  -6   7  -3  -8  -9  -5  -6  -6  -4   3  -3  -8  -8  -8    3   1   2   5   0   0   0  64   1   0   0   0   0   0   1  19   2   0   0   0  1.69 0.87
  208 K     1   0  -1   0  -1  -1   0  -1  -1  -1   0   1   0  -2  -1   1   2  -4  -1   1   13   6   2   6   1   2   4   3   2   4   8   8   2   1   2   8  16   0   2  10  0.10 0.14
  209 E    -2   0  -1   5  -7  -1   4  -2  -1  -6  -6  -1  -7  -6  -1   0  -2  -8  -7  -5    3   5   3  34   0   2  28   4   2   0   1   3   0   0   3   8   3   0   0   1  0.97 0.60
  210 V    -1  -4  -5  -1  -3  -4  -2  -5  -4   3   3  -4   1   2  -1  -3  -2  -4  -3   4    6   1   0   4   1   0   3   1   0  13  25   1   3   9   4   2   3   0   0  25  0.53 0.35
  211 R     0   4   1   1  -4  -1   1   2  -1  -4  -3  -1  -3  -5   1   1   0  -6  -4  -3    7  21   7   8   0   2   8  13   2   1   2   3   1   0   6  11   6   0   1   1  0.36 0.31
  212 S     3   0   0   2  -3   0   3   0   0  -4  -5  -2  -4  -6   1   1  -1  -6  -4  -3   21   5   3  13   1   4  18   7   2   1   1   2   0   0   6  11   3   0   1   2  0.43 0.36
  213 K     1   2  -1   1  -6   3   3  -2   2  -3  -3   0  -1  -4  -2  -1  -1  -6  -3  -3   11  10   2   9   0  14  20   3   4   2   2   6   2   0   2   5   4   0   1   1  0.40 0.34
  214 F     2  -2  -3  -2  -3  -2  -1  -3  -1   1   2  -3   2   1  -3  -1   1  -3  -1   2   16   3   1   3   0   1   5   2   1   8  21   1   6   5   1   4   7   0   2  13  0.22 0.20
  215 D     1   0   0   4  -4   0   1   0   1  -2  -2  -2  -2  -1  -2   0   0  -5  -2  -1   11   5   5  24   0   3  10   8   3   2   4   2   1   2   2   5   6   0   1   4  0.28 0.24
  216 S     1   3  -1   2  -5   1   3  -1   0  -4  -4   1  -4  -4  -1   0   0  -6  -4  -2   14  13   2  12   0   5  17   5   2   1   1   7   0   1   3   7   6   0   0   2  0.37 0.32
  217 T     1   0  -2   0  -2   1   2  -2  -2   1   0  -1   0  -2  -3   0   0  -1  -2   2   15   4   1   4   1   5  13   3   1   9  10   3   2   2   1   6   5   1   1  14  0.13 0.16
  218 F    -1  -2   0  -4  -3  -3  -3   0  -2   2   1  -4   1   4  -5  -2  -1  -2   0   2    6   3   4   1   0   1   2   9   1  11  16   1   4  18   0   3   4   1   2  16  0.34 0.26
  219 A     2   2  -1  -1  -3   2   1  -1   0  -3  -3   0  -3  -3   1   0   0  -1  -1  -2   21  13   3   3   0   8   9   4   3   1   3   5   0   1   6   7   5   1   2   3  0.22 0.23
  220 E     2   2  -1   2  -1   1   2  -3   1  -2  -2   0  -2  -4  -2   0   0  -1  -1   0   21  10   2  10   1   6  11   2   3   2   3   5   1   0   2   5   6   1   2   6  0.21 0.23
  221 L     1  -3  -3  -2   0  -3  -3  -3  -3   1   3  -4   2   3  -4  -2  -1   1   0   1   12   1   1   3   2   1   1   2   0   8  31   1   5  10   0   3   4   2   3  10  0.39 0.29
  222 Y    -1  -1   0  -1  -3   1  -1  -3  -1   0   1  -1   2   2  -1  -1   0  -1   4   0    4   3   5   4   0   6   4   2   1   6  12   3   5  10   2   5   6   1  13   8  0.16 0.17
  223 H     0   2   0   2  -5   1   1  -2   5  -2  -3   0  -2  -2  -1   0   1  -3   0  -2   10  10   4  10   0   5   9   3  14   2   3   4   1   1   4   5   7   0   3   3  0.27 0.24
  224 N     1  -1  -1   2  -1  -1   0   0   1   1   0  -2   0  -1  -2  -1   1   1  -1   1   13   4   2  16   1   3   5   6   3   7   8   1   3   3   1   2   8   2   2  11  0.10 0.14
  225 L    -2  -4  -4  -6  -4  -5  -6  -6  -5   3   4  -6   4   2  -6  -3  -3  -3  -1   2    3   1   1   0   0   1   0   1   0  16  39   0   9   9   0   2   2   0   2  13  0.90 0.50
  226 D     0   1   1   3  -2   0   2  -1  -1  -2  -1  -1   1  -1  -3   0   0  -3  -2  -1    8   7   7  17   1   4  14   6   2   2   5   3   4   2   1   6   6   0   2   5  0.18 0.18
  227 M     0   3   0   0  -4   0   1   1   1  -2  -1   1   1  -2  -3   0  -1   0   0  -1   10  15   4   4   0   4   8  10   3   2   6   9   3   2   1   7   4   2   3   3  0.12 0.14
  228 G     1   2  -3  -4  -3  -1  -2   4  -4  -1  -2  -3   1   0  -4   0  -1   0  -2  -1   11  12   1   1   0   3   2  33   0   4   4   1   4   3   1   8   3   1   1   5  0.46 0.35
  229 F    -1  -1  -3  -4  -4  -2  -4  -3  -2   2   1  -4   4   5  -4  -1   0  -1   1   1    6   3   1   1   0   2   1   3   1  10  14   1  11  22   1   4   6   1   5   8  0.49 0.33
  230 A     1   1   0   0  -3   0  -1  -1   0  -1  -1   0   0   0  -2   1   2   0   0   0   13   8   5   4   0   5   2   3   3   4   7   4   2   4   2  13  12   2   3   5  0.08 0.13
  231 P     0   3  -2  -2  -5  -1  -3  -1   0  -1   0  -2   0  -2   5   0   0   0  -2  -1    8  14   2   2   0   3   1   4   2   3   8   1   2   2  28   8   5   1   1   4  0.47 0.36
  232 I    -1   1  -3  -4  -4  -2  -3  -3  -1   3   2  -3   2   1   1  -2   0   1  -1   1    6   7   1   1   0   2   2   2   1  16  19   1   6   5   8   3   5   2   1  11  0.26 0.21
  233 N     0   1   2  -2  -2  -1  -2  -1   0  -1   0  -2   1   1   2   1   0   1  -1  -1    9   9  10   2   1   2   1   5   2   4   8   2   4   7  10  10   7   2   1   4  0.12 0.15
  234 F    -1   0  -3  -2  -4  -1  -2  -2  -1   1   1  -1   2   4   1  -1  -2   3   1   1    4   6   1   3   0   3   2   3   1   7  15   3   5  16   7   4   2   3   5  10  0.22 0.19
  235 M    -2  -2  -4  -2  -4  -3  -4  -5  -3   1   4  -4   3   2   2  -3  -2   2  -2   1    4   2   1   2   0   1   1   1   1   7  35   1   7   8  11   2   3   3   1  11  0.54 0.36
  236 L    -2   0  -3  -2  -5  -5  -3  -5  -1   0   2  -3  -1   3   6  -4  -3   1  -2  -2    3   5   1   2   0   0   1   1   1   4  17   2   2  11  40   1   2   2   1   3  0.96 0.58
  237 P    -1   0  -1   1  -4  -1   1  -2   1   0   0  -1  -1  -1   4   0  -1  -1  -2  -2    6   6   3   9   0   2   8   3   3   5  10   3   2   2  21   7   3   1   1   3  0.25 0.22
  238 W    -3   2   1  -1  -5  -3  -4  -1  -1  -3  -3  -2  -5   2  -4  -1  -3  10   2  -4    2  12   7   4   0   1   1   5   2   2   3   3   0   7   1   4   1  34   7   1  1.32 0.67
  239 A    -1  -4  -4  -5  -5  -4  -5  -4  -5   2   4  -4   1   1  -4  -4   0   2  -2   3    6   1   1   1   0   0   1   1   0   8  44   1   3   5   1   1   5   3   1  16  0.76 0.44
  240 P    -4  -2  -5  -4  -8  -3  -6  -5  -3  -7  -3  -4  -8  -4   8  -6  -4  -3  -2  -5    2   3   1   1   0   1   0   1   1   0   3   1   0   1  80   0   1   0   2   1  2.55 1.23
  241 L    -3  -2  -3  -5  -5  -4  -4   0  -3   1   3  -4  -1   2  -3  -1   5   0  -2  -1    1   2   1   0   0   0   1   8   1   7  25   1   1   7   1   4  33   1   1   4  0.66 0.47
  242 P    -1   0  -4  -4  -6  -3  -3  -3  -2  -4  -4  -1  -7  -3   7  -1   1  -1  -5  -5    4   6   1   1   0   1   2   2   1   1   2   4   0   1  58   5   8   1   1   1  1.50 0.83
  243 H     2   2  -1  -2  -4   0  -1   2   1  -2  -2   0  -1  -2   0   1   0   0  -1  -1   16  14   2   2   0   3   4  14   3   2   4   5   1   2   4  12   5   1   3   3  0.20 0.20
  244 N    -2   0   6  -2  -5  -1  -2  -1   3  -4  -3  -1  -1   2  -3  -2  -1   3   3  -4    3   6  38   2   0   2   2   5   6   1   2   3   2   9   1   2   4   3   8   1  0.82 0.53
  245 R    -2   7  -2  -5  -4  -1  -3  -1   0  -1   0   0  -1  -1  -4  -3  -3   3   0  -3    4  48   2   0   0   3   2   5   2   4   9   6   2   2   1   1   1   3   3   2  0.95 0.58
  246 K    -1   7  -4  -5  -7   0   0  -4  -3  -6  -5   3  -6  -6  -6  -4  -3  -4  -5  -5    6  59   1   1   0   4   5   1   1   1   1  14   0   0   0   1   1   0   0   1  1.62 0.86
  247 R     0   3  -5  -6  -3  -2  -4  -1   1  -2   0  -3  -1   5  -6  -2  -3  -1   4  -2   10  18   0   0   1   2   1   5   3   2   7   1   2  25   0   2   2   1  15   2  0.75 0.47
  248 D    -1   4   0   4  -5   1   0  -4   1  -3  -1   1   0  -3  -4  -2  -1   0  -2  -3    6  21   4  21   0   6   5   1   3   2   8   9   2   1   0   2   3   1   1   2  0.45 0.34
  249 A     2   5  -1  -1  -7   2   1  -3   1  -4  -4   2  -3  -5  -5  -2  -2  -1  -4  -4   14  34   3   3   0   8   8   2   3   1   2  13   1   0   0   3   2   1   0   1  0.75 0.50
  250 A     6  -2  -3  -4   0  -4  -4   0  -3  -4  -3  -4  -4  -8  -5   0  -2  -5  -4  -3   68   2   1   1   2   1   1   6   1   1   3   1   0   0   1   7   3   0   1   2  1.38 0.80
  251 Q    -1   5  -2  -5  -1   1  -3  -4   1   2   2   0   2  -3  -6  -2  -2  -6  -5   1    5  27   2   0   1   6   1   1   3  11  16   6   4   1   0   3   2   0   0  10  0.50 0.37
  252 R     3   4  -1   0  -4   1   1  -1  -1  -3  -4   3  -4  -5  -5  -1  -1  -7  -6  -3   21  21   3   5   0   6   8   4   2   2   1  17   0   0   0   3   4   0   0   2  0.54 0.41
  253 K     0   4  -2   0  -4   1   2  -3  -1  -1  -2   1  -2  -1  -4  -2   1  -1  -1  -1    8  24   2   5   0   6  11   1   2   4   5   8   1   3   0   2  11   1   2   5  0.33 0.29
  254 L    -5  -7  -8  -7  -6  -7  -7  -7  -8   3   6  -7   5   0  -8  -6  -4  -3  -3   0    1   0   0   0   0   0   0   0   0  12  60   0  13   3   0   0   1   0   1   7  1.53 0.77
  255 T    -1   3   1   4  -5  -1   1  -3   5  -3  -3  -1  -5  -2  -6  -1  -2  -4  -1  -3    5  18   6  25   0   2   9   2  13   2   3   4   0   2   0   4   2   0   2   2  0.64 0.44
  256 E     2   3  -1   2  -6   1   3   0   0  -5  -5   1  -5  -7  -5   0   0  -5  -6  -5   17  14   3  12   0   7  17   7   2   0   1   7   0   0   0   8   5   0   0   1  0.49 0.39
  257 T     0  -2  -3  -4  -3  -3  -1  -4  -3   3   1  -3   1   3  -5  -3   1  -2   1   2    8   3   1   1   0   1   4   1   1  19  13   1   4  13   0   1   9   1   4  16  0.41 0.29
  258 Y    -1  -7  -7  -6   0  -6  -7  -5  -6   4   1  -6   0   3  -7  -4   0  -6   2   4    5   0   0   0   2   0   0   1   0  25  15   0   2  10   0   1   7   0   6  26  0.87 0.49
  259 M     0   1   0   3  -5   1   1  -1   1  -3  -1  -1   1  -1  -4   0   0  -2   3  -2    8   8   4  17   0   5   7   5   3   1   6   2   4   2   0   7   6   1  11   2  0.24 0.24
  260 E     0   3  -1   3  -6   2   3   1  -2  -6  -6   1  -5  -6  -2   0  -1  -5  -4  -5    8  16   3  14   0   8  17  10   1   0   0   9   0   0   2   7   4   0   1   1  0.49 0.38
  261 I    -1  -4  -4  -7  -3  -3  -2  -7  -2   5   3  -4   3  -2  -6  -5  -2  -1  -3   3    6   1   1   0   1   1   3   0   1  34  21   1   8   2   0   0   2   1   1  17  0.89 0.50
  262 I    -4  -6  -9  -9  -5  -7  -6  -8  -9   8   0  -6   1  -6  -8  -8  -4  -8  -7   3    2   0   0   0   0   0   1   0   0  68   8   0   4   0   0   0   1   0   0  15  2.07 0.94
  263 K     3   2   0   2  -4   2   2  -2   0  -3  -5   1  -4  -6  -1  -1   0  -6  -5  -3   25  13   4  10   0   7  13   3   2   1   1   7   0   0   3   3   5   0   0   2  0.43 0.35
  264 A     2   1  -1   1  -5   3   5  -4   1  -5  -4   1  -4  -5  -5  -1  -2  -5  -4  -4   15   9   3   8   0  11  31   1   3   0   2   7   0   0   0   5   3   0   0   1  0.67 0.48
  265 R    -2   8  -4  -5  -3  -2  -5  -5   3  -7  -5   0  -4  -6  -6  -5  -5  -3   2  -6    3  69   1   1   1   2   1   1   5   0   1   5   0   0   0   1   1   1   7   1  2.00 0.98
  266 R    -3   8  -5  -4  -3   0  -4  -5   0  -3  -4   1  -2  -7  -6  -5  -5  -5  -5  -6    3  70   0   1   1   4   1   1   2   2   2   8   1   0   0   1   1   0   0   1  1.95 0.95
  267 Q     4   3  -1  -1  -5   2   2  -3   0  -5  -4   1  -3  -6  -4  -1  -1  -4  -4  -4   29  18   3   3   0   9  13   2   2   0   2   9   1   0   1   5   3   0   0   1  0.58 0.42
  268 A     2   0   1   1  -3   1   1   0   1  -3  -3   0  -2  -4  -2   2   1  -4  -4  -3   17   5   7   7   0   6   9   6   4   2   3   4   1   1   1  19   7   0   0   2  0.26 0.23
  269 G     0  -1   0  -1  -3  -1   0   4  -2  -4  -2  -2  -3  -4   3   0  -1  -4  -3  -4    7   4   5   4   1   3   6  34   1   1   5   2   1   1  15   6   3   0   1   1  0.51 0.32
  270 S     0   1   1   2  -2   0   2   1  -1  -2  -3  -1  -3  -4   1   0   1  -3  -3  -1    8   8   6   9   1   3  15  12   1   2   2   3   0   0   6   8   9   0   0   6  0.19 0.18
  271 K     0   1  -1   4  -3   1   1   0   0  -3  -3   1  -2  -4   2   0  -1  -3  -4  -3    9   7   2  21   1   6  10   7   2   1   3   7   1   1   9   6   4   0   0   2  0.31 0.23
  272 K     0   2   0   2  -3   1   2   0   1  -3  -2   1  -2  -3   0   0  -1  -2  -2  -2    7   9   3  12   1   6  14   9   3   1   3   8   1   1   5   7   4   1   1   3  0.20 0.15
  273 D     0   1   0   1  -2   1   1   1   2  -2  -2   0  -1  -2   1   0   0  -2  -1  -1    7   7   4  10   1   5   9  10   5   2   5   6   1   2   8   6   6   1   2   4  0.10 0.08
  274 S    -1   1   0   0  -1  -1   1   3   3  -3  -3  -1  -2  -3   2   0   0  -3   0  -2    5   7   4   5   1   3   9  20   9   1   3   4   1   1   9   7   5   0   4   2  0.24 0.19
  275 E    -2   0   1   4  -4   0   1   2   1  -4  -2   0  -3  -5   0  -1   0  -4  -3  -3    3   4   7  24   0   4  10  14   3   1   5   5   0   0   5   4   6   0   1   2  0.37 0.27
  276 D    -4  -3  -2   8  -5  -4  -3  -4  -3  -5  -1  -5  -3  -6  -4  -3  -4  -7  -7  -5    2   1   2  76   0   1   1   2   1   1   6   1   1   0   1   2   1   0   0   1  2.10 0.98
  277 M    -1  -4  -4  -4  -5  -5  -4  -3  -4   1   4  -5   5   2  -6  -3  -3  -3  -3   1    5   1   1   1   0   0   1   2   0   7  45   1  14   7   0   2   2   0   1  11  0.84 0.47
  278 V    -3  -5  -7  -3  -5  -4  -6  -5  -3   1   6  -5   2   2  -5  -4  -3  -6  -4  -1    2   1   0   2   0   1   0   1   1   8  67   0   4   7   1   2   1   0   0   4  1.26 0.64
  279 W     0  -3  -2   1  -5   2  -1   0  -3  -4   0  -3  -1  -4  -3   4   0   2  -3  -4    8   1   1   9   0  10   3   8   0   0  10   1   1   1   1  36   6   3   1   0  0.52 0.43
  280 N     0   0   0   0  -1   0  -2  -3   1   0   2  -2   5  -2  -4  -1   1  -3  -2   0    9   6   4   6   1   3   1   1   3   4  20   1  17   1   0   5   8   0   1   5  0.28 0.26
  281 L    -4  -6  -6  -5  -4  -6  -6  -7  -4   0   6  -6   3   2  -7  -6  -4  -4  -3  -2    1   0   0   1   0   0   0   0   0   3  74   0   7   7   0   0   1   0   1   2  1.59 0.75
  282 M    -2  -3  -4  -4   2  -1  -5  -6  -6   2   4  -4   6  -2  -6  -3  -3  -5  -5   1    4   1   1   1   4   3   0   0   0  12  42   1  19   1   0   2   1   0   0   7  0.93 0.51
  283 S     2   1   1   2  -2   1   1  -1   2  -2  -1  -1   0  -3  -3   1   0  -3  -2  -2   17   7   7  10   1   7   9   5   5   2   8   3   2   0   0   8   6   0   1   1  0.17 0.18
  284 C     5  -2  -3  -3   2  -1  -1  -2  -2  -3  -2  -3  -1  -3  -3   2   0  -6  -3  -1   49   3   1   2   4   3   4   2   1   1   4   1   1   1   1  13   5   0   1   4  0.69 0.48
  285 V     0   5  -2   0  -2   2   0  -3   0  -3  -3   2  -2  -3  -2   0   1  -5  -3  -1    6  30   1   4   1   7   7   1   3   1   3  11   1   1   2   5   9   0   1   6  0.46 0.34
  286 Y    -2  -3  -1   6  -4  -2   0  -3   0  -5  -3  -3  -2  -3  -2  -1  -2  -3   5  -4    3   1   2  45   0   2   6   2   2   1   2   1   1   1   2   4   3   0  19   1  1.05 0.60
  287 K     0   0  -1   2  -5   0   5  -1  -1  -3  -4   2  -4  -6   1  -1  -2  -4  -5  -4    7   5   2  13   0   3  33   4   1   2   2  13   0   0   8   4   2   0   0   1  0.59 0.41
  288 N    -1  -2   3   6  -5   0   3   0   1  -5  -5  -2  -6  -7  -2  -1  -1  -4  -6  -6    4   2  11  38   0   3  17   7   3   0   1   2   0   0   2   4   5   0   0   0  0.87 0.52
  289 G    -1  -3  -1   1  -6  -3  -1   6  -2  -6  -6  -3  -6  -6  -3  -1   2  -6  -5  -5    4   1   3   7   0   1   4  56   1   0   1   2   0   0   2   5  13   0   0   1  1.13 0.60
  290 T     0   2   0   1  -5   2   3   0   0  -3  -4   0  -3  -5  -2   1   1  -5  -3  -2    9  13   5   6   0   8  20   6   2   1   1   4   1   0   2   8   9   0   1   3  0.32 0.27
  291 P     1   2  -3  -2  -2   0  -2   3  -1  -5  -4   0  -2  -4   4   0  -1  -1  -2  -3   11  10   1   2   1   3   3  21   2   0   2   5   1   1  24   6   3   1   1   2  0.51 0.36
  292 V    -3  -5  -7  -6  -6  -5  -6  -6  -5   0   4  -5   7   2  -4  -5  -2   0  -3   0    2   1   0   0   0   0   0   1   0   4  42   0  30   8   1   0   3   1   1   5  1.34 0.68
  293 P    -2  -4  -1   2  -6  -3  -3  -3  -6  -6  -7  -4  -6  -5   2   5   5  -7  -6  -6    2   1   2  10   0   1   1   2   0   0   0   1   0   1   8  37  32   0   0   0  1.13 0.71
  294 D    -2   0  -1   7  -8  -3   2  -5  -2  -5  -4  -4  -1  -6  -1  -3  -3  -8  -5  -3    3   5   3  61   0   1  12   1   1   1   2   1   1   0   3   1   1   0   0   2  1.48 0.76
  295 E     0   2  -1   2  -5   3   3  -2   0  -4  -3   1  -3  -6  -3  -1   0  -3  -4  -2    9  12   3  10   0  13  22   3   3   1   2   9   0   0   1   4   7   0   0   3  0.43 0.34
  296 E    -2  -3  -3   2  -6   6   6  -4  -1  -4  -4  -3  -5  -7  -6  -4  -2  -3  -5  -4    3   1   1   9   0  31  42   1   1   1   2   1   0   0   0   0   2   0   0   2  1.32 0.76
  297 I    -2  -6  -7  -8  -4  -7  -7  -8  -8   6   4  -7  -1  -4  -6  -6  -5  -4  -6   4    3   0   0   0   0   0   0   0   0  39  32   0   1   0   0   0   0   0   0  23  1.41 0.68
  298 A     2   6  -4  -5   0  -2  -3  -4   3   0  -2  -1  -2  -4  -5  -2   0  -6  -3   1   15  41   0   0   2   2   2   1   6   6   5   3   1   1   0   2   5   0   1   9  0.79 0.51
  299 H    -2  -4   1   7  -5  -4   1   1   3  -8  -8  -5  -6  -7  -6  -2  -4  -8  -4  -7    4   1   6  59   0   0   7  10   7   0   0   0   0   0   0   3   1   0   1   0  1.59 0.80
  300 M    -4  -4   1  -3  -7   4   6  -6   4  -1  -1  -3   3  -7  -6  -4  -5  -4  -5  -5    1   0   6   1   0  18  45   0   8   5   8   1   7   0   0   1   0   0   0   0  1.20 0.72
  301 M     1  -6  -6  -5   0  -6  -6  -6  -6   3   2  -6   5  -1  -6  -3  -1  -4  -5   4   11   0   0   1   2   0   0   0   0  13  20   0  14   3   0   2   3   0   0  31  0.89 0.51
  302 I    -2  -4  -3  -1  -3  -3  -6  -6  -5   5   2  -3   6  -1  -6  -4  -1  -3  -3   2    2   1   1   5   0   1   0   0   0  29  18   2  17   2   0   1   3   0   1  14  0.83 0.48
  303 A     2  -6  -1  -5  -4  -4  -4   0  -3  -1  -2  -5  -3   0  -6   0   6  -4  -6  -2   14   0   3   0   0   0   1   8   1   3   4   0   0   5   0   6  51   0   0   3  1.02 0.65
  304 L    -3  -5  -6  -8  -5  -5  -7  -7  -6   2   4  -6   4   5  -7  -5  -2  -3  -2   0    2   1   0   0   0   0   0   0   0  11  42   0  11  23   0   1   2   0   1   6  1.19 0.61
  305 L    -5  -7  -6  -8  -4  -6  -7  -7  -6   1   5  -7   5   5  -6  -6  -3  -2   0   0    0   0   0   0   0   0   0   0   0   8  47   0  13  20   0   0   1   1   3   6  1.29 0.65
  306 M    -1  -6  -4  -7  -5  -4  -6  -3  -4   2   3  -6   5   5  -6  -3  -1   0  -2   1    5   0   1   0   0   0   0   2   0  10  25   0  13  26   0   1   3   1   1  10  0.89 0.49
  307 A     7  -7  -7  -7  -6  -5  -2   1  -7  -6  -6  -6  -6  -8  -5  -3  -2  -8  -7  -4   80   0   0   0   0   0   3  10   0   0   1   0   0   0   0   1   2   0   0   1  1.91 0.96
  308 G     1  -8  -5  -7  -4  -7  -8   7  -8  -9  -9  -7  -8  -9  -8  -2  -7  -3  -8  -8   11   0   0   0   0   0   0  85   0   0   0   0   0   0   0   3   0   0   0   0  2.43 1.07
  309 Q    -3  -4  -4  -6  -8   3  -4  -5   9  -3  -5  -3  -3  -1  -7  -1   1  -7   2  -3    3   1   1   0   0  14   0   1  53   2   1   2   1   2   0   4   7   0   7   2  1.89 0.90
  310 H    -4  -4  -5   4  -9  -2   6  -5   6  -8  -7  -4  -6  -5  -4  -5  -6  -8  -6  -7    1   1   0  23   0   1  56   1  15   0   0   0   0   0   1   0   0   0   0   0  1.89 0.94
  311 S    -3  -7  -2  -7  -7  -6  -6  -6  -8  -6  -6  -6  -5  -8  -4   0   8  -8  -8  -5    2   0   2   0   0   0   0   1   0   0   0   0   0   0   1   6  87   0   0   0  2.51 1.20
  312 S    -2  -6  -4  -6  -4  -5  -6  -5  -7  -3  -5  -6  -6  -7  -3   4   7  -8  -7   0    3   0   1   0   0   0   0   0   0   1   1   0   0   0   2  25  61   0   0   6  1.69 0.92
  313 S     6  -5  -4  -6  -4  -5  -5  -1  -6  -5  -6  -5  -4  -6  -4   4   1  -7  -5  -3   57   0   0   0   0   0   0   4   0   0   0   0   0   0   1  25   9   0   0   1  1.37 0.78
  314 S     2  -3   3  -2  -2  -3  -3  -1   0   1   0  -3  -1  -4  -4   3   2  -5  -3   0   15   1  15   1   1   1   0   4   2   7   8   1   1   0   0  20  14   0   1   6  0.37 0.33
  315 T     4  -5  -4  -5  -2  -1  -5  -1  -2  -2  -1  -5  -1  -6  -5   1   5  -4  -6   0   36   0   0   0   1   3   0   5   1   2   5   0   1   0   0   9  30   0   0   5  0.85 0.57
  316 A    -1  -6  -6  -7  -3  -5  -6  -3  -6   1   5  -6   3  -3  -6   0  -2  -6  -5  -1    5   0   0   0   1   0   0   2   0   7  61   0   7   0   0   9   3   0   0   4  1.14 0.62
  317 S     3  -5  -2  -5   2  -4  -5  -2  -6  -4  -4  -5  -3  -5  -5   4   5  -7  -6  -2   25   0   2   0   3   0   0   3   0   1   2   0   1   1   0  26  33   0   0   3  1.04 0.65
  318 W    -5  -7  -4  -9  -6  -8  -8  -6  -4  -5  -6  -9  -2   3  -9  -2  -5  12   1  -6    1   0   1   0   0   0   0   1   0   1   1   0   1   9   0   3   1  75   4   1  3.78 1.45
  319 I     4  -5  -4  -6   0  -5  -5  -4  -6   1   0  -5   1  -1  -5  -1   5  -2  -5   0   29   0   0   0   2   0   0   1   0   6  11   0   4   3   0   3  33   1   0   7  0.82 0.54
  320 V    -3  -6  -6  -7   1  -6  -6  -1  -5   1   4  -6   3   4  -7  -3  -3   7  -2   0    2   0   0   0   3   0   0   6   0   6  40   0   6  15   0   2   1  13   1   6  1.00 0.54
  321 L    -1  -3  -4  -3  -2  -3  -4  -5   6  -1   1  -2   0   2  -6  -3  -3   3   7  -2    6   1   1   1   1   1   1   1  17   4  14   3   3   8   0   2   1   3  32   2  0.99 0.55
  322 R    -1   0  -2  -3   1  -1   2  -5   2  -2   4  -4   1   0  -5  -3  -3  -1   1  -2    4   5   2   2   3   3  14   0   6   1  44   0   2   4   0   1   1   1   5   3  0.58 0.41
  323 L    -5  -6  -8  -8  -6  -7  -8  -8  -7   1   6  -7   1  -3  -6  -7  -4  -7  -6  -1    1   0   0   0   0   0   0   0   0   8  83   0   3   1   0   0   1   0   0   3  1.93 0.88
  324 A     5  -5  -4  -1  -2  -4  -4   2  -1  -3   0  -5  -2  -5  -5   3  -1  -6  -6  -3   44   0   1   4   1   0   0  14   2   1  10   0   1   0   0  18   3   0   0   1  0.81 0.54
  325 T    -1   4   0  -1  -2   4   1  -3   1  -4  -2   1  -2  -6  -5   0   0  -4  -4  -4    5  25   4   4   1  20   8   1   3   1   5   7   1   0   0   8   6   0   0   1  0.56 0.41
  326 R    -4   1   4   0  -5  -2  -2  -6   9  -7  -6  -3  -4  -2  -7  -4  -4  -5   1  -7    1   7  19   5   0   2   2   0  52   0   1   1   0   2   0   1   1   0   4   0  2.00 0.91
  327 P    -3  -2  -7  -5  -6  -1  -4  -5  -3  -6  -7  -2  -7  -9   8  -3  -4  -9  -7  -6    2   2   0   1   0   3   1   1   1   0   0   3   0   0  80   2   1   0   0   1  2.54 1.14
  328 D     0  -1  -2   5  -7   0   5  -2   2  -7  -6   0  -6  -7  -5  -2  -2  -2  -4  -4    8   4   2  27   0   4  35   3   5   0   1   4   0   0   0   2   3   1   0   1  0.95 0.57
  329 I     1  -4  -6  -6   0  -2  -2  -6  -1   4   0  -3  -1  -1  -5  -4  -2   5   1   5   10   1   0   0   2   2   3   0   2  21   6   1   1   2   0   1   2   7   4  36  0.80 0.47
  330 M     1   2  -4  -3  -2   5   3  -4  -2  -3   1  -2   1  -2  -5  -4  -3  -1   1  -1   10  10   0   1   1  25  18   1   1   1  14   2   3   2   0   0   1   1   4   5  0.53 0.43
  331 E     3   2  -2   3  -5   3   4  -3   0  -5  -5   0  -4  -6  -3  -2  -2  -7  -6  -5   22  11   2  14   0  12  25   1   2   1   0   4   0   0   1   2   2   0   0   0  0.70 0.49
  332 E     1   6  -3  -3  -5   1   1  -5  -2  -5  -4   4  -4  -7  -5  -3  -3  -4  -6  -4   12  43   1   1   0   5   8   0   1   0   2  21   0   0   0   1   1   0   0   1  1.15 0.65
  333 L     1  -6  -7  -7   0  -6  -7  -6  -7   1   5  -6   1  -1  -7  -5  -4  -5  -5   4   10   0   0   0   2   0   0   0   0   8  47   0   3   2   0   0   1   0   0  27  1.13 0.60
  334 Y    -1   4  -4  -4  -3   2  -1  -5   5  -2   0  -2  -2  -2  -6  -3  -2  -1   4   0    5  26   0   1   1   8   4   0  15   2   9   1   1   1   0   1   3   1  12   8  0.65 0.44
  335 Q     4   0  -2   2  -3   3   4  -4   0  -5  -5   0  -5  -6  -5  -1  -1  -6  -5  -5   29   6   1  12   0  12  23   1   2   0   1   5   0   0   0   3   4   0   0   0  0.71 0.50
  336 E    -6  -5  -6  -3  -9  -3   8  -7  -4  -9  -8  -5  -8  -7  -7  -6  -6  -8  -8  -8    0   0   0   1   0   1  96   0   0   0   0   0   0   0   0   0   0   0   0   0  2.94 1.31
  337 Q     0  -4  -5  -6  -2   4  -4  -6  -2   3   3  -5  -1  -4  -6  -3  -3  -2  -3   4    8   0   0   0   1  18   0   0   1  16  23   0   1   0   0   1   1   1   1  25  0.77 0.49
  338 I     0   1  -1   6  -4   1   1  -4   0  -3  -2   1  -1  -5  -5  -2  -1  -6  -5  -2    7   8   2  40   0   5   8   1   2   2   4   9   2   0   0   3   3   0   0   3  0.70 0.45
  339 R     2   2  -1   1  -4   2   3  -1  -1  -5  -5  -1  -3  -5  -4   1   1  -5  -5  -4   19  12   2   7   0   7  21   4   1   0   1   3   0   0   0  11  10   0   0   1  0.48 0.38
  340 V     0  -4  -3  -4  -3  -2  -3  -4  -1   2   0  -3  -1  -2  -5  -4  -1  -4  -4   6    7   1   2   1   1   2   2   1   1  11   7   2   1   2   0   1   4   0   0  54  0.95 0.51
  341 L    -1  -3  -4  -3   0  -4  -3  -4  -3   0   5  -4   1   2  -4  -4  -2   0  -1   0    5   2   1   2   2   1   2   1   1   5  54   1   3   9   1   1   3   1   1   6  0.75 0.42
  342 G     1  -2  -1  -1  -3   0  -2   6  -1  -4  -4  -1  -3  -4  -1  -1  -3  -4  -4  -3   11   2   3   4   0   4   3  52   1   1   2   4   1   1   4   4   1   0   1   2  0.85 0.45
  343 S    -1  -1   1   3  -4  -1   0   4  -2  -4  -4  -1  -3  -5  -1   1  -1  -4  -4  -4    5   3   6  18   0   2   7  35   1   1   2   3   1   0   3   8   3   0   0   1  0.60 0.36
  344 D    -1   5   0   3  -4   0   1   0   1  -4  -4   0  -3  -4  -2   0  -2  -5  -2  -4    4  33   4  14   0   3   8   9   3   1   1   4   0   1   3   6   2   0   2   1  0.57 0.36
  345 L     1   0   0   1  -2   0   0   1   0  -1   0   0   0  -2   1   0   1  -2  -2  -1   11   4   3   8   0   3   5  12   2   3  12   6   2   2   8   5   9   1   1   5  0.07 0.06
  346 P     0   2  -1   0  -3   0   0   0  -2  -4  -4  -1  -3  -4   6  -1  -1  -3  -3  -2    7  10   3   5   1   4   7   6   1   1   2   3   1   1  39   3   3   0   1   2  0.77 0.39
  347 P     0   0  -2   1  -3   0   1   0  -1  -2  -2  -1  -2  -3   5  -1   0  -3  -2  -2    8   6   2   9   1   4  10   7   1   2   4   4   1   1  26   5   5   0   1   3  0.39 0.22
  348 L     1  -2  -2  -2  -1  -2  -2  -2  -3   2   3  -2   1   0   1  -2  -1  -2  -2   2   13   2   1   2   1   1   2   4   1  11  28   2   3   3   7   2   2   0   1  13  0.25 0.16
  349 T    -1  -1   0   1  -2  -1   0  -1  -3  -4  -4  -2  -3  -4  -3   1   6  -4  -4  -3    4   4   5   9   1   2   5   4   1   1   1   2   0   1   1  12  45   0   0   2  0.76 0.46
  350 Y     1  -3  -3  -3  -3  -3  -3  -2   2   0   1  -3   1   4   0  -2  -2   5   5   0   10   1   1   1   0   1   1   3   4   4  11   1   4  15   5   2   2   7  17   7  0.46 0.29
  351 D     2  -1  -1   4  -5   0   5  -2  -1  -6  -5  -1  -5  -5  -4  -1  -3  -6  -5  -5   19   3   3  22   0   3  33   3   2   0   1   3   0   0   1   5   1   0   0   1  0.83 0.51
  352 N    -1  -3  -1   7  -6   0  -1  -3   3  -3  -5  -2  -2  -5  -5  -2  -1  -5  -6  -3    5   1   2  59   0   4   3   2   7   2   1   2   1   0   0   3   4   0   0   2  1.32 0.69
  353 L    -3  -5  -7  -6  -4  -5  -6  -7  -4   2   6  -6   1   0  -5  -5  -3  -3   0   2    3   1   0   0   0   0   0   0   0   8  63   0   2   3   1   1   2   0   4  12  1.20 0.61
  354 Q     1   2   0   1  -4   1   1   0   0  -4  -3   1  -2  -4   4   0  -2  -6  -4  -4   12  10   4   8   0   7   8   7   2   0   3   9   1   1  21   6   1   0   0   1  0.41 0.31
  355 K     0   4   1   0  -6   3   2  -1   1  -6  -5   3  -5  -5  -4   0  -3  -5  -5  -5    7  22   6   5   0  11  13   4   3   0   1  19   0   0   0   7   1   0   0   0  0.63 0.43
  356 L    -5  -6  -5  -7  -1  -5  -6  -8  -4  -2   6  -7   6  -2  -4  -7  -5  -6  -4  -3    1   0   1   0   1   0   0   0   0   1  72   0  17   2   1   0   0   0   0   1  1.80 0.84
  357 D    -2   1  -2   0  -4  -1   2  -3  -1  -5  -4   2  -4  -6   5  -1   2  -6  -5  -1    3   7   2   6   0   2  11   2   2   0   1  10   0   0  32   4  13   0   0   4  0.71 0.46
  358 L    -3  -2  -6  -5  -1  -3  -3  -6   1  -3   2  -3  -2   2  -6  -4  -1   1   8  -1    2   3   0   1   1   2   1   0   3   1  18   1   1   7   0   1   3   2  47   5  1.32 0.68
  359 H    -1  -6  -4  -6   0  -4  -6  -5   0  -1   4  -6   1  -4  -5  -2   5  -6  -5  -1    6   0   1   0   2   0   0   1   2   2  38   0   3   1   0   3  40   0   0   3  1.09 0.65
  360 A    -1   4   0   2  -4   1   3   0   2  -5  -3   0  -2  -4  -4   0   0   2  -2  -4    4  20   4  12   0   4  21   6   5   0   3   4   1   1   0   6   5   3   1   1  0.46 0.35
  361 K     2   4   2  -5   2   4  -4  -4   1  -5  -3  -1   4  -4  -5  -1  -4   2  -2  -4   18  24   8   0   4  16   0   1   3   0   2   3  10   1   0   4   0   3   2   0  0.72 0.51
  362 V     0  -7  -6  -7   5  -7  -7  -6  -7   2  -2  -7  -3  -1  -7  -4  -1  -7  -6   7    7   0   0   0  10   0   0   0   0   9   3   0   0   3   0   1   3   0   0  63  1.55 0.76
  363 I    -2  -6  -7  -7  -2  -6  -6  -6  -7   5   2  -6   1   3  -7  -6  -4  -2  -3   4    4   0   0   0   1   0   0   0   0  36  20   0   3  10   0   0   1   1   0  25  1.15 0.57
  364 K    -2   2   0   1  -3   2   0  -5  -1  -4  -2   5  -2  -5  -5  -1   1  -3  -4  -4    4   9   4   8   1  10   6   0   1   1   4  37   1   0   0   4   8   0   0   1  0.67 0.45
  365 E    -7  -6  -6  -4  -9  -4   8  -8  -6  -9  -9  -5  -8  -9  -7  -6  -7  -9  -8  -8    0   0   0   0   0   0  98   0   0   0   0   0   0   0   0   0   0   0   0   0  3.10 1.36
  366 T     3  -6  -5  -6  -2  -4  -5  -3  -6  -3  -5  -5  -4  -6  -5   3   5  -7  -6   1   25   0   0   0   1   0   0   2   0   1   1   0   0   0   0  22  38   0   0   9  1.14 0.70
  367 L    -5  -7  -7  -8  -5  -3  -1  -7  -5  -1   6  -7   7  -3  -7  -6  -4  -4  -6  -3    0   0   0   0   0   1   4   0   0   3  65   0  22   1   0   0   1   0   0   1  1.75 0.84
  368 R    -7   9  -6  -8  -9  -5  -6  -7  -6  -9  -8  -4  -7  -9  -6  -7  -7  -8  -8  -8    0  98   0   0   0   0   0   0   0   0   0   0   0   0   0   0   0   0   0   0  3.35 1.38
  369 L    -5  -2  -7  -8  -3  -5  -7  -8  -3   1   6  -4   4  -3  -7  -7  -6  -6  -4  -1    1   2   0   0   1   0   0   0   1   6  73   1  10   1   0   0   0   0   1   4  1.63 0.78
  370 H    -4   1  -3  -6  -1  -3  -6  -7   7  -3  -3  -4  -2   2  -7  -4  -4   0   8  -4    1   7   1   0   1   1   0   0  20   2   2   1   1   6   0   1   1   1  51   1  1.92 0.89
  371 A    -2  -7  -4  -7  -5  -6  -6  -4  -4  -8  -8  -6  -5  -8   8   0  -1  -5  -8  -7    4   0   1   0   0   0   0   1   1   0   0   0   0   0  80   7   3   0   0   0  2.61 1.16
  372 P     0  -7  -6  -7  -7  -4  -6  -5  -5  -3  -7  -6  -5  -6   8   0  -2  -8  -7  -1    6   0   0   0   0   1   0   1   0   2   0   0   0   0  74   8   3   0   0   4  2.26 1.05
  373 I     4  -5  -4  -5  -4  -4  -5   0  -6   2   1  -5  -2  -2  -4  -2  -1  -6  -5   4   31   0   1   0   0   0   0   6   0  13  11   0   1   2   1   3   4   0   0  28  0.70 0.45
  374 H    -2  -6  -4  -5  -7  -2  -6  -3   4  -1  -4  -6  -2   0   4  -2  -3  10   2  -3    3   0   1   1   0   2   0   2   8   4   2   0   1   4  19   4   2  39   6   2  1.75 0.83
  375 S     0  -4  -2  -4  -3  -1  -3   0  -2   2   2  -4   4   2  -5   1   0  -1  -2   1    8   0   1   0   0   2   1   9   1  11  17   0  13   8   0  10   6   1   1  10  0.31 0.27
  376 I    -2  -6  -4  -6  -5  -3  -5  -2  -4   4   3  -5   3   3  -6  -2   0  -3  -1   2    3   0   1   0   0   1   0   3   0  23  28   0   6  12   0   2   7   0   2  11  0.67 0.40
  377 I     0  -3  -2  -3  -4  -3  -3   1  -4  -1  -1  -4   5   3   2   1   2  -2  -1  -1    9   1   2   1   0   1   1  11   0   2   6   0  14  11  10  10  14   0   2   4  0.35 0.32
  378 R    -7   9  -7  -8 -10  -5  -6  -8  -4  -9  -8  -3  -8  -9  -7  -7  -7  -9  -6  -8    0  98   0   0   0   0   0   0   0   0   0   0   0   0   0   0   0   0   0   0  3.34 1.39
  379 A    -2   3  -2  -1  -1   2   2  -2   0  -1  -2   2   0  -3  -4  -1   1  -1   0   1    3  18   1   3   1   8  12   2   2   3   3  14   3   1   0   4   9   1   3   9  0.27 0.25
  380 V     4  -5  -4  -6   0  -5  -5  -5  -6  -1  -1  -5  -3  -5   0   0   3  -7  -5   3   39   0   1   0   2   0   0   0   0   2   6   0   0   0   5   7  15   0   0  21  0.84 0.56
  381 K     0   1  -2  -2  -3  -1  -1  -3   0   2   1   1   1  -3  -4  -1   3  -5  -4   2    7   6   2   1   0   2   4   1   3  10  15   9   3   0   0   3  19   0   0  15  0.25 0.24
  382 N     1   2   0  -1  -3   2   4  -2  -1  -5  -5   2  -4  -6  -5   0   1  -6  -4  -2   13  12   4   3   0   9  25   2   2   0   0  11   0   0   0   6   9   0   0   4  0.50 0.39
  383 P    -1  -4  -2   7  -6  -3   2  -3  -2  -7  -7  -4  -7  -8   4  -2  -1  -5  -7  -7    7   1   1  50   0   1  11   2   1   0   0   1   0   0  19   3   3   0   0   0  1.37 0.73
  384 M    -2  -3  -4   3   3  -2  -3  -4  -3   1   0  -4   2   3  -5  -3   2  -4  -1   3    2   1   0  17   5   1   1   1   1   8   7   1   5  12   0   1  14   0   2  22  0.48 0.35
  385 A    -2   1  -2   0  -2   1   5  -5  -1  -3  -4  -1  -2  -5   0  -1   2  -5  -4   1    4   7   1   5   1   4  35   0   1   1   1   4   1   0   5   4  14   0   0   9  0.58 0.43
  386 V    -4  -6  -6  -7  -3  -6  -7  -7  -4   4   4  -6  -1   2  -6  -6  -3  -1   2   3    1   0   0   0   0   0   0   0   0  24  35   0   1   7   0   0   1   1   6  21  1.05 0.55
  387 D     1  -1   0   2   0   0   1   4  -1  -4  -3  -1  -2  -4   1  -1  -2  -4  -4  -3   11   2   5  13   2   3  10  28   2   1   3   4   1   1   6   3   1   0   0   1  0.39 0.26
  388 G    -3  -4  -1  -2  -4  -4  -3   7  -3  -5  -3  -3  -3  -3  -4  -2  -3  -2  -4  -4    2   1   3   3   1   1   2  72   1   1   3   1   1   1   1   3   2   1   1   1  1.56 0.64
  389 T    -1   0   0  -1   0   0  -1   2   0  -1  -1   0  -1  -1  -1   0   1  -1  -1   0    4   6   4   3   2   4   4  21   3   3   6   7   1   2   3   6   9   1   2   9  0.09 0.06
  390 S     0   0   1   2  -1   1   1   0   0  -1  -1   0  -1  -1   2   0   0  -1  -1  -1    5   5   6  12   1   5  12   6   2   3   5   5   1   2   9   7   6   1   2   4  0.11 0.05
  391 Y    -4  -3  -4  -5  -3  -4  -4  -4   5  -2  -2  -4  -3   3  -5  -4  -3   3   8  -2    2   1   1   1   1   1   1   1  12   3   4   1   1  11   1   1   1   3  51   3  1.66 0.68
  392 V    -1   4  -2   0  -2   0   0  -4   3   0  -1  -1  -2  -1  -1  -1   2  -3  -1   1    4  21   1   5   1   4   6   1   8   4   6   3   0   2   4   3  12   0   2  12  0.26 0.23
  393 I    -5  -7  -7  -7  -5  -7  -7  -7  -7   7   2  -7  -1  -2  -7  -6  -5  -6  -5   3    1   0   0   0   0   0   0   0   0  55  20   0   1   2   0   0   0   0   0  19  1.66 0.74
  394 P    -2  -2  -7  -5  -8  -5  -2  -4  -4  -8  -8  -1  -6  -9   8  -4  -4  -9  -7  -7    4   3   0   0   0   1   3   1   0   0   0   4   0   0  80   1   1   0   0   0  2.56 1.16
  395 T     5   1  -4  -4  -6  -1   0  -2  -4  -5  -6   4  -4  -7   2  -2  -2  -7  -6  -3   43   6   1   0   0   2   6   2   0   1   0  25   0   0   8   2   2   0   0   1  0.95 0.61
  396 S    -5  -3   1   0  -8  -5  -4   7  -2  -9  -9  -3  -8  -9  -7  -3  -5  -8  -8  -9    0   2   6   5   0   0   1  80   1   0   0   1   0   0   0   2   1   0   0   0  2.12 0.96
  397 H     2  -3  -2  -1  -1  -2  -2  -3   4  -4  -5  -3  -2  -5  -5   3   5   5  -3  -2   16   1   2   4   2   2   2   1   9   1   0   1   1   0   0  18  30   8   0   3  0.80 0.55
  398 N    -1  -1   1   0  -3   0   0  -2  -1   1   0  -1   2   0  -1   0   2   0   1   0    3   3   8   5   0   4   7   2   1   9   8   4   6   3   3   6  16   1   6   7  0.09 0.14
  399 V    -3  -7  -7  -8  -1  -7  -7  -8  -7   4   2  -7   0  -1  -7  -6  -2  -5  -4   6    2   0   0   0   1   0   0   0   0  18  18   0   2   2   0   0   2   0   0  54  1.42 0.69
  400 L     1  -3  -2  -4   0  -2  -4  -3  -1   2   2  -4   4   2  -4  -2  -1   1   0   2   12   1   2   0   2   1   0   2   1  12  21   0  12   9   1   3   4   2   3  12  0.40 0.29
  401 S     0  -5  -6  -6   0  -4  -5  -5  -4   3   2  -5   2   2  -2  -2  -2   2   3   3    9   0   0   0   2   0   0   1   0  18  17   0   5   9   2   3   2   3  10  18  0.57 0.36
  402 S     1  -4   0  -3   3  -3  -5  -4  -2  -3  -3  -5  -2  -2   1   6  -2  -3  -3  -2   10   1   4   1   6   1   0   1   1   2   3   0   1   2   6  55   2   0   1   3  0.98 0.65
  403 P    -2  -5  -5  -6  -5   2  -6  -5  -5   2  -3  -6  -2  -2   7  -2   0  -8  -4  -1    4   0   1   0   0  10   0   1   0  11   3   0   1   2  53   3   5   0   1   4  1.44 0.77
  404 G     0  -2  -3  -5  -1  -3  -5   0   2  -2  -2  -6  -2   1  -3  -3  -2   7   7  -3    7   2   1   1   1   1   1   8   4   2   4   0   1   5   1   2   3  14  41   2  1.24 0.67
  405 V     2  -3  -2  -3  -2  -3  -3  -1   0   1   1  -3   0   0  -4  -2   0  -3  -1   4   16   1   2   2   0   1   1   4   2   7  15   1   2   4   0   3   6   0   2  30  0.35 0.28
  406 T     0  -5  -1  -5  -3  -3  -5  -5  -4   2   2  -5   3  -4  -5   1   4  -6  -5   1    7   0   4   0   0   1   0   0   0  12  22   0   7   0   0  11  25   0   0  10  0.62 0.44
  407 A    -2  -5   0  -7  -6   3  -6  -3  11  -9  -7  -6  -1  -6  -7  -4  -7  -8  -4  -9    3   1   4   0   0  12   0   2  75   0   0   0   1   0   0   1   0   0   0   0  3.10 1.27
  408 R    -5   8  -3  -4  -8  -2  -5  -7   6  -4  -3  -1   1  -6  -7  -5  -3  -5  -2  -4    0  65   1   1   0   1   0   0  16   1   2   2   4   0   0   0   2   0   2   1  1.95 0.93
  409 S    -5   1   3   5  -4  -2  -3  -5   5  -3   0  -4   2  -6  -6   0  -4  -4  -5  -4    0   8  11  36   0   1   0   0  14   1  12   1   5   0   0   7   1   0   0   1  0.97 0.58
  410 E     0  -3  -5  -1  -8  -3   2  -3  -4  -7  -7  -3  -7  -8   7  -1  -4  -8  -6  -7    9   2   0   4   0   1  13   2   0   0   0   1   0   0  61   5   1   0   0   0  1.77 0.89
  411 E     0   4  -1   4  -5   0   3  -2   0  -6  -5   1  -5  -6  -4  -2  -1  -6  -2  -4    9  23   2  20   0   3  22   3   2   0   1   6   0   0   1   3   3   0   2   1  0.69 0.46
  412 H    -4  -4  -4  -5  -2  -4  -5  -7   3   2   2  -5  -3   4  -6  -3  -3   6   5   2    1   1   1   0   1   1   0   0   6  12  16   0   0  16   0   2   2   9  19  14  0.90 0.50
  413 F    -8  -7  -9  -7  -5  -8  -8  -9   0  -6  -6  -8  -6   7  -9  -8  -8  10   6  -7    0   0   0   0   0   0   0   0   2   0   0   0   0  38   0   0   0  37  21   0  2.97 1.20
  414 P    -1  -1  -2   3  -7  -1   2  -5  -1  -6  -6   1  -4  -6   6   0   0  -7  -6  -4    6   3   2  13   0   3  12   1   1   0   0   7   0   0  39   6   6   0   0   1  1.01 0.59
  415 N    -1   0   4   6  -6   0   3  -5   0  -6  -7  -2  -5  -7  -6  -1  -4  -8  -4  -6    5   4  18  40   0   4  18   0   3   0   0   2   0   0   0   3   1   0   1   0  1.18 0.65
  416 P     0  -7  -7  -7  -9  -7  -7  -6  -5  -9  -9  -5  -8  -9   9  -5  -7  -4  -9  -6    8   0   0   0   0   0   0   0   0   0   0   1   0   0  89   1   0   0   0   0  3.11 1.34
  417 L    -2  -2   0   4  -6   0   5  -3   2  -6   0  -1   0  -4  -4  -3  -1  -4  -4  -5    3   1   4  22   0   3  37   2   4   0  11   3   2   1   0   1   4   0   1   0  0.81 0.52
  418 E     1   5  -3  -1  -3   0   2  -3  -2  -3  -3   2  -3  -4  -5   0   1  -5  -5   0   11  28   0   3   0   4  12   2   1   1   2  10   0   0   0   5  10   0   0   9  0.48 0.37
  419 W    -8  -8  -9  -9  -8  -9  -9  -9  -7  -6  -5  -9  -6   9  -9  -8  -8   5   3  -7    0   0   0   0   0   0   0   0   0   0   1   0   0  85   0   0   0   6   7   0  3.25 1.26
  420 N    -5   2   2   7  -5  -1   0  -6  -4  -3  -3  -1  -3  -6  -6  -4  -4  -2  -3  -4    1  12   9  59   0   2   4   0   0   2   3   3   1   0   0   0   1   1   1   1  1.49 0.75
  421 P    -6  -7  -8  -8  -9  -6  -7  -8  -8  -7  -7  -7  -9  -8   9  -7  -6 -10  -9  -8    0   0   0   0   0   0   0   0   0   0   0   0   0   0  97   0   0   0   0   0  3.58 1.47
  422 H    -2  -4  -1   6  -4  -1   5  -2   2  -7  -4  -3  -3  -5  -5   0  -2  -7  -2  -6    3   1   2  36   0   2  33   3   5   0   2   1   1   0   0   7   2   0   1   0  1.11 0.63
  423 R    -7   9  -3  -7  -4  -5  -6  -8  -2  -9  -8  -4  -7  -8  -8  -7  -7  -8  -7  -8    0  96   1   0   1   0   0   0   1   0   0   0   0   0   0   0   0   0   0   0  3.22 1.32
  424 W    -8  -8  -8  -9  -8  -8  -7  -7  -5  -7  -6  -8  -4   8  -6  -8  -7  10   0  -7    0   0   0   0   0   0   0   0   0   0   0   0   0  55   1   0   0  40   2   0  3.31 1.27
  425 D     0  -1  -1   2  -3  -1   1  -1   0  -1   2  -2   0  -2  -3   1   1  -4  -3  -2    9   2   3  11   0   3   8   4   2   2  26   2   2   1   1  12  10   0   1   2  0.19 0.20
  426 E    -1  -2   0   2  -4  -1   1   0  -2  -4  -3  -1  -4  -4   6  -1  -1  -4  -4  -2    4   3   4  13   0   3   9   6   1   1   3   4   0   1  37   4   4   0   1   3  0.74 0.39
  427 N    -1  -1   0   3  -3   0   5   1  -2  -3  -3  -1  -3  -3   0  -1  -1  -3  -3  -3    5   3   5  15   0   4  34  10   1   2   2   4   1   1   5   3   3   0   1   2  0.50 0.28
  428 I     1   4   2   0  -2   0  -1   0   0  -2  -2   0  -2  -1  -1   0   0  -2  -2  -1   11  23  10   5   1   4   4   7   3   2   4   4   1   3   3   6   4   0   1   4  0.20 0.14
  429 A     1   0   0   0  -1   0   1   0  -1  -1  -1   0  -1  -1   1   1   0  -1  -1  -1   16   5   5   5   1   4   9   7   1   3   5   5   1   3   8  10   4   1   1   5  0.08 0.06
  430 A     2   0   0   1  -2   0   1   0   0  -1  -1   0  -1  -2   0   0  -1  -2  -1  -1   21   6   4   7   1   3  12   7   2   3   5   6   1   2   5   5   4   1   1   5  0.11 0.08
  431 S     1   0   0   1  -1   0   0   1  -1  -1  -1   0  -1  -1   2   1   0  -1  -1  -1   12   4   5  10   1   3   7  10   1   3   5   4   1   3  11   9   5   1   2   4  0.11 0.05
  432 A     1   0   0   0  -1   0   0   0   0   0   0   0   0  -1   0   0   0   0   0   0   12   8   3   5   1   3   6   9   3   5   9   5   2   2   5   7   5   1   3   6  0.02 0.01
  433 E     0   1   0   1  -1   1   1   0   0  -1  -1   0  -1  -1   0   0   0  -1  -1   0    7  10   5   7   1   5  12   6   2   4   6   5   2   3   5   5   6   1   2   6  0.05 0.02
  434 D     0   0   0   1  -1   0   1   0   0  -1  -1   0  -1  -1   0   0   0   0  -1  -1    8   6   4  11   1   5  12   6   2   4   7   5   2   3   4   6   5   1   3   5  0.06 0.01
  435 D     0   0   0   1  -1   0   1   0   0  -1  -1   0  -1  -1   0   0   0  -1   0  -1    9   4   4  11   2   3  12   7   2   4   7   5   2   3   4   7   5   1   3   6  0.05 0.01
  436 E     0   0   0   1  -1   0   1   0   0  -1  -1   0  -1  -1   0   0   0  -1   0  -1    7   5   4  10   1   4  12   7   3   5   7   5   2   3   5   6   5   1   2   5  0.04 0.01
  437 K     0   1   0   0  -1   1   0   0   0  -1   0   1   0  -1   0   0   0   0   0   0    7   6   4   6   2   6   7   6   2   4   7  12   3   3   5   6   6   1   3   5  0.03 0.01
  438 V     0   0   0   0   0   0   0   0   0   0   0   0   0   0   0   0   0   0   0   0    7   5   4   5   2   4   6   7   2   6   8   5   2   5   5   6   6   1   3  12  0.01 0.11
  439 D     0   0   0   2  -1   0   0   0   0  -1   0   0   0   0   1   0   0   0   0   0    8   5   4  14   2   4   5   7   2   4   8   5   2   4   6   7   5   1   3   5  0.04 0.01
  440 Y     0   0   0   0  -1   0   0   0   0   0   0   0   0   1   0   0   0   1   2   0    7   4   4   5   2   4   6   7   2   4   8   5   2   6   5   6   5   2  11   6  0.03 0.01
  441 G     0   0   0   0  -1   0   0   2   0  -1  -1   0   0  -1   0   0   0   0   0   0    9   5   4   5   2   3   5  18   2   4   8   5   2   3   5   6   5   1   3   6  0.05 0.01
  442 Y     0   0   0   0  -1   0   0   0   0   0   0   0   0   1   0   0   0   1   1   0    7   5   4   5   2   4   5   6   2   5   8   6   2   9   5   6   5   2   6   6  0.01 0.00
  443 G     1   0   0   0  -1   0   0   2   0  -1  -1   0  -1  -1   0   0   0   0  -1  -1   10   5   4   4   1   3   6  20   2   4   7   4   2   3   4   6   5   1   2   5  0.07 0.02
  444 L     0   0   0   0   0   0   0   0   0   0   0   0   0   0   0   0   0   0   0   0   10   5   4   4   2   4   6   6   2   4  12   6   3   3   5   7   5   1   3   6  0.01 0.00
  445 V     0   0   0   0  -1   0   0   0   0   0   0   0   0  -1   0   0   0  -1  -1   1    8   5   3   5   2   3   7   7   2   7   7   4   2   3   4   6   7   1   2  14  0.01 0.01
  446 S     0   0   0   0  -1   1   1   0   1  -1  -1   1  -1  -1   0   1   0  -1  -1  -1    8   6   4   5   1   5   8   6   4   3   6  10   1   2   5  15   6   1   2   4  0.07 0.04
  447 K     0   2   0   0  -2   1   1   0   0  -1  -1   3  -1  -2   0   0   0  -1  -1  -1    6  11   3   5   1   7   7   6   2   3   5  20   1   2   4   5   5   1   1   3  0.15 0.08
  448 G    -1   4  -1  -2  -3   0  -2   1  -1   0   0  -1  -2  -2   2   0  -1  -1  -2  -1    5  27   2   2   1   4   2  13   2   5   8   3   1   2   9   6   3   1   1   4  0.28 0.18
  449 T     0  -2  -1  -2  -3  -2  -3  -1   6  -3  -3  -1  -3  -4   5   0   1  -4  -3  -2    9   2   3   2   0   2   1   5  17   1   3   3   1   1  32   6   8   0   1   3  0.80 0.41
  450 N    -1   5   0  -2  -4  -1   0  -2  -1  -4  -3   3  -3  -4   4  -1  -2  -5  -4  -3    4  31   4   2   0   2   5   3   1   1   2  16   1   1  20   4   2   0   1   2  0.75 0.42
  451 S    -3  -3  -2  -2   0  -3  -3   1   2  -4  -2  -3  -2   5  -3   1  -2   0   6  -4    2   1   2   2   2   1   2   9   5   1   3   1   1  24   1  12   2   1  26   1  0.85 0.47
  452 P     5  -4  -3  -4  -2  -3  -2  -3  -2  -4  -4  -3  -3  -4   2   2   1  -6  -5  -2   52   1   1   1   1   1   3   2   1   0   2   1   0   1   9  15   8   0   0   3  0.92 0.58
  453 Y    -6  -7  -6  -8  -6  -7  -7  -7   0  -5  -1  -7  -3   5  -7  -6  -6   5   9  -5    0   0   0   0   0   0   0   0   2   1   5   0   1  22   0   0   0   8  58   1  2.41 1.03
  454 L    -3  -6  -6  -7  -3  -2  -5  -6  -4   4   3  -5   2   5  -6  -5  -1  -2  -1   2    2   0   0   0   0   2   0   0   0  23  28   0   5  20   0   0   4   0   2  12  0.90 0.48
  455 P    -2  -8  -6  -7  -8  -6  -7  -1  -8  -9  -9  -7  -6  -9   9  -2  -5  -9  -9  -7    4   0   0   0   0   0   0   6   0   0   0   0   0   0  86   3   1   0   0   0  2.91 1.28
  456 F    -8  -9  -9 -10  -9  -9  -9  -9  -7  -6  -5  -9  -6  10 -10  -6  -8  -5  -2  -7    0   0   0   0   0   0   0   0   0   0   0   0   0  98   0   1   0   0   1   0  3.73 1.41
  457 G    -3  -7  -5  -7  -6  -7  -7   7  -6  -7  -7  -7  -6  -7  -7   2  -6  -8  -8  -8    2   0   0   0   0   0   0  83   0   0   1   0   0   0   0  13   0   0   0   0  2.31 1.02
  458 A     4  -4  -3  -4  -6  -5  -3   5  -3  -4  -3  -5  -2  -4  -6  -1  -2  -3  -5  -4   38   1   1   1   0   0   1  43   1   1   2   0   1   1   0   4   3   0   0   1  1.17 0.65
  459 G    -6  -6  -6  -7  -8  -8  -8   8  -5 -10  -9  -7  -8  -9  -8  -6  -7  -8  -9  -9    0   0   0   0   0   0   0  99   0   0   0   0   0   0   0   0   0   0   0   0  3.03 1.24
  460 R     1   3  -2  -5  -6  -1  -4  -3  -1  -3  -4  -1  -2  -6   6   0  -2  -7  -5  -2   12  18   2   0   0   3   0   2   1   2   1   3   1   0  41   7   2   0   0   4  1.05 0.61
  461 H    -7   8  -4  -7  -9  -5  -6  -8   8  -9  -8  -4  -6  -8  -8  -6  -5  -8  -4  -8    0  64   0   0   0   0   0   0  34   0   0   0   0   0   0   0   1   0   1   0  2.80 1.19
  462 R    -1   4   1  -4  -5   1  -3  -2   1   1  -1   3   2  -3  -4   0  -1  -3  -2   0    4  20   7   0   0   6   0   3   3   7   5  19   5   1   0   6   4   0   1   8  0.34 0.30
  463 C    -7 -10 -10 -10  12 -10 -11  -9 -10  -8  -8 -10  -8  -9 -10  -8  -8  -9  -9  -8    0   0   0   0 100   0   0   0   0   0   0   0   0   0   0   0   0   0   0   0  4.95 1.72
  464 I    -3  -8  -8  -8  -6  -7  -8  -8  -8   7   1  -7   1  -5   0  -6  -3  -7  -6   2    2   0   0   0   0   0   0   0   0  66  13   0   3   0   5   0   1   0   0  10  1.79 0.80
  465 G    -3  -8  -6  -7  -8  -8  -8   8  -8 -10 -10  -7  -9  -9  -8  -5  -7  -9  -9  -9    2   0   0   0   0   0   0  98   0   0   0   0   0   0   0   0   0   0   0   0  3.00 1.22
  466 E    -1   0   3   2  -6   3   4  -3  -2  -4  -3   1   3  -4  -4  -1  -3  -3  -2  -3    5   4  13  12   0  12  24   2   1   1   2   7   9   1   0   5   1   0   2   1  0.54 0.40
  467 Q     0   2   2  -1  -5   3   0  -1   5  -4  -5   1  -3  -3  -1   0   0  -4  -2  -3    9  10   9   3   0  14   6   5  15   0   1   7   0   1   3   7   6   0   1   2  0.42 0.33
  468 F    -7  -8  -9  -9  -8  -9  -9  -9  -5  -4   0  -9  -1   9  -9  -7  -7  -5   2  -5    0   0   0   0   0   0   0   0   0   1  10   0   2  81   0   0   0   0   6   0  2.87 1.13
  469 A     7  -7  -7  -6  -6  -6  -6   0  -7  -7  -7  -6  -7  -7  -6   0  -3  -8  -7  -5   86   0   0   0   0   0   0   7   0   0   0   0   0   0   0   6   1   0   0   0  2.17 1.03
  470 Y    -4   0  -2  -4  -5   1  -2  -5  -3   0   2  -1   6  -1  -5  -4  -1   4   4  -1    0   6   2   1   0   5   2   1   1   4  22   5  22   2   0   1   5   5  14   3  0.71 0.46
  471 L     0  -5  -2  -6  -5  -2  -6  -6  -3   1   3  -5   7  -2  -6  -4   2  -4  -2   1    7   0   3   0   0   2   0   0   1   6  26   0  26   1   0   1  15   0   1  11  0.91 0.54
  472 Q    -4  -5  -2  -4  -9   5   7  -6  -4  -7  -5  -4  -3  -4  -7  -5  -4  -8  -7  -5    1   0   2   0   0  23  68   0   0   0   1   0   1   1   0   0   1   0   0   1  2.06 1.01
  473 L     3  -5  -4  -6  -4  -3  -3  -1  -6   3   2  -5   6  -3  -5  -2  -1  -6  -5   0   24   0   0   0   0   1   2   6   0  15  17   0  21   0   0   3   4   0   0   6  0.73 0.47
  474 G    -1   1  -3  -4  -3   2  -3  -2   0  -1  -1   4   1  -5  -3  -1   2  -6  -5   1    5   6   0   0   1   9   1   3   2   3   6  31   4   0   1   3  13   0   0  12  0.48 0.38
  475 T     0  -6  -5  -6  -2  -5  -6  -6  -5   3   4  -5   1  -3  -6  -2   2  -3  -5   3    9   0   0   0   1   0   0   0   0  17  34   0   3   1   0   2  14   0   0  18  0.79 0.46
  476 I     2  -6  -5  -6  -3  -5  -6  -5  -4   5   1  -6   0   1  -6  -3   0  -6  -4   4   14   0   0   0   0   0   0   0   0  34  11   0   2   5   0   2   5   0   0  26  0.92 0.50
  477 T    -2  -6  -7  -7  -3  -6  -7  -6  -7   2   5  -6   2  -1  -7  -5  -1   4  -4   2    4   0   0   0   1   0   0   0   0  10  56   0   5   2   0   0   4   5   0  12  1.14 0.58
  478 A     6  -4  -5  -6  -3  -5  -5  -3   2  -3  -5  -5  -5  -4  -3   2   0  -7  -3  -1   61   1   0   0   0   0   0   1   5   1   1   0   0   1   1  16   5   0   1   5  1.26 0.72
  479 V     1   0  -2  -4  -2   0  -1  -3   2  -1  -1  -2   3  -3  -5   0   4  -3   0   1   10   4   2   0   1   3   3   1   6   3   7   2   9   0   0   6  30   0   3   9  0.41 0.35
  480 L    -4  -6  -7  -7  -4  -6  -7  -7  -7   5   4  -6   2   1  -7  -6  -3  -4  -5   3    1   0   0   0   0   0   0   0   0  30  41   0   5   5   0   0   1   0   0  15  1.22 0.59
  481 V     2  -5  -6  -6  -1  -5  -6  -3  -5   1   4  -5   0  -1  -6  -2  -1  -4  -3   3   19   0   0   0   1   0   0   3   0   5  41   0   2   2   0   2   4   0   1  18  0.73 0.46
  482 R     0   6  -3  -4  -7   5  -3  -4  -2  -6  -5   0  -4  -7  -4   0  -1  -3  -5  -6    7  41   1   1   0  26   0   1   1   0   1   4   0   0   1   8   4   0   0   0  1.23 0.70
  483 L    -3   6   2  -1  -5   1  -1  -4   4  -5  -4   2  -2  -6  -5  -1  -2  -7  -3  -6    2  43  11   3   0   6   4   1   9   0   2   9   1   0   0   4   3   0   1   0  1.02 0.57
  484 F    -5  -4  -6  -8   0  -7  -7  -6  -1  -4  -1  -7  -3   7  -8  -6  -5   8   6  -2    1   1   0   0   2   0   0   0   1   1   6   0   1  38   0   0   0  20  24   3  1.99 0.87
  485 R    -3   6  -1   2  -3   0   3  -5   2  -5  -6   2  -5  -6  -5  -2   0  -3  -4  -4    2  37   3  11   1   4  17   0   5   0   0   9   0   0   0   3   6   0   0   1  0.91 0.53
  486 F    -5  -5  -7  -7  -5  -6  -7  -7  -4   1   5  -7   1   5  -3  -6  -5   6  -2   1    0   1   0   0   0   0   0   0   0   6  45   0   3  23   2   0   0   9   1   9  1.27 0.63
  487 R    -2   3  -2   1  -3   1   4  -3   1  -4  -4   1  -3  -5  -4   1   1  -4  -3  -2    3  17   1   7   1   4  31   1   3   1   1   6   1   0   0  10   9   0   1   3  0.57 0.40
  488 N    -1  -1  -1  -4  -3  -2  -3  -4   0   0   4  -2   0  -2   4  -1  -1  -2  -3   0    5   3   3   0   0   1   1   1   3   3  39   2   2   1  18   5   4   1   1   6  0.50 0.34
  489 L     1  -2  -3  -1   0  -2  -1  -3  -3   1   2  -2   0  -2   0  -2  -1  -3  -2   4   15   2   1   4   2   2   3   2   1   5  16   2   2   1   6   3   4   0   1  31  0.33 0.25
  490 P    -1  -2  -1   2  -3  -1   0  -1  -2  -3  -3  -2  -4  -4   6  -1  -1  -4  -3  -4    6   2   3  11   1   3   6   5   1   1   3   2   0   1  45   5   4   0   1   1  0.94 0.44
  491 G    -1  -1   0   2  -3  -2  -1   5  -1  -3  -3  -1  -3  -4   0   0  -1  -2  -3  -3    5   3   5  10   1   2   5  41   1   1   3   4   1   1   5   6   4   0   1   2  0.53 0.28
  492 V     0   1  -1  -1  -3   2   0  -1   3  -1  -2   0  -1  -1   0   0   0  -2   1   0    9   9   2   3   0  11   5   4   9   4   3   4   1   3   5   7   7   0   5   7  0.11 0.12
  493 D    -1   2   0   3  -3   0   2  -1  -1  -3  -3   0  -3  -4   1   1   1  -4  -3  -2    4  10   4  15   0   3  15   4   2   2   2   6   1   0   8  10   9   0   1   3  0.28 0.22
  494 G    -1  -2  -2   0  -2  -1   0   0  -1   1   0   0  -1  -2   3  -1  -1  -3  -1   3    5   2   1   5   0   2   5   7   2   8   7   5   1   2  17   4   4   0   2  21  0.21 0.18
  495 I     0   2  -2  -1  -3  -1   0  -2  -1   1   0   0   0   2  -1  -1   0  -2   0   2    6  13   1   3   0   3   7   3   1   7   7   4   3  11   2   3   5   1   3  16  0.10 0.12
  496 P    -2  -2  -4  -3  -5  -2  -2  -4  -2  -2  -1  -3  -1  -4   8  -3  -3  -4  -3  -2    3   3   1   1   0   2   3   1   1   3   6   1   2   1  63   2   2   0   1   3  1.57 0.67
  497 D     0   1   0   1  -3   1   2  -1  -1  -1  -1   1  -1  -2   0   0  -1  -2  -2   0    9   9   4   8   0   6  16   4   1   3   4   8   1   1   5   5   3   1   1   9  0.13 0.12
  498 T     0   1  -1  -1  -1   0   0  -2   0   0  -1   0  -1  -2   4  -1   2  -2  -3   0    6   8   2   3   1   3   5   3   2   5   5   4   1   2  23   3  13   0   1   8  0.31 0.22
  499 D    -1  -1   1   3  -2   0   0  -2  -1  -1   1  -1   0  -1   1  -1  -1  -1  -1  -1    5   3   7  21   1   3   7   3   1   4  16   4   3   3   7   4   4   1   1   4  0.16 0.13
  500 Y    -1   1  -1  -2  -2  -1  -1  -2   1   0   0  -1   1   2  -1  -1   0   3   4   1    5   8   2   2   1   3   3   4   4   4   9   4   4   9   3   3   5   4  15   9  0.14 0.11
  501 S     2   0   0  -2  -3  -1  -1   0   0  -2  -1  -1  -1  -2   2   2   2  -3  -1  -2   15   6   4   2   0   3   3   6   2   2   5   2   2   2  10  17  16   0   2   2  0.21 0.19
  502 S     1   1  -1  -1  -2   0   0   1  -1  -2  -1   0   0  -2   0   2   2  -3  -3  -1   12   6   3   2   0   3   6   9   1   2   5   5   3   1   5  19  13   0   1   4  0.16 0.16
  503 L     0  -3  -4  -4  -3  -3  -4  -2  -3   3   3  -3   5   0  -1  -3  -1  -1  -3   2    6   1   1   1   0   1   1   3   1  17  24   1  17   4   4   1   3   1   1  14  0.56 0.31
  504 F    -2  -4  -2  -4  -4  -3  -4  -4  -3   3  -1  -3   0   2  -3   0   5  -4  -3   2    3   1   2   1   0   1   1   1   1  15   6   1   2   8   1   5  35   0   0  16  0.67 0.41
  505 S    -1  -4  -4  -6  -2  -4  -5  -5  -1   0   4  -4   2  -2   2  -1   0  -4  -3   1    5   1   1   0   1   0   0   1   1   3  46   1   5   1  11   5   6   0   1  11  0.68 0.43
  506 K    -2   6  -3  -4  -3   2  -1   0   2  -2  -2   1   0  -4  -2  -2  -1  -1  -2  -3    2  44   1   0   1   8   3   7   4   2   4   7   3   1   2   3   3   1   1   2  0.77 0.47
  507 P    -2  -7  -6  -6  -6  -6  -6  -6  -5  -5  -6  -6  -5  -8   9  -3  -3  -8  -8  -4    3   0   0   0   0   0   0   0   0   1   1   0   0   0  87   2   2   0   0   2  2.87 1.22
  508 L     0   4  -1   0  -5   1   1  -2  -1  -3  -1   4  -1  -4  -3  -1  -1  -1  -4  -1    8  19   3   5   0   5   7   2   1   1   6  25   2   0   1   5   3   1   0   5  0.37 0.28
  509 G    -1   0   2   3  -5  -1   0   3   4  -5  -4  -1  -3  -3   0   0  -2  -4   0  -5    5   4  10  14   0   3   6  24   9   0   1   4   0   1   6   7   2   0   4   0  0.45 0.31
  510 R    -2  -2  -1  -2  -6  -3  -1   5  -3  -5  -4  -1  -4  -6   5  -3  -3  -6  -5  -5    3   3   3   3   0   1   4  46   1   1   2   4   0   0  26   2   1   0   0   1  1.14 0.60
  511 S    -1  -3  -4  -5   3  -4  -5  -4  -3   2   4  -5   3  -1  -3  -3  -2  -4  -3   3    6   2   1   1   6   0   0   1   1  12  34   0   8   2   1   2   2   0   0  20  0.65 0.38
  512 F    -3   3  -1  -2  -4   0  -1  -5   1  -2   0   1   3  -3   4  -2  -1   3  -2  -2    1  17   3   2   0   3   3   0   3   2   9   9   7   1  24   3   4   5   1   3  0.52 0.37
  513 V    -1  -6  -7  -8   0  -6  -7  -6  -7   3   2  -6   7  -4  -7  -6  -4  -7  -6   5    5   0   0   0   2   0   0   0   0  16  17   0  26   0   0   0   1   0   0  32  1.37 0.68
  514 E    -2   6  -2  -4  -3   0  -1  -4   0   0  -3   2  -2  -3  -4  -1   2  -4  -3   0    3  39   1   0   1   4   3   1   2   6   2  11   1   1   1   4  14   0   1   6  0.72 0.47
  515 F    -2  -5  -6  -7  -4  -5  -5  -7  -4   1   4  -6   0   2  -2  -5  -3   3   4   3    4   0   0   0   0   0   0   0   0   8  33   0   1   8   3   1   1   4  14  23  0.84 0.47
  516 E    -2   4  -3  -3  -5   1   3  -5   3  -3  -4   2  -3  -5  -4   0   2  -4  -3  -1    3  22   0   0   0   5  20   0   7   2   1  12   1   0   0   6  15   0   1   4  0.61 0.43
  517 K    -1   6  -4  -4  -6  -1  -1  -4  -2  -6  -3   2  -5  -7   4  -2  -4  -2  -6  -4    6  44   1   1   0   2   4   1   1   0   3  13   0   0  19   3   1   1   0   1  1.12 0.62
  518 R    -6   9  -6  -6  -9  -4  -6  -8  -6  -7  -7  -1  -7  -9  -5  -6  -7  -5  -7  -8    0  95   0   0   0   0   0   0   0   0   0   2   0   0   1   0   0   0   0   0  3.08 1.23
  519 E    -1   3   2   2  -5   2   2  -2   1  -4  -4   2  -4  -4  -1   1   0  -5  -4  -4    5  14   9  10   0   9  13   2   4   1   1  11   0   0   3  13   4   0   0   1  0.38 0.27
  520 S     2   2   0  -2  -3  -1   0  -1  -1  -3  -1  -1  -1  -4   2   2   2  -2  -2  -2   20  11   3   1   0   2   5   4   1   1   6   1   1   0  11  18  13   1   1   1  0.29 0.24
  521 A     4  -2  -1  -1  -3  -2  -1   1  -2  -3  -3  -2  -3  -3   2   1   2  -2  -4  -2   37   2   2   4   0   1   4  11   1   0   1   1   0   1  12  11  12   1   0   1  0.47 0.30
  522 T     1  -1  -2  -3   1   0  -1  -2   1  -2  -1  -1   0  -2   0   3   3  -4  -3   0   12   3   0   0   3   3   4   1   5   1   5   3   2   1   4  22  25   0   0   7  0.28 0.23
  523 K     0   4  -2  -1  -4   2   1  -2  -2  -3  -2   2  -1  -2   0   0   1  -4  -2  -3   10  30   0   1   0   8   9   1   0   0   3  14   1   1   4   3  12   0   1   0  0.40 0.22
  524 A     6  -3  -3  -3  -2  -3  -3   0  -4  -4  -4  -3  -3  -4  -3   2  -2  -5  -4  -2   81   0   0   0   0   0   0   6   0   0   0   0   0   0   0  13   0   0   0   0  1.11 0.39

                      K         Lambda
Standard Ungapped    0.1375     0.3213
Standard Gapped      0.0411     0.2670
PSI Ungapped         0.1344     0.3178
PSI Gapped           0.0411     0.2670
