
Last position-specific scoring matrix computed, weighted observed percentages rounded down, information per position, and relative weight of gapless real matches to pseudocounts
            A   R   N   D   C   Q   E   G   H   I   L   K   M   F   P   S   T   W   Y   V   A   R   N   D   C   Q   E   G   H   I   L   K   M   F   P   S   T   W   Y   V
    1 M    -1  -2  -3  -4  -2  -1  -3  -4  -2   2   2  -2   6   0  -3  -2  -1  -2  -1   1    0   0   0   0   0   0   0   0   0  15  14   0  71   0   0   0   0   0   0   0  0.52 0.07
    2 E    -1   0   0   4  -4   4   4  -2   0  -4  -3   0  -2  -4  -2   0  -1  -3  -3  -3    0   0   0  26   0  28  46   0   0   0   0   0   0   0   0   0   0   0   0   0  0.67 0.06
    3 P     1  -3  -3  -2  -3  -2  -2  -2  -3  -3  -3  -2  -2   1   7  -1  -2  -3  -2  -2   13   0   0   0   0   0   0   0   0   0   0   0   0  13  74   0   0   0   0   0  1.43 0.08
    4 S     0  -2  -1  -2  -2  -1  -1   1   2  -1   1  -1   0  -2   2   2   1  -3  -1  -1    0   0   0   0   0   0   0  12  10   0  25   0   0   0  12  32   9   0   0   0  0.20 0.04
    5 P    -1  -2  -2  -2  -3  -2  -2  -2  -3  -3  -2  -2  -2  -3   7   0   1  -4  -3  -2    1   0   0   0   0   0   0   0   0   0   5   0   0   0  73   9   8   0   0   0  1.47 0.13
    6 A     2  -2   1  -1   2  -1  -1  -1   2   0  -2  -1  -1  -2  -2   1   2  -3  -1  -1   31   0   7   0   7   0   0   0  10   9   0   0   0   0   0  14  18   0   0   0  0.20 0.06
    7 A     0   2   1  -1  -2   0   1  -2  -1  -1  -2   2  -1  -3  -2   1   2  -3  -2  -1    7  17   6   0   0   0   7   0   0   7   0  15   0   0   0  16  23   0   0   0  0.22 0.05
    8 G    -1   0  -1  -1  -2  -1   0   3  -2  -2  -1   3  -1  -3  -2   0   1  -3  -2  -1    0   0   0   0   0   0   4  31   0   0   6  30   0   0   0   6  14   0   0   6  0.27 0.08
    9 G     1  -3  -1   0  -2  -2  -2   5  -2   0  -2  -2  -2  -3  -2   1  -1  -3  -3   0   12   0   0   4   0   0   0  52   0  12   0   0   0   0   0  11   0   0   0   6  0.46 0.09
   10 L    -1  -2   0  -2  -2  -1  -2   0  -2   0   2  -2   2  -1  -2   3   0  -3  -2  -1    0   0   6   0   0   0   0   5   0   6  30   0  11   0   0  41   0   0   0   0  0.24 0.10
   11 E    -2   1  -1   3  -4   0   5  -3  -1  -2  -4   0  -3  -4  -2   0  -2  -4  -3  -3    0   6   0  15   0   0  64   0   0   4   0   4   0   0   0   7   0   0   0   0  0.79 0.18
   12 T    -1   2   0   1  -3   0   1  -2  -2  -1   0   1  -1  -3   0   0   2  -3  -2  -1    0  16   4  10   0   0  12   0   0   6  10  12   0   0   4   5  20   0   0   0  0.19 0.07
   13 T     2   1  -1  -2  -2   0  -1   0  -2  -2  -2   1   1  -3   1   1   3  -3  -2  -1   18   7   0   0   0   4   0   5   0   0   0   8   6   0   7   8  33   0   0   4  0.25 0.10
   14 R     1   2   0  -2   4   2  -1  -2   2  -3  -3   0  -2  -1   0   1  -1  -2   3  -2   13  12   4   0  11  11   0   0   7   0   0   6   0   0   5  15   0   0  17   0  0.26 0.10
   15 L    -2   2  -3  -3   1  -1  -1  -4  -2   0   3   0   3  -1  -3  -2  -2   3  -2   1    0  15   0   0   3   0   6   0   0   0  43   4  13   0   0   0   0   4   0   9  0.29 0.12
   16 V    -1  -3  -3  -1  -2  -2  -1  -1  -2   3   1  -2   0   0  -1  -2  -1  -2   1   3    0   0   0   4   0   0   6   6   0  23  14   0   0   3   3   0   0   0   8  31  0.20 0.09
   17 S     0  -1   2   2  -2  -1   0   1   3  -3  -3   0   0  -3  -2   3   0  -3  -2  -3    5   0  11  12   0   0   4   8  10   0   0   6   4   0   0  36   3   0   0   0  0.31 0.11
   18 P     0   0   0   1  -3  -1   2  -1  -2  -3  -2   1  -2  -4   5   1   0  -4  -3  -3    5   3   3   9   0   0  14   3   0   0   5  11   0   0  30  11   6   0   0   0  0.49 0.12
   19 R    -2   5  -1   0  -4   0   2  -3  -1  -3  -1   2  -2  -3   0   0   0  -4  -3  -2    0  39   0   4   0   0  18   0   0   0   6  15   0   0   3   5   4   0   0   3  0.46 0.15
   20 D     2  -2   0   5  -3  -2   0  -2  -2  -2  -2  -1  -3  -1   1   0   0  -4  -3  -1   20   0   2  46   0   0   0   0   0   3   2   4   0   4   5   6   4   0   0   3  0.47 0.17
   21 R    -2   3   0   1  -3   0   0  -1   2  -2  -1   2  -2  -1  -1  -1   1  -3  -2   0    0  25   3  11   0   0   6   4   6   0   5  12   0   3   2   2  13   0   0   9  0.19 0.10
   22 G     1  -1   2   0  -3  -1   1   4  -2  -4  -4   2  -3  -4   0   0  -2  -4  -3  -2   10   1  11   3   0   0   8  35   0   0   0  18   0   0   5   5   0   0   0   2  0.42 0.15
   23 G    -1   1  -1  -1   3   0   1   1  -2  -1  -2   2   1  -2  -2   1   1  -3   0  -2    2   9   0   2   8   2   7  13   0   4   0  17   6   0   0  15  10   0   5   0  0.17 0.12
   24 A     1   0  -1  -1  -3   0   1   1   1  -3  -2   0  -1   1  -2   1  -1  -2   3  -2   17   6   0   3   0   2  11  12   4   0   0   3   2   8   0  15   1   0  13   2  0.18 0.12
   25 G     0  -2   0   1  -3  -1   0   2   3  -2  -2   0   2  -1  -1   2   0  -3   0  -1    6   0   4   8   0   0   5  17  12   2   0   4   8   2   2  19   3   0   4   4  0.18 0.12
   26 G     0  -1  -1   0  -2  -1  -1   1  -1   0   1  -1   1   1  -2   0  -1  -1   2   0    7   3   2   5   0   0   2  12   0   6  15   4   4   7   1   9   0   0  11  10  0.04 0.05
   27 S     1  -1   0   0  -2   0   0   2   0  -2  -3   0  -2  -2   1   2   1  -3  -2  -1   14   0   3   4   0   2   7  15   2   2   0   7   0   2   7  23   6   0   0   5  0.19 0.10
   28 L     0  -2  -3  -2  -2  -2  -2  -3  -3   1   3  -1   0   2  -3   0   1   1  -1   1    5   0   0   2   0   0   2   0   0   8  37   4   0   9   0   8   9   3   0  11  0.20 0.12
   29 R    -1   1   2   2  -3   0   0  -2  -1  -2  -1   1  -1  -1   0   1   0   2   1  -2    3   9  11  14   0   4   5   0   0   1   6   8   2   2   4  12   7   3   6   2  0.14 0.08
   30 L    -1   0  -1   2  -2   1   0   0  -2   0   0  -1   1   0  -2   0   1  -3  -2   0    2   5   0  13   0   7   6  10   0   5  13   0   6   4   0   8  14   0   0   7  0.08 0.08
   31 K    -1   1   0   2  -3   0   1   0   3  -3  -2   2   0   0   0   1  -1  -3  -2  -3    2   8   2  18   0   2   7   8   9   0   4  15   4   5   3  10   2   0   0   0  0.19 0.10
   32 S     0  -2   1   1  -3  -1   1   2   1  -4  -3   0  -3  -4  -2   3   1  -4  -3  -3    5   0   4   8   0   0  12  14   4   0   2   4   0   0   0  38   9   0   0   0  0.39 0.19
   33 L     0  -1   0  -2  -2   0   1  -2   0  -1   1   0   1   1  -2   0   1   1   0   0    8   1   3   0   0   1  15   1   3   0  20   7   4   6   0   5  13   2   4   9  0.08 0.08
   34 F    -2  -2  -1  -2   0  -1   0   1   1  -2   1   0  -1   3   0  -1  -1   3   2  -2    0   0   3   1   2   2   7  13   5   0  16   9   0  16   5   5   3   5   7   0  0.13 0.11
   35 T    -1   1   1  -1   0   3   1  -2   1  -2  -1   1   0  -3  -1   2   2   0  -2  -1    0   5   8   0   2  16   8   1   4   0   7   8   2   0   2  17  14   1   0   3  0.21 0.15
   36 E    -1  -1   0   2   1   1   2   1   3  -1  -2   0  -2  -3   0   0   0  -4  -2  -2    1   1   2  16   4   6  16   9  10   6   2   6   0   0   5   8   7   0   0   0  0.22 0.12
   37 P    -1  -1   1   0   0   0  -1  -2   0   0  -1  -2   1  -1   5   0   0  -3   0  -1    1   3  10   5   3   3   1   1   3   7   3   0   6   3  31   8   4   0   5   3  0.41 0.16
   38 S     0  -2   0  -1  -1   0   1   0   0  -2  -1  -1   0  -1   2   3   1  -3  -1  -2    5   0   2   3   1   3   8   5   2   1   6   0   4   3   9  34  10   0   2   0  0.23 0.16
   39 E    -1   0   1   1  -3   1   3  -2   0  -2  -2   1   2  -2   1   0  -1  -4  -2  -2    4   3   8   9   0   5  25   0   3   2   1   9  10   2   7   8   1   0   0   1  0.27 0.16
   40 P    -1   0  -1   1  -4   1   0   0   0  -2  -2  -1   1  -4   5   1  -2  -4  -3  -2    1   6   2   8   0   6   7   6   3   3   2   1   6   0  35  11   0   0   0   3  0.56 0.21
   41 L     0  -1   0  -1  -2   0  -1   0   2   0   1   0   2  -2   2  -1   0  -3  -2   0    5   3   3   3   0   4   4   7   7   3  22   4   7   0  10   2   7   0   0   9  0.09 0.08
   42 P     0   0   0   0  -3   1   0  -1   3  -2  -1   1  -2  -3   3   1   0  -4  -2  -1    4   3   5   4   0   6   3   3   9   1   9  11   0   0  17  13   6   0   0   5  0.22 0.12
   43 E     0   0   0   2  -3   1   2  -2   0  -3  -2   0  -1  -3   2   1   1  -4  -3  -1    7   4   4  11   0   8  18   1   2   0   4   5   1   0  12  11   8   0   0   4  0.26 0.14
   44 E     0   0   0   3  -3   1   2  -1   0  -3  -1   0  -2  -4   1   0   0  -4  -3  -2   10   4   4  21   0   6  16   4   3   0   6   6   0   0   8   8   4   0   0   1  0.27 0.14
   45 S     1  -1   0  -1  -1   1   2   1  -1  -3  -2  -1  -1  -3   1   2   0  -4  -2  -1    9   3   3   1   1   8  18  11   1   0   3   1   1   0   6  21   6   0   1   6  0.21 0.15
   46 K     0   1   2   0  -1   1   2  -1   3  -2  -2   0   1  -2  -2   1   0  -3  -2  -1    6   6  12   3   1   4  16   3  11   0   2   5   6   1   1  11   7   0   0   4  0.19 0.14
   47 P     0  -3  -1   0  -3  -1   0   0  -2  -1  -1  -2  -2  -2   5   1   2  -4  -2  -1    5   0   3   5   0   1   7   6   1   4   6   0   0   1  29  14  13   0   1   3  0.45 0.21
   48 V     0   0   0  -1  -1   0   1  -1   1   0   0  -1   0  -2   1   1   0  -3  -2   0   10   3   5   2   1   5  13   5   5   4  10   1   2   0   6  15   5   0   0   9  0.08 0.08
   49 E     0  -1   1   3  -3   1   2  -1  -1   0  -1  -1  -2  -3  -2   0   0  -3  -1  -1    9   1   9  16   0   9  19   5   1   7   4   2   0   0   1   6   7   0   3   3  0.21 0.14
   50 M    -1  -1   0   0  -1  -2  -2  -1   3   0  -1  -2   7  -2  -1   0   0  -4  -2   0    4   3   4   5   2   1   1   6   9   3   3   1  36   1   2   9   5   0   0   6  0.48 0.32
   51 P     1  -2   0   1  -2  -1   0   2   0  -2  -4   0  -2  -4   3   3   0  -4  -3  -2    8   1   4   7   1   2   7  14   3   2   1   4   1   0  15  26   3   0   0   1  0.36 0.22
   52 F     1  -2   1   0  -1  -1   0  -1   6  -2  -1  -1   2  -1   0  -1  -1  -4   0  -1   11   1   6   5   1   1   5   4  28   1   7   3   6   3   4   4   2   0   2   4  0.34 0.23
   53 H    -2  -2   2   3  -4  -1   0   0   6  -3  -3  -1  -2   0  -1  -1  -1   1   2  -4    3   1   9  19   0   2   6   6  23   1   2   3   1   4   4   4   4   2   6   0  0.46 0.27
   54 H    -5  -4  -2  -5  -4  -2  -3  -6  11  -7  -7  -2  -6  -5  -4  -3  -5  -6   1  -7    1   0   1   0   0   1   1   0  86   0   0   2   0   0   1   1   0   0   4   0  3.10 0.97
   55 C    -1  -3   1   1   9  -2  -2   0   4  -3  -4  -4  -3  -4  -4   1  -1  -5  -4  -3    5   1   6   9  40   2   2   6  11   1   0   0   0   1   0  10   4   0   0   1  1.10 0.47
   56 H    -5  -3  -3  -3  -2  -1  -3  -5  11  -7  -7  -5  -6  -3  -4  -4  -5  -6  -3  -5    0   1   1   1   1   2   2   0  87   0   0   0   0   1   1   1   0   0   0   1  3.17 1.00
   57 R     1   1   1   1  -3   0   0   0   1  -2  -1   0  -2  -2  -1   1   0  -1  -2  -1   12   7   8   9   0   3   5   7   5   3   5   6   0   2   2  16   5   1   1   3  0.11 0.10
   58 D    -1  -1   2   2  -3   1   1   1   6  -3  -2   0  -3  -3   0   0  -1  -2  -1  -3    5   3   8  10   0   5   7  10  22   1   3   5   0   1   5   7   3   1   2   2  0.35 0.21
   59 P     0   1   0  -1  -1   0   0   0   3  -2  -2   1  -2  -1   2   1   1  -3  -1  -1    6   7   3   3   1   5   5   8   9   2   4   8   0   2  10  12   9   0   1   4  0.14 0.10
   60 L     0   0   0   1  -1   0   1   0   2   0  -1   0  -1  -1   1   0   0  -3  -1  -1    6   4   5   7   1   4  10   9   6   7   5   7   1   2   6   7   7   0   1   4  0.06 0.04
   61 P     1   0   0   0  -1   0   1   0   2  -1  -2   0  -1  -1   2   1   0  -1  -1  -1   14   4   3   6   1   4  10   5   8   3   3   5   1   2  11   8   5   1   1   3  0.14 0.09
   62 P     0   0   0   0   0   0   0   1   3  -2  -2   0  -1  -2   3   1   1  -2   0  -2    6   4   3   6   2   4   4  10   9   3   3   5   1   1  13  12   8   0   4   2  0.16 0.10
   63 P     0  -1   0   1   0   0   1   0   3  -1  -1   0  -1  -2   2   1   0  -2  -1  -1    9   2   3   8   2   3   9   5   9   3   5   7   1   1  12  11   4   0   2   4  0.15 0.10
   64 G     0   1   1   1  -3   0   0   2   4  -3  -2   0  -1  -2  -1   1  -1  -3  -2  -2    9   8   7   9   0   3   3  18  12   1   4   4   1   2   3  10   3   0   0   2  0.20 0.13
   65 L     0   1   0   0  -1   0   0  -1   4   0   0   0   0  -1   0   0   0  -2   0   0    7   8   4   5   2   3   7   4  14   4   9   3   3   3   3   6   6   0   3   7  0.06 0.07
   66 T     1   0   1   1  -2   1   1   0   2  -2  -2   0  -2  -2  -1   2   1  -2  -2  -1   11   4   5   8   0   6   7   7   8   2   3   3   1   1   3  16  10   0   1   3  0.14 0.11
   67 P     0   1   0   0  -1   0   0   0   3  -2  -2   1  -2  -3   2   1   1  -2  -1  -1    9   8   4   3   2   4   6   7   9   1   3   7   0   1  13   9   9   1   1   3  0.17 0.10
   68 E     0   0   0   1  -2   1   3   0   2  -1  -2   1  -1  -2  -1   1   0  -2  -1  -1    8   4   4   6   0   4  21   5   7   5   3   9   1   1   2   9   5   1   1   4  0.15 0.10
   69 R     0   3   1   1  -2   2   0   0   2  -2  -2   2  -2  -2  -1   0   0  -3  -1  -2    6  17   9   7   1   9   3   6   5   2   3  12   1   2   3   6   5   0   2   2  0.18 0.11
   70 L     0   1   0   0  -2   1   0   0   1  -1  -1   1   0  -1   0   1   0  -2  -1  -1    6   8   5   6   0   6   6   7   4   3   7  12   3   2   3   9   6   0   1   5  0.06 0.04
   71 H     0   2   1   0  -2   1   0  -1   2  -1  -2   2  -1  -1  -1   1   0   0  -1  -1    6  12   5   5   0   5   4   4   6   5   3  15   1   3   1  14   6   1   1   3  0.12 0.09
   72 A     3  -1   0   0  -2  -1  -1  -1   0  -2  -1   0  -1  -1  -1   2   0  -3  -1  -1   35   3   5   4   0   2   3   4   3   2   4   4   1   2   2  15   3   0   2   5  0.22 0.18
   73 R    -1   4   0  -1  -3   2   1  -1   0  -2  -2   3   0  -3  -2   0   0  -1  -2  -2    3  24   3   2   0   9   7   3   1   3   3  18   3   1   1   8   7   1   1   2  0.30 0.19
   74 R    -2   5   0  -3  -2   1  -2  -2  -2  -3  -3   4  -2  -3  -3  -1  -1   1  -3  -4    3  41   4   1   1   4   1   3   1   1   1  27   1   1   1   3   3   2   0   1  0.80 0.39
   75 Q     1   4   0  -3  -4   1  -2  -3  -2  -2  -2   4  -2  -3  -2  -1  -1  -1  -2  -1   10  29   5   0   0   6   1   1   0   2   3  27   0   0   1   4   2   1   1   4  0.51 0.31
   76 L    -4  -5  -6  -6  -4  -5  -5  -6  -5   2   5  -5   2   2  -5  -5  -4  -4  -1  -1    1   0   0   0   0   0   0   0   0  12  70   0   4   8   0   0   0   0   2   3  1.20 0.51
   77 Y     0   0  -3  -3   1  -1  -2  -1  -2   2   1  -1   1   1  -3  -1  -1   4   1   0    9   5   0   0   4   2   1   5   1  15  18   4   4   7   0   4   3   6   6   6  0.14 0.13
   78 A     0  -3  -4  -4  -2  -3  -4  -3  -4   4   2  -2   1   2  -4  -2  -1   5   0   2    8   0   0   0   1   1   0   2   0  28  17   2   2   8   0   2   4   9   3  12  0.44 0.25
   79 A     5  -4  -3  -4  -1  -3  -3   0  -4  -1  -2  -3   1   0  -3   1   0  -4  -3   2   50   0   0   0   1   0   0   7   0   2   1   0   4   4   0  11   4   0   0  14  0.61 0.38
   80 C    -1  -4  -4  -4   2  -3  -4  -3  -4   3   3  -4   2   2  -4   1   0  -2  -2   1    4   0   0   0   5   0   0   1   0  22  27   0   4   9   0  15   5   0   0   7  0.41 0.27
   81 A     2  -4  -3  -4   2  -3  -4   1  -4   2   1  -3   0   1  -4  -1  -1   1  -2   2   19   0   0   0   4   0   0  10   0  11  16   0   2   8   0   4   3   2   0  19  0.27 0.21
   82 V    -2  -5  -6  -6  -1  -5  -5  -5  -5   4   5  -5   2   1  -5  -5  -2  -4  -3   2    2   0   0   0   1   0   0   0   0  24  52   0   3   5   0   0   1   0   0  10  0.94 0.43
   83 C    -1  -3   5  -3   7  -3  -4  -3  -3  -1  -3  -3  -3  -5  -4   1   4  -5  -2  -1    3   1  28   0  21   0   0   1   0   4   2   0   0   0   0  10  25   0   1   3  0.89 0.47
   84 F     1  -4  -4  -4  -1  -3  -4   0  -4   1   3  -4   0   3  -4  -1   0  -2  -2   1   12   0   0   0   1   0   0   8   0   9  30   0   1  15   0   5   7   0   0  10  0.34 0.24
   85 V     1  -4  -3  -4   0  -3  -3   1  -4   2   2  -3   1   1  -4   0   0  -4  -2   2   12   0   0   0   2   0   0  11   0  14  19   0   2   5   0   9   6   0   0  20  0.27 0.21
   86 F    -4  -3  -6  -6  -5  -6  -6  -5  -3   3   0  -6   0   8  -6  -5  -2  -2   3   0    1   1   0   0   0   0   0   0   0  14   6   0   2  59   0   0   2   0   7   6  1.45 0.57
   87 M    -1  -3  -5  -5  -2  -3  -5  -4  -4   1   0  -4   7   4  -3  -2   2  -4  -2   1    6   1   0   0   1   1   0   0   0   8   7   0  34  17   1   3  12   0   0   9  0.82 0.45
   88 A     0  -4  -4  -4  -1  -4  -4  -1  -4   4   2  -4  -1   1  -4  -1  -1  -4  -3   4    9   0   0   1   1   0   1   4   0  25  16   0   1   6   0   5   3   0   0  29  0.49 0.29
   89 G     3  -4  -4  -4   0  -3  -4   1  -4   2   0  -4   0   0  -4  -2  -1  -2  -3   3   28   0   0   0   2   0   0  13   0  12   8   0   1   4   0   1   3   1   0  27  0.45 0.30
   90 E    -5  -4  -4  -2  -4   2   7  -5  -4  -7  -6  -2  -4  -7  -5  -4  -4  -7  -6  -4    0   0   0   0   0   9  86   0   0   0   0   1   0   0   0   0   0   0   0   1  2.09 0.83
   91 V     0  -4  -5  -5  -3  -4  -5  -4  -5   4   2  -4   0   3  -5  -3  -2  -1  -2   3   10   0   0   0   0   0   0   1   0  27  20   0   2  13   0   0   2   1   1  24  0.65 0.33
   92 V     1  -4  -5  -5  -3  -4  -4  -2  -4   4   0  -4  -1   0  -4  -2   0   0  -2   4   10   0   0   0   0   0   0   4   0  27   7   0   0   3   0   3   4   1   1  37  0.65 0.36
   93 G     1  -4  -3  -4  -3  -4  -2   5  -4  -1  -3  -4  -2   0  -4  -2  -2  -2   1   1    9   0   0   0   1   0   3  54   0   3   1   0   1   5   0   1   2   1   6  12  0.82 0.39
   94 G     0  -5  -3  -4  -5  -4  -2   7  -2  -6  -6  -4  -5  -5  -5  -1  -4  -5  -5  -4    8   0   0   0   0   0   4  78   1   0   1   0   0   0   0   3   0   0   0   1  1.68 0.61
   95 Y    -2  -3  -4  -5  -3  -3  -4  -4  -1   3   2  -4   0   4  -4  -3  -2   5   4   1    2   1   0   0   0   1   0   1   1  19  21   1   1  18   0   1   1   7  15   9  0.66 0.31
   96 L    -1  -2  -4  -4  -3  -3  -3  -3  -1   3   3  -2   2   1  -4  -3  -2   6   3   1    4   2   0   0   0   1   1   1   1  16  27   3   4   5   0   2   1  11  10   8  0.49 0.26
   97 A     3  -3  -2  -3  -3  -3  -3  -1  -3  -2  -3  -3  -2  -2  -3   4   4  -4  -2  -1   24   0   1   0   0   1   1   3   0   2   1   0   1   2   0  35  24   0   1   3  0.68 0.40
   98 H    -3   0   6  -1  -5  -1  -3   4   4  -5  -5   0  -4  -5  -4  -1  -3  -5  -4  -5    1   4  37   2   0   2   1  32  10   0   1   6   0   0   0   3   0   0   0   0  1.01 0.45
   99 S    -2  -4  -3  -4  -4  -3  -4  -4   1  -5  -5  -4  -5  -5  -4   7  -2  -5  -3  -5    2   0   0   0   0   0   0   0   3   0   1   0   0   0   0  90   0   0   1   0  1.92 0.80
  100 L    -4  -4  -5  -4  -4  -1  -5  -5  -5   1   6  -4   2  -2  -5  -4  -2  -4  -3   0    0   0   0   1   0   3   0   0   0   5  73   0   5   1   0   1   3   0   1   6  1.15 0.50
  101 A     6  -4  -4  -4  -3  -4  -4   0  -4  -4  -4  -4  -2  -5  -4   2  -1  -5  -4  -1   70   0   0   0   0   0   0   5   0   0   1   0   1   0   0  13   3   0   0   4  1.19 0.56
  102 I    -4  -5  -5  -6  -4  -5  -5  -6  -5   3   5  -5   0  -3  -5  -5  -4  -4  -4   1    0   0   0   0   0   0   0   0   0  18  68   0   1   0   0   0   0   0   0   8  1.26 0.52
  103 M    -1  -2  -5  -5  -3  -2  -4  -4  -4   3   4  -4   5  -1  -4  -4  -2  -2  -3   1    6   2   0   0   0   2   1   1   0  20  40   1  14   2   0   0   1   0   0   9  0.71 0.36
  104 T     4  -4  -2  -4  -3  -1  -3  -1  -4  -4  -4  -3  -2  -5  -4   4   3  -5  -4  -2   37   0   1   0   0   2   0   3   0   0   0   0   1   0   0  36  16   0   0   1  0.89 0.50
  105 D    -3  -5  -2   8  -6  -4  -2  -5  -4  -6  -6  -4  -6  -6  -2  -3  -4  -6  -4  -5    2   0   1  87   0   0   1   0   0   0   1   0   0   0   3   1   0   0   1   1  2.32 0.83
  106 A     6  -4  -4  -4  -2  -1  -4  -1  -4  -4  -4  -4  -4  -2  -4   1  -2  -5  -4  -2   76   0   0   0   0   2   0   4   0   0   1   0   0   2   0   9   2   0   0   1  1.35 0.63
  107 A     2  -4  -3  -4  -2  -3  -3   3  -3   0   0  -3   0   3  -3  -1   0   0  -2   0   23   0   1   0   1   0   1  25   0   6   8   0   2  15   0   4   5   1   1   8  0.37 0.25
  108 H    -4  -4  -2  -4  -6  -2  -4  -6  11  -6  -6  -5  -5  -1  -6  -5  -5  -6  -2  -6    1   1   1   1   0   2   0   0  88   0   1   0   0   2   0   0   0   0   1   0  3.28 1.04
  109 L    -4  -4   4   0  -4  -2  -4  -5  -4  -1   2  -4   8  -3  -5  -3  -2  -4   0   0    1   0  20   4   0   1   1   0   0   3  16   1  39   0   0   1   2   0   4   5  1.09 0.55
  110 L    -1  -5  -5  -6  -1  -5  -5  -4  -5   0   5  -5   2   4  -5  -4  -3  -4  -3   0    6   0   0   0   1   0   0   1   0   4  60   0   4  14   0   1   1   0   0   6  1.00 0.47
  111 A     0  -3   0  -3  -1  -3  -3   1  -4  -2  -2  -3  -1   0  -4   4   4  -5  -4  -1    6   1   4   0   1   1   1   9   0   1   3   0   2   5   0  35  27   0   0   3  0.62 0.42
  112 D    -4  -5  -3   8  -6  -4  -1  -5   0  -6  -6  -4  -6  -6  -5  -4  -2  -7  -6  -4    1   0   0  86   0   0   2   0   3   0   1   0   0   0   0   0   3   0   0   1  2.36 0.88
  113 V     1  -4  -3  -4   2  -3  -3  -3  -4   1   1  -4  -1   1  -3   1   0  -4  -3   4   15   0   1   0   4   1   1   2   0   6  15   0   1   7   1  10   5   0   0  31  0.41 0.29
  114 G     2  -3  -3  -4  -1  -3  -3   0  -4   2   2  -3   1   2  -3   0   0  -3  -2   1   23   0   1   0   1   0   0   8   0  13  18   0   3   8   1   8   4   0   0   9  0.28 0.22
  115 S     4  -4  -3  -4  -2  -2  -4   3  -4  -4  -5  -4  -4  -4  -4   4  -1  -5  -5  -3   37   0   1   0   1   1   0  22   0   1   1   0   0   1   0  30   2   0   0   1  0.93 0.50
  116 M    -2  -5  -4  -5  -4  -4  -5  -5  -5   2   5  -5   2   4  -5  -4  -3  -4  -1   0    3   0   1   0   0   1   0   1   0   9  51   0   5  19   0   1   1   0   2   4  0.98 0.46
  117 M     2  -4  -4  -4  -1  -3  -4   2  -4   2   2  -4   2   0  -4  -1  -1  -2  -3   2   16   0   0   0   1   0   0  17   0  12  20   0   5   4   0   4   2   1   0  15  0.35 0.25
  118 G    -2  -5  -4  -5  -3  -4  -5  -4  -5   5   4  -5   2   0  -5  -4  -2  -5  -4   3    3   0   1   0   1   1   0   2   0  32  33   0   4   3   0   1   2   0   0  17  0.89 0.42
  119 S     5  -5  -3  -4  -4  -4  -4   1  -5  -5  -5  -4  -5  -5  -4   5  -1  -6  -5  -2   40   0   1   0   0   0   0   9   0   0   1   0   0   0   0  39   4   0   0   3  1.14 0.61
  120 L    -3  -6  -6  -6  -5  -4  -6  -4  -5   1   5  -6  -1   2  -6  -4  -4   8   3  -1    3   0   0   0   0   1   0   1   0   7  46   0   1   7   0   1   1  17   9   4  1.22 0.57
  121 F     0  -5  -5  -5  -1  -4  -4  -1  -3   2   2  -5   0   5  -5  -3  -2   4   3   2    7   0   0   0   1   0   1   6   1  12  17   0   2  21   0   2   1   5   8  14  0.58 0.33
  122 S     6  -5  -5  -5  -1  -5  -5  -1  -5  -5  -3  -5   0  -3  -5   1  -2  -6  -5  -3   71   0   0   0   1   0   0   5   0   0   3   0   3   1   0  10   2   0   0   2  1.46 0.74
  123 L     1  -2  -1  -3  -3   0  -1  -2  -1   3   2  -3   1   1  -4   0   0  -2  -1   1   12   2   3   1   0   4   4   2   2  20  17   1   4   6   0   6   5   0   2  11  0.20 0.18
  124 W    -2   4  -3  -5  -2  -1  -2  -3   2   0  -1   3  -2  -1  -5  -3  -1   7   2   0    3  22   1   0   1   2   2   2   4   6   5  15   1   2   0   2   3  16   7   6  0.69 0.40
  125 L    -1  -4  -5  -5  -2  -2  -5  -5  -4   4   3  -3   3   1  -5  -4  -3   0  -1   2    6   1   0   0   1   2   0   1   0  21  32   2   7   5   0   1   1   1   2  15  0.67 0.36
  126 S     4  -4  -3  -4  -3  -1  -3   1  -5  -2  -4  -3  -1  -3  -4   4   0  -5  -1  -1   36   1   1   0   0   3   1   9   0   2   1   1   1   1   0  32   4   0   2   4  0.79 0.51
  127 T     0   4   0  -1  -1   2   0   0  -1  -3  -1   2  -2  -3  -2   1   1  -5  -4  -2    7  20   4   2   1   8   6   6   1   1   6  12   1   1   1  10  10   0   0   2  0.29 0.24
  128 R    -4   6  -3  -5  -4   0  -2  -5  -2  -3  -2   4  -3  -3  -5  -3  -4   4  -4  -4    1  48   1   0   0   3   2   1   1   2   4  26   1   1   1   2   1   5   1   1  1.37 0.65
  129 P     0   0  -3  -2  -3   0  -1  -1  -2  -4  -4   3  -2  -5   6   0  -1  -3  -5  -4    9   5   1   2   1   4   5   4   1   1   1  15   1   1  40   6   4   0   0   1  0.90 0.49
  130 A     4  -1  -2  -4  -3  -2  -3  -3  -1  -1  -4  -2  -3  -4   5   2  -1   1  -3  -2   34   3   2   1   0   2   1   2   2   3   1   2   0   1  24  13   4   2   1   2  0.74 0.45
  131 T    -3  -3   3   3  -2  -3  -3  -2  -1  -4  -5  -2  -3  -4  -1   3   5  -3  -5  -4    2   1  15  14   1   1   1   3   2   1   1   2   0   1   3  23  29   0   0   1  0.81 0.49
  132 R     1   1   0   0  -2   1   1  -1   1  -2  -2   2  -1  -3   2   1  -1  -1  -1  -2   12   8   3   5   1   6   7   4   4   1   3  18   1   1   9  10   3   1   2   2  0.20 0.16
  133 T    -1   4   0   1  -2   1  -1  -2   0  -2  -1   2  -1  -3  -2   0   0  -2  -2  -2    4  32   4   7   1   6   3   2   2   2   5  16   1   1   1   4   6   1   1   1  0.37 0.25
  134 M    -2   2   0  -3  -2   0  -2  -3   2  -2   0   1   4   3  -3  -2  -2   0   3  -2    3  14   4   0   1   3   1   1   6   1   7  11  14  16   0   2   1   1  11   1  0.33 0.24
  135 T    -1  -3   0  -2  -3  -2   0  -3   1  -3  -3  -2  -1  -3  -1   3   5  -4   1  -2    3   0   3   1   0   0   5   1   4   0   2   1   1   0   2  20  50   0   4   0  0.70 0.40
  136 F    -4  -4  -4  -5  -4  -4  -4  -5   1   0   0  -4  -1   6  -5  -3  -3   2   6  -2    1   0   0   0   0   0   0   0   4   5   7   0   1  43   0   2   0   2  32   2  1.23 0.47
  137 G    -1  -4   0  -3  -1  -3  -2   6  -4  -5  -5  -2  -4   0  -4  -1  -3  -4  -4  -5    2   0   5   0   1   0   3  76   0   0   1   2   0   4   0   2   0   0   0   0  1.37 0.50
  138 W    -3  -2  -2  -4  -4  -2  -1  -1   0  -3   0  -3  -1   4  -4  -3  -3   6   6  -3    1   2   1   0   0   1   4   6   2   0   7   1   2  19   0   1   0  13  37   0  0.99 0.42
  139 H    -1   1  -1  -1  -3   1   1   0   4  -2  -2   2  -1   1  -2  -1  -2   1   2  -1    4   9   1   3   0   6   9   8  14   2   3  15   1   6   1   2   1   2   9   4  0.20 0.16
  140 R    -3   7   0  -3  -5  -1  -2  -3  -3  -3  -4   1  -3   0  -4  -2  -3  -4  -3  -1    2  70   4   0   0   1   0   2   0   1   1   5   0   5   0   2   0   0   0   5  1.23 0.51
  141 S     3  -2  -2  -3  -2  -2  -2  -1   0   1   0  -2   2   1  -2   1   0   2   1   0   31   0   0   0   0   0   0   3   3   7   6   0   8   7   0  11   5   3   6   7  0.19 0.19
  142 E    -1   0   0   0  -4   1   5   0  -2  -4  -2   0  -3  -4   0   1   1  -4  -3  -3    3   3   3   3   0   5  44   8   0   0   3   3   0   0   4  11   8   0   0   0  0.46 0.29
  143 T    -1  -3  -3  -3  -2  -1  -2  -4  -3   4   1  -2   1   0  -1  -1   0  -3   0   3    3   0   0   0   0   3   3   0   0  31   7   3   3   3   3   3   6   0   3  30  0.34 0.24
  144 L    -4  -3  -6  -6  -4  -4  -5  -6  -5   3   5  -5   2   0  -5  -5  -4  -3  -3   1    0   1   0   0   0   1   0   0   0  17  60   0   4   4   0   0   0   0   0   9  1.11 0.54
  145 G     4  -4  -4  -4  -1  -4  -4   5  -4  -3  -5  -4  -3  -4  -4   1  -1  -5  -5  -1   38   0   0   0   1   0   0  38   0   2   0   0   0   1   0  10   4   0   0   4  0.97 0.53
  146 A     6  -5  -5  -5  -4  -4  -4   1  -5  -2  -5  -4  -3  -4  -3   0  -2  -6  -5  -3   75   0   0   0   0   0   0   9   0   2   0   0   1   1   1   6   1   0   0   1  1.39 0.72
  147 L    -2  -5  -6  -6  -2  -2  -5  -4  -5   0   5  -5   1   5  -5  -4  -3  -2  -1   0    3   0   0   0   1   2   0   1   0   4  48   0   4  27   0   1   1   1   1   4  1.02 0.53
  148 A     1  -4  -5  -5  -2  -4  -5  -2  -5   4   1  -4   1   3  -4  -3  -1  -4  -3   3   12   0   0   0   1   0   0   3   0  21  15   0   3  13   0   1   4   0   0  25  0.56 0.36
  149 S    -4  -4   8  -3  -6  -2  -4  -4   0  -5  -5  -4  -6  -6  -5   4  -2  -7  -6  -5    1   0  63   0   0   2   0   1   2   1   1   0   0   0   0  25   1   0   0   1  1.80 0.87
  150 V     3  -4  -2  -4  -1  -4  -4   4  -4   1  -2  -4  -2  -3  -4   2  -1  -5  -3   2   21   0   1   0   1   0   0  27   0   9   2   0   1   0   0  14   2   0   1  17  0.52 0.38
  151 V     0  -4  -4  -5  -2  -2  -4  -2  -4   3   3  -3   1   0  -4  -2   0  -4  -2   3    6   0   0   0   1   2   1   3   0  15  35   2   2   3   0   3   5   0   1  20  0.48 0.32
  152 S     0  -4  -4  -4  -2  -4  -4  -2  -4   2   2  -4   1   4  -4   0   2  -3  -2   1    7   0   0   0   1   0   0   2   0  11  24   0   4  18   0   8  11   0   0  10  0.42 0.31
  153 L    -4  -5  -6  -3  -4  -4  -5  -6  -6   4   5  -5   2  -2  -6  -5  -3  -3  -2   0    1   0   0   1   0   0   0   0   0  22  59   0   5   1   0   1   1   0   1   3  1.18 0.59
  154 W    -2  -6  -5  -6   0  -5  -6  -4  -5   3   3  -6   2   2  -6  -4  -2   8  -1   1    3   0   0   0   2   0   0   1   0  14  25   0   4   9   0   1   2  24   2  11  1.10 0.54
  155 M     2  -4  -4  -5  -1  -4  -4   1  -5   2   1  -4   0   0  -3  -1  -1  -4  -2   3   21   0   0   0   1   0   1  13   0  12  15   0   2   4   1   3   2   0   1  24  0.43 0.32
  156 V     0  -5  -5  -5  -4  -3  -5  -1  -5   4   3  -5   2  -2  -5  -2  -1  -5  -3   3    9   0   0   0   0   1   0   4   0  24  25   0   4   1   0   3   4   0   0  22  0.65 0.39
  157 T     2  -4  -3  -4   4  -4  -4   1  -5  -1  -2  -4   0  -4  -4   3   4  -5  -5   0   20   0   1   0   8   0   0   9   0   3   3   0   3   1   0  20  23   0   0   8  0.59 0.43
  158 G     1  -2  -4  -5  -2  -4  -5   4  -5   3   1  -4  -1   2  -5  -3  -2  -4  -3   2   11   2   0   0   1   0   0  28   0  15  13   0   1  11   0   1   2   0   0  14  0.51 0.34
  159 I     0  -4  -4  -5  -3  -4  -4   0  -2   2   0  -4   0   4  -5   0  -1   6   3   1    6   0   1   0   0   0   1   7   1  12   7   0   2  17   0   9   3  11  12  12  0.55 0.35
  160 L    -4  -6  -7  -7  -5  -6  -6  -4  -7   6   4  -6   0  -1  -6  -6  -3   0  -5   2    1   0   0   0   0   0   0   2   0  42  35   0   2   2   0   0   1   1   0  12  1.29 0.63
  161 L     0  -5  -5  -6  -1  -5  -5  -2  -5   3   2  -5   0   3  -5  -3  -1  -2  -2   4    7   0   0   0   1   0   0   4   0  14  22   0   2  14   0   2   3   0   0  28  0.67 0.40
  162 Y    -2  -3  -4  -5  -3  -4  -5  -4  -1   2   0  -2   0   2  -6  -3  -3   6   6   2    3   2   0   0   1   1   0   1   1  12  10   3   2   7   0   2   2   9  30  13  0.89 0.50
  163 L    -1  -3  -2  -1  -4   2   6  -4  -1  -2  -1  -2   2  -3  -5  -2  -3  -3  -4  -4    6   1   1   2   0   8  56   1   2   3   7   2   4   1   0   3   1   0   0   1  1.07 0.67
  164 A     6  -6  -2  -6  -2  -3  -4   0  -6  -5  -6  -5  -6  -7  -5   2  -2  -7  -6  -4   71   0   2   0   1   1   1   7   0   1   0   0   0   0   0  14   2   0   0   1  1.58 0.87
  165 F     0  -6  -6  -6  -1  -6  -6  -4  -6   6   0  -6  -1   1  -6  -4  -2   2   2   4    7   0   0   0   1   0   0   1   0  40   9   0   1   6   0   1   2   2   6  23  0.98 0.53
  166 V    -1   0  -1   0  -4   3   3  -1   2  -1  -1   1   0  -3  -1  -1  -1   0   0  -1    4   5   2   4   0  16  19   4   6   4   7   7   3   1   3   3   4   1   3   5  0.22 0.23
  167 R    -5   8  -3  -5  -8  -2  -4  -6  -1  -4  -3   0  -6  -7  -7  -5  -4  -7  -6  -7    1  83   1   1   0   2   1   1   1   1   3   4   0   0   0   1   1   0   0   0  2.39 1.09
  168 L    -2  -2  -6  -6  -3  -5  -6  -6  -1   3   4  -4   1   5  -6  -5  -3   1   0   0    3   3   0   0   0   0   0   0   2  15  35   1   2  26   0   1   1   2   3   6  0.94 0.51
  169 L    -1  -1  -3  -3  -2  -1  -3  -2  -1   4   1  -2   2   3  -4  -2  -1   0   1   1    5   3   1   1   1   4   1   4   1  24  14   2   4  15   1   4   3   1   4   9  0.32 0.23
  170 H    -1   0   3   2  -4   1   0  -2   5  -3  -3   0  -2  -3  -4   1   1  -2   1  -3    5   5  13   9   0   5   6   3  15   1   2   5   1   1   0  12   9   1   4   2  0.38 0.30
  171 S    -1  -1   1   0  -4   0  -1   0  -2  -1  -1  -1   0  -3   5   0   0  -5  -3  -2    5   3   6   6   0   5   4   6   1   3   6   3   2   1  32   6   5   0   1   2  0.50 0.34
  172 D    -2  -4   0   2  -6   2   3  -3   0  -4  -4  -2  -5  -6   6  -2  -1  -6  -6  -3    3   1   4  10   0   8  19   2   2   1   1   2   0   0  39   3   4   0   0   2  1.01 0.62
  173 Y     0   0  -1  -1  -3   2   1  -2   2  -1  -2   1  -1   0   1   0   0   0   2   0    9   4   2   3   0  10  10   3   5   2   3   8   1   5   7   5   6   1   9   8  0.11 0.13
  174 H    -1  -1   0   1  -4   0   3  -3   2   0  -3  -1  -1  -4   3  -1  -1  -4  -3   1    5   3   4   8   0   4  22   1   6   6   2   3   2   0  15   5   4   0   1   9  0.32 0.27
  175 I    -3  -1  -1  -1  -4  -4  -1  -3   1   5  -1  -2  -1  -3  -2  -2  -2  -5  -4   4    1   4   4   3   0   0   4   2   4  30   4   2   1   1   2   3   2   0   0  33  0.67 0.44
  176 E     0  -1   3   3  -5   2   2  -2   2  -2  -2   0  -1  -3  -1  -1  -1  -1  -3  -3    8   2  14  20   0   9  11   2   5   3   4   7   1   1   3   4   3   1   0   1  0.34 0.29
  177 G     2  -4   0  -1  -4  -1  -2   4   1  -3  -4  -2  -3  -4   2   2   0  -2  -3  -2   17   0   5   3   0   2   2  27   3   1   1   2   1   1  11  13   7   1   1   3  0.47 0.37
  178 G    -1   0   0   1  -3   0   0   2   1  -1  -1   1  -1  -1   1   0   1   2  -2  -1    2   4   5   9   0   3   7  15   3   3   8   9   1   3   6   7   8   3   1   3  0.10 0.12
  179 A     0  -1  -1  -3  -2  -2  -1  -1   0   2   2  -2   1  -2   2  -1   1   1  -1   1    7   3   3   1   0   1   3   6   3  15  20   1   3   1   9   4   9   2   2   8  0.14 0.17
  180 M    -4  -6  -3  -5  -1  -5  -2  -4   2   0   1  -6   9  -3  -3  -5  -2  -2  -5   3    1   0   2   1   1   0   3   1   4   5  10   0  49   1   2   0   3   1   0  17  1.54 0.82
  181 L    -1  -3  -1  -2   0   1  -3  -2   3   1   2  -3   2   1  -1  -2   0   1  -2   0    4   0   3   3   2   7   0   3   9  10  27   0   5   8   3   2   6   2   0   6  0.19 0.22
  182 L     0  -3  -2  -1   0   0  -1   0   1   3   0  -3   0   1  -1  -1   0   3  -1   1    6   0   1   4   2   5   5   8   3  24   6   0   1   5   2   4   4   4   2  12  0.13 0.17
  183 T     0  -3   0  -1  -1   1  -2  -2   2   1  -1  -3   0  -1  -1  -1   1   0  -1   3    6   0   5   4   1   7   0   3   7   9   5   0   2   3   4   4   9   2   1  29  0.20 0.24
  184 A     4  -3  -1  -3   0   0  -1   1   3  -3  -2  -3   1  -1  -3   1   0  -4  -3  -1   37   0   2   0   2   5   4   8   8   0   4   0   3   3   0  12   5   0   0   4  0.41 0.37
  185 S     1   0   0  -3   1   0  -2   0   0   1   0  -1   1   0  -3   1   0  -3  -1   2   12   5   4   0   3   5   0   9   3   7   9   2   4   3   0   9   5   0   1  16  0.07 0.13
  186 I     1  -3  -3  -2   1  -3  -1  -1   3   3   1  -3   0   0  -3  -1  -1  -2  -2   2   13   0   0   2   3   0   4   5   9  18  15   0   1   4   1   4   2   1   0  17  0.25 0.24
  187 A     2  -4  -2  -2  -2  -4  -3   6   2  -2  -4  -4  -4  -3  -1  -2  -3  -5  -4  -3   20   0   2   2   1   0   2  54   5   3   2   0   0   1   3   2   1   0   0   1  0.97 0.53
  188 V    -2  -1  -4  -2  -1  -3  -4  -1   1   1   3  -3   0   2  -1  -1  -1   1  -2   2    2   3   0   3   1   0   0   5   5   8  31   0   2   9   4   5   4   2   0  16  0.29 0.25
  189 C     2  -3  -1  -1   0  -3  -3   0   2   1   2  -3   0   1  -3   0  -1  -3  -2   2   19   0   2   3   2   0   0   7   6   9  18   0   2   7   0   6   3   0   0  16  0.21 0.22
  190 A     1   0  -1  -1  -1  -1   0   1   1   1   0  -2   0   0  -2  -1  -1  -3  -1   2   13   5   3   2   1   2   9  10   4  11   5   0   3   4   1   2   2   0   1  20  0.10 0.15
  191 N    -2  -4   7  -1  -5  -1  -1   0   2  -3  -3  -2  -1  -1  -1  -1  -2  -5  -2  -3    4   0  52   3   0   2   3   8   5   1   3   2   1   3   3   4   2   0   1   2  0.98 0.57
  192 L     0  -1   0  -2  -1  -2   1   1   1   2   1  -1   0   1  -3  -1  -1  -3  -2   1    8   3   4   0   1   0  10  11   4  14  16   4   2   6   0   2   4   0   0   8  0.08 0.13
  193 L     0  -1  -1  -1   3  -2  -1   0   2   2   1  -2   1   1   0  -1  -1   0   0   1    7   3   3   3   6   0   3   8   8  15  11   0   3   5   4   5   2   2   2  11  0.09 0.13
  194 M     1  -2  -1  -2   0  -1  -1   1   1   0   0  -1   3  -2  -3   1   1   2   0   0   10   1   2   1   2   3   3  10   4   6   8   3  11   1   0  12   8   3   4   7  0.12 0.17
  195 A     3  -1  -3  -2  -2  -2  -3   2   1  -1   0  -3   1   0  -3   0   0   1  -1   1   24   4   0   3   1   1   0  19   4   4   8   0   4   4   1   6   5   2   1   9  0.22 0.24
  196 F    -1   0  -1  -2   0  -1  -2  -2   2   0   1   0   1   2  -3  -1  -1   4   2   0    5   4   3   2   2   3   1   3   6   5  15   6   4  10   0   5   4   7   8   7  0.17 0.16
  197 V    -1  -2  -3  -3   0  -1  -2  -1   1   2   3  -2   0   0  -3  -1  -1   0  -1   2    5   2   1   2   2   3   2   5   4  13  28   3   2   4   1   4   4   1   1  12  0.24 0.19
  198 L    -3  -3  -3  -3  -9  -9  -4  -3   2  -1   5  -3   2   3  -9  -4  -2   1  -8  -2    3   2   2   2   0   0   2   2   4   4  51   2   4  12   0   2   3   2   0   3  1.08 0.59
  199 H    -2   1  -1  -2   0   1  -2  -1   7  -3  -2  -1   2   1  -3  -1  -2   2   2  -3    4   7   4   2   2   6   3   6  24   2   5   4   4   5   2   5   3   3   5   3  0.59 0.36
  200 Q    -1   2   0   0   0   1   1   1   4  -2  -1   0  -1  -1  -1   0  -1   0  -1  -2    4  10   5   6   2   6   7  10  10   3   6   6   2   3   3   6   4   1   2   3  0.16 0.13
  201 A    -1  -2  -1   1   1   0  -1   4   5  -3  -3  -2   2  -2  -2   1  -2   1  -2  -3    6   3   3   8   3   4   4  25  11   2   4   3   4   2   2  10   2   2   2   3  0.42 0.27
  202 G     0   0   0   1   1   0  -1   3   5  -2  -3  -1  -3  -3  -2   1  -1  -2  -2  -2    6   5   4   7   4   3   3  26  14   2   3   4   0   1   2  10   3   1   1   3  0.36 0.22
  203 P    -1  -1  -1   0   1   0   0   0   6  -2  -1   1  -1  -2  -1   0   0  -3  -2  -2    5   3   2   5   3   3   6   8  25   2   6   8   2   2   4   8   5   0   1   3  0.37 0.22
  204 P     0  -2   0   1   0  -1   0   2   5  -2  -1  -1  -2  -2   0   1   0  -2  -1  -1    8   2   4   7   2   2   4  16  14   2   7   3   1   2   5  11   5   0   2   4  0.20 0.14
  205 H    -1  -1  -1  -1   0  -1  -1   0   8  -2  -1  -1  -1  -1   0   0  -2  -2  -1  -2    4   3   3   4   2   2   4   7  38   2   5   3   2   3   4   6   3   0   1   3  0.78 0.30
  206 S     0  -1   1  -1  -1   0   0   1   4  -2  -2  -1  -1  -1  -1   3   0  -2  -2  -2    5   3   6   4   1   4   7  11  10   3   4   3   1   2   3  23   5   0   1   3  0.20 0.14
  207 H     0  -1   0   0  -1   0  -1   0   7  -2  -2  -1  -2  -1   0   0  -1  -2  -1  -2    7   3   5   5   1   3   4   8  29   2   4   3   1   3   5   8   3   0   2   3  0.49 0.22
  208 G     0  -1   1   0  -2  -1   0   2   3  -2  -2   0  -2  -2   0   1  -1  -1  -1  -2    7   3   6   6   1   3   6  19   9   2   5   5   1   2   5  12   4   1   2   3  0.17 0.10
  209 S     0   0   0   0   2   1   1   1   3  -1  -1   0  -1  -1   0   0   0  -2  -1  -1    7   5   4   6   5   5   7  10  11   3   5   4   1   2   5   8   5   1   1   4  0.10 0.07
  210 R     0   0   0   0  -1   0   0   1   3  -1  -1   0  -1  -1  -1   1   1  -2  -1  -1    6   6   5   6   1   4   5  11  10   3   5   4   1   2   3  13   8   1   2   5  0.10 0.07
  211 G     0   1   0   0  -1   0   0   1   2  -1  -1   0  -1  -1   1   0   0  -2   0  -1    6   7   5   6   1   5   6  11   8   3   6   4   1   3   6   9   5   1   3   5  0.06 0.04
  212 A     0   0   0  -1   0   0   0   0   4  -1  -1   0   0  -2   1   1   0  -2  -1  -1    7   5   4   4   3   3   7   9  13   3   5   4   2   1   7  11   6   0   2   4  0.12 0.09
  213 E     0  -1   0   0  -2   1   1   0   4  -1  -1   0  -1   0   0   1  -1  -2  -1  -1    8   3   4   5   1   5  11   8  12   4   5   4   1   4   5  11   3   0   2   4  0.13 0.09
  214 Y     0  -1   1   0  -1   0   0   1   5  -2  -1   0   0  -1  -1   1   0  -2   0  -1    7   3   5   5   2   4   5   9  15   3   5   5   2   3   2  12   6   1   4   4  0.14 0.10
  215 A     1  -1   0   0   0   0   1   1   4  -1  -1  -1  -1  -2  -1   1   0  -2   0   0   11   3   5   5   2   4   8  11  13   2   5   3   1   1   2  10   4   0   3   6  0.12 0.09
  216 P     0  -1   0   1  -1  -1   0   0   4  -1  -1   0  -1  -2   2   1   0  -2  -1  -1    8   3   4   8   1   2   5   7  13   4   5   6   1   1   9  10   6   0   1   4  0.15 0.09
  217 L     0   0   0   0  -2   0   0   0   3  -1   0   0   0  -1   1   1   0  -2  -1  -1    8   5   4   6   1   4   4   7  11   4   9   5   2   2   8  10   4   1   2   4  0.08 0.06
  218 E     0   0   0   0  -1   0   1   1   2  -1  -1   0  -1  -1   1   0   0  -1  -1  -1    7   5   4   5   1   5  10  12   8   4   5   4   2   2   6   9   6   1   2   4  0.08 0.04
  219 E     0   0   0   1  -1   0   1   1   3  -1  -1   0  -1  -1   0   0   0  -1   0  -1    6   6   4  10   1   5   8  10   9   3   5   4   1   2   3   8   7   1   3   4  0.08 0.05
  220 G     0  -1   1   0  -1   0   0   1   2  -1  -1   0  -1  -1   1   1   0  -1  -1  -1    6   3   6   4   1   3   5  14   6   4   7   5   1   4   6  13   5   1   1   5  0.06 0.04
  221 P     0   1   0   0  -1   0   0   0   1  -1  -1   0   0  -1   1   1   0  -1  -1  -1    5   7   4   4   1   5   6   7   6   5   7   6   3   3   7  12   7   1   2   4  0.05 0.03
  222 E     0   0   0   0  -1   1   1   0   2  -1  -1   1  -1  -1   0   0   0  -1  -1  -1    9   4   3   4   1   5   9   7   8   3   7  13   1   2   5   7   4   1   2   4  0.07 0.04
  223 E     0   0   1   0  -1   1   1   0   2  -1  -1   0  -1  -1   0   1   0  -1   0  -1    8   6   6   5   1   6   9   8   7   3   5   6   1   2   4  10   5   1   2   5  0.07 0.03
  224 P     0   0   0   0  -1   0   0   0   2  -2  -2   2  -1  -2   3   1   0  -2  -1  -1    7   4   3   5   1   2   5   7   8   3   4  13   1   2  13  13   3   1   2   4  0.15 0.08
  225 L     0   0   0   0  -1   0   0   1   1  -1  -1   1  -1  -1   0   0   0  -1   0   0    7   5   4   5   1   4   6  10   6   2   6   9   1   2   4   8   5   1   3  11  0.03 0.02
  226 P     0   1   0   0  -1   0   1  -1   3  -1  -2   1  -1  -2   2   1   0  -2  -1  -1    9   6   4   5   2   4   7   5  11   3   4   7   1   1  11  10   4   0   1   3  0.15 0.08
  227 L     0   2   0   0  -2   1   1   0   2  -2  -2   1  -1  -2   0   1   0   1  -1  -1    6  14   3   3   1   6   8   9   5   3   4  11   1   2   3  10   5   3   1   3  0.12 0.08
  228 G     0   1   0   0  -2   1   1   2   3  -2  -2   1  -1  -2  -1   0   0  -2  -1  -2    6   7   4   5   0   5  13  17   9   2   4   7   2   1   2   8   4   0   2   2  0.16 0.10
  229 N    -2  -2   5   3  -4  -1  -1   0   2  -4  -4  -2  -3  -4  -1   3  -1  -4  -1  -4    1   1  31  20   0   2   1   6   6   1   1   1   0   0   3  23   1   0   2   1  0.67 0.35
  230 T    -1   0  -2  -3  -3  -2  -1  -3   2   3   3  -2   2  -1  -2  -2  -1  -3  -2   1    3   5   1   1   0   1   4   1   5  18  41   1   6   1   1   1   2   0   0   6  0.35 0.23
  231 S    -2  -3   8  -2  -4  -3  -3  -1  -1  -4  -2  -3  -4  -5   0   1  -2  -5  -4  -4    2   0  70   0   0   0   1   3   1   1   5   0   0   0   5   8   2   0   0   1  1.38 0.57
  232 V    -1  -2  -3  -3  -3  -1  -1  -1   1   3   1  -3   4  -2  -1  -2  -1  -2  -2   3    3   2   1   0   0   2   6   5   4  19  11   0  14   0   3   2   3   0   0  24  0.29 0.22
  233 R     0   5  -2  -2  -4   1   0  -1   1  -4  -3   3  -1  -3  -3  -2  -2  -2  -2  -3    8  43   1   1   0   5   4   5   3   0   2  21   1   1   0   2   1   0   1   1  0.71 0.36
  234 A     3  -3  -2  -3  -2  -3  -3   4   1  -3  -3  -3  -2  -4   0   2  -1  -4  -3  -2   33   0   0   0   1   0   0  30   4   1   1   0   1   0   5  17   2   0   0   3  0.60 0.34
  235 A     5   0  -2  -4  -3   0  -3  -1  -3   0  -2  -2  -1  -4  -3   0  -1  -4  -4   2   57   4   1   0   0   3   0   3   0   4   2   2   1   0   0   6   2   0   0  14  0.62 0.39
  236 F    -1  -2  -2  -4  -2   0  -3  -3  -1   0   1  -1   0   6  -4  -2  -2   1   4  -1    5   2   1   0   1   5   0   2   1   5  11   4   3  35   0   3   1   2  17   2  0.59 0.32
  237 V    -2   0  -4  -5   2  -2  -4  -5  -4   2   4  -2   1  -1  -4  -3  -2   4   0   1    1   5   0   0   4   2   0   0   0  14  48   3   2   1   0   1   2   6   2   8  0.54 0.30
  238 H    -5  -3  -2  -3  -6  -3   0  -2  11  -6  -6  -4  -5  -5  -5  -2  -5  -6  -2  -6    0   1   1   1   0   0   6   3  85   0   0   0   0   0   0   2   0   0   0   0  2.80 0.91
  239 V    -1  -4  -2  -4  -3  -3  -4  -4  -4   2   2  -2   4   0  -4  -3  -1  -4  -3   4    4   0   2   0   0   0   1   0   0  10  15   2  14   4   0   1   2   0   0  41  0.56 0.35
  240 L    -1  -4  -4  -4  -2  -3  -4  -4  -4   2   4  -4   3   0   0  -1  -2   0  -2   1    5   0   0   0   1   0   0   0   0  14  45   0   9   4   4   5   1   1   0  10  0.52 0.29
  241 G     2  -3   0  -2  -2  -1   0   4  -3  -2  -3  -2  -2  -2   0   2  -1  -2  -2  -2   15   0   3   0   0   2   8  37   0   2   1   0   1   2   5  17   3   0   1   2  0.47 0.27
  242 D    -3  -4  -2   8  -5  -3   0  -4  -4  -5  -6  -3  -5  -5   0  -1  -2  -1  -5  -5    1   0   0  80   0   0   3   0   0   0   1   0   0   0   5   5   1   1   0   0  1.80 0.67
  243 L     3  -2  -3  -4  -1  -3  -3  -2  -3   0   2  -3   1   2  -3  -1   1   3  -2   1   27   2   0   0   1   0   0   1   0   4  25   0   4   9   0   2  11   4   0   8  0.30 0.23
  244 L     0  -3  -4  -4   1   0  -4  -2  -4   2   4  -3   1   1  -4  -3  -2  -1   0   1   11   0   0   0   3   4   0   3   0  11  47   0   3   5   0   1   0   1   3   8  0.46 0.29
  245 Q     0  -1   0  -2  -3   3  -1   4  -1  -2  -1  -2  -2  -2  -3   1   0   3  -2  -1    7   3   3   0   0  16   2  32   1   2   5   0   0   2   0  11   5   4   1   6  0.35 0.25
  246 S    -1  -3   0  -3  -2  -3  -3   0  -3  -5  -5  -3  -4  -2  -1   6  -1   4  -3  -4    2   0   4   1   1   0   0   5   0   0   0   0   0   2   2  73   1   6   1   0  1.19 0.60
  247 F     0  -4  -4  -4  -1  -4  -4  -2  -4   3   2  -4   0   1  -4  -3  -2   5  -2   4    7   0   1   0   1   0   0   3   0  15  21   0   2   6   0   0   1   9   0  33  0.56 0.30
  248 G     3  -4  -1  -3  -2  -3  -3   5  -4  -1  -3  -3  -3  -3   0   0  -2  -4  -4  -1   27   0   2   0   1   1   0  46   0   4   2   0   0   1   5   4   1   0   0   4  0.72 0.36
  249 V     1  -4  -4  -4  -3   0  -3  -4  -4   1  -1  -3  -1  -3  -4  -2   0   2  -3   6   11   0   0   0   0   5   1   1   0   6   3   1   1   0   0   1   5   3   0  61  0.79 0.41
  250 L    -1  -3  -4  -4  -1  -3  -4  -4  -4   4   3  -3   2   1   0  -3  -2  -3  -2   2    3   1   0   1   1   0   1   1   0  31  26   1   5   5   5   1   1   0   0  17  0.50 0.26
  251 A     0  -1  -3  -3  -1  -3  -2  -2  -3   4   1  -3   0  -1  -3  -1  -1  -3  -2   3    9   5   0   1   1   0   3   2   0  33  13   1   1   2   1   5   2   0   0  22  0.36 0.23
  252 A     4  -3  -2  -3  -2  -3  -3   2  -3  -3  -3  -2  -3  -3   0   2  -1  -4  -3  -1   48   0   1   0   1   0   1  16   0   0   1   0   0   1   5  17   3   0   0   4  0.62 0.36
  253 S     4  -3  -2   0  -2   0  -2   4  -3  -3  -3  -2  -3  -4  -3   1  -1  -2  -4  -2   37   0   0   5   1   5   1  32   0   1   1   0   0   0   0  12   3   0   0   1  0.62 0.34
  254 I     0  -3  -3  -3  -1  -2  -3  -1  -2   2   2  -3   0   0   0  -1   0   3   0   1   11   1   0   1   1   0   1   6   1  16  25   1   1   3   5   2   7   5   2  13  0.20 0.15
  255 L     0  -1  -3  -4  -1  -3  -3   0  -4   4   2  -3   0   0  -3  -2  -1  -2  -2   3    6   4   0   0   1   0   1   8   0  27  21   0   1   3   0   1   2   0   0  22  0.38 0.23
  256 I    -1  -4  -4  -5  -3  -4  -4  -5  -4   6   1  -4   3   0  -4  -4  -2   0  -2   2    6   0   0   0   0   0   1   1   0  56   8   0   7   3   0   1   1   1   1  13  0.93 0.42
  257 Y    -1   0  -1  -2  -2   0  -1  -1   3   0   0   0   1   1  -1  -1  -1   6   3  -1    5   4   2   1   0   4   3   6   8   6   7   7   5   4   2   3   3  12  15   3  0.24 0.17
  258 F    -1   0  -3  -4  -2  -3  -4  -4  -1   0   2  -2   0   5  -4  -3  -2   4   3   1    6   5   1   1   1   1   0   1   1   5  22   2   1  26   0   1   1   5  12   9  0.49 0.28
  259 K    -1   0   0  -1   2   1  -1  -1   0  -1   0   1  -1   1  -2   0   1   3   2  -1    4   3   4   2   5   6   4   4   2   2   7  10   1   8   1   6  14   4   8   4  0.09 0.10
  260 P    -2  -2   0   1  -4  -1  -2   0  -1  -3  -4   0  -4   0   5  -1   3   1  -2  -2    1   2   3   7   0   2   2   8   2   1   1   5   0   5  30   2  24   2   1   2  0.62 0.36
  261 Q    -2   0   0   0  -4   0   2   4   0  -1  -3  -1  -2  -2  -3   0  -2   5  -2  -3    2   5   5   4   0   3  15  33   2   4   2   3   1   2   1   7   1   8   1   2  0.44 0.28
  262 Y    -2  -2  -3  -3  -3  -2  -4  -5  -2  -3   0  -3  -1   1  -2  -4  -4  10   6  -2    3   2   2   1   1   2   1   1   1   1   8   2   2   6   2   1   1  38  24   2  1.62 0.63
  263 K     0   0   0  -2   0   1  -1  -2   0  -1   0   2   0   0   0   0   1   1   1   0    6   4   4   1   2   5   2   2   2   2   8  21   3   4   4   6  11   3   5   6  0.10 0.12
  264 A    -2   0  -4  -5  -4  -3  -4  -4  -3   4   1  -4  -1   1  -1  -4  -3   8   3   0    3   5   1   0   0   1   0   1   0  31  11   1   1   4   4   0   0  19  12   5  0.88 0.44
  265 A     4  -4  -4  -3  -2  -4  -4  -3  -4   3   1  -4   0  -1  -3  -2  -2  -4  -3   2   39   0   0   2   0   0   0   1   0  21  12   0   2   2   1   1   1   0   0  15  0.62 0.38
  266 D    -5  -6  -2   9  -8  -5  -3  -6  -5  -7  -8  -5  -7  -8  -4  -5  -4  -8  -7  -7    1   0   1  97   0   0   0   0   0   0   0   0   0   0   1   0   1   0   0   0  2.86 1.04
  267 P     1  -6  -6  -5  -6  -4  -5  -3  -4  -3  -2  -4  -4  -7   8  -1  -2  -7  -6  -3   10   0   0   0   0   0   0   2   0   2   4   0   0   0  72   5   2   0   0   2  2.02 0.81
  268 I     1  -5  -5  -5  -2  -5  -5  -4  -5   5   2  -5  -1  -2  -5  -3  -2  -1  -4   3   10   0   0   0   0   0   0   1   0  42  21   0   1   1   0   1   2   1   0  19  0.86 0.42
  269 S     1  -4  -4  -5   7  -4  -4  -4  -5   2   2  -4   1  -1  -4  -1  -1  -4  -2   2   13   0   0   0  24   0   0   0   0  10  25   0   3   2   0   6   3   0   1  12  0.70 0.36
  270 T     1  -3  -3  -4  -3  -3  -3   0  -4  -4  -4  -3  -4  -5  -4   5   5  -5  -5  -3    8   1   0   0   0   0   0   6   0   0   1   0   0   0   0  46  34   0   0   1  1.08 0.58
  271 F    -1  -4  -5  -5  -2  -4  -5  -4  -4   3   3  -4   2   4  -5  -4  -3  -1   1   2    4   0   0   0   0   0   0   1   0  20  32   0   4  18   0   1   1   0   4  12  0.66 0.34
  272 L     0  -4  -4  -5  -1  -4  -4   0  -4   3   3  -4   1   2  -4  -3  -2  -1  -2   3    9   0   0   0   1   0   0   7   0  16  32   0   2   9   0   1   1   1   0  19  0.49 0.29
  273 F    -3  -5  -5  -6  -2  -5  -5  -4  -5   6   0  -5   0   5  -5  -4  -3  -4  -2   2    2   0   0   0   1   0   0   2   0  43   5   0   2  28   0   1   1   0   0  15  1.12 0.50
  274 S     3  -4  -2  -4   0  -3  -3   2  -4  -2  -4  -3  -3  -4  -4   4   0  -5  -4   0   30   0   1   0   2   0   0  13   0   2   1   0   0   1   0  38   4   0   0   8  0.72 0.45
  275 I     1  -4  -4  -4   0  -4  -4   0  -4   3   2  -4   0   1  -4  -2  -1  -4  -3   3   13   0   0   0   2   0   0   7   0  21  23   0   1   5   0   1   2   0   0  23  0.46 0.28
  276 C    -3  -4  -5  -5  -2  -4  -5  -5  -4   3   4  -4   2   3  -5  -4  -2   2   2   1    2   0   0   0   0   0   0   0   0  17  37   0   6  14   0   0   1   3   8  11  0.71 0.35
  277 A    -2  -5  -6  -6  -4  -5  -5  -6  -6   6   0  -5   2  -3  -5  -4  -2  -5  -4   5    2   0   0   0   0   0   0   0   0  47   7   0   5   1   0   1   1   0   0  35  1.25 0.54
  278 L     0  -4  -5  -5  -1  -4  -5  -3  -5   2   4  -4   2   2  -5  -3  -2  -3  -2   2    8   0   0   0   1   0   0   2   0  12  50   0   4   7   0   2   1   0   1  12  0.69 0.36
  279 G     0   1  -2  -3  -1  -2  -3   1  -1   1   0   0  -1   2   1  -1  -2   5   2   0    7   8   1   0   2   0   0  11   1   9   7   7   1  11   6   4   1   8  10   6  0.19 0.17
  280 S     0   0   1  -3  -3  -1   0   1   0  -3  -4  -2  -2  -4  -3   4   3  -1  -2  -3    5   6   6   0   0   2   4  12   2   2   1   1   1   0   0  31  23   1   1   1  0.48 0.35
  281 T     3  -4  -3  -4  -1  -3  -3   0  -4  -3  -4  -3  -3  -5  -3   2   5  -5  -4   1   24   0   0   0   1   0   0   7   0   1   1   0   0   0   1  16  39   0   0   9  0.76 0.46
  282 A    -2  -4  -5  -5  -2  -4  -5  -3  -4   3   1  -4   0   3  -5  -4  -2   8   3   2    3   1   0   0   1   1   0   2   0  16  16   1   1  14   0   1   1  22   8  12  0.89 0.40
  283 P    -1   3   0  -1  -3   0  -1   1   0  -3  -3   1  -2  -4   3   1   1  -2  -2  -2    4  18   3   2   0   3   2  13   2   1   2  10   0   0  18   9   9   1   1   2  0.35 0.23
  284 T    -3  -4  -1  -5  -4  -4  -3  -5  -5   4   4  -4   1  -2  -4  -4  -2  -4  -4   2    1   1   4   0   0   0   1   1   0  27  46   0   3   0   0   1   1   0   0  13  0.84 0.42
  285 L    -2  -4  -5  -5  -2  -4  -5  -4  -5   3   4  -4   2   1  -5  -3  -1  -2  -3   2    2   0   0   0   1   0   0   1   0  15  51   0   5   6   0   1   4   0   0  13  0.79 0.39
  286 R    -2   6  -2  -4  -1  -1  -3  -3  -1  -2  -3   4  -2  -4  -3  -2  -2   1  -1  -3    2  46   1   0   1   1   0   2   2   2   2  29   1   1   1   2   2   2   2   1  1.02 0.51
  287 D    -2   1   0   5  -5   2   4  -3   0  -5  -5   0  -4  -4  -3   0  -2  -6  -4  -5    3   7   4  32   0   9  29   1   2   0   0   5   0   1   0   5   2   0   0   0  0.82 0.43
  288 V     2  -4  -3  -4   1  -3  -3  -3  -4   0  -3  -3  -3  -4  -3   4   3  -5  -4   1   18   0   0   0   3   0   0   1   0   7   1   0   0   0   0  40  18   0   0  11  0.72 0.46
  289 L     0  -4  -3  -4   1  -4  -4   1  -4   2   2  -4   1   2  -4  -1   0  -2  -1   2    8   0   0   0   2   0   0  11   0  14  20   0   3  11   0   5   6   0   1  18  0.30 0.22
  290 R    -1   3   2   0  -3   0  -1  -1   4  -1  -1   0  -1  -2  -2   0  -1   1  -1  -1    4  19  13   5   0   2   3   4  14   5   7   5   2   1   1   6   3   2   1   3  0.23 0.20
  291 I    -3  -5  -5  -6  -4  -4  -5  -6  -5   6   1  -5   1  -2  -6  -4  -2  -6  -4   5    1   0   0   0   0   0   0   0   0  48   9   0   3   1   0   1   2   0   0  34  1.27 0.56
  292 L    -2  -5  -5  -7  -3  -5  -5  -6  -3   0   6  -6   0   1  -6  -3  -4  -5  -4   0    3   0   0   0   0   0   0   0   1   4  77   0   1   6   0   2   1   0   0   4  1.29 0.59
  293 M    -3  -5  -5  -7  -5  -5  -6  -6  -6  -1   5  -5   8   0  -6  -4  -2  -5  -4  -2    1   0   0   0   0   0   0   0   0   2  48   0  41   3   0   1   2   0   0   1  1.62 0.70
  294 E    -2  -3  -1   2  -7   4   6  -3  -1  -6  -3  -3  -4  -6  -3  -3  -4  -6  -5  -6    2   0   2   9   0  22  57   2   1   0   3   0   0   0   1   0   0   0   0   0  1.36 0.66
  295 G     3   0  -2  -3  -3  -2  -3   5  -2  -4  -4  -2  -2  -1  -4   1  -1  -4  -3  -3   22   6   1   0   0   1   1  44   1   0   1   2   1   3   0  11   4   0   1   1  0.72 0.40
  296 T     2  -3  -2  -4  -1  -2  -3  -3  -4   0  -2  -2  -2  -3  -3   1   4  -5  -4   4   20   1   2   0   1   1   0   0   0   3   2   2   1   1   0   9  28   0   0  29  0.60 0.39
  297 P    -5  -6  -5  -5  -6  -4  -5  -5  -6  -5  -6  -5  -6  -7   9  -4  -4  -7  -6  -5    0   0   0   0   0   0   0   1   0   1   0   0   0   0  94   1   0   0   0   0  3.08 1.03
  298 R     1   2   0   1  -3   0   2  -2   0  -3  -3   2  -1  -3   1   1  -1  -4  -2  -1   11  14   3   7   0   3  12   2   3   1   2  17   1   1   8   9   3   0   1   4  0.24 0.18
  299 N    -2  -2   2   3  -3  -1   1   4   5  -5  -5  -2  -3  -3  -3   0  -1  -2  -1  -4    2   1   9  15   1   2  10  28  17   0   0   1   0   1   1   6   3   1   1   0  0.65 0.36
  300 V    -3  -4  -5  -4  -4  -3  -4  -5  -4   5   3  -4   2   0  -4  -3  -2  -4  -1   3    1   0   0   1   0   1   1   1   0  36  25   1   4   4   1   1   2   0   1  21  0.81 0.40
  301 G    -3  -2   3   6  -4   0   1  -3  -1  -5  -4  -1  -4  -6  -1   1  -3  -6  -4  -5    1   2  15  48   0   3   9   1   1   0   2   2   0   0   2  10   1   0   1   1  1.03 0.50
  302 F    -1  -3  -3  -4  -2  -2  -2  -4  -2   2   2  -3   1   2   2  -2  -1  -1   2   2    4   1   1   1   1   1   2   1   1  12  23   1   4   9   9   1   4   1   9  17  0.32 0.22
  303 E     1  -1   1   3  -3   1   2  -1  -1  -3  -3   0  -2  -4  -1   1   0  -4  -2  -2   11   3   7  21   0   5  16   4   2   1   2   6   1   0   3   8   6   0   1   3  0.31 0.22
  304 P     1   0  -1   2  -3   2   3  -2   0  -3  -2   2  -2  -4  -2   0  -1  -3  -3  -2   16   4   2  11   0   8  23   2   2   1   4  12   1   0   1   6   4   0   1   2  0.31 0.24
  305 V    -2  -5  -6  -6  -2  -4  -5  -5  -4   5   2  -5   1  -3  -5  -4  -2  -3  -3   5    3   0   0   0   1   0   0   0   0  29  18   0   3   1   0   0   1   0   0  41  1.04 0.48
  306 R    -1   3  -2  -2  -3   1   2  -1   0  -1  -1   3  -1  -3  -3  -1   0  -3  -1  -1    5  18   1   1   1   7  13   4   2   5   5  21   1   1   0   4   6   0   2   4  0.28 0.22
  307 D     1   2   1   1  -3   2   3  -2   1  -3  -3   2  -2  -5  -3   0   0  -5  -4  -3   14  10   6   9   0   8  19   2   3   1   1  11   1   0   1   8   6   0   0   1  0.34 0.25
  308 T     1   1  -1   3  -2   0   2  -1   1  -2  -2   0  -2  -2  -2   0   1  -2  -1  -2   15   7   1  16   0   3  13   4   3   2   4   6   1   2   1   7   9   1   3   3  0.19 0.17
  309 L    -4  -6  -6  -7  -5  -4  -6  -7  -6   4   5  -6   3  -1  -6  -5  -4  -3  -4   1    1   0   0   0   0   0   0   0   0  25  56   0   6   2   0   1   0   0   0   7  1.27 0.57
  310 L     0   1  -2  -3   0   0   1  -3  -1  -1   3   1   3  -2  -3  -1  -1  -4  -3  -1    9   7   2   0   2   5  12   2   1   2  28   9   8   1   0   5   3   0   0   2  0.23 0.23
  311 S     2   0   1   0  -3   1   2   0  -1  -3  -3   2  -1  -4  -3   2   0  -5  -3  -3   17   4   5   4   0   7  11   7   2   1   1  12   1   0   1  19   5   0   0   1  0.28 0.24
  312 V    -3  -4  -3  -4  -2  -2  -3  -5   0   5   2  -4   1   1  -3  -4  -1  -4  -2   4    1   1   1   1   1   2   1   0   2  35  15   0   3   6   1   1   4   0   1  25  0.71 0.38
  313 P    -2  -3   0   3  -6   0   3  -4  -2  -5  -5   1  -5  -4   5  -1  -2   0  -5  -5    3   1   4  15   0   4  23   1   1   0   1   7   0   1  30   5   2   1   0   0  0.86 0.47
  314 G    -2  -4  -1   1  -4  -1   0   6   2  -6  -5  -1  -5  -3  -4  -2  -4  -6  -4  -6    3   1   3   7   0   2   7  64   5   0   1   3   0   1   1   1   1   0   1   0  1.26 0.58
  315 V    -4  -7  -7  -7  -5  -6  -6  -7  -7   2  -2  -6  -2  -4  -5  -5  -3  -7  -5   7    1   0   0   0   0   0   0   0   0  10   2   0   0   1   0   0   1   0   0  83  2.06 0.84
  316 R     0   1  -1  -1   0   1   2  -3   0   1   0   2   0  -1  -3   0   0  -3  -1   1    6   9   1   3   2   5  13   1   2   8   8  13   2   2   0   4   6   0   2  13  0.11 0.13
  317 A     1  -1   2   3  -2   0   2   1  -1  -4  -5   0  -2  -5  -4   3  -1  -5  -4  -4   12   4   8  16   1   3  12  12   2   0   0   5   1   0   0  21   2   0   0   0  0.43 0.30
  318 T    -1  -6  -6  -6  -1  -5  -6  -6  -4   4   1  -6  -1  -2  -6  -5  -2  -4  -1   6    4   0   0   0   1   0   0   0   0  20   9   0   1   1   0   0   2   0   2  57  1.25 0.57
  319 H    -4  -2  -3  -3  -6  -2  -1  -5  11  -6  -5  -4  -5  -4  -7  -2  -5  -7  -1  -5    1   2   1   1   0   1   4   1  79   0   1   1   0   0   0   3   1   0   1   1  2.89 1.05
  320 E    -4  -3   2   6  -4  -2   1  -4   6  -7  -7  -3  -6  -6  -4   0  -4  -7  -3  -6    0   1   8  49   0   1   8   1  19   0   0   1   0   0   1   7   0   0   1   0  1.43 0.65
  321 L    -3  -5  -6  -6  -2  -5  -5  -6  -5   2   5  -5   0   1  -2  -5  -3  -2  -3   2    2   0   0   0   1   0   0   0   0   8  63   0   2   4   3   1   1   1   1  13  1.11 0.53
  322 H    -6   2  -1  -6  -5  -3  -5  -7  11  -7  -6  -3  -6  -5  -7  -6  -6  -7  -1  -7    0  10   3   0   0   1   0   0  80   0   1   1   0   0   0   0   0   0   2   0  3.15 1.11
  323 L     0  -5  -6  -6  -2  -5  -6  -6  -6   5   1  -5   1   0  -5  -4  -2  -5  -4   5    6   0   0   0   1   0   0   0   0  33  13   0   2   4   0   1   1   0   0  37  1.05 0.49
  324 W    -8  -4  -7  -9  -7  -7  -8  -8  -7  -6  -6  -8  -7  -3  -8  -5  -5  13  -2  -8    0   1   0   0   0   0   0   0   0   0   1   0   0   1   0   1   1  93   1   0  4.80 1.51
  325 A     2   0  -1  -3   0   2   0  -2  -1  -4  -3  -2  -1  -5   0   4   2  -5  -3  -3   17   4   3   1   2  10   5   2   1   0   1   1   2   0   4  32  13   0   1   1  0.49 0.37
  326 L    -4  -5  -4  -6  -4  -4  -5  -6   1   4   5  -5   2  -2  -3  -5  -3  -5  -3   1    0   0   1   0   0   1   0   0   3  23  54   0   4   1   1   1   2   0   1   7  1.08 0.51
  327 T     0  -4   1   2   1  -3  -2   0  -3  -4  -5  -2  -4  -5  -4   3   5  -6  -5  -3    7   0   6  13   3   0   2   6   0   0   0   1   0   0   0  24  34   0   0   1  0.76 0.47
  328 L     0  -2  -1   0  -4   0   1   1  -2  -2  -2  -2   2  -4   1   3   2  -5  -4  -1    6   1   2   4   0   4   9  11   1   2   4   1   6   0   6  26  12   0   0   5  0.27 0.25
  329 T    -2  -1   2   2  -4   0   1   4   1  -4  -5   0  -3  -5  -4   1   1  -5  -3  -4    2   3  12  12   0   3  10  28   4   0   0   5   0   0   0   8   9   0   0   1  0.49 0.31
  330 Y    -2   2  -1   0  -3   2   1  -3   2  -1  -1   3   1  -1  -3   0   0  -3   0  -1    1  11   3   4   0   9   9   1   5   4   5  20   4   3   0   5   5   0   4   6  0.22 0.20
  331 H    -1  -1   2  -2  -1  -3  -2  -3   3   2  -1  -2  -1  -2   2  -1   2  -3   1   2    4   3  11   2   1   0   2   1   8  12   4   2   1   1  12   3  12   0   5  15  0.25 0.23
  332 V     4  -4  -3  -5  -1  -4  -4  -3   0   2   0  -4   1  -1  -4   0  -2  -5  -1   3   37   0   1   0   1   0   0   1   2  11   7   0   4   2   0   6   2   0   2  21  0.57 0.37
  333 A     2  -5  -5  -6   1  -5  -5  -1  -5   1   4  -5   4   2  -5  -4  -4  -4  -3   0   17   0   0   0   3   0   0   5   0   5  46   0   9   8   0   1   0   0   0   5  0.76 0.43
  334 S     0  -4  -3  -2  -1  -3   0  -4  -5  -1  -4  -4   0  -6  -5   5   4  -3  -4  -4    6   0   1   1   1   0   6   0   0   3   1   0   2   0   0  49  27   0   0   1  1.07 0.62
  335 A     4  -5  -5  -5   4  -4  -5  -1  -5   0   0  -4   1  -3  -5  -2  -2  -5  -4   3   42   0   0   0   9   0   0   4   0   4  10   0   3   1   0   1   2   0   0  23  0.79 0.46
  336 H    -6  -3  -3  -5  -4  -4  -4  -7  11  -8  -7  -2  -6  -6  -6  -5  -5  -7  -3  -6    0   1   1   0   0   0   1   0  90   0   0   2   0   0   0   1   1   0   0   1  3.60 1.22
  337 L    -2  -6  -6  -6  -4  -5  -6  -6  -6   4   4  -6  -1  -3  -6  -5  -4  -5  -4   5    3   0   0   0   0   0   0   0   0  23  32   0   1   0   0   0   0   0   0  40  1.21 0.55
  338 A     1   0  -1  -2   0   1   1  -3  -1   1   0   0  -1  -3  -4  -1   0  -3  -3   3   13   5   3   2   2   8   8   1   2   6   8   5   1   1   0   2   6   0   0  29  0.23 0.22
  339 I    -1  -3  -5  -5   0  -4  -5  -5  -3   4   2  -4   1  -2  -3  -3  -1  -4  -3   5    4   1   0   0   2   1   0   0   1  25  16   1   3   1   2   1   4   0   1  37  0.77 0.40
  340 D     1   0   1   4  -2   0   2  -2  -1  -3  -4   1  -3  -5   0   1   0  -5  -4  -2   10   5   5  25   1   3  14   3   1   1   1   8   0   0   5   9   5   0   0   3  0.38 0.27
  341 S     0  -1   1   4  -3   0   1  -1  -2  -5  -5   0  -3  -4   3   1   0  -6  -4  -3    8   3   6  24   1   3  10   5   1   0   0   6   0   1  15  11   5   0   0   1  0.48 0.31
  342 T    -1  -2   0   2  -2   0   1   2  -1  -1   0  -1   0  -3   0   0   0  -3  -3  -2    5   1   4  13   1   5   9  20   1   5   9   2   3   1   4   8   7   0   1   2  0.15 0.15
  343 A     3  -1  -1  -1   1   0   0  -1   1  -2  -2  -1  -1  -3  -1   2   1  -4  -2   0   26   3   3   2   3   3   5   3   4   2   3   4   1   1   2  19   7   0   1   7  0.23 0.23
  344 D    -2  -1   2   5  -3   1   2  -2   0  -3  -3  -1  -3  -3  -1   1  -2  -4  -4  -3    3   4  10  34   1   5  13   2   2   1   3   3   0   1   3  12   1   0   0   1  0.58 0.37
  345 P     2   0  -1  -2   1  -1   0   0   1  -2  -2  -2   1  -1   2   1   0   4   1  -1   16   4   3   1   3   2   5   5   4   2   4   1   5   2  10  13   6   6   5   3  0.17 0.18
  346 E    -1  -1   0   3  -2   4   3  -2   2  -3  -4  -1  -1  -4  -1   0   0  -5  -3  -4    5   3   5  17   1  19  21   3   4   1   1   3   2   1   3   5   5   0   1   1  0.50 0.34
  347 A    -1   0   0   0   2   0  -1  -1   2   0  -1   0   2   0   0  -1   0   3   1  -1    5   5   5   5   5   5   5   5   5   5   5   5   5   5   5   5   5   5   5   5  0.03 0.09
  348 V    -1  -2  -2  -2   1  -2  -2  -3  -1   4   1  -2   0   0  -2  -2  -1  -5  -1   4    4   2   2   2   3   2   2   2   2  23  13   3   2   4   2   2   4   0   2  24  0.42 0.32
  349 L    -1   0  -2  -5   0  -1  -3  -3  -1   1   4  -1   1  -1  -2  -1  -1   1   1   0    4   6   2   0   2   2   2   2   2   8  37   5   3   2   2   4   4   2   4   7  0.34 0.30
  350 A     1   2  -1   1  -1   1   1  -1   2  -3  -2   2  -1  -3  -2   1   0  -1  -2  -3   11  11   3   8   1   6  10   3   5   1   4  14   1   1   2   9   4   1   1   1  0.22 0.23
  351 E     1   2   1   1  -6   3   3  -3   0  -3  -3   3  -1  -4  -3  -1  -1  -6  -2  -3   11  11   6   6   0  11  18   2   2   1   2  15   1   1   1   4   4   0   1   2  0.40 0.36
  352 A     3  -3  -4  -6   0  -2  -3  -4  -6   4   1  -3   1  -3  -5  -3   0  -1  -3   3   22   1   1   0   2   2   2   1   0  22  15   2   3   1   0   2   5   1   1  17  0.57 0.41
  353 S    -1   2   1  -2  -2   3   1  -2   0   0  -2   2   0  -3  -4   0   1  -5  -2  -1    5  13   6   1   1  12   9   2   2   6   3  12   2   1   0   7   9   0   1   5  0.26 0.27
  354 S     1   2   0   0  -2   2   2  -2   4  -3  -3   2  -1  -3  -3   0  -1  -6  -2  -3   10  11   5   6   1   9  12   2   9   1   3  14   2   1   1   6   4   0   1   2  0.34 0.31
  355 R    -1   1  -2  -2   0   0   1  -3   0   1   2   0   3  -1  -4  -2  -1   0   0   1    4   7   2   3   2   5   9   2   2  10  19   5   9   2   0   2   3   1   4   8  0.16 0.18
  356 L    -3  -4  -7  -8   4  -4  -7  -8  -3   2   6  -4   0  -1  -7  -4  -4  -6  -6   1    2   1   0   0   8   1   0   0   1  10  60   1   2   2   0   1   1   0   0   7  1.31 0.71
  357 Y     1   3  -1  -2   1   1   0  -3   4  -2   0   2  -1   1  -4  -1  -2  -1  -1  -2   11  17   3   2   3   6   5   1   9   2   9  13   2   7   0   3   2   1   2   2  0.28 0.26
  358 S    -1   1   0   2  -3   0   4  -2   4  -3  -4   1  -3  -4  -5   1   0  -6  -3  -4    6   7   5  11   1   4  24   3  11   1   1   9   1   1   0   9   6   0   1   1  0.49 0.40
  359 R    -1   3   1   0  -5   1   2  -2   3  -3  -3   4  -2  -4  -2  -1  -1  -5  -3  -4    6  17   6   4   0   6  13   2   7   1   2  23   1   1   2   3   4   0   1   1  0.49 0.38
  360 F    -3  -6  -3  -6  -3  -4  -5  -5   4  -2  -1  -4  -2   7  -6  -5  -4   1   6  -4    3   0   1   0   1   1   1   1   9   2   5   1   1  41   0   1   1   2  27   1  1.61 0.79
  361 G    -2  -1   3   1  -3  -1  -2   5   3  -7  -6   0  -6  -5  -4  -1  -4  -7  -4  -6    3   4  13   8   1   3   3  46   6   0   1   5   0   1   1   5   1   0   0   0  0.95 0.60
  362 F    -4  -8  -5  -8  -2  -7  -5  -8  -8   7  -1  -7   0   2  -8  -7  -4  -7  -3   2    1   0   1   0   1   0   1   0   0  63   6   0   2   9   0   0   1   0   1  14  1.80 0.87
  363 S    -1   0   1   1  -3   0   1  -1   6  -3  -4   0  -5   0  -4   1   0  -2   1  -3    5   4   6   7   1   5  10   5  22   1   1   5   0   5   1  10   7   1   4   2  0.48 0.37
  364 S    -5  -4  -1   0  -4  -2   0  -6  10  -4  -5  -3  -4  -3  -6   1  -4  -8  -1  -6    1   1   2   5   1   2   7   0  63   1   1   2   0   1   0   9   1   0   2   1  2.30 1.12
  365 C     2  -6  -4  -5   3  -4  -4  -5  -4   1  -1  -5   0  -4  -2   2   3  -3  -5   4   14   0   0   0   6   1   1   0   0   8   5   0   2   1   2  16  19   0   0  24  0.65 0.49
  366 T    -3  -7  -2  -5  -2  -7  -7  -8  -8  -4  -6  -7  -3  -5  -7  -2   8  -9  -3  -2    2   0   2   0   1   0   0   0   0   1   1   0   1   1   0   3  85   0   1   3  2.46 1.26
  367 L    -4  -7  -8  -8  -6  -7  -8  -8  -8   6   3  -7  -1   1  -8  -7  -6  -7  -6   4    1   0   0   0   0   0   0   0   0  42  29   0   1   5   0   0   0   0   0  21  1.53 0.74
  368 Q    -5  -5  -6  -6  -3   9   3  -5  -2  -9  -8  -5  -3  -9  -7  -4  -7  -8  -8  -8    1   0   0   0   1  79  16   1   1   0   0   0   1   0   0   1   0   0   0   0  2.75 1.31
  369 V    -3  -6  -7  -7  -1  -6  -6  -7  -7   4   2  -6   2   2   3  -5  -2  -6  -3   4    2   0   0   0   1   0   0   0   0  26  18   0   4   7  13   1   3   0   0  25  0.93 0.51
  370 E    -7  -4  -5   1  -4  -1   8  -8  -6  -6  -7  -5  -8  -9  -7  -5  -5  -9  -8  -6    0   1   0   7   0   2  87   0   0   1   0   0   0   0   0   1   1   0   0   1  2.52 1.14
  371 Q    -1   1  -1   0   1   0   0  -3   1  -2  -1   1  -2   1   2   1   2   0   1  -2    3   9   3   5   3   3   6   1   4   2   6   8   1   6  10  11  12   1   4   3  0.14 0.15
  372 Y     0  -1  -1   0  -1   0   2  -2   2  -1  -2  -1  -2   2   0   0  -1  -2   4   0    8   3   2   5   2   3  13   3   6   3   3   4   1   7   4   7   3   0  18   6  0.21 0.19
  373 Q    -1   0   1   2   0   2   1   0   2  -3  -2   0  -2  -3   1   1  -1  -4  -3  -1    5   5   7  13   2   8  10   6   5   1   3   4   1   1   7  11   4   0   0   6  0.19 0.17
  374 P     0  -1  -1   2   6   0   2  -3   3  -3  -3  -1  -3  -3   3   0  -1  -5  -3  -3    6   3   3  10  17   4  15   2   8   2   2   3   0   1  15   5   3   0   0   1  0.55 0.35
  375 E    -1  -2   0   4  -1   2   4   0   1  -2  -3   0  -3  -3  -1  -1  -1  -5  -4  -3    5   2   4  20   2   7  26   8   3   2   2   6   1   1   3   4   4   0   0   2  0.43 0.31
  376 M     0  -2  -1   0   5  -1  -2  -2   2   0  -2  -1   6  -1  -3  -1   1  -5  -4   0    6   2   3   6  13   2   2   3   5   4   3   4  24   2   1   5   8   0   0   5  0.52 0.35
  377 A     1   0   0   1  -1   0   3   0  -2  -3  -2   0  -3  -4   1   1   0  -3  -3  -1   13   5   4   9   1   4  18   7   1   1   3   6   0   0   7  10   4   0   1   5  0.20 0.19
  378 Q    -2  -2   2   4   1   0   1  -1   3  -2  -4  -1  -3  -4  -1   1  -1  -2  -2  -3    3   2  11  26   3   4   9   5   7   3   1   3   1   0   3  10   4   1   1   2  0.43 0.30
  379 C    -2  -5  -3  -1  11  -5  -3  -3   0  -3  -3  -5  -3  -5  -5  -2  -4  -6  -1  -4    3   1   1   4  68   1   2   2   3   2   3   1   1   1   1   3   1   0   2   1  2.58 0.95
  380 L     0   1   0   0   0   0   1   0   1   0   0   0  -1  -1   0   0  -1  -1   0   0    6   8   6   5   2   3  12   7   5   5  10   6   1   2   3   6   2   1   3   6  0.04 0.05
  381 R    -2   2   0   1   0   4   0  -2   4  -2  -1   1  -2   1  -1   0  -2  -5  -2  -2    3   9   3   8   2  19   6   3  10   2   7   7   0   6   3   7   2   0   1   3  0.27 0.24
  382 C    -4  -9  -8  -9  12  -5  -4  -8  -2  -5  -7  -9  -7  -8  -3  -7  -5   0  -8  -5    2   0   0   0  89   1   2   0   1   1   0   0   0   0   2   0   1   1   0   1  4.02 1.34
  383 Q    -1   2  -1   0  -5   5   2  -3   2  -3  -3   1   0  -4  -1   0   0  -5  -1  -2    5   9   2   5   0  25  11   2   4   1   3  10   2   0   3   8   6   0   2   3  0.42 0.32
  384 E    -2  -3   0   3  -2   2   3  -1   0  -2  -1  -1  -2  -3   2   0  -1  -5  -1  -2    2   1   4  19   1   9  22   5   2   3   5   2   1   1  10   5   3   0   2   2  0.37 0.27
  385 P    -5  -2  -6  -2  -7  -1  -5  -7  -6  -7  -5  -5  -7  -8   8  -1  -5  -8  -4  -7    0   3   0   2   0   3   0   0   0   0   1   0   0   0  85   5   0   0   1   0  2.68 0.95
  386 P     1  -1  -3  -2   5  -1   1  -3  -4  -4  -4  -2  -2  -5   6   2   0  -5  -4  -4   11   4   0   1  13   2   8   0   0   0   0   1   1   0  37  16   5   0   0   0  0.90 0.34
  387 Q    -2   0  -1  -2  -4   4   2   0   3  -4  -4   4  -2  -1  -1  -1  -1  -4  -2  -2    0   3   0   0   0  24  14   7   9   0   0  30   0   3   2   3   3   0   0   2  0.50 0.22
  388 A     5  -2  -2  -2  -2  -2  -2  -1  -3  -3  -3  -2  -2  -3  -2   3  -1  -4  -3  -1   77   0   0   0   0   0   0   0   0   0   0   0   0   0   0  23   0   0   0   0  0.76 0.20

                      K         Lambda
Standard Ungapped    0.1355     0.3217
Standard Gapped      0.0413     0.2670
PSI Ungapped         0.1351     0.3178
PSI Gapped           0.0413     0.2670
