
Last position-specific scoring matrix computed, weighted observed percentages rounded down, information per position, and relative weight of gapless real matches to pseudocounts
            A   R   N   D   C   Q   E   G   H   I   L   K   M   F   P   S   T   W   Y   V   A   R   N   D   C   Q   E   G   H   I   L   K   M   F   P   S   T   W   Y   V
    1 M    -4  -5  -5  -6  -5  -4  -5  -6  -5   0  -1  -5  10  -3  -6  -5  -4  -5  -4  -2    0   0   0   0   0   0   0   0   0   3   0   0  97   0   0   0   0   0   0   0  2.79 0.72
    2 F    -3   5  -3  -4  -5   2  -2  -4   3  -4  -1   1  -2   3  -4  -3  -3   5  -1  -4    0  43   0   0   0   8   0   0   9   0   6   9   0  17   0   0   0   7   0   0  0.82 0.31
    3 L    -4  -2  -5  -6  -4  -4  -5  -6  -5   0   6  -4   1   0  -5  -5  -3  -3   0  -1    0   2   0   0   0   0   0   0   0   2  88   0   2   2   0   0   0   0   3   0  1.26 0.41
    4 T     0  -3  -2  -3  -3  -3  -3   0  -4  -3  -4  -1  -3  -2  -3   2   6  -5  -4  -3    4   0   0   0   0   0   0   6   0   0   0   3   0   2   0  16  68   0   0   0  1.07 0.42
    5 A     1   2   1  -1   1   0  -1  -1   0  -1   1   0  -1  -2   0   1   0   3  -2  -1   12  17   8   2   3   4   0   2   3   4  18   2   0   0   4  10   5   4   0   1  0.11 0.11
    6 L     1  -1  -3  -4  -2  -1  -3  -4  -3   3   1  -3   0   2  -2  -2  -1  -3   1   3   13   3   0   0   0   2   0   0   0  19  11   0   0  10   1   0   3   0   4  32  0.34 0.18
    7 L    -1  -2  -5  -5   0  -4  -4  -5  -4   0   5  -4   0   3  -4  -4  -3  -3  -2   1    4   2   0   0   2   0   0   0   0   0  71   0   0  11   0   0   0   0   0   7  0.85 0.32
    8 W    -3   1  -2  -4   3  -3  -3  -4  -3  -1   3  -2   1   4  -1  -3  -3   4   2  -1    0  11   3   0   7   0   0   0   0   0  31   2   4  22   3   0   0   6   8   2  0.47 0.22
    9 R    -1   4  -1  -3  -4  -1  -2   0   0  -1  -2   3   0  -1  -3   0   1  -3   3  -2    3  30   1   0   0   0   0   6   1   5   2  19   3   2   0   6   8   0  12   1  0.37 0.21
   10 G     0   3  -1  -2  -4  -1   0   1  -1  -4  -4   4  -2  -3   2   0  -1   0  -2  -3    7  16   1   0   0   0   5  10   1   0   0  36   1   1   9   6   3   2   1   0  0.46 0.22
   11 R    -1   3  -2  -3  -4  -1  -2   1   3  -2  -1   3  -2  -1  -1   0  -1   1   0  -2    2  21   0   0   0   0   0  11   8   1   7  29   0   2   3   9   1   2   2   2  0.34 0.20
   12 I     0  -3  -4  -4  -3  -3  -3  -3  -4   3   0  -2   2  -1   2  -2   1   2  -1   3    7   0   0   0   0   0   0   1   0  25   6   2   5   2  12   0   8   3   2  27  0.39 0.19
   13 P    -3  -1   1  -3  -5  -3  -3  -1  -2  -5  -2   0  -4  -6   8  -1  -3  -6  -5  -5    0   4   6   0   0   0   0   6   1   0   4   5   0   0  71   3   0   0   0   0  1.73 0.45
   14 G    -2  -1  -3  -4  -5  -4  -4   7  -4  -6  -6  -4  -5  -5  -5  -3  -4  -5  -5  -5    0   4   0   0   0   0   0  94   0   0   0   0   0   0   0   0   0   0   0   0  1.99 0.50
   15 R    -1   3   2  -2  -4   0  -2  -3   5  -3   0   3  -1  -2  -3   0  -2  -4   0  -3    3  21  14   0   0   2   0   0  18   0  11  19   2   2   0   7   0   0   3   0  0.45 0.22
   16 Q    -2   0  -3  -4  -3   3  -2  -4  -3   4   2   0   1  -2  -4  -3  -1  -4  -3   1    0   5   0   0   0  20   0   0   0  29  25   6   2   0   0   0   4   0   0  10  0.44 0.23
   17 W    -4  -2  -4   0  -5  -4  -4  -5   0  -4  -2  -4   1   5  -5  -4   1  10   3  -4    0   2   0   7   0   0   0   0   3   0   1   0   4  26   0   0   9  41   7   0  1.64 0.44
   18 I     1   3  -2  -3  -3  -1  -1   0  -1   2  -1   0  -2   0  -3   0   1  -4  -2  -1   12  26   0   0   0   0   3   8   1  19   3   5   0   4   0   6  12   0   0   1  0.23 0.18
   19 G    -3  -5  -3  -4  -5  -5  -5   7  -5  -7  -7  -4  -6  -6  -5  -3  -4  -5  -6  -6    0   0   0   0   0   0   0 100   0   0   0   0   0   0   0   0   0   0   0   0  2.33 0.59
   20 K    -4  -1  -3  -4  -6  -2  -2  -5  -4  -6  -5   8   1  -6  -4  -3  -4  -6  -5  -5    0   0   0   0   0   0   0   0   0   0   0  97   3   0   0   0   0   0   0   0  2.08 0.65
   21 H    -4   1   3   0  -5   0  -1  -4   8  -3  -4  -2  -4  -2  -4  -3  -2  -1   4  -2    0   9  13   6   0   5   2   0  43   1   0   0   0   0   0   0   2   1  16   3  1.11 0.41
   22 R    -3   8  -3  -4  -6   2  -3  -3  -3  -6  -5   1  -4  -6  -5  -3  -4  -6  -5  -5    2  83   0   0   0   7   0   1   0   0   0   6   0   0   0   0   0   0   0   0  1.88 0.57
   23 R    -2   3  -3  -4  -3  -1  -2  -4  -3   1   2   2   1   0  -4  -3  -2   1   0   1    1  24   0   0   0   1   0   0   0  11  23  17   3   4   0   0   0   2   2  11  0.37 0.21
   24 P    -2  -4  -4  -5  -3  -4  -4  -5  -1   3   0  -4  -1   0   2  -1  -2   1   2   4    1   0   0   0   0   0   0   0   1  23   4   0   0   3  11   5   0   2  10  40  0.61 0.28
   25 R    -1   4  -3  -3  -4   1  -1  -4   1  -2  -3   3  -3  -4   4  -2  -3   0  -1  -2    5  28   0   0   0   6   1   0   4   3   2  20   0   0  25   0   0   2   2   3  0.71 0.29
   26 F    -3   3  -3  -2  -5   1   0  -4   2  -3  -2   2  -3  -2   6  -3  -2  -4  -1  -2    0  18   0   1   0   5   6   0   5   1   5  15   0   1  38   0   1   0   2   3  0.81 0.30
   27 V    -2  -4  -5  -5  -3  -2  -2  -5  -1   3   1  -4   2   0  -1  -4  -2  -4  -1   5    0   0   0   0   0   1   2   0   2  19  10   0   4   4   3   0   0   0   2  52  0.72 0.31
   28 S    -2  -1   0  -2  -3  -2  -1  -2  -3  -4  -4  -1  -3  -4  -3   3   6   1  -2  -3    0   4   4   1   0   0   3   1   0   0   0   4   0   0   0  23  56   2   1   0  0.92 0.41
   29 L     0  -1   1  -1  -3   1   0  -1   0  -2  -1   1  -1  -1   3   1   0   2  -1  -1    5   1   9   1   0   6   5   3   3   1   8  11   1   2  16  15   3   4   2   4  0.19 0.12
   30 R     0   1   2   0  -3   1   0   1   1  -2  -2   2  -1  -3  -2   1   1   0  -2  -2   10   7  10   5   0   5   4  11   4   1   3  16   2   0   0   9  11   1   0   1  0.18 0.11
   31 A     1   2  -1   1  -3  -1   0  -2   3  -1   0   0   4   0  -3  -1   0  -3  -2  -1   11  17   2   8   0   1   4   1   9   3   5   3  20   3   0   3   5   0   0   4  0.22 0.18
   32 K    -2   2  -3  -3  -4   0   0  -4  -3   0   1   5   1  -4  -3  -2  -1  -4  -3   0    2  11   0   0   0   4   3   0   0   5  13  50   3   0   0   0   2   0   0   8  0.60 0.29
   33 Q     0   3   0   0  -3   2   1  -3   0  -2   0   2   1  -3  -3   0  -2  -3  -1  -1   10  24   4   4   0   8   9   0   1   0   8  10   6   0   0   7   0   0   2   5  0.24 0.16
   34 N     1   2   3   1  -3   2   1  -2  -2  -3  -2   2  -1  -4  -3   0   1  -4  -2  -3   11  12  22   6   0   9   7   1   0   1   2  13   1   0   0   3  12   0   1   0  0.33 0.19
   35 M     1  -1  -3  -3  -3  -2  -1  -3  -3  -1   2   1   3   2  -3  -2   1  -3  -1   1   18   3   0   0   0   0   3   0   0   0  23  10  11  13   0   0  10   0   0   8  0.24 0.18
   36 I    -1   1  -3  -3  -3   0  -1  -2  -3   2   2   1   2   1  -3  -2  -1   3  -1   1    6  12   0   0   0   4   2   3   0  12  21   9   5   7   0   0   1   4   0  15  0.17 0.12
   37 R    -1   3   2   1  -4   1   2  -1   0  -3  -3   4  -3  -4  -3  -1   0  -1  -1  -3    5  14   9   8   0   7  11   3   2   1   1  30   0   0   0   0   5   1   3   1  0.39 0.19
   38 R    -2   5   1   2  -4   2   3  -3   1  -4  -2   0  -3  -4  -3  -1  -2   0  -1  -4    2  36   7  11   0   7  20   0   3   0   5   1   0   0   0   3   1   1   1   0  0.55 0.24
   39 L    -1  -3  -4  -4  -3  -3  -1  -5  -3   0   4  -3   3   2  -4  -2  -3  -2   2   0    3   1   0   0   0   0   4   0   0   3  57   0   7   8   0   2   0   0   9   5  0.61 0.26
   40 E     1   0  -2   0   0   0   3  -1  -2   0   1   0   0  -1  -3  -1  -1  -3  -1  -1   12   6   0   3   2   4  25   3   0   5  23   4   2   2   0   2   2   0   2   3  0.14 0.12
   41 I    -1   3  -3  -2  -3   2  -2  -4   0   3   1  -1   1  -2  -3  -2  -1   2   0   1    4  24   0   2   0  12   0   0   2  21  15   2   3   0   0   0   1   3   3   8  0.29 0.19
   42 E    -2   0  -1  -1  -4   2   6  -4  -2  -1  -2  -1   0  -4  -3   0   0  -5  -4   0    0   3   1   0   0   9  57   0   0   3   3   0   3   0   0   6   6   0   0   8  0.75 0.33
   43 A     2   1  -1  -1   0   2   4  -3   1  -2  -2   1  -3  -4  -3  -1  -2  -4  -2  -3   24   9   2   2   2  10  34   0   3   2   3   8   0   0   0   0   0   0   1   0  0.44 0.23
   44 E    -1   2   1   0  -4   4   4  -1  -2  -4  -3   1  -3  -4  -3   0  -2  -4  -3  -4    4  11   7   3   0  20  35   3   0   0   2   8   0   0   0   8   0   0   0   0  0.58 0.25
   45 N    -2  -3   7  -2  -4  -3  -3  -3  -2  -3  -4  -1  -4  -4  -4  -2   0  -5   0   1    3   0  70   0   0   0   0   0   0   0   0   3   0   0   0   0   6   0   3  14  1.28 0.45
   46 H    -2  -3  -3  -1  -4  -2   3  -4   4   0   1  -2   6  -3  -1  -2  -2  -4  -3  -1    2   0   0   3   0   0  22   0  10   6  13   0  34   0   3   1   2   0   0   3  0.61 0.31
   47 Y    -1   2   0   1  -3  -1   0  -3  -1  -2   0   1   3   2  -3  -1  -1  -2   3  -1    4  12   5  12   0   0   4   0   0   0   8  10  10  11   0   3   1   0  16   3  0.22 0.16
   48 W    -3  -4  -4  -5   0  -3  -4  -2   2   2   1  -4   1   1  -5  -4  -3   7   6   0    0   0   0   0   2   0   0   3   5  16  12   0   3   4   0   0   0  15  32   7  0.82 0.29
   49 L    -4  -5  -6  -6  -4  -5  -5  -6  -5   2   6  -5   0  -2  -5  -5  -3  -4  -3  -1    0   0   0   0   0   0   0   0   0  13  87   0   0   0   0   0   0   0   0   0  1.38 0.43
   50 S     1   3   0  -2  -1   1   0  -2  -2  -4  -3   0  -1  -4  -3   4   1  -4  -3  -3   11  18   4   0   1   7   4   1   0   0   2   3   1   0   0  42   8   0   0   0  0.49 0.26
   51 M    -1   3   2  -2  -4   0  -1  -3   5  -3  -2   2   0   0  -3   0   1  -3   0  -3    3  21  11   0   0   1   2   0  19   0   4  15   3   4   0   5   8   0   3   0  0.41 0.21
   52 P    -1  -4  -2  -4   1  -1  -3  -4  -4  -5  -5  -3  -5  -6   8   0  -1  -6  -5  -5    3   0   2   0   3   3   0   0   0   0   0   0   0   0  78   7   3   0   0   0  2.07 0.52
   53 Y    -5  -5  -5  -6   0  -4  -5  -6   2  -4  -4  -5  -4   4  -6  -4  -4   2   9  -4    0   0   0   0   3   0   0   0   5   0   0   0   0  12   0   0   0   2  79   0  2.21 0.58
   54 M    -3  -4  -5  -6  -3  -4  -5  -6  -5   3   5  -4   4   0  -5  -4  -3  -4  -3  -1    0   0   0   0   0   0   0   0   0  15  69   0  13   3   0   0   0   0   0   0  1.09 0.37
   55 T    -2  -3   1  -1  -3  -3  -3  -3  -3  -4  -4  -1  -3  -5  -3   3   6  -5  -4  -3    0   0   6   3   0   0   0   0   0   0   0   2   0   0   0  26  62   0   0   0  1.12 0.43
   56 R     0   2  -1  -2  -3   2   2  -3   0  -1   0   2   0  -2   0  -1  -1  -3  -2  -1   10  11   2   0   0  13  13   0   2   2  13  18   2   2   4   2   2   0   0   5  0.20 0.14
   57 E     0   0   0   1  -5   2   6  -4   2  -2  -4   1  -4  -5  -1  -2  -3  -5  -4  -4    7   3   3   6   0   8  56   0   6   3   0   7   0   0   2   0   0   0   0   0  0.85 0.37
   58 Q    -1  -2  -2   0  -5   6   4  -4   2   0  -4  -1  -3  -5   1  -2  -3  -5  -3  -1    5   0   0   3   0  42  27   0   6   7   0   0   0   0   7   0   0   0   0   4  0.85 0.40
   59 E    -1  -2  -2   0  -5  -1   6  -4  -3  -5  -5   2  -4  -5  -3   3   0  -5  -4  -4    4   0   0   4   0   0  56   0   0   0   0  11   0   0   0  22   4   0   0   0  0.98 0.42
   60 R     1   1   0  -2  -3   0  -1   0   2  -2  -1   2  -2   0  -2   0   0   1   1  -2   19  10   5   0   0   2   3   6   8   2   5  14   0   6   0   6   7   3   5   0  0.14 0.13
   61 G     0   0   0  -1   4  -1  -1   4   1  -3  -3   0   1  -3  -3   0  -1  -4  -1  -1    5   5   5   3  10   3   3  33   3   0   0   7   5   0   0   6   3   0   3   6  0.34 0.23
   62 H    -3  -3   0  -2  -4   2  -2  -2   8  -1   0  -3   0  -2  -1  -1   0  -4   1  -4    1   0   3   2   0   9   2   3  45   4   9   0   3   2   3   3   6   0   5   0  0.92 0.43
   63 A     2  -1  -1  -2  -1   0   0  -2  -2  -2   0   1   3  -1   0   1   1  -3  -2  -1   25   1   3   0   1   2   7   2   0   0  12   9  11   3   4  11   7   0   0   1  0.18 0.19
   64 A     1   1  -2  -2  -3   2   1  -2   0  -3  -1   3  -2  -3   1   0   0   1  -3  -1   12   9   0   0   0   9  12   2   3   0   8  21   0   0   6   5   7   2   0   4  0.23 0.19
   65 V     1   0   0   1  -3   0   2  -2   0   0  -1   1  -2  -1   0   0  -1  -3   0  -1   17   4   4   6   0   3  21   2   2   6   5  10   0   3   4   5   2   0   3   3  0.13 0.13
   66 R    -1   3  -2  -1  -3   0   2  -1  -2   1   0   1   0   1  -1  -1   0  -3  -2  -2    4  20   0   3   0   4  17   5   0   9  11   7   2   8   2   3   5   0   0   0  0.18 0.18
   67 R    -1   3   1   0  -4   1   1   1  -2  -2  -4   4  -1  -4  -1  -2  -3  -4   0  -4    4  17   6   4   0   6   7  10   0   3   0  32   2   0   2   0   0   0   3   0  0.47 0.31
   68 R     0   3  -1  -2  -4   3   1  -2   0  -1  -3   3   0  -4   0  -1  -1  -4  -1  -1    9  16   2   0   0  17   8   2   2   3   0  20   2   0   5   3   3   0   2   6  0.34 0.25
   69 E     0   0   0   1   1   1   2  -3   0   0  -2   2  -1  -2   1   0  -2   3  -2  -2   11   4   3   8   4   6  18   0   3   8   2  17   2   1   5   4   0   4   0   0  0.22 0.20
   70 A     2   1   0  -1  -3   0   2  -1   0  -3  -2   1   0   0  -2   1  -1   2   1  -1   19   7   4   2   0   3  17   5   2   0   1   9   3   5   0  10   2   3   5   3  0.17 0.17
   71 F    -2   1  -1  -1  -4  -2  -1  -3  -3   0   1   1   2   3  -4  -2  -1   8   0  -3    3   9   4   4   0   0   5   2   0   5  13   9   5  13   0   2   3  20   1   0  0.52 0.31
   72 E    -1   2   0   1  -1   2   3  -2   0   0  -1   1  -2  -3  -3  -1   0  -1  -1   0    4  12   4   6   2   9  25   1   1   5   7   6   0   0   0   2   6   1   2   6  0.22 0.20
   73 A     1   0   0   1  -3   0   2  -2   0  -1  -1   2   1  -1  -2   0   0  -3   0  -1   15   3   4   7   0   2  15   1   2   3   5  14   4   2   0   8   6   0   4   4  0.14 0.15
   74 I    -1   1  -2  -3  -1  -1   0  -4  -2   1   0   1   1   3  -3  -1   0   2   1   1    4   7   1   0   1   2   7   0   0  11   7  11   4  16   0   2   8   3   5   8  0.17 0.18
   75 K    -3   2   1   0  -5   0   1  -4  -1  -1  -3   4   3  -2  -4  -3  -1   4   0  -1    0  12   7   6   0   3   7   0   1   3   0  32  10   1   0   0   4   7   3   4  0.54 0.38
   76 A     0   2   0   1  -4  -1   2  -2   1  -2  -2   2   0  -3  -3  -1   0   2   0  -2    8  15   3   8   0   0  17   2   4   2   3  17   3   0   0   1   6   3   4   3  0.28 0.25
   77 A     1   2   0   0  -4   1   2  -3  -1  -2   0   2   0  -3  -3  -1  -1   2  -1  -1   13  11   4   3   0   7  16   0   1   2   9  17   2   0   0   3   2   4   2   5  0.23 0.22
   78 A    -2   3   1  -2  -4   3  -1  -4   0  -2  -1   3  -3   0  -1   0  -1  -4   2  -3    1  20   9   2   0  14   3   0   1   3   5  20   0   4   3   6   3   0   7   0  0.37 0.30
   79 T     0   2   0  -1  -3   2   0  -3  -2   0  -1   2   1   1  -3   0   0  -3   1  -1    6  14   6   3   0   9   5   0   0   6   6  16   4   6   0   6   4   0   6   3  0.17 0.18
   80 S     1   2  -1   0  -3   1   1  -3  -1   0  -1   2  -2  -4  -2   2  -1  -4  -3  -1   15  13   2   5   0   6  11   0   1   7   6  12   0   0   1  16   2   0   0   2  0.23 0.22
   81 K    -2   2   1   0  -5  -1  -1  -3   0  -1  -3   6  -4  -5  -2  -2   0  -6  -4  -3    2   8   6   4   0   1   2   1   2   4   1  57   0   0   1   1   5   0   0   2  0.90 0.51
   82 F    -3  -1  -5  -5  -5  -3  -3  -2   0  -3   0  -3   5   6   1  -4  -4   4   3  -1    1   4   0   0   0   1   1   3   2   0   7   1  20  35   8   0   0   5   8   3  0.86 0.48
   83 P     0   1  -2  -3  -2  -1  -1  -1  -3   0   1   2  -2  -1   4   0  -2  -4   0  -1    7  10   1   0   1   1   2   4   0   6  15  12   0   3  24   7   1   0   3   2  0.32 0.24
   84 P     0   0  -3   0  -5   1   2  -4  -1  -5  -5   3  -4  -6   6  -1  -1  -6  -5  -5    6   4   0   4   0   7  12   0   2   0   0  20   0   0  38   2   3   0   0   0  0.97 0.48
   85 H    -4  -1   2   1  -6  -1  -1  -5   9  -5  -1  -1  -4  -1   0  -1  -2  -5  -2  -3    0   3   9   7   0   2   2   0  49   0   8   4   0   2   5   3   3   0   0   2  1.20 0.59
   86 R    -2   4  -2  -4  -4  -1  -1  -2  -1  -1  -3   3  -3  -2  -4  -2   1  -4   0   3    1  29   1   0   0   2   2   2   1   2   0  19   0   2   0   1   8   0   4  24  0.53 0.38
   87 F    -2   1  -1  -4  -4  -3  -3  -4   0  -3  -2   0  -3   2  -3   2   4  -3   5  -2    2   8   2   0   0   0   0   0   2   0   3   5   0   8   1  16  31   0  20   2  0.62 0.43
   88 I     0  -4  -4  -4  -3  -3  -1  -2  -4   4   3  -2   4  -1  -4  -2  -1   1  -3   1    6   0   0   0   0   0   4   3   0  27  29   3  13   2   0   2   2   2   0   8  0.49 0.31
   89 A     2  -2   1  -1  -4   0   4  -3  -2  -4  -4   0   0  -4   0   1   0   0   1  -1   20   0   6   2   0   3  34   0   0   0   0   6   2   0   4   8   4   1   5   5  0.43 0.33
   90 D    -2  -3   2   5  -5  -1   4  -4   0  -5  -5   1  -1  -5  -4   0  -1  -5  -1  -5    3   0   8  40   0   1  25   0   2   0   0   7   2   0   0   6   4   0   3   0  0.88 0.46
   91 Q    -4   3  -3  -4  -1   3  -1  -5   7   0  -1   1  -1   1  -4  -3  -4  -4  -1  -2    0  17   0   0   2  14   3   0  34   5   5   7   1   7   0   0   0   0   1   3  0.84 0.45
   92 L    -4  -2  -6  -7  -4  -5  -6  -6  -5  -1   6  -5   2   2  -6  -5  -4   3   0  -2    0   2   0   0   0   0   0   0   0   0  78   0   5   8   0   0   0   4   2   0  1.38 0.60
   93 D     1  -1   2   3  -4   0   2   0  -2  -3  -3   0   1  -2  -3   2  -1  -4  -3  -3   13   2  12  17   0   4  15   5   0   1   2   6   5   2   0  16   2   0   0   0  0.31 0.23
   94 H    -4   0   0  -3   2   0  -3  -2   9  -2  -5   0  -4   0  -5  -1  -3  -5   1  -5    0   4   5   1   4   3   0   3  59   3   0   6   0   4   0   4   1   0   3   0  1.52 0.62
   95 L    -2  -5  -6  -7  -4  -5  -6  -6  -6   0   6  -5   2  -1  -6  -5  -4  -5  -4  -2    3   0   0   0   0   0   0   0   0   3  88   0   5   2   0   0   0   0   0   0  1.56 0.64
   96 N    -3   3   6   0  -5   0   1  -3  -2  -3  -5   3  -4  -5  -1   0  -1  -6  -4  -5    0  19  40   4   0   2   7   0   0   1   0  16   0   0   3   4   3   0   0   0  0.85 0.43
   97 V    -1   1   0  -4   0  -3  -4  -4   3   2  -1  -3  -1  -3  -4  -1   0  -5  -1   5    4   8   6   0   2   0   0   0   8  11   2   0   1   0   0   5   4   0   1  48  0.56 0.36
   98 T     0   1   2  -2  -3  -1  -2   0   0  -2  -2   2  -3  -4  -3   2   4  -4  -3  -2    5   6   8   0   0   1   0   8   2   2   3  14   0   0   0  18  30   0   0   2  0.40 0.29
   99 K    -3   4   1   2  -6   1   2  -4  -3  -5  -5   4  -4  -5  -4  -2  -2  -5  -4  -5    0  28   6  13   0   4  15   0   0   0   0  31   0   0   0   0   2   0   0   0  0.89 0.42
  100 K     1   2   0   0  -3  -1  -1   0  -2  -2  -4   3  -3  -4  -3   2   2  -4  -3  -2   13  14   5   3   0   0   2   7   0   2   0  26   0   0   0  15  12   0   0   2  0.38 0.26
  101 W    -7  -7  -8  -8  -6  -6  -7  -7  -6  -7  -6  -7  -5  -3  -8  -7  -7  13  -2  -7    0   0   0   0   0   0   0   0   0   0   0   0   0   0   0   0   0 100   0   0  4.83 1.09
  102 S     2  -1   0  -1  -1  -1  -1  -1  -2  -2  -2  -1  -2  -3  -1   4   3  -3  -2  -1   19   0   0   0   0   0   0   0   0   0   0   0   0   0   0  48  33   0   0   0  0.46 0.08

                      K         Lambda
Standard Ungapped    0.1351     0.3263
Standard Gapped      0.0443     0.2670
PSI Ungapped         0.1446     0.3179
PSI Gapped           0.0443     0.2670
