
Last position-specific scoring matrix computed, weighted observed percentages rounded down, information per position, and relative weight of gapless real matches to pseudocounts
            A   R   N   D   C   Q   E   G   H   I   L   K   M   F   P   S   T   W   Y   V   A   R   N   D   C   Q   E   G   H   I   L   K   M   F   P   S   T   W   Y   V
    1 M    -2  -2  -3  -4  -2  -1  -3  -3  -2   1   3  -2   6   0  -3  -2  -1  -2  -1   0    0   0   0   0   0   0   0   0   0   0  39   0  61   0   0   0   0   0   0   0  0.55 0.07
    2 A     4  -2  -1  -1  -2   3  -1  -1  -2  -3  -3  -1  -2  -4  -2   3  -1  -4  -3  -2   44   0   0   1   0  18   0   2   0   0   0   0   0   0   0  34   0   0   0   0  0.61 0.24
    3 T    -1  -3  -3  -3  -3   0  -2  -4  -3  -1   4  -3   0  -2   3  -1   0  -3  -3  -1    3   0   0   0   0   4   1   0   0   0  60   0   0   0  20   6   7   0   0   0  0.58 0.21
    4 P    -1   4  -2  -3  -4   2  -1  -2   0  -2   1   0  -1  -3   3  -2  -1  -4  -3  -1    2  39   0   0   0  11   0   2   2   0  15   0   0   0  20   0   4   0   0   4  0.53 0.20
    5 L    -2  -3  -3  -4  -3  -2  -3  -4  -4   0   4  -2   0  -1   3   0   0  -3  -3  -1    0   0   0   0   0   1   0   0   0   0  63   2   0   1  14  11   7   0   0   2  0.59 0.23
    6 V    -2  -1  -4  -4   0  -1  -3  -1  -3   1   4  -3   2   0   0  -3  -2  -3  -2   0    0   3   0   0   2   3   1   6   0   4  62   0   5   4   6   1   0   0   0   5  0.49 0.20
    7 A     2  -2  -2   0   0   0   2  -3  -3   0  -1  -1  -1  -2  -3  -1  -1  -4  -3   3   22   0   0   6   3   2  21   0   0   3   1   2   0   1   0   1   0   0   0  37  0.33 0.19
    8 G    -2  -3  -2   2  -4  -2   0   1  -3  -4  -4  -2  -4  -5   6   1  -2  -5  -4  -4    0   0   0  15   0   0   6  13   0   0   1   0   0   0  52  12   0   0   0   0  1.20 0.30
    9 P    -1  -4  -3  -3  -4  -3  -3  -4  -4  -4  -4  -2  -4  -2   7   1  -1  -5  -4  -1    3   0   0   0   0   0   0   0   0   0   0   1   0   2  75  11   4   0   0   4  1.82 0.39
   10 A     1   0  -1  -1   2  -1  -1   0  -1  -1   0  -1  -1  -1   0   1   0   4  -1   0   14   5   2   3   7   2   3   6   1   2   9   3   1   2   5  11   3   9   2  11  0.10 0.04
   11 A     0   3  -1  -1  -2   1  -1  -1  -1  -2  -2   0  -1  -2   4   1  -1  -2  -1  -1    9  21   2   2   1   6   3   4   1   2   4   2   1   2  24   9   3   1   1   3  0.35 0.09
   12 L    -3  -4  -5  -5   1  -4  -4  -5  -2   2   5  -4   0  -1  -4  -4  -3   0  -3   2    0   0   0   0   3   0   0   0   1  12  69   0   0   0   0   0   0   1   0  13  0.90 0.31
   13 R    -4   7  -3  -4  -6   3  -2  -4  -1  -5  -5   0  -4  -5  -4  -2  -3  -5  -4  -5    0  78   0   0   0  17   0   1   1   0   0   1   0   0   0   2   0   0   0   0  1.69 0.51
   14 F    -2  -1  -5  -5  -3  -4  -4  -4  -4   1   5  -4   1   1  -4  -3  -3  -3  -2   2    1   3   0   0   0   0   0   1   0   2  70   0   2   5   0   1   0   0   0  15  0.87 0.33
   15 A     1  -3  -4  -4  -1  -3  -3  -1  -2   0   1  -3   6  -2  -1  -1   0  -4  -3   3   15   0   0   0   1   0   0   4   1   1  12   0  33   1   3   4   6   0   0  22  0.55 0.29
   16 A     3  -3  -2  -3   1  -2  -3  -1  -3  -2  -3  -3  -3  -3  -3   5   1  -4   0  -3   24   0   1   0   3   0   0   2   0   2   2   0   0   0   0  57   7   0   3   0  0.81 0.39
   17 A     6  -4  -4  -4  -3  -3  -3   0  -4  -4  -4  -2  -3  -4  -3   0  -1  -5  -1  -1   83   0   0   0   0   0   0   4   0   0   0   1   0   0   0   4   2   0   2   3  1.25 0.49
   18 A     3   0  -3  -2   0   0  -1  -2  -2  -2   0   0   0   3  -3   0  -1  -1   0  -1   42   4   0   1   2   5   3   0   1   0   7   4   2  15   0   6   1   1   3   4  0.32 0.23
   19 S     0  -3  -4  -4  -2  -3  -4  -4  -4   2   2  -3   6  -2  -4   0  -1  -3  -3   2    8   0   0   0   1   0   0   0   0  14  20   0  33   0   0   7   2   0   0  14  0.65 0.30
   20 W    -6  -6  -7  -7  -1  -5  -6  -6   2  -6  -2  -6  -4  -1  -7  -6  -6  12   3  -6    0   0   0   0   2   0   0   0   4   0   3   0   0   2   0   0   0  82   7   0  3.66 0.85
   21 Q    -2   1   0  -2  -4   5   1  -3   4  -4  -3   1  -1  -2  -3   2  -1  -1  -1  -4    1   5   3   0   0  41   5   1  12   0   2   8   1   1   0  16   2   1   1   0  0.70 0.34
   22 V    -1  -4  -4  -4   0  -4  -4  -4  -4   3  -1  -4   0  -3  -4  -2   2  -4  -3   5    2   0   0   0   2   0   0   0   0  19   2   0   1   0   0   2  15   0   0  56  0.84 0.35
   23 V     1  -4  -5  -5  -3  -4  -4  -4  -5   2   0  -4   3  -2  -4  -3  -2  -4  -3   5   11   0   0   0   0   0   0   0   0  11   7   0  10   1   0   1   1   0   0  60  0.90 0.37
   24 R    -3   3  -2   0  -3   5   1  -3  -1  -4  -2   3  -1  -5  -3  -1  -1  -4  -3  -4    0  20   1   4   1  34   8   0   1   0   3  22   1   0   0   2   4   0   0   0  0.75 0.34
   25 G    -1   3   1  -1   1   5   1  -1   2  -4  -3   2  -3  -4  -3   0  -1  -4  -3  -4    4  18   9   1   3  31   7   3   5   0   1  10   0   0   0   5   3   0   0   0  0.56 0.28
   26 R    -3   6   1  -1   0   2   0   0   1  -5  -4   1  -3  -5  -4  -2  -3  -5  -4  -5    0  54   6   2   2  12   3   9   4   0   0   8   0   0   0   0   0   0   0   0  0.97 0.39
   27 C    -1   0   3   5   0   0   0  -3   0  -3  -3  -1  -3  -4  -3   0  -1  -5  -3  -1    5   4  18  37   2   4   4   0   1   1   2   3   0   0   0   8   3   0   0   7  0.52 0.25
   28 V    -1  -4  -4  -5  -1  -4  -4  -5  -5   2   0  -3   2  -1  -4  -3   0  -4  -3   5    4   0   0   0   1   0   0   0   0  11   7   1   6   2   0   0   6   0   0  63  0.89 0.37
   29 E     0   0  -1   0  -1   1   2  -3   0  -2   0   2   4  -3  -2  -1   0  -4  -2  -1    8   3   2   4   2   7  17   0   2   0   6  16  22   0   1   2   4   0   0   4  0.27 0.21
   30 H    -3   0   2   3  -5   3  -1  -2   7  -4  -2  -1  -3  -3  -4  -1  -2  -4   1  -4    0   3   8  18   0  17   1   2  35   0   4   1   0   0   0   4   1   0   6   0  0.87 0.36
   31 F    -5  -5  -5  -6  -5  -5  -5  -6  -2  -4  -3  -5  -3   5  -6  -3  -4  -1   8  -4    0   0   0   0   0   0   0   0   0   0   0   0   0  29   0   2   0   0  69   0  2.22 0.63
   32 P    -2  -1  -1   2  -5  -2   2   5  -1  -5  -4  -2  -4  -5   2  -2  -3   2  -4  -4    1   2   2  10   0   1  17  47   1   0   2   0   0   0  12   0   0   4   0   1  0.78 0.32
   33 R    -2   3  -1  -3  -4   0  -2  -4  -1  -1   1   4   3  -3  -3  -2   0  -4  -3   0    1  17   1   0   0   1   0   0   1   1  18  35  11   0   0   1   4   0   0   7  0.47 0.27
   34 V     0  -4  -5  -5   0  -4  -4  -5  -5   1   4  -4   0  -2  -4  -3  -2  -4  -3   4    9   0   0   0   2   0   0   0   0   2  43   0   1   0   0   0   0   0   0  43  0.82 0.35
   35 L    -1  -3  -3   0  -4   0   5  -4  -3   0   1  -2   2  -3  -3  -1  -2  -4  -3   1    5   0   0   5   0   2  47   0   0   4  19   0   5   0   0   2   1   0   0  11  0.56 0.31
   36 E    -1  -2  -1   3  -5   1   6   0   0  -5  -5  -1  -4  -5  -3  -2  -2  -5  -4  -3    4   1   2  13   0   5  64   6   2   0   0   1   0   0   0   0   1   0   0   1  1.09 0.42
   37 F    -4  -5  -5  -5  -4  -5  -5  -5   1  -2   1  -5   0   8  -5  -4  -3  -2   1  -3    0   0   0   0   0   0   0   0   3   0  11   0   2  79   0   0   1   0   2   0  1.84 0.54
   38 L    -2  -4  -5  -5  -3  -4  -4  -5  -5   2   3  -4   0  -2  -4  -4  -2  -4  -3   5    1   0   0   0   0   0   0   0   0   9  28   0   1   0   0   0   0   0   0  58  1.01 0.39
   39 R     0   0   0   2  -1   0   2  -1  -1  -2  -2  -1  -2  -2  -2   2   3  -4  -2  -1    5   5   4  10   2   3  18   2   1   1   2   1   0   2   0  19  23   0   0   2  0.31 0.21
   40 S     1  -2  -2  -2  -2  -1   0  -3   0  -1   2  -1   3  -1  -3   1   1  -3  -1   1   12   1   1   1   0   1   5   0   3   0  25   2  14   2   0  12  10   0   1  10  0.20 0.17
   41 L    -1  -4  -4  -4  -3  -4  -4  -5  -5   3   1  -4   0  -2  -4  -2   2  -4  -3   5    4   0   0   0   0   0   0   0   0  17   8   0   1   1   0   2  13   0   0  53  0.78 0.34
   42 R    -2   1  -1  -3   2  -2  -3  -2   3  -2  -1  -2  -2  -1  -3   0   5  -3   4  -1    1   8   3   0   5   0   0   3   7   1   5   0   0   1   0   4  43   0  16   3  0.56 0.32
   43 A    -1   1  -1   2  -5   2   5  -3  -2  -4  -4   0  -1  -5  -3  -1   0  -5  -4  -3    3   7   1  13   0   7  53   1   0   0   1   3   2   0   0   1   6   0   0   2  0.80 0.34
   44 V     2  -2  -1  -3  -2   0  -2  -2  -1   1   2  -2   2  -2  -3   0   2  -3  -2   0   23   0   3   0   0   4   2   2   2   7  22   0   8   0   0   3  18   0   0   6  0.22 0.18
   45 A     1  -4  -4  -4   0  -4  -3  -4  -4   2   1  -4   0  -1  -2  -2  -1  -4  -3   5   14   0   0   0   2   0   1   0   0   6  14   0   1   2   1   1   1   0   0  57  0.70 0.32
   46 P    -4  -5  -5  -4  -6  -4  -4  -1  -5  -6  -6  -4  -5  -7   8  -4  -4  -7  -6  -5    0   0   0   0   0   0   0   5   0   0   0   0   0   0  95   0   0   0   0   0  2.89 0.72
   47 G    -2   1  -1   3  -4   2   4   2  -1  -4  -4   0  -2  -4  -3   0  -2  -4  -1  -4    0   6   0  22   0   9  36  14   1   0   0   3   1   0   0   5   1   0   2   0  0.62 0.28
   48 L    -2  -3  -4  -4  -3  -2  -4  -4  -4   2   5  -3   1   0  -4  -3  -2  -3  -2   0    3   0   0   0   0   1   0   0   0  11  72   0   2   3   0   0   0   0   0   5  0.85 0.32
   49 V    -2  -3  -4  -4  -2  -3  -4  -4  -4   2   4  -3   4   0  -4  -2  -2   0  -2   2    2   0   0   0   0   0   0   0   0   7  48   0  12   3   0   3   0   1   0  20  0.60 0.27
   50 R     0  -1   2  -1   3  -2  -2  -1   1  -2  -3  -2   0  -2   0   3   3  -3  -2  -2    3   2   9   2   7   0   0   3   4   1   1   0   4   2   5  28  26   0   1   1  0.37 0.23
   51 Y     0   0  -1   1   1  -1  -1  -2   1  -2  -2  -1  -2   3   3  -1  -1  -1   4  -2    7   7   3  10   4   1   4   1   3   1   2   2   0  14  15   3   2   0  18   2  0.29 0.17
   52 R    -2   5  -1   0  -2   0  -1  -2   1   0  -3   2  -2  -3  -3   1  -1  -4  -3  -2    0  49   1   4   1   2   0   2   3   9   0  12   0   0   0  10   2   0   0   1  0.62 0.28
   53 H    -2  -1   0  -1  -4   5   1  -3   6  -3  -1   1  -2  -3  -3  -1  -2  -3  -1  -2    0   1   3   1   0  32   9   0  28   0   7   9   0   0   0   2   0   0   1   4  0.72 0.31
   54 H    -2   4  -1  -2  -3   1  -1  -2   4  -3  -2   1  -1   0  -3   0  -1  -2   2  -1    1  31   0   0   0   6   2   3  16   0   2  10   2   4   0   5   2   0  10   5  0.42 0.21
   55 E     2  -1   0  -2  -1  -1  -1   1  -2   0  -1  -1   2  -2  -2   0   1   0  -2   1   26   2   6   0   1   0   4  14   0   3   1   1  10   0   0   4  12   2   0  11  0.15 0.12
   56 R    -2   3  -2  -2  -3   3   0  -3   0  -2   1   4   0  -3  -2  -1  -1  -3  -2  -2    1  15   0   0   0  19   2   0   2   0  18  36   1   0   0   0   2   0   0   2  0.43 0.21
   57 L    -2  -3  -3  -3  -2  -3  -3  -4  -3   2   4  -3   2  -1  -3  -3  -2  -2  -2   1    1   1   1   1   0   1   1   1   0  14  66   1   3   0   1   1   1   0   0   7  0.62 0.21
   58 C     0  -1  -1  -2   2  -1  -2  -2  -2   2   1  -1   1  -1  -2   0   1  -2  -2   1    5   3   2   1   7   3   1   1   0  24  18   2   5   0   1   7  10   0   0  11  0.15 0.09
   59 M    -1  -2  -3  -3   1  -2  -3  -3  -2   1   3  -3   3   3  -3  -2  -1  -2   0   1    2   1   1   1   3   1   1   1   0   7  42   1  11  16   1   1   2   0   2   7  0.37 0.15
   60 G     0  -1  -1  -2  -3  -1  -2   5   2  -3  -2  -2  -3  -3  -2   0  -2  -3  -3  -3    8   5   1   1   0   2   1  64   6   1   3   1   0   0   1   4   1   0   0   1  0.81 0.23
   61 L    -2  -3  -3  -4  -2  -3  -3  -4  -3   1   5  -3   2   0  -3  -3  -2  -2  -2   0    1   1   1   1   0   1   1   1   0   5  77   1   5   3   1   1   1   0   0   1  0.75 0.25
   62 K     0   4   1  -1  -3   2   0   0  -1  -3  -2   2  -2  -3  -2   0   0  -3  -2  -2    7  36   6   1   0   9   1   6   0   1   1  16   0   0   1   6   6   0   0   1  0.39 0.16
   63 A     0  -1   1  -1  -2   0   1   1  -1  -1   0   1   2  -2  -2   1   1  -3  -2   0   10   0   9   0   0   0  10  10   0   0  10  10   9   0   0  10  10   0   0  10  0.08 0.08
   64 K    -1   4  -2  -2  -3   1  -1  -3  -2  -2   0   3   2  -3  -2  -1   0  -3  -2  -1    4  38   0   0   0   5   0   1   0   0  12  19   7   0   0   4   4   0   0   4  0.43 0.24
   65 V     0   0  -2  -2   3  -1  -2  -2   2   1   0  -2   2   1   1   0   0  -2   2   0    8   8   0   0   7   0   0   1   7   8   8   0   7   7   8   8   8   0   7   8  0.11 0.14
   66 V     1  -2  -1  -2  -1  -1  -1  -2  -2   1   1  -1   2  -1  -2   1   1  -2  -1   1   13   1   1   1   0   1   1   1   0  13  14   1  13   0   1  13  13   0   0  13  0.12 0.06
   67 V    -1  -2  -2  -2  -2   1  -2   0  -2   1   3  -2   2   1  -2  -2  -1  -2  -1   1    1   1   1   1   0  10   1   9   0   7  40   1  10   7   1   1   1   0   0   9  0.16 0.07
   68 E    -1   1   0   1  -3   1   3  -1   2  -3  -3   0  -2  -2  -2  -1  -1   3   1  -2    4   7   4   7   0   6  37   4   5   1   1   4   0   0   1   1   4   6   7   1  0.34 0.14
   69 L    -2  -2  -5  -5  -1  -2  -3  -5  -4   0   5  -2   6   0  -5  -3  -3   1  -3  -1    4   2   0   0   1   1   2   0   0   4  54   2  20   3   0   2   1   2   0   2  0.95 0.54
   70 I    -4  -5  -5  -5   8  -5  -5  -5  -5   1   3  -1  -3   2  -5  -4  -4  -4  -1  -1    0   0   0   0  41   0   0   0   0   7  28   4   0   7   0   0   0   0   2   3  1.36 0.68
   71 L    -2   5  -2  -2   1   2  -1  -2   1  -4  -1   2  -3  -2  -4  -1  -3   1  -2  -1    3  36   1   1   3  11   3   2   4   0   6  13   0   1   0   3   0   2   1   5  0.54 0.45
   72 Q    -1   1   1   1   0   1   1   2  -2  -2  -2   0  -1  -3  -2   2   0  -3  -3  -2    3   6   7   8   3   6  12  14   0   2   3   6   2   0   0  15   4   0   0   2  0.17 0.21
   73 G    -1   0   0   3  -4   0   3   1  -1  -4  -2   0  -3  -4  -1   0  -2  -4  -3  -2    4   5   3  17   0   3  24  14   2   0   4   5   0   0   3   5   2   0   0   2  0.32 0.31
   74 R    -1   2  -1   0   2   3   1  -2   3  -3  -2   0  -2  -2   0   0   0  -3  -1  -1    6  11   2   5   5  15   9   2  10   1   3   6   0   2   5   5   5   0   1   3  0.20 0.24
   75 P    -1   0  -1  -1  -1   0   0   0  -2  -3  -2  -1  -1  -1   5   1  -1  -3  -1  -2    5   5   2   3   1   3   6   9   0   1   3   3   2   3  30   9   4   0   2   3  0.40 0.28
   76 W     0  -1   0   2   1   0   0  -1   1  -1   0  -2   1   0   1   0   0   3  -2   0    8   3   6  12   3   3   4   5   3   3   8   1   5   4   7   5   4   4   0   8  0.05 0.10
   77 A     0  -2   0   0   2  -1   0   0  -2   0   0   0   1   0   1   0   0  -3  -2   0    7   0   7   7   6   0   7   7   0   7   7   7   6   6   7   7   7   0   0   7  0.05 0.09
   78 Q     1   1   0   0   1   1   0  -1   1  -1  -1   0   1  -3   2   0   0  -3  -2   0   13   7   4   6   3   5   6   3   4   3   5   6   4   0  11   5   5   0   0   9  0.10 0.11
   79 V    -1  -2   1   4  -3  -2  -1  -2  -3   3  -2  -1  -2  -2  -2  -2   1  -4  -2   2    5   2   7  29   0   1   3   2   0  17   3   3   0   2   1   2   9   0   1  13  0.40 0.29
   80 L    -2  -2  -2  -3   0  -3  -3  -3  -1   2   3  -3   1  -1   1   0   0  -3   0   1    2   2   1   1   2   1   1   2   1  14  30   1   4   2   8   6   7   0   4   9  0.28 0.21
   81 K    -1  -1   1   1  -1   4   1  -2   0  -3  -1   1  -1  -1  -1   1   0  -1  -3   0    3   2   6   9   1  22  10   3   2   1   5   7   1   3   3   9   5   1   0   7  0.25 0.23
   82 A     2   0   0  -2  -1  -1  -1  -2   0  -1  -1   1  -1  -3   0   0   2  -3   0   0   20   6   3   2   1   2   3   1   2   3   5  10   1   0   4   6  19   0   4   7  0.18 0.19
   83 L    -3  -5  -5  -5  -4   0  -5  -5   1   5   3  -5   1  -2  -5  -4  -3  -5  -4   2    2   0   0   0   0   6   0   0   4  40  27   0   2   1   0   0   1   0   0  14  0.96 0.50
   84 N    -3  -1   1   1  -5   5   2  -3   1   0   0   1   0  -3  -4  -2  -2  -4  -2  -1    1   2   7   7   0  30  12   1   4   7  11   7   2   1   0   1   2   0   1   3  0.49 0.38
   85 H    -1   0   1   0  -2   1  -1  -3   2  -2   0   2  -1  -3   3   0   1  -4   0  -3    3   5   8   6   1   7   2   1   6   1   9  13   2   0  16   8   9   0   3   1  0.26 0.24
   86 H    -5   1  -4  -5  -6  -1  -4  -6   8  -2  -1   1   2   3  -3  -3  -5  -5   3  -5    0   6   0   0   0   2   0   0  46   3   5   9   5  12   1   2   0   0   8   0  1.50 0.73
   87 F    -4  -2  -2  -5  -4  -5  -5  -5  -5   0   4  -2   2   5  -2  -4  -1  -4  -2  -3    0   2   2   0   0   0   0   0   0   5  47   2   5  27   2   0   5   0   0   0  1.04 0.55
   88 P    -3   0   1   3  -1   0   1  -3  -1  -4  -3   1  -4  -4   5   0  -3  -5  -1  -2    1   4   8  20   1   3   8   2   1   0   3   9   0   0  27   7   0   0   2   4  0.63 0.38
   89 E     0   4   0  -2  -1   0   2  -1  -1  -1  -4   1   0  -5   0   0  -2  -5  -4   0    6  30   5   2   1   3  13   4   2   5   0   8   2   0   5   7   2   0   0   6  0.41 0.36
   90 S    -1  -1  -1  -3  -3  -1  -1  -1   1   3   0   1   3   0  -1   1  -1  -4  -3   0    4   3   3   0   0   2   4   4   4  25   8   8   9   4   3  10   4   0   0   4  0.21 0.24
   91 G    -1   2   0  -1   0   2   0   0   2  -2   1   1   0   0   0   0  -1  -3  -3  -3    4  12   4   2   2  13   5   7   5   2  14  10   2   4   6   6   2   0   0   0  0.16 0.20
   92 P     0   0   0  -1  -1   0  -1  -2  -1  -1  -1  -1  -1  -4   4   1   2  -4  -2  -1    6   5   3   3   1   4   3   2   2   4   5   2   2   0  26  12  15   0   1   3  0.42 0.33
   93 I    -1  -1  -1  -2   2   2  -1  -2  -1   0   2  -1   1  -1   1  -1   0   2  -1   0    5   2   2   2   5  12   3   3   2   6  24   3   3   2   6   5   6   4   2   7  0.13 0.17
   94 V     0  -1  -3  -2  -1  -3  -1  -2  -1   2   0  -1   0  -1  -1   0   3  -3   3   1    6   3   1   1   2   0   3   3   1  14   8   4   3   2   3   7  19   0  11  10  0.21 0.22
   95 R     0   1   0  -1  -3   1   1  -2   2   0  -2   1   0  -3   1   1   1  -3  -1  -1    5  10   3   2   0   8  10   2   5   5   3   7   3   1   7  14   9   0   2   4  0.16 0.17
   96 D    -1  -1   1   2   0  -1   0  -1   3  -2   0  -1  -1  -1   0   1   2  -4  -1  -2    5   2   7  11   2   2   5   5   8   2   9   4   2   2   5  12  13   0   2   2  0.16 0.18
   97 P     0  -1  -1  -1   3  -1  -2  -1   2  -4   0  -1   0  -4   2   3  -1   3  -3  -2    7   4   2   3   6   2   3   5   5   1  10   3   2   0  11  24   3   5   0   3  0.33 0.30
   98 K     0   0   0  -1   1   1   0   1   0  -1  -2   2   0  -2  -1   1   0   3  -1   0    7   5   3   3   3   6   4  11   2   3   3  13   2   2   3   9   6   5   2   6  0.10 0.13
   99 A     1  -1   1   1   4   0   0   0   1  -1  -1  -1  -1  -2  -2   1   0  -4  -1  -1   13   3   6   9   9   4   6   6   4   3   4   4   2   2   2  12   6   0   2   5  0.14 0.15
  100 T    -1  -1   1  -1   0   1   2  -1   2  -2  -2   1  -3  -2  -1   1   2  -4  -3  -1    4   3   6   3   2   7  15   4   6   2   4   8   0   1   3  13  14   0   0   4  0.23 0.24
  101 K     0   0   1   0   2   1   0   0   2  -2  -1   0   1  -3   1   0   0  -3  -2   0    6   6   6   6   6   6   6   6   6   0   6   6   6   0   6   6   6   0   0   6  0.08 0.11
  102 Q     0   2  -1   0   0   2   0  -1   0  -1  -2   1   1  -1   0   1   0  -3   0   0    6  14   2   5   2   9   7   4   2   3   2   7   4   2   4  11   5   0   3   9  0.11 0.15
  103 D    -2   0   0   3   2   0   2  -1   1  -2  -2   1  -3  -1  -1   1   0  -4  -2  -2    3   4   4  19   6   5  15   4   3   2   4   9   0   2   2   9   6   0   1   2  0.26 0.26
  104 L    -2   0   0   5   0  -2  -1  -1   0   0   0  -2   3   0  -2  -2  -2  -4  -2  -1    3   5   3  36   2   2   2   4   2   5  10   2   9   4   2   3   2   0   1   4  0.49 0.39
  105 R    -1   0   0   0   2   0   0  -1   1   0  -1   0   1   0   0   0   0   3  -2   0    5   5   5   5   5   5   5   5   5   5   5   5   5   5   5   5   5   5   0   5  0.02 0.10
  106 K     0   0   0   0   0   1   2  -1   0  -1   0   2   0  -1   0  -1  -1  -3   0  -1    6   3   5   5   3   8  14   3   3   4   8  13   3   3   6   3   3   0   3   5  0.09 0.13
  107 I    -2  -4  -1  -1  -4  -1  -1  -2  -4   1   2  -4   3   0  -1  -2  -1  -4   0   4    3   0   2   4   0   3   4   3   0   8  18   0   9   5   3   3   3   0   3  28  0.37 0.30
  108 L    -2   1   1   1  -4   2   4   0   0  -3  -1   1  -1  -3  -3   0   0   0  -3  -1    2   7   6   5   0   8  29   6   2   1   8   7   2   0   1   5   4   1   0   5  0.29 0.23
  109 E     1   0   0   0  -3   0   2  -2   0  -1  -1   2   0  -1  -2   0   1  -3  -2  -1   15   4   3   4   0   3  16   1   3   3   6  17   2   3   1   6   9   0   0   5  0.16 0.16
  110 A     2  -1   1  -3   3  -1  -2  -3  -1  -2  -1  -2  -3  -4   0   3   2  -4  -3  -1   17   3   6   1   6   2   2   1   1   2   6   1   0   0   5  31  12   0   0   4  0.40 0.31
  111 Q    -2  -1   0  -1   2   3   2  -1   4  -1  -2   1  -1  -2  -1  -1  -2   0  -1   0    2   3   5   3   5  15  16   4  11   3   4   9   2   2   3   3   0   1   2   8  0.24 0.21
  112 E     1  -1   0  -1   0   0   1  -1  -2  -2  -1   0  -1  -2  -1   3   1  -4  -3  -1   14   3   4   1   2   3  12   3   0   2   7   5   1   2   3  27   8   0   0   3  0.22 0.22
  113 T     0  -1   5   2   0   0  -1  -2   2  -1  -4   0  -4  -4  -4   0   0  -5  -2  -2    7   3  38  10   2   3   2   2   5   4   1   6   0   0   0   8   6   0   1   3  0.61 0.37
  114 F    -5  -5  -6  -6  -5  -6  -6  -6  -5  -3   1  -6  -3   8  -6  -5  -5  -3  -1  -4    1   0   0   0   0   0   0   1   0   0  15   0   0  79   0   1   0   0   0   0  2.39 0.86
  115 Y     0   0   0  -2   2   1   0   0   2   0  -1   0   1  -2   0   0   0   3   1   0    6   6   5   0   5   5   6   6   5   6   6   6   5   0   6   6   6   5   5   6  0.08 0.13
  116 Q     0   1   1   2  -3   2   2   0   0  -3  -1   1  -2  -3  -2   0   0  -3  -3  -1   10   7   5  10   0  12  17   8   3   0   5   6   0   0   0   5   4   0   0   5  0.21 0.18
  117 Q    -3  -1  -3  -4  -3   1  -1  -2   0   0   4  -3   1   1  -4  -3  -1  -3   0   0    1   3   0   0   0   8   4   3   3   3  52   0   3   7   0   0   4   0   3   5  0.49 0.34
  118 V     1  -4  -3  -4  -3  -3  -3  -1  -4   3  -1  -3   2   0  -3   0   0  -4   0   4   10   0   0   0   0   0   0   4   0  16   1   0   5   3   0   6   6   0   3  44  0.55 0.34
  119 K    -3   0  -1  -2  -5   6   0  -3   4  -4   0   2  -1  -3  -4  -2  -2  -4   0  -2    1   3   2   2   0  43   4   1  10   0  11  12   1   1   0   1   2   0   3   2  0.82 0.47
  120 Q     0   0   2  -2  -3   1  -1   0   0  -1   0   0  -1  -3   0   1   3  -4  -2  -1    6   5  11   1   0   8   2   5   2   3   9   4   1   0   4  10  27   0   1   2  0.24 0.22
  121 L    -4  -2  -5  -5  -4  -4  -5  -5  -5   1   6  -4   1  -1  -5  -4  -4  -4  -4  -1    1   2   0   0   0   0   0   1   0   7  80   0   2   1   0   1   0   0   0   2  1.39 0.58
  122 S     1  -4  -4  -4  -3  -2  -4  -4  -4   1   5  -4   2  -1  -4  -1  -1  -4  -3   0   12   0   0   0   0   2   0   1   0   7  58   0   5   2   0   5   3   0   0   4  0.73 0.39
  123 E     0   2   1   0  -3   1   3  -1  -2  -2  -2   2   0  -1  -3   0  -1  -4  -3  -2    8  11   7   3   0   4  25   5   0   2   2  16   4   3   0   5   3   0   0   2  0.29 0.24
  124 A    -1  -3   3   6  -5  -1  -1  -3   0  -4  -5  -3  -4  -2  -2   0   0  -5  -2  -2    5   0  17  52   0   2   2   0   2   0   1   0   0   2   2   5   6   0   1   3  1.04 0.54
  125 P    -1   1  -2  -2  -4   0  -1  -3   1  -1  -4   1  -1  -5   6  -1  -1  -5  -4  -3    4   8   1   2   0   5   3   2   4   3   0  10   2   0  46   4   4   0   0   1  0.96 0.49
  126 V     1   0   1   1   1   1   2  -1  -2  -1  -1   0  -1  -2  -1   0   0  -3  -1   0   12   5   7  11   3   5  15   3   0   2   4   7   1   2   1   6   6   0   1   9  0.12 0.12
  127 D    -1   1  -1   1  -1   1   4  -1   0  -2  -3   1   0  -1  -3  -1  -1  -4  -1  -2    5   7   1   9   1   5  37   5   2   3   1   8   3   3   0   2   4   0   2   2  0.40 0.30
  128 L    -2   6  -3  -4  -5   0  -1  -4  -3  -4   1   3  -1  -2  -4  -1  -3   2  -1  -4    2  49   0   0   0   4   2   1   0   0  12  16   2   2   0   3   0   3   2   0  0.94 0.51
  129 A     0   0   1   1  -4   2   5  -3  -1  -3  -4   2  -2  -2  -2  -1  -2   1  -3  -4    8   3   6   6   0  10  41   0   1   1   0  11   1   2   2   3   2   2   0   0  0.62 0.41
  130 S    -1   1   0   1   0   0  -1  -2   4   0  -1  -1  -1   0  -3   1   0   2   2  -2    5   9   4   7   2   2   3   2  16   8   3   3   2   3   0  13   4   4   9   2  0.20 0.18
  131 K    -2  -2  -1  -3  -3   0  -2  -3  -1  -2  -1   0  -2   5   1   0  -2  -1   4  -1    1   0   4   0   0   4   0   1   0   0   5   7   0  33   9   8   0   0  22   5  0.53 0.28
  132 L    -2  -1  -3  -3  -3   0  -2  -3  -2   1   2   0   1   4   0  -2  -2   5   1   0    1   3   0   0   0   5   1   1   0   7  24   7   4  24   4   1   1   9   4   5  0.34 0.19
  133 Q    -1   2   1   1  -3   4   2  -2   1  -3  -2   2   0  -3  -2  -1  -1  -3  -2  -2    3   9   5   9   0  31  12   0   3   0   3  11   3   0   0   3   3   0   0   3  0.40 0.23
  134 E    -2   0   1   3  -4   1   4  -2   1  -1  -2   0   2  -3  -2  -1  -2  -4  -3   0    0   4   6  16   0   5  35   3   3   3   1   3   8   0   0   3   0   0   0   8  0.40 0.25
  135 L     0  -2  -2  -2  -2  -1   0  -2  -1   1   1  -1   2   2  -2   0  -1  -1   2   1   11   1   0   1   0   0  11   1   0  11  11   1  10  10   1  11   1   0  10  11  0.10 0.09
  136 E    -2  -1  -1  -1  -4   0   2  -3   2  -3  -2  -1   0   1   6  -1  -1  -3   0  -3    1   2   2   3   0   3  18   1   7   0   3   2   3   7  40   2   3   0   3   0  0.79 0.36
  137 Q     0  -1   0   1  -3   2   2  -1   1   0  -1   0  -1  -1  -2   1   0  -3  -2   1    4   0   3   9   0  10  21   3   4   4   6   3   0   3   0  10   5   0   0  13  0.16 0.15
  138 E    -1   0   0   2  -4   3   4  -3   2  -3  -2   0   0  -3  -3  -1  -2  -3   0  -2    3   3   2  13   0  16  37   1   7   0   3   3   2   0   0   3   0   0   3   3  0.57 0.33
  139 Y    -3  -3  -4  -4   1  -3  -1  -4  -1  -3  -1  -3  -2   5  -4  -1  -3  -1   7  -3    1   0   0   0   3   0   4   1   0   0   5   1   0  26   0   5   1   0  51   1  1.31 0.42
  140 G    -2  -1   0  -1  -4  -3  -3   6  -3  -5  -5  -3  -4  -4  -4   0  -3  -4  -4  -4    1   3   4   3   0   0   1  77   0   0   1   0   0   0   0   6   0   0   0   1  1.40 0.42
  141 E     0   0   0  -1  -1   1   1  -2  -1  -2  -1   0  -2  -1   4   1   0  -3  -1  -2    7   6   4   3   2   6  12   2   1   1   7   3   0   4  23  13   4   0   1   2  0.31 0.15
  142 P     0   1   0   0   1   2   1  -2   1  -2  -1   2   0  -2   0   0   0  -3  -1  -1    7  10   3   5   4   9   7   2   5   0   5  15   4   0   5   7   5   0   2   5  0.13 0.10
  143 F    -3  -4  -4  -4  -4  -3  -4  -4   2  -1  -2  -4  -2   5  -4  -2  -3   5   7  -3    1   0   0   0   0   0   1   1   5   4   1   1   0  32   0   3   1   8  41   1  1.34 0.44
  144 L     0  -1   1   4  -1  -1   1  -2   0  -1   0  -2   1  -2  -2  -1   1  -3  -3  -1    7   2   5  35   2   2   8   1   2   2  11   1   5   2   0   3  11   0   0   2  0.34 0.20
  145 A     1   0   0   0  -2   2   0  -2  -1  -1  -1   1   0  -3  -2   2   1  -3  -2  -1   17   4   4   3   0  12   5   1   1   2   4   7   3   0   0  19  12   0   0   5  0.19 0.14
  146 A     3  -1   0   0  -2  -1   0  -1  -2   0  -2   0   0  -3  -2   1   1  -3  -3   0   38   3   3   6   0   0   4   2   0   8   1   7   2   0   0   9   9   0   0   4  0.24 0.18
  147 M    -1  -3  -4  -4  -3  -3  -4  -4  -4   2   4  -3   2  -1  -4   0  -2  -3  -3   1    3   0   0   0   0   0   0   0   0  14  55   0   5   0   0   8   0   0   0  10  0.64 0.29
  148 E    -2   1  -1   0  -4   5   3  -3   2  -4  -3   0  -1  -4   1  -1  -2  -4  -3  -3    1   5   2   3   0  38  24   1   4   0   2   3   2   0   8   3   1   0   0   1  0.72 0.33
  149 K     0   1  -1   0  -2   1   1  -2  -1  -1  -2   2   1  -3  -2   0   2  -3  -2  -1    8   5   2   6   0   7  10   1   1   4   2  16   5   0   1   7  20   0   0   4  0.19 0.14
  150 L    -3   2  -4  -4  -3  -3  -3  -4  -3  -1   5  -3   1  -2  -4  -2  -3  -3  -3   0    1  11   1   1   0   0   1   1   0   1  69   1   2   0   1   3   1   0   0   7  0.86 0.36
  151 L    -1  -3  -3  -3  -2  -3  -3  -2  -3   1   3  -3   4   2  -3  -2   0  -2  -1   3    4   1   1   1   0   0   1   2   0   6  29   1  14  11   1   1   5   0   2  23  0.41 0.21
  152 F     0   0  -2  -3   2  -3  -1  -2  -3  -3   1  -2  -2   1  -3   1  -2   9   1  -2    8   5   1   1   5   0   4   2   0   1  15   2   0   4   1  12   1  32   4   2  0.87 0.32
  153 E    -1  -1  -1   2  -3   0   4  -1   3  -1   0   1   0  -1  -2  -1  -1  -3  -2  -2    2   2   1  10   0   3  32   5   8   2  12  10   2   2   1   1   3   0   1   3  0.29 0.18
  154 Y    -3  -3   0  -4  -3  -3  -3  -4  -2  -2   1  -3  -2   6  -4  -2  -3  -1   5  -2    1   1   6   1   0   1   1   1   0   1  14   1   0  45   1   4   1   0  22   1  1.00 0.35
  155 L    -2  -3  -4  -4  -2  -3  -3  -4  -3   2   5  -3   1   1  -3  -3  -2  -3  -2   2    1   1   1   1   0   1   1   1   0  11  61   1   3   5   1   1   1   0   0  12  0.73 0.29
  156 C    -1  -2  -1  -1   5   1  -1  -2   1  -2  -1  -1  -1  -1   1   2   0   0  -1  -2    1   1   1   3  16  10   3   2   4   2   7   1   1   2   9  25   5   1   2   2  0.29 0.20
  157 Q    -3   5   0  -2  -1   3   1  -3   0  -4  -3   2  -3  -4  -3  -2  -1  -4  -3  -2    1  46   3   0   2  17   9   1   2   0   2  11   0   0   0   1   2   0   0   2  0.83 0.34
  158 L    -3  -3  -4  -4  -3   0  -3  -4  -4   0   5  -3   1   0   0  -3  -2  -3  -3   1    1   0   0   0   0   5   1   1   0   3  66   0   3   2   6   1   2   0   0   8  0.76 0.33
  159 E    -2  -1   0   2  -4   1   5  -3   0  -3  -4  -1  -3  -2   1  -1  -2   0  -3  -1    2   2   4  12   0   4  53   1   2   0   1   2   0   2   6   2   2   1   0   6  0.74 0.33
  160 K     0   1   1   1  -2   1   1   0   2  -2  -2   1   1  -3  -2   1   1  -3  -2  -2    8   8   8   8   0   8   8   8   8   0   1   8   8   0   0   8   8   0   0   0  0.17 0.13
  161 A     0   0  -3  -3  -2  -1  -2  -3  -3   1   3  -1   1   0  -3  -1   0   1   0   1    7   6   0   0   0   2   2   0   0   5  42   3   4   4   0   3   4   2   2  12  0.25 0.16
  162 L    -2  -3  -4  -4  -3  -3  -4  -4  -3   1   4  -3   3   1  -4  -1  -1   4  -2   0    1   0   0   0   0   0   0   1   0   4  60   0   7   5   0   4   3   8   0   5  0.70 0.30
  163 P    -1  -3  -3  -3  -4   1  -1  -3   1  -3  -2  -2  -3  -4   7   0  -1  -4  -3  -3    4   1   0   1   0   8   4   1   3   1   4   1   0   0  59   8   4   0   0   1  1.29 0.40
  164 T     0  -2  -1  -1  -2   0   0  -1  -2   1   0   0   0  -2  -1   0   1  -3  -2   2    7   0   2   3   0   5   5   3   0  10   7   5   2   0   2   8  12   0   0  27  0.12 0.12
  165 P    -1  -3  -3  -3  -4   1  -1  -4  -3  -1  -2  -2  -3  -4   7  -1  -1  -5  -4  -1    4   0   0   0   0   8   3   0   0   3   3   2   0   0  61   5   4   0   0   5  1.36 0.47
  166 Q    -1  -1   2   4  -3   2   0  -2   0  -3  -3  -1  -1  -4   0   1   1  -4  -2  -1    3   3  10  29   0   9   3   1   1   0   0   3   2   0   5  12  11   0   2   6  0.38 0.23
  167 A     0  -3  -3  -3  -2  -3  -1  -3  -3   2   3  -3   1   3  -1   0   0  -2   0   0    6   0   0   0   0   0   4   0   0  13  31   0   3  19   2   7   6   0   2   5  0.30 0.20
  168 Q    -1   0  -1   1   0   3   2  -2   2  -2  -1   2  -2  -3  -1   1   0  -3  -2  -3    4   2   1   9   3  22  15   1   6   1   6  12   0   0   3   9   4   0   0   0  0.31 0.21
  169 Q    -3   0  -2  -2  -4   7   2  -4  -2  -4  -2   1  -3  -4  -3  -1   0  -4  -3  -4    1   3   0   0   0  62  11   1   0   0   4   6   0   0   0   3   7   0   0   0  1.20 0.52
  170 L    -1  -1  -2  -2  -2  -1   0  -1  -2   1   2  -1   0   0  -2  -1   1  -2   1   1    4   4   1   1   0   3   8   6   0  13  22   2   1   5   1   2  10   0   5  12  0.07 0.08
  171 Q     2   1  -1  -1   1   2   0  -1  -1  -1   0   0   0   0  -1   0   0  -2  -1  -1   22   7   2   1   4  11   3   4   1   2  10   6   2   4   1   8   4   0   2   4  0.08 0.09
  172 D     0  -1   0   2   0   0   2  -2   0  -1   0   0  -1  -1   1   1   0  -1  -2   0    6   2   2  11   2   2  16   2   2   2  10   5   0   2   7  15   7   1   1   6  0.12 0.09
  173 V     1  -1  -2  -1   0   0  -1  -1  -2   0   1  -1   3  -1  -2   0   2   2  -2   1   14   3   0   3   2   6   2   4   0   2  11   3  10   3   0   3  21   3   0   9  0.14 0.16
  174 L     1  -2  -2  -2  -2   0  -1  -3  -2   1   3  -2   0  -1   0   0   0  -2  -2   1   13   1   1   1   0   4   5   1   0   8  35   1   1   2   5   5   4   0   0  11  0.20 0.16
  175 S     1  -2   1  -1   1   0   0  -1  -2  -3  -1   0  -2  -3   0   4   0  -3  -3  -2   11   1   6   3   3   4   4   4   0   1   8   4   0   0   3  44   2   0   0   1  0.37 0.26
  176 W    -1  -1  -3  -2  -3  -1  -1  -2   1  -2  -1   0  -1  -1   1  -2  -1   9   2  -1    4   4   1   3   0   2   5   3   3   2   6   7   2   1   7   2   4  34   6   6  0.88 0.36
  177 M    -1  -1  -2  -1  -2   0  -2  -1  -1   1   3  -2   1   1   0   0   0  -2  -2   0    5   2   1   3   0   4   2   4   1   6  36   1   3   7   4  10   5   0   0   6  0.17 0.16
  178 Q    -1   0   0   0  -1   2   1   1  -1  -2  -1  -1  -2  -3   2   2   1  -3  -1  -1    1   5   3   4   1  14   8  10   1   2   6   1   0   0  11  17  11   0   2   3  0.21 0.19
  179 P     1  -2  -1   1   0   0   0   0  -1  -4  -3  -2  -4  -4   5   2   0  -5  -4  -3   10   2   2   7   2   4   6   6   1   0   2   0   0   1  31  17   6   0   0   1  0.59 0.35
  180 G     2  -1   0   1   0  -2   0   2  -1  -2  -3   0  -2  -4   1   1   0  -4  -3   0   22   3   5  10   3   0   5  14   2   2   1   4   1   0   8   9   5   0   0   8  0.21 0.18
  181 V    -1  -1  -2  -1   0  -1   0  -2   0  -2   0  -3   0  -3   5   2  -1  -5  -4   0    3   3   2   2   2   2   6   3   2   1   8   0   3   1  36  18   2   0   0   6  0.63 0.37
  182 S     1  -2  -2   1  -1   0   0  -1  -3  -1  -2  -1  -3  -1   1   4   0  -2  -3  -1   11   1   0   7   1   4   5   4   0   3   2   3   0   4   8  36   5   1   0   4  0.32 0.29
  183 I     0  -2  -3  -1   1   0  -2  -2  -2   1   1  -1   1  -1  -1  -1   0  -3   0   3    8   1   0   5   3   7   2   2   1   8  15   2   3   2   3   2   8   0   3  25  0.15 0.16
  184 T    -1  -1  -3  -2  -3  -3  -2  -2  -3   1   3  -3   2  -1   1   1   0   0  -1  -1    5   3   0   2   0   0   3   2   0   6  41   0   5   1   6  12   7   1   2   3  0.31 0.26
  185 S     0   0   0   2  -4   0   4  -2   0  -3  -1   1  -1  -3  -2   1   1  -4  -3  -2    7   3   3  12   0   2  29   1   2   0   7   9   2   1   1  11   8   0   0   1  0.35 0.26
  186 S    -1  -2   0   3  -4   3   4  -2  -1  -4  -3   0  -3  -5   1   1   1  -5  -4  -3    5   0   3  16   0  12  28   1   1   0   3   3   0   0   7  11   8   0   0   1  0.51 0.34
  187 L    -2  -3  -2  -5   8  -3  -3  -4  -5  -1   2  -1   1  -2   0  -2  -1  -4  -3   0    3   1   3   0  43   1   1   1   0   4  18   3   3   1   5   2   3   0   0   7  1.09 0.50
  188 A     2  -3  -2  -3  -3  -1  -2  -3  -1   1   2  -2   3  -2   0  -1   1  -3  -3   1   22   0   1   0   0   2   1   1   1   9  25   1   8   0   4   1  11   0   0  10  0.30 0.24
  189 W    -2   0   0  -2  -1   2  -1  -2  -3  -1   4   0  -1  -2  -2  -1  -2   2  -3  -1    2   5   4   2   1  10   3   2   0   1  50   5   0   0   2   3   2   3   0   3  0.42 0.30
  190 R    -1   0   0  -2   0   0  -1  -1   2  -1   1   1  -1  -1   0   2   0  -3  -2  -1    2   4   4   0   2   4   3   4   5   2  20  12   0   2   5  22   5   0   0   2  0.15 0.18
  191 Q    -2   2  -1  -1  -2   6   0  -4   0  -2   1  -1  -2  -3  -4   0  -1  -4  -3  -2    2  11   2   3   1  44   5   0   2   1  13   1   1   1   0   6   3   0   0   2  0.72 0.45
  192 Y    -3  -2  -2   0  -4   1  -3  -4   6  -1   0  -2  -3   0  -2  -1  -2   3   5  -2    1   1   1   6   0   7   0   0  25   4  10   2   0   3   2   5   2   3  26   2  0.75 0.42
  193 G    -1  -3  -2  -2   2   1   1   1   6  -3   1  -2  -2  -1   0  -1  -2  -4   0  -2    6   0   1   1   5   6   9  10  27   0  15   1   0   2   6   5   2   0   2   3  0.43 0.31
  194 V     0   1  -1  -1   2  -1   0  -2  -1  -1   0   1   1  -2   1   0   1  -3  -1  -1    9  10   2   2   7   1   7   2   1   1  11  13   4   1   7   4  11   0   2   3  0.12 0.14
  195 D    -1   0   2   4   1  -1   2  -1   0  -3  -3   0  -3  -4  -2   0  -1  -4  -3  -1    5   4   8  33   3   2  13   3   2   0   2   6   0   0   2   8   2   0   0   6  0.45 0.28
  196 M    -2   0  -2  -2  -1   1   0  -3   0   0   3  -2   3  -1   1  -1  -1  -3  -2   1    1   4   2   1   1   8   6   1   3   2  30   1  10   2   9   3   4   0   1  12  0.25 0.22
  197 G     0   0   0  -2  -1   0   1   4  -1  -2  -2  -1  -3  -3   0   1  -1  -3  -3  -2    6   4   3   1   1   4  13  38   1   2   5   3   0   0   4   9   2   0   0   3  0.39 0.25
  198 W    -1  -1  -1  -2  -1   1   0  -3   6  -2  -1  -1  -2   0   0   0   0   4   2  -3    4   2   3   2   1   6   6   2  26   1   7   3   0   4   4   9   6   7   7   1  0.47 0.30
  199 L     0   0  -1   0   2   1   0   0   1   0  -1   0  -1   0   1   0   0  -3  -1   0    6   6   0   6   6   6   6   6   6   6   6   6   0   6   6   6   6   0   0   6  0.04 0.08
  200 L    -1   0   0   0   1   0   0  -1   1   0   0   0  -1   0   1   0  -1   2   0   0    3   4   4   5   3   3   6   4   5   4  13   7   0   5   6   6   4   4   4  10  0.03 0.07
  201 P    -1   0  -1   0   1   0   0   0   1  -1  -1  -1  -2  -4   4   0   0  -4  -3   0    5   4   2   4   3   4   7   8   4   3   7   3   0   0  24   8   6   0   0   7  0.29 0.24
  202 E     0   0   0   0   2   0   0   0   1   0  -1   0  -1   0   1   0   0  -2   1   0    6   6   5   6   5   5   6   6   5   6   6   6   0   5   6   6   6   0   5   6  0.03 0.06
  203 C     0   0   0   0   2   1   0  -1   1   0  -1   0   0   0   0   0   0  -2   1  -1   10   5   5   5   5   6   5   4   3   8   6   4   3   3   4   9   3   0   5   4  0.01 0.06
  204 S     0  -1  -1  -1   0   2  -1   0   2  -2   0  -1  -3   0   2   2   2  -4  -3  -2    8   2   3   3   2   9   3   6   6   2   8   2   0   4   9  18  13   0   0   2  0.19 0.25
  205 V     1  -1  -1  -1   1  -1  -1  -2   1   0   1  -1   0   0   1   1   1  -3  -1   0   12   3   2   2   4   2   5   2   5   5  13   2   3   5   8  11   7   0   2   8  0.08 0.12
  206 T     0  -1  -1   0   2   1   0  -1   2  -3   0  -1  -2  -1   0   2   0  -3   1  -2    9   3   2   6   5   8   5   5   5   0  12   3   0   3   5  17   5   0   5   2  0.12 0.19
  207 D    -1  -1   0   2  -1   2   0   2  -3  -4  -1  -2  -3  -1   0   3   0  -4   0  -3    2   3   5  13   1  10   4  14   0   0   6   2   0   2   6  21   4   0   3   2  0.28 0.30
  208 S    -1  -1   1  -2   2  -1  -2  -1   2  -2   0   0   2  -1   2   3   0  -4  -2  -2    5   2   6   1   4   3   2   4   7   2  12   5   5   3   9  22   6   0   1   1  0.21 0.26
  209 V    -1  -1  -2   0   0   0   0   2   0   1   1  -2   3  -1  -1  -1  -1  -4  -3   0    4   4   1   5   2   4   6  18   2   8  15   2   9   3   3   5   2   0   0   7  0.12 0.17
  210 N    -1  -1   3   2  -1  -1  -1   2   1  -1  -1   1  -3  -2   0   0  -1  -1  -1  -2    5   3  18  12   1   3   2  15   3   3   6   8   0   1   5   6   3   1   2   2  0.23 0.23
  211 L    -1  -1  -1   0   1   0   0  -1   0   1   2   0   1  -1  -1   0   0  -3  -1   0    3   2   3   7   3   5   5   5   2   9  26   6   4   2   2   6   5   0   2   6  0.09 0.14
  212 A    -1  -1  -1  -1   2  -1  -2  -2  -1   2   1  -1  -1  -1   3   1   1  -4  -3   0    5   3   3   3   5   3   2   3   2  12  12   4   1   2  15  12   9   0   0   5  0.19 0.20
  213 E    -1   0   1   1  -1   2   2  -2   0   0   1   0  -1  -2  -2   2   0  -4  -1  -2    3   6   6   6   2  10  12   2   3   7  13   4   1   1   2  15   5   0   2   1  0.15 0.20
  214 P     0  -1  -4  -4   1  -2  -1  -2   0  -1   1  -3   0  -2   4   2   0  -5  -1   0    9   3   0   0   3   2   3   4   2   3  13   0   3   2  24  18   5   0   2   5  0.42 0.37
  215 M     0   0  -1  -2   0   0  -2  -2   0  -1   2  -1   2   0   2   1   0   0  -3   0    8   5   2   2   2   3   2   2   2   3  20   3   5   4  11  14   6   1   0   5  0.15 0.19
  216 E     1   0  -1  -1  -1   0   2  -1   2  -3   0   0  -3  -3   1   3   0  -5  -4  -2    9   6   3   3   1   3  13   3   5   1   8   5   0   1   6  25   5   0   0   2  0.27 0.30
  217 Q     1   0   0  -2   0   1   0  -2   0  -3   0  -1  -1   0   0   3   1  -4  -3  -2   11   6   3   2   2   6   6   3   2   0  12   4   1   5   4  22   9   0   0   3  0.18 0.24
  218 N     0  -2   2   1   0   1   0  -4  -3  -2   1  -1  -1  -2   0   3   1  -5  -4   0    6   1   9   6   2   5   6   0   0   2  14   3   1   1   4  25   8   0   0   6  0.26 0.30
  219 P    -1  -3  -1   0   0  -1  -2  -3   0  -2  -1  -3  -1   1   5   2   1  -1  -2  -2    4   1   2   6   2   2   3   1   3   2   7   1   1   5  32  13   9   1   1   2  0.57 0.43
  220 P    -2  -1  -1  -1   0  -1   2   0   1  -3  -3  -1  -1  -3   5   1   0  -5  -5  -2    3   3   2   2   2   2  14   6   3   1   3   3   1   1  31  12   6   0   0   3  0.59 0.44
  221 Q    -1   1   0   1   0   3   1  -3   0  -1  -2   0   1  -2   1   1   0  -4  -2  -1    3   6   4   7   2  14  11   1   2   4   2   5   4   1   8  13   6   0   1   5  0.21 0.24
  222 Q     0   0   0   0   0   3   1  -1  -1  -2  -1   0   1  -2   0   1   1  -4  -2  -1    6   4   3   4   2  18   8   5   1   2   5   5   4   1   4  13   7   0   2   5  0.18 0.22
  223 Q    -1   1   0  -1   1   1   1   1  -3   0  -1  -1  -2  -1   1   1   2  -4  -3  -1    3   7   3   4   3   6   8   9   0   5   8   3   0   2   7  10  16   0   0   4  0.13 0.19
  224 R    -3   3   0   2  -5   1   2  -4   0  -1   0   2   0  -2   1  -1  -2  -5  -4   0    0  15   4  11   0   7  12   0   2   3  11  11   2   1   8   5   1   0   0   6  0.28 0.29
  225 L    -2  -2  -1  -2   1   0   0  -3   0  -1   1  -1   0  -2   4   0   1  -4  -2   1    2   2   3   2   3   5   5   1   3   2  15   4   2   2  20   5  11   0   1  12  0.30 0.28
  226 A     1  -1  -1   0   0   1  -1   0   1   0  -1   0  -1  -4   1   2   0  -4  -3   0   15   2   2   6   2   7   2   6   4   6   6   6   2   0   8  16   5   0   0   6  0.14 0.19
  227 L    -1  -1  -1  -1  -4   2  -1  -2  -1   0   2  -1   0   0   2   1   1   1  -3  -1    5   3   2   3   0  11   2   3   1   5  19   3   2   4  10  12   9   2   0   2  0.18 0.23
  228 H     0  -2   0  -1   0   1   0  -2   3  -2   0  -2  -3  -2   0   4   0  -5  -1  -2    7   1   4   4   2   6   5   2   9   2   9   1   0   2   4  31   4   0   2   2  0.34 0.35
  229 N     0  -1   1   2  -4   0   0  -1   3  -2  -2  -1   0  -1   0   3  -1   0  -3  -2    5   2   8  12   0   3   6   4   7   2   5   2   2   3   6  25   3   1   0   3  0.25 0.27
  230 P    -2  -3  -2  -2  -2   1   1  -3  -1  -1   0  -1  -4  -1   6   1  -2  -5  -4  -1    2   1   2   2   1   6  10   2   1   3   9   4   0   3  36  12   1   0   0   4  0.70 0.48
  231 L     1  -1  -2  -1  -3   0  -1  -1  -3   0   2  -1  -1  -1   4   0  -1  -4  -3   0   11   3   1   4   0   4   3   4   0   4  22   4   1   2  19   7   2   0   0   8  0.27 0.24
  232 P    -1   1  -1  -1  -5   2  -1  -2  -2  -5  -2  -3  -4  -2   5   3   0  -5  -4  -3    4   8   2   3   0   8   3   2   1   0   4   0   0   2  33  21   6   0   0   1  0.74 0.52
  233 K    -1   1   1   0   0   2   0  -1   0  -1  -2   2  -1  -3   2   1  -1  -1  -3  -1    4   8   5   4   2   9   6   5   2   3   4  12   1   0   9  12   3   1   0   5  0.13 0.17
  234 A     1  -1  -2   0  -1  -1   0  -2  -1   1   0  -1   0  -1   2   1   1  -3  -1   0   14   2   1   4   1   1   7   1   2   9   9   4   2   3  11  14   7   0   3   5  0.12 0.17
  235 K     0   1  -1  -1  -4   1   0  -2   1  -3  -1   2  -2  -3   0   1   0  -4  -1   1    5   9   2   4   0   5   7   3   3   0   7  17   0   0   5  12   7   0   2  11  0.16 0.22
  236 P     0  -2  -2   0  -1   0   1  -1   4  -2  -1  -3  -4  -5   5   1   0  -1  -4  -3    6   2   1   5   1   4  10   5  10   2   5   1   0   0  26  11   5   1   0   1  0.48 0.40
  237 G     0   0   0   1  -3  -1   0   2   0  -1  -1  -1  -3  -2  -2   2  -1  -4  -2   1    7   6   4   8   0   1   5  16   2   3   6   2   0   1   1  21   3   0   1  11  0.17 0.23
  238 T     0  -1  -1   1   0   0   1   0  -3  -1   0  -1  -1  -2   1   2   1  -4  -2  -1    8   3   2   7   2   4   9   6   0   3  11   2   2   1   7  18   9   0   1   4  0.10 0.17
  239 H     0   0   0   0   1   0   1  -1   4  -3  -2   0   2   1   1   1   0  -3  -1  -2    7   4   5   4   3   3  11   4  12   0   2   5   7   6   6   9   6   0   2   2  0.17 0.21
  240 L    -2   0   0   1   1   2   1  -2   0  -1   1  -1   0  -1   1   1   0  -3  -2  -1    1   4   4   7   3  10  10   3   2   3  14   2   2   2   7  14   5   0   1   4  0.10 0.17
  241 P     0   0  -1   0  -2   0   0  -3  -4   0  -1  -1  -4  -4   5   0  -2  -5  -1  -1    6   6   2   5   1   4   8   2   0   5   6   3   0   0  35   6   2   0   3   4  0.58 0.43
  242 Q     0   0   0   0   1   3   2  -1   3  -2  -1   0  -1  -4  -1   1  -1  -4  -2  -3    7   5   4   5   3  16  14   6   8   2   7   4   1   0   3   9   2   0   1   1  0.22 0.25
  243 G    -1  -2  -1  -1  -1   0   0   2   0   0  -1   0  -1  -1   3   1  -1  -4  -3  -1    4   1   3   4   1   5   7  15   3   5   7   5   2   3  18  11   4   0   0   3  0.21 0.22
  244 P    -1  -1  -1  -1  -4   1   1  -3   1  -3  -2  -1   1   0   5   0  -1  -5  -4  -2    5   3   2   3   0   7   9   2   3   1   3   4   4   4  32   9   4   0   0   2  0.53 0.41
  245 S     1  -2   1   1  -1   0   2  -1  -3  -2  -4   0  -1  -2   1   2   1  -4  -3  -1   15   1   6   8   1   4  16   3   0   2   0   6   1   2   6  14   8   0   0   3  0.23 0.27
  246 S    -1  -1  -1   0  -4   2   1  -1  -1   0  -2  -1  -1  -2   2   3   1  -4  -4  -2    4   3   2   5   0   9   7   5   1   6   3   4   1   2  12  26   7   0   0   1  0.27 0.32
  247 R    -1   2  -1   0  -4   2   0  -1  -1  -1   0   0  -2  -3  -2   2   0   0  -3   0    3  15   1   6   0  10   5   3   1   2  10   6   0   1   1  19   5   1   0   8  0.18 0.26
  248 T    -1   1   0   0  -3   1   2  -2  -1   0  -1   1   0  -4   0   1   1  -4  -3  -1    4   8   3   4   0   7  13   2   1   6   4  10   3   0   3  14  11   0   0   3  0.16 0.22
  249 H    -2  -1   0   3  -2   1   1  -1   4  -3  -2   0  -1  -2   1  -1  -1  -4   0  -1    1   3   4  22   1   7   8   5  10   0   4   6   1   2   9   4   3   0   4   4  0.28 0.28
  250 P     0   0  -2  -1  -4  -1   1  -3  -1  -3  -1  -1  -2  -5   6   0  -1  -1  -4  -1    8   5   2   3   0   2   9   1   1   1   5   3   1   0  40   7   3   1   0   5  0.71 0.49
  251 E    -2   0  -1   2  -5   1   4  -2  -3  -2  -1  -1  -3   0   1  -1  -2  -5  -4  -1    3   4   3  11   0   7  34   3   0   1   8   3   0   4   6   5   2   0   0   4  0.41 0.39
  252 P     0   3   0  -1  -1  -1   0  -2   1  -1  -1   0  -2  -2   2   1  -1  -4  -3   0    7  20   5   3   1   1   5   2   4   4   7   4   0   1  11  10   3   0   0   6  0.17 0.22
  253 L     0   0  -1  -1   1   0  -1  -1   1   1   1   0   0   0  -1  -1  -1  -2   0   1    5   5   2   4   4   6   4   3   4   8  15   5   3   5   2   4   2   0   3  14  0.02 0.08
  254 A     1   0  -1  -1   0   1   0   0  -2   1  -1   0  -1  -2   0   0   1   0  -2   0   13   6   3   2   2   8   6   7   0  10   5   4   0   2   4   4  12   2   0   7  0.05 0.13
  255 G     0  -1   0   0   1   2   1   3  -2  -2  -3   0  -1  -2  -2   0  -1  -4  -3  -1    8   2   5   3   3  12  12  24   0   3   2   4   1   2   1   7   4   0   0   4  0.22 0.24
  256 R    -1   2   0   0   1   0   2  -1   2  -2  -2   1  -2  -1   0   1   1  -3  -1  -3    3  13   4   4   3   4  13   4   7   3   2   9   0   4   5   9   8   0   1   1  0.15 0.19
  257 H    -2   1   0   3  -1  -1   1  -1   2   0  -1   0  -1  -2   0   1   0  -4  -3  -1    2   8   4  20   2   2   8   4   6   5   6   4   2   1   3  10   6   0   0   4  0.14 0.19
  258 F    -1  -1   0   0   0   0   2  -2   0  -1  -2   0   0   2   2   1   1  -3  -1  -1    2   2   3   5   3   4  14   2   2   5   2   6   3  10  12  10   8   0   1   5  0.12 0.18
  259 N    -1  -1   3   2  -3   0   1   0   0  -1  -2  -1  -3  -3   1   1   0   2  -1  -1    3   3  16  14   0   3  10   6   2   4   3   2   0   0   7  11   6   3   2   4  0.20 0.22
  260 L     0  -1   0  -1  -3   1   0   1  -2  -1   1  -1  -1  -3   2   1  -1   0  -3   0    7   3   5   3   0   6   5  12   0   2  21   3   1   0   9  12   3   1   0   5  0.12 0.17
  261 A     1   1  -2  -1   1   0   1   0  -1  -3  -1  -1  -1  -4   2   3   1  -4  -3  -1   13   7   0   2   3   4   9   6   1   0   6   2   2   0   9  24   9   0   0   3  0.25 0.28
  262 P    -1  -1   1   0  -4   1  -1  -2  -1  -3  -2  -1  -3   0   6   0  -2   0  -1  -1    5   4   6   4   0   6   3   3   2   1   3   4   0   5  38   6   2   2   2   6  0.63 0.40
  263 L     0   1  -1   0  -3   1   0  -2  -2   0   2   0   0  -2   1  -1   0  -3  -2   0    9   8   2   5   0   6   4   2   0   4  25   4   2   0   8   4   7   0   0   7  0.12 0.16
  264 G     0   0  -1   0   0   0   0   4  -3  -2  -3   0  -3  -2   1   1   0   0  -3  -1    6   6   2   4   2   4   6  32   0   2   2   6   0   2   6   9   5   1   0   4  0.30 0.24
  265 R     0   3  -1  -2  -1   3   2  -2   0  -3  -1   1  -1  -3   0   0   0  -4  -3  -1    6  21   3   1   1  13  12   2   2   0   7   8   2   0   6   7   4   0   0   3  0.29 0.26
  266 R     0   3   0   0  -3   3   1  -1  -1  -3  -1   0  -2  -4   1   1   0  -4  -3  -1    6  19   4   4   0  16   8   4   1   0   5   5   0   0   6  12   4   0   0   4  0.29 0.26
  267 R    -2   4  -1   1  -4   2   1  -1  -2  -1  -3   2  -3  -4  -2   0  -1  -4   0  -1    2  29   2   7   0   8  10   5   0   3   2  11   0   0   2   8   2   0   3   5  0.39 0.32
  268 V     0   0   0  -2  -1  -1   0  -1   1   1   1   0   0  -2  -2   1   0  -3  -2   2    5   4   6   1   1   2   6   3   4  10  15   5   1   0   1  11   4   0   0  18  0.09 0.14
  269 Q    -1   1  -2   0  -4   4   2   1   0  -4  -4   0  -3  -4   1   1   0  -4   0  -2    4   6   0   4   0  22  14  12   2   0   1   4   0   0   6  10   7   0   4   3  0.36 0.33
  270 S     2   0  -2   1  -3   1   1   0  -1  -2  -2   0  -1  -4   2   3  -1  -4  -2  -3   18   4   0   8   0   7   8   5   1   2   3   4   2   0  10  25   2   0   2   0  0.31 0.30
  271 Q    -1   1   1   1  -3   3   1  -1   1  -1  -3  -1  -2  -2   1   1   0   0  -1  -2    4   9   7   6   0  15  11   5   4   5   2   0   0   2   6  14   4   1   2   3  0.21 0.23
  272 W    -1   1  -1  -2  -3   0   0  -2   1  -1  -1  -1   1  -1   0   2   1   5   1  -1    3   8   3   2   0   5   6   2   4   3   4   3   4   3   5  17   9  11   4   4  0.22 0.22
  273 A     1  -1  -1   0   0   0   0   0  -2  -2  -1  -1  -2  -3   2   2   2  -1   0   0    9   3   2   5   2   3   6   6   0   0   6   3   0   0  11  19  14   1   3   8  0.18 0.21
  274 S     0   0  -1   1  -3   2   1   0  -1   0  -1   0   0  -3   0   2   1  -4  -3  -2    5   4   2   8   0   9   9   6   1   6   5   4   3   0   3  23   8   0   0   2  0.18 0.21
  275 T     1  -2   2   2   1   0   2  -3   0   0  -2   0  -3  -4   2   1   1  -4  -3  -2   10   0  11  11   3   4  12   1   2   6   2   7   0   0  10   9  10   0   0   1  0.26 0.24
  276 R    -2   3   0   0  -4   3   1  -3  -2  -3  -2   1  -1  -4   2   0   0  -4  -2  -1    2  19   4   6   0  19   8   1   0   0   4   6   2   0   9   6   6   0   1   5  0.36 0.30
  277 G     0  -3   1  -1  -3  -1  -1   4  -3  -2  -2  -1  -3  -1   0   1  -1  -3  -3   0    7   1   8   4   0   3   4  36   0   3   4   2   0   3   5  10   4   0   0   6  0.37 0.26
  278 G     0   0  -1   0   4   1  -1   2  -1  -2  -2   1   0  -3   0   1  -1   0  -2  -2    7   6   2   5  12   6   2  17   2   3   4   8   3   1   5  13   3   1   1   1  0.19 0.17
  279 H     0   0   0   0  -3   2   2   0   4  -2  -2  -1  -2  -2  -1   2  -1   0  -1  -3    6   4   3   5   0  11  13   6  15   2   5   1   0   2   2  16   4   2   2   1  0.27 0.24
  280 K     0   0  -1  -1  -3   2   1  -1  -2  -2   0   3  -1  -2  -1  -1   1   0  -1  -1    9   3   2   3   0  13  11   3   0   0   9  21   1   2   3   2   8   2   2   5  0.20 0.22
  281 E     0  -1   1   3  -4  -1   4  -3   2  -2  -2   0  -3  -4  -1   0   0  -5  -4  -2   10   3   6  16   0   0  33   0   4   3   3   4   0   0   3   8   4   0   0   2  0.48 0.37
  282 R     1   4  -2   1   0   2   1  -1  -2  -3  -3   1  -3  -2  -1   0   0  -4   0  -2   11  29   0   7   2   8   8   5   0   0   2   5   0   2   3   6   4   0   3   3  0.34 0.30
  283 P     0  -3   0   0  -1  -1   1  -3  -1  -1  -3  -1  -4  -4   5   2  -2  -5  -4  -3    8   0   4   4   2   2   9   1   2   5   3   3   0   0  37  19   2   0   0   1  0.78 0.47
  284 T    -1  -1   2   1  -1   0   0   1  -2  -3  -2   1  -3  -3   0   1   3   0  -1  -2    4   3  10   6   1   3   7  12   0   0   3   8   0   0   4   9  24   1   2   2  0.25 0.26
  285 V     1  -2   0   1  -3   2   1  -3  -3  -1   0   0  -2  -3   1   0   0  -4  -3   3   10   0   3  10   0   9  10   1   0   0   7   4   0   0   6   6   7   0   0  24  0.21 0.24
  286 M    -1   0   0   0   1   2   0   0   0   0   0   0   2  -2  -1   0   1   0  -2   1    2   5   5   5   3  13   3   7   2   4   8   6   7   0   2   9   7   1   0  10  0.07 0.13
  287 L    -1   0   0   0  -2   0  -1   1  -1   1   1  -1   0   0   1   0  -1  -3  -2   0    2   5   6   5   0   4   3  12   2  10  20   2   2   4   6   8   2   0   0   6  0.05 0.10
  288 F    -1  -2   0   1  -1  -1   0  -2   0  -1   1   1  -1   1  -1   2   0  -3   0  -1    2   0   4   8   1   0   6   2   3   3  16   8   0   6   3  23   7   0   4   3  0.12 0.19
  289 P    -1   1   0   1  -1   0   1   1  -3  -1  -3  -2  -1  -2   5  -1  -1  -4  -2  -3    3   7   4   7   1   4  11  14   0   4   2   0   2   2  28   4   3   0   2   0  0.44 0.31
  290 F    -1   1   0   0  -3  -1  -2   0  -2  -1  -1   0  -2   2   0   2   0  -2   1   0    4   7   6   6   0   2   1   6   0   4   6   5   0  13   4  18   6   0   4   7  0.09 0.15
  291 R    -1   4   0   1   1   0   1  -2   0   0  -3   2  -3  -3  -3   0   1  -4  -1  -3    5  27   3   8   3   3  10   3   2   6   1  10   0   0   0   8   8   0   2   1  0.33 0.27
  292 N    -1   0   3   1  -3   2   1   1   1  -3  -2   0   0  -3  -3   1  -1   4  -2  -1    3   5  19   7   0   9   7  11   4   0   3   4   2   0   0  10   2   7   0   5  0.30 0.26
  293 L     0   1  -2  -2   0   0  -1  -3   0   1   1   0   0  -1   2   0   0  -3  -2   0    8  10   0   2   2   5   4   0   2  10  18   7   3   2  11   6   4   0   0   6  0.13 0.14
  294 G    -1   0   0   2   4   0   1   1  -2  -3  -2   0  -1  -3   1   1   0  -4  -1  -2    3   5   3  13  12   4   8  14   0   0   3   4   2   0   6  11   7   0   2   3  0.23 0.21
  295 S     0   0   0   0  -2   1   0  -1  -1   0   0   0   0  -1   0   1   0  -3  -2   0    9   4   4   7   0   7   3   4   1   7  11   5   3   2   4  16   6   0   0   6  0.06 0.09
  296 P    -1  -1  -3   1  -4   0   0  -3  -1   0  -3   0   0  -1   6   0  -1  -4  -3   0    4   2   0   7   0   3   6   1   2   7   1   7   2   2  38   8   2   0   0   6  0.68 0.39
  297 T     1   0   0   0   0   0   0   0  -2  -1  -1   1  -2  -3  -1   2   1  -3  -3   1   16   3   4   4   2   3   7   6   0   2   4   8   0   0   2  18   8   0   0  13  0.13 0.17
  298 Q     0  -1  -1   0  -3   2   0  -1   0   0   0  -1   2   1   1   0   0   0  -2   1    5   2   2   4   0  14   4   4   2   4   7   3   9   6   9   6   7   1   0  11  0.11 0.16
  299 V     0   0  -2   1  -2  -1   0  -1  -2   1   0  -1  -1   0  -1   1   1  -3  -2   2    6   7   0  10   0   2   7   3   0   6   8   3   0   4   3  10   9   0   0  21  0.10 0.16
  300 I    -1   0  -1  -1  -1   0  -1  -1  -2   1   0   1   0  -1  -1   2  -1  -3  -1   1    0   5   3   2   1   5   3   3   0  10  12  11   2   2   3  22   2   0   2  12  0.11 0.19
  301 S     1  -2   0   1  -3   1   1  -1  -2  -2  -3   0  -1  -4   1   3   1  -4  -1  -2    9   0   3  10   0   5   7   3   0   3   2   5   2   0   7  31   9   0   2   2  0.32 0.30
  302 K     0   2   1  -1   0   3   1   0  -2  -2  -1   1  -2  -4   1   1  -1  -4  -3  -3    6  11   7   2   2  17   9   5   0   2   6  11   0   0   6  12   3   0   0   0  0.26 0.24
  303 P    -1   1   0   1   1   1   1  -1   2  -4  -4  -1  -3  -4   3   1   1  -4  -3  -2    5   7   4  10   3   6  10   5   5   0   0   2   0   0  18  10  12   0   0   3  0.34 0.27
  304 E    -1   0  -2   1  -1   3   3  -1   0  -3  -1   2  -1  -4   0   1  -1  -4  -3  -1    5   5   0   6   2  13  22   5   2   0   5  12   2   0   4  11   2   0   0   4  0.27 0.25
  305 S    -1   0   1   1   0   2   1   0   1  -2  -1   1  -2  -3   1   2   0  -3  -3  -2    2   4   7   7   2  12   9   5   3   2   5   7   0   0   8  16   6   0   0   3  0.18 0.18
  306 K    -2   4   0   1   0   2   1  -2   0  -1  -3   1  -3  -4   2   0  -1  -4  -3  -2    0  29   4   6   3   8  10   3   3   4   2   8   0   0  10   7   2   0   0   2  0.42 0.32
  307 E    -1   1   0   1  -3   0   3  -2   0  -1  -2   2  -1  -2   0   1   0  -4  -3  -1    3   9   3   6   0   3  23   2   2   3   4  13   2   2   3  11   6   0   0   5  0.22 0.21
  308 E    -1   1   1   3  -4   1   3  -1   0  -1  -1  -2  -3  -4   0   0  -1  -4  -3  -2    3   8   5  20   0   4  25   3   2   4   7   0   0   0   5   8   3   0   0   3  0.35 0.29
  309 H     0   0   0  -1  -1   1  -2   1   2  -1  -1   0  -2  -1   2   1   1  -3  -1   0    4   5   3   3   2   6   0  13   7   3   5   5   0   2  10  16   8   0   2   6  0.13 0.16
  310 A     1   0  -2   0  -3   1   1   2  -1  -1  -3  -2  -1  -3  -3   2   2   0  -3   0   11   4   0   6   0   6  12  16   2   3   0   0   2   0   0  14  14   2   0   7  0.23 0.24
  311 I     0   0   0   0  -2   1   0   1  -2   1   0   0   1  -2   1   0   1  -3  -1   0    6   3   3   4   0   8   4  10   0  10   6   6   5   0   6   7  12   0   2   8  0.06 0.09
  312 Y     0   0   0   0  -3   1   0  -1   2  -1   0   0   0  -1   3   1  -1  -3  -1  -1    7   4   3   5   0   7   6   3   7   3   9   6   2   3  17  14   0   0   1   3  0.19 0.17
  313 T     0  -1   0  -2  -3   0   0   0   1  -2  -1  -1   0  -1   0   2   3  -4  -3   1    6   3   3   0   0   4   4   6   3   0   4   3   3   3   3  21  22   0   0  10  0.22 0.25
  314 A     3  -1   0   1  -3   0   1   0  -3  -2  -1   1  -3  -4   1   2  -2  -4  -3  -3   29   2   5   6   0   5   9   6   0   2   5   8   0   0   6  16   0   0   0   0  0.28 0.27
  315 D     0  -2   1   3   2   1   2   0   0  -1  -3   0  -2  -1  -1   0   0   0  -2  -1    6   0   5  19   5   5  15   7   3   5   0   7   0   3   2   8   5   2   0   3  0.20 0.19
  316 L     0   1  -1   0   1   0   1  -1  -2  -1  -1   1  -2  -2   1   1   1  -3   0  -1    7   7   2   6   4   2  10   4   0   3   8  11   0   0   8  11  10   0   4   3  0.11 0.13
  317 A     1   0   0   3   1   1   0   1   0  -3  -2  -1  -2  -3   1   2   0  -4  -3  -3   14   4   4  17   3   8   5   9   2   0   5   0   0   0   7  15   4   0   0   1  0.23 0.21
  318 M    -1  -1  -2  -1   0  -1  -1   0  -3  -1   0  -2   1  -1   4   0   0  -4  -3   2    4   4   2   3   2   3   3   7   0   2  11   0   5   2  20   6   7   0   0  20  0.25 0.22
  319 G     1   0   0   2  -1   0   0   2   0  -3  -2   0  -2  -3   0   1   1  -3  -3  -1   10   5   4  12   2   5   5  15   2   0   2   5   0   0   5  12  10   0   0   5  0.17 0.16
  320 T     0  -1  -2  -1   0   1   2  -1  -1  -2  -1   0  -2  -2   3   1   1  -4  -1  -2    5   3   0   2   2   6  19   4   1   1   6   5   0   2  13  13  11   0   2   2  0.25 0.24
  321 R     0   3   0   0   0   0   3  -2  -1  -4  -2   3  -3  -2   1   0  -1  -4  -3  -4    7  15   4   6   2   3  20   2   1   0   4  19   0   2   6   6   3   0   0   0  0.35 0.29
  322 A     1  -1   0  -3   0  -1  -1  -2   0  -3   0   1  -2  -4   4   1  -1  -4  -3   0   16   2   5   0   2   2   4   2   3   0  13  10   0   0  22  11   2   0   0   7  0.36 0.30
  323 A     2   0   0   0   0   1   1  -1  -2  -1  -1   0  -2  -3  -1   2   0  -3   0   1   19   5   3   5   2   6  10   4   0   2   5   3   0   0   2  15   4   0   3  10  0.13 0.18
  324 S     0  -1   0   0   4   0   0  -1   0  -1  -1  -1  -2  -1   1   2   0  -3   0  -1    6   3   3   7  12   5   7   3   2   4   5   3   0   3   7  17   6   0   3   4  0.15 0.17
  325 T     0   0  -1  -1   2   0   0   2   0  -2  -2   0  -1  -1  -2   2   1  -3  -1  -1    6   5   2   3   6   3   4  15   2   2   4   6   1   3   1  20  12   0   2   3  0.16 0.19
  326 G    -1  -1  -1   1  -4   1   3   2   1  -4  -3   1  -3  -1   0   0   1  -4  -1  -3    4   1   1   6   0   7  20  19   4   0   2   8   0   3   5   7  10   0   3   0  0.29 0.27
  327 K    -3   3  -1  -1  -5   1   1  -3   1  -4  -3   4  -3  -5   3  -1   0  -5  -4  -2    0  14   2   4   0   7   8   2   4   0   2  29   0   0  16   5   5   0   0   3  0.59 0.40
  328 S     0   1  -1  -1   1   0  -2   1  -1  -4  -2   0  -3  -2   1   4   0  -4   0  -2    5   9   2   3   3   5   0   9   1   0   3   4   0   2   6  40   4   0   3   3  0.40 0.38
  329 K     0   2   0  -1  -3   2   0  -3  -2  -2  -2   2  -1   0   2   1  -1   0  -3  -1    7  11   5   3   0  11   5   0   0   2   4  17   2   4  11  10   2   1   0   5  0.23 0.23
  330 S     0   0   2   0  -3   1  -1  -1   0  -2   0   0   0  -2   2   1   1  -4  -3  -1    6   4  10   5   0   8   2   3   2   2   8   7   2   2  10  15  10   0   0   5  0.16 0.18
  331 P    -1  -1   0  -1  -1   0   1  -1  -3  -2  -3  -1  -1  -2   6  -1  -1  -4  -1  -1    5   3   4   4   1   5   8   5   0   3   3   3   2   2  38   5   3   0   2   4  0.63 0.37
  332 C    -1   1  -1   0   1   0   0  -1   0   0  -1   1  -2  -2   1   2   1  -3  -1  -1    4   6   2   5   3   4   6   3   2   6   6  13   0   2   7  18   7   0   2   3  0.11 0.14
  333 Q    -1   3  -1   0  -4   3  -2  -2   3  -4  -3   1  -3  -4   3   0  -1   1  -3  -2    4  18   2   6   0  15   0   2   8   0   2   8   0   0  18   8   3   2   0   4  0.49 0.36
  334 T     1  -2   0   0   1  -1   1   0  -2   0   0  -1  -1  -3   2   1   1  -3  -2   0   11   0   5   5   4   0   9   6   0   5   8   0   0   0  11  17   7   0   0  10  0.15 0.14
  335 L     0   1   0   0  -2  -1   0  -1  -2   0   1   0   1  -2   0   0   0  -3  -2   0    9  11   4   7   0   0   5   5   0   6  21   5   4   0   4   5   5   0   0   8  0.06 0.09
  336 G     0   1   1  -1  -2   1   0   1   0  -2  -1   0   0  -3   1   1   1  -3  -2  -1    8   7   8   0   0   5   7  14   3   0   5   5   3   0   6  10  13   0   0   3  0.14 0.13
  337 G     0   1   0   0  -3   1   3   0   1  -2  -3   1  -2  -1   0   1  -1  -3   0  -1    5   8   4   4   0   7  22   8   3   0   1  11   0   4   3  12   0   0   3   6  0.19 0.17
  338 R    -2   3   0   0   2   2   0  -1   1  -2  -1   1   1  -3   0   0  -2  -3  -2   0    0  25   3   4   5  10   6   3   3   0   4   9   6   0   5   8   0   0   0   9  0.24 0.23
  339 A     1   1  -2  -2  -2   0   0  -1  -2   0  -1   1  -2  -3   1   1   1  -3   0   2   15  10   0   0   0   3   7   3   0   3   2   7   0   0   6  13   8   0   3  18  0.16 0.20
  340 L     0   0   0   0   2   0   0   0  -2   0  -1   0   1   0   0   0   0   3  -2   0    6   6   5   6   5   5   6   6   0   6   6   6   5   5   6   6   6   5   0   6  0.05 0.09
  341 K     0   2   0   0  -4   2   2  -3  -3  -4  -1   2  -3  -4   1   0   0   3  -3  -3    7  11   4   5   0  12  13   0   0   0   7  12   0   0   8   8   6   4   0   0  0.31 0.26
  342 E    -1   0   0   2  -4   2   4  -3   2  -1  -2   0   1  -4   0   0  -2  -4  -3   0    3   4   3  13   0   8  30   1   5   3   3   6   4   0   4   5   0   0   0   8  0.36 0.28
  343 N     0   1   3   0  -3   1   0  -1   2  -1  -3   0  -1  -3   2   1   1   2  -3  -3    5   6  15   3   0   7   4   4   6   3   1   6   2   0  12  12  10   4   0   0  0.28 0.24
  344 P     0   0   0  -2  -3   0   0   0   0  -1  -3  -1   0  -1   4   2   0   1  -3  -2    9   6   5   0   0   3   5   7   2   3   0   3   3   2  22  21   3   3   0   2  0.36 0.28
  345 V    -1  -1  -1   0  -3   0   0  -1  -3  -1  -2   1  -2  -2   2   2   2  -4  -3   1    2   3   2   5   0   3   7   3   0   3   3   7   0   2  13  18  17   0   0  12  0.24 0.24
  346 D     0  -1   0   3  -3   1   1   0  -2  -2  -2  -1  -3  -4   3   1  -1  -4  -3  -2   10   2   4  22   0   7  10   6   0   2   4   3   0   0  14  10   3   0   0   3  0.33 0.25
  347 L     0  -2  -1  -2   0   1   2  -1  -2   0  -1   0  -2   1   3   0   0  -3  -2   0    6   0   2   0   3   7  16   5   0   5   5   6   0   7  17   9   5   0   0   7  0.22 0.20
  348 P     0   0  -1   0   0  -1   1  -2  -3  -3  -1  -1   0   0   4   1  -1  -4  -3  -1    5   6   2   4   3   2  11   2   0   0   7   2   2   5  28  12   2   0   0   5  0.40 0.28
  349 A     1  -1   0  -2  -3   0   1   0   0  -2  -2   0  -2  -1   2   2   2  -4  -2   0   14   3   5   0   0   3   8   5   3   0   4   4   0   3  11  16  14   0   0   7  0.19 0.20
  350 T     1   1  -2  -1   5   0  -2  -1  -3  -3  -2   0  -3  -4   1   3   1  -5  -4  -1   13   8   0   2  15   5   0   3   0   0   3   7   0   0   8  26   7   0   0   3  0.44 0.36
  351 E     0   0  -1   1  -3   1   2  -1   0  -1  -1   0  -2  -3   0   2   0  -4  -1  -1    4   4   0   9   0   8  18   5   2   4   7   4   0   0   4  18   7   0   2   3  0.18 0.20
  352 Q     0   1   1  -1  -3   2   1  -3   0  -3  -1   2  -1  -3   3   1   0  -4   0  -3    7   6   5   2   0  14  10   0   2   0   8  12   2   0  13  11   5   0   3   0  0.27 0.24
  353 K     0   2  -1  -3   3   0   0  -1   1  -3  -1   2   1  -1   3  -1  -2  -4  -1  -1    6  11   2   0   8   3   4   4   5   0   7  20   5   2  15   1   1   0   2   4  0.27 0.24
  354 E     0   0  -2   2  -4   1   3   0   0  -3  -2   1  -3  -4   1   0  -1  -4  -3  -1    8   4   0  15   0   4  27   6   2   0   5   8   0   0   6   8   2   0   0   5  0.32 0.26
  355 N     1  -1   4   0   1   1   0  -2   0  -2  -2   2  -2  -4   0   1   0  -4  -3  -2   11   2  26   3   3   5   3   0   3   2   5  13   0   0   4  13   5   0   0   2  0.30 0.26
  356 C     0  -3  -2  -3   7   0  -1  -2   0  -1   0  -1  -2   0  -1   2   0   2  -1  -1    6   0   0   0  27   4   3   3   2   3   9   5   0   5   2  17   7   3   2   3  0.45 0.30
  357 L     0  -1  -1  -1  -2  -2   0   1   0   0   1  -1   0   1   0   1  -1   0  -2   1    4   2   3   2   0   0   6  12   3   2  20   3   2   6   5  15   0   2   0  12  0.07 0.14
  358 D    -2   3   2   3  -4   0   1  -3   1  -4  -2   2   0  -4  -3   2  -2  -4  -3  -4    0  19   8  20   0   2   6   0   4   0   5  11   3   0   0  20   0   0   0   0  0.47 0.34
  359 C    -1  -1   0   0   6  -1  -1   0   3  -2  -2  -3  -3  -4   1   2   0  -4  -3  -2    3   3   5   4  23   2   3   6   9   2   3   0   0   0   6  23   4   0   0   3  0.50 0.34
  360 Y     0   0  -2  -2  -3   1   0  -1   2   0  -2   0  -2   0   3   2   0  -3   1  -1    4   3   0   0   0   6   6   4   7   7   0   7   0   5  17  18   5   0   5   5  0.23 0.20
  361 M     0  -2  -2  -1  -2  -2  -1  -3   0   1   1  -1   3   1   2   0   0  -3   0   2    6   0   0   3   0   0   3   0   3   8  10   4  11   6  10   8   7   0   3  18  0.14 0.16
  362 D    -1   1   1   2   2   2   2  -2   1  -3  -2   0  -2  -3   0   1   0  -3  -2  -2    4   7   8  13   5  12  16   1   4   0   4   4   0   0   3  12   5   0   0   1  0.25 0.19
  363 P    -2   0   0  -2   0  -2   0  -1  -2  -2   0   0  -2  -3   5   0  -1  -3  -3  -1    1   5   5   1   3   1   7   3   0   1  10   7   0   0  38   8   4   0   0   6  0.59 0.28
  364 L    -1   1  -2  -2   0  -1  -1   0   0   0   1   0  -1  -1   2   0   0  -2   0   0    1   8   0   1   3   0   4   7   3   4  21   6   0   0  10   9   7   0   5  10  0.08 0.11
  365 R    -2   4   0  -1   4   0  -2  -2   1   0  -1   2  -2  -3   1  -1  -1  -4  -3  -2    0  29   4   3  14   4   0   3   3   8   4  12   0   0   7   4   3   0   0   0  0.38 0.28
  366 L    -1   0  -1  -2  -3   0  -1  -2   2   0   1   1  -1  -2   3   0   0  -3   0   0    4   6   3   0   0   4   0   3   6   5  20  11   0   0  15   6   5   0   5   5  0.16 0.15
  367 S    -1   0  -1   1  -3   1   2  -2   1  -2  -3   2  -3  -4   2   3  -1  -4  -3  -3    0   3   0   9   0   7  17   0   4   3   0  13   0   0  10  29   2   0   0   0  0.42 0.29
  368 L     0  -1   0  -2   2   0  -1  -3  -2   0   2  -2  -1  -2  -3   2   1   3   0   0    5   3   4   0   5   3   5   0   0   6  23   0   0   0   0  19  13   5   3   7  0.16 0.19
  369 L     0  -1  -1   0  -2   1   0   0   0  -1  -1   0  -2  -3   2   2  -1   2  -2   0    8   0   0   6   0  10   4   7   3   4   7   7   0   0  10  23   0   3   0   8  0.16 0.17
  370 P    -1   0  -1   1   2   1   1  -3   1  -1  -1   0  -2  -3   4   1   0  -4  -3  -2    2   3   0   7   5   6  10   0   5   3   8   4   0   0  22  15   7   0   0   0  0.34 0.22
  371 P    -1  -1  -1  -1   1   0  -2   0   0  -1  -1  -2  -2  -1   4   1   0  -3   0  -1    4   2   3   4   3   5   0   8   3   5   5   0   0   3  27  15   5   0   3   5  0.34 0.22
  372 R     0   4  -2  -2  -3   2   1   1  -2  -3  -3   2  -2  -4  -3   0   0  -4  -3  -2   10  25   0   0   0  13  11  13   0   0   0  11   0   0   0   7   5   0   0   3  0.41 0.27
  373 A     0   0  -1   1  -3   0   2  -1  -2   0  -1   0   0  -3   1   0   0  -3  -2   2    7   6   2   7   0   3  16   3   0   2   6   3   2   0   8   6   6   0   0  23  0.14 0.15
  374 R    -1   3   1   0  -4   1   1  -1   0  -3  -2   2  -2  -3   3  -1  -1  -4  -1   0    3  22   6   3   0   4   9   4   2   0   4  13   0   0  15   3   2   0   2   8  0.32 0.23
  375 K    -2   2   0   3  -4   2   2  -3   1  -4  -4   2   0  -4   0   1   0  -4  -3  -3    0  12   4  19   0   9  16   0   4   0   0  13   3   0   3  13   4   0   0   0  0.43 0.27
  376 P     0   0  -1   0   2  -1   0   0  -2   0   0   0  -1   0   1   0   0  -2  -1   0    7   7   0   7   7   0   7   7   0   7   7   7   0   7   7   7   7   0   0   7  0.05 0.08
  377 V     1   0   0   0   2   1   0   0  -2  -2  -1   0  -1  -3   1   1   1   2  -2   0   12   7   3   4   6   7   7   5   0   0   4   4   2   0   6  11  13   3   0   7  0.13 0.15
  378 C     0   1   0  -1   4   1   1   0   1  -3  -1   0  -2  -3   1   1   0  -3  -1  -2    7   7   3   2  14   7   9   6   5   0   6   5   0   0   6  15   3   0   2   2  0.21 0.19
  379 P     0  -2   0  -2  -2   0   0  -1   2  -1   0   0  -1   0   2   1  -1  -2   1   0    7   1   6   1   0   3   7   4   6   3  12   6   0   5  12  11   3   0   6   6  0.11 0.12
  380 P    -2  -1  -3  -3  -3  -3  -3  -4   2  -3  -1  -3  -3   1   5   1   1   3   1   0    1   4   0   0   0   0   1   1   6   0   5   0   0   6  35  10  11   4   5   8  0.69 0.39
  381 S     1   0   0   0  -3  -2  -2  -1  -3  -1  -3  -2   1   1   2   3   1  -3   0  -3   14   5   3   5   0   0   0   4   0   4   0   0   4   6  10  32   9   0   3   0  0.34 0.31
  382 L    -1   0  -1   1  -3  -1  -1  -1   2   0   1   0   2  -2   1   1   1  -3  -2   0    3   5   0  11   0   0   0   3   8   3  14   8   7   0   8  14   7   0   0   7  0.12 0.16
  383 C     0   0   0  -1   7   0  -3  -1  -3  -3  -3   0  -3  -4  -3   1   3  -4  -4  -3    6   4   4   3  32   3   0   5   0   0   0   5   0   0   0  12  23   0   0   0  0.81 0.41
  384 S    -2   2   1   0  -3   2   0  -2  -2  -3  -2   0  -2  -3  -2   3   2   3  -3  -3    1  13   6   6   0  13   4   1   0   0   3   4   0   0   0  27  16   4   0   1  0.40 0.29
  385 S    -1   0   0   0  -3   1   2  -1  -2  -4  -4   1  -3  -4   4   3   0  -4  -3  -3    1   4   3   3   0   7  12   5   0   0   1   9   0   0  19  29   5   0   0   1  0.49 0.29
  386 V     0   0  -2  -1  -2  -1  -2  -2  -2   0   0   0   1  -2   1   0   2  -2   1   2    9   7   1   4   0   0   1   1   0   4   5   5   4   0   7   5  17   0   5  24  0.15 0.16
  387 I     0  -3  -2   2  -2  -2  -2  -3  -3   3   1  -2   0   0   0  -2   1  -3  -2   2    6   0   0  17   0   0   1   1   0  21   9   1   2   5   5   1   8   0   0  22  0.24 0.18
  388 T     1   0  -1   1   1  -1   3  -1   1  -1  -2  -1  -2  -3   1   0   2  -3  -2  -1   13   6   0   7   4   0  23   4   5   4   1   1   0   0   6   5  15   0   0   5  0.20 0.16
  389 I    -1  -1   1   2  -2   0  -1  -2  -2   2  -2   0  -1  -2  -2   2   1   3  -2   0    1   3   5  13   0   4   1   1   0  19   1   7   0   1   1  24   9   5   0   5  0.20 0.17
  390 G     0  -2   0   0  -3   0  -2   4   2  -3  -2   0  -2  -1  -2   1  -1   2  -2  -3    6   0   4   4   0   5   1  40   6   0   4   5   0   3   1  16   1   4   0   1  0.41 0.20
  391 D    -2  -2  -1   6  -3   1   1  -2  -2  -3  -3   1  -3  -4  -2   0   0  -4  -3  -1    1   0   0  56   0   5   6   1   0   0   1   9   0   0   1   7   6   0   0   5  0.78 0.31
  392 L    -1  -1  -2   0  -2  -1   0  -3  -2   1   3   1   1  -1  -2  -1  -1  -2   1   0    1   1   1   5   0   0   6   1   0  11  39  13   4   0   1   6   1   0   6   5  0.16 0.11
  393 V    -1   0  -2  -2  -2  -1  -2  -3  -2   1   0   0   0  -1   0   0   1  -2   1   3    1   6   1   1   0   0   1   1   0   6   7   6   0   0   5   6  12   0   6  40  0.19 0.13
  394 L    -1  -2  -3  -3  -2  -2  -2  -3  -3   1   3  -2   0  -1   2  -1   0  -2  -2   2    1   1   1   1   0   0   1   1   0   5  47   1   0   0  11   7   6   0   0  18  0.33 0.15
  395 D    -2  -2   0   6  -4  -1   2   0  -2  -4  -4  -2  -3  -4  -2   1  -2  -4  -3  -4    1   0   0  60   0   0  12   7   0   0   1   0   0   0   0  16   0   0   0   0  0.91 0.28
  396 S     0  -2   2  -1  -2  -1  -1   1  -2  -3  -1   0  -2  -3  -2   4   2  -3  -3  -2    1   0  11   0   0   0   0  10   0   0   7   6   0   0   0  52  10   0   0   0  0.44 0.22
  397 D     0  -1   0   3  -3   1   2   0  -1  -3  -3   1  -2  -3   0   2   0  -3  -3  -2    6   0   0  22   0   6  18   7   0   0   1  11   0   0   5  18   5   0   0   0  0.33 0.13
  398 E    -2   2   1   4  -4   0   3  -2  -2  -3  -4  -1  -3  -4  -2   2  -1  -4  -3  -2    0  12   5  32   0   0  25   0   0   0   0   0   0   0   0  22   0   0   0   4  0.58 0.23
  399 E    -2  -1  -2   1  -4   3   5  -3  -2  -3  -4   1  -3  -4   2   0  -2  -4  -3  -1    0   0   0   3   0  12  57   0   0   0   0   6   0   0  10   5   0   0   0   6  0.77 0.29
  400 E     1   0  -1   1   3  -1   3   3  -2  -4  -3  -1  -3  -4  -2   1  -1  -4  -3  -3   10   6   0   6  10   0  26  27   0   0   0   0   0   0   0  14   0   0   0   0  0.43 0.19
  401 N    -1   0   3   1  -3   2   1  -2  -1  -2   0   1  -1  -3  -2   2   1  -3  -1  -2    0   5  21   6   0  13   7   0   0   0  13   6   0   0   0  19   8   0   2   0  0.25 0.15
  402 G    -1   2   1  -1  -3  -1   0   1  -2  -3  -3   2  -2  -4   2   2  -1  -4  -3  -1    0  14   8   0   0   0   4  13   0   0   0  20   0   0  12  24   0   0   0   5  0.35 0.17
  403 Q     0   1   2  -1  -3   3   2   0  -1  -4  -4   0  -2  -4  -2   2  -1  -4  -3  -3    6   7  13   0   0  22  20   6   0   0   0   0   0   0   0  26   0   0   0   0  0.46 0.22
  404 G    -1   0  -2   0  -3   0  -2   2  -2  -3  -1  -1  -2   2   4   0  -2  -2   1  -3    0   7   0   5   0   5   0  17   0   0   6   3   0  14  27   9   0   0   7   0  0.40 0.15
  405 E     0   0  -1  -1  -3   2   3   0  -1  -3  -3   3  -2   1  -2   1  -1  -3  -2  -3    5   0   0   0   0  11  28   9   0   0   0  24   0  11   0  13   0   0   0   0  0.36 0.18
  406 G     0   0   2  -1  -3  -1  -2   4  -2  -3  -3   0  -3  -3  -2   1   2   2  -3  -3    6   4  13   0   0   0   0  39   0   0   0   4   0   0   0  12  18   3   0   0  0.48 0.17
  407 K     0   3  -1  -2  -3   0  -1   1   2  -3  -3   4   0  -3  -2   0   0  -4  -2  -3    7  25   0   0   0   0   0  10   7   0   0  38   3   0   0   5   6   0   0   0  0.46 0.19
  408 E    -1   0  -1   1  -3   0   3  -1  -1  -1   0   1  -1  -2  -2   1   0  -3  -2   0    0   5   0   7   0   0  35   4   0   0  13   7   0   0   0  11   6   0   0  10  0.22 0.12
  409 S     1  -2  -1  -2   2  -1   0  -2   1  -2  -2  -2  -2   4  -2   3  -1  -2   0  -2    8   0   0   0   7   0   4   1   5   0   1   1   0  25   0  44   1   0   0   1  0.39 0.19
  410 L     0   0  -1  -2  -2   1   0   0  -2  -1   1  -1   2  -1   1   1  -1   4  -1  -1    5   6   1   1   0   7   5  10   0   1  22   1   9   0   7  17   1   7   0   1  0.13 0.08
  411 E    -1   2  -1   0  -3   0   2  -2  -1  -3  -3   4  -2  -3  -2   2  -1  -3  -2  -3    1  12   0   5   0   0  17   1   0   0   1  41   0   0   0  19   0   0   0   1  0.48 0.17
  412 N    -1   2   2   1  -3   1   1  -2  -1  -2  -1   0  -1  -2  -2   0   1  -2   1  -1    1  18  18  10   0   8   8   1   0   0   7   0   0   0   0   2  12   0   7   7  0.19 0.10
  413 Y     0  -2  -2  -3  -3   2  -2  -3   3  -3  -2  -2  -2   2  -3   1  -2   0   7  -3    7   0   0   0   0  13   0   0   7   0   0   0   0   7   0  12   0   0  55   0  0.88 0.29
  414 Q    -1  -1  -1  -2  -3   4   1  -3   4  -3  -3   1  -2  -2   1   1   1  -2   3  -3    0   0   0   0   0  32   4   0  14   0   0   9   0   0   7  12  10   0  12   0  0.46 0.20
  415 K     1   2  -1   2   5   1  -1  -1  -2  -3  -3   3  -2  -4  -2  -1  -2  -4  -3  -3   14  15   0  13  19   5   0   5   0   0   0  29   0   0   0   0   0   0   0   0  0.44 0.18
  416 T     0  -2  -1   2  -2   1  -1  -2  -2  -2  -2  -2  -2  -3   1   0   5  -4  -3   0    6   0   0  12   0  10   0   2   0   0   0   0   0   0   7   0  56   0   0   7  0.53 0.24
  417 K    -1   2   0   1  -3   3   0  -2   1  -3  -3   4  -2  -3  -2   0   0  -3  -2  -3    1   9   3   7   0  16   0   1   5   0   1  42   0   0   0   7   7   0   0   0  0.44 0.16
  418 F    -2  -1  -1  -2   2  -1  -2  -2   7  -2   0   0  -2   2   1   0  -2  -2   0  -2    1   0   0   0   5   0   0   3  46   0  10   6   0  12   7   6   0   0   0   0  0.59 0.21
  419 D    -1  -1   1   3   1   1   1   2   1  -2  -1  -1  -2  -3  -2   0   0  -3  -2  -2    1   0   9  24   5   7   7  18   5   0   8   0   0   0   0   6   8   0   0   0  0.24 0.09
  420 T    -1  -1  -1  -1  -2  -1   1   0  -2  -2  -2   0  -2  -3  -2   1   5  -3  -2  -1    1   0   0   0   0   0  14   8   0   0   1   7   0   0   0  12  54   0   0   1  0.47 0.19
  421 L    -2  -2  -2  -2  -2  -1   1  -3  -1   1   3  -2   0   0  -3  -1  -1   4   3  -1    1   0   0   0   0   0  16   1   0   8  38   0   0   0   0   7   0   6  20   1  0.30 0.14
  422 I    -1   0  -2  -3  -2   1  -2  -3  -2   3   1   0   2   1  -2  -2  -1  -2  -1   1    1   8   0   0   0   8   1   1   0  37  14   7   7   6   0   1   0   0   0   9  0.21 0.10
  423 P    -2   0  -2  -2  -4   1  -2   0  -3  -4  -4  -2  -3  -5   7   0  -2  -5  -4  -4    0   7   0   0   0   6   0   8   0   0   0   0   0   0  70   8   0   0   0   0  1.56 0.30
  424 T     0  -2  -2  -2  -2  -2  -2  -3  -2  -2   0  -2   0  -1  -2   1   5  -2   4  -1    6   0   0   0   0   0   0   0   0   0   8   0   2   0   0   8  56   0  20   0  0.57 0.24
  425 L    -2  -3  -3  -4  -3   0  -3  -4   4   0   2  -3   0   5  -4  -3  -2  -1   1   2    0   0   0   0   0   6   0   0  15   0  26   0   0  34   0   0   0   0   0  19  0.46 0.18
  426 C     1   2  -2  -3   8   2   0  -3  -2  -3  -3  -1  -2  -3  -3  -1  -2  -3  -1  -2   15  17   0   0  45  12   8   0   0   0   0   0   0   0   0   0   0   0   2   0  0.83 0.25
  427 E     0   1   0   3  -4   2   4  -2  -1  -4  -4   0  -3  -4  -2   1  -1  -4  -3  -3    9   6   2  20   0   7  47   0   0   0   0   0   0   0   0   8   0   0   0   0  0.60 0.18
  428 Y    -2  -2  -1  -2  -2   1  -1  -3   5  -1   1  -2  -1   3  -2   0   0  -1   4  -1    1   0   0   0   0   8   0   1  21   0  15   0   0  15   0  10   8   0  19   0  0.33 0.13
  429 L     0  -3  -3  -3   4  -2  -3  -3  -3   1   2  -3   0  -1   1  -2  -2   6  -1  -1    9   0   0   1  16   0   1   1   0   9  34   1   0   0   8   1   1  18   0   1  0.50 0.14
  430 P    -1   2  -1  -1  -3   0   0   0  -2  -3  -3   2  -2   1   4   1   0  -3  -2  -2    0  13   0   0   0   0   7   8   0   0   0  18   0   9  26  10   8   0   0   0  0.42 0.12
  431 P    -1   1  -1   1   3  -1  -1  -1   2  -3  -3   1  -2  -3   4   2   0  -4  -2  -3    0   8   0   9   9   0   0   4   8   0   0   8   0   0  22  23   7   0   0   0  0.41 0.12
  432 S     1  -2  -1  -2  -2   1  -1   1  -2  -2  -2  -1   1  -3   4   2   1  -3  -2   0    9   0   0   0   0  13   0  10   0   0   0   0   9   0  23  23   6   0   0   8  0.36 0.11
  433 G     0   0  -1   0  -2  -1   0   3  -2  -1  -2   1  -1   1  -2   1   1  -2  -1   0    0   6   0   3   0   0   3  29   0   0   0  11   0  11   0  17   9   0   0  11  0.17 0.07
  434 H    -1   1  -2  -2  -3   0  -1  -2   0  -3  -3  -1  -2  -4   7   0   0  -4  -3  -3    0  13   0   0   0   5   0   0   4   0   0   0   0   0  63  10   5   0   0   0  1.22 0.13
  435 G     0  -1   0  -1  -2   1   1   2  -1  -2   0  -1  -1  -2  -2   3   0  -3  -2  -2    0   0   0   0   0  10  13  18   0   0  12   0   0   0   0  47   0   0   0   0  0.28 0.09
  436 A     3   1  -1   0  -1  -1  -1  -1  -1  -2  -2   0  -1  -1  -2   2   0  -2   1  -1   40  12   0   4   0   0   0   0   0   0   0   0   0   0   0  30   0   0  10   3  0.26 0.08
  437 I     1  -2  -2   1  -2  -2  -1   1  -2   1   1  -2   2  -1  -2  -1  -1  -3  -2   1   22   0   0  13   0   0   0  13   0   4  15   0  11   0   0   0   0   0   0  22  0.12 0.05
  438 P     0  -1  -1  -1  -2  -1  -1  -2  -2   0  -1   1  -1  -2   4   2   1  -3  -2  -1    0   0   0   0   0   0   0   0   0  12   5  11   0   0  27  31  13   0   0   0  0.42 0.08
  439 V     1  -1  -1  -2  -1  -1  -1  -2  -2   1   1   0   0   3  -2   0   0  -1   0   0   14   1   1   1   0   1   1   1   0  13  14  12   0  21   1  11   4   0   0   4  0.08 0.03
  440 S    -1  -1  -1  -1  -3   2   0  -2   3  -3  -3  -1  -2  -3   5   2  -1  -3  -2  -3    0   0   0   0   0  19   0   0  11   0   0   0   0   0  42  29   0   0   0   0  0.82 0.12
  441 S     0   2   0  -1  -2   2   0  -1  -1  -2  -2   0  -2  -3  -1   3   2  -3  -2  -2    0  14   0   0   0  13   0   0   0   0   0   0   0   0   0  53  21   0   0   0  0.41 0.09
  442 C    -2  -1  -1  -2   5  -1  -1  -3   5  -1   1   1   0  -1   1  -1  -2  -3   0  -1    0   0   0   0  18   0   0   0  34   0  27  13   0   0   7   0   0   0   0   0  0.37 0.09
  443 D    -1  -1   1   2  -2   0   1  -2  -1  -1   0  -1  -1  -2  -2   1   1  -3  -2   0    0   0  10  15   0   0  14   0   0   0  13   0   0   0   0  21  13   0   0  14  0.16 0.04
  444 C    -2   2   2  -2   3   0  -1  -2   6  -2  -2   0   2  -2  -3  -1  -2  -3   0  -2    0  19  14   0  12   0   0   0  42   0   0   0  14   0   0   0   0   0   0   0  0.50 0.11
  445 R    -1   2  -1  -2  -2   2  -1  -2  -1   0  -1   0  -1  -2  -2   0   4  -3  -2   0    0  20   0   0   0  14   0   0   0   6   0   0   0   0   0   0  54   0   0   6  0.34 0.09
  446 D    -2  -2   1   6  -4   0   2  -2   3  -4  -4  -1  -3  -4  -2  -1  -2  -4  -2  -4    0   0   0  71   0   0  14   0  15   0   0   0   0   0   0   0   0   0   0   0  0.88 0.11
  447 S     2  -1   0  -1  -1   0  -1  -1  -1  -2  -2  -1  -1  -2  -1   4   2  -2  -2  -1   15   1   1   1   0   1   1   1   0   1   1   1   0   1   1  58  16   0   0   1  0.36 0.07
  448 S     0  -1   0   0  -2   0   3  -1  -1  -1  -2   0  -1  -3  -1   3   0  -3  -2   1    0   0   0   0   0   0  34   0   0   0   0   0   0   0   0  48   0   0   0  18  0.32 0.07
  449 R    -1   5   0  -1  -3   3   0  -2   0  -3  -3   1  -2  -3  -2   1  -1  -3  -2  -3    0  63   0   0   0  18   0   0   0   0   0   0   0   0   0  19   0   0   0   0  0.60 0.07
  450 P    -1  -2  -2  -2  -3  -2  -1  -2  -3  -3  -3  -1  -2  -4   7  -1   1  -4  -3  -2    0   0   0   0   0   0   0   0   0   0   0   0   0   0  82   0  18   0   0   0  1.69 0.10
  451 L    -1  -3  -3  -4  -2  -3  -3  -3  -2   1   2  -3   1   4  -3  -2  -1  -1   1   2    0   0   0   0   0   0   0   0   0   0  23   0   0  44   0   0   0   0   0  33  0.38 0.04

                      K         Lambda
Standard Ungapped    0.1334     0.3171
Standard Gapped      0.0395     0.2670
PSI Ungapped         0.1290     0.3178
PSI Gapped           0.0395     0.2670
