
Last position-specific scoring matrix computed, weighted observed percentages rounded down, information per position, and relative weight of gapless real matches to pseudocounts
            A   R   N   D   C   Q   E   G   H   I   L   K   M   F   P   S   T   W   Y   V   A   R   N   D   C   Q   E   G   H   I   L   K   M   F   P   S   T   W   Y   V
    1 M    -4  -5  -6  -6  -5  -4  -5  -6  -5  -2   0  -5  10  -3  -6  -5  -4  -5  -4   2    0   0   0   0   0   0   0   0   0   0   4   0  83   0   0   0   0   0   0  13  2.45 0.80
    2 V    -2  -5  -5  -6  -4  -4  -3  -4  -5   2   1  -5   7  -3  -3  -2  -1  -5  -4   4    2   0   0   0   0   0   1   1   0  12   9   0  30   0   2   3   3   0   0  37  1.09 0.54
    3 Q    -2   5  -3  -2  -6   5   2  -4   1  -6  -3   2  -4  -6  -5   0  -4  -5  -2  -5    2  33   0   1   0  25  12   1   4   0   2  13   0   0   0   6   0   0   1   0  0.97 0.53
    4 A     6  -5  -5  -6   4  -5  -5  -2  -5   0  -5  -5  -1  -2  -5  -1  -4  -6  -5  -1   72   0   0   0   7   0   0   2   0   6   0   0   2   2   0   4   0   0   0   5  1.41 0.71
    5 W    -7  -7  -8  -9  -7  -7  -8  -8  -1  -7  -3  -8  -6  -1  -8  -4  -7  12   6  -7    0   0   0   0   0   0   0   0   1   0   2   0   0   2   0   2   0  67  26   0  3.70 1.29
    6 Y    -5  -4  -6  -2  -2  -2  -2  -7   1   0   0  -3   0   3  -7  -5  -5   2   8  -3    0   1   0   3   1   2   3   0   3   5   8   2   2  11   0   0   0   3  56   1  1.59 0.76
    7 M    -5  -1  -6  -7  -5  -3  -6  -7   3   2   2  -4   8   2  -6  -5  -3  -4   4  -2    0   4   0   0   0   1   0   0   6   9  15   1  38   8   0   0   1   0  15   2  1.30 0.68
    8 D    -1  -3   2   6   0  -2   2  -2  -1  -5  -5  -2  -2  -6  -2  -2  -3  -6  -5  -3    5   1   8  53   2   1  14   3   2   0   1   2   1   0   2   2   1   0   0   2  1.13 0.59
    9 D    -2  -1   3   5  -3  -3   3   0  -3  -4  -5  -1  -5  -6   2   0  -1  -6  -5  -5    3   3  15  29   0   0  18   8   0   1   0   2   0   0  11   6   3   0   0   0  0.72 0.44
   10 A     1  -2   0   2  -3  -1   1  -2  -1  -2  -1   0  -3  -1   0   3   0   1   0  -2   11   1   4  11   0   2   9   1   1   2   7   4   0   2   4  26   6   2   4   2  0.22 0.24
   11 P     0  -3  -1   3  -1  -2   1  -1  -2  -1  -3  -1  -2  -2   4  -1   1  -5  -3   0    7   0   2  20   1   1   7   4   1   3   2   2   1   1  23   4   9   0   1   8  0.45 0.32
   12 G     1  -2  -1   1  -4   0   3   4   0  -3  -3  -1  -4  -3  -3   1   1  -4  -3  -3   11   1   2   6   0   3  20  29   2   1   2   3   0   1   1   8   8   0   1   2  0.44 0.32
   13 D    -3  -3   3   7  -6  -4  -1  -2   1  -2  -4  -2  -5  -6  -3  -2  -4  -1  -5  -3    2   1  12  62   0   0   3   3   3   2   2   2   0   0   1   2   0   1   0   2  1.43 0.68
   14 P    -4   1  -3  -4  -1   5  -1  -4  -1  -1  -3   0   0  -2   5  -3  -2  -5  -2  -3    0   8   1   0   1  31   4   1   1   4   3   5   2   2  31   1   2   0   1   2  1.00 0.59
   15 R    -3   6  -2  -3   1   0  -3  -4  -2  -3  -3   2  -2  -5  -1  -1   0  -5  -2  -2    1  51   2   1   3   4   0   1   1   2   2  12   1   0   3   5   5   0   1   4  1.01 0.56
   16 Q     0  -3   0   1  -1  -1   1  -3  -1  -1   4  -1  -1  -2  -2  -2  -3   1  -3  -2   10   1   4   7   1   3  11   2   1   2  45   3   1   1   2   3   0   2   0   2  0.42 0.34
   17 P    -1  -3  -3  -1  -5   0   2  -2  -2  -5  -1  -3  -1  -5   7  -1  -1  -5  -5  -3    5   1   1   3   0   5  12   4   1   0   6   1   1   0  49   3   3   0   0   2  1.11 0.58
   18 H    -2  -1   1  -3   3  -2  -2  -5   9  -3  -1  -3  -5  -5  -5  -3  -5   0   0  -5    3   3   6   1   6   2   2   1  59   1   6   2   0   0   0   2   0   2   2   0  1.96 0.85
   19 R    -1   2  -1  -2  -3   2  -1  -3   7  -1  -1   1  -1  -3  -3  -1  -1   2  -1  -1    4  12   2   2   0  10   4   2  26   4   5   8   2   1   1   5   3   3   2   5  0.54 0.31
   20 P     0   2   0  -1   1   0  -1  -2   1   0   0   0   0   0   1   0   0  -2   1   0    7  12   3   3   3   5   4   2   4   4  13   5   1   3   6   5   5   0   6   7  0.05 0.07
   21 D    -1   0   2   4  -2   1   1  -2  -1  -2  -2  -1  -1   1  -1   1   0  -4  -1  -2    3   4  11  24   1   5   8   3   1   2   3   3   1   6   2   9   6   0   2   3  0.29 0.23
   22 P    -4  -3  -3  -1  -5  -2  -2  -3  -2  -4  -4  -3  -5  -5   7   3   1  -5  -5  -5    1   2   1   4   0   1   3   2   1   1   2   1   0   0  53  19   7   0   0   1  1.38 0.69
   23 G    -2  -2   3   1  -1  -1   0   3   0  -3  -4   0  -1  -4   3  -1  -2  -5  -2  -3    3   2  14   6   1   2   5  26   2   2   2   7   1   0  18   4   2   0   1   1  0.50 0.33
   24 R    -1   3   0  -1  -2   2   2  -3   1  -1  -2   2  -1  -2  -1  -1   0  -4  -1   0    3  16   3   2   1   9  17   1   4   3   4  16   1   2   3   2   5   0   2   6  0.29 0.24
   25 P    -1  -2  -1   1  -1  -1   1  -3  -1   0   0  -1  -1   2   4   0  -1  -1   1  -2    6   2   2   7   1   2  10   1   2   5   8   4   1  11  23   6   2   1   5   3  0.32 0.24
   26 V     0  -1  -4  -2   0  -3   0  -4  -4   2   1  -2   0  -1  -4  -2  -1  -4  -1   4    6   4   0   2   2   0   6   1   0  13  13   2   1   2   0   3   2   0   2  41  0.48 0.32
   27 G    -1  -2  -1   2  -1  -2  -1   0  -3  -1  -2  -2  -3  -2   2   3   3  -4  -4  -2    3   2   2  10   1   1   2   7   0   3   5   2   0   1  11  27  20   0   0   2  0.39 0.33
   28 L    -1  -2  -1   0  -3  -1   0  -1  -3   1   2  -1   2   0   1  -1   0   0  -1   1    5   2   2   7   0   3   8   4   0   6  23   2   6   3   8   2   7   1   2   9  0.10 0.13
   29 E     1   0  -1   3  -4   1   4  -2  -3  -4  -3   0  -3  -4  -1   0  -1  -4  -4  -2   14   5   2  19   0   5  28   3   0   0   3   4   0   0   3   8   3   0   0   3  0.48 0.32
   30 Q     0  -1  -1   1   2   2   3  -2   2  -3  -2   1   0  -1  -3  -2   0  -4   0   0    7   3   3   9   6  12  22   3   5   0   3   7   2   2   0   0   4   0   4   8  0.26 0.25
   31 L    -4   0  -5  -5  -4   0  -4  -5   2   0   4  -1   2   1  -5  -1  -4  -4   2   0    1   5   0   0   0   5   0   0   4   5  45   5   4   5   0   5   0   0   7   7  0.66 0.37
   32 R     0   0   0   0   2   0   0  -1   1   0  -1   0   1   0   0   0   0  -2   1   0    5   5   5   5   5   5   5   5   5   5   5   5   5   5   5   5   5   0   5   5  0.03 0.05
   33 R     0   1   0   0  -4   2   2  -1   1  -3  -2   2  -3  -1   0  -1   0   2  -3  -1   10   8   4   5   0   9  12   4   4   0   4  13   0   3   5   4   6   3   0   6  0.18 0.20
   34 L     0   0   0   0   2   0   0  -1   1   0  -1   0   1   0   0   0   0  -2   1   0    5   5   5   5   5   5   5   5   5   5   5   5   5   5   5   5   5   0   5   5  0.03 0.05
   35 G    -2  -2  -1  -2  -5  -4  -2   6   0  -1  -2  -1   2  -5  -5  -1  -1  -5  -2  -3    2   3   3   2   0   0   3  56   3   4   3   4   5   0   0   5   4   0   1   2  0.93 0.57
   36 V     0  -5  -2  -1   0  -1  -2  -1  -1   3  -1  -5   0  -1  -5  -2  -1   1  -1   5    6   0   2   3   2   3   2   6   2  17   4   0   2   2   0   3   3   2   2  40  0.60 0.43
   37 L    -1   0  -2  -1   0   0   1  -3   0   1   2   1   0   0  -1  -1  -1   0   0   1    2   6   2   2   2   4  10   2   2  10  20   8   1   4   3   4   2   1   3  10  0.09 0.13
   38 Y    -1  -2  -1  -3   4  -1  -2  -5   2   0  -1  -4   1   2  -5  -1  -1   1   6  -1    6   2   3   2   9   3   2   0   5   6   5   0   4   9   0   4   4   2  29   5  0.67 0.45
   39 W     0   0  -2   0   2   0   0  -1   2   0  -1   0   1   1  -3   0   0   3   1   0    6   6   0   6   5   5   6   6   5   6   6   6   5   5   0   6   6   5   5   6  0.07 0.12
   40 K     0   0   1   0   2   1   0  -2   2  -2  -1   0  -1   1   1   0   0  -2   1  -1    6   6   6   6   6   6   6   0   6   0   6   6   0   6   6   6   6   0   6   6  0.08 0.11
   41 L    -2  -2  -4  -5  -1  -1  -1  -5   0   3   2  -2   1   2  -2  -4  -3   5  -1   2    2   2   0   0   1   2   4   0   2  20  23   2   3   9   2   0   0   9   2  15  0.53 0.34
   42 D    -1  -1   3   5  -5  -1   1  -2   0  -3  -2   0  -4  -5   3  -1  -3  -5  -5  -4    6   2  15  32   0   3   9   2   2   2   4   5   0   0  13   4   0   0   0   0  0.68 0.44
   43 A     2  -2  -1  -2   0  -1  -2  -1  -1   0   0  -1   1  -2   2   0   1  -4  -1   2   19   2   2   2   2   2   2   5   2   6   8   3   4   2  10   6   8   0   2  13  0.16 0.16
   44 D    -1  -1   1   5   0   0   1  -1   1  -3  -2   0  -3  -4   0   0  -1  -5  -4   0    5   3   6  35   2   3   8   3   4   0   5   4   0   0   5   6   3   0   0   6  0.45 0.34
   45 K     0   0   2   2  -5   1   0  -1  -4   0   0   1  -4   0   1   0   1  -5   0  -1    6   5   9  10   0   5   7   6   0   5   9   7   0   3   7   6   8   0   3   4  0.11 0.11
   46 Y     0  -1  -1   0   1  -1   0  -1   2   0  -2  -1   0   1   1  -1  -1   3   4   0    7   3   3   5   3   3   7   5   4   4   4   4   3   5   8   5   4   3  13   6  0.15 0.13
   47 E     2  -1   0   2  -4   1   4   0   0  -3  -3   1  -2  -4  -1   0  -1  -4  -4  -3   18   2   4  12   0   6  26   6   2   1   2   7   1   0   2   6   3   0   0   2  0.39 0.31
   48 N    -1  -1   2   1   0  -1   0  -1   0  -2  -2  -1   1   0  -2   1   0   4   3  -2    4   3  13   9   2   3   6   5   2   2   4   3   4   3   2   9   7   7  12   2  0.21 0.21
   49 D    -1   0   2   4  -2   2   2  -2   0  -2  -2   0  -2  -4  -2   0  -1  -4  -2  -1    5   4   9  23   1  11  12   3   2   2   4   6   1   0   1   6   3   0   2   5  0.33 0.26
   50 P     1  -1  -1   1  -2   0   2   0   0  -2  -3   1  -1  -4   3   0   0   0  -3  -2   12   2   2   8   1   4  16   8   2   2   2   9   2   0  15   6   5   2   0   2  0.27 0.23
   51 E    -1   2  -1   1  -2   2   3  -3   0  -1  -2   0  -1   0  -2  -1  -1  -4   0  -1    6  11   2   6   1   7  25   2   3   4   3   6   1   5   1   3   4   0   4   6  0.26 0.24
   52 L    -2  -5  -5  -5  -4  -5  -2  -5  -5   4   4  -5   1   2  -5  -5  -4   1   0   2    4   0   0   0   0   0   4   0   0  22  39   0   3   8   0   0   0   2   3  14  0.81 0.44
   53 E     1  -2   1   4  -1   1   2  -2  -1  -2  -2   1   0  -4  -2  -1   0  -1  -1  -2   12   1   7  23   1   6  14   2   1   2   3   7   3   0   1   4   5   1   2   3  0.32 0.28
   54 K     1   2   1   0  -4   1   1  -2  -1  -2  -2   2   0  -2  -1   0  -1   0  -3  -2   13  11   7   4   0   7   8   2   1   2   4  16   3   1   3   8   4   1   0   3  0.20 0.20
   55 I    -2  -2  -5  -5  -4  -1  -5  -6  -5   4   4  -5   2   1  -5  -4  -2   2   0   1    3   2   0   0   0   3   0   0   0  27  37   0   5   5   0   0   2   3   3   9  0.80 0.46
   56 R     1   3   0  -1   1   1  -1  -2   0  -1  -2   3   2  -4   0   0  -1   1  -3  -1   11  15   3   2   3   6   3   3   2   5   3  21   6   0   4   5   2   2   0   3  0.26 0.28
   57 R     1   0   0   0   1   1   2  -1   0  -1  -1   2   0  -3  -1   0   0   2   0  -1   11   5   4   4   3   6  13   3   3   3   4  14   3   0   3   6   7   3   3   3  0.12 0.16
   58 E     0   1   1   1   1   1   3  -2   1  -1  -2   0   0  -1  -4  -1  -1  -4   0  -1    7   9   7   6   3   5  24   3   3   3   4   5   3   3   0   4   4   0   3   4  0.22 0.24
   59 R    -2   5  -1  -2  -4   0  -1  -2   2  -2  -2   1   2   1  -2  -2   0   1   1  -2    2  31   3   2   0   4   3   3   6   2   3   8   6   6   2   3   5   2   6   2  0.41 0.34
   60 N    -1   0   1   0   2   0  -1   3   2  -1  -2   1  -2  -3   0   0   0  -3   0  -3    4   3   9   5   4   4   4  23   5   6   4   8   0   0   5   7   4   0   5   0  0.18 0.19
   61 Y     0   0  -2   0   2   0  -2   0   2   0   0  -2   1   1   1   0   0   3   1   0    6   6   0   6   6   6   0   6   6   6   6   0   6   6   6   6   6   6   6   6  0.09 0.15
   62 S    -1   0   1  -1   1   1   0  -1   1  -1  -2   1   0  -1  -1   1   1   2   0   1    4   6   5   3   3   5   5   5   4   3   3   8   3   3   4   9   8   2   3  11  0.08 0.10
   63 W     0   0   0   0   2   0   0  -1   1   0  -1   0  -2   0   0   0   0   3   1  -1    5   5   5   5   5   5   5   5   5   5   5   5   0   5   5   5   5   5   5   5  0.06 0.08
   64 M    -1   0   0   0   2   0   0  -1   2   0  -1   0   1   0  -3   0   0   3   1   0    5   5   5   5   5   5   5   5   5   5   5   5   5   5   0   5   5   5   5   5  0.06 0.10
   65 D    -3  -1  -1   7  -6  -3   2  -2  -1  -6  -6  -5  -6   0  -3  -3  -3  -6  -2  -3    3   4   3  60   0   1  11   3   1   0   1   0   0   3   2   2   2   0   2   2  1.50 0.78
   66 I    -2  -1  -2   0   1   0   1  -2  -1   2   0  -1   0   0  -1  -2   0  -1  -1   3    3   4   2   5   3   4   9   2   1  13   8   4   2   5   3   2   5   1   2  22  0.18 0.17
   67 I    -2  -3  -5  -2   2  -2  -3  -3  -5   4   1  -5   1   1  -6  -1  -1  -5  -1   4    3   2   0   3   4   2   2   2   0  25  13   0   3   6   0   4   4   0   2  25  0.63 0.39
   68 T    -1   1   0   0  -1  -1   2  -3   2  -1  -3  -2   0  -2  -1   1   3  -5  -1   1    5   7   4   5   1   2  13   2   4   3   2   2   2   2   3   9  20   0   3  10  0.24 0.26
   69 I    -2  -2  -2  -2   3  -2  -5  -3  -1   3   2  -2   2   1  -2  -2   0   1  -1   2    2   2   2   3   6   2   0   2   2  20  20   2   5   6   2   2   5   2   2  11  0.36 0.28
   70 C    -1   0   2   2   3  -1  -1  -1   1  -1  -1  -1   1   0  -1   2   0   1   0  -2    4   5  10  10   7   3   2   5   4   3   5   3   4   4   2  15   7   2   3   2  0.15 0.18
   71 K     0   0   0   0  -3   0   0   0   1   0  -1   0  -1   0   0   0   0   3   1   0    6   6   5   6   0   5   6   6   5   6   6   6   0   5   6   6   6   5   5   6  0.06 0.08
   72 D     0   0   0   3  -5   0   2   0   0  -4  -3   1   0  -5   2   0   0  -5  -4  -2    6   5   4  19   0   3  14   6   2   0   3   8   3   0  12   6   5   0   0   3  0.35 0.30
   73 K    -1   0   0   0   2   0   0  -1   2   0  -1   0   2   1   0  -1   0   3   1  -1    5   5   5   5   5   5   5   5   5   5   5   5   5   5   5   5   5   5   5   5  0.09 0.08
   74 L    -1  -1  -1  -1   0  -2  -1  -1   0   1   1  -1   2   2  -1   0   1   1   0   0    4   4   2   3   2   0   3   5   3   8  15   3   9   9   3   5  10   2   2   6  0.06 0.10
   75 P     0  -2   0   0   1   0   0   0   1  -1  -2  -1  -2  -3   4   0  -1  -3   1  -1    7   0   3   6   3   4   8   7   3   3   4   4   0   0  24   9   4   0   6   4  0.31 0.24
   76 N     0   0   1   0  -3   1   0   0   2   0  -2   0   1   1   1   0  -1  -2   1   0    6   6   6   6   0   6   6   6   6   6   1   6   6   6   6   6   0   0   6   6  0.07 0.11
   77 Y    -1   0  -1   0   1   0   0  -1   1   0   0   1   1   1  -1   0  -2   3   3  -1    5   4   3   6   3   4   5   3   3   5   8   8   4   7   3   6   0   4  11   5  0.09 0.13
   78 E     0   0   0   0  -2   1   0   0   1   0  -1   0   1   0   1   0   0  -2   1   0    6   6   5   6   0   5   6   6   5   6   6   6   5   5   6   6   6   0   5   6  0.03 0.06
   79 E     0   0   0   1  -4   1   3  -1   1  -1  -1   0   1  -1  -1   0   0  -4  -3  -1    9   5   5   7   0   6  22   4   3   5   4   5   3   4   3   5   5   0   0   3  0.18 0.20
   80 K    -1   0   0   0  -3   0   0  -1   1   0  -1   0   1   0   0   0   0   3   1   0    5   5   5   5   0   5   5   5   5   5   5   5   5   5   5   5   5   5   5   5  0.06 0.08
   81 I     0   0   0   0   2   1   0  -3   2   0  -1   0   1  -2   1   0   0   3  -2   0    6   6   6   6   6   6   6   0   6   6   6   6   6   0   6   6   6   6   0   6  0.10 0.14
   82 K     0   0   0   0  -2   1   0   0   1   0  -1   0   1   0   1   0   0  -2   1   0    6   6   5   6   0   5   6   6   5   6   6   6   5   5   6   6   6   0   5   6  0.03 0.06
   83 M    -1   1   0  -1   0   2   1  -1   2  -1  -1   1   1  -3   0   0   0  -3   1  -1    5   6   5   3   3  12  10   5   5   4   3  11   6   0   4   4   5   0   5   4  0.12 0.16
   84 F     0   0  -2  -2   2   0   0   0   2   0   0  -2   1   1   1   0   0   3   1   0    6   6   0   0   6   6   6   6   6   6   6   0   6   6   6   6   6   6   6   6  0.09 0.15
   85 Y    -1   0  -1  -2   2  -1  -2  -1   1  -1   1  -1   1   4  -1  -1  -1   2   2  -1    4   5   3   3   4   3   3   5   3   4  12   4   3  17   3   5   4   3   7   3  0.20 0.16
   86 E    -1   2  -1   0  -2   1   3  -2   1  -2  -2   1   0  -2   1  -1   1  -4  -3  -1    4  10   3   4   1   6  22   3   3   2   4   7   3   2   6   5   8   0   0   4  0.20 0.26
   87 E    -1  -2   0  -1  -1  -1   5  -3  -4  -1  -3  -3   0  -2   2  -2  -1   0  -2  -3    5   2   4   3   1   1  44   2   0   4   3   0   2   2  10   3   3   2   1   1  0.62 0.53
   88 H    -1   1  -1  -4  -5  -1  -2  -5   9  -5  -5  -2  -5  -1  -5   0   2  -5  -3  -1    4   6   2   0   0   3   3   0  47   0   0   3   0   3   0   6  12   0   0   4  1.35 0.78
   89 L     0   0  -1  -3   1  -1   0  -2  -1   0   1  -1   0   1  -3   0   1   2   1   0    7   7   2   0   3   2   5   2   1   6  17   2   3   7   0   5  10   3   4   7  0.05 0.13
   90 H    -3  -2  -2  -1   1   0  -2  -3   8  -5  -1   0   0  -4  -2  -2   0  -5   0  -2    2   2   2   3   3   4   2   2  45   0   6   5   2   0   2   3   5   0   3   3  1.10 0.67
   91 L     0  -1   1   2   1  -1   1  -1  -1  -1  -1   0  -1  -2   2   1   1  -3  -2  -1    5   3   6  12   3   1   7   4   1   4   5   5   1   2  10  12   9   0   1   3  0.10 0.14
   92 D     0   0   0   0  -3   1   0   0   2   0   0   0   1   0   1   0  -1  -2   1   0    6   6   6   6   0   6   6   6   6   6   6   6   6   6   6   6   0   0   6   6  0.04 0.08
   93 D    -1   0   0   4  -5  -1   4  -2   0  -4  -3   0  -1  -2   1  -2  -2   2  -4  -2    4   4   4  31   0   2  26   3   2   0   2   5   1   2   6   0   2   3   0   4  0.58 0.40
   94 E    -2  -2  -1   0  -1   2   5  -1  -1  -1  -1   0   0  -4  -3   0  -1   1  -1  -1    2   0   3   3   2   7  46   4   1   3   5   4   2   0   0   7   3   2   2   4  0.56 0.43
   95 I     1  -1  -2  -1   2  -2  -2  -1  -2   2   0  -1   1   1  -3   0   0  -3   1   2   10   4   0   4   6   0   0   4   0  18   7   4   4   6   0   9   5   0   5  14  0.12 0.15
   96 R     0   0  -2   0   2   1  -2  -3   2   0   0   0   1   1   1   0  -2   4   1   0    6   6   0   6   6   6   0   0   6   6   6   6   6   6   6   6   0   6   6   6  0.12 0.16
   97 Y     0  -2   1   0   2  -2  -2  -2   2   0   0  -2   2   1  -3   0   0   4   2   0    7   0   7   7   7   0   0   0   7   7   7   0   7   7   0   7   7   7   7   7  0.15 0.16
   98 I     0   0   0  -2   2  -2  -2   0  -2   0   0  -2   1   1   1   0   0   4   1   0    7   7   7   0   6   0   0   7   0   7   7   0   6   6   7   7   7   6   6   7  0.11 0.14
   99 L    -1   0  -3  -2  -1  -1   0  -3   0   1   2  -1   2   0  -3  -1  -1   2   0   2    5   5   0   3   1   1   6   2   2   5  23   3   5   4   0   3   4   3   3  20  0.16 0.17
  100 D     1   0   0   3  -3   0   2   0   1  -4  -4   1  -3  -3  -1   1  -1   1   0  -3   11   5   2  20   0   4  14   5   3   0   1   9   0   0   3  11   2   2   3   0  0.29 0.23
  101 G    -3  -1  -3  -2   1  -4  -2   6  -4  -2  -2  -4  -4  -4  -4  -2  -4   3  -1  -4    1   4   0   3   3   0   3  66   0   3   5   0   0   0   0   3   0   5   3   0  1.22 0.57
  102 S     0   1   0  -1   0   1   1   0   2   0  -3   0  -1  -2  -1   3   0  -4  -2  -1    8   9   3   3   2   7   7   5   7   6   1   3   2   2   3  26   4   0   0   3  0.20 0.21
  103 G     2  -2   0  -2   1  -3  -2   5  -3  -1  -2  -3  -1  -2  -3   0  -1   0  -2  -2   16   2   4   2   3   0   2  45   0   4   4   0   2   2   0   6   2   2   2   3  0.57 0.34
  104 Y    -2   0  -1  -2   1   0  -2  -2   1  -1  -1  -1   0   3  -5  -2   0   2   6  -1    3   6   3   3   3   5   3   3   3   4   5   3   3  10   0   3   5   3  29   4  0.51 0.34
  105 F    -2  -5  -5  -1   2  -5  -1  -1   1  -1   0  -5  -4   7  -5  -2  -1   3   2  -1    4   0   0   4   4   0   4   4   3   4   7   0   0  43   0   4   4   3   5   5  0.94 0.50
  106 D    -2  -1   0   5   0  -1  -1   0   0  -1  -4  -3  -4   1  -1   0  -1   1   2  -2    3   3   4  37   2   3   3   8   2   3   1   0   0   5   4   7   3   2   8   3  0.51 0.34
  107 V     0  -2  -2  -2   3  -1   0  -2  -2   1   0  -2   2   1  -2   0   1  -1   2   1    9   0   0   0   8   0   9   1   0   9   9   0   9   9   0   9   9   0   9   9  0.11 0.11
  108 R    -2   5   0  -1  -1  -1   1  -4   4  -2  -1   0  -1  -2  -2   0  -2  -5  -3   0    2  38   3   2   1   2   9   0  11   2   7   3   2   2   2   6   2   0   0   6  0.59 0.41
  109 D    -2  -1   1   5  -4  -1   0  -1   1   0  -1  -1  -3  -1   0   0  -1  -4  -1  -1    3   3   5  35   0   3   4   4   4   7   6   2   0   2   5   7   3   0   2   4  0.39 0.32
  110 K     0   0   0   0   0   1   1   0   1  -1  -2   1  -2  -1   3   0  -1   1  -1  -1    9   5   4   6   2   5   9   8   4   3   3  11   0   2  13   5   4   2   2   4  0.14 0.13
  111 E    -1  -1   2   3   0   1   2   1   0  -3  -2  -1   0  -2  -1   0   0  -4  -3  -1    5   3  13  19   2   6  13  10   2   0   3   4   2   2   2   4   6   0   0   5  0.25 0.23
  112 D    -2  -1   0   6  -5  -3   1   2   0  -2  -3   0  -5  -2  -4  -2  -2  -5  -1  -3    2   3   5  44   0   0  10  13   2   2   2   5   0   2   0   3   3   0   2   2  0.81 0.52
  113 Q    -1   2   0   0   1   2   1   0   0   0  -2   1  -1  -1  -1   0  -1  -4  -1   1    4  10   4   4   3  11   8   6   2   5   2  11   1   2   3   9   3   0   2  11  0.12 0.16
  114 W    -3  -1  -1  -3   2   2   0  -4   0   0  -1  -1   1   0  -4  -3  -1   7   3   3    0   3   3   0   4   9   7   0   2   3   3   3   3   4   0   0   3  19   9  22  0.56 0.39
  115 I     0   0  -3  -1   0  -2  -2  -2   1   3   0  -2   1   3  -1  -2  -1  -2   2   1    7   6   0   3   2   0   3   3   3  21   5   0   4  18   2   0   3   0   7  11  0.22 0.22
  116 R     0   0   1   0   2   1   0   0   2  -2  -1   0   1  -2   1   0  -1   3  -2  -1    6   6   6   6   6   6   6   6   6   0   6   6   6   0   6   6   0   6   0   6  0.11 0.15
  117 I     0   0  -2   1   3  -1   0  -2  -2   1   0  -1   2   1  -2  -1   0  -2  -1   1    9   9   0   9   8   0   9   1   0   9   9   0   9   9   0   1   9   0   0   9  0.07 0.10
  118 F    -1   0  -1  -1   0   1   0  -2   1  -1   0   1   1   0  -1   1   1   3   1  -1    5   3   3   3   2   6   6   2   5   4   8  11   4   4   3  11  10   6   4   3  0.08 0.11
  119 M     0   0  -2   0   2  -1   0   0  -2   0   0  -2   1   1   1   0   0   4  -1   0    7   7   0   7   6   0   7   7   0   7   7   0   6   6   7   7   7   6   0   7  0.08 0.13
  120 E    -1  -1   0  -1  -3   1   3  -1   1   0  -2   1   0  -1  -1   1   0  -3  -1   0    3   2   3   2   0   8  20   3   4   6   2  11   3   3   2  10   7   0   2   6  0.15 0.18
  121 K     1   0  -2  -1   3   0   0  -1   0  -2  -2   3  -1  -4   3   0  -1  -4  -1  -2   14   4   0   4   6   3   4   5   2   2   3  22   2   0  15   4   4   0   2   2  0.31 0.25
  122 G    -3  -4   1   0  -5   1   0   6   1  -6  -5   0  -5  -5   0  -1  -4  -5   0  -5    0   0   5   6   0   6   6  55   4   0   0   6   0   0   4   3   0   0   3   0  0.98 0.52
  123 D    -2  -4  -1   7  -5   0   0  -1   0  -5  -3  -2  -5  -5  -4  -2  -1  -6  -5  -3    3   0   3  61   0   5   5   6   2   0   3   2   0   0   0   2   4   0   0   2  1.27 0.59
  124 M     0   0  -2  -3   2  -2  -2   0   2   0   0  -2   2   1  -3   0   0   4   2   0    7   7   0   0   7   0   0   7   7   7   7   0   7   7   0   7   7   7   7   7  0.13 0.15
  125 V    -1  -1  -4  -4   2  -3  -4  -2  -4   4   2  -3   1   1  -4  -1  -2   2   0   2    3   3   0   0   6   0   0   4   0  33  18   0   3   5   0   4   0   3   3  14  0.44 0.29
  126 T     0  -1   0  -1   0  -1  -1  -2   0   2   0  -1  -1   1  -1   1   1  -3   0   1    5   3   3   2   2   3   3   2   3  15   5   4   0   7   2  12  12   0   2  14  0.07 0.12
  127 L    -2  -4  -4  -4   1  -3  -3  -4  -4   3   3  -4   1   0  -4  -3  -1   1  -2   3    3   0   0   0   3   0   2   1   0  21  35   0   2   4   0   1   3   2   0  21  0.57 0.29
  128 P    -1  -4  -4  -4  -5  -4  -1  -1  -5  -5  -5  -1  -5  -6   8  -2  -4  -5  -5  -5    5   0   0   0   0   0   4   4   0   0   1   3   0   0  76   3   0   0   0   0  2.11 0.71
  129 A     4  -1   0  -2  -3  -1   0  -1  -1  -2  -3   1  -1  -4   2   1   0  -4  -3  -1   44   3   4   1   0   2   4   4   1   1   1   8   1   0   9  10   3   0   0   3  0.43 0.29
  130 G    -2  -2   3  -1  -1  -1  -1   5  -1  -4  -3  -2  -2   0  -4  -1  -1  -4  -2  -3    1   1  13   3   1   2   3  53   2   0   2   2   1   4   0   4   4   0   1   1  0.82 0.40
  131 I    -1  -1  -2  -3   1  -2  -3  -4  -3   4   1  -1   1  -1  -3   0   2  -4  -2   2    5   4   2   0   3   1   0   0   0  27  12   3   3   1   0   6  19   0   1  11  0.33 0.24
  132 Y    -1   2  -2  -3   0  -1   0  -1   1  -3  -2   0  -2   2   2  -2  -2   3   5  -2    6  11   2   0   2   1   6   5   3   0   3   5   1   7  10   2   2   5  27   3  0.42 0.29
  133 H    -4   0  -3  -4  -5   0  -3  -5  10  -3  -5  -4  -4   0   0  -1  -2  -5   2  -5    0   5   0   0   0   4   0   0  66   2   1   0   0   4   4   4   3   0   5   0  2.05 0.76
  134 R    -1   6  -3  -4  -1   0  -3  -2   1  -5  -4  -1  -4  -2  -5  -2  -3   8  -1  -5    4  46   1   0   2   4   0   2   4   0   1   2   0   1   0   3   2  24   1   0  1.42 0.60
  135 F    -2  -5  -5  -5   2  -5  -5  -3  -2  -1  -1  -5   0   8  -5  -4  -3   3   1  -1    4   0   0   0   5   0   0   2   1   3   5   0   2  65   0   0   1   4   2   4  1.53 0.59
  136 T    -1   0   0   3   0  -2  -1  -2   1   0  -3  -1   0  -3  -3   0   4  -4  -2  -2    3   7   4  19   2   1   2   2   3   5   1   2   3   1   0   6  37   0   1   1  0.51 0.36
  137 V     0   0   0  -2   2   0  -2   0   2   0   0  -1   1   1   1   0   0  -2   1   0    6   6   6   0   6   6   0   6   6   6   6   0   6   6   6   6   6   0   6   6  0.02 0.13
  138 D    -1   0   0   2   2   0   0   2   1  -1  -3   0   0  -3  -3   0   1  -4  -3   0    4   4   4  17   6   3   7  18   4   3   0   4   3   0   0   5   9   0   0   6  0.20 0.20
  139 E     0  -1   1   2  -3   0   3  -1   0  -2  -2   0   0  -1   1   1   0  -3   0  -2    6   3   5  11   0   3  21   4   2   2   3   6   2   2   8   9   7   0   4   3  0.19 0.19
  140 K    -1   0   2   2  -3   1   1   0   0  -2  -2   1  -1  -1   0   1   0  -4  -3  -2    4   5  12  11   0   6   7   7   2   3   3  11   2   3   5  13   5   0   0   3  0.16 0.17
  141 N    -2   1   4   1  -4   0   1   0  -2  -4  -2   1  -1  -4   3  -1  -1  -4  -1  -2    3   7  23   8   0   2   9   6   0   0   4   9   2   0  17   3   3   0   2   2  0.42 0.33
  142 Y    -3   1   1   2   0   0   0  -3   3  -3  -3   0  -1   2  -1  -2  -1   2   5  -3    1   7   6  12   2   4   5   2   7   1   2   7   1   8   3   3   4   2  22   2  0.41 0.33
  143 T    -1  -4  -4  -4   1  -4  -3  -3  -1   4   0  -3   1   3  -4  -1   1  -4   0   3    4   0   0   0   3   0   1   1   1  25   8   2   4  14   0   4   8   0   2  21  0.50 0.35
  144 K     0   1  -3  -2   0   2   0  -2   2  -1  -2   4   0  -4  -3  -1   1  -5  -3   1    6   8   0   2   2   8   5   2   5   3   2  31   3   0   0   3  10   0   0  10  0.40 0.35
  145 A     5  -4  -4  -4   3  -2  -3  -1  -4  -1  -1  -4   2  -1  -3  -1   0  -5  -2   1   48   0   0   0   5   2   1   4   0   2   6   0   5   3   1   4   6   0   1  11  0.62 0.48
  146 M     0   0  -2  -2   2   1   0   0   2   0   0   0   1   1  -2   0   0  -2   1   0    6   6   0   0   6   6   6   6   6   6   6   6   6   6   0   6   6   0   6   6  0.05 0.11
  147 R    -1   5   0  -3   1   1  -2  -1   2   0  -1   0   2   0  -4  -1  -3  -4  -3  -3    5  39   5   0   4   7   0   5   5   5   5   4   6   4   0   4   0   0   0   0  0.50 0.36
  148 L    -2   0  -3  -4   1  -2  -3  -2   0   1   2  -1   2   2  -1  -3  -1   4   1   0    1   5   0   0   3   0   0   3   3  10  29   3   7  12   3   1   3   6   5   5  0.28 0.22
  149 F    -3  -2  -4  -4  -4  -4  -4  -1   0   0   0  -2   0   7  -1  -2  -2   3   3  -1    1   2   0   0   0   0   0   4   2   4   8   3   3  49   3   3   2   4   7   3  0.84 0.44
  150 V     0   0   0  -1  -1   0   0  -1  -1   0   0   2  -1  -1   1   0   1  -3   0   1    5   2   5   2   2   4   3   5   1   4   7  17   1   1   6   4  10   0   4  15  0.07 0.12
  151 G    -1  -1   2   4  -4  -1   0   2  -1  -3  -5   0  -2  -5   0   1   1  -5  -2  -3    4   3   9  24   0   2   4  19   1   1   0   5   1   0   4  10  10   0   1   1  0.42 0.30
  152 E     0   0   2   1  -4   0   4  -1  -1  -2  -4   1  -1  -4   1   0   0  -5  -2  -1    9   4   9   8   0   3  30   3   1   3   0   7   2   0   7   4   5   0   1   4  0.34 0.28
  153 P    -1  -1  -1   1  -5   0   1  -2  -1  -3  -3   1  -4  -5   6   0  -2  -5  -3  -3    3   2   3  10   0   3  10   2   2   1   3   7   0   0  41   8   2   0   1   1  0.82 0.46
  154 V    -1  -1  -1   0  -1  -1  -2   4  -1  -1  -2   2  -3  -4  -1   0  -1  -4  -4   2    4   3   2   4   1   3   2  32   1   2   3  16   0   0   2   5   3   0   0  17  0.35 0.29
  155 W    -2  -1  -6  -6   1  -3  -6  -4  -5  -5  -1  -5  -4   1  -4  -3  -5  11   2  -1    3   5   0   0   3   1   0   1   0   0   5   0   0   6   1   2   0  60   6   5  2.50 0.92
  156 T    -1   0  -1  -3  -3   0   0  -3   1   1  -1   0  -1   0  -2  -1   3  -4  -3   2    4   5   2   0   0   3   6   1   4  10   3   5   1   5   1   2  27   0   0  21  0.29 0.28
  157 A     4  -2  -3  -4  -1   0  -3  -1   1  -2  -2  -3  -1  -4   4  -1   0  -2   0  -1   38   2   0   0   1   6   0   3   3   2   4   0   1   0  23   4   5   1   3   3  0.63 0.42
  158 Y    -3  -2  -1  -1  -4  -1  -1  -4   5   1   0  -2  -1   2  -4  -1  -2   4   5  -1    1   1   3   3   0   3   4   0  15  10  10   1   1   9   0   6   1   5  20   5  0.47 0.32
  159 N    -2  -3   5   2  -4  -2   0  -3   2  -4  -3  -2  -4   2   1   0  -1  -3   4  -3    4   0  30  10   0   1   5   1   4   0   1   2   0   9   8   5   2   0  17   1  0.62 0.41
  160 R    -3   6  -2  -2  -1   0  -3  -4  -3  -5  -4   0  -4   0  -1  -1   2   3   1  -3    1  52   1   2   2   3   0   0   0   0   0   4   0   4   3   5  12   4   4   1  0.95 0.54
  161 P    -2  -3  -1   1  -4  -1   2   2  -3  -1  -2  -3  -3  -4   4   2  -1  -5  -4  -1    1   0   3   7   0   2  13  16   0   3   3   0   0   0  25  18   3   0   0   5  0.53 0.35
  162 A     3  -1  -1   1  -1   0  -1   0   1  -3  -3  -2  -3  -3  -1   1   1  -4  -3   0   36   4   3   8   1   3   2   8   4   0   2   1   0   1   2   9  10   0   0   6  0.31 0.28
  163 D    -3  -4  -1   6  -6  -1   3  -2  -4  -6  -6  -1  -5  -2   0  -2  -2  -6  -5  -4    1   0   2  57   0   3  19   3   0   0   0   4   0   2   4   1   2   0   0   1  1.25 0.61
  164 H     1   0   1   2  -2   1   2  -2   4   0  -2   0  -2  -4  -3   1   0  -4  -3  -1   11   3   6  15   1   8  12   1  11   7   2   6   0   0   0   9   4   0   0   5  0.25 0.22
  165 F     0  -2   3  -2  -4   0  -2  -3   5  -1   1  -2   2   2  -3   0   0  -3   2  -1    7   0  16   1   0   5   0   1  15   3  13   1   7  10   0   5   5   0   6   3  0.32 0.28
  166 E     0  -3  -2   1  -5  -2   3  -3  -2  -3  -5  -2  -5  -6   6   1   0  -6  -5  -4    6   1   2   7   0   1  20   1   1   2   1   1   0   0  44   9   6   0   0   1  1.07 0.54
  167 A     2  -1  -2  -3   2  -1   0  -2   1   0  -1   0  -1   0  -1   1   0  -3   2   2   18   2   0   0   6   3   6   2   3   6   2   6   1   3   3  12   5   0   8  16  0.14 0.18
  168 R    -5   7   0  -5  -6  -3  -4  -5   2  -5   0  -2  -1   1  -6  -4  -4   2  -1  -3    0  68   4   0   0   0   0   1   5   0  11   0   1   5   0   0   0   3   2   2  1.49 0.69
  169 G     0   0  -1   1  -4   2   1  -1   1  -2   0   3  -1  -1   2  -1  -2  -4  -3  -1    8   4   1   7   0   9   7   5   4   2   9  24   1   3   9   1   1   0   0   5  0.20 0.20
  170 Q     1   1   1   1  -4   3   4  -2   1  -4  -3   1  -3  -3  -1  -1   0  -4  -2  -3   12   5   6   8   0  13  27   2   4   1   2   9   0   1   3   3   4   0   1   0  0.40 0.29
  171 Y    -4   1  -3  -7  -6  -5  -6  -7   0  -5  -3  -5  -5   1  -7  -2  -5   0   9  -5    1   8   1   0   0   0   0   0   2   0   2   0   0   4   0   3   0   1  78   0  2.39 0.90
  172 V    -2  -1  -4  -1  -3  -2  -3  -5  -5   2   5  -4   1  -2  -5  -2  -2  -4  -3   2    1   3   0   5   0   2   1   0   0   9  56   0   2   0   0   2   1   0   0  17  0.74 0.39
  173 K     0   1   1   0  -5   2   2  -2  -2  -4  -4   5   0  -5  -3  -2  -2  -5  -4  -2    8   7   6   6   0  11  12   1   1   0   0  41   2   0   0   1   2   0   0   2  0.64 0.37
  174 F     0   1   0   1  -3   1   0  -1  -1  -2  -2   1  -1   2  -3   3   0  -3   1  -2    6   7   3   9   0   5   5   3   1   1   2   9   1  10   0  25   5   0   6   1  0.21 0.20
  175 L    -2  -4  -5  -5  -3  -3  -5  -5  -4   3   4  -4   2   2  -5  -3  -1  -3   0   2    3   0   0   0   0   1   0   0   0  20  43   0   4   9   0   1   3   0   3  13  0.70 0.34
  176 A     1  -1   0  -2  -3  -1  -1   3   1  -3  -1   1  -2  -4   0   1   1  -4  -3  -1   16   1   3   0   0   2   2  21   5   0   7  11   0   0   4  14  11   0   0   3  0.25 0.20
  177 Q    -1   1  -2  -2  -4   5   2  -4  -1  -2  -4   3  -3  -5  -3   1  -2  -4  -3   0    3   4   0   0   0  33  15   0   1   1   0  25   0   0   0   9   1   0   0   7  0.69 0.35
  178 T     0  -2   0  -1  -2   0  -1   1  -2  -3  -3   0  -2  -2   2   3   3  -4  -3  -2    6   0   2   2   0   3   0  14   0   0   0   5   0   2  12  27  29   0   0   0  0.40 0.16
  179 A     5  -2  -2  -3  -2  -2  -2   2  -3  -3  -3  -2  -2  -3  -2   0  -1  -3  -3  -1   81   0   0   0   0   0   0  19   0   0   0   0   0   0   0   0   0   0   0   0  0.75 0.18

                      K         Lambda
Standard Ungapped    0.1411     0.3216
Standard Gapped      0.0394     0.2670
PSI Ungapped         0.1289     0.3183
PSI Gapped           0.0394     0.2670
