
Last position-specific scoring matrix computed, weighted observed percentages rounded down, information per position, and relative weight of gapless real matches to pseudocounts
            A   R   N   D   C   Q   E   G   H   I   L   K   M   F   P   S   T   W   Y   V   A   R   N   D   C   Q   E   G   H   I   L   K   M   F   P   S   T   W   Y   V
    1 M    -1  -1  -2  -3  -1   0  -2  -3  -2   1   2  -1   6   0  -3  -2  -1  -1  -1   1    0   0   0   0   0   0   0   0   0   0   0   0 100   0   0   0   0   0   0   0  0.35 0.00
    2 S     1  -1   1   0  -1   0   0   0  -1  -2  -2   0  -2  -2  -1   4   1  -3  -2  -2    0   0   0   0   0   0   0   0   0   0   0   0   0   0   0 100   0   0   0   0  0.46 0.00
    3 L    -1  -2  -3  -3  -2  -2  -2  -3  -3   0   2  -2   1  -1   5  -2  -1  -2  -2   0    0   0   0   0   0   0   0   0   0   0  55   0   0   0  45   0   0   0   0   0  0.72 0.00
    4 C     0  -2  -1  -2   7  -1  -2  -1  -2  -2  -2  -1  -1  -2  -2   2   0  -3  -2  -1    0   0   0   0  55   0   0   0   0   0   0   0   0   0   0  45   0   0   0   0  0.60 0.00
    5 S     1  -1   1   0  -1   0   0   0  -1  -2  -2   0  -2  -2  -1   4   1  -3  -2  -2    0   0   0   0   0   0   0   0   0   0   0   0   0   0   0 100   0   0   0   0  0.46 0.00
    6 A     3  -1  -1  -1  -1  -1  -1  -1  -2  -1  -1  -1  -1  -2  -1   1   3  -3  -2   0   55   0   0   0   0   0   0   0   0   0   0   0   0   0   0   0  45   0   0   0  0.31 0.00
    7 C     0  -3  -3  -4   9  -3  -4  -3  -3  -1  -1  -3  -1  -2  -3  -1  -1  -2  -2  -1    0   0   0   0 100   0   0   0   0   0   0   0   0   0   0   0   0   0   0   0  1.22 0.00
    8 T     1  -1   0  -1  -1   0  -1  -1  -1  -1  -2   0  -1  -2  -1   3   4  -3  -2  -1    0   0   0   0   0   0   0   0   0   0   0   0   0   0   0  45  55   0   0   0  0.39 0.00
    9 S     1  -1   1   0  -1   0   0   0  -1  -2  -2   0  -2  -2  -1   4   1  -3  -2  -2    0   0   0   0   0   0   0   0   0   0   0   0   0   0   0 100   0   0   0   0  0.46 0.00
   10 P    -1  -2  -2  -2  -3  -1  -1  -2  -2  -3  -3  -1  -3  -4   8  -1  -1  -4  -3  -2    0   0   0   0   0   0   0   0   0   0   0   0   0   0 100   0   0   0   0   0  2.04 0.00
   11 A     3  -1  -1  -2  -1  -1  -1   0  -2  -1  -1  -1  -1  -2  -1   1   3  -3  -2   0   65   0   0   0   0   0   0   0   0   0   0   0   0   0   0   0  35   0   0   0  0.32 0.00
   12 S     1  -1   1   0  -1   0   0   0  -1  -2  -2   0  -2  -2  -1   4   1  -3  -2  -2    0   0   0   0   0   0   0   0   0   0   0   0   0   0   0 100   0   0   0   0  0.46 0.00
   13 H    -2   0   1  -1  -3   0   0  -2   8  -3  -3  -1  -2  -1  -2  -1  -2  -2   2  -3    0   0   0   0   0   0   0   0 100   0   0   0   0   0   0   0   0   0   0   0  0.87 0.00
   14 Q    -1   1   0  -1  -3   5   2  -2   4  -3  -2   1  -1  -3  -2   0  -1  -2   0  -2    0   0   0   0   0  76   0   0  24   0   0   0   0   0   0   0   0   0   0   0  0.56 0.00
   15 L    -2  -2  -3  -4  -1  -2  -3  -4  -3   2   4  -2   2   0  -3  -2  -1  -2  -1   1    0   0   0   0   0   0   0   0   0   0 100   0   0   0   0   0   0   0   0   0  0.46 0.00
   16 L    -2  -2  -3  -4  -1  -2  -3  -4  -3   2   4  -2   2   0  -3  -2  -1  -2  -1   1    0   0   0   0   0   0   0   0   0   0 100   0   0   0   0   0   0   0   0   0  0.46 0.00
   17 L    -2  -2  -3  -4  -1  -2  -3  -4  -3   2   4  -2   2   0  -3  -2  -1  -2  -1   1    0   0   0   0   0   0   0   0   0   0 100   0   0   0   0   0   0   0   0   0  0.46 0.00
   18 N    -2   0   6   1  -3   0   0   0   1  -3  -3   0  -2  -3  -2   1   0  -4  -2  -3    0   0 100   0   0   0   0   0   0   0   0   0   0   0   0   0   0   0   0   0  0.73 0.00
   19 C    -1  -3  -3  -3   8  -3  -3  -3  -1  -1  -1  -3  -1   0  -3  -1  -1  -1   3  -1    0   0   0   0  76   0   0   0   0   0   0   0   0   0   0   0   0   0  24   0  0.87 0.00
   20 Q    -1   1   0   0  -3   5   2  -2   0  -3  -2   1   0  -3  -1   0  -1  -2  -1  -2    0   0   0   0   0 100   0   0   0   0   0   0   0   0   0   0   0   0   0   0  0.66 0.00
   21 G     0  -2   0  -1  -3  -2  -2   6  -2  -4  -4  -2  -3  -3  -2   0  -2  -3  -3  -3    0   0   0   0   0   0   0 100   0   0   0   0   0   0   0   0   0   0   0   0  1.04 0.00
   22 Q    -1   1   0   0  -3   5   2  -2   0  -3  -2   1   0  -3  -1   0  -1  -2  -1  -2    0   0   0   0   0 100   0   0   0   0   0   0   0   0   0   0   0   0   0   0  0.66 0.00
   23 T    -1  -3  -2  -3  -1  -2  -3  -3  -3   4   1  -2   1   0  -2  -1   1  -3  -1   2    0   0   0   0   0   0   0   0   0  80   0   0   0   0   0   0  20   0   0   0  0.28 0.00
   24 V    -1  -2  -3  -4  -1  -2  -3  -4  -3   2   4  -2   2   0  -3  -2  -1  -2  -1   2    0   0   0   0   0   0   0   0   0   0  80   0   0   0   0   0   0   0   0  20  0.38 0.00
   25 A     4  -1  -2  -2   0  -1  -1   0  -2  -1  -2  -1  -1  -2  -1   1   0  -3  -2   0  100   0   0   0   0   0   0   0   0   0   0   0   0   0   0   0   0   0   0   0  0.40 0.00
   26 K    -1   2   0  -1  -2   1   0  -2  -1  -2  -2   4  -1  -3  -1   0   2  -3  -2  -2    0   0   0   0   0   0   0   0   0   0   0  76   0   0   0   0  24   0   0   0  0.38 0.00
   27 S     1  -1   1   0  -1   0   0   0  -1  -2  -2   0  -2  -2  -1   4   1  -3  -2  -2    0   0   0   0   0   0   0   0   0   0   0   0   0   0   0 100   0   0   0   0  0.46 0.00
   28 H    -1   2   0  -2   4   0  -1  -2   6  -3  -2   0  -2  -2  -2  -1  -1  -2   1  -2    0  24   0   0  21   0   0   0  55   0   0   0   0   0   0   0   0   0   0   0  0.50 0.00
   29 S     1  -1   0  -1  -1  -1  -1  -1  -1  -2  -2  -1  -1   2  -1   3   1  -1   0  -1    0   0   0   0   0   0   0   0   0   0   0   0   0  24   0  76   0   0   0   0  0.28 0.00
   30 S     1  -1   1   0  -1   0   0   0  -1  -2  -2   0  -2  -2  -1   4   1  -3  -2  -2    0   0   0   0   0   0   0   0   0   0   0   0   0   0   0 100   0   0   0   0  0.46 0.00
   31 A     3  -2  -2  -2  -1  -1  -1   0  -2   0   1  -1   0  -1  -1   1   0  -2  -2   0   79   0   0   0   0   0   0   0   0   0  21   0   0   0   0   0   0   0   0   0  0.26 0.00
   32 D    -2  -2   1   6  -4   0   2  -1  -1  -3  -4  -1  -3  -4  -2   0  -1  -4  -3  -3    0   0   0 100   0   0   0   0   0   0   0   0   0   0   0   0   0   0   0   0  0.93 0.00
   33 A     3  -1  -1   2  -1  -1   0   0  -2  -2  -2  -1  -1  -2  -1   1   0  -3  -2  -1   79   0   0  21   0   0   0   0   0   0   0   0   0   0   0   0   0   0   0   0  0.32 0.00
   34 G    -2  -3  -3  -3  -2  -2  -3   2  -2  -3  -2  -3  -2   0  -3  -2  -2  10   2  -3    0   0   0   0   0   0   0  24   0   0   0   0   0   0   0   0   0  76   0   0  1.65 0.01
   35 V     0  -3  -3  -3  -1  -2  -2  -3  -3   3   1  -2   1  -1  -2  -2   0  -3  -1   4    0   0   0   0   0   0   0   0   0   0   0   0   0   0   0   0   0   0   0 100  0.35 0.00
   36 S     1  -1   1   0  -1   0   0   0  -1  -2  -2   0  -2  -2  -1   4   1  -3  -2  -2    0   0   0   0   0   0   0   0   0   0   0   0   0   0   0 100   0   0   0   0  0.45 0.00
   37 L    -1  -2  -3  -4  -1  -2  -3  -4  -3   2   4  -2   2   0  -3  -2  -1  -2  -1   1    0   0   0   0   0   0   0   0   0   0 100   0   0   0   0   0   0   0   0   0  0.46 0.00
   38 V     0  -3  -3  -3  -1  -2  -2  -3  -3   3   1  -2   1  -1  -2  -2   0  -3  -1   4    0   0   0   0   0   0   0   0   0   0   0   0   0   0   0   0   0   0   0 100  0.35 0.00
   39 S     1  -1   1   0  -1   0   0   0  -1  -2  -2   0  -2  -2  -1   4   1  -3  -2  -2    0   0   0   0   0   0   0   0   0   0   0   0   0   0   0 100   0   0   0   0  0.45 0.00
   40 G     0  -2   0  -1  -3  -2  -2   6  -2  -4  -4  -2  -3  -3  -2   0  -2  -3  -3  -3    0   0   0   0   0   0   0 100   0   0   0   0   0   0   0   0   0   0   0   0  1.04 0.00
   41 R     1   2  -1  -1  -1   0   0  -1  -1  -1  -1   0  -1  -1  -1   0   0  -1  -1  -1   28  25   1   1   1   1   2   2   1   1   2   2   1   1   1   2   2   0   1   2  0.03 0.02
   42 W    -1  -1  -1  -1  -1  -1  -1  -1  -1  -1  -1  -1  -1   0  -1  -1  -1   9   1  -1    4   3   2   3   1   2   3   4   1   3   5   3   1   2   3   4   3  48   2   3  0.78 0.00
   43 C     0  -1  -1  -1   7  -1  -1  -1  -1  -1  -1  -1  -1  -1  -1   0   0  -1  -1   0    4   3   2   3  49   2   3   4   1   3   5   3   1   2   3   4   3   1   2   3  0.36 0.00
   44 A     3  -1  -1  -1   0   0   0   0  -1  -1  -1   0  -1  -1   0   1   0  -1  -1   0   52   3   2   3   1   2   3   4   1   3   5   3   1   2   3   4   3   1   2   3  0.13 0.01
   45 W    -1  -1  -1  -1  -1  -1  -1  -1  -1  -1  -1  -1  -1   0  -1  -1  -1   9   1  -1    4   3   2   3   1   2   3   4   1   3   5   3   1   2   3   4   3  48   2   3  0.78 0.00
   46 W    -2  -2  -2  -2  -2  -1  -2  -2  -2  -2  -1  -2  -1   1  -2  -2  -2  10   2  -2    2   1   1   1   0   1   2   2   1   1   2   1   1   1   1   2   1  75   1   2  1.50 0.00
   47 P    -1  -1  -2  -1  -2  -1  -1  -2  -2   0   1  -1   0  -1   6  -1  -1  -2  -1  -1    2   1   1   1   0   1   2   2   1   1  29   1   1   1  49   2   1   0   1   2  0.69 0.00
   48 E    -1   0   0   3  -2   1   4  -1   0  -2  -2   0  -2  -2  -1   0  -1  -2  -2  -2    2   1   1  28   0   1  49   2   1   1   2   1   1   1   1   2   1   0   1   2  0.41 0.00
   49 H    -1   0   0   0  -1   0   0  -1   6  -1  -1   0  -1  -1  -1   0  -1  -1   1  -1    4   3   2   3   1   2   3   4  49   3   5   3   1   2   3   4   3   1   2   3  0.26 0.00
   50 C     0  -1  -1  -1   7  -1  -1  -1  -1  -1  -1  -1  -1  -1  -1   0   0  -1  -1   0    4   3   2   3  49   2   3   4   1   3   5   3   1   2   3   4   3   1   2   3  0.36 0.00
   51 S     0  -1   0   0  -1   0   0   3  -1  -1  -1   0  -1  -1   0   2   0  -1  -1  -1    4   3   2   3   1   2   3  28   1   3   5   3   1   2   3  28   3   1   2   3  0.16 0.01
   52 E     0   0   0   1  -1   1   3  -1   0  -1  -1   0  -1  -1   0   0   0  -1  -1  -1    4   3   2   3   1   2  51   4   1   3   5   3   1   2   3   4   3   1   2   3  0.24 0.00
   53 S     1   0   0   0  -1   0   0   0   0  -1  -1   0  -1  -1   0   3   1  -1  -1  -1    4   3   2   3   1   2   3   4   1   3   5   3   1   2   3  51   3   1   2   3  0.15 0.00
   54 M     0  -1  -1  -1  -1   0  -1  -1  -1   0   1  -1   4   0  -1   0   0  -1   0   0    4   3   2   3   1   2   3   4   1   3   5   3  49   2   3   4   3   1   2   3  0.07 0.00
   55 F    -1  -1  -1  -1  -1  -1  -1  -1  -1   0   0  -1   0   4  -1  -1  -1   0   2   0    4   3   2   3   1   2   3   4   1   3   5   3   1  50   3   4   3   1   2   3  0.17 0.00
   56 P     0  -1  -1  -1  -1   0   0  -1  -1  -1  -1   0  -1  -1   6   0   0  -1  -1  -1    4   3   2   3   1   2   3   4   1   3   5   3   1   2  50   4   3   1   2   3  0.71 0.00
   57 S     1   0   0   0  -1   0   0   0   0  -1  -1   0  -1  -1   0   3   1  -1  -1  -1    4   3   2   3   1   2   3   4   1   3   5   3   1   2   3  51   3   1   2   3  0.15 0.00
   58 Q     0   1   0   0  -1   4   1  -1   0  -1  -1   1   0  -1   0   0   0  -1  -1  -1    4   3   2   3   1  50   3   4   1   3   5   3   1   2   3   4   3   1   2   3  0.22 0.00
   59 H    -1   0   0   0  -1   0   0  -1   6  -1  -1   0  -1  -1  -1   0  -1  -1   1  -1    4   3   2   3   1   2   3   4  49   3   5   3   1   2   3   4   3   1   2   3  0.26 0.00
   60 P     1  -1  -1  -1  -1   0   0   0  -1  -1  -1   0  -1  -1   4   0   0  -1  -1  -1   28   3   2   3   1   2   3   4   1   3   5   3   1   2  27   4   3   1   2   3  0.31 0.01
   61 V     0  -1  -1  -1  -1  -1  -1  -1  -1   1   0  -1   0  -1  -1  -1   0  -1  -1   2    4   3   2   3   1   2   3   4   1   3   5   3   1   2   3   4   3   1   2  51  0.06 0.01
   62 L    -1  -1  -1  -1  -1  -1  -1  -1  -1   1   2  -1   1   0  -1  -1   0  -1  -1   0    4   3   2   3   1   2   3   4   1   3  52   3   1   2   3   4   3   1   2   3  0.08 0.01
   63 S     1   0   0   0  -1   0   0   0   0  -1  -1   0  -1  -1   0   3   1  -1  -1  -1    4   3   2   3   1   2   3   4   1   3   5   3   1   2   3  51   3   1   2   3  0.15 0.00
   64 S     1   0   0   0  -1   0   0   0   0  -1  -1   0  -1  -1   0   3   1  -1  -1  -1    4   3   2   3   1   2   3   4   1   3   5   3   1   2   3  51   3   1   2   3  0.15 0.00
   65 N    -1   0   4   1  -1   0   0   0   0  -1  -1   0  -1  -1   0   0   0  -1  -1  -1    4   3  50   3   1   2   3   4   1   3   5   3   1   2   3   4   3   1   2   3  0.22 0.00
   66 L    -1  -1  -1  -1  -1  -1  -1  -1  -1   1   2  -1   1   0  -1  -1   0  -1  -1   0    4   3   2   3   1   2   3   4   1   3  52   3   1   2   3   4   3   1   2   3  0.08 0.01
   67 A     3  -1  -1  -1   0  -1  -1   0  -1  -1  -1  -1  -1  -2   0   1   0  -2  -1   0   75   1   1   1   1   1   2   2   1   1   2   2   1   1   1   2   2   0   1   2  0.24 0.00
   68 D    -1  -1   3   4  -2   0   1  -1   0  -2  -2   0  -2  -2  -1   0   0  -2  -2  -2    2   1  27  49   1   1   2   2   1   1   2   2   1   1   1   2   2   0   1   2  0.42 0.00
   69 S     1  -1   0   0  -1   0   0   0  -1  -2  -2   0  -1  -2   0   3   1  -2  -1  -1    2   1   1   1   1   1   2   2   1   1   2   2   1   1   1  75   2   0   1   2  0.28 0.00
   70 S     1  -1   0  -1  -1   0  -1   3  -1  -3  -3  -1  -2  -3  -1   3   1  -3  -2  -2    0   0   0   0   0   0   0  27   0   0   0   0   0   0   0  73   0   0   0   0  0.42 0.00
   71 G     0  -2   0   3  -3  -1  -1   5  -2  -4  -4  -1  -3  -3  -2   0  -1  -3  -3  -3    0   0   0  26   0   0   0  74   0   0   0   0   0   0   0   0   0   0   0   0  0.76 0.00
   72 Q    -1   1   0   0  -3   5   2  -2   0  -3  -2   3  -1  -3  -1   0  -1  -2  -2  -2    0   0   0   0   0  73   0   0   0   0   0  27   0   0   0   0   0   0   0   0  0.55 0.00
   73 G     0  -2   0  -1  -3  -2  -2   6  -2  -4  -4  -2  -3  -3  -2   0  -2  -3  -3  -3    0   0   0   0   0   0   0 100   0   0   0   0   0   0   0   0   0   0   0   0  1.04 0.00
   74 R    -1   4  -1  -2  -2   0  -1  -2  -1  -1   1   1   0  -1  -2   0   2  -2  -2  -1    0  48   0   0   0   0   0   0   0   0  26   0   0   0   0   0  27   0   0   0  0.25 0.00
   75 S     1   0   0   0  -1   3   1  -1   0  -3  -2   0  -1  -3  -1   3   1  -3  -2  -2    0   0   0   0   0  27   0   0   0   0   0   0   0   0   0  73   0   0   0   0  0.38 0.00
   76 P    -1  -2  -2  -2  -3  -1  -1  -2  -2  -3  -3  -1  -3  -4   8  -1  -1  -4  -3  -2    0   0   0   0   0   0   0   0   0   0   0   0   0   0 100   0   0   0   0   0  2.04 0.00
   77 A     3  -1  -1  -1  -1  -1  -1   0  -1  -2  -2  -1  -1  -2  -1   2   0  -3  -2  -1   73   0   0   0   0   0   0   0   0   0   0   0   0   0   0  27   0   0   0   0  0.35 0.00
   78 G    -1   2   0   2  -3   0   0   4  -1  -3  -3   0  -2  -3  -2   0  -1  -3  -3  -3    0  27   0  24   0   0   0  50   0   0   0   0   0   0   0   0   0   0   0   0  0.49 0.00
   79 A     3  -2  -2  -2   5  -1  -1   0  -2  -1  -1  -1  -1  -2  -1   1   0  -3  -2   0   73   0   0   0  27   0   0   0   0   0   0   0   0   0   0   0   0   0   0   0  0.41 0.00
   80 H    -2  -1  -1  -2  -2  -1  -1  -3   6  -1   1  -1   0   1  -3  -1  -2   0   4  -1    0   0   0   0   0   0   0   0  48   0  27   0   0   0   0   0   0   0  26   0  0.40 0.00
   81 P    -1  -2  -1  -1  -2  -1  -1  -2  -2  -2  -2  -1  -2  -3   7   0   2  -3  -3  -2    0   0   0   0   0   0   0   0   0   0   0   0   0   0  74   0  26   0   0   0  1.39 0.00
   82 A     2  -2  -2  -2  -1  -1  -1  -1  -2   0   1  -1   0  -1   4   0  -1  -3  -2   0   48   0   0   0   0   0   0   0   0   0  27   0   0   0  26   0   0   0   0   0  0.37 0.00
   83 L    -1  -2  -3  -4  -1  -2  -3  -4  -3   2   4  -2   2   0  -3  -2  -1  -2  -1   1    0   0   0   0   0   0   0   0   0   0 100   0   0   0   0   0   0   0   0   0  0.46 0.00
   84 C     0  -3  -3  -4   9  -3  -4  -3  -3  -1  -1  -3  -1  -2  -3  -1  -1  -2  -2  -1    0   0   0   0 100   0   0   0   0   0   0   0   0   0   0   0   0   0   0   0  1.21 0.01
   85 P    -1  -2  -2  -2  -3  -1  -1  -2  -2  -3  -3  -1  -3  -4   8  -1  -1  -4  -3  -2    0   0   0   0   0   0   0   0   0   0   0   0   0   0 100   0   0   0   0   0  2.04 0.00
   86 F    -2  -3  -3  -4  -2  -3  -3  -3  -1   0   0  -3   0   6  -4  -2  -2   1   3  -1    0   0   0   0   0   0   0   0   0   0   0   0   0 100   0   0   0   0   0   0  0.74 0.00
   87 H    -2   0   1  -1  -3   0   0  -2   8  -3  -3  -1  -2  -1  -2  -1  -2  -2   2  -3    0   0   0   0   0   0   0   0 100   0   0   0   0   0   0   0   0   0   0   0  0.86 0.01
   88 K    -1   2   0   0  -3   1   3  -2  -1  -3  -3   4  -2  -3  -1   0  -1  -3  -2  -2    0   0   0   0   0   0  27   0   0   0   0  73   0   0   0   0   0   0   0   0  0.47 0.00
   89 S     1  -1   1   0  -1   0   0   0  -1  -2  -2   0  -2  -2  -1   4   1  -3  -2  -2    0   0   0   0   0   0   0   0   0   0   0   0   0   0   0 100   0   0   0   0  0.45 0.00
   90 P    -1  -2  -2  -2  -3  -1  -1  -2  -2  -3  -3  -1  -3  -4   8  -1  -1  -4  -3  -2    0   0   0   0   0   0   0   0   0   0   0   0   0   0 100   0   0   0   0   0  2.04 0.00
   91 W    -1   2  -1  -2  -3   2   0   2  -1  -3  -2   0  -1  -2  -2  -1  -1   7   0  -3    0  24   0   0   0  27   0  26   0   0   0   0   0   0   0   0   0  24   0   0  0.53 0.00
   92 F    -2  -3  -3  -4  -2  -3  -3  -3  -1   0   0  -3   0   6  -4  -2  -2   1   3  -1    0   0   0   0   0   0   0   0   0   0   0   0   0 100   0   0   0   0   0   0  0.74 0.00
   93 P    -1  -2  -2  -2  -3  -1  -1  -2  -2  -3  -3  -1  -3  -4   8  -1  -1  -4  -3  -2    0   0   0   0   0   0   0   0   0   0   0   0   0   0 100   0   0   0   0   0  2.04 0.00
   94 H    -2   0   1  -1  -3   0   0  -2   8  -3  -3  -1  -2  -1  -2  -1  -2  -2   2  -3    0   0   0   0   0   0   0   0 100   0   0   0   0   0   0   0   0   0   0   0  0.86 0.01
   95 F    -2  -3  -3  -4  -2  -3  -3  -3  -1   0   0  -3   0   6  -4  -2  -2   1   3  -1    0   0   0   0   0   0   0   0   0   0   0   0   0 100   0   0   0   0   0   0  0.74 0.00
   96 P    -1  -2  -2  -2  -3  -1  -1  -2  -2  -3  -3  -1  -3  -4   8  -1  -1  -4  -3  -2    0   0   0   0   0   0   0   0   0   0   0   0   0   0 100   0   0   0   0   0  2.04 0.00
   97 Q    -1   1   0   0  -3   5   2  -2   0  -3  -2   1   0  -3  -1   0  -1  -2  -1  -2    0   0   0   0   0 100   0   0   0   0   0   0   0   0   0   0   0   0   0   0  0.65 0.00
   98 I    -1  -3  -3  -3  -1  -3  -3  -4  -3   4   2  -3   1   0  -3  -2  -1  -3  -1   3    0   0   0   0   0   0   0   0   0 100   0   0   0   0   0   0   0   0   0   0  0.39 0.00
   99 L    -1  -2  -3  -4  -1  -2  -3  -4  -3   2   4  -2   2   0  -3  -2  -1  -2  -1   1    0   0   0   0   0   0   0   0   0   0 100   0   0   0   0   0   0   0   0   0  0.46 0.00
  100 P    -1  -2  -2  -2  -3  -1  -1  -2  -2  -3  -3  -1  -3  -4   8  -1  -1  -4  -3  -2    0   0   0   0   0   0   0   0   0   0   0   0   0   0 100   0   0   0   0   0  2.04 0.00
  101 R    -1   5  -1  -1  -3   1   0  -2   0  -2  -2   2  -1  -2  -2  -1  -1  -2  -1  -2    0  74   0   0   0   0   0   0   0   0   0   0   0   0   0   0   0   0   0   0  0.38 0.00
  102 E    -1   0   0   3  -4   1   4  -2   0  -3  -3   0  -2  -3  -1   0  -1  -3  -2  -3    0   0   0  27   0   0  73   0   0   0   0   0   0   0   0   0   0   0   0   0  0.67 0.00
  103 W    -1  -3  -2  -2  -2  -2  -2   4  -2  -3  -3  -2  -2  -1  -3  -1  -2   9   0  -3    0   0   0   0   0   0   0  52   0   0   0   0   0   0   0   0   0  48   0   0  1.17 0.00
  104 S     1  -1   1   0  -1   0   0   0  -1  -2  -2   0  -2  -2  -1   4   1  -3  -2  -2    0   0   0   0   0   0   0   0   0   0   0   0   0   0   0 100   0   0   0   0  0.45 0.00
  105 W    -1   0  -1  -1  -3   5   1  -2   0  -3  -2   1  -1  -2  -2  -1  -1   7   0  -2    0   0   0   0   0  76   0   0   0   0   0   0   0   0   0   0   0  24   0   0  0.70 0.00
  106 C     0  -3  -3  -4   9  -3  -4  -3  -3  -1  -1  -3  -1  -2  -3  -1  -1  -2  -2  -1    0   0   0   0 100   0   0   0   0   0   0   0   0   0   0   0   0   0   0   0  1.21 0.01
  107 G     0  -2   0  -1  -2  -1  -2   5  -2  -3  -3  -1  -2  -3  -2   1  -1  -3  -3  -3    0   0   0   0   0   0   0  76   0   0   0   0   0   0   0  24   0   0   0   0  0.75 0.00
  108 P    -1  -2  -2  -2  -3  -1  -1  -2  -2  -3  -3  -1  -3  -4   8  -1  -1  -4  -3  -2    0   0   0   0   0   0   0   0   0   0   0   0   0   0 100   0   0   0   0   0  2.04 0.00
  109 E    -1   0   0   2  -4   2   5  -2   0  -3  -3   1  -2  -3  -1   0  -1  -3  -2  -2    0   0   0   0   0   0 100   0   0   0   0   0   0   0   0   0   0   0   0   0  0.73 0.00
  110 R    -1   6   0  -2  -3   1   0  -2   0  -3  -2   2  -1  -3  -2  -1  -1  -3  -2  -3    0 100   0   0   0   0   0   0   0   0   0   0   0   0   0   0   0   0   0   0  0.75 0.00
  111 P    -1  -2  -2  -2  -3  -1  -1  -2  -2  -3  -3  -1  -3  -4   8  -1  -1  -4  -3  -2    0   0   0   0   0   0   0   0   0   0   0   0   0   0 100   0   0   0   0   0  2.04 0.00
  112 A     4  -1  -2  -2   0  -1  -1   0  -2  -1  -2  -1  -1  -2  -1   1   0  -3  -2   0  100   0   0   0   0   0   0   0   0   0   0   0   0   0   0   0   0   0   0   0  0.40 0.00
  113 G     0  -2   0  -1  -3  -2  -2   6  -2  -4  -4  -2  -3  -3  -2   0  -2  -3  -3  -3    0   0   0   0   0   0   0 100   0   0   0   0   0   0   0   0   0   0   0   0  1.04 0.00
  114 C     0  -3  -3  -4   9  -3  -4  -3  -3  -1  -1  -3  -1  -2  -3  -1  -1  -2  -2  -1    0   0   0   0 100   0   0   0   0   0   0   0   0   0   0   0   0   0   0   0  1.21 0.01
  115 S     1  -1   1   0  -1   0   0   0  -1  -2  -2   0  -2  -2  -1   4   1  -3  -2  -2    0   0   0   0   0   0   0   0   0   0   0   0   0   0   0 100   0   0   0   0  0.45 0.00
  116 L    -1  -1  -2  -2  -1  -1  -2  -2  -2   1   2  -2   1   0  -2  -2  -1  -1  -1   0    0   0   0   0   0   0   0   0   0   0  48   0   0   0   0   0   0   0   0   0  -0.06 0.02
  117 G     0  -2   0  -1  -3  -2  -2   6  -2  -4  -4  -2  -3  -3  -2   0  -2  -3  -3  -3    0   0   0   0   0   0   0 100   0   0   0   0   0   0   0   0   0   0   0   0  1.04 0.00
  118 L    -1  -2  -3  -4  -1  -2  -3  -4  -3   2   4  -2   2   0  -3  -2  -1  -2  -1   1    0   0   0   0   0   0   0   0   0   0 100   0   0   0   0   0   0   0   0   0  0.46 0.00
  119 K    -1   4   0  -1  -3   1   0  -2  -1  -2  -2   3  -1  -3  -2   0   2  -3  -2  -2    0  52   0   0   0   0   0   0   0   0   0  24   0   0   0   0  24   0   0   0  0.43 0.00
  120 A     4  -1  -2  -2   0  -1  -1   0  -2  -1  -2  -1  -1  -2  -1   1   0  -3  -2   0  100   0   0   0   0   0   0   0   0   0   0   0   0   0   0   0   0   0   0   0  0.40 0.00
  121 E    -1   1   0   1  -3   4   4  -2   0  -3  -3   1  -1  -3  -1   0  -1  -2  -2  -2    0   0   0   0   0  52  48   0   0   0   0   0   0   0   0   0   0   0   0   0  0.60 0.00
  122 A     3  -1  -1   0  -1   0   2   0  -1  -2  -2   0  -1  -2  -1   1   0  -3  -2  -1   73   0   0   0   0   0  27   0   0   0   0   0   0   0   0   0   0   0   0   0  0.32 0.00
  123 A     4  -1  -2  -2   0  -1  -1   0  -2  -1  -2  -1  -1  -2  -1   1   0  -3  -2   0  100   0   0   0   0   0   0   0   0   0   0   0   0   0   0   0   0   0   0   0  0.40 0.00
  124 L    -1  -2  -3  -4  -1  -2  -3  -4  -3   2   4  -2   2   0  -3  -2  -1  -2  -1   1    0   0   0   0   0   0   0   0   0   0 100   0   0   0   0   0   0   0   0   0  0.46 0.00
  125 V     0  -3  -3  -3  -1  -2  -2  -3  -3   3   1  -2   1  -1  -2  -2   0  -3  -1   4    0   0   0   0   0   0   0   0   0   0   0   0   0   0   0   0   0   0   0 100  0.35 0.00
  126 G     0  -2   0  -1  -3  -2  -2   6  -2  -4  -4  -2  -3  -3  -2   0  -2  -3  -3  -3    0   0   0   0   0   0   0 100   0   0   0   0   0   0   0   0   0   0   0   0  1.04 0.00
  127 K    -1   4   0   0  -3   1   2  -2   0  -3  -2   3  -2  -3  -2   0  -1  -3  -2  -2    0  52   0   0   0   0  24   0   0   0   0  24   0   0   0   0   0   0   0   0  0.52 0.00
  128 K    -1   2   0  -1  -3   1   1  -2  -1  -3  -2   5  -1  -3  -1   0  -1  -3  -2  -2    0   0   0   0   0   0   0   0   0   0   0 100   0   0   0   0   0   0   0   0  0.52 0.00

                      K         Lambda
Standard Ungapped    0.1298     0.3178
Standard Gapped      0.0410     0.2670
PSI Ungapped         0.1298     0.3178
PSI Gapped           0.0410     0.2670
