
Last position-specific scoring matrix computed, weighted observed percentages rounded down, information per position, and relative weight of gapless real matches to pseudocounts
            A   R   N   D   C   Q   E   G   H   I   L   K   M   F   P   S   T   W   Y   V   A   R   N   D   C   Q   E   G   H   I   L   K   M   F   P   S   T   W   Y   V
    1 M    -1  -2  -3  -4  -2  -1  -3  -3  -2   1   3  -2   6   0  -3  -2  -1  -2  -1   1    0   0   0   0   0   0   0   0   0   0  34   0  66   0   0   0   0   0   0   0  0.48 0.06
    2 A     3  -1  -1  -1  -1   0   1  -1  -2  -1  -1  -1   3  -2  -1   1   0  -3  -2  -1   54   0   0   0   0   0  15   0   0   0   0   0  21   0   0   9   0   0   0   0  0.27 0.06
    3 A     1  -2  -1  -2  -1   1  -1  -2  -2   1   0  -1   0  -2  -2   0   3  -3  -2   2   22   0   0   0   0   9   0   0   0  15   0   0   0   0   0   0  33   0   0  21  0.19 0.04
    4 A     3  -1  -1  -2  -2   3   0   1  -1  -3  -3  -1  -2  -3  -2   2   0  -3  -2  -2   44   0   0   0   0  23   0  11   0   0   0   0   0   0   0  22   0   0   0   0  0.41 0.11
    5 A     3  -2  -1   1  -2   1  -1  -1  -2  -2  -2  -1  -2  -3  -2   2   3  -3  -2  -1   41   0   0   9   0   7   0   0   0   0   0   0   0   0   0  20  23   0   0   0  0.37 0.11
    6 A     2  -2   0  -2  -1  -1   0  -2  -2   1   1  -1   0  -2  -2   0   1  -3  -2   2   29   0   6   0   0   0   7   0   0   8  14   0   0   0   0   7  10   0   0  19  0.14 0.07
    7 E     0  -1  -1  -1  -3   3   4  -2  -1  -4  -4   2  -2  -4   1   2  -1  -4  -3  -3    8   0   0   0   0  19  34   0   0   0   0  14   0   0   5  20   0   0   0   0  0.54 0.19
    8 T     0   1   0  -2  -2   0   0  -2  -2   0  -1  -1   1  -3   2   1   2  -3  -2   1    9  13   4   0   0   5   4   0   0   4   0   0   5   0  10  15  15   0   0  17  0.18 0.11
    9 P    -2  -1  -3  -2  -3   1   3  -4  -3  -1  -1  -2   6  -3   0   0   0  -4  -3   2    0   3   0   0   0   6  22   0   0   0   3   0  33   0   4   9   5   0   0  15  0.52 0.29
   10 E    -1  -2   4   3  -4  -1   3  -2  -2  -4  -2  -1  -3  -4   0   1   1  -5  -4  -3    3   0  24  15   0   0  28   2   0   0   5   2   0   0   4  10   7   0   0   0  0.53 0.25
   11 V    -1   0  -1  -1  -3   0   1  -3   2   0   0   0   0   1  -3   2   1  -3  -1   1    2   5   0   3   0   2  10   0   7   2  12   6   2   7   0  19  10   0   0  12  0.12 0.13
   12 L    -1  -2   1  -2  -3  -2   1  -3  -3  -1   1   0   2  -3   3   2   1  -4  -3   1    3   0   7   0   0   0   9   0   0   2  15   6   7   0  13  19   8   0   0  11  0.23 0.18
   13 R    -1   5  -3  -3  -5   4   3  -4   1  -5  -5   3  -4  -5  -2  -1  -3  -5  -4  -5    5  34   0   0   0  18  16   0   3   0   0  18   0   0   2   4   0   0   0   0  0.89 0.39
   14 E     0  -1   0  -1  -4   3   1  -2   2  -1  -1   1  -2  -4   4  -1   1  -4  -3  -1    6   2   6   1   0  17   7   2   6   5   6   8   0   0  19   3  10   0   0   3  0.35 0.22
   15 C    -4  -6  -6  -7  12  -6  -7  -6  -6  -5  -5  -6  -5  -6  -6  -5  -5  -6  -6  -5    0   0   0   0  94   0   0   0   0   0   1   0   0   0   0   0   0   0   0   0  3.98 1.02
   16 G     1  -1   1  -2   3  -2  -3   5  -1  -5  -5  -3  -4  -3  -1   0  -2  -5  -4  -4   14   4   7   1   6   2   0  51   1   0   1   0   0   1   3   6   2   0   0   0  0.85 0.36
   17 C    -5  -7  -6  -6  11  -6  -1  -6  -6  -5  -5  -6  -5  -6  -6  -1  -5  -6  -6  -5    0   0   0   0  87   0   4   0   0   0   0   0   0   0   0   5   0   0   0   0  3.56 1.01
   18 K    -2   2  -3  -4  -5  -2  -3  -5  -4  -5  -5   7  -4  -6  -1   0   2  -6  -5  -5    2   9   0   0   0   0   0   0   0   0   0  64   0   0   4   7  13   0   0   0  1.37 0.62
   19 G    -4  -2  -4  -5  -6  -5  -6   7  -6  -1  -7  -5  -6  -6  -6   0  -5  -6  -6  -6    0   3   0   0   0   0   0  86   0   4   0   0   0   0   0   6   0   0   0   0  2.08 0.78
   20 I     0  -2  -2  -6  -1  -2  -5  -6  -1   6  -1  -1  -2  -1  -5  -4  -4  -5   1   3   10   3   2   0   1   1   0   0   2  52   2   4   0   2   0   0   0   0   5  15  0.91 0.47
   21 R    -5   8  -4  -5  -7   0  -4  -6  -4  -7  -6   2  -5  -7  -6  -2  -5  -6  -6  -6    0  82   0   0   0   4   0   0   0   0   0   9   0   0   0   3   0   0   0   0  2.27 0.85
   22 T    -1  -1  -2  -4   3  -4  -4  -3   1  -4  -4  -2  -4   4  -5   2   4  -3   4  -2    4   3   1   0   5   0   0   2   3   0   0   2   0  16   0  16  30   0  15   2  0.75 0.48
   23 C     0  -9  -8  -9  11  -8  -9  -8  -8  -7  -3  -8  -7  -8  -8  -6  -6  -8  -8  -6    8   0   0   0  89   0   0   0   0   0   3   0   0   0   0   0   0   0   0   0  3.94 1.34
   24 L     1   0  -4  -2  -4  -2  -4  -2  -4   0   5   0  -1  -1  -2  -1  -2  -4  -1  -1   11   5   0   2   0   2   0   2   0   5  52   6   0   2   2   5   2   0   2   2  0.54 0.39
   25 I    -1  -1  -3   0  -3  -1  -3  -4   1   3   2   1   1   1  -4  -1  -1  -4  -3   1    5   3   0   5   0   3   0   0   3  21  25   9   4   6   0   4   2   0   0   8  0.30 0.25
   26 C    -3  -7  -7  -7  11  -2  -7  -7  -7  -6  -3  -7  -6  -7  -7  -3  -5  -7  -7  -6    2   0   0   0  88   3   0   0   0   0   2   0   0   0   0   2   0   0   0   0  3.78 1.33
   27 E    -2  -4   2  -1   3   1   6  -5  -4  -3  -3   1  -5  -6  -5  -4  -1  -6  -5  -5    3   0   8   3   6   6  56   0   0   2   3   8   0   0   0   0   3   0   0   0  1.18 0.69
   28 R     1   4   0   0  -4   1   1   0   1  -4  -4   2  -3  -4  -2   0   1  -4  -4  -2   11  21   4   5   0   5   9   8   3   0   1  11   0   0   2   5  10   0   0   3  0.34 0.29
   29 Q    -1  -2   0   2   0   1   2  -1  -1   0   0   0  -2   0  -1   0   0  -3  -1   1    4   0   3  10   2   6  16   3   1   4   9   5   0   4   3   8   4   0   1  15  0.10 0.16
   30 R     0   3   1  -1  -4   0  -1  -1  -3  -1  -1   3  -1   2  -3  -1   1  -3   1  -2    6  18   6   3   0   3   4   4   0   3   5  19   2  10   0   3   8   0   4   2  0.27 0.26
   31 G     0   1   3  -1  -2  -1  -1   2   2  -2  -3   1  -3  -4   0  -1   0  -4  -1   0    7   9  14   3   1   2   4  19   5   1   2  10   0   0   6   3   5   0   2   8  0.24 0.24
   32 S     0   1   0  -2   0  -1  -1  -2  -3   1   1   2  -1  -1   0   0   0  -4  -1   0   10   9   4   2   2   2   3   2   0   9  18  14   0   2   4   8   4   0   2   6  0.11 0.16
   33 D     0   1   1   2  -4   2   1  -2   1  -2  -1   1  -3  -4  -2   1   1   0  -3  -1    6   7   7  13   0   8   7   3   3   2   6  11   0   0   2  10  10   1   0   5  0.19 0.20
   34 P    -2   1   0  -3   1  -1   0  -4  -3  -2   1   1   0   0   4   0  -1  -4  -1  -2    2   9   5   0   4   3   6   0   0   2  17  10   2   4  19   9   3   0   2   3  0.30 0.28
   35 P    -1   1   1  -1   1   1   0  -1   1   1  -1   0  -2   0   3   0   1  -4  -3  -1    5   8   8   3   3   6   5   4   3   9   4   6   0   5  13   5   9   0   0   4  0.14 0.17
   36 W     0   1   1   0   1   0   0  -1   1  -1   0   0  -1   0   0   1  -1   5  -2  -1    8   7   6   5   3   5   6   5   3   4   8   5   2   5   4  10   3   8   0   3  0.10 0.14
   37 E     0   0   0   0   0   2   2  -2   0  -1  -1   1  -2  -1   0   0   0  -3   0  -1    6   6   4   5   3  10  13   3   3   4   8   7   0   2   5   8   6   0   4   5  0.09 0.12
   38 L     0   0   0   1  -3  -1   0   0   2   0   0   1  -2   1  -3   0   0  -3   0  -1    9   5   3   9   0   2   7   7   5   6  11   9   0   7   0   7   6   0   4   3  0.06 0.11
   39 P    -1   0   1   2   1   1   1  -3   0  -2  -1   1   0  -2   2  -1  -1   1  -1  -1    4   4   7  13   4   6   8   0   2   2   7   7   2   2  12   4   4   2   2   6  0.17 0.19
   40 P    -1   0  -1  -1   0   2   1  -2   2  -3  -1   1   0   0   2   1  -1   1   1   0    4   5   3   3   3   9   8   3   6   0   5   7   2   4  11  10   3   2   5   6  0.14 0.18
   41 A     0   0   0   0   1   1   0  -1   1  -1  -1   0   0   0   1   0   0  -3   1  -1    6   4   6   6   3  10   4   5   5   4   7   5   3   4   7   9   5   0   5   4  0.05 0.08
   42 K     0   0   1   0  -3   0   1   0   1  -1  -1   1   1   0   0   0   0   2  -2  -1    5   5   7   5   0   4   9   6   4   4   5  11   4   4   5   5   5   3   0   6  0.07 0.10
   43 T     0  -1   0  -1   2   0   0  -3   1   0   0   1   0   0  -1   0   0  -2   2   0    7   3   4   2   6   5   7   0   3   6   9   8   2   4   3   9   6   0   8   6  0.06 0.11
   44 Y    -1   1   0  -1   1   1   0  -2   2  -1  -1   1  -2   0   0   0  -1   2   2   0    5   7   4   3   4   6   5   3   7   4   6   7   0   4   5   6   4   3   9   9  0.08 0.12
   45 R     0   0   0   0   2   1   0  -2   2   0  -1   0  -1   0   1   0   0  -2   1   0    6   6   6   6   6   6   6   0   6   6   6   6   0   6   6   6   6   0   6   6  0.06 0.09
   46 F    -2  -3  -4  -2   3  -4  -4  -3  -3  -1   0  -2   0   6  -4  -1  -1   2   6  -1    3   1   0   3   6   0   1   2   0   3   7   2   2  31   0   5   3   2  25   4  0.83 0.40
   47 I    -1  -2  -2   0   2  -2  -1  -1   0   2   0  -1   0   0  -2  -1   1  -3  -1   3    4   2   0   6   4   1   3   5   2  16   5   4   2   4   2   4  10   0   2  23  0.15 0.15
   48 Y    -3  -1  -4  -2  -5  -2  -1  -5   1  -2  -1  -4  -3   4  -5  -2  -3   1   7  -3    2   3   0   3   0   2   4   1   3   2   6   0   0  18   0   4   2   1  46   1  1.22 0.54
   49 C    -3  -5  -4   0   9  -4  -3  -4  -1  -4   0   1  -4  -3  -5   1  -2  -5  -3  -1    1   0   0   5  49   0   2   1   2   0   9   8   0   1   0  12   3   0   1   4  1.52 0.63
   50 S     1  -2   1   0   0  -3  -2  -1   2  -1  -2  -2  -2  -1   5   2  -1   0  -1  -2   10   2   6   5   2   0   2   3   5   4   3   1   1   3  27  17   4   1   2   3  0.44 0.28
   51 D    -1   1   1   2  -4   2   2  -2   0  -2  -1   2  -2  -2  -1   0  -1   1   0  -2    5   7   6  13   0   8  11   2   3   3   7  12   0   2   2   7   3   3   3   2  0.17 0.15
   52 T    -1   1  -1  -1   8  -3   0  -5   0  -1  -3  -2  -3  -5   1   0   2  -5  -2  -2    4   8   3   3  32   0   7   0   2   4   2   1   1   0   7   7  14   0   2   2  0.79 0.44
   53 G     1  -1   0   1   1   1   0   4  -2  -4  -3   0  -4  -3   0   0  -3  -4  -2  -2   11   3   4   7   3   6   4  36   1   0   2   7   0   1   4   6   0   0   2   2  0.44 0.29
   54 W     0   1  -1  -3  -3  -1  -2  -2   2  -1  -1   2  -1   1  -2   0  -2   8  -2  -1    6   8   3   1   0   2   1   3   5   5   7  13   2   5   2   9   2  21   1   4  0.53 0.33
   55 A     2   0   0   2   2  -1   0  -2  -3   0  -2   0  -2   0   2   0  -1  -4  -2  -1   25   4   3  12   4   2   5   2   0   5   3   7   1   4   9   7   3   0   1   3  0.18 0.19
   56 V     0  -1  -1  -1  -1   0  -1  -3  -1   1   0  -1   0   2  -2  -1   0   2   0   2    9   3   3   3   1   4   3   1   2   7   9   3   2   9   1   4   7   4   3  21  0.10 0.12
   57 G     1  -1   2   2   0  -2  -1   2  -3  -2  -2   0  -2   0   0   1   0  -4  -1   0   11   4   9  14   3   0   1  14   0   1   3   5   1   4   4  11   5   0   2   7  0.15 0.17
   58 T     1   0   0   3  -1   1   1  -1   0  -2  -2   0   0  -4  -1   1   2  -4  -3  -2   13   4   4  16   1   7   7   5   2   2   3   6   2   0   2  11  13   0   0   2  0.20 0.19
   59 E    -1  -1   0   2   1   0   3  -2   1  -2  -2   0  -1  -3   0   0   0  -1  -2  -1    5   3   4  10   3   2  25   3   3   2   4   6   1   1   4   8   7   1   1   6  0.22 0.21
   60 E    -1  -1  -1   0   3   3   2  -2   4  -1  -2   1   0  -2   1   0  -1  -4  -2  -2    4   3   2   4   6  14  11   3  12   3   3   8   2   2   6   8   4   0   1   3  0.25 0.23
   61 S     0   0   1   1  -3  -2  -1   0   1  -3  -2   0  -3  -5   3   3   0  -5  -4  -3    6   4   6   9   0   1   3   6   3   1   4   7   1   0  14  27   5   0   0   2  0.37 0.30
   62 D    -2  -1   2   4  -3  -2   2  -1   4  -1  -2   0  -1  -2  -3   1  -1  -5  -2  -1    3   2   9  25   1   1  12   4  10   3   3   5   1   1   1  11   3   0   1   4  0.41 0.30
   63 F    -1  -1   1   0  -2  -2  -1  -2   5   0   1  -2  -2   4   0  -1  -1  -4   0  -1    6   3   7   6   1   1   3   3  17   4  13   1   0  17   4   5   3   0   2   5  0.30 0.25
   64 E    -1   0  -1   1  -1   1   3  -2   2  -2  -1   0  -2  -1   1   1   0  -1  -2  -3    6   5   3   6   1   6  23   2   6   3   5   4   1   3   6  10   6   1   1   1  0.21 0.22
   65 G     1   1   0   0   0  -1   0   3  -1  -2  -3  -1  -2  -2  -2   1   0  -4  -4  -2   13   8   4   6   2   3   5  26   1   2   2   2   1   2   2  13   5   0   0   3  0.28 0.23
   66 W     0   0  -1   1   0   1   2  -1   2  -2  -2   0  -2  -2   0   1   1   3  -1  -2    7   6   2   6   2   6  16   4   5   3   3   6   1   1   4  10   8   4   2   3  0.16 0.16
   67 A     3  -1   1  -1   2  -1  -1   1  -1  -1  -3  -1  -2  -4   1   2   0  -4  -1  -2   23   3   6   3   5   2   4  12   2   4   2   2   1   0   8  13   6   0   2   3  0.25 0.22
   68 F    -1  -3  -2  -3   0  -3  -1  -3  -2   2   2  -1  -1   3   1  -1   0  -1  -1   1    3   1   2   1   2   0   4   1   1  15  21   4   1  15   7   5   5   1   1  10  0.25 0.21
   69 P    -1   0   0   0  -2  -2   2  -2   0  -3  -3  -2  -5  -4   6  -1  -1  -6  -3  -2    4   5   4   5   1   1  14   3   2   2   2   2   0   1  41   5   3   0   1   3  0.85 0.49
   70 F    -3  -3  -4  -4  -3  -5  -5  -6  -3   5   2  -4  -1   3   1  -4  -3  -5  -2   3    2   1   1   1   0   0   0   1   1  28  19   1   1  12   7   1   1   0   1  21  0.79 0.41
   71 P    -2  -4  -1   1  -7   0   1  -3  -2  -6  -6  -2  -7  -6   7  -1  -6  -8  -7  -6    4   1   3   7   0   4   9   2   1   0   1   2   0   0  60   5   0   0   0   1  1.69 0.87
   72 G    -4  -7  -4  -3  -8  -5  -4   7  -5  -8  -7  -5  -8  -8  -7  -2  -1  -8  -8  -6    1   0   1   2   0   0   1  84   0   0   1   1   0   0   0   4   4   0   0   1  2.31 1.06
   73 V    -3  -7  -7  -8  -3  -3  -7  -7  -3   3   5  -7   0   2  -7  -6  -5  -3  -3   3    3   0   0   0   1   1   0   0   1  13  53   0   2   7   0   0   0   0   1  16  1.25 0.65
   74 M    -2   2  -3  -4   0  -1   0  -6   3   1  -1  -1  -1   3  -5  -2   1   1   5   0    4  10   1   1   2   3   6   0   6   8   5   4   1  11   0   3   8   2  18   7  0.42 0.31
   75 L    -6  -6  -8  -8  -2  -5  -7  -7  -2   2   4  -6  -2   0  -8  -6  -4  -1   7   2    0   0   0   0   1   1   0   0   1  11  32   0   1   3   0   0   1   1  31  15  1.36 0.71
   76 I    -3  -3  -6  -5   0   0  -3  -6   3   5   1  -2  -3   2  -6  -5  -4   1   2   3    2   2   0   1   2   4   2   1   6  30  12   3   0   8   0   1   1   2   6  17  0.74 0.44
   77 E    -2   0  -2   0  -7  -1   3  -5   1  -6  -3   0  -3  -4   6  -1   0  -7  -2  -5    4   6   2   6   0   2  16   1   3   0   4   7   1   1  37   4   5   0   2   1  0.88 0.58
   78 D    -5  -3   5   6  -4  -2   3   0  -1  -9  -7  -4  -8  -9  -7  -3  -6  -9  -8  -8    1   1  23  45   0   2  15   7   1   0   1   1   0   0   0   2   0   0   0   0  1.60 0.85
   79 F     0  -6  -9  -9  -4  -9  -7  -7  -5  -1  -2  -9  -6   9  -9  -7  -6   3   2   0    7   1   0   0   1   0   1   1   0   3   4   0   0  67   0   0   0   3   6   6  2.30 1.06
   80 V    -5  -8  -9  -6  -2  -8  -9  -9  -9   6   3  -8  -5   1  -8  -8  -4  -8  -7   4    1   0   0   1   1   0   0   0   0  45  24   0   0   6   0   0   1   0   0  22  1.67 0.81
   81 T    -4  -5   1   2  -7  -4  -3  -4  -4  -6  -6  -5  -7  -8  -1   5   5  -8  -5  -7    1   0   6  10   0   1   2   1   0   0   1   0   0   0   3  40  34   0   0   0  1.39 0.87
   82 R     1  -1  -2  -1  -2   0   4  -4   0  -3  -3   0  -3  -5   3  -1  -3  -7  -3   0   10   4   2   4   1   4  30   2   2   2   3   5   1   1  16   5   2   0   1   6  0.55 0.44
   83 E     2  -2  -2   3  -3   0   5  -3   0  -4  -5   0  -4  -7  -4   0  -1  -2  -4  -4   15   2   2  15   1   5  36   2   2   1   1   4   0   0   1   7   4   1   1   1  0.77 0.55
   84 E    -5  -4  -4   0  -4   1   7  -6   0  -3  -4  -4  -1  -3  -8  -6  -3  -9  -2  -3    1   1   1   5   0   6  68   1   2   2   2   1   1   1   0   0   2   0   2   2  1.79 1.01
   85 E     0  -5  -7  -4  -2   2   7  -4   1  -6  -6  -4  -4  -9  -5  -3  -7  -9  -8  -5    8   1   0   1   1   9  69   2   3   1   1   1   0   0   1   2   0   0   0   1  1.96 1.09
   86 A     2   1   0   1  -2   3   2  -3  -3  -4  -4   2  -1  -4  -4   1  -1  -7  -3  -4   17   8   4   9   1  11  14   2   1   1   2  11   2   1   1   9   4   0   1   1  0.42 0.36
   87 E     2   1  -1   0  -2   1   3  -4   0  -2  -1   1   0  -1  -5   0  -1   1   2  -3   15   7   2   6   1   7  16   1   2   2   6   9   2   2   0   8   4   2   6   1  0.26 0.26
   88 L    -3 -10 -10 -10  -2  -9  -6 -10 -10   3   6  -6   3  -1 -10 -10  -4   1  -4  -1    2   0   0   0   1   0   1   0   0  16  62   1   5   3   0   0   1   2   1   4  1.72 0.84
   89 V    -2  -4  -5  -6  -3  -4  -5  -6  -3   4   5  -5   2  -1  -9  -5  -2   1  -2   2    4   1   1   1   1   1   1   1   1  19  42   1   4   3   0   1   3   2   1  13  1.04 0.55
   90 R     2   2   1   2  -3   2   3  -3   2  -6  -7   2  -4  -5  -8   1  -1  -9  -5  -8   14   9   6  10   1   8  17   2   4   1   1  10   1   1   0  11   4   0   0   0  0.58 0.43
   91 L     1  -1   0  -3   2   2   2  -3   1  -1   0   0   0   1  -6   0  -1   2  -1  -3   12   4   5   1   4   8  13   2   3   4  11   6   2   5   0   8   5   3   2   2  0.19 0.18
   92 M    -2  -9  -5  -9   2  -9  -9  -6  -9   6   3  -9   2   1  -9  -6  -4  -2  -3   3    4   0   1   0   3   0   0   1   0  36  22   0   4   6   0   1   1   1   1  19  1.32 0.65
   93 D    -2  -1   1   6  -1  -1   2  -3   1  -5  -5  -2  -3  -4  -3  -1  -3  -8   3  -6    4   4   6  36   1   3  14   3   3   1   2   3   1   1   2   5   2   0   8   1  0.89 0.57
   94 R     2   1   1   0   0   1   1  -1   0  -4  -4   1  -3  -3  -1   2   0   0  -4  -4   14   8   7   6   2   6   8   4   2   1   2   8   1   1   3  16   5   1   1   1  0.27 0.25
   95 D     1   0   0   1   0   1   1  -1   1  -2   0  -1  -1  -3   0   0  -1  -1  -1  -1   12   6   5   9   2   6  10   5   3   3  10   4   1   1   4   7   4   1   3   5  0.08 0.10
   96 P     0  -1   0   0  -2   0   1  -1   0  -3  -1   0  -1  -3   5  -1  -1  -2  -2  -1    7   3   4   6   1   4   8   6   2   2   6   5   2   1  28   5   4   1   2   4  0.43 0.35
   97 W    -1   0  -4  -2   0   1  -2  -2  -3  -4  -1   0  -7   2  -3  -3  -3  10  -1  -3    5   5   1   2   2   6   3   4   1   1   6   6   0   7   2   3   2  40   2   2  1.59 0.84
   98 K    -2   2  -2   1   0   2  -1  -4  -1  -3  -3   3   0   0  -1   1  -2   7  -3  -1    4  10   2   7   2   8   5   2   1   2   3  15   2   4   3  10   3  12   1   5  0.47 0.33
   99 L    -2  -1   1  -1  -2   1   1  -1   0   0   0  -1   1  -2   2   0   1   2   0  -1    3   3   6   4   1   6   8   5   3   5  10   4   3   2  11   6  10   3   3   5  0.11 0.13
  100 S     0   1   0   0   0   1  -1  -1   0  -3  -2   0   0   0   0   3   1  -6  -1  -2    7   8   4   6   2   5   5   5   2   1   4   5   2   4   5  18  10   0   2   4  0.16 0.17
  101 Q    -2   2  -1  -2  -1   2   0   0   1  -2   2   0   0  -1  -1  -2  -1   2   0  -1    3  12   3   2   1  10   7   7   4   3  17   5   2   2   3   4   4   3   3   4  0.19 0.17
  102 S    -1   1   0  -1  -1   0  -2   1   1   0   0   2   0  -1  -2   1   0   0   1  -2    6   6   4   4   1   4   2  10   3   5   8  13   3   3   2  13   5   2   4   2  0.12 0.12
  103 G    -1   2   2  -1   0   1  -3   2   4  -2  -2   0   1  -1  -1  -2  -1   1  -2  -2    5  11   9   4   2   5   2  15  10   2   4   6   3   2   4   3   5   2   2   3  0.28 0.22
  104 R     0   6   0  -2   2  -1  -2  -1   1  -2  -3  -1  -7  -7  -1  -2  -2   3   0  -2    7  37   4   3   4   3   3   5   3   3   3   4   0   0   3   3   3   3   4   3  0.75 0.47
  105 R    -1   0   0   0   2   0   0  -1   2   0  -1   0   2   1   0  -1   0   4   1  -1    5   5   5   5   5   5   5   5   5   5   5   5   5   5   5   5   5   5   5   5  0.09 0.08
  106 K     0   0  -1  -1   0   0   1  -1   0   0   1   1   1  -1  -3   0   1  -3  -2   1    6   4   3   3   3   4   8   5   3   5  12   8   4   3   0   5  10   0   0  14  0.06 0.12
  107 Q     0   0  -1  -1   1   5  -1  -2   1   0  -1   1   3   0  -7  -2  -1  -7   0   0    7   4   3   3   3  22   4   3   3   6   5   8   6   4   0   4   3   0   4   6  0.39 0.29
  108 D    -1   0   0   0   2   0   0  -1   2   0  -1   0   2   1   0  -1   0   4   1  -1    5   5   5   5   5   5   5   5   5   5   5   5   5   5   5   5   5   5   5   5  0.09 0.08
  109 Y    -1  -1  -2  -5   0  -1  -4  -2   3   0  -2  -2  -3   4   1  -1  -1   6   5  -2    4   3   2   0   2   3   0   3   8   5   4   3   0  16   8   4   4  10  19   2  0.59 0.42
  110 G    -2  -1  -1   0  -5  -4  -1   5  -4  -1  -3  -1  -4   0   1  -2  -2   5  -1  -2    3   4   3   5   0   0   4  43   0   4   3   3   0   3   7   3   2   9   2   2  0.68 0.46
  111 P    -1   0   0   0   2   0   0  -1   2   0  -1   0   2   1   0  -1   0   4   1  -1    5   5   5   5   5   5   5   5   5   5   5   5   5   5   5   5   5   5   5   5  0.09 0.08
  112 K     0   2  -1   0   1   0   2  -3   1  -1  -2   2   0  -2   0  -1   0   0  -2   0    7  11   4   5   3   4  11   2   4   4   4  12   2   2   4   4   7   2   2   8  0.15 0.15
  113 V    -1  -2  -1  -2   1  -1  -1  -2   1  -1  -1  -2   1   5   0   0  -1   2   3   1    5   3   3   3   3   3   4   4   3   3   6   3   4  18   5   6   4   2  10   8  0.31 0.22
  114 N     0   0   0   0   2   0   0  -1   1   0  -1   0   1   0   0   0   0  -2   1   0    5   5   5   5   5   5   5   5   5   5   5   5   5   5   5   5   5   0   5   5  0.03 0.05
  115 F    -1   0   0   0   2   0   0  -1   2   0  -1   0   2   1   0  -1   0   4   1  -1    5   5   5   5   5   5   5   5   5   5   5   5   5   5   5   5   5   5   5   5  0.09 0.08
  116 R     0   0   0   0   2   0   0  -1   1   0  -1   0   1   0   0   0   0   3  -2   0    5   5   5   5   5   5   5   5   5   5   5   5   5   5   5   5   5   5   0   5  0.05 0.09
  117 K     0   1   1  -2   1  -1  -1   0   0   0  -2   2  -2  -2  -1   1   2   1   1  -1    7   6   6   3   2   3   3   7   2   5   3  12   1   2   3  10  13   2   4   4  0.13 0.15
  118 Q    -2   4   3  -1  -2   2  -2  -2  -1  -2  -2   1   2  -1   1  -3  -2  -1  -1  -3    4  23  11   4   1  10   3   3   2   2   4   7   4   3   8   3   3   1   3   2  0.45 0.35
  119 K    -1   2   1   0   0   0   1   0   3  -1  -1   2  -1  -2  -1   0   0   1  -1  -2    5  10   6   4   2   4  10   6   6   4   6  12   2   2   3   7   6   2   2   2  0.14 0.13
  120 L     0  -1  -1  -2   1  -1  -2  -1   2   1   1  -2   1   0   0   0  -1   2   0   2    7   3   3   3   3   3   3   6   4   8  14   3   4   3   4   6   4   3   3  15  0.10 0.09
  121 K    -1   0   0   0   2   0  -1  -1   2   0  -1   0   2   0   0  -1   0   3   1  -1    5   5   5   5   5   5   5   5   5   5   5   5   5   5   5   5   5   5   5   5  0.03 0.09
  122 T     0   0  -1   0   1   0   0  -1   0  -1  -1   0   1  -1   3   0   0   1  -1   0    6   4   3   5   3   4   6   5   2   3   7   6   4   3  12   7   6   2   2   6  0.04 0.10
  123 E    -1  -1   0   2  -1  -1   1   0   0  -2  -2   1   2  -2   0   1  -1   1  -2  -2    6   4   4  12   1   3  10   7   2   2   4   9   5   2   5  10   4   2   2   3  0.11 0.17
  124 G     0   0   0   0   1   0   0   0   1  -1  -2   0   1   0   1   0   0   2   0  -1    8   6   5   6   3   5   6   6   3   4   4   7   4   3   6   7   5   3   3   4  0.02 0.06
  125 F    -1   0   0   0   2   0   0  -1   2   0  -1   0   2   1   0  -1   0   4   1  -1    5   5   5   5   5   5   5   5   5   5   5   5   5   5   5   5   5   5   5   5  0.09 0.08
  126 C    -1   0   2   0  -2   0   2  -2   0  -2   1  -1  -1  -2   2   0   0  -2  -2  -2    5   5   9   6   1   4  11   4   2   3  16   4   1   1  10   6   6   1   2   3  0.14 0.14
  127 G     0  -2  -1   1  -3  -3  -1   3  -2  -3  -3  -1  -2  -3   5  -2  -2  -2  -4  -2    8   2   4   7   1   2   4  21   1   2   3   4   1   1  28   4   3   1   1   3  0.63 0.44
  128 L    -4  -3  -4  -4  -7  -3  -3  -5  -1   4   4  -4   4   3  -2  -5  -4  -1  -1  -1    2   2   1   2   0   2   2   1   2  17  36   2   9  10   3   1   1   1   2   4  0.87 0.46
  129 P    -2  -4  -2  -4  -2  -3  -4  -5  -8  -5  -3  -4  -3  -8   8  -3  -4  -8  -3  -5    3   1   2   1   1   2   1   1   0   1   3   2   1   0  73   3   1   0   1   1  2.27 1.23
  130 S     0  -2  -1   3  -2   1   2  -3   1  -4  -2   0  -6  -3   3   2  -1  -1  -3  -3    8   2   2  13   1   5  11   3   3   1   4   6   0   1  14  15   5   1   1   3  0.35 0.32
  131 F    -2  -3  -3  -4  -1  -2   1  -5  -2   0   0  -2   0   4  -4  -2  -2   9   3  -1    4   2   2   1   1   2   8   1   1   5   8   3   2  15   1   3   3  23   8   5  0.99 0.58
  132 S     0  -4  -2  -4   5  -4  -4  -4   0   1   4  -4   1   1  -2   0  -1   0  -1   0    8   1   2   1   9   1   1   2   2   7  31   1   3   6   2   7   4   1   2   6  0.49 0.32
  133 R     0   2   1   1  -1   2   0  -2   1  -1  -1   2   0  -3  -1   0   0   0  -2  -2    7  10   6   8   1   8   7   3   4   4   6  10   2   1   4   8   6   1   1   2  0.14 0.14
  134 E    -1   0   1   0   0   2   1  -2   0  -1  -2   0   0   1   2  -1   0   1   0   0    6   5   5   5   2   7  10   3   2   3   4   5   2   6  11   5   5   2   3   6  0.10 0.14
  135 V    -2  -1  -6  -2   1  -1  -2  -2   0   3   2  -2   2   1  -2  -2  -2   2   2   1    4   3   0   3   3   3   3   3   3  16  21   3   4   5   3   3   3   3   6  10  0.31 0.20
  136 V    -1   0   0   0   2   0   0  -1   2   0  -1   0   2   1   0  -1   0   4   1  -1    5   5   5   5   5   5   5   5   5   5   5   5   5   5   5   5   5   5   5   5  0.09 0.08
  137 R     0   1   1   3  -1   1   2  -3   0  -2  -3   1  -1  -2   1   0   0   0  -3  -3    7   8   5  14   1   7  13   3   2   3   3   8   2   2   6   6   7   1   1   2  0.23 0.22
  138 R    -2   6  -1  -1  -1   0  -2  -4   0  -1  -2   3  -1  -3  -1  -2  -1  -8  -3  -3    4  37   3   4   1   4   3   2   3   4   5  14   2   2   3   4   4   0   1   2  0.80 0.51
  139 M    -1   0  -2  -1   1  -1  -1  -3  -6   3   2  -2   4   1  -2  -2  -1   2  -1   0    6   5   2   5   3   3   4   2   0  13  19   3   9   5   2   3   4   2   2   7  0.26 0.18
  140 G     0   0   0   0   1   0   0   0   2  -1  -1   0   0   0   0   0   0   1   0   0    9   6   5   4   3   4   5   7   5   4   6   6   3   5   5   6   5   2   3   7  0.02 0.02
  141 L    -1   0   0   0   2   0   0  -1   2   0  -1   0   2   1   0  -1   0   4   1  -1    5   5   5   5   5   5   5   5   5   5   5   5   5   5   5   5   5   5   5   5  0.09 0.08
  142 Y    -1   2  -1   0   0   0   0  -2   1   0   0   0   0   1  -2  -1   0   4   1   0    5  11   3   5   2   3   7   3   4   4  10   6   2   6   3   4   6   5   4   6  0.09 0.10
  143 P    -1  -1   0   0   0   0   1   0   2  -2  -2   1   0  -1   3   0   0   1  -1  -2    6   3   4   6   2   4   8   8   4   2   5   8   3   3  13   8   5   2   2   3  0.12 0.14
  144 G    -1  -1  -1  -1  -1  -1   0   3   1   0   0   0  -2   0  -1  -2  -1  -1  -1   1    5   3   3   3   2   3   7  23   3   6   8   6   1   4   4   4   4   1   2   9  0.17 0.14
  145 L    -1  -1  -1  -1   1  -1  -1  -2   1   1   2  -1   1   2  -1  -1  -1   2   1   0    6   4   3   4   3   3   3   4   4   7  18   3   4   8   3   4   4   3   5   6  0.11 0.08
  146 E    -1   0   0   0   2   0   0  -1   2   0  -1   0   2   1   0  -1   0   4   1  -1    5   5   5   5   5   5   5   5   5   5   5   5   5   5   5   5   5   5   5   5  0.09 0.08
  147 G     0  -2   1   2  -2   1   1   2   0  -3  -2  -1  -1  -3   2   1   0  -6  -3  -3    7   3   5  12   1   5   8  14   3   2   4   4   1   1  10   9   6   0   1   2  0.24 0.22
  148 F     0  -2   0   0   0   0   1  -1   3  -1  -1   0  -1   3  -1   0   0   2   2   0    8   2   4   5   2   4   8   4   6   3   6   5   1  12   4   7   5   3   7   6  0.14 0.12
  149 R     0   2  -2   0   2   0   0  -2   0   0  -2   0   1   1   2   0  -1  -1   0   0    8  10   2   5   4   5   5   3   2   5   4   6   3   6   9   6   4   1   3   8  0.09 0.09
  150 P    -2  -1  -1  -1   2  -1  -1  -4   1   0  -2  -3   0   0   6  -3   0   2  -2  -1    4   4   3   4   3   3   4   2   3   5   5   2   2   4  33   2   6   2   1   5  0.62 0.43
  151 V    -1  -1   3   1   0   0  -1  -2   0   0   0  -1   0   2   1  -1  -1   2   0   0    5   2  15   7   2   4   3   2   2   5   8   4   2   9   8   4   3   3   3   8  0.11 0.14
  152 E    -1   1   2   2  -4   3   2  -3   3  -1  -2   0   0  -4   0  -1   0  -4   0  -1    4   6   9  13   0  13  12   0   7   4   4   3   3   0   4   4   4   0   4   3  0.26 0.26
  153 Q     0   0   0   0   2   0   0  -1   1   0  -1  -1   1   0   0   0   0  -2   1   0    5   5   5   5   5   5   5   5   5   5   5   0   5   5   5   5   5   0   5   5  0.00 0.09
  154 C    -2  -1  -1  -2   6  -2  -5  -3   0   1   2  -3   0  -1  -1   0   2   0  -1   1    3   3   3   2  15   1   0   2   2   8  20   2   3   2   3   6  14   1   2   9  0.39 0.30
  155 N     0  -3   0  -1   0  -1  -2  -2   1   2   1  -1   0  -1  -1  -1   0  -4  -1   3    6   0   4   4   2   2   2   2   4  14  11   3   2   2   3   4   6   0   3  24  0.21 0.21
  156 L    -2  -1   5  -7   2   1  -7  -1   1   0   1  -7   1   0  -1  -2   0  -8  -7   0    4   4  27   0   3   7   0   5   3   6  14   0   3   4   3   4   7   0   0   6  0.60 0.37
  157 D    -2   0   3   1   1   0   2  -2   1   0   0  -1   0  -1  -2  -2   0   2   0  -1    3   5  13   7   3   5  13   3   3   6   9   3   3   3   3   3   6   3   4   4  0.18 0.14
  158 Y    -4  -2  -4   0  -5  -1  -1  -5   1   0   0  -1   0   0  -5  -2  -1   2   7  -1    0   3   0   5   0   3   5   0   3   5  10   4   2   3   0   3   3   2  45   3  0.93 0.57
  159 C    -2   0  -1   0   0   0   1  -3   1  -1   0  -1  -1  -1   0  -2  -2   0   6  -1    4   6   2   6   2   3   9   3   3   4   8   3   1   2   6   3   3   1  26   5  0.40 0.30
  160 P     0   0   0   0   2   0   0  -1   1   0  -1   0   1   0   0   0   0  -2   1   0    5   5   5   5   5   5   5   5   5   5   5   5   5   5   5   5   5   0   5   5  0.03 0.05
  161 E     0   0   0   0   2   1   0   0   2   0  -1   0  -1  -2   1   0   0  -3   1   0    6   6   6   6   6   6   6   6   6   6   6   6   0   0   6   6   6   0   6   6  0.05 0.08
  162 R     0   0   0   0   2   0   0  -1   1   0  -1   0   1   0   0   0   0   3  -2   0    5   5   5   5   5   5   5   5   5   5   5   5   5   5   5   5   5   5   0   5  0.05 0.09
  163 G     0   0   0   0  -3   0   0   0  -2   0  -1   0   1   1   0   0   0   3   1   0    6   6   5   6   0   5   6   6   0   6   6   6   5   5   6   6   6   5   5   6  0.06 0.08
  164 S     1  -2   0   1   1   1   0   0   2   0  -1  -1   0   0   0   1   0  -3   0  -1   11   1   3   7   3   6   5   6   6   6   4   3   3   4   4  15   6   0   3   4  0.07 0.11
  165 A     0   0   0  -2   2   1   0   0   2  -2  -2   0   1   1   1   0   0   4   1  -1    6   6   6   0   6   6   6   6   6   0   1   6   6   6   6   6   6   6   6   6  0.12 0.17
  166 I    -1  -5  -3  -6  -5  -5  -5  -6  -1   7   1  -5   0  -1  -1  -3  -4  -5   1   0    6   0   2   0   0   0   1   1   2  54  11   0   2   2   4   2   1   0   5   5  1.21 0.47
  167 D     1  -2  -1   3  -1  -1   0   1  -1  -3   0  -1   2  -2   2   1  -2  -1  -2  -2   11   2   2  17   1   3   5  10   1   1   9   3   7   1   9  13   2   1   1   2  0.21 0.17
  168 P     0  -3  -3  -2  -1  -3  -3  -4  -1  -3  -1   0   0   0   6  -1  -3   4  -2  -4    8   1   1   3   1   1   2   1   2   1   7   6   2   4  44   5   1   5   2   1  0.98 0.44
  169 H    -6  -1  -5  -6  -7   3  -5  -6  10  -6  -6  -5   1  -1  -6  -6  -6  -6  -4  -6    1   3   0   0   0  10   0   1  69   0   1   0   4   3   0   1   0   0   0   1  2.88 0.96
  170 L     0  -1  -1  -3   1   0  -1  -1   2   2   1  -1   1   0  -3  -1  -1   2   0   1    7   3   3   1   3   3   4   3   6  12  19   3   3   4   1   4   4   3   3  11  0.08 0.08
  171 D    -1   2  -1   2  -2   0   1  -2  -1  -1  -1   0  -1  -1  -2   0   1  -1   2   0    1  15   1  15   0   1  15   1   0   1   1   1   0   1   1   1  15   0  15  15  0.14 0.05
  172 D    -1   1   1   1   3   0   0  -1   1  -1  -2   1  -2  -2   0   0   1  -2   2  -1    4   7   6  11   7   3   4   5   4   3   4  11   0   0   3   5   9   0  10   3  0.11 0.10
  173 A     0   0  -1  -2   3  -1  -1   0   4   0   0  -1   0   0   3  -1   0   1  -1  -1    6   6   2   2   8   2   3   7  12   5  10   3   2   4  14   3   5   2   2   4  0.20 0.16
  174 W     0   0   0   1  -4  -1   1  -1   1   0  -2  -1   0  -1   0   0   0   7  -1  -2    6   4   4   8   0   3  11   5   4   5   3   4   3   2   6   8   5  15   2   2  0.36 0.24
  175 L     1   1  -1  -2   3  -2  -2  -2  -1   1   1  -1  -1   1  -1  -1  -1  -3   2   0   13   8   3   3   7   1   2   3   1  10  12   3   1   7   3   5   2   0   7   6  0.11 0.11
  176 W    -2  -2  -5  -3   3  -5  -5  -4   0  -2  -1  -2   0   7  -6  -2  -5   7   3  -5    4   3   0   2   5   0   1   2   2   3   6   3   2  39   0   4   1  15   9   1  1.31 0.58
  177 G    -1  -2  -1   0  -5  -2   1   5   0  -3  -3  -2  -2  -3  -4  -1  -2  -5  -1  -2    4   3   2   6   0   2  10  50   2   2   3   3   1   1   0   4   3   0   3   3  0.77 0.43
  178 E    -3   2   0   4  -7  -2   3  -1  -1  -7  -5  -2  -6  -4   4   0  -2  -7  -6  -6    2  12   4  20   0   1  18   6   1   0   1   2   0   1  23   7   2   0   0   0  0.79 0.48
  179 R    -1   2  -1  -2   0   0  -1   0   0   0  -1  -1  -1  -1   2  -1   2  -1   0   1    4  14   3   1   2   3   3   9   2   5   4   3   1   2   9   4  13   1   3  14  0.14 0.17
  180 L    -3  -3  -8  -8   0  -7  -7  -8  -8   6   1  -7  -1   1  -7  -6  -2  -7  -5   4    2   2   0   0   2   0   0   0   0  46  12   0   1   6   0   0   3   0   0  26  1.42 0.65
  181 V     0  -2   0   0   2   0  -2   0  -2   0   0  -2   1   1   1   0   0   3   1   0    6   0   6   6   6   6   0   6   0   6   6   0   6   6   6   6   6   6   6   6  0.05 0.15
  182 S     0  -1   0  -1   1   0  -2   2  -3   1  -1  -2   1  -3   0   2   2  -4  -3   0    8   4   4   4   4   4   0  14   0  11   4   0   4   0   4  16  15   0   0   5  0.16 0.20
  183 L    -1  -1  -1  -4   1  -3  -3  -4  -3   3   3  -3   1   1  -4  -1  -1  -3   0   2    4   3   3   0   3   0   0   0   0  18  35   0   3   5   0   5   3   0   4  13  0.35 0.25
  184 N    -1  -1   2  -2   1  -2   0   0   1  -4  -4  -2  -3   0  -3   5   2  -4  -3  -3    4   3  10   0   4   0   5   5   3   0   1   0   0   5   0  47  11   0   0   0  0.57 0.39
  185 L    -2  -3  -4  -4   1  -3  -4  -4  -3   1   4  -3   2   2  -4  -3  -1  -2   1   0    3   0   0   0   3   0   1   1   0   6  56   0   5   9   0   1   3   0   5   6  0.62 0.32
  186 L     0   0  -1  -3   0  -1  -2   4  -2  -2   2  -2   0  -2  -4  -1  -2  -1  -3  -1    6   5   2   1   2   3   3  35   1   2  25   1   2   1   0   3   2   1   0   3  0.41 0.28
  187 S     1  -3   0  -1  -1  -2  -1   1  -2  -4  -5  -2  -4  -1  -1   5  -1  -1  -4  -3   10   1   4   2   1   1   4  11   1   0   1   1   0   2   4  52   2   1   0   1  0.73 0.46
  188 P    -1  -2  -1   3  -4   0   1   1   4  -2  -3   0  -2  -3   3   1  -1  -1  -2  -3    5   2   2  16   0   3   8   9  11   2   1   4   1   1  14  13   4   1   1   1  0.34 0.24
  189 T     1   1  -3  -2   6  -2  -3  -2  -1   0  -2  -1  -1  -3  -3   1   2   1  -2   1   11   7   0   1  21   1   1   2   2   7   3   3   1   0   0   9  14   2   1  10  0.42 0.30
  190 V     0  -1  -1  -2  -1  -1  -2  -3  -2   1   0  -2   0   0  -1  -2   0   0   0   4    8   4   3   2   1   2   2   1   1   8   8   2   2   4   3   2   6   1   3  35  0.26 0.23
  191 L     0  -2  -2  -3  -2  -2  -2  -2  -2   1   1  -2   2   2  -2   0  -1   5   2   1   10   0   0   0   0   0   1   1   0  10  10   1   9   9   0  10   1   9   9  10  0.14 0.12
  192 S    -1   1   0   2   0   1   1  -2   1  -1  -1   0   0  -1  -2   0   2   1   0   0    2   9   5  13   2   6   9   2   3   3   4   3   2   2   0   4  20   2   3   6  0.12 0.13
  193 M    -3  -1  -4  -4  -3  -3  -4  -4  -3   0   1  -3   4   6  -4  -2  -3   3   2   0    1   4   0   0   0   0   0   1   0   4  13   0  11  43   0   4   0   4   6   8  0.77 0.37
  194 C    -1   3  -2  -2  -1   1  -1  -2   2  -2  -2   1  -1  -2  -4   0   2   1   3   0    6  18   2   2   2   5   4   3   4   2   3   7   2   2   1   6  15   2  11   6  0.29 0.24
  195 R    -1   2   0  -1   1   0   0  -2   4  -2  -1   1  -1  -2   2   0  -1  -4  -1  -2    5  14   5   3   3   3   5   2  10   1   7  10   2   1  11   6   3   0   2   3  0.21 0.18
  196 E     0   1  -1   1  -1   0   1  -1   2  -2  -2   1   0  -1   3  -1  -1   0   1  -1    8   7   3   7   1   3  10   4   6   2   4   9   3   2  13   3   3   1   6   4  0.14 0.13
  197 A     0   0  -1   0  -1   0   1   0   0  -1  -1   1  -1  -1   2   1   0  -1  -2  -1    9   6   3   4   1   4   9   6   2   3   6   7   1   3  12   9   6   1   1   4  0.09 0.10
  198 P    -1   0   1   2  -3   0   2   0   1  -2  -2   0  -2  -1   2   1   0   0  -1  -2    4   4   6  11   0   4  12   8   3   2   3   6   1   2  12   9   5   1   2   2  0.16 0.14
  199 G    -1   0   0   0   2   0  -1  -1   2   0  -1   0   2   0   0  -1   0   3   1  -1    5   5   5   5   5   5   5   5   5   5   5   5   5   5   5   5   5   5   5   5  0.03 0.09
  200 S    -1   0   0   0   1   0   0   0   1  -1  -1   0   0  -1  -1   1   1   2   1  -1    5   6   4   5   3   4   7   6   3   3   7   5   3   3   3  10  10   3   5   3  0.01 0.09
  201 L    -1   0   0   1   1   0   0  -1   1  -1  -1   0   0  -1   0   1  -1   3   0   0    5   5   5   8   3   3   5   5   3   4   7   6   3   3   5  10   4   4   3   6  0.00 0.05
  202 L     0   0  -1   0   0   1   0  -1   1   0   0   0   0  -1   1   0   0   0   0  -1    6   5   2   6   2   6   7   4   4   4  11   5   2   2   6   7   4   1   4   5  -0.01 0.04
  203 L     0   0   0   0   0   1   0   0   0  -2   0   0  -1  -2   1   0   0  -4   0   0    7   4   5   5   2   7   6   7   2   2   8   6   1   2   7   8   6   0   4   6  0.00 0.06
  204 C     0  -1   0   1   2   0   0   0   0   0   0  -1   0  -1   1   0  -1   0   1  -1    7   3   4   8   5   5   6   6   3   5   8   4   2   2   6   8   4   1   4   5  -0.01 0.04
  205 S     0   0   1   0   0   0   0  -1   1  -2  -1   0   0  -1   1   1   0   1  -1  -1    7   5   6   5   2   4   7   5   4   3   6   6   2   3   7  10   6   2   2   5  0.00 0.07
  206 A     1   0   1   0   0   1   0   0   1  -2  -1  -1   0  -1  -1   1   0   1   0  -2   10   5   6   4   2   7   5   8   3   3   5   4   3   2   4   9   6   2   4   3  0.02 0.08
  207 P    -1   0  -1   0   0   0   1  -1   1  -2   0  -1   0  -2   4   0  -1   1  -1  -1    4   5   3   6   2   5   8   6   3   3   8   4   2   2  18   6   4   2   3   4  0.14 0.19
  208 S     1  -1   0   2  -6   0   1   1   1  -2  -3  -2  -2  -1  -1   2   0  -6  -2  -2   10   3   5  11   0   4   8  10   4   2   3   3   1   2   3  16   5   0   2   4  0.16 0.21
  209 A     0   0  -1   1   0   1   1   0   0  -1  -2   0  -1  -2  -2   1   1   1  -2  -1    8   6   2   7   2   6   8   9   2   4   5   5   1   2   2  11   8   2   2   5  0.03 0.10
  210 A     1   0   0   1   0  -1   1  -1   1  -2  -2  -1  -1   1   1   1   0  -4   0   0   10   5   4   8   2   2   8   5   3   3   3   4   1   7   6   9   7   0   3   6  0.04 0.10
  211 P    -1   0   0   1  -4   0   1  -1   0  -1  -2  -1   0  -2   4   1   0   0   0  -1    5   6   5   7   0   3   8   4   2   4   3   4   3   2  20   9   4   2   4   4  0.23 0.22
  212 E     0  -1   0   2  -1   1   3   0  -1  -2  -2  -1   0  -2  -1   1   0  -4  -1  -2    6   3   4  10   1   6  19   7   2   3   5   3   2   2   4  12   5   0   3   2  0.18 0.21
  213 A     0   1   0   0  -3   0   0   0   0  -1  -1   0   0  -2   1   1   1   0  -1  -1    9   7   4   5   0   5   6   7   3   3   5   6   3   2   8  12   7   2   2   5  0.08 0.11
  214 L     0   0   0   1   0   0   0  -1   1   0   0   0   0  -1  -1   0   0   0   1   0    7   6   4   9   3   3   6   4   4   4  10   4   2   2   3   7   7   2   6   7  0.02 0.04
  215 V     0  -1   1  -1  -1   0   0   0   1   0  -1   0   0  -1   0   1   0   1   1   1   10   3   7   3   1   4   7   6   4   5   4   5   2   3   4   9   6   2   5  10  0.04 0.06
  216 D    -1   0   1   3   0   1   1   0   0  -2  -3   0  -3  -4   1   1   0   1   0  -1    4   6   7  17   2   6   7   6   3   2   3   6   0   0   6   9   7   2   3   4  0.18 0.19
  217 S     0   1   1   1   0   0   1   0   1  -1  -2   0   0  -1   0   2   1  -4  -1  -1    8   7   7   7   3   3   8   6   3   3   4   5   2   3   4  15   7   0   3   3  0.09 0.12
  218 V     0   0   0   0   0   0   0   0   0   0   0   0   0   0   1   0   0   1   0   0    6   4   6   4   3   4   8   6   3   4   9   4   3   4   7   6   7   2   3   6  0.03 0.02
  219 I     0   0   0   1   1   0   0   0   0   0   0   0   0   0   0   0   0   0   0   0    7   4   4   8   4   4   6   6   2   4  10   5   3   5   5   9   6   1   3   6  0.02 0.01
  220 A     1   1   0   0  -1   1   1   0   0  -1  -1   1  -1  -1   1   0   0  -3  -1  -1   11   7   3   6   2   5   8   7   3   4   6   8   2   3   6   7   6   0   2   5  0.06 0.06
  221 P    -1   0   0   1  -1   0   2   0   0  -3  -3   0   0  -1   3   0  -1  -4  -1  -1    5   4   5   8   1   4  13   7   2   1   3   6   2   3  17   7   4   0   2   6  0.22 0.21
  222 S    -1   0   0   0   2   0   0  -1   2   0  -1   0   2   1   0  -1   0   4   1  -1    5   5   5   5   5   5   5   5   5   5   5   5   5   5   5   5   5   5   5   5  0.09 0.08
  223 R    -1   2   2   0   0   0   1   0   2  -2  -2   0  -1  -1   0   1  -1   1  -1  -2    5  10   8   5   2   4   9   8   4   3   4   6   2   2   5   9   4   2   2   3  0.10 0.12
  224 S    -1   1   1   1   0  -1   0   0   1  -1  -2  -1   0  -1   1   2   0  -5  -1  -2    4   7   6   9   2   3   6   8   3   3   4   4   3   3   7  15   6   0   2   3  0.12 0.14
  225 V    -1   0   0   0   2   0   0  -1   2   0  -1   0   2   1   0  -1   0   4   1  -1    5   5   5   5   5   5   5   5   5   5   5   5   5   5   5   5   5   5   5   5  0.09 0.08
  226 L     0   0   0   0   1   0   0  -1   0   0   0   0   0   0   1   0   0   1   0   0    7   5   5   6   3   3   6   5   3   5   9   4   3   3   7   7   7   2   4   5  0.03 0.02
  227 C     0   0   0   2   1   1   1   0   1  -1  -2   0   0  -1   0   1   0   2   0  -1    7   4   5  10   3   5   8   7   3   3   3   6   2   3   5   9   5   3   3   5  0.08 0.09
  228 Q    -1   0   1   1   1   1   1   0   1  -1  -1   0   0  -1   1   0  -1  -4   1  -1    5   6   6   7   3   7   8   6   4   4   5   7   3   3   7   6   5   0   4   4  0.08 0.08
  229 E    -1   0   0   0   2   0   0  -1   2   0  -1   0   2   1   0  -1   0   4   1  -1    5   5   5   5   5   5   5   5   5   5   5   5   5   5   5   5   5   5   5   5  0.09 0.08
  230 V     0   1  -1  -1  -1   1   1  -1   2   0  -1  -1  -1  -1   2  -1   0  -4   0   1    7   7   2   4   2   5   9   4   4   6   7   4   1   3  11   4   6   0   4   9  0.09 0.09
  231 E    -1   2  -2  -1   0   1   1  -3   1   0  -2   2  -1   0  -1   0   0   2  -1   1    4  12   2   4   2   6   8   2   4   4   4  12   2   3   3   7   7   2   2   8  0.16 0.13
  232 V    -1   0  -2  -2   1  -1  -1  -2   2   2  -1   0   0   2  -2  -1   0   2   1   2    5   6   2   2   3   3   4   3   5  12   5   5   2  10   2   3   5   3   4  16  0.11 0.13
  233 A     0   1   0   1   1   0   1  -2   1  -2  -2   0  -1  -2   1   2   1  -4   1  -2    9   8   3   6   3   4   8   3   3   2   3   5   2   2   6  18   8   0   4   3  0.16 0.19
  234 I     0  -2   0  -2   2   1   0   0   2   0   0   0   1   1  -3   0   0   4   1   0    6   0   6   0   6   6   6   6   6   6   6   6   6   6   0   6   6   6   6   6  0.09 0.14
  235 P    -2  -1  -1  -1  -1  -1  -2  -3   1   0   2  -2   0   0   4  -2  -1   2   2   0    2   3   2   3   1   2   2   2   4   6  19   2   2   4  21   2   5   3   7   6  0.31 0.24
  236 L    -3  -5  -6  -6   1  -1  -6  -6   0   0   5  -5   1   0  -2  -2  -1  -5  -5   0    2   0   0   0   3   3   0   0   2   4  62   0   3   3   2   4   4   0   0   6  1.05 0.58
  237 P    -1   0  -2  -1  -6   0   2  -1   0  -5  -3  -1   0  -2   6  -2  -1   0  -1  -3    4   4   2   3   0   4  14   5   2   0   2   4   3   2  37   2   4   1   2   2  0.73 0.47
  238 A    -1   4  -1  -2  -1  -1  -2  -3   2  -5  -4   0  -2  -2   5  -1  -2  -6  -5  -2    5  25   3   2   1   3   3   2   4   0   2   5   1   2  32   5   2   0   0   3  0.81 0.52
  239 R    -2   7  -1  -5   0  -1  -4   3  -4  -6  -3  -1  -5  -2  -5  -2  -5  -6  -2  -6    3  59   3   0   2   2   0  19   0   0   3   2   0   2   0   2   0   0   1   0  1.40 0.67
  240 S     0  -5  -4  -1   1  -2  -1  -2  -5  -6  -6  -2  -2  -6  -5   7  -1   0  -5  -4    5   0   0   4   2   1   3   3   0   0   0   2   1   0   0  72   3   1   0   1  1.44 0.76
  241 L     0  -4  -2  -5   0  -2  -5  -2  -5   0   5  -4   2  -1  -5  -4  -2  -4  -4   2    7   0   2   0   2   1   0   4   0   4  55   0   5   2   0   0   3   0   0  11  0.78 0.42
  242 L    -1  -4  -1  -2   2   1  -4  -5  -3   1   3  -4   2   0  -5  -2  -2   1   4   2    4   0   3   2   4   7   0   0   0   9  28   0   5   4   0   2   3   2  15  12  0.47 0.32
  243 V    -1  -2  -2  -5   2  -2  -3  -3  -1   4   1  -2   1  -1  -2  -2  -2  -4  -1   4    5   2   2   0   4   2   2   2   1  24  11   2   3   2   2   3   2   0   2  29  0.48 0.30
  244 L    -2  -5  -5  -6   1   0  -5  -6  -5   1   4  -5   7   2  -5  -2  -1  -4   0   0    3   0   0   0   2   4   0   0   0   6  32   0  29   7   0   3   4   0   3   6  0.96 0.51
  245 T     0   0   0  -1   1   1   0  -1   0  -3  -3   0  -1  -2  -4   3   2   0  -1  -2    8   6   3   3   2   7   5   4   2   1   2   5   1   2   0  27  16   2   2   2  0.30 0.28
  246 G    -2  -2   0   2  -5   0   0   6  -1  -6  -3  -1  -5  -5  -2  -1  -2  -5  -2  -5    3   2   5  10   0   4   6  55   2   0   3   3   0   0   2   3   2   0   1   0  0.93 0.51
  247 A    -1  -1   0   4  -2  -1   4  -2  -1  -3  -3  -1  -2  -2   1   0  -1  -5  -2  -3    6   3   3  21   1   2  28   2   2   1   2   4   1   2   8   5   4   0   1   2  0.49 0.35
  248 A     4  -2  -2  -4   1  -2  -3   0  -2  -1  -1  -2   1  -3  -2   2   0  -5  -4   1   37   2   1   0   3   1   1   6   1   4   6   1   4   1   2  16   5   0   0   8  0.44 0.37
  249 R    -1   7   0  -3  -1   1  -4  -3  -1  -6  -4  -2  -5  -2  -5  -3  -3  -5   5  -5    4  55   5   2   1   5   0   2   1   0   1   1   0   2   0   1   1   0  17   0  1.38 0.71
  250 H    -3   0   0   0  -5  -2  -2  -4   3  -3  -2  -1  -1   2  -3  -1   1   3   7  -3    2   5   4   6   0   2   3   1   7   1   3   4   2   6   2   4   8   3  37   1  0.79 0.49
  251 Q    -1   1   1   1  -1   1   2  -1   3  -1  -1   0  -1  -2  -3   0   0  -2  -1   0    5   7   6   9   1   7  12   5   7   3   7   6   1   1   0   7   5   1   2   8  0.12 0.13
  252 W    -1  -4  -7  -7  -1  -6  -6  -7   3  -4  -2  -6  -1   2  -7  -4  -4  11   4  -4    6   1   0   0   1   0   0   0   6   1   5   0   1   8   0   1   1  50  15   1  2.39 1.00
  253 K    -1   1  -2  -2  -1   1   0  -3  -1  -3   2   2   1   0  -2   0   2  -2  -2  -2    4   6   2   2   1   7   7   1   2   0  20  14   3   5   2   5  17   1   1   1  0.22 0.24
  254 H    -6  -1  -5  -6  -7  -5  -5  -7  11  -7  -7  -6  -6  -6  -7  -3  -6   0  -4  -3    0   4   0   0   0   0   0   0  87   0   0   0   0   0   0   2   0   1   0   2  3.62 1.32
  255 A     2  -1  -4  -4   3  -2   1   5  -2  -5  -3  -4  -2  -5  -2   1  -1  -2  -1  -5   14   4   0   0   6   1  10  39   1   0   2   0   1   0   2  12   3   1   3   0  0.70 0.43
  256 I    -5  -6  -6  -6  -5  -6  -6  -7  -6   8  -1  -6  -3  -2  -1  -6  -3  -6  -5   3    0   0   0   0   0   0   0   0   0  72   3   0   0   1   4   0   2   0   0  15  1.87 0.76
  257 H     1   2  -1  -2  -1  -1   0  -3  -1  -3   1   0  -1  -1   4  -1   0  -2  -2  -2   11  12   2   2   1   2   5   1   1   1  13   6   1   2  23   5   5   1   1   2  0.35 0.26
  258 R     1   3   0  -2  -2  -1   1  -2   1  -5  -4   1  -3  -4   4   1  -2  -6  -3  -4   13  15   5   2   1   2   8   3   4   0   1   9   1   1  23   9   1   0   1   1  0.53 0.36
  259 R    -1   5  -1   0  -2   1   2  -3   2  -4  -3   0  -3  -5  -4   1  -1  -3  -3  -2    5  33   3   6   1   4  14   2   5   1   2   5   1   0   1   9   4   0   1   2  0.57 0.36
  260 H    -3   1   0   3  -5   0   0  -3   6  -4  -1   4  -2  -3  -3  -2  -2  -2  -1  -4    2   6   4  18   0   3   4   1  17   1   7  26   1   1   1   3   2   1   2   1  0.65 0.39
  261 I    -2  -2  -1  -2  -2  -3  -1  -1  -2   3   0  -2   0   1  -1   0   1  -4   0   3    3   2   2   3   1   1   5   5   1  18   6   2   1   6   3   8   9   0   3  23  0.23 0.21
  262 E    -1   4  -2   5  -4  -1  -1  -3  -1  -3  -3   0  -5  -3   0  -2   0  -6  -2  -2    5  23   1  32   0   2   3   2   2   1   2   6   0   1   5   2   6   0   1   3  0.66 0.43
  263 A     0  -2   0   1  -3   1   1   4  -2  -4  -3  -1  -3  -4  -3   2   0  -3  -3  -3    9   2   5   6   1   5  11  31   1   0   2   4   1   1   1  13   5   0   1   2  0.44 0.32
  264 R    -2   6  -3  -2  -6  -1   0  -3  -1  -4  -2   1  -3  -3  -1  -3   2  -2  -1  -2    3  45   1   2   0   2   5   2   2   1   4   8   0   1   3   1  15   1   2   2  0.88 0.53
  265 R    -7   9  -6  -7  -9  -2  -6  -8  -6  -5  -4  -3  -7  -8  -8  -7  -7  -8  -7  -5    0  93   0   0   0   1   0   0   0   1   2   1   0   0   0   0   0   0   0   1  3.08 1.24
  266 V    -2  -4  -6  -7  -5  -6  -6  -7  -4   5   0  -5   0  -2  -6  -4   1   2   1   5    3   1   0   0   0   0   0   0   0  33   9   1   2   2   0   1   8   2   5  33  1.07 0.53
  267 C     0  -6   0  -4   3  -5  -6  -4  -6  -5  -3  -6  -6  -7  -6   7  -2  -8  -7  -3    8   0   4   1   5   0   0   1   0   1   3   0   0   0   0  72   2   0   0   2  1.70 0.87
  268 V    -4  -6  -7  -7  -3  -6  -7  -3  -6   4   4  -6   1   2  -7  -5  -4  -3  -3   2    1   0   0   0   1   0   0   3   0  25  44   0   3   7   0   1   1   0   1  14  1.10 0.52
  269 T    -2  -2  -4  -7  -6  -6  -6  -7  -7   0  -4  -6   0  -7  -7  -3   8  -8  -7  -1    3   3   1   0   0   0   0   0   0   5   1   0   2   0   0   1  80   0   0   4  2.18 0.99
  270 F    -6  -4  -7  -7   3  -4  -5  -5  -5   1   1  -7   2   7  -7  -5  -4   2   2  -1    0   1   0   0   5   1   1   1   0   8  14   0   4  50   0   0   1   2   7   5  1.45 0.63
  271 R    -6   9  -2  -3  -8  -4  -5  -7  -6  -8  -7  -3  -7  -8  -7  -2  -6  -8  -7  -4    0  90   2   2   0   0   0   0   0   0   0   0   0   0   0   3   0   0   0   1  2.81 1.09
  272 E    -3   2   0   0  -4   0   4  -4   3  -5  -5   3  -3  -4  -1  -1   2  -1  -3  -4    1  11   5   5   0   4  24   1   7   0   0  21   0   0   3   4  11   1   1   1  0.58 0.36
  273 L    -1  -4  -5  -3  -3  -3  -4  -5  -5   3   3  -4   3   0  -1  -4  -3  -5  -4   4    5   1   0   1   0   1   1   0   0  15  29   1   6   4   4   0   1   0   0  30  0.73 0.38
  274 S     0   2   0   1  -2  -1   1   0  -1  -1  -1   1  -2  -3   0   2   1  -4  -1  -2    9  12   4   7   1   1   8   8   1   3   6   7   0   0   3  18   8   0   2   2  0.14 0.15
  275 A     0   2   0   0  -4   0   2  -2   0  -4  -3   2  -2  -3   5   0   0  -5  -3  -3    6  10   4   5   0   3  12   2   2   1   2  13   1   1  27   5   6   0   1   1  0.51 0.30
  276 E     0   0  -2   1  -4  -1   3  -2  -3  -2  -2  -1   0  -2   3   1   0   4  -2  -1    8   5   1   7   0   1  22   2   0   2   3   2   2   2  16  10   6   6   1   4  0.36 0.26
  277 F     0  -2  -3  -3   1  -3  -2  -3  -2   0   1   0  -1   5   0  -1  -3   0   2   0    9   2   0   1   3   1   3   1   1   6  15   5   1  29   5   4   0   1   7   5  0.39 0.25
  278 G     0   1   0  -1   2   1  -1   1  -2  -1   1   0   0  -3   0   0   0  -2  -3   0    6   7   6   3   4   8   2  11   1   1  22   7   1   0   4   6   4   0   0   7  0.08 0.12
  279 P    -1  -1  -2   0  -3   0   2  -4   0  -3  -2   0  -4  -5   6   0  -1  -5  -4  -2    5   4   2   5   1   3  14   1   3   1   5   4   0   0  40   7   2   0   0   3  0.79 0.38
  280 G    -1  -2   1  -1   3  -1   0   5  -2  -3  -3  -1  -4  -4  -1  -1   0  -4  -3  -2    4   2   8   3   6   3   7  44   1   1   2   3   0   0   2   4   6   0   1   2  0.58 0.30
  281 G     1  -1  -1   1  -1  -1  -2   5   0  -3  -4  -1  -2  -4   1   0  -1  -4  -2  -3   11   3   3   7   2   2   2  41   2   1   1   3   1   0   8   7   4   0   1   1  0.53 0.29
  282 R     1   3   0   2  -1   0   3   0  -1  -3  -3   1   0  -3  -1   0  -2  -4   0  -2   10  16   3  12   1   3  20   6   1   1   2   6   2   1   2   6   1   0   4   2  0.27 0.21
  283 Q    -1   1   0   1  -2   2   2  -1   0  -3  -1   1  -2  -4  -2   1   0  -4  -2  -2    4   9   4   7   1  10  13   5   2   1   9  11   0   0   1  15   6   0   1   2  0.20 0.17
  284 Q     0  -2   0   1  -1   3   3  -3  -1  -2  -2   0  -2  -1  -2   1   0  -3   3  -2    9   0   4   7   1  16  19   1   0   1   3   4   1   2   2   9   6   0  11   2  0.30 0.24
  285 E    -1   0  -1   1  -2   1   5  -2   1   0  -3   0  -4  -2  -2   0  -2  -5  -4  -4    3   4   2   8   1   5  47   3   3   6   2   5   0   2   2   5   2   0   0   0  0.64 0.36
  286 L    -1  -2  -2  -1   0   0   0  -3  -3   2   2  -1   2   1  -3  -3  -2   4   2   1    3   2   1   3   2   4   9   1   0  13  21   2   5   6   1   0   1   6   8  12  0.21 0.17
  287 G     0  -3  -2  -3   1  -4  -2   6  -5  -5  -3  -2  -2  -5  -5   0  -3  -5  -5  -2    5   1   1   1   3   0   2  67   0   0   3   3   1   0   0   6   1   0   0   4  1.24 0.50
  288 Q    -1   3   1  -1  -2   4   1  -2  -1  -2  -3   3   1  -4  -2  -1  -2  -4  -3  -3    5  20   6   3   1  21   8   2   1   2   2  17   4   0   1   4   2   0   0   1  0.46 0.28
  289 E    -1   0  -1   0  -5   2   4  -1   2  -3  -2   2  -2  -4  -2  -2  -1  -4  -2  -3    4   4   2   4   0  10  37   4   6   2   5  13   1   0   1   2   3   0   1   1  0.52 0.30
  290 L     0  -2  -4  -3  -3  -1  -4  -4  -1   4   3  -2   0  -2  -2  -3  -1  -4  -3   1    7   2   0   2   0   4   0   0   2  27  37   3   1   1   2   0   4   0   0   9  0.50 0.27
  291 L    -2  -1  -4  -5   0  -3  -2  -5  -4   2   4  -1   3   0  -4  -3  -1  -3   0   2    2   4   0   0   2   0   2   0   0  12  42   5   8   3   0   1   2   0   3  12  0.50 0.27
  292 R     0   3   1   2  -3   2   2  -2   0  -4  -4   2  -2  -5  -3   1  -1   0  -3  -3    6  21   5  11   1   7  16   1   2   0   0  12   1   0   0  12   3   1   0   1  0.44 0.25
  293 I     0   2  -3  -4  -2  -1  -3  -4  -3   4   2   1   0  -2  -4  -2   0   0  -1   0    6  13   1   0   1   2   0   0   0  28  22  11   2   1   0   2   6   1   1   3  0.33 0.23
  294 A     5  -1   0  -3  -1   1  -1   0  -4  -3  -4  -3  -4  -5  -3   3  -1  -5  -4  -3   57   2   5   0   1   5   2   4   0   1   0   0   0   0   0  20   2   0   0   0  0.83 0.42
  295 L    -1   2   0  -2  -1   2   1  -2  -1  -1   1   2  -1  -2  -3   1  -1  -3   0  -1    3  13   3   1   1   9   8   2   1   2  17  17   1   1   0  14   2   0   4   2  0.19 0.16
  296 S     0  -1   2   0  -2  -1   0  -2   0  -2  -1   0  -2  -2  -3   2   3   2  -3  -2    6   3  12   4   1   2   5   1   2   2   5   6   1   2   0  19  28   3   0   1  0.31 0.22
  297 F    -3  -2  -2  -5  -5  -5  -5  -3  -3  -3  -3  -5  -1   8  -6  -2  -1   4   3  -1    2   3   2   0   0   0   0   1   0   0   0   0   1  65   0   4   3   5  10   4  1.45 0.49
  298 Q     1   2   2   1  -1   4   0  -2  -2  -4  -3   1  -2  -2  -3   2  -1  -4  -3  -3   17  13   9   8   1  23   4   0   0   0   0   7   0   2   0  16   1   0   0   0  0.38 0.21
  299 G    -2  -4  -3  -3   3  -3  -1   6  -4  -5  -5  -3  -4  -4   1  -1  -3   5  -4  -5    0   0   0   0   6   0   4  72   0   0   0   0   0   0   7   3   0   8   0   0  1.31 0.38
  300 R    -1   3  -1   0  -3   2   1  -3  -2  -1  -1   2  -1  -3  -2   1   1  -4  -3  -1    0  24   0   6   0  10   6   0   0   5   6  12   0   0   0  17   9   0   0   6  0.26 0.13
  301 P     1  -3  -3  -3  -3  -3  -3  -3  -3  -1  -2  -2  -2  -3   5   2   0  -4  -3   3   13   0   0   0   0   0   0   0   0   0   0   0   0   0  35  17   4   0   0  31  0.75 0.23
  302 V    -2  -4  -4  -5  -2  -4  -4  -5  -5   4   1  -4   0  -2  -4  -3  -2  -4  -3   5    0   0   0   0   0   0   0   0   0  34   5   0   0   0   0   0   0   0   0  61  0.90 0.24

                      K         Lambda
Standard Ungapped    0.1380     0.3217
Standard Gapped      0.0404     0.2670
PSI Ungapped         0.1319     0.3172
PSI Gapped           0.0404     0.2670
