
Last position-specific scoring matrix computed, weighted observed percentages rounded down, information per position, and relative weight of gapless real matches to pseudocounts
            A   R   N   D   C   Q   E   G   H   I   L   K   M   F   P   S   T   W   Y   V   A   R   N   D   C   Q   E   G   H   I   L   K   M   F   P   S   T   W   Y   V
    1 M    -5  -6  -7  -7  -5  -5  -6  -7  -6   2   3  -6  10  -4  -7  -6  -5  -6  -5  -3    0   0   0   0   0   0   0   0   0   8  20   0  72   0   0   0   0   0   0   0  2.41 0.78
    2 K    -1   3  -1  -1  -5   1   4   3  -3  -5  -4   1  -3  -4  -2  -1  -2  -5  -4  -4    4  14   2   2   0   5  27  27   0   0   1   9   0   0   1   3   2   0   0   1  0.61 0.36
    3 N    -7  -5   9  -4  -8  -4  -6  -5  -5  -9  -9  -4  -8  -9  -7  -4  -5  -9  -6  -8    0   0  98   0   0   0   0   0   0   0   0   1   0   0   0   0   0   0   0   0  3.28 1.20
    4 H    -2   1  -1  -2   0   4   0  -1   5  -2  -1   0  -2  -1  -4   0  -2   2   0  -2    3   6   3   2   2  24   6   4  15   2   7   4   1   3   0   6   2   3   3   3  0.38 0.30
    5 T    -3  -6  -1  -5  -4  -5  -5  -6  -6  -4  -6  -5  -4  -7  -5   4   7  -7  -6  -5    1   0   2   0   0   0   0   0   0   1   0   0   0   0   0  31  64   0   0   0  1.88 0.88
    6 V     0  -1   0  -1  -2   0   0  -2   0   0   0  -1   0   0  -2   2   2   1  -2   1    8   3   3   3   1   4   8   3   2   4   7   2   3   3   2  19  13   3   1  10  0.10 0.14
    7 I    -2  -5  -4  -4  -3  -4  -3  -3  -4   3   0  -4   0  -2  -1  -3  -1  -2  -3   6    3   0   1   1   0   1   2   2   0  14   7   1   2   1   4   2   3   1   0  54  0.90 0.47
    8 R    -1  -1  -1  -2  -4  -1  -2  -3  -4  -3  -4  -1   1  -3  -2   3   6  -5  -4  -1    4   3   2   2   0   3   2   2   0   1   1   4   4   1   2  20  46   0   0   4  0.78 0.50
    9 T    -3  -2  -3   2  -7   0   7  -1   0  -6  -6  -1  -3  -5  -5  -3  -2  -6  -1  -3    1   1   1   9   0   3  65   5   2   0   0   2   1   0   0   1   2   0   3   2  1.36 0.68
   10 F    -7  -8  -8  -9  -8  -8  -8  -8  -6  -3  -3  -8  -5  10  -9  -8  -7  -4  -2  -4    0   0   0   0   0   0   0   0   0   1   2   0   0  95   0   0   0   0   0   1  3.31 1.14
   11 I    -4  -4  -6  -7  -4  -5  -6  -7  -2   6   2  -6  -1   1  -6  -5  -1  -4  -2   3    1   1   0   0   0   0   0   0   1  48  19   0   1   5   0   0   4   0   1  20  1.17 0.54
   12 L    -5  -7  -8  -8  -6  -7  -7  -8  -7   0   7  -7  -1   2  -7  -7  -6  -6  -5  -3    0   0   0   0   0   0   0   0   0   4  86   0   1   8   0   0   0   0   0   1  1.92 0.80
   13 L    -3  -3  -5  -5  -4  -1  -2  -6  -4   0   5  -3   2  -2  -5  -3  -1  -2  -4   2    2   2   0   0   0   3   2   0   0   3  62   1   5   1   0   2   4   1   0  11  0.95 0.50
   14 G    -2  -4  -5  -4  -5  -6  -4   7  -7  -8  -7  -5  -7  -8  -5  -3  -5  -5  -8  -4    2   1   0   1   0   0   1  90   0   0   0   1   0   0   0   1   0   0   0   1  2.33 0.91
   15 L    -6  -7  -7  -8  -6  -7  -7  -8  -6   1   4  -7  -2   8  -8  -7  -5  -3  -1  -2    0   0   0   0   0   0   0   0   0   6  39   0   0  52   0   0   0   0   1   2  1.85 0.75
   16 T    -1  -3  -3  -4  -3  -1  -4  -2  -2  -5  -4  -4  -4   0   3   5   4  -4  -4  -4    3   1   0   0   0   2   0   3   1   0   1   0   0   4  12  42  26   0   0   0  0.92 0.57
   17 G    -1  -2   3   4   0   1   2   0   1  -3  -4  -2  -3  -5  -2   1   0  -6  -2  -2    3   1  12  26   2   5  12   6   4   2   1   1   0   0   2  12   5   0   1   3  0.45 0.31
   18 D    -1   1   1   2  -2   1   0  -1   2   0   0  -1  -1   0  -1   1   0  -1   0  -1    4   8   7  14   1   6   3   3   6   5  10   2   0   3   2  11   6   1   4   5  0.08 0.11
   19 P    -2   1  -3  -3  -2   2  -2  -2   1  -5  -2  -2  -4  -3   7  -1  -2   4  -2  -4    3   7   1   1   1   8   2   3   4   0   5   2   0   1  46   5   2   6   1   1  1.05 0.54
   20 H    -2   0   0   1  -5   2   5   0   2  -4  -3   1  -3  -4  -2  -1  -2   2  -2  -3    3   5   4   7   0   9  36   7   6   1   2   8   0   0   2   3   2   3   1   1  0.53 0.35
   21 L    -2  -4  -4  -5  -3   0  -4  -3   0   2   4  -4   2   1  -4  -3   0   1  -1   1    3   0   0   0   0   5   1   2   2   9  49   1   5   5   1   1   5   2   1   7  0.60 0.36
   22 Q    -4   2  -1  -2  -3   8   2  -3   2  -6  -6   1  -5  -7  -3  -3  -4  -1  -5  -5    1   9   2   1   1  58  10   2   5   0   0   6   0   0   1   1   0   1   0   1  1.49 0.74
   23 V     0  -1  -2  -3  -1  -1  -2  -2  -1   3   1  -1   1   0   1  -1   0  -1  -1   2    7   3   2   1   1   2   1   3   2  19  17   3   4   3   8   4   5   1   2  13  0.14 0.13
   24 L    -2  -5  -5  -5  -1  -4  -5  -4  -4   2   4  -5   0   3   3  -2  -1  -2  -2   1    3   0   0   0   1   0   0   2   0  10  37   0   1  13  15   3   4   0   1  11  0.61 0.36
   25 L    -5  -6  -7  -7  -2  -5  -7  -7   1   1   6  -6  -1   3  -5  -5  -5  -4  -2  -1    0   0   0   0   1   0   0   0   4   5  72   0   0  12   1   1   0   0   1   2  1.41 0.64
   26 F    -3  -7  -6  -8  -3  -8  -8  -7  -5  -3  -1  -8  -4   9  -8  -3  -5  -3   0  -4    2   0   0   0   1   0   0   0   0   1   4   0   0  85   0   3   1   0   1   1  2.65 0.97
   27 I     1  -4  -4  -5   0  -4  -4   1  -4   2   2  -4   1   0  -2   0  -1   0  -2   3   10   0   0   0   2   0   0  10   0   9  19   0   4   5   2   7   3   1   0  28  0.35 0.26
   28 F    -2  -5  -5  -6  -2  -4  -5  -3  -5   3   4  -5   2   1  -3  -3  -1  -5  -3   3    3   0   0   0   1   0   0   2   0  12  39   0   5   7   1   2   4   0   0  23  0.72 0.39
   29 L    -6  -7  -5  -8  -1  -6  -7  -7  -5   1   0  -7  -4   9  -8  -4  -5  -4  -2   0    0   0   1   0   1   0   0   0   0   7   8   0   0  75   0   1   0   0   0   5  2.20 0.84
   30 F    -4  -6  -6  -7  -1  -6  -6  -5  -6  -1   6  -6   0   2  -6   0  -2  -5  -4  -2    1   0   0   0   1   0   0   1   0   2  74   0   1   8   0   7   3   0   0   1  1.35 0.64
   31 L     0  -4  -4  -5   2  -4  -4  -1  -5   2   3  -4   1   1  -3   0   0  -3  -3   2    8   0   0   0   4   0   0   5   0  13  28   0   3   7   1   8   5   0   0  17  0.39 0.27
   32 T    -1  -5  -4  -6  -3  -5  -5  -6  -6   5   1  -5   5   2  -6  -2   1  -5  -4   2    4   0   0   0   0   0   0   0   0  37  12   0  15   7   0   3   7   0   0  12  0.88 0.45
   33 Y    -7  -7  -7  -7  -4  -7  -7  -8  -2  -7  -6  -7  -6   2  -8  -6  -7  -3  10  -6    0   0   0   0   0   0   0   0   0   0   0   0   0   5   0   0   0   0  92   0  3.45 1.22
   34 M    -2  -5  -6  -6  -2  -4  -5  -4  -6   3   4  -5   3   0  -3  -2   0  -5  -4   2    3   0   0   0   1   0   0   2   0  16  47   0   6   3   1   3   6   0   0  13  0.79 0.42
   35 L     1  -5  -5  -5  -2  -4  -5  -4  -5   3   3  -4   2   2  -5  -3   1  -3  -3   3   10   0   0   0   1   0   0   1   0  18  26   0   5   8   0   1   8   0   0  22  0.60 0.35
   36 S     1  -5  -1  -5  -2  -5  -5  -4  -6   2  -5  -5  -4  -6  -5   1   7  -7  -6  -2   11   0   2   0   1   0   0   1   0  10   0   0   0   0   0   9  64   0   0   1  1.46 0.74
   37 V    -3  -6  -7  -7  -3  -5  -5  -6  -6   2   5  -6   3  -1  -6  -5  -3  -4  -4   4    1   0   0   0   0   0   0   0   0  10  51   0   6   2   0   0   1   0   0  27  1.15 0.54
   38 T     0  -4  -4  -5   0  -4  -4  -2  -5   1   3  -4   3   1  -3   0   2  -1  -3   2   10   0   0   0   2   0   0   2   0   8  30   0   9   5   1   7  11   1   0  16  0.45 0.31
   39 G    -2  -6  -4  -4  -5  -5  -2   7  -6  -7  -7  -6  -5  -7  -5  -2  -5  -1  -7  -5    3   0   0   1   0   0   4  86   0   0   0   0   0   0   1   2   1   1   0   1  2.12 0.84
   40 N    -7  -6   9  -4  -8  -5  -5  -5  -3  -9  -8  -4  -5  -8  -7  -4  -5  -9  -7  -8    0   0  98   0   0   0   0   0   0   0   0   1   0   0   0   0   0   0   0   0  3.22 1.20
   41 L    -1  -4  -5  -5  -1  -4  -5   0  -5   2   4  -5   2   1  -5  -1   1  -3  -3   1    4   1   0   0   1   0   0   9   0   9  44   0   5   5   0   6   8   0   0   7  0.56 0.35
   42 T     0  -5  -4  -5   0  -4  -5   2  -5   1   4  -4   1   0  -5  -1   1  -3  -3   0    8   0   0   0   2   0   0  17   0   7  40   0   3   3   0   5   9   0   0   7  0.49 0.33
   43 I    -5  -7  -7  -7  -5  -6  -7  -8  -7   7   1  -6   5  -3  -7  -6  -3  -6  -5   0    0   0   0   0   0   0   0   0   0  65  12   0  15   1   0   0   2   0   0   4  1.83 0.75
   44 I    -3  -6  -7  -7  -4  -6  -7  -7  -7   7   1  -6   3  -1  -5  -4  -2  -6  -4   3    2   0   0   0   0   0   0   0   0  59  11   0   6   2   0   1   2   0   0  16  1.46 0.62
   45 T     0  -4  -4  -5   1  -4  -4  -2  -4   2   3  -4   1   1  -4  -1   1  -2  -2   2    7   0   0   0   3   0   0   3   0  11  31   0   3   6   0   6  11   1   1  17  0.43 0.29
   46 L     2  -5  -5  -5  -4  -5  -5  -5  -6   2   4  -5  -1  -3  -5  -3   1  -5  -4   2   17   0   0   0   0   0   0   0   0  13  43   0   1   0   0   1  11   0   0  15  0.80 0.45
   47 T    -3  -6  -5  -6  -4  -6  -6  -7  -6   6  -3  -5  -1  -4  -6  -1   2  -6  -4   4    1   0   0   0   0   0   0   0   0  49   0   0   1   0   0   6  13   0   0  28  1.34 0.62
   48 L    -1   3  -2  -4   3  -1  -3  -2   1   1   0   0  -1  -1  -4   0   0   5   0   0    4  17   1   0   6   3   0   3   4  10  10   4   1   2   0   8   7   9   3   7  0.27 0.22
   49 V     0  -2  -2  -4   0  -3  -4  -2  -3   1   2  -3   2   0  -4   1   1   2  -1   1    9   2   2   0   2   1   0   2   1   6  25   1   5   4   0  14  11   3   2  11  0.26 0.23
   50 D    -5  -5   2   7  -2  -3   0  -5   0  -6  -7  -4  -7  -6  -6   1  -3  -6  -6  -6    1   0   9  66   1   0   5   0   2   0   0   0   0   0   0  12   1   0   0   0  1.74 0.76
   51 H     0   1  -2  -3  -2   1  -3  -4   3  -4  -4  -2  -3  -4   5   4   0  -2  -3  -3    7   8   1   1   1   6   0   1   6   1   2   2   0   1  24  33   4   1   1   1  0.72 0.46
   52 H    -2   5  -1  -4   0   3  -3  -3   7  -5  -4   0  -4  -5  -3   0  -2  -6  -2  -5    4  29   2   0   2  13   1   2  27   1   1   5   0   0   1   7   2   0   1   1  1.04 0.55
   53 L    -6  -7  -8  -8  -6  -7  -7  -8  -7  -3   7  -7  -2  -2  -7  -6  -6  -6  -6  -3    0   0   0   0   0   0   0   0   0   0  97   0   0   1   0   0   0   0   0   0  2.26 0.90
   54 K    -6  -1  -2  -4  -4   3  -4  -5  11  -8  -7  -3  -6  -6  -7  -5  -5  -6  -2  -8    0   3   2   1   0  12   0   1  77   0   0   2   0   0   0   0   1   0   1   0  2.97 1.08
   55 T    -2  -3  -1  -5  -4  -4  -5  -5  -3  -2  -5  -1  -1  -6  -5   2   7  -7  -5  -4    3   1   3   0   0   0   0   0   1   3   1   3   1   0   0  17  67   0   0   1  1.54 0.77
   56 P    -5  -7  -7  -7  -6  -6  -6  -7  -7  -7  -6  -6  -8  -9   9  -5  -6  -9  -8  -8    1   0   0   0   0   0   0   0   0   0   1   0   0   0  97   0   0   0   0   0  3.41 1.24
   57 M    -6  -7  -8  -9  -7  -6  -8  -8  -7  -4  -3  -5  11  -6  -8  -7  -5  -7  -7  -3    0   0   0   0   0   0   0   0   0   0   1   1  95   0   0   0   1   0   0   1  3.83 1.36
   58 Y    -7  -7  -7  -8  -5  -7  -7  -8  -2  -7  -6  -7  -6  -1  -8  -5  -7  -3  10  -7    0   0   0   0   0   0   0   0   1   0   0   0   0   1   0   1   0   0  96   0  3.67 1.29
   59 F    -6  -7  -7  -8  -6  -7  -7  -6  -3  -1  -1  -7  -3   9  -8  -6  -5  -2   3  -4    0   0   0   0   0   0   0   0   1   4   5   0   0  78   0   1   0   0   8   1  2.47 0.91
   60 F    -7  -7  -8  -8  -5  -8  -8  -8  -6  -5   1  -8  -4   9  -8  -7  -7  -4  -2  -5    0   0   0   0   0   0   0   0   0   0  11   0   0  87   0   0   0   0   0   0  2.92 1.04
   61 L    -6  -7  -8  -8  -6  -6  -7  -8  -7   0   7  -7  -2  -3  -6  -7  -5  -6  -5  -2    0   0   0   0   0   0   0   0   0   4  92   0   0   0   0   0   0   0   0   1  2.08 0.84
   62 R     1   1  -3  -3   3  -2  -3   3  -4  -4  -3  -2  -2  -1  -4   4   0  -1  -4  -3   12   9   1   1   5   2   0  18   0   0   2   2   1   3   0  37   5   1   0   2  0.60 0.41
   63 N    -4  -5   8  -3  -3   1  -4  -5   6  -3  -6  -3  -3  -3  -5  -1  -3  -7  -3  -3    1   0  60   0   1   5   0   0  18   2   1   1   1   1   0   4   1   0   1   3  1.73 0.77
   64 F    -6  -6  -8  -8  -6  -6  -7  -8  -7  -3   7  -6  -1   2  -6  -7  -6  -6  -4  -3    0   0   0   0   0   0   0   0   0   0  88   0   1   9   0   0   0   0   0   0  1.99 0.82
   65 S     2  -6  -4  -5  -4  -5  -5  -5  -6  -7  -7  -5  -6  -6  -5   7  -3  -7  -6  -6   15   0   0   0   0   0   0   0   0   0   0   0   0   0   0  84   0   0   0   0  2.10 0.97
   66 F    -4  -6  -7  -7   2  -6  -7  -6  -5   1   2  -6  -2   8  -7  -3  -3  -3  -1   0    1   0   0   0   5   0   0   0   0   7  20   0   1  53   0   2   2   0   1   7  1.44 0.62
   67 L    -2  -5  -5  -6  -1  -4  -5  -5  -6   3   4  -5   2  -2  -5  -1  -1  -5  -4   3    3   0   0   0   1   0   0   0   0  13  47   0   5   1   0   6   3   0   0  20  0.83 0.44
   68 E    -6  -6  -2   8  -8  -4   4  -5  -5  -8  -8  -5  -7  -8  -6  -5  -6  -8  -7  -8    0   0   1  71   0   0  27   1   0   0   0   0   0   0   0   0   0   0   0   0  2.30 0.93
   69 V    -2  -6  -6  -6  -2  -5  -6  -5  -6   6   3  -6   3   1  -4  -3   0  -5  -4   1    4   0   0   0   1   0   0   0   0  44  24   0   7   5   1   1   5   0   0   8  1.00 0.48
   70 S    -3  -7  -5  -7  10  -6  -7   1  -7  -2  -1  -6  -1   1  -7   0  -3   6  -4  -3    2   0   0   0  50   0   0  10   0   2   7   0   2   6   0   8   1   9   0   2  1.82 0.74
   71 F    -5  -6  -4  -6   2  -4  -6  -6   1  -2  -1  -6  -3   5  -7  -2  -5  -3   8  -3    0   0   1   0   3   1   0   0   3   2   6   0   1  22   0   4   0   0  54   1  1.80 0.76
   72 T    -1  -5  -3  -5  -2  -4  -4  -5  -5   2  -4  -4  -3  -4  -2   4   5  -6  -5   1    4   0   0   0   1   0   0   0   0  12   0   0   0   0   2  36  34   0   0   9  1.02 0.59
   73 T    -3  -5  -2  -5   1  -4  -5  -5  -5  -4  -2  -5  -3  -2  -5   6   5  -7  -6  -4    1   0   1   0   3   0   0   0   0   1   4   0   1   2   0  57  30   0   0   1  1.44 0.76
   74 V     0  -5   1  -3  -1  -4  -4  -4  -5   0  -3  -4  -3  -3  -4   2   4  -4  -5   5    8   0   7   1   1   0   0   1   0   5   0   0   0   1   0  15  23   0   0  38  0.76 0.48
   75 C    -2  -5  -3  -5  -1  -5  -5  -5  -6   5  -3  -5  -2  -1  -4  -1   5  -4  -3   3    2   0   1   0   1   0   0   0   0  29   1   0   1   3   1   4  39   0   1  16  1.03 0.56
   76 I     1  -5  -5  -5  -3  -4  -4  -3  -5   3   0  -5   0  -2  -5  -1   2  -5  -3   5   10   0   0   0   0   0   0   2   0  17   8   0   2   1   0   4  13   0   1  40  0.73 0.42
   77 P    -5  -7  -7  -7  -8  -7  -6  -7  -6  -7  -6  -6  -8  -9   9  -5  -5  -9  -8  -7    0   0   0   0   0   0   0   0   0   0   1   0   0   0  97   0   0   0   0   0  3.41 1.24
   78 R    -4   3   0  -5  -6   3  -3  -5  -4  -5  -4   7  -3  -6  -4  -2  -3  -7  -4  -5    0  12   5   0   0  12   1   0   0   1   2  61   1   0   0   2   2   0   0   1  1.45 0.69
   79 F    -1  -6  -6  -7  -6  -5  -6  -7  -6   0   2  -6  10  -1  -7  -3  -1  -6  -4  -1    6   0   0   0   0   0   0   0   0   4  19   0  59   2   0   2   4   0   0   3  1.90 0.82
   80 L    -3  -6  -7  -8  -2  -6  -7  -7  -5   2   6  -6   3  -3  -7  -6  -5  -6  -5  -1    2   0   0   0   1   0   0   0   0   9  79   0   6   0   0   0   0   0   0   2  1.68 0.72
   81 Y     2  -3  -2  -2  -1   0  -1  -2  -1   1  -1  -2   1   0  -3   0   0   0  -1   3   22   1   1   1   1   4   5   2   1   5   5   1   4   4   0   8   4   1   2  26  0.24 0.23
   82 N    -3  -4   6   3  -3  -3  -3   0   3   0  -5  -4  -2  -5  -5   0  -1  -7  -3  -3    1   0  44  18   0   0   0   7   6   5   1   0   1   0   0   8   4   0   1   2  1.04 0.55
   83 I    -4  -6  -6  -6  -1  -4  -6  -6  -2   2   4  -6   1   6  -6  -1  -3  -4   0  -2    1   0   0   0   2   0   0   0   1  13  40   0   3  29   0   6   1   0   2   2  1.02 0.50
   84 S    -3  -4  -5  -6  -2   1  -5  -4  -1   1   5  -4   0   1  -5  -3  -3   3  -2   1    2   0   0   0   1   6   0   1   1   6  56   1   2   6   0   2   1   4   1  10  0.83 0.45
   85 M     1  -1  -1  -3  -2  -2  -2   0  -1  -2  -1  -2   0  -3  -3   4   3  -2  -2   0    9   3   1   1   1   1   1   7   2   1   5   2   3   1   1  34  19   1   1   6  0.42 0.34
   86 G    -1   0   0   1  -4   3   3   2   1  -4  -3   2  -3  -5   0  -1  -1  -4  -4  -3    3   3   5   6   0  12  20  18   3   0   2  12   0   0   6   3   4   0   0   2  0.38 0.28
   87 D    -2   2   2   2  -2   1   0  -1   2  -3  -4   2  -3  -4  -3   1   1  -2  -2  -3    2  12  11  14   1   5   5   4   5   1   1  14   0   0   1  12   7   1   1   1  0.33 0.25
   88 N    -3   3   2  -3  -4   1  -3  -2   0  -5  -5   6  -4  -6  -2  -2  -1  -6  -3  -4    2  15   8   1   0   7   0   3   3   0   1  51   0   0   2   2   3   0   1   1  1.03 0.55
   89 T     1  -1  -1  -3  -4  -3  -3  -3  -1  -1  -2  -2  -2  -3  -1   3   5  -5  -3   1    9   4   3   1   0   0   1   1   2   4   2   1   1   1   3  19  38   0   1  10  0.59 0.41
   90 I    -6  -7  -7  -8  -6  -7  -8  -8  -8   8  -2  -7   0  -4  -7  -6  -5  -7  -6   0    0   0   0   0   0   0   0   0   0  91   2   0   2   0   0   0   0   0   0   4  2.56 0.95
   91 T    -3  -4  -4  -4  -2  -4  -5  -5  -6  -7  -6  -5  -5  -5   1   7   1  -7  -6  -6    1   0   0   0   1   0   0   0   0   0   1   0   0   0   6  83   6   0   0   0  1.93 0.92
   92 Y    -5  -4  -6  -5  -6  -6  -6  -7  -1  -2   0  -5  -2   7  -4  -5  -5  -1   7   0    0   1   0   1   0   0   0   0   1   2  10   0   1  44   1   1   0   0  30   7  1.62 0.68
   93 N     2  -1   1  -2  -2   0  -1   0   0  -1   0  -1   0  -1   0   1   1   0  -1   0   18   3   6   1   0   3   4   7   2   4   8   2   2   2   5  12   8   1   3   9  0.08 0.11
   94 A     1  -1  -3  -2  -1  -3   0   6  -3  -6  -5  -4  -5  -5  -4   0  -4  -2  -6  -4   12   3   1   2   1   1   5  63   1   0   1   0   0   0   0   6   1   1   0   1  1.26 0.59
   95 C    -6  -8  -8  -9  12  -9  -9  -8  -9  -7  -7  -9  -7  -7  -8  -7  -7  -8  -6  -6    0   0   0   0  98   0   0   0   0   0   0   0   0   0   0   0   0   0   0   0  4.56 1.42
   96 A     3  -4  -5  -5  -4  -4  -4  -1  -5   3   2  -4   5   3  -5  -3  -3  -2  -2   2   22   0   0   0   0   0   1   4   0  15  17   0  14  11   0   1   1   0   0  12  0.58 0.36
   97 S     3  -5  -4  -5  -2  -4  -4  -4  -5   1   1  -4   0  -2  -3   0   5  -4  -4   1   24   0   0   0   1   0   0   0   0   7  15   0   2   2   1   6  33   0   0   8  0.66 0.44
   98 Q    -6  -4  -5  -6  -8   9  -3  -7  -4  -8  -8  -4  -6  -9  -7  -6  -6  -7  -7  -8    0   0   0   0   0  99   0   0   0   0   0   0   0   0   0   0   0   0   0   0  3.36 1.32
   99 I    -2  -5  -5  -6   1  -4  -5  -5  -2   2   3  -5   6   3  -6  -2  -2  -4   0   1    2   0   0   0   3   0   1   0   1  10  30   0  24  13   0   3   3   0   3   8  0.84 0.44
  100 F    -3  -6  -5  -7   2  -5  -6  -4   0  -4  -2  -6  -5   7  -7  -2  -4  -2   7  -4    2   0   0   0   4   0   0   1   2   0   3   0   0  45   0   3   1   0  37   0  1.92 0.78
  101 F    -3  -7  -7  -7   0  -7  -7  -5  -6   1   2  -7  -1   8  -7  -3  -4  -3  -2   0    2   0   0   0   2   0   0   1   0   6  16   0   1  62   0   2   1   0   0   6  1.71 0.70
  102 V    -2  -6  -5  -6  -4  -6  -4  -5  -1  -2   0  -6  -2   8  -7  -1  -3  -1   4   1    3   0   0   0   0   0   1   1   1   2   8   0   1  55   0   6   2   0  11   8  1.43 0.63
  103 I    -1  -4  -2  -3   2  -3  -4  -1   4   2   2  -4   1   3  -4  -1  -1  -4  -1   1    5   0   1   1   4   0   0   5  12  11  24   0   3  13   0   4   4   0   1  10  0.37 0.27
  104 L     1  -4  -3  -4   1  -3  -4   0  -3   0   1  -4   1   4  -4   2   1   2  -1   0   15   0   0   0   3   1   0   6   0   4  12   0   3  20   0  15  11   3   1   7  0.34 0.28
  105 F    -3  -6  -5  -7   1  -6  -6  -5  -4  -1   4  -5   2   7  -6  -2  -2  -2  -1  -2    2   0   0   0   3   0   0   1   0   2  40   0   4  39   0   3   2   0   1   2  1.24 0.57
  106 G     3  -5  -4  -4  -1  -5  -3   5  -5  -1  -2  -5  -1  -5  -5  -2  -2  -6  -6   1   27   0   0   1   1   0   1  48   0   3   3   0   1   0   0   2   2   0   0  10  1.00 0.52
  107 A     1  -4  -1  -1   4  -3  -3   3  -1   0  -2  -3  -2  -3  -3   2   3  -5  -3   1   11   0   2   4   9   0   0  19   1   7   2   0   1   1   1  15  18   0   1   8  0.38 0.29
  108 T     2  -5  -2  -4  -1  -4  -4  -3  -5  -1  -2  -4   1  -3  -5   2   6  -4  -5   1   16   0   1   0   1   0   0   2   0   4   4   0   4   1   0  13  45   0   0   8  0.83 0.51
  109 E    -5  -5  -1   2  -8  -2   8  -5  -3  -6  -7  -3  -5  -8  -6  -4  -5  -8  -7  -6    0   0   3  11   0   1  81   1   0   0   0   1   0   0   0   0   0   0   0   0  2.14 0.92
  110 F    -1  -6   0  -4   9  -6  -6  -2  -5   0  -2  -6   1   2  -6   0  -2  -4   0  -1    4   0   5   1  46   0   0   4   0   5   4   0   3  10   0   8   2   0   3   4  1.40 0.61
  111 F    -2  -5  -5  -6   3  -5  -6  -5  -2   1   2  -6   0   6  -6  -3  -3  -2   4   1    4   0   0   0   5   0   0   1   1   8  20   0   2  37   0   1   1   0  11   9  0.97 0.47
  112 L    -5  -6  -7  -7  -4  -6  -7  -7  -5   2   6  -6   1   1  -6  -6  -4  -5  -3  -2    0   0   0   0   0   0   0   0   0   9  78   0   3   5   0   0   1   0   1   2  1.60 0.69
  113 L    -6  -7  -8  -8  -6  -7  -7  -8  -7  -1   7  -7  -1  -2  -7  -7  -6  -6  -2  -3    0   0   0   0   0   0   0   0   0   2  93   0   1   1   0   0   0   0   2   1  2.11 0.85
  114 A     5  -5  -4  -5  -2  -4  -4  -1  -5  -2  -5  -4  -2  -6  -3   1   4  -6  -5   1   50   0   0   0   1   0   0   4   0   1   0   0   1   0   1  11  23   0   0   8  1.01 0.57
  115 A     3  -5  -5  -5  -3  -5  -5  -4  -6   1  -1  -5   1  -2  -5   0   0  -6  -5   5   28   0   0   0   0   0   0   0   0   7   4   0   3   2   0   7   4   0   0  43  0.88 0.50
  116 M    -6  -7  -8  -8  -7  -6  -7  -8  -7  -4  -3  -7  11  -5  -8  -7  -4  -7  -7  -4    0   0   0   0   0   0   0   0   0   0   1   0  97   0   0   0   1   0   0   1  3.93 1.38
  117 S     7  -6  -5  -6  -3  -5  -5  -1  -6  -6  -6  -5  -5  -7  -4   3  -4  -7  -6  -5   74   0   0   0   0   0   0   4   0   0   0   0   0   0   0  20   0   0   0   0  1.71 0.81
  118 Y    -6  -6  -6  -8  -1  -5  -7  -7  -2  -3  -2  -7  -4   4  -8  -5  -6  -2  10  -3    0   0   0   0   2   0   0   0   0   1   3   0   0  12   0   0   0   0  77   2  2.70 1.02
  119 D    -6  -7  -2   9  -8  -5  -3  -6  -4  -8  -9  -6  -8  -8  -7  -5  -6  -9  -8  -8    0   0   1  98   0   0   0   0   0   0   0   0   0   0   0   0   0   0   0   0  3.09 1.13
  120 R    -6   9  -5  -7  -1  -3  -5  -7  -1  -8  -6  -3  -6  -8  -5  -5  -6  -4  -7  -7    0  93   0   0   1   1   0   0   2   0   1   0   0   0   1   0   0   0   0   0  2.83 1.08
  121 Y    -6  -5  -7  -7   0  -7  -7  -8  -1  -6  -5  -7  -6   4  -8  -6  -7  -3  10  -6    0   1   0   0   2   0   0   0   1   0   1   0   0  15   0   0   0   0  80   0  3.01 1.11
  122 V     0  -5  -5  -7  -4  -4  -6  -6  -6   1   2  -5   2  -4  -6  -4  -2  -6  -5   6    9   0   0   0   0   1   0   0   0   7  17   0   5   0   0   1   2   0   0  59  1.21 0.59
  123 A     7  -6  -7  -6  -5  -6  -6  -5  -7  -6  -6  -6  -6  -7  -6  -3  -4  -8  -7  -4   98   0   0   0   0   0   0   0   0   0   0   0   0   0   0   0   1   0   0   1  2.46 1.03
  124 I    -6  -8  -8  -8  -6  -8  -8  -8  -8   8  -3  -8  -3  -5  -8  -7  -5  -8  -6   2    0   0   0   0   0   0   0   0   0  89   1   0   0   0   0   0   0   0   0  10  2.59 0.97
  125 C    -5  -6  -7  -9  12  -8  -9  -6  -5  -6  -6  -9  -7  -6  -8  -2  -6  -5  -3  -5    0   0   0   0  93   0   0   1   0   0   0   0   0   0   0   3   0   0   1   0  4.10 1.32
  126 K    -4   3   5  -1  -2   1  -3  -5   6  -4  -5   3  -4  -1  -5  -1  -3  -2   0  -5    0  13  25   3   1   6   0   0  21   1   1  16   0   2   0   5   1   1   3   0  0.90 0.49
  127 P    -5  -8  -8  -7  -8  -7  -7  -8  -5  -8  -7  -6  -8  -9   9  -5  -6  -9  -8  -8    1   0   0   0   0   0   0   0   0   0   1   0   0   0  98   0   0   0   0   0  3.47 1.26
  128 L    -6  -7  -8  -9  -6  -6  -8  -9  -8  -3   7  -7  -2  -3  -8  -7  -6  -4  -6  -4    0   0   0   0   0   0   0   0   0   0  98   0   0   1   0   0   0   0   0   0  2.34 0.93
  129 H    -6   5  -3  -6  -3   0  -5  -7   9  -4   2  -3  -4  -4  -6  -4  -4  -6  -1  -5    0  30   1   0   1   3   0   0  41   1  18   1   0   0   0   1   1   0   2   1  1.66 0.74
  130 Y    -7  -7  -8  -7  -6  -7  -7  -9  -3  -7  -7  -8  -7  -2  -9  -7  -7  -3  10  -7    0   0   0   0   0   0   0   0   0   0   0   0   0   0   0   0   0   0  99   0  3.82 1.35
  131 V     0  -2   0  -3  -2  -2  -1  -1   0  -2  -2  -2   2  -3   4   2   3  -5  -4  -1    8   2   4   0   1   1   3   4   3   2   4   1   5   1  19  15  23   0   0   3  0.44 0.33
  132 V     0  -3  -2  -4  -3  -1  -3  -4  -4   1   0  -3   1  -3  -4   1   4  -5  -4   4    9   1   2   0   0   2   1   0   0   8   8   1   3   1   0  11  25   0   0  28  0.53 0.37
  133 I    -2  -2  -4  -5  -4  -5  -5  -6  -2   6   2  -2   0  -3  -6  -3   0  -6  -5   2    3   3   1   0   0   0   0   0   1  51  17   2   2   1   0   1   6   0   0  12  1.02 0.50
  134 M    -6  -6  -8  -9  -7  -6  -8  -8  -7  -1  -2  -6  11  -5  -7  -7  -5  -7  -7  -3    0   0   0   0   0   0   0   0   0   3   2   0  92   0   0   0   0   0   0   2  3.62 1.30
  135 N    -3  -1   5  -2  -1  -3  -4  -2   2  -5  -6  -3  -5  -6  -3   5   3  -7  -5  -6    0   3  31   2   2   0   0   2   4   1   0   1   0   0   1  39  15   0   0   0  1.13 0.62
  136 N    -2   3   0  -3  -5   2  -2  -1   3  -4  -3   2  -3  -3   4   0   0   4  -2  -3    1  15   4   1   0   9   1   5   7   1   2  11   0   1  23   7   5   5   1   2  0.53 0.35
  137 R    -2   5  -1  -3  -2   3  -1   0   1  -4  -4   3  -1  -5  -2  -1  -1   1  -3  -3    3  33   2   1   1  13   2   8   3   1   1  17   1   0   2   5   4   2   0   2  0.64 0.40
  138 V     0   0  -5  -5  -1  -4  -5  -5  -2   1   3  -3   1   1  -5  -3   0  -4  -3   4    7   5   0   0   1   0   0   0   1   6  29   1   4   6   0   1   5   0   0  32  0.60 0.36
  139 C    -5  -4  -7  -8  12  -4  -8  -6  -7  -6  -6  -8  -6  -6  -7  -3  -5  -3   0  -5    0   1   0   0  88   1   0   1   0   0   1   0   0   0   0   2   1   0   3   0  3.79 1.24
  140 T     0  -1  -3  -4  -1  -2  -3   0  -1   2   2  -2   1   0  -4  -1   0   2  -1   2    8   3   1   0   1   2   0   7   2  16  18   1   3   4   0   5   7   3   2  18  0.20 0.18
  141 L    -1   1  -2  -3   2   4  -1   0   0  -1   2   0   0  -1  -3   0  -1   2  -1  -1    3   8   1   0   4  24   1   6   2   3  20   6   2   2   1   6   2   3   1   4  0.28 0.26
  142 L    -5  -6  -7  -8  -5  -6  -7  -7  -5  -1   6  -6   6  -1  -7  -5  -4  -6  -5  -2    0   0   0   0   0   0   0   0   0   2  76   0  16   3   0   1   1   0   0   1  1.76 0.75
  143 V     4  -4  -5  -6  -4  -5  -5  -3  -6   2   0  -4   1  -4  -5  -2  -1  -6  -5   5   30   1   0   0   0   0   0   2   0   8   7   0   3   0   0   2   4   0   0  42  0.88 0.49
  144 L     3  -4  -4  -4  -1  -4  -4   1  -4   1   2  -4   0  -1  -4   0   1  -1  -3   2   29   0   0   0   1   0   0   9   0   8  19   0   2   3   0   7   7   1   0  13  0.37 0.29
  145 C     2  -4  -3  -4   2  -4  -4   4  -4   0   0  -4   0  -1  -4   1   0   0  -4   1   19   0   0   0   4   0   1  28   0   6   8   0   2   3   0   9   7   1   0  10  0.41 0.29
  146 C     2  -5  -4  -5   6  -4  -5  -4  -5  -3  -3  -4  -3  -4   0   6   0  -6  -5  -1   14   0   0   0  14   0   0   0   0   1   2   0   0   1   4  53   5   0   0   5  1.14 0.63
  147 W    -6  -7  -8  -9   1  -7  -8  -5  -5  -6  -3  -8  -3   0  -8  -6  -6  12   5  -6    1   0   0   0   3   0   0   1   0   0   3   0   1   4   0   0   0  66  20   0  3.42 1.17
  148 V     1  -4  -5  -5   0  -4  -5  -1  -5   3   3  -4   2   1  -5  -1   0  -3  -3   3   11   0   0   0   2   0   0   4   0  15  25   0   4   6   0   4   6   0   0  21  0.46 0.30
  149 A     0  -4  -3  -4   4  -3  -4   2  -3   2   0  -4   1   0  -3   1   0   1   0   1    9   0   1   0   9   0   0  17   0  13  10   0   4   5   0  13   7   2   3   8  0.27 0.23
  150 G     0  -6  -4  -5  -1  -5  -6   7  -6  -6  -7  -5  -4  -7  -4   1  -2  -7  -7  -5    8   0   0   0   1   0   0  73   0   0   0   0   1   0   1  12   2   0   0   1  1.73 0.73
  151 L    -2  -5  -2  -6   2  -5  -5  -4  -2   1   2  -5   1   7  -5  -1  -1  -2  -1   0    3   0   2   0   5   0   0   1   1   7  16   0   3  43   0   6   4   0   1   7  0.91 0.46
  152 M    -1  -5  -5  -5  -1  -4  -5  -2  -5   2   4  -4   2   2  -1  -1   0  -2  -3   2    5   0   0   0   1   0   0   3   0  12  38   0   4   8   3   5   5   0   0  14  0.51 0.31
  153 I    -1  -3   4   0   1  -2  -3  -1   5   1  -1  -3  -2  -1  -3   1   0  -1   1   0    5   0  21   6   3   1   0   4  13   7   7   0   0   2   1  10   4   1   5   9  0.31 0.26
  154 I     3  -4  -2  -4  -2  -3  -3   0  -3  -1  -3  -4  -2  -2  -1   5   0  -4  -3  -1   24   0   1   0   0   1   1   8   1   4   1   0   1   2   3  44   4   0   1   4  0.72 0.48
  155 V     0  -5  -5  -5  -1  -3  -5  -4  -5   2   4  -4   2   1  -3   0   1  -1  -3   2    7   0   0   0   1   1   0   1   0  11  40   0   5   5   1   6   8   1   0  11  0.53 0.33
  156 P     0  -4  -4  -5  -1  -4  -4  -1  -5   4   2  -4   2   1  -1  -1   1  -1  -3   3    6   0   0   0   1   0   0   4   0  24  17   0   4   5   4   3   8   1   0  21  0.44 0.28
  157 P    -3  -3   0  -3  -3   4   0  -4   8  -2  -1  -2  -2  -1   2  -3  -2  -5   0  -2    1   1   4   1   1  20   4   1  33   2   6   2   1   2  12   1   2   0   3   3  0.95 0.52
  158 L    -1  -5  -2  -4  -2  -4  -4  -4  -4   1  -1  -4  -1  -3  -4   1   6  -6  -5   2    6   0   1   0   1   0   1   1   0   8   6   0   2   1   0   8  53   0   0  12  1.00 0.56
  159 S     1  -3  -2  -4   1  -3  -3   0  -3   2   1  -3   0   0  -2   1   1  -1   1   2   10   0   1   0   3   0   0   9   0  11  15   1   2   5   2  12   8   1   5  15  0.17 0.18
  160 L    -1  -4  -1  -3   2  -2  -4  -3  -4   0   3  -3   3   3  -3  -1  -2   3   0  -1    4   0   3   2   5   2   0   2   0   5  36   1   7  15   2   4   2   4   3   4  0.44 0.29
  161 G     0  -4  -4  -5  -3  -4  -5  -4  -4   4   1  -3   4  -2  -4  -2   4  -5  -4   2    9   0   0   0   0   0   0   1   0  23  10   1  10   1   1   2  32   0   0  11  0.75 0.45
  162 L     0  -4  -3  -5  -2  -4  -5  -4  -3  -1   2  -4   2   6  -4   2  -1  -2   0   0    7   0   1   0   1   0   0   1   0   2  21   0   5  34   1  16   3   0   2   5  0.72 0.42
  163 Q    -3   4   1  -2  -2   4  -2  -2   3  -3  -4   0  -2  -5  -2   2   1   1  -3  -3    1  24   5   1   1  21   1   2   7   2   1   4   1   0   2  15   8   2   0   1  0.59 0.40
  164 L    -5  -6  -6  -6  -5  -4  -6  -5  -3  -1   6  -5   1   1  -7  -4  -4  -3  -4   0    0   0   0   0   0   1   0   1   1   1  80   0   3   5   0   1   0   0   0   4  1.54 0.68
  165 E    -3  -3  -1  -1  -2  -2  -2  -4   1  -4  -5  -2  -5  -5   6   3   1  -4  -2  -4    1   1   3   3   1   1   2   0   3   1   1   2   0   0  41  25   9   0   1   1  1.07 0.56
  166 F    -7  -3  -7  -8  -3  -7  -7  -8  -5  -4  -1  -7  -3   9  -8  -6  -5  -4   4  -5    0   1   0   0   1   0   0   0   0   1   6   0   0  77   0   0   0   0  12   0  2.54 0.93
  167 C    -6  -5  -7  -9  12  -7  -9  -7  -5  -7  -6  -8  -7  -5  -7  -3  -6  -8  -3  -6    0   1   0   0  94   0   0   0   0   0   0   0   0   1   0   2   0   0   1   0  4.17 1.33
  168 D    -1   0   0   0  -4  -2  -2   6   0  -4  -6  -1  -5  -5  -4  -1  -2  -6  -5  -5    5   6   4   5   0   2   2  59   2   1   0   4   0   0   1   5   2   0   0   1  1.06 0.50
  169 S    -1  -3   0  -1  -5  -2  -3  -3   3  -5  -4  -2  -5  -5   6   4  -1  -6  -2  -4    4   1   4   4   0   2   1   2   6   0   1   2   0   0  35  32   3   0   1   1  1.01 0.55
  170 N    -5   2   8  -1  -3  -1  -4  -3   3  -6  -4  -1  -3  -4  -4  -2  -3  -3  -3  -4    0   9  63   2   1   3   0   1   7   0   2   3   1   1   1   2   1   0   1   1  1.53 0.70
  171 A    -2   0  -3  -2  -2   1   3  -3   0   3  -1   0  -2  -2  -4  -2   0  -4  -3   3    3   6   0   1   1   7  20   1   2  15   3   7   1   1   0   1   7   0   1  25  0.37 0.30
  172 I    -5  -7  -7  -7  -5  -7  -7  -8  -7   8   0  -7   0  -4  -6  -6  -5  -7  -5   3    0   0   0   0   0   0   0   0   0  72   8   0   2   0   0   0   0   0   0  16  1.97 0.78
  173 D    -3  -2   6   5  -6  -1  -2  -4   4  -6  -6  -2  -6  -6   1   0  -3  -7  -2  -6    1   2  34  31   0   2   2   0   9   0   0   2   0   0   7   5   1   0   1   0  1.15 0.57
  174 H    -6  -5   0  -3  -8   1  -5  -6  11  -8  -5  -6  -6  -4  -7  -2  -6  -7   0  -8    0   0   4   1   0   6   0   0  80   0   1   0   0   1   0   3   0   0   3   0  3.08 1.11
  175 F    -7  -7  -8  -8  -6  -8  -8  -8  -5  -2  -3  -8  -5   9  -8  -5  -7  -4   3  -5    0   0   0   0   0   0   0   0   0   2   2   0   0  84   0   1   0   0   9   1  2.84 1.01
  176 S    -4  -7  -6  -7  -5  -7  -7  -6  -4  -2   0  -7  -1   9  -7  -3  -3  -3   4  -2    1   0   0   0   0   0   0   0   0   2   7   0   1  69   0   2   2   0  13   2  2.10 0.81
  177 C    -6  -7  -8  -9  12  -8  -9  -8  -5  -7  -7  -8  -7  -8  -8  -6  -6  -8  -8  -6    0   0   0   0  98   0   0   0   0   0   0   0   0   0   0   0   0   0   0   0  4.51 1.40
  178 D    -3  -5  -3   8  -8  -4   4  -5  -2  -7  -8  -4  -7  -8  -5  -4  -5  -8  -7  -7    2   0   1  69   0   0  25   0   1   0   0   1   0   0   0   0   0   0   0   0  2.12 0.87
  179 A    -2  -4  -3  -2  -3  -4  -4  -3  -3   4   2  -4   2   1  -1  -1  -1  -4  -1   3    3   0   1   3   0   0   1   2   1  29  19   0   6   6   3   4   3   0   1  17  0.48 0.30
  180 G     0  -2  -2  -2  -5  -1  -3  -1  -2  -3   0  -2  -2  -1   6   1   0  -4  -1  -2    8   2   1   2   0   2   1   4   1   2   9   2   1   3  43   9   6   0   2   2  0.81 0.44
  181 P     2  -3  -5  -5  -6   2  -3  -5  -2  -4  -2  -4  -4  -5   7   0  -3  -3  -6  -2   16   1   0   0   0   8   1   0   1   1   4   0   0   0  56   6   1   0   0   3  1.49 0.69
  182 L    -4  -6  -7  -7  -4  -6  -6  -7  -7   2   5  -6   2  -2  -6  -5  -4  -2  -5   3    0   0   0   0   0   0   0   0   0   9  62   0   4   1   0   0   0   0   0  22  1.36 0.61
  183 L    -4  -5  -7  -7  -5  -3  -6  -7  -6   3   5  -6   3   0  -6  -4  -4  -4  -4   1    1   0   0   0   0   1   0   0   0  15  63   0   7   4   0   1   0   0   0   7  1.28 0.58
  184 K     0   2   0  -3  -5   2   0  -3   1  -4  -3   6  -1  -5  -2   0  -2  -4  -4  -3    9  10   4   1   0   8   5   1   3   1   2  44   1   0   2   5   2   0   0   2  0.72 0.43
  185 I    -4  -6  -7  -8  -5  -6  -7  -8  -5   1   6  -6   0  -4  -6  -6  -5  -6  -5  -1    1   0   0   0   0   0   0   0   0   7  85   0   2   0   0   0   0   0   0   3  1.79 0.75
  186 S     5  -5  -4  -4  -5  -4  -5  -4  -5  -4  -4  -4  -5  -5  -4   5  -1  -7  -6  -1   40   0   0   0   0   0   0   0   0   1   2   0   0   0   0  49   3   0   0   3  1.32 0.71
  187 C    -5  -7  -6  -7  12  -8  -9  -6  -8  -7  -7  -8  -7  -6  -8  -3  -5  -8  -5  -6    0   0   0   0  94   0   0   1   0   0   0   0   0   0   0   3   1   0   1   0  4.17 1.32
  188 S     2  -3  -1  -3  -4  -2  -3   1  -4  -2  -4  -2  -1  -5  -3   5   3  -6  -4   0   13   1   2   1   0   1   1   8   0   2   0   2   2   0   1  44  16   0   0   7  0.71 0.47
  189 D    -5  -4   2   8  -7  -3  -1  -3  -2  -7  -7  -3  -6  -7  -1  -1  -5  -8  -4  -6    0   1   9  73   0   0   3   2   1   0   0   1   0   0   3   5   0   0   1   0  1.91 0.80
  190 T    -1  -4  -3  -4  -5  -5  -4  -5  -5   1  -4  -3  -2  -4  -1   0   7  -4  -4   0    4   1   1   0   0   0   1   0   0   8   1   2   1   0   3   6  67   0   0   5  1.39 0.71
  191 W    -2   1  -2  -3  -4   0  -2  -2   5  -3  -2  -2  -2   3  -1   3   1   2   4  -3    2   8   1   1   0   4   1   2  13   1   3   2   1  11   3  22   8   2  13   1  0.43 0.33
  192 V     0  -1  -2  -3  -3  -2  -3  -3  -1   3   2  -3   2   1  -2  -1   0   0  -2   2    7   3   2   1   0   1   1   1   2  17  22   1   5   5   2   4   7   1   1  18  0.26 0.20
  193 I    -1  -3   6  -2  -3  -3  -3  -3  -1   1   0  -1  -2  -1  -3   0   1  -5   1   0    5   1  38   1   0   0   0   1   1  10   9   3   1   3   1   7   7   0   4   7  0.55 0.37
  194 E    -4  -2   0   0  -7   3   6  -2  -1  -4  -4   1  -3  -4  -5  -3  -3  -6  -5  -2    1   2   4   3   0  11  59   4   1   1   1   6   1   1   0   1   1   0   0   3  1.19 0.62
  195 Q    -1  -2  -4  -4  -4  -2  -3  -4  -1   3   3  -2   3   1  -4  -2   1   1  -1   1    6   2   1   1   0   1   1   1   2  18  31   3   9   5   1   2   8   2   2  10  0.41 0.27
  196 M     0  -3  -4  -5  -3  -2  -2  -2  -5   2   3  -4   3   0  -5  -2   0  -3  -3   4    7   1   0   0   0   2   3   3   0  12  24   0   9   3   0   2   4   0   0  29  0.50 0.32
  197 V    -1  -4  -2   0   0  -3  -4  -2  -4   3   2  -3   4   0  -3  -2   0  -4  -2   2    5   0   2   6   2   0   1   3   0  20  23   1  11   3   1   2   5   0   1  17  0.41 0.27
  198 I    -2  -5  -3  -5  -4  -4  -5  -5  -1   1   2  -5   0   6  -5  -1  -1  -2   4   0    3   0   2   0   0   0   0   1   1   6  17   0   2  39   0   6   3   0  12   6  0.90 0.45
  199 L     1  -4  -4  -5   0  -4  -4  -2  -5   4   1  -4   0   2  -4  -1   1  -4  -2   3   13   0   0   0   2   0   0   3   0  22  10   0   2   8   0   5  10   0   1  22  0.44 0.30
  200 M     0  -3   0  -2   1  -2  -1  -2  -3   1   2  -3   1   2  -4   0   0  -3  -1   2   10   0   6   1   3   1   3   3   0   9  18   0   4  12   0  10   5   0   1  15  0.19 0.19
  201 A     3  -4  -1  -2   3  -4  -3   2  -3  -2  -4  -4  -3  -3  -4   3   1  -5  -3   0   24   0   3   2   6   0   0  17   0   2   1   0   0   1   0  27  10   0   1   5  0.55 0.38
  202 V     1  -4  -2  -4  -1  -4  -4   3  -4   2   0  -3  -1   0  -4   1   0  -2  -3   2   11   0   1   0   1   0   0  25   0  10   8   0   1   5   0  13   5   0   0  18  0.37 0.28
  203 F    -1  -5  -4  -5   1  -4  -5  -4  -4   3   3  -4   0   4  -2   0   0  -4  -2   2    4   0   0   0   3   0   0   1   0  15  27   0   2  19   2   7   5   0   0  15  0.52 0.32
  204 A    -2  -4   1  -3  -1  -4  -4  -3  -2   4   2  -4   2   3  -4  -2   0  -3  -2   3    3   0   9   1   1   0   0   1   1  22  15   0   4  12   1   3   5   0   0  20  0.46 0.30
  205 L     0  -4  -3  -3   0  -2  -1   1  -4   3   3  -4   0   0  -4  -1   0  -3  -3   1    7   0   0   1   2   1   4  13   0  20  26   0   1   3   0   6   5   0   0   9  0.30 0.24
  206 I    -2  -4  -5  -5  -2  -4  -5  -2  -5   2   3  -5   3   3  -2  -2   0  -2  -3   3    3   0   0   0   1   0   0   3   0  12  33   0   9  11   2   3   5   0   0  19  0.57 0.34
  207 I    -1  -4  -3  -4   1  -4  -4   2  -4   2   0  -4   0   2  -2   1   1  -4  -2   2    3   0   0   0   3   0   0  19   0  13   9   0   2  11   2  14   8   0   1  15  0.31 0.26
  208 T    -2  -6  -2  -5   5  -5  -5  -5  -6  -3  -5  -5  -5  -5   6   3   3  -3  -6  -4    3   0   2   0  11   0   0   0   0   1   1   0   0   0  43  19  18   0   0   1  1.39 0.67
  209 L    -3  -6  -5  -6   1  -6  -6  -4  -5   1   3  -6   1   7  -4  -3  -2  -3  -2   0    2   0   0   0   3   0   0   1   0   7  29   0   3  43   1   2   2   0   0   6  1.14 0.53
  210 V    -1  -4  -4  -5   1  -4  -5  -2  -5   2   4  -4   1   1  -4   1   0  -3  -3   1    6   0   0   0   3   0   0   4   0  12  38   0   3   5   0  12   6   0   0  10  0.48 0.32
  211 C    -2  -5  -5  -5   1  -5  -5  -1  -5   2   4  -5   0   3  -3  -2   0  -3  -1   2    3   0   0   0   3   0   0   6   0  12  37   0   1  14   1   2   5   0   1  13  0.56 0.33
  212 V    -4  -6  -5  -6  -5  -6  -6  -7  -7   7   0  -6  -1  -4  -6  -4   3  -6  -5   2    1   0   1   0   0   0   0   0   0  58   7   0   1   0   0   1  17   0   0  14  1.47 0.65
  213 I    -1  -5  -5  -6   0  -5  -5  -5  -5   3   4  -5   2   1  -5  -2  -1  -3  -3   2    5   0   0   0   2   0   0   1   0  15  45   0   4   7   0   4   4   0   0  14  0.74 0.40
  214 L     1  -4  -4  -5  -1  -4  -5  -1  -5   4   1  -4   1   1  -5  -1   1  -4  -1   3   11   1   0   0   1   0   0   4   0  25  12   0   2   5   0   4   8   0   2  24  0.48 0.31
  215 S    -3  -6  -4  -5  -2  -5  -5  -5  -6  -7  -7  -5  -5  -6  -4   8  -1  -8  -7  -5    1   0   0   0   1   0   0   0   0   0   0   0   0   0   1  93   3   0   0   1  2.34 1.04
  216 Y    -7  -7  -7  -7  -4  -7  -7  -8  -3  -7  -6  -7  -6  -2  -8  -6  -7  -3  10  -7    0   0   0   0   0   0   0   0   0   0   1   0   0   0   0   1   0   0  97   0  3.68 1.30
  217 L     1  -4  -4  -4   0  -4  -4   1  -4   3   0  -4   1   0  -4   0   2  -3  -2   3   14   0   0   0   2   0   0  14   0  18   7   0   4   4   0   5  12   0   1  19  0.35 0.27
  218 Y    -3   2  -1  -4   5   0  -4  -4   4  -2   1  -1  -1   4  -4  -2  -4  -1   4  -1    2  12   3   0  11   5   0   1   9   1  12   4   1  18   0   2   0   0  16   3  0.60 0.36
  219 I    -6  -8  -8  -8  -6  -7  -7  -8  -8   8  -3  -7  -4  -5  -7  -7  -5  -7  -6   1    0   0   0   0   0   0   0   0   0  92   0   0   0   0   0   0   0   0   0   7  2.65 0.98
  220 V    -1  -5  -6  -6  -4  -5  -6  -4  -6   5   3  -5   0   3  -6  -4  -2  -5  -2   2    6   0   0   0   0   0   0   1   0  30  31   0   1  11   0   1   2   0   1  15  0.86 0.43
  221 R     1   1  -2  -3   1  -1  -3  -2   1   0   0  -1   0   0  -3   3   0   0   0   1   11  10   2   0   3   2   0   1   3   7   9   2   2   4   1  25   5   1   3  10  0.19 0.22
  222 T     4  -4  -2  -5  -4  -4  -4  -4  -2  -3  -5  -4  -4  -4  -4   3   5  -6  -3  -2   35   0   1   0   0   0   0   0   1   1   0   0   0   1   0  18  39   0   1   2  1.13 0.63
  223 I    -4  -6  -5  -6  -5  -6  -6  -7  -7   7  -1  -6  -1  -4  -6  -5  -4  -6  -5   5    1   0   0   0   0   0   0   0   0  54   3   0   1   0   0   0   1   0   0  38  1.73 0.70
  224 L    -4  -4  -7  -7  -2  -3  -6  -6  -4   0   6  -5   2   1  -6  -5  -4   0  -3  -1    1   1   0   0   1   1   0   1   0   4  74   0   5   4   0   1   0   1   1   3  1.35 0.62
  225 K    -4   6  -2  -5  -3   1  -3  -2   2  -6  -6   5  -5  -7  -6  -2  -4  -1  -5  -6    1  47   2   0   1   6   1   3   5   0   0  31   0   0   0   2   0   1   0   0  1.42 0.67
  226 F    -4  -3  -3  -6  -5  -3  -6  -6  -5   7  -1  -3   6  -2  -6  -4  -1  -6  -5   1    1   1   2   0   0   1   0   1   0  54   4   1  20   2   0   1   4   0   0   8  1.37 0.62
  227 P    -2   3  -1  -4  -1   2  -3  -3   4  -6  -4   0  -5  -6   6   1  -2  -5  -4  -5    2  15   3   0   1   8   0   2  11   0   1   6   0   0  37  11   2   0   0   0  1.00 0.53
  228 S    -3  -5  -3  -5  -4  -5  -4  -5  -5  -5  -6  -5  -5  -7  -3   7   0  -6  -5  -5    1   0   0   0   0   0   1   0   0   1   1   0   0   0   1  87   6   0   0   1  2.07 0.95
  229 V     4  -2  -2  -3  -2  -2  -2  -1  -2  -2  -3  -1  -2  -3  -2   2   2  -4  -4   0   39   1   2   1   0   1   2   5   1   2   2   3   0   1   2  16  15   0   0   7  0.51 0.37
  230 Q     1   0  -2   0  -4   3   4   0  -1  -4  -4   1  -3  -5  -4   1   1  -4  -4  -4    9   4   1   3   0  11  33   6   1   1   1   8   1   0   0   9   9   0   0   1  0.53 0.37
  231 Q    -2  -3  -4  -4  -5  -3  -3   7  -4  -7  -8  -5  -4  -7  -6  -1  -5  -7  -7  -5    3   2   0   1   0   1   2  83   0   0   0   0   1   0   0   5   0   0   0   1  2.02 0.81
  232 R    -5   8  -4  -6  -3   0  -4  -6  -1  -3  -3   3  -4  -6  -6  -3  -4   1  -3  -5    0  69   0   0   1   4   0   0   1   1   3  14   0   0   0   1   0   2   1   0  1.79 0.78
  233 K    -3   4  -1  -4   0   4  -2  -3   4  -4  -3   2  -2  -2  -5   1  -2   1   2  -4    1  23   2   0   2  17   1   2  11   1   3  14   1   2   0   9   2   2   7   0  0.62 0.41
  234 K    -6   1  -3  -6  -8  -3  -4  -7  -5  -8  -7   8  -6  -8  -5  -5  -5  -8  -7  -7    0   6   1   0   0   0   0   0   0   0   0  92   0   0   0   0   0   0   0   0  2.60 1.04
  235 A     7  -6  -6  -6  -5  -5  -5  -3  -6  -4  -5  -5  -5  -7  -5  -2   1  -7  -6  -1   82   0   0   0   0   0   0   1   0   1   0   0   0   0   0   1  10   0   0   4  1.82 0.84
  236 F    -5  -7  -8  -9  -6  -8  -8  -8  -6  -3   1  -8  -1   9  -8  -6  -6  -4  -1  -4    1   0   0   0   0   0   0   0   0   1  12   0   1  83   0   0   0   0   1   1  2.71 0.99
  237 S    -1  -5  -1  -5  -3  -4  -5  -2  -4  -7  -7  -5  -6  -5  -5   7  -1  -8  -4  -6    3   0   3   0   0   0   0   3   0   0   0   0   0   1   0  86   2   0   0   0  1.99 0.94
  238 T    -4  -6  -5  -6  -6  -6  -6  -7  -7  -4  -6  -5  -6  -7  -5  -3   8  -8  -7  -5    1   0   0   0   0   0   0   0   0   1   0   0   0   0   0   1  97   0   0   0  2.77 1.14
  239 C    -6  -7  -8  -9  12  -8  -9  -7  -9  -6  -4  -9  -7  -4  -8  -6  -6  -4  -6  -6    0   0   0   0  96   0   0   0   0   0   2   0   0   1   0   0   0   0   0   0  4.36 1.38
  240 S     4  -5  -3  -4  -4  -4  -4   3  -5  -3  -3  -4  -3  -4  -5   4   1  -6  -5  -1   29   0   0   0   0   0   0  20   0   1   2   0   0   1   0  34   8   0   0   4  0.84 0.51
  241 S     1  -5  -4  -5  -4  -5  -5  -4  -4  -7  -6  -5  -6  -4   0   7  -2  -7  -4  -6   11   0   0   0   0   0   0   1   0   0   0   0   0   1   5  80   1   0   0   0  1.86 0.90
  242 H    -7  -4  -5  -6  -9  -3  -6  -8  12  -9  -8  -6  -7  -7  -6  -7  -7  -3  -3  -9    0   1   0   0   0   1   0   0  97   0   0   0   0   0   0   0   0   0   0   0  4.14 1.38
  243 M    -5  -6  -7  -8  -4  -6  -6  -8  -5   2   6  -7   2   1  -7  -6  -5  -6  -5  -1    0   0   0   0   0   0   0   0   0  10  76   0   5   5   0   0   0   0   0   2  1.61 0.70
  244 I     0  -5  -3  -5   0  -5  -5  -4  -5   3   0  -5   2  -3  -5   0   6  -6  -5   1    8   0   0   0   2   0   0   1   0  16   7   0   6   1   0   6  46   0   0   7  0.91 0.53
  245 V     2  -6  -7  -6  -2  -6  -6  -4  -7   0  -3  -6  -2  -4  -6  -2  -2  -7  -5   7   15   0   0   0   1   0   0   1   0   2   1   0   1   0   0   3   2   0   0  73  1.60 0.73
  246 V    -3  -7  -8  -8  -5  -7  -7  -8  -8   1  -2  -7  -3  -2  -7  -6  -4  -7  -6   8    2   0   0   0   0   0   0   0   0   6   2   0   0   2   0   0   1   0   0  87  2.17 0.89
  247 S     0  -4  -3  -4   2  -4  -4  -1  -5   1   0  -4  -1   0  -4   4   3  -2  -4   1    5   0   0   0   4   0   0   5   0   9   7   0   1   5   0  30  22   0   0   9  0.52 0.39
  248 I    -5  -6  -7  -7  -1  -6  -6  -7  -6   4   5  -6   3   0  -6  -4  -2  -5  -4   1    0   0   0   0   1   0   0   0   0  25  54   0   6   3   0   1   2   0   0   8  1.23 0.56
  249 A    -4  -6  -7  -8  -3  -4  -7  -4   1  -3  -1  -7  -1   8  -7  -3  -5   0   4  -4    1   0   0   0   1   1   0   1   4   1   4   0   1  69   0   2   1   1  13   1  2.09 0.82
  250 Y    -6  -7  -6  -8  -3  -3  -7  -7   1  -5  -2  -7  -4   5  -8  -5  -6  -3   9  -5    0   0   0   0   1   1   0   0   2   0   4   0   0  19   0   1   0   0  70   0  2.52 0.97
  251 G    -2  -6  -4  -5  -1  -6  -5   7  -6  -3  -4  -6  -3  -4  -6   0  -3  -5  -7  -1    2   0   0   0   1   0   1  78   0   1   2   0   1   1   0   7   1   0   0   5  1.76 0.74
  252 S     0  -5  -3  -5   2  -4  -5  -4  -4  -4  -5  -5  -2  -3   3   4   6  -7  -6  -4    6   0   0   0   4   0   0   1   0   1   0   0   1   1  12  27  47   0   0   0  1.21 0.66
  253 C     2  -4  -3  -5   4  -3  -4   1  -4   2   1  -4   0  -2  -3   0   0  -5  -4   2   20   0   1   0  10   1   0  12   0  15  16   0   2   1   1   5   4   0   0  12  0.40 0.28
  254 I    -1  -5  -3  -5  -2  -5  -5  -3  -5   5   2  -5   4   2  -5   0   0  -4  -3   1    4   0   1   0   1   0   0   2   0  37  16   0   9  10   0   9   5   0   0   6  0.69 0.40
  255 F    -2  -5  -6  -6   1  -6  -6  -1  -5   1  -1  -6  -3   7  -6  -1  -3  -2   3   1    4   0   0   0   3   0   0   6   0   9   5   0   0  50   0   4   1   0   8   9  1.19 0.56
  256 I    -1  -2  -2  -6  -4  -4  -4  -5  -6   3   0  -5   8  -3  -5  -2   2  -6  -5   3    5   2   2   0   0   0   1   0   0  17   7   0  33   1   0   3  11   0   0  18  1.00 0.53
  257 Y    -7  -7  -7  -9  -4  -7  -8  -9   1  -7  -7  -7  -7  -1  -8  -7  -7  -1  10  -6    0   0   0   0   0   0   0   0   3   0   0   0   0   1   0   0   0   1  94   0  3.59 1.29
  258 I    -1  -5  -5  -5  -1  -5  -5  -4  -5   2   4  -5   5   1  -5  -3  -2  -5  -3   3    5   0   0   0   1   0   0   1   0  11  41   0  13   6   0   2   2   0   0  17  0.80 0.42
  259 K    -2   6  -2  -4   0   4  -3  -2  -1  -4  -2   2   0  -3  -5   1  -2   1  -4  -2    2  38   2   0   2  17   0   3   1   1   3  11   2   1   0   9   3   2   0   3  0.76 0.46
  260 P    -4  -4  -7  -6  -8  -5  -6  -7  -5  -8  -5  -5  -4  -4   9   0  -3  -8  -6  -6    1   1   0   0   0   0   0   0   0   0   1   0   0   1  86   7   1   0   0   0  2.78 1.08
  261 S     0   1   0  -2  -3   0  -2  -1   0  -2  -2   2  -2  -1   1   3   1  -3  -3  -3    8   8   5   1   0   3   1   5   2   2   3  16   1   3   7  23  10   0   0   1  0.28 0.25
  262 A     2  -2  -1  -2  -3  -1  -3  -2  -2  -3  -4  -1  -3  -4  -1   5   1  -4  -2  -1   13   2   2   1   0   2   1   2   1   2   2   4   0   1   3  50   8   0   1   4  0.71 0.47
  263 K     0  -1   2   0  -3   0  -1   1   0  -1  -2   1  -1  -3  -1   2   2  -4  -1  -1    5   3   9   4   0   3   4  12   2   4   3   8   1   1   2  21  12   0   2   4  0.18 0.18
  264 D    -2  -1   2   0  -3   1  -1  -2   5  -3  -3  -2  -3  -1  -2   2   0  -2   5  -3    3   4   8   6   1   5   4   3  14   1   3   2   1   2   2  16   4   0  21   1  0.47 0.33
  265 E     0  -3  -1  -3  -3  -3  -2  -2  -1  -4  -3  -3  -3  -2   1   6   1  -3  -2  -3    7   1   2   1   0   1   2   2   1   1   3   1   1   2   8  58   8   0   2   1  0.91 0.55
  266 V     0  -1  -2  -2  -3   1  -1  -2  -2  -1   1  -1   2   1   3   1   0  -2  -2   1    6   3   1   1   0   6   4   2   1   1  17   4   7   7  15  13   5   1   0   9  0.20 0.20
  267 A    -1  -1   1   4  -4   1   3   0   0  -2  -2  -1  -3  -4  -1   0  -1  -2  -2  -1    5   3   5  25   0   5  19   7   2   3   3   4   0   1   3   6   4   1   1   4  0.34 0.24
  268 I    -2   0  -1  -2  -3   4   0  -3   0   0   1   1   2  -1  -3   0   1   0   0  -1    2   5   2   1   0  22   4   1   2   7  13  10   6   3   1   6   9   1   3   4  0.24 0.24
  269 N    -3  -3   3   6  -5   0   0   1  -1  -5  -5  -1  -4  -6  -4   0  -2  -7  -4  -4    1   1  15  48   0   4   4  10   1   0   1   3   0   0   0   6   2   0   1   1  1.04 0.53
  270 K    -2   2  -3  -5  -6   0  -2  -4  -3  -3  -2   7   0  -6  -4  -3  -1  -2  -6  -4    3   8   1   0   0   4   2   1   1   1   5  64   3   0   0   1   4   1   0   1  1.31 0.66
  271 G     0  -4  -5  -6  -4  -3  -4  -3  -4   3   2  -4   3   2  -4  -2  -1  -2  -2   4    7   1   0   0   0   1   1   2   0  18  17   1   8  10   1   2   3   1   1  28  0.56 0.34
  272 V     2  -5  -5  -5  -3  -4  -5  -3  -5   3   2  -5   2   2  -4  -2  -2  -5  -3   4   18   0   0   1   0   0   0   1   0  15  17   0   4   7   1   3   2   0   0  30  0.61 0.37
  273 S     3  -5  -3  -5  -4  -3  -4  -3  -4  -6  -5  -5  -5  -5  -4   6   2  -7  -6  -4   26   0   1   0   0   1   0   2   0   0   1   0   0   0   1  58  10   0   0   1  1.37 0.74
  274 V    -2  -6  -7  -7  -5  -6  -6  -7  -7   3   3  -6   1  -2  -6  -5  -3  -6  -5   6    2   0   0   0   0   0   0   0   0  12  30   0   3   2   0   0   1   0   0  49  1.26 0.59
  275 L    -5  -6  -6  -7  -2  -2  -6  -6  -5   0   2  -6   4   7  -5  -3  -2  -3  -2   0    0   0   0   0   1   2   0   0   0   5  20   0   9  50   1   3   2   0   0   6  1.36 0.62
  276 T    -7  -7   0  -4  -2  -7  -7  -7   0  -5  -6  -7  -5   0  -7  -4  -3  -3  10  -5    0   0   5   1   1   0   0   0   2   1   0   0   0   3   0   1   2   0  83   1  2.90 1.12
  277 T     0  -5  -1  -5   1  -5  -5  -2  -6  -2  -5  -5  -2  -6  -5   2   7  -7  -5  -2    7   0   3   0   3   0   0   3   0   2   1   0   1   0   0  15  61   0   0   2  1.37 0.73
  278 S    -1  -6  -3  -6  -5  -5  -6  -5  -6   4   1  -6   2   0  -6  -3  -1  -6  -5   6    4   0   1   0   0   0   0   1   0  21  10   0   4   3   0   1   4   0   0  50  1.10 0.54
  279 V    -3  -6  -7  -7  -3  -6  -7  -5  -7   4   2  -6   1   1  -6  -5  -4  -6  -4   6    2   0   0   0   0   0   0   1   0  20  16   0   4   5   0   0   0   0   0  53  1.30 0.60
  280 A    -2  -6  -2  -6  -5  -5  -5  -5  -6   3  -4  -5  -3  -3   1  -1   7  -7  -6  -1    3   0   2   0   0   0   0   0   0  18   0   0   0   1   6   3  62   0   0   4  1.45 0.74
  281 P    -5  -7  -7  -7  -8  -3  -7  -8  -4  -8  -6  -6  -8  -9   9  -4  -6  -9  -8  -8    1   0   0   0   0   1   0   0   1   0   1   0   0   0  95   1   0   0   0   0  3.31 1.24
  282 L    -2  -6  -7  -7  -4  -5  -7  -7  -6  -1   3  -6   9   1  -6  -3   0  -4  -5   0    3   0   0   0   0   0   0   0   0   3  23   0  51   6   0   2   5   0   0   6  1.68 0.76
  283 L    -4  -6  -8  -8  -2  -6  -7  -8  -7  -1   6  -7   2   1  -6  -7  -5  -6  -5  -1    1   0   0   0   1   0   0   0   0   3  80   0   5   6   0   0   0   0   0   3  1.69 0.74
  284 N    -7  -6   9  -4  -8  -5  -5  -6  -5  -9  -9  -5  -8  -8  -7  -3  -5  -9  -6  -7    0   0  97   0   0   0   0   0   0   0   0   0   0   0   0   1   0   0   0   0  3.21 1.21
  285 P    -5  -8  -7  -7  -8  -7  -7  -8  -8  -8  -5  -6  -8  -9   9  -4  -6  -9  -8  -8    0   0   0   0   0   0   0   0   0   0   2   0   0   0  96   1   0   0   0   0  3.40 1.25
  286 F    -4  -6  -7  -7  -4  -6  -6  -7  -6   4   4  -6   2   5  -5  -5  -4  -4  -3   1    1   0   0   0   0   0   0   0   0  21  40   0   5  22   1   0   0   0   0   8  1.11 0.52
  287 I    -6  -8  -8  -8  -6  -8  -8  -9  -8   9  -3  -8  -3  -4  -8  -7  -4  -8  -6   1    0   0   0   0   0   0   0   0   0  92   0   0   0   0   0   0   1   0   0   6  2.68 0.99
  288 Y    -7  -7  -8  -9  -5  -7  -8  -9  -3  -7  -6  -7  -7   0  -9  -7  -7  -2  10  -7    0   0   0   0   0   0   0   0   0   0   0   0   0   2   0   0   0   0  97   0  3.71 1.31
  289 T    -3  -5  -3  -5   2  -5  -5  -4  -6  -5  -7  -5  -6  -7  -6   7   4  -7  -6  -6    1   0   0   0   4   0   0   0   0   0   0   0   0   0   0  70  24   0   0   0  1.84 0.89
  290 L    -6  -7  -8  -8  -6  -7  -8  -8  -7  -2   7  -7   1   1  -8  -6  -6  -4  -5  -3    0   0   0   0   0   0   0   0   0   1  90   0   2   5   0   0   0   0   0   1  2.04 0.84
  291 R    -7   9  -6  -7  -5  -3  -5  -8  -5  -7  -7   0  -7  -8  -6  -6  -6  -8  -7  -8    0  94   0   0   0   1   0   0   0   0   0   4   0   0   0   0   0   0   0   0  2.94 1.11
  292 N    -7  -6   9  -4  -8  -5  -6  -6  -4  -9  -9  -5  -8  -9  -8  -4  -5  -9  -8  -8    0   0  99   0   0   0   0   0   0   0   0   0   0   0   0   1   0   0   0   0  3.33 1.23
  293 K    -3   2  -1  -3  -7   2  -1  -5  -3  -6  -7   7  -4  -7  -4  -3  -1  -5  -6  -6    2  10   3   1   0   9   3   0   0   0   0  65   0   0   0   1   3   0   0   0  1.53 0.71
  294 Q    -4  -4  -3   6  -8   1   6  -5  -4  -8  -7  -1  -7  -8  -5  -4  -4  -8  -5  -7    1   0   1  41   0   5  47   0   0   0   0   3   0   0   0   0   0   0   0   0  1.72 0.77
  295 V    -4  -7  -7  -7  -5  -6  -7  -7  -7   3  -1  -6   5  -1  -7  -6  -4  -7  -5   7    0   0   0   0   0   0   0   0   0  13   3   0  15   3   0   0   0   0   0  66  1.75 0.75
  296 K    -4   1  -2  -5  -7   1  -4  -6   1  -3  -5   8   0  -7  -6  -4  -3  -6  -6  -5    0   6   1   0   0   5   0   0   3   2   1  77   2   0   0   1   1   0   0   1  1.86 0.82
  297 Q     1   1   1   2  -3   1   2   2  -1  -2  -2   0  -1  -3  -3   0  -1  -4  -3  -1   11   8   6  11   0   6  15  16   2   2   2   6   2   1   0   4   4   0   1   5  0.21 0.18
  298 A     7  -6  -4  -6  -4  -5  -5  -2  -6  -5  -6  -5  -5  -7  -5   0  -1  -7  -6  -1   83   0   1   0   0   0   0   2   0   0   0   0   0   0   0   6   4   0   0   4  1.81 0.83
  299 F    -3  -6  -7  -7  -4  -6  -6  -7  -6   1   5  -6   4   3  -5  -6  -4  -1  -4   1    1   0   0   0   0   0   0   0   0   7  60   0  11  11   1   0   0   1   0   7  1.26 0.57
  300 S    -3   5  -2  -4  -2   1  -2  -1  -1  -4  -3   5  -1  -4  -5  -2  -2   2  -3  -3    1  35   2   0   1   5   1   6   1   1   2  31   2   1   0   3   3   3   0   2  0.90 0.49
  301 D    -4   5   1   0  -7  -2  -2  -5  -1  -6  -6   6  -4  -7  -5  -3  -3  -4  -5  -6    1  32   5   4   0   1   1   1   1   0   0  50   0   0   0   1   1   0   0   0  1.46 0.67
  302 S     1  -3  -4  -4  -1  -2  -4  -4  -4   2   3  -3   3   0  -3  -2   1  -2  -3   3   10   1   0   0   1   1   1   1   0  10  32   1   7   3   1   3   9   1   0  18  0.44 0.29
  303 I    -3  -2  -6  -6   0  -3  -5  -5  -4   3   4  -3   3   3  -5  -4  -2   3  -3   2    1   2   0   0   2   1   0   1   0  17  39   1   7  10   0   1   2   4   0  12  0.72 0.38
  304 K    -1   2   1  -2   0   1  -1   2   1  -2  -2   2  -2  -2  -3   1  -1  -1  -2  -3    3  15   6   2   2   7   3  20   3   2   4  13   1   2   0  12   4   1   1   1  0.24 0.20
  305 R    -4   6  -1  -3  -6   1  -3  -3  -1  -4  -5   5  -3  -6  -3  -2  -3   2  -5  -5    0  42   2   1   0   6   1   2   1   1   1  35   0   0   1   2   1   3   0   0  1.28 0.58
  306 I    -1   0   0  -3   2  -1  -2  -3   1   1   1   3   1  -1  -3  -2   0   1   0   0    5   4   4   1   6   2   1   1   5  11  12  23   5   3   0   1   4   2   3   7  0.17 0.17
  307 A     0   1  -1  -2   0  -1  -2  -1  -1   1   1   0   0   0   0   0   0   1  -1   1    8   9   2   1   2   2   1   3   1  10  14   7   2   5   4   9   7   3   0  11  0.05 0.07
  308 F    -1  -2  -2  -4  -4  -2  -3  -1   1   1   1  -3  -1   5  -4   0  -2   2   2   0    5   2   2   0   0   2   1   5   3   7  16   1   1  30   0  10   1   3   5   6  0.37 0.24
  309 L    -2  -2  -4  -4   0  -3  -4  -2  -1   1   3  -3   1   4   0   0  -2  -1   1   0    2   2   0   0   2   0   0   3   2   7  35   1   4  20   5   8   2   1   3   5  0.38 0.23
  310 S    -1   0  -1  -2   3   2  -1  -1   0  -1  -1   2  -2   0  -1   3   1  -4  -2  -2    3   4   1   0   7  10   3   3   3   3   6  12   0   4   3  26   8   0   1   2  0.20 0.18
  311 K    -2   4  -1  -2  -5   2   1  -2  -3  -5  -4   6  -4  -5  -4  -1  -2  -5  -4  -5    1  22   2   1   0  10   8   3   0   0   1  48   0   0   0   2   1   0   0   0  0.94 0.38
  312 K    -3   2  -2  -2  -5   3   2  -4  -2  -5  -5   6  -3  -5  -3  -2  -3  -5  -4  -4    0   8   0   0   0  13  13   0   0   0   0  66   0   0   0   0   0   0   0   0  1.16 0.36

                      K         Lambda
Standard Ungapped    0.1428     0.3325
Standard Gapped      0.0592     0.2670
PSI Ungapped         0.1934     0.3178
PSI Gapped           0.0592     0.2670
