
Last position-specific scoring matrix computed, weighted observed percentages rounded down, information per position, and relative weight of gapless real matches to pseudocounts
            A   R   N   D   C   Q   E   G   H   I   L   K   M   F   P   S   T   W   Y   V   A   R   N   D   C   Q   E   G   H   I   L   K   M   F   P   S   T   W   Y   V
    1 M    -1  -2  -2  -3  -2  -1  -2  -3  -2   1   2  -2   6   0  -3  -2  -1  -2  -1   1    0   0   0   0   0   0   0   0   0   0   0   0 100   0   0   0   0   0   0   0  0.39 0.02
    2 A     4  -2  -2  -2   0  -1  -1   0  -2  -1  -2  -1  -1  -2  -1   1   0  -3  -2   0  100   0   0   0   0   0   0   0   0   0   0   0   0   0   0   0   0   0   0   0  0.42 0.01
    3 A     4  -2  -2  -2   0  -1  -1   0  -2  -1  -2  -1  -1  -2  -1   1   0  -3  -2   0  100   0   0   0   0   0   0   0   0   0   0   0   0   0   0   0   0   0   0   0  0.42 0.01
    4 S     1  -1   0   0  -1   0   0   0  -1  -3  -3   0  -2  -3  -1   4   1  -3  -2  -2    0   0   0   0   0   0   0   0   0   0   0   0   0   0   0 100   0   0   0   0  0.52 0.04
    5 A     3  -2  -2  -3  -1  -2  -2  -1  -2   3   0  -2   0  -1  -2   0   0  -3  -2   1   54   0   0   0   0   0   0   0   0  46   0   0   0   0   0   0   0   0   0   0  0.22 0.02
    6 F    -1  -2  -2  -2  -1  -2  -2  -2  -2   1   3  -2   1   4  -2  -2  -1   0   1   0    2   1   1   1   0   1   1   2   1   1  47   1   1  32   1   2   1   0   1   1  0.25 0.02
    7 A     3  -1  -1  -1  -1  -1  -1   0  -2  -2  -2  -1  -1  -3  -1   3   2  -3  -2  -1   51   0   0   0   0   0   0   0   0   0   0   0   0   0   0  39  10   0   0   0  0.39 0.06
    8 G     2  -1   2  -1  -2  -1  -1   3  -1  -3  -3  -1  -2  -3  -2   2   0  -3  -2  -2   27   0  17   0   0   0   0  22   0   0   0   0   0   0   0  33   0   0   0   0  0.37 0.05
    9 A     2  -2  -2  -2  -1  -2  -2   1  -3   1   2  -2   0  -1  -2   0   1  -3  -2   0   29   0   0   0   0   0   0  13   0  15  29   0   0   0   0   0  14   0   0   0  0.16 0.05
   10 V     0   1  -2  -3  -2  -1  -2  -3   3   0   1  -1   2   3  -3  -1  -1  -2   0   1   12  13   0   0   0   0   0   0  13   0  13   0  12  21   0   0   0   0   0  17  0.16 0.07
   11 R    -2   6  -1  -2  -4   0  -1  -3  -1  -3  -3   3  -2  -4  -2  -1   1  -4  -2  -3    0  66   0   0   0   0   0   0   0   0   0  22   0   0   0   0  12   0   0   0  0.79 0.16
   12 A     2   3  -1  -2  -2  -1  -1   1  -2  -1  -2   0  -1  -3  -2   0   1  -3  -2   0   35  31   0   0   0   0   0  12   0   0   0   0   0   0   0   0  10   0   0  12  0.27 0.09
   13 A     1  -3  -3  -3   3  -2  -3  -3  -3   0   1  -3   0   4  -3   0  -1  -2   0   2   14   0   0   0  11   0   0   0   0   0  18   0   0  27   0  10   0   0   0  21  0.25 0.10
   14 S     0  -2  -1  -1  -2   1  -1   1  -2  -3  -3  -1  -2   1   2   4   2  -3  -2  -2    0   0   0   0   0   9   0  11   0   0   0   0   0  10   8  48  14   0   0   0  0.37 0.15
   15 G     2  -2   1  -1  -2  -1  -2   4  -2  -2  -3   0  -2  -3  -2   2  -1  -3  -3   0   17   0   9   0   0   0   0  41   0   0   0   6   0   0   0  17   0   0   0   9  0.42 0.12
   16 I     0  -3  -4  -4  -2  -3  -3  -4  -3   2   3  -3   2   3  -3  -2  -2  -2  -1   0   10   0   0   0   0   0   0   0   0  19  46   0   8  17   0   0   0   0   0   0  0.42 0.14
   17 L    -2  -3  -4  -4  -2  -3  -3  -4  -3   2   4  -3   2   2  -4  -1  -2  -2  -1   0    0   0   0   0   0   0   0   0   0  14  61   0   6  11   0   7   0   0   0   0  0.53 0.19
   18 R    -2   5  -1  -2  -4   1  -1   3  -2  -4  -4   2  -3  -4  -3   0  -2  -4  -3  -4    0  44   0   0   0   7   0  29   0   0   0  13   0   0   0   6   0   0   0   0  0.69 0.23
   19 P    -1   0   3  -2  -3  -1  -2   0  -2   0  -3   0  -2  -3   5   1  -1  -4  -3   0    0   6  20   0   0   0   0   7   0   6   0   6   0   0  32  11   0   0   0  11  0.53 0.20
   20 L    -1  -3  -3  -4  -2  -3  -3  -1  -4   2   4  -3   2  -1  -3  -1   0  -3  -2   2    5   0   0   0   0   0   0   5   0  11  52   0   5   0   0   5   5   0   0  13  0.41 0.21
   21 N     0   0   3   0  -2  -1  -2   0  -2  -2  -3  -1  -2  -3  -2   3   3  -4  -3   0    6   5  16   4   0   0   0   5   0   0   0   0   0   0   0  25  30   0   0   9  0.39 0.24
   22 I     2   3  -2  -1  -2  -1  -1  -2  -2   0  -2   1   0  -3  -2   1   1  -4  -3   1   21  23   0   4   0   0   0   0   0   8   0   9   4   0   0  12   8   0   0  12  0.24 0.19
   23 L     1   0  -3  -3  -2  -2  -3  -3  -3   2   2  -1   1   1  -3   0   0  -3  -1   1   17   5   0   0   0   0   0   0   0  14  27   4   4   8   0   8   4   0   0  10  0.19 0.16
   24 A     2  -1   0  -3   3  -2  -2   0   1   0  -1  -2  -1   1  -3  -1   2  -3  -2   1   26   4   4   0   9   0   0   7   4   4   4   0   0   8   0   0  17   0   0  15  0.20 0.20
   25 S     2  -3  -2  -2   2   0  -2   2  -3  -3  -2  -2  -2  -4  -3   4   3  -4  -3  -2   16   0   0   0   4   4   0  14   0   0   4   0   0   0   0  39  19   0   0   0  0.50 0.31
   26 S    -1   2  -1  -2  -3   1  -1  -1   1  -1   0   1  -1  -2  -3   3   2  -3   0  -1    0  12   0   0   0   7   0   4   3   4  11   8   0   0   0  30  14   0   3   4  0.23 0.22
   27 T     1   0   0  -2  -2  -2  -1  -3   1   1   0  -2  -1  -3   0   0   3  -4  -2   1   14   6   4   0   0   0   3   0   4   7  10   0   0   0   4   7  29   0   0  13  0.21 0.20
   28 Y     1  -3  -3  -4  -3  -3  -3  -3  -2   0   1  -3  -1   3   3   0  -2   5   4   0   12   0   0   0   0   0   0   0   0   4  14   0   0  13  15   8   0  10  16   7  0.47 0.26
   29 R     0   4   0  -2  -3   2   1  -3  -2  -3   0   2  -2  -1  -3   0   0  -4  -2  -1    8  31   3   0   0  12   7   0   0   0   9  10   0   3   0   8   6   0   0   3  0.34 0.23
   30 N     0  -2   2   0  -3   2  -1  -2  -2  -2   0   0   1  -3   0   3   2  -3   0  -2    9   0  14   3   0  10   0   0   0   0  10   3   4   0   4  25  15   0   4   0  0.26 0.24
   31 C     1  -4  -3  -4   7  -3  -4  -4  -4   0   0  -3   1   1  -1   0   1  -4  -3   1   12   0   0   0  35   0   0   0   0   3  11   0   3   7   3   5  12   0   0   9  0.69 0.34
   32 V     0   0  -2  -3   1  -2  -2  -3   1   2   0  -2  -1   1   0   0   2  -2   0   1    9   7   0   0   3   0   0   0   4  13   4   0   0   8   4   7  20   0   3  15  0.13 0.15
   33 K    -1   2  -1  -2  -3   3   0  -1   1  -1  -3   2  -2  -3  -2   2   1   2  -2  -1    1   9   0   0   0  19   4   4   3   3   1  19   0   0   0  16  11   3   0   5  0.30 0.22
   34 N     0   0   3   0  -3   1   0   0  -1  -2   0  -1   0  -3   2   1  -1  -3  -2  -2    9   4  24   3   0   7   7   7   0   1  11   1   3   0  10  10   1   0   0   1  0.23 0.17
   35 A     2   0   0  -2  -2   0  -1   0  -2   0  -1   1  -1  -2   1   1   1  -3  -2   0   25   4   4   1   0   4   1   8   0   8   4  11   0   0   7   9   7   0   0   7  0.14 0.12
   36 S     1   1   0  -2   3   0  -1   0   0   0  -1   0  -2  -1   1   3  -1  -3  -2  -1   10   8   4   0   8   3   1   6   2   6   4   4   0   3   7  28   1   0   0   4  0.17 0.17
   37 L    -1   0  -1  -2   2  -2  -1  -1  -2   1   2  -1   1  -1   0   0   0  -3  -2   1    4   6   4   0   4   0   3   4   0  11  32   3   3   0   4   8   4   0   0   9  0.13 0.13
   38 I    -1   1   1   0  -2  -2  -2  -3  -2   1   2   0   0  -1  -1   0   1  -3   0   0    3  11   9   4   0   0   0   1   0  10  29   6   0   0   3   5   8   0   5   5  0.12 0.16
   39 S     0   0   3  -2   2   0  -2  -1  -2  -4  -4   0  -3  -4   0   4   0  -4  -3  -3    8   5  17   0   5   3   0   3   0   0   1   5   0   0   5  43   3   0   0   0  0.56 0.37
   40 A     1   1  -1  -1  -3  -1  -2   0  -3  -1   1   0  -2  -1   0   3   0  -4  -3  -1   12   8   2   2   0   2   0   5   0   4  16   5   0   2   5  30   4   0   0   3  0.18 0.22
   41 L    -1  -1  -4  -4   0  -3  -4  -4  -3   2   2  -3  -1   5  -2  -1  -1  -2   1   1    5   4   0   0   2   0   0   0   0  13  23   0   0  27   2   6   2   0   4  12  0.45 0.30
   42 S    -1  -2   1  -2   1   2  -1  -1   3  -2   0   0  -2  -1  -3   2   2  -3   1   1    2   0   5   0   4  13   2   3   8   0   9   4   0   2   0  20  12   0   5  10  0.20 0.25
   43 T     1  -2  -1  -3  -3   0  -2   0  -3  -3  -2  -2  -3  -1   3   3   3  -4   1  -1   11   2   2   0   0   5   0   7   0   0   2   0   0   3  14  24  19   0   5   5  0.37 0.32
   44 G     1   2   1  -2   0  -1  -2  -1  -2  -1   0   0  -1  -1  -3   2   0  -3  -1   0   13  16   8   0   2   2   0   2   0   3  13   5   0   2   0  18   5   0   2   7  0.14 0.19
   45 R     0   2  -2  -2  -3   1   0  -1   2  -1  -1   2  -2   0   1   1  -1  -4  -2   1    6  12   0   0   0   8   3   4   5   2   3  17   0   6   5  14   2   0   0  12  0.17 0.21
   46 F    -2   1  -2  -4  -4   0  -3  -4   1  -1   0  -1  -2   5   2   1   0  -2   2  -2    2   9   1   0   0   4   0   0   3   2  11   4   0  29  11  11   5   0   5   2  0.40 0.32
   47 S     1   2   1  -2  -3   0  -2  -1   1  -2  -2   0  -2  -2   2   2   0  -4  -3   0   10  15   5   0   0   4   0   4   4   2   2   5   0   2   9  23   5   0   0   8  0.25 0.25
   48 H     0   0  -2  -3   1  -1  -2   1   3  -1  -1  -2  -3  -1   3   2   2  -4  -1  -2    5   5   0   0   3   2   2   9   8   4   6   0   0   2  17  20  14   0   1   2  0.31 0.29
   49 I    -1  -4  -2  -4  -3  -2  -4  -3   1   1   3  -4  -1   1  -4   0  -1   3  -2   2    3   0   2   0   0   2   0   2   4   7  39   0   0   7   0   9   2   4   0  19  0.45 0.34
   50 Q    -1   0   1  -2  -3   2  -1  -1   0   0   0   0  -2  -1   2   1   2  -3  -2  -1    4   4   7   0   0  15   0   3   2   5  12   6   0   2  11  10  15   0   0   4  0.18 0.21
   51 T     1  -2   1  -2   3   0  -1   1  -1   0   0   0  -1  -1  -1   1   0  -3  -1   0   12   0   7   0   7   5   4  12   2   4  11   5   0   2   2  14   6   0   2   5  0.08 0.12
   52 P     0  -1   1  -2   1   0   0  -1   2  -1  -1   0  -2  -2   3   2   1  -3   1  -2    8   2   8   0   4   5   4   3   5   3   7   4   0   0  13  17   9   0   5   2  0.19 0.19
   53 V     0  -1   0  -3   0   0  -2  -3   0   1   2  -2   0  -1  -3   1   2  -3  -1   2    6   3   6   0   2   5   0   0   3   6  20   0   2   2   0  14  14   0   2  18  0.19 0.23
   54 V     0   1  -1  -3  -3   0  -1  -1  -2   0   0  -1   0   2   0   2   0  -3   0   2    8   8   2   0   0   6   2   3   0   4   9   2   2   9   5  17   3   0   3  17  0.11 0.18
   55 S     1   1   3  -1  -3   0  -2  -3   0  -3  -2   0  -3   1  -1   2   1   4  -2  -1   10   7  15   2   0   4   0   0   2   0   3   4   0   8   3  22   8   7   0   5  0.30 0.30
   56 S     1  -2   2  -2   0   3  -1  -1   0  -1  -1   0  -2   0   0   2   1   2  -3  -3   10   0  13   0   2  14   2   3   2   4   6   4   0   4   4  21   8   3   0   0  0.25 0.28
   57 T     1  -1   1  -3  -1   1  -2  -1  -2  -1  -1  -1  -1   3  -1   1   1  -3  -2   1   10   4   7   0   1   8   0   3   0   3   3   3   2  16   2  15  12   0   0  10  0.16 0.22
   58 P     0   1   2  -2  -4  -2  -2   1  -3  -3  -1   0  -3  -2   4   2   0  -4  -4  -3    6  10  13   1   0   0   0   9   0   2   6   5   0   2  21  21   4   0   0   0  0.43 0.33
   59 R     0   3   0  -3  -3   1  -2  -2  -3  -3  -1   1  -1  -2   1   2   0   2  -3   0    9  22   5   0   0   7   0   1   0   0   6   9   1   1   7  15   5   3   0   8  0.26 0.27
   60 L    -1  -1  -3  -4   2  -2  -3  -1  -3   1   3  -2   1   1   1  -1   0  -3   2   0    3   3   0   0   5   1   0   5   0   9  31   3   3   7   8   4   4   0   7   6  0.23 0.22
   61 T     0   0   1  -2   0  -1  -1  -3   0   0   0   0   0  -1   0   3   1   0   1   1    7   4   6   0   2   2   2   0   2   4   8   4   3   2   4  25   9   1   5   9  0.13 0.19
   62 T     0  -1   0  -2   2  -1  -3  -1  -3   1   0  -2  -2  -1  -2   2   4  -4  -3  -2    9   3   4   2   4   2   0   4   0   7   8   2   0   3   2  18  32   0   0   0  0.37 0.34
   63 S     0  -1   2  -1  -1  -1  -2  -1  -3  -1   1  -1  -2  -1   0   3   0  -4  -1  -1    5   3  10   2   1   3   0   4   0   2  19   3   0   2   5  29   6   0   2   5  0.21 0.26
   64 E    -1  -1   0  -2   1   2  -1  -2   1   0   1   0   0   0   0   1   1  -3  -2   0    2   3   5   0   4  10   2   2   4   6  17   4   2   5   4  15   7   0   0   8  0.09 0.15
   65 R    -1   3   0  -2  -3  -1  -1  -1   2   0   0   1  -2  -3   0   1   1   0   0  -1    3  18   5   0   0   2   2   4   6   6   8   8   0   0   4  13  12   1   3   3  0.17 0.20
   66 N     0   0   2  -2  -3   2  -1   0  -1  -2  -1   0   0  -1   1   2   0  -4  -3  -1    7   4  13   0   0  14   0   7   1   2   6   5   2   3   6  16   6   0   0   4  0.18 0.21
   67 L    -1  -3  -3  -3  -3  -3  -2  -1   1   1   2  -3  -1   3   2   1  -1   1   1  -1    4   0   0   0   0   0   2   5   4   8  25   0   0  14  10  15   2   2   4   2  0.26 0.26
   68 T     0   1   0  -2   0   1  -2   0  -1  -1   0  -1  -2  -3   1   2   2  -4  -3  -1    8   7   3   0   3   6   0   6   1   4  10   3   0   0   7  23  15   0   0   4  0.19 0.23
   69 C    -1  -3   0  -1   5   0  -1  -2  -3  -1   0  -1  -2   1   0   2   2  -3   1   0    4   0   5   2  15   4   2   2   0   3   9   2   0   6   4  17  13   0   4   6  0.24 0.24
   70 G     0  -1   0  -1  -1   0  -2   1   0  -1   0  -1   0   1  -1   2   0  -3   0   0    9   2   5   2   1   4   0  11   3   2  11   4   3   7   2  18   7   0   2   6  0.07 0.13
   71 H     0   0   1  -2   0   2  -1  -1   2   0  -2   1  -2  -1  -1   2   0  -3   0   0    9   6   9   0   2  10   0   3   7   5   3   7   0   2   2  18   4   0   3   9  0.13 0.18
   72 T     0   0   1  -2  -3   1  -1   0   1  -2  -2  -1  -3  -2   3   2   2  -4  -1  -1    8   5   7   0   0   7   1   5   4   1   2   3   0   1  16  18  15   0   2   4  0.29 0.26
   73 S     0  -3   2  -2  -3   0   0  -1   4  -2  -2  -1  -3   0  -1   3   3  -4  -3  -3    5   0  10   0   0   4   5   3  10   2   4   3   0   4   2  32  17   0   0   0  0.43 0.37
   74 V     0  -2   1  -1  -2   1  -1  -1  -2   1   1  -2   1   0   2   1   0  -3  -2   0    5   0   8   3   0   7   2   5   0  11  15   0   3   3  12  13   5   0   0   6  0.13 0.16
   75 I     0  -3  -2  -1   2  -2  -3  -1  -1   2   2  -1  -1   0   0   0  -1  -3   0   1    5   0   0   3   5   0   0   6   2  17  24   5   0   4   6   9   3   0   3   7  0.13 0.17
   76 L    -1   0   1  -2   2   0  -2  -2  -2   0   1   0   1   0   2  -1   0  -3  -2   1    4   5  10   0   5   6   0   3   0   4  16   5   3   6  12   4   6   0   0  11  0.12 0.16
   77 N    -2   0   2  -1   0   1   0  -2   2   0   0   0   0   0   1   1   0  -3   0  -2    0   4  14   2   2   9   6   2   6   5  11   4   2   6   8  10   7   0   3   0  0.11 0.16
   78 R     0   1   1  -2  -3   1   0  -1  -2  -1  -1   1   0   0   1   1   0  -3  -2  -1    7  10   7   0   0   9   4   4   0   4   7  11   3   4   7  12   5   0   0   4  0.10 0.13
   79 M     0   0   0  -2   2   1  -1   0  -2   0   0   0   1   0   1   0   0  -3  -2   0    7   7   7   0   6   7   0   7   0   7   7   7   6   6   7   7   7   0   0   7  0.05 0.10
   80 A     0   0  -1  -1   0   0   0   0  -1   0   1   0   0  -1  -2   1   1  -3  -2   0    9   5   2   3   2   5   3   6   2   7  15   7   3   2   0  14   8   0   0   6  0.04 0.05
   81 P     1   0   0  -2  -3   0  -2  -2  -2  -1   0  -1   0  -2   5   0   0  -4  -2   0   11   4   4   0   0   6   0   2   0   3   9   3   3   1  31   9   5   0   1   6  0.42 0.18
   82 V     0   0  -2  -2  -2   2   0  -3  -2   1   2   0   0   0  -1   0   0   0  -2   1    7   3   1   2   0  15   4   0   0   7  27   3   0   3   3   6   6   1   0  11  0.12 0.12
   83 L    -1  -2   1  -2  -2   0  -2   0  -2   1   1  -1   2  -1   0  -1   1  -3  -2   2    3   0  11   0   0   5   0   6   0   9  18   3   6   1   5   4   8   0   0  19  0.12 0.11
   84 P     0  -2  -1  -1   3   1  -1  -3  -3  -3  -1   1  -2  -3   5   0   0  -4  -3  -1    6   0   3   2   6   9   3   0   0   0   7  10   0   1  36   6   5   0   0   4  0.60 0.22
   85 S     0   2   2   0  -2   2   0  -1  -2  -3  -2   0  -2  -3   0   3   0  -4  -3  -1    4  12  13   3   1   9   4   4   0   0   3   2   0   0   3  33   4   0   0   5  0.29 0.19
   86 V     0   0  -2  -2  -2  -1  -2  -2  -2   0   1  -1   0   0   4  -1   1  -3  -1   1    7   6   1   1   0   3   0   1   0   4  18   2   1   3  23   3  12   0   2  13  0.29 0.15
   87 L    -1  -2   0  -2  -1   0  -2   0   0   2   1  -2   0   2  -2  -1   1  -2   0   0    3   1   5   1   1   7   1   6   2  16  20   1   1  11   1   2  12   0   3   5  0.09 0.09
   88 K     0   1   0  -1   1   3  -1  -2   1  -1   0   0   0  -1   0   0   1   2  -1   0    5   7   4   1   3  19   1   2   3   4   8   5   4   2   4   7   9   4   2   7  0.10 0.09
   89 L    -1   0   0  -2  -3   3   1  -2   1   0  -1   0  -1  -3   1   0   1   1  -2   2    2   4   5   0   0  21   9   2   4   4   2   3   1   0   7   4   9   3   0  21  0.18 0.15
   90 P    -2   0  -2  -3  -1   3  -2  -3  -3  -2  -1  -1   0  -3   6   1  -1  -4  -3  -1    1   4   1   0   1  20   0   1   0   2   5   2   3   1  41  11   3   0   0   4  0.77 0.29
   91 V    -1   2  -2  -3   2   0  -2  -3  -2   1  -1  -1   0  -2  -3   1   3  -3  -1   2    3  12   0   0   5   4   0   0   1   7   1   2   3   0   0  16  23   0   2  21  0.24 0.18
   92 R    -3   7  -1  -2  -5   2   0  -4  -2  -4  -4   1  -3  -4  -2  -1  -1  -4  -3  -3    0  71   2   1   0   7   4   0   0   0   0   2   0   0   1   4   4   0   0   2  1.15 0.41
   93 S    -1  -1   3  -1  -2  -2  -2  -1   0  -2  -3  -1  -2  -1  -2   2   4  -4  -1  -1    2   2  19   1   1   0   0   4   3   2   0   2   0   3   1  21  34   0   2   4  0.40 0.24
   94 L    -1  -1  -1  -3   0  -1  -2  -4  -2   1   2   1   0   1  -3  -2  -2  -2   2   3    2   2   4   0   2   1   0   0   0   7  19  14   0   5   0   0   0   0   9  33  0.25 0.18
   95 T    -2  -1  -1  -3  -3  -1  -1  -4   0   4   0   0  -1  -2  -3  -1   4  -4  -3   1    0   2   2   0   0   3   3   0   3  38   5   5   0   0   0   1  33   0   0   3  0.46 0.27
   96 Y    -2   3  -1  -3  -4  -1  -2  -3   2  -1  -1   4   0  -1  -3  -2  -2  -2   4  -1    1  22   3   0   0   1   0   0   6   2   4  31   3   0   0   0   0   0  21   5  0.51 0.26
   97 F    -3  -3  -4  -4   1  -3  -2  -4  -2  -1  -1  -2   1   6  -1  -3  -3   4   5   0    0   0   0   0   4   0   2   0   0   1   1   3   4  46   4   0   0   5  20   7  0.87 0.31
   98 S     1  -2   1   2   0   0  -1   0  -2  -3  -2  -2  -2  -3  -2   5   0  -4  -3  -2    7   0   5  11   2   3   1   4   0   0   3   1   0   0   0  55   4   0   0   2  0.53 0.27
   99 A    -1   0  -2  -1  -2   0   0  -3   1   0   1  -1   1  -1   3  -1  -1   3  -1  -1    5   4   0   4   0   3   8   1   5   6  21   3   6   2  18   3   2   5   2   2  0.20 0.10
  100 R    -2   3   1   1  -3   0   2  -2   0  -3  -3   4  -1  -3   0   0   0  -3  -3  -2    1  16   7   5   0   1  17   2   1   0   1  32   1   0   4   3   6   0   0   2  0.40 0.18
  101 K    -1   1   0   3  -3   0   1   1   0  -1  -2   3  -2  -3  -2   0   0  -4  -3  -2    0   6   3  18   0   0   9  13   2   4   3  28   0   0   0   5   6   0   0   3  0.26 0.15
  102 G    -1  -3  -1  -3  -2  -3  -2   6  -3  -4  -3  -3  -3  -1  -3  -1  -1  -3   1  -3    1   0   1   0   1   0   2  75   0   0   3   0   0   4   0   2   3   0   5   1  1.13 0.35
  103 K    -2   4  -1  -2  -5   1   0  -2  -1  -4  -4   5  -2  -2  -3  -1  -2  -4  -2  -4    2  23   2   0   0   3   3   2   1   0   0  58   1   1   0   3   1   0   1   0  0.86 0.33
  104 R    -2   5  -1  -1  -2   0  -1  -3  -2  -3  -2   3   1  -3   2  -1  -1  -4  -3  -3    0  42   2   3   1   3   0   0   0   0   4  23   6   1   9   2   4   0   0   0  0.60 0.25
  105 K    -2   2  -2   1  -4   0  -1  -3   1   0  -2   5  -2  -3   0  -2  -1   1  -3   1    0   8   0   7   0   2   0   0   3   5   1  50   0   0   5   0   2   2   0  13  0.46 0.25
  106 T    -1  -1  -2  -3  -2  -2  -2  -2  -2  -1  -3  -1  -3  -4   4   2   5  -4  -3  -2    2   2   0   0   1   0   0   1   1   3   0   1   0   0  22  17  49   0   0   0  0.78 0.32
  107 V    -1  -3   0  -1   6  -2  -1  -4   4   0  -1  -3  -2  -3  -3  -1  -2  -4  -2   4    2   0   6   4  20   0   3   0  14   1   3   0   0   0   0   3   0   0   0  43  0.56 0.27
  108 K    -2   1  -2  -2  -4   1  -1  -3   1  -3  -3   5   0  -2   2  -1   1  -4  -3  -3    1   4   0   0   0   6   1   1   4   0   1  50   3   2  11   3  13   0   0   0  0.58 0.27
  109 A     3  -1  -1   3  -2  -1   1   0  -2  -1  -3  -2  -1  -3   0   1   0  -4  -3  -1   38   2   0  23   0   0   8   6   0   3   0   0   1   0   4   7   3   0   0   4  0.35 0.19
  110 V     1  -3  -1  -3  -2  -3  -3  -3  -3   1  -1  -3   0  -2  -3   0   0  -3  -2   5   16   0   3   0   0   0   1   1   0   5   1   1   2   0   0   6   3   0   0  60  0.53 0.25
  111 I     1  -2  -2  -3  -2  -1  -1  -3  -2   2   2  -2   0  -1   1  -1   0  -2  -1   2   14   1   0   0   0   3   3   1   0  18  24   2   0   0   6   1   8   0   2  14  0.17 0.11
  112 D     0   1   1   1  -3   0   0  -2   1  -3  -2   4  -1  -3  -2   0  -1  -3  -1  -2   10   3   8  10   0   2   4   1   5   1   4  40   1   0   1   6   2   0   1   1  0.31 0.14
  113 R    -2   7  -2  -3  -4  -1  -1  -3  -2  -4  -3   1  -3  -4  -3  -1  -2  -3  -3  -3    1  84   1   1   0   1   1   1   0   1   1   4   0   0   1   3   1   0   0   1  1.34 0.34
  114 F    -3  -3  -4  -4  -3  -4  -4  -4  -2  -2  -1  -4  -1   8  -4  -3  -3   4   2  -1    1   1   1   1   0   1   1   1   0   1   1   1   0  76   1   1   1   6   4   3  1.37 0.33
  115 L    -2   1  -2  -2  -3  -1  -1  -3   1  -1  -1   3   2   2  -1  -2  -1  -1   4  -2    1   8   0   1   0   1   1   1   3   3   5  27  10  11   3   1   3   0  22   1  0.33 0.17
  116 R    -2   7  -2  -3  -4  -1  -2  -3  -2  -3  -1   1  -2  -3  -3  -2  -2  -3  -3   0    1  73   0   1   0   0   1   1   0   1   5   5   0   0   1   1   1   0   0   9  1.06 0.33
  117 L    -2  -3  -3  -3  -2  -2  -3  -3  -3   0   4  -3   2   0  -3  -1   2  -3  -2   0    1   1   0   1   0   0   1   1   0   1  65   1   4   2   1   3  17   0   0   2  0.56 0.23
  118 H     0   0   3   2  -3   0   0   2   5  -3  -3   0  -2  -3  -2   0  -1  -3  -2  -3    7   6  22  12   0   1   2  17  20   1   1   3   0   0   1   4   3   0   0   1  0.40 0.16
  119 C    -2  -1   3  -1   5  -2  -2  -2  -2  -3  -3  -1  -2  -2  -3   1   0   8  -1  -3    1   3  22   3  13   0   1   1   0   1   1   4   0   0   1  10   7  28   0   1  0.82 0.26
  120 G    -1  -3  -2  -3  -3  -3  -3   7  -3  -4  -4  -3  -4  -4  -3  -2  -3  -3  -4  -4    1   1   0   1   0   0   1  88   0   1   1   1   0   0   1   1   1   0   0   1  1.48 0.36
  121 L     1  -1  -1  -2  -1  -1  -2   1  -2   1   2   1   3  -1  -2  -1  -1  -2  -1   0   14   2   3   1   1   0   1  11   0   9  29  11  12   0   1   1   1   0   1   3  0.13 0.11
  122 W    -3  -4  -4  -4  -3  -3  -4  -4  -3   1   0  -4  -2   1  -4  -4  -3  11   2  -1    1   1   0   1   0   0   1   1   0   8  11   1   0   4   1   1   1  62   4   4  2.04 0.42
  123 V    -2  -2  -3  -3  -2  -3  -3  -4  -3   6   0   1   1  -2  -3  -3  -2  -3  -2   2    1   1   0   1   0   0   1   1   0  64   4  12   3   0   1   1   1   0   0   9  0.66 0.26
  124 R    -2   6  -2  -3  -4  -1  -1  -3   5  -4  -3   1  -2  -1  -3  -2  -2  -3  -1  -3    1  62   0   1   0   0   1   1  16   1   1   3   0   3   1   2   1   0   2   1  0.92 0.31
  125 R     2   2  -2  -2   1  -1  -2  -1  -2  -2  -2   0   0  -3   2  -1   2   3  -2  -1   22  17   0   0   3   2   0   2   0   0   1   5   2   0   9   0  19   4   0   2  0.20 0.20
  126 K    -2   3  -1  -2  -3   1   0  -2   2  -1  -1   2   1   0  -1  -1  -2  -2   0  -1    1  23   2   1   0   6   3   1   7   4   3  20   5   5   3   1   1   0   2   2  0.17 0.16
  127 A     2  -1  -2  -2   2  -2  -2   0  -2   0  -2  -2  -1  -3   4   0   0  -3  -2  -1   24   2   0   1   6   0   1   5   0   6   2   1   2   0  25   7   3   0   0   4  0.32 0.18
  128 G    -1  -3  -2  -2  -3  -3  -3   6  -3  -4  -4   0  -3  -4  -3  -2  -3  -3  -4  -4    1   1   0   1   0   0   1  74   0   1   1   6   0   0   1   1   1   0   0   1  1.08 0.38
  129 Y    -2   5  -1  -2   0   0  -1  -3   0  -3  -3   2  -2  -1  -3  -1  -2  -3   1  -3    2  49   2   1   2   3   1   1   2   1   1  11   0   2   1   4   1   0   6   1  0.52 0.28
  130 K    -1   1   3   0  -3   1  -1  -1   4  -3  -3   1  -2  -1  -2   0  -1  -2   1  -3    4  10  17   4   0   5   1   4  17   1   1  10   0   3   1   4   3   0   4   1  0.20 0.16
  131 K    -2   2   0  -2  -3   0  -1  -2   3  -3  -3   5  -2  -3  -2   0   0  -3  -2  -2    1   9   4   1   0   0   1   1   9   1   1  45   0   0   1   6   5   0   0   3  0.40 0.26
  132 K    -1   3   0  -2  -3   0  -1  -2   3  -2   0   4  -2  -1  -2  -1  -2   1  -2  -2    3  18   3   1   0   0   1   1  10   1  10  35   0   2   1   1   1   2   0   1  0.30 0.22
  133 L     0   1   1  -2  -2  -1  -1  -2   2   1   1  -1   2  -1  -2  -1  -1  -2  -1   1   11  11  10   1   0   0   1   1  10  11  11   1  10   0   1   1   1   0   0  11  0.03 0.09
  134 W    -1  -1  -3  -4  -4  -3  -3  -4   2  -1  -2  -3   2   2  -4  -1   0   9   5  -3    4   4   0   0   0   0   0   0   6   4   0   0   7   8   0   5   5  31  27   0  1.11 0.38
  135 K     0   1  -2  -2  -3   1  -1   0   2   0   0   1   2  -2  -3   0   1   4  -1  -1    8   8   0   0   0   8   0   8   8   8   8   8   8   0   0   8   8   8   0   0  0.16 0.16
  136 K    -2   2   2  -2  -4  -1  -1  -3  -2   1  -2   5   3  -4  -3  -2  -2  -4  -3  -2    0  11  11   0   0   0   0   0   0  10   0  58  10   0   0   0   0   0   0   0  0.75 0.26
  137 T    -1   1   1   1  -3   0   1   0   2  -3  -1   1  -2  -3   2   1   1  -4  -2  -2    0   9   9   9   0   0   9   9   9   0   9   9   0   0   9   9   9   0   0   0  0.19 0.12
  138 P     1  -1  -1   1  -4   1   2  -1   1  -4  -3   0  -3  -1   4   1  -1  -1   0  -3   13   2   2   8   0   5  15   4   4   0   1   5   0   3  21   9   3   1   4   1  0.37 0.25
  139 A     1   2  -1  -3  -4   0   0  -2   1  -4  -3   3  -3   0   2   0   0   5  -1  -4   13   9   3   0   0   4   6   2   4   0   1  21   0   6  10   5   4   9   1   0  0.38 0.29
  140 R    -2   5  -1  -2  -5   3   0  -5  -3  -1  -1   0  -1  -1  -5  -1  -3   5   0  -1    2  42   3   1   0  13   5   0   0   3   6   3   1   3   0   3   0   8   3   4  0.73 0.44
  141 K    -3   4   0  -3  -4   2  -2  -3   0  -1   1   3   0  -4  -4  -1  -1  -4  -1   0    0  29   4   0   0   9   0   1   2   4  13  21   2   0   0   4   2   0   2   6  0.49 0.35
  142 K     0   4   0  -1  -4   0   0  -4   1  -1  -3   2  -1  -1  -4  -2   0   5   2  -2    6  23   5   4   0   4   5   0   3   4   1  17   1   2   0   1   6   9   8   2  0.39 0.29
  143 R    -2   6   0  -2  -5   1  -1  -2   1  -5  -3   1  -4  -4  -4  -1   1   3  -2  -3    2  47   4   2   0   6   3   2   4   0   1   8   0   0   0   5   8   5   1   2  0.79 0.44
  144 L    -2   0  -2  -4   1  -3  -4  -2  -1  -1   4   0   1  -2  -4   2  -3  -4   0  -1    2   5   2   0   3   0   0   2   1   1  52   6   3   0   0  16   0   0   3   2  0.55 0.40
  145 R    -3   5  -2   0  -5   2   1  -1   0  -4   0   2  -1  -4  -4   0  -2  -5  -4  -2    0  40   0   7   0   8   7   4   2   0  12   9   1   0   0   7   2   0   0   2  0.56 0.35
  146 E     0   1  -2  -2  -4   3   2  -1   1  -3  -3   3  -2   0  -3   0  -1   1   2  -3    8   4   0   0   0  15  14   4   3   0   0  28   0   3   0   5   3   2  11   0  0.36 0.23
  147 F    -1  -3   1  -3  -4  -2  -2  -4   7  -1  -1  -3   2   1  -1  -2   2   2   3  -3    3   0   5   0   0   0   0   0  40   3   5   0   8   6   4   0  15   3   9   0  0.72 0.36
  148 V     0  -3  -3  -3   4  -2   1  -4   1   2   0  -1  -1  -2  -3  -2   1  -3   0   4    5   0   0   0  11   0  10   0   5   9   5   5   0   0   0   0   9   0   3  39  0.33 0.24
  149 F     0  -2  -3  -3  -3   1  -2  -3   2   1   0  -2   2   2   1  -2   0   5   2   0    8   0   0   0   0   8   0   0   8   8   8   0   8   8   8   0   8   8   8   8  0.24 0.19
  150 C    -2   0  -3  -4   8  -3  -3  -4  -4  -1  -2  -3  -2  -3   0   1   1  -4  -3   3    0   6   0   0  40   0   0   0   0   0   0   0   0   0   6  13   9   0   0  26  0.87 0.31
  151 N    -1   0   4   1  -3   0  -1  -2   1  -3  -3   0  -3  -4   0   1   3  -4  -3  -3    4   5  29   7   0   4   0   0   4   0   0   4   0   0   4  11  31   0   0   0  0.48 0.22
  152 K     0   3   1  -1  -3   1   0  -1   2  -3  -3   3  -2  -4   1   1   0  -4  -2  -3    9  20   7   0   0   4   5   3   5   0   0  21   0   0   7  12   6   0   0   0  0.34 0.16
  153 T     0   0   0  -1  -3   1   2  -2   0  -2  -2   0  -2  -3  -2   2   3   2   0  -1    4   4   4   0   0   8  20   2   3   2   3   3   0   0   0  15  23   3   4   3  0.26 0.18
  154 Q    -3  -1  -2  -2  -5   6   3  -4   4  -4  -2   1   0  -4  -3  -2  -1  -4  -1  -4    0   0   0   0   0  50  21   0  11   0   3   7   3   0   0   0   4   0   2   0  0.91 0.37
  155 S     0   0   1  -2   6   0  -2   0  -2  -3  -2  -1  -2  -4  -3   3   1  -4  -3  -3    4   5   9   0  25   4   0   5   0   0   5   4   0   0   0  32   7   0   0   0  0.53 0.25
  156 K    -2   3  -2  -2  -4   2   1  -3  -2  -1  -2   3  -2   2  -3  -2   1   3   1  -2    0  17   0   0   0  14   7   0   0   5   2  22   0  11   0   0  10   6   5   1  0.34 0.19
  157 L    -1  -1  -3  -2   1  -2  -3  -4  -3   2   3  -1   5   0  -4  -3  -1  -3  -2   2    3   4   0   3   3   0   0   0   0  15  32   3  21   3   0   0   2   0   0  12  0.39 0.20
  158 L    -3  -4  -5  -5  -3  -4  -5  -5  -4   1   5  -4   0   3  -5  -4  -3  -3  -2   1    0   0   0   0   0   0   0   0   0   4  79   0   0  12   0   0   0   0   0   5  1.01 0.32
  159 D    -3  -3   3   7  -5  -1   2  -3  -2  -5  -5   0  -4  -5  -3  -2  -2  -6  -4  -5    0   0  13  71   0   0  11   0   0   0   0   5   0   0   0   0   0   0   0   0  1.32 0.32
  160 K    -2   3   3  -2  -5   1  -1  -3  -2  -3  -4   5  -3  -5  -3  -2  -1  -5  -3  -4    0  16  17   0   0   4   0   0   0   2   0  60   0   0   0   0   2   0   0   0  0.90 0.28
  161 M     1  -2  -3  -3   5  -2  -2  -2  -2   0   2  -2   3  -1  -2  -1  -1  -2  -2   0   25   0   0   0  25   0   0   0   0   0  25   0  25   0   0   0   0   0   0   0  0.30 0.04
  162 T     0  -2  -3  -3  -1  -2  -3  -3  -3   2   1  -2   2  -1  -3  -1   1  -3  -2   3    8   0   0   0   0   0   0   0   0   9  13   0  11   0   0   0  11   0   0  47  0.28 0.06
  163 T     0  -2   2   0   1  -1  -1   1   1  -2   0  -1  -1  -2  -2   1   3  -3  -2  -1    6   0  11   5   4   0   0  10   4   0  12   0   0   0   0  12  35   0   0   0  0.21 0.08
  164 S     0   1   1   0  -3   0   1  -1  -2  -3  -3   2  -1  -3   4   2   0  -3  -1  -3    4   9   6   5   0   2   7   3   0   0   0  19   2   0  19  18   2   0   3   0  0.37 0.12
  165 F    -2  -1  -2   1  -4   0  -1  -4   1  -2  -2   0  -2   5  -3  -1  -1   0   6  -2    0   1   0   9   0   4   4   0   3   0   0   9   0  27   0   4   4   0  35   0  0.61 0.20
  166 W    -4  -4  -5  -6  -4  -4  -5  -5  -3   1  -3  -5  -3   1  -5  -4  -1  11   4  -3    0   0   0   0   0   0   0   0   0   9   0   0   0   5   0   0   4  70  12   0  2.53 0.42
  167 K    -2   4  -1  -2   1   1  -1  -3  -1  -3   0   5  -2  -3  -3   0  -1  -4  -2  -2    0  26   0   0   3   3   0   0   1   0   9  47   0   0   0   5   3   0   1   1  0.56 0.19
  168 R     0   5  -1  -2  -4   1   0  -1   0  -3  -2   4  -1  -4  -3  -1  -1  -4  -3  -3    9  37   0   0   0   3   3   5   1   0   2  34   2   0   0   0   3   0   0   0  0.57 0.18
  169 R    -2   3  -2  -3  -4  -1  -2  -3  -1   0  -3   1  -1  -4   6  -1  -2  -4  -3  -3    0  24   0   0   0   1   0   0   1   9   0   9   1   0  49   4   0   0   0   0  1.05 0.24
  170 N    -2   5   2  -2  -4   0  -1  -3   2  -3  -3   4   0  -4  -3   0   0  -4  -2  -2    0  37  10   0   0   1   0   0   6   0   0  32   2   0   0   5   5   0   0   2  0.61 0.19
  171 W    -3  -3  -3  -4  -4  -3  -3  -4   6  -3  -3  -3  -3   3  -4  -1  -3   7   7  -3    0   0   0   0   0   0   0   0  21   0   0   0   0   9   0   5   0  14  50   0  1.35 0.31
  172 Y    -3  -4  -4  -5  -4  -3  -4  -5  -1   1  -1  -4  -2   5  -5  -3  -3   2   7  -2    0   0   0   0   0   0   0   0   0  10   5   0   0  24   0   0   0   2  60   0  1.29 0.30
  173 V    -1  -4  -4  -3  -3  -3  -2  -4  -4   2  -1  -3  -1  -3   6  -2  -2  -4  -3   4    4   0   0   0   0   0   2   0   0  11   3   0   0   0  40   0   0   0   0  40  0.90 0.23
  174 D    -3  -2   4   6  -5   0   2  -2  -2  -5  -5  -2  -4  -5  -3  -1  -2  -5  -4  -4    0   0  20  61   0   2  14   2   0   0   0   0   0   0   0   0   0   0   0   0  1.10 0.24
  175 D    -3  -3   1   7  -5  -2   0  -3  -3  -5  -5  -2  -5  -5  -3   0  -2  -6  -5  -5    0   0   4  92   0   0   0   0   0   0   0   0   0   0   0   5   0   0   0   0  1.66 0.33
  176 P    -1  -4  -4  -3  -4  -3  -1  -4  -1   2  -3  -3  -3  -4   7  -2  -2  -5  -4  -1    4   0   0   0   0   0   3   0   1  17   0   0   0   0  74   0   0   0   0   2  1.70 0.29
  177 Y    -4  -4  -4  -5  -4  -3  -4  -5   0  -3  -1  -4  -2   2  -5  -4  -3   3   9  -3    0   0   0   0   0   0   0   0   0   0   5   0   0   4   0   0   0   2  89   0  1.92 0.38
  178 Q     0   0   0   1  -4   2   5  -2  -1  -4  -3   1  -2  -4  -2   0  -1  -4  -3  -3    9   3   3   7   0  10  53   1   0   0   2   7   0   0   0   4   2   0   0   0  0.61 0.17
  179 K     0  -2  -2  -2  -4   0  -1  -2  -3  -3  -3   1   0  -4   7  -1  -1  -5  -4  -2    6   0   1   0   0   3   3   2   0   1   1  13   3   0  64   2   1   0   0   1  1.33 0.24
  180 Y    -4  -4  -4  -5  -4  -3  -4  -5   0  -3  -3  -4  -3   3  -5  -4  -3   1   9  -3    0   0   0   0   0   0   0   0   0   0   0   0   0   5   0   0   0   0  95   0  2.08 0.38
  181 H    -3  -1   3  -2  -4   2  -1  -3   9  -4  -4  -2  -1  -3  -3  -2  -1  -4   0  -4    0   0  14   0   0  11   0   0  68   0   0   0   2   0   0   0   2   0   0   0  1.40 0.29
  182 D    -1   0   1   3  -3   1   2  -2  -1  -2  -2   2  -1  -3  -2   0   1  -3  -2   0    0   3   5  21   0   4  13   0   0   0   3  22   2   0   0   5  11   0   0   9  0.26 0.09
  183 R    -3   7  -2  -3  -1   0   0  -3  -2  -4  -3   1  -3  -4  -3  -2  -2   3  -3  -4    0  86   0   0   1   0   3   0   0   0   0   0   0   0   0   0   0   5   0   0  1.30 0.27
  184 T    -2  -2   2   2  -3   0   2  -2   4  -3  -3  -1  -2  -3  -1   0   2  -3   0  -1    0   0  14  13   0   0  19   0  18   0   0   0   0   0   2   5  23   0   3   4  0.39 0.13
  185 N    -2  -2   5   1  -4  -1   3   2   0  -4  -2  -1  -3  -4  -3   0  -1  -4  -3  -3    0   0  48   3   0   0  23  16   1   0   4   0   0   0   0   3   2   0   0   0  0.63 0.17
  186 L    -2  -3  -4  -4  -3  -3  -4  -4  -2   2   2  -3   0   5  -4  -2  -1  -1   2   1    0   0   0   0   0   0   0   0   0  15  22   0   0  43   0   2   2   0   6   9  0.56 0.14
  187 K    -1   3  -2  -2  -4   0  -1  -3   0  -4  -3   3  -2  -4   6  -1  -2   0  -2  -3    2  21   0   0   0   1   1   0   2   0   0  27   0   0  41   2   0   1   1   0  0.86 0.12
  188 V    -1  -3  -4  -4  -1  -3  -3  -4  -3   3   3  -3   1   0  -3  -2  -1  -3  -1   3    0   0   0   0   0   0   0   0   0  37  35   0   0   0   0   0   0   0   0  28  0.38 0.03

                      K         Lambda
Standard Ungapped    0.1320     0.3227
Standard Gapped      0.0426     0.2670
PSI Ungapped         0.1391     0.3175
PSI Gapped           0.0426     0.2670
