
Last position-specific scoring matrix computed, weighted observed percentages rounded down, information per position, and relative weight of gapless real matches to pseudocounts
            A   R   N   D   C   Q   E   G   H   I   L   K   M   F   P   S   T   W   Y   V   A   R   N   D   C   Q   E   G   H   I   L   K   M   F   P   S   T   W   Y   V
    1 M    -7  -7  -8  -9  -7  -6  -8  -8  -7  -4  -3  -7  11  -6  -8  -7  -6  -7  -7  -5    0   0   0   0   0   0   0   0   0   0   0   0 100   0   0   0   0   0   0   0  4.14 1.37
    2 K    -4   4   0  -2  -7  -2  -2  -4   3  -7  -5   6  -6  -5  -6  -1  -2  -7  -4  -7    1  24   4   2   0   1   1   1   8   0   1  48   0   1   0   5   2   0   0   0  1.34 0.70
    3 I    -4  -7  -8  -8  -6  -7  -8  -7  -8   7   3  -5  -1   2  -8  -7  -4  -7  -4   2    1   0   0   0   0   0   0   0   0  51  25   1   1   7   0   0   1   0   0  12  1.53 0.70
    4 R     0   3  -1  -1  -2   0  -1  -2  -2   1  -3   1  -3  -4  -1   2   2  -2  -3   0    9  16   3   3   1   4   2   2   1  10   1   8   0   1   2  17  14   1   0   6  0.28 0.28
    5 D    -2   0   1   5  -7   1   5  -4  -3  -7  -6  -1  -6  -8  -6  -1  -3  -8  -7  -6    3   5   5  32   0   5  38   1   0   0   1   3   0   0   0   5   1   0   0   0  1.21 0.68
    6 L    -1   1  -2  -5  -2  -3  -3  -5   0   3   3   4   0  -1  -5  -3  -3  -5  -1  -2    6   7   2   0   1   0   1   0   3  15  30  24   2   2   0   1   1   0   2   2  0.57 0.40
    7 L    -6  -3  -7  -4  -6  -6  -4  -7  -6   5   4  -6   1   3  -7  -5  -4  -3   3  -1    0   2   0   1   0   0   1   0   0  27  39   0   3  12   0   1   1   0  10   3  1.12 0.58
    8 K     1   2   2   0  -5   2   1  -3   0  -4  -3   4  -3  -5  -3   0  -2  -5  -4  -3   14  11  11   5   0   8  10   2   2   1   2  25   1   0   1   5   2   0   0   2  0.50 0.36
    9 A     3  -2   1   0  -3   0   1  -2  -1  -3  -2   2  -3  -5  -2   2   0  -3  -4  -1   21   1   7   5   0   5   9   3   1   1   4  13   0   0   1  17   5   0   0   3  0.31 0.28
   10 R     0   3   1  -2  -5   1   0   2   1  -4  -2   3  -4  -4  -2   0  -1  -4  -2  -4    6  14   7   2   0   6   5  16   3   1   4  21   0   1   2   6   3   0   1   0  0.40 0.31
   11 R    -3   2   1   1  -4   1   1   1   1  -5  -6   4  -4  -5  -1  -1   0  -6  -5  -4    1  11   6   9   0   6   9  12   4   0   0  28   0   0   3   4   5   0   0   1  0.58 0.40
   12 G    -1   3   0  -1  -4   1   2   0   0  -3  -3   3  -4   3  -3  -1  -2  -2  -2  -3    5  13   5   3   0   6  13   9   2   2   2  17   0  11   1   5   2   0   1   1  0.32 0.27
   13 P    -2  -1  -3  -3  -1  -2  -2  -3  -2  -1  -1  -1  -2   4   5  -2   0   2  -2   0    3   4   1   1   1   2   3   2   1   3   7   4   1  17  28   3   7   3   1   7  0.57 0.34
   14 L    -1  -2  -3  -5  -2  -3  -4  -4  -3   1   0  -2  -2   4  -3   0   2   1  -1   4    5   2   1   1   1   1   1   1   1   7   8   2   1  16   2   8  14   2   2  28  0.51 0.37
   15 F    -5  -3  -7  -7   1  -7  -7  -7  -2   4   1  -5  -2   5  -6  -5  -3   1   3   4    0   2   0   0   3   0   0   0   1  20  13   1   1  22   0   0   2   2   9  24  1.04 0.55
   16 S    -1  -6  -4  -6  -2  -6  -6  -3  -7  -3  -5  -6  -3  -7  -6   7   3  -8  -7  -3    4   0   1   0   1   0   0   2   0   2   1   0   1   0   0  68  18   0   0   2  1.80 1.01
   17 F     0  -7  -7  -8   1  -7  -7  -4  -6   1   1  -7   0   6  -7  -5  -3  -2   1   4    8   0   0   0   3   0   0   2   0   7  14   0   2  35   0   1   1   0   4  23  1.15 0.62
   18 E    -8  -7  -7  -6 -11  -1   8  -9  -7 -11 -10  -6  -9 -11  -8  -7  -8 -10  -9 -10    0   0   0   0   0   2  98   0   0   0   0   0   0   0   0   0   0   0   0   0  3.28 1.57
   19 F    -6  -8  -8  -8  -1  -7  -8  -8  -7   4   3  -8   0   6  -8  -7  -4  -2   2   3    0   0   0   0   1   0   0   0   0  20  26   0   2  26   0   0   1   0   5  16  1.28 0.70
   20 F    -3  -4  -2   2  -1  -5  -4  -2  -4  -2  -2  -4   0   7  -7   0   0  -2   1   0    2   1   2  12   2   0   1   4   0   2   3   1   2  44   0   6   6   1   4   6  1.06 0.63
   21 P    -3  -4  -8  -8  -3  -5  -7  -8  -8  -5  -6  -7  -8  -9   9  -2  -4  -9  -9  -4    3   1   0   0   1   1   0   0   0   1   1   0   0   0  85   3   1   0   0   1  2.92 1.48
   22 P    -2  -7  -7  -4  -4  -4  -5  -5  -4  -5  -5  -5  -3  -5   8  -4  -3  -8  -7  -3    4   0   0   1   0   1   1   1   0   1   1   1   1   1  80   1   2   0   0   2  2.55 1.34
   23 K    -3   5  -1  -4  -7  -1  -2  -4   0  -4  -4   6  -2  -2  -4  -2  -4  -7  -3  -3    3  25   3   1   0   3   2   2   2   1   2  45   1   2   1   3   1   0   1   2  1.20 0.73
   24 D    -3  -1   2   2  -3  -3  -2   3  -2  -5  -6  -1  -6  -5  -3   1   5  -7  -6  -4    2   4   9   9   1   1   3  20   1   1   1   4   0   0   1  11  31   0   0   1  0.74 0.57
   25 P     1  -2   0   1  -1  -1   2   0   0  -1   0  -1  -2  -2   2   0   0  -1  -1   0   10   2   4   9   1   3  12   6   3   3   8   2   1   1   9   8   7   1   2   6  0.10 0.16
   26 E     1  -1   2   4  -5   1   2  -2  -2  -3  -2   1  -1  -3  -3   0  -1  -3  -3  -2   11   2  10  20   0   7  12   3   1   2   4   8   2   1   1   8   4   0   1   3  0.34 0.32
   27 G     1  -2  -1   0  -2  -1  -1   4  -4  -3  -1  -2   1  -1   1  -1   0  -4  -2  -2   12   2   3   6   1   3   4  33   0   2   6   3   3   2   6   4   5   0   1   3  0.39 0.30
   28 E     0   0  -1   0  -1   0   1  -2  -1   1   1   0   1   0  -2   0   0   1   0   1    7   5   2   5   1   4   9   2   1   8  12   4   4   5   1   6   7   2   3   9  0.04 0.07
   29 E     0   1  -1   2  -2   2   3  -2   0  -3  -2   1  -2  -3   0   1  -1  -5  -3  -2    8   8   3  10   1   7  20   2   2   2   4   9   1   1   4   8   3   0   1   3  0.26 0.29
   30 A     0   1   4   0  -5   0  -1  -2  -1  -1  -3   3  -1  -2  -2   1  -1  -5  -2   0    8   7  18   5   0   5   4   3   1   4   2  16   2   2   2   9   4   0   1   6  0.27 0.28
   31 L    -4  -5  -5  -8  -3  -5  -7  -8  -7   2   5  -5   1   3  -5  -5  -3  -2  -2   1    2   1   1   0   1   1   0   0   0  10  55   1   3  10   1   1   2   1   2  10  1.17 0.71
   32 F    -2   0  -2  -1  -2  -1   0  -3   1   1   1   0   2   2  -3  -2  -2   5   2   0    3   5   2   4   1   2   7   2   4   8  16   7   4   8   1   2   2   7   8   5  0.21 0.20
   33 R     1   2   0   2  -2   1   3  -2  -1  -3  -2   2  -3  -3  -3   0  -1  -6  -3  -3   11   9   5  11   1   7  21   3   1   1   4  10   1   1   1   7   3   0   1   1  0.35 0.33
   34 T     1   3   0  -2   0   0  -1  -1  -2  -1  -2   0   0  -2  -4   0   3  -2  -3   0   13  16   4   2   2   3   3   5   1   3   3   5   2   1   0   6  19   1   1   7  0.24 0.28
   35 L     3  -1  -3  -4  -1  -3  -3  -4  -2   4   2  -2   1   0  -5  -2  -3  -1  -2   2   22   3   1   1   1   1   2   1   1  20  19   2   4   4   0   2   1   1   1  11  0.48 0.35
   36 E     0   2   0   3  -2   1   2  -1   0  -3  -3   2  -2  -3  -1   0  -2  -5  -2  -3    6  12   4  14   1   6  13   6   2   1   3  12   1   1   4   6   2   0   1   2  0.29 0.28
   37 E     0   4  -2  -1  -1   1   2  -3   0   0  -2   2  -1  -1  -2   0  -1  -5  -1  -2    8  22   2   3   1   6  13   2   2   5   4  11   2   2   2   6   4   0   2   3  0.28 0.28
   38 L    -2  -9  -3  -9   0  -3  -9  -5  -9   0   5  -9   5   1  -9  -4  -3   0  -2  -2    4   0   2   0   2   1   0   2   0   5  52   0  14   6   0   2   2   1   2   3  1.32 0.74
   39 K     2   1  -1  -2  -1   1   2  -2   0  -1  -1   3   0  -2  -3   0  -3  -1  -1  -1   14   8   3   2   2   5  13   4   2   3   6  15   2   2   1   7   2   1   2   4  0.20 0.20
   40 A     1   0   0   1   0   1   1   1   1  -1  -2   1  -1  -1   1   0   0  -6  -1  -2   10   5   4   7   2   5   9   9   4   3   4   8   2   3   6   8   5   0   2   3  0.07 0.11
   41 F    -1  -1  -1  -2   2  -1  -2   0   2  -1   2  -2   1   2  -2  -1  -1   2   2  -1    5   3   3   3   4   3   3   8   5   4  19   3   4   7   3   4   4   3   7   4  0.15 0.14
   42 R    -1   0   0   0   2   0  -1  -1   2   0  -1   0   2   0   0  -1   0   3   1  -1    5   5   5   5   5   5   5   5   5   5   5   5   5   5   5   5   5   5   5   5  0.03 0.09
   43 P     1  -6  -3  -2  -2  -4  -4  -4  -2   0  -3  -5  -5  -4   7  -4  -2  -7  -6   2   11   0   2   3   1   1   1   1   1   5   3   0   0   1  53   1   2   0   0  12  1.40 0.72
   44 A     1  -1  -1   5  -2  -1  -1  -2   0  -2   2  -1  -1  -4  -2   0   0  -6  -4  -3   11   3   2  30   1   3   4   3   2   2  17   3   2   1   2   7   5   0   1   1  0.44 0.33
   45 F     2  -7  -7  -7  -1  -7  -4  -2  -3  -1  -4  -7  -2   8  -7  -4  -3   3   3   0   14   0   0   0   1   0   1   3   1   3   2   0   1  53   0   1   2   3   7   6  1.59 0.73
   46 V    -2  -6  -4  -7   4  -4  -6  -5  -6   5   0  -6   1   1  -4  -3  -2  -6   2   5    3   0   1   0   7   1   0   1   0  30   6   0   3   5   1   2   2   0   6  32  1.03 0.51
   47 S     0  -1   4   2  -2  -2  -5  -2  -1  -6  -4  -5  -6  -3  -6   5   2  -7  -6  -6    6   3  17  11   1   1   0   3   1   0   2   0   0   2   0  40  11   0   0   0  0.96 0.58
   48 I    -3  -2  -7  -7   0  -7  -7  -7  -7   5   1  -7   0  -1  -7  -7  -3  -7  -6   5    2   2   0   0   2   0   0   0   0  30  13   0   2   3   0   0   2   0   0  41  1.41 0.65
   49 T     1  -3  -1  -7  -7  -7  -7  -4   1  -7  -4  -7  -7  -8   0  -1   7  -8  -7   0   10   1   3   0   0   0   0   2   4   0   2   0   0   0   6   4  59   0   0   7  1.54 0.84
   50 Y    -3  -3   0   5   1  -4  -3  -5  -1  -4  -3  -4  -3   0  -3  -1  -1   9   4  -7    2   2   4  27   3   1   2   1   1   1   3   1   1   3   2   5   4  26  11   0  1.36 0.69
   51 G    -1  -1   3  -3   2  -2  -1   3   5  -2  -1  -3  -3  -3  -3   2  -2  -6  -3  -2    5   4  11   1   4   2   3  23  14   2   6   2   1   1   1  14   2   0   1   3  0.52 0.35
   52 A     3  -1   0  -2  -1   1  -2  -2  -1  -1  -4  -3  -1  -4   4   1  -1  -1  -2  -3   26   4   5   2   1   6   3   4   2   4   2   1   2   1  20  11   3   1   2   2  0.49 0.37
   53 M     0   1   0   0  -1  -2  -1   3   1  -3   0   0   2  -2  -2   0  -1   0   0  -3    7   8   4   4   2   1   3  26   4   2   9   5   6   2   2   6   3   1   3   2  0.25 0.20
   54 G     3  -1   1   0  -5  -2  -1   4  -5  -4  -4  -1  -2  -2  -2   1  -2   0  -1  -3   23   4   6   5   0   1   4  28   0   1   1   3   1   2   2  10   3   1   2   2  0.51 0.35
   55 S    -1   1   2  -1  -1   0  -1   0  -1  -1  -2   0   0  -2  -2   2   1   0   0   1    4   9  11   4   1   3   3   8   2   3   3   6   2   1   2  15   8   1   3   9  0.13 0.15
   56 T    -1  -1   1  -1  -2  -1  -1  -2  -2  -1  -1  -2   2  -2   2   1   4   1  -3   0    5   3   6   4   1   3   4   3   1   4   5   2   5   2   9   9  26   2   1   6  0.31 0.31
   57 R     0   5   1  -1  -2   2  -2  -2   0  -3  -3   1  -1  -1  -3  -1  -2  -2  -1  -2    8  35   5   3   1   8   3   4   2   2   2   7   2   3   2   5   2   1   2   4  0.55 0.41
   58 E     0  -1   1   2  -2   0   2  -1  -1   1  -2   0   4  -3  -2   0  -1  -5  -1  -1    6   3   5  12   1   3  15   5   1   7   4   4  12   1   2   6   4   0   2   5  0.21 0.23
   59 R    -1   2   1   1  -2   1   0   1   0  -3  -1   1  -1  -3  -1   2   0  -3  -2  -3    4  14   8   7   1   5   5   9   2   1   8   7   1   1   4  16   5   0   1   1  0.18 0.21
   60 S     0  -2   0  -2  -1  -3  -2  -3  -3  -2  -3  -2   0  -6   2   4   5  -1  -3  -3    6   3   5   3   1   1   3   1   1   3   2   2   2   0   8  25  30   1   1   2  0.67 0.52
   61 V    -2  -2  -3  -2  -2  -1  -2  -4   1   3   3  -2   2   1  -2  -2  -1  -1  -1   1    3   2   1   2   1   3   3   2   4  15  31   2   4   6   2   2   5   1   1  10  0.34 0.26
   62 A     2   0   0   2  -2   0   3  -1  -2  -1  -2  -1  -2  -3  -2   0   0  -3  -3   0   18   5   4  11   1   4  19   4   1   3   3   3   1   1   2   6   6   0   1   7  0.24 0.25
   63 W     1  -3  -2  -5   0  -3  -4  -3  -5   3   2  -4   1   0  -3  -1   2   1  -3   2   11   2   2   0   2   1   1   2   0  16  24   0   4   4   1   4  12   2   1  12  0.36 0.29
   64 A     4  -4  -4  -5   4  -3  -3  -1  -3   0  -1  -3  -3  -5  -5   1  -1  -6  -3   3   36   1   1   0   7   1   1   4   0   5   6   2   0   0   0  11   4   0   1  18  0.64 0.47
   65 Q     0   1  -1  -1  -2   0   1   0   3  -2  -1   2  -1  -2  -3   2   1  -4  -1  -1    9   6   3   4   1   3   9   6   7   2   5  13   1   2   0  13  10   0   2   3  0.16 0.19
   66 R     1   2  -1  -1  -1   0   0  -3   0   1   1   1   1   0  -3   0   0  -1   0  -1   11  10   2   2   2   4   7   1   3   9  14  10   3   3   0   6   5   1   3   4  0.09 0.13
   67 I    -2  -3  -3  -5   1   1  -3  -5  -3   5   3  -3   2  -1  -6  -4  -3  -5  -2   2    3   1   1   1   3   6   2   1   1  27  32   2   4   2   0   1   1   0   1  12  0.72 0.44
   68 Q    -1   2   1  -1  -2   4   0  -2   1  -1  -1   2   0  -2  -2  -1  -1  -5  -3  -1    6  10   7   3   1  23   6   2   3   3   5  11   3   2   1   5   3   0   1   4  0.32 0.31
   69 S     0   2   2   1  -1   2   2  -2   0  -2  -3   1  -1  -2  -3   0  -1  -5   0  -2    7  11   9   8   1  11  14   3   2   2   1   9   1   2   1   6   4   0   4   3  0.24 0.24
   70 L    -1   1   0  -1   3   1   1  -3   2   0  -1   0   0   2  -3  -1   0   0   2  -2    6   7   5   3   8   6   9   2   5   5   5   7   2  10   1   2   7   1   7   2  0.14 0.16
   71 G    -2   0   1   1  -2  -1  -2   4   3  -5  -4  -1  -1  -4   0   0   0  -3  -3  -4    3   4   8   8   1   3   1  37   6   0   1   4   2   1   4   8   7   0   1   1  0.55 0.38
   72 L    -2  -2  -3  -3   0  -2  -3  -4   0   4   3  -2   1   0  -2  -3  -1  -2   0   2    2   3   1   2   2   1   2   2   2  23  24   3   4   3   2   1   4   1   3  16  0.40 0.28
   73 N    -2   0   3   2  -3  -1   4  -4  -1  -2  -3  -2  -3  -5   2  -2   1  -6  -5  -2    4   5  12  11   1   2  30   1   1   3   3   1   1   0  11   2   8   0   0   3  0.53 0.40
   74 P     1  -4  -5  -5  -1  -4  -5  -3  -2   0  -2  -4  -1  -3   5   0   3  -6  -1   3   11   1   0   0   1   0   0   2   1   5   3   0   1   1  24   6  19   0   2  22  0.70 0.46
   75 L    -1  -3  -3  -5   2  -2  -2  -3  -2   4   1  -2   4  -2  -1  -3  -1  -4   0   3    6   1   1   0   4   2   2   2   1  21  14   2  12   1   3   1   4   0   3  18  0.42 0.29
   76 A     3  -3  -1  -5   0  -3  -3  -2   0   1   1  -4   3  -1   3  -2  -2  -1  -1   0   22   1   3   0   2   1   1   3   3   9  14   0   8   2  17   2   2   1   2   6  0.40 0.31
   77 H    -6  -5  -1  -6  -7   2  -3  -6  10  -7  -7  -6  -6  -6   0  -2  -6  -7  -1  -2    0   0   3   0   0   9   2   0  69   0   0   0   0   0   4   3   0   0   2   3  2.71 1.11
   78 L    -2  -2  -6  -6  -1  -3  -6  -6  -1   3   5  -5   3   2  -6  -5  -3  -5  -1   1    3   3   0   0   2   2   0   0   2  16  44   0   6   9   0   0   1   0   2   7  0.87 0.48
   79 T    -1  -3  -2  -5   2  -5  -5  -3   1  -1  -1  -5   1  -2   1   2   6  -6  -5  -2    6   1   2   0   4   0   0   2   3   4   5   0   3   2   6  14  44   0   0   3  0.89 0.57
   80 V     0  -1  -3  -7  10  -6  -6   0  -6  -2  -2  -6  -2  -1   0  -2  -1   0  -2  -1    7   4   2   0  48   0   0   7   0   3   4   0   1   3   5   3   5   1   2   5  1.58 0.73
   81 A     0   2  -2  -2   2  -1  -3  -1   3   2  -1  -1   1  -1  -2  -1   1   1   0   2    7   9   2   2   4   3   2   5   6  10   5   4   3   3   2   4   9   2   4  14  0.16 0.14
   82 G    -1  -1   3   2   1   0  -2   3   1  -2  -2  -2  -6   0  -1  -1   0  -6   0  -2    6   3  14   9   3   4   3  20   4   3   4   3   0   3   3   5   5   0   4   3  0.29 0.22
   83 Q    -1   0   0   0   2   0   0  -1   2   0  -1   0   2   1   0  -1   0   4   1  -1    5   5   5   5   5   5   5   5   5   5   5   5   5   5   5   5   5   5   5   5  0.09 0.08
   84 S    -2  -1   4   1   0  -1  -1  -2   0  -4  -3  -1   0  -2   0   2   3  -5  -1  -2    3   3  20   8   2   2   4   3   2   0   2   4   2   2   5  17  17   0   2   2  0.39 0.38
   85 R    -1   3  -3  -1   0   0   0  -2   0   0   0   2   1  -1   0  -1  -1   2   0  -1    4  15   0   3   3   4   7   3   3   5   8  15   4   3   4   3   3   3   4   5  0.12 0.18
   86 K     0   0   0   0   2   0   0  -1   1   0  -1   0   1   0   0   0   0  -2   1   0    5   5   5   5   5   5   5   5   5   5   5   5   5   5   5   5   5   0   5   5  0.03 0.05
   87 E     1   1   0   1   1   2   2   1   0  -2  -2   1   0  -1  -3   0  -1  -3  -1  -1   12   7   4   7   3  10  14   9   2   2   4   7   3   2   0   4   4   0   2   3  0.13 0.14
   88 V    -1  -4  -4  -5   1  -1  -4  -2   0   4   3  -4   3   0  -1  -2   0  -4  -3   2    5   0   0   0   3   3   0   3   3  23  26   0   6   3   3   4   5   0   0  13  0.45 0.31
   89 A    -2   2  -1   3  -1   3   2  -3   1   0  -1   1   0  -2  -3  -2  -2  -1  -2  -2    4  10   2  18   1  12  11   2   3   5   6   9   2   1   1   3   3   1   1   3  0.29 0.27
   90 E     1   1   1   1  -1   1   2  -1   0  -3  -3   1  -2  -2  -3   2  -1  -1  -2  -3   11   6   6   9   1   6  14   5   2   2   2   8   1   2   1  17   3   1   1   1  0.25 0.25
   91 V    -1   0   0   0   2   0   0  -1   2   0  -1   0   1   0  -3   0   0   3   1   0    5   5   5   5   5   5   5   5   5   5   5   5   5   5   0   5   5   5   5   5  0.06 0.10
   92 L     0  -1  -5  -5   2  -4  -4  -2  -4   2   4  -1   2   0  -1  -4  -1  -4   0   1    7   4   0   0   4   0   0   4   0  10  37   4   5   4   4   0   4   0   4   7  0.42 0.30
   93 H    -1   0   0   0  -3   0   0  -1   1   0  -1   0   1   0   0   0   0   3   1  -1    5   5   5   5   0   5   5   5   5   5   5   5   5   5   5   5   5   5   5   5  0.02 0.09
   94 R     0   2   0   0  -3   1   1   3  -1  -3  -3   0  -2  -2  -3   0  -1  -2   0  -2    8  15   3   6   1   5  11  25   1   1   2   5   1   1   0   6   4   0   3   2  0.29 0.22
   95 F     4  -4  -5  -5  -1  -3  -4  -2  -2  -1   2  -2   1   2  -5  -2  -3   0   5  -2   32   0   0   0   1   0   0   3   0   4  19   2   3  10   0   1   1   1  18   2  0.62 0.42
   96 V     1   1  -1  -1  -2   2   0  -3   3  -1   0   3  -1  -2  -3  -1  -2   4   1   0   11   6   2   3   1   8   7   1   8   2   8  18   1   1   0   5   1   6   5   7  0.21 0.21
   97 E     3   1  -1   1  -2   0   2  -1  -2  -2  -2   1  -1  -2  -3   1   0  -4  -1  -1   27   9   3   7   0   3  15   3   1   2   3   9   1   1   0   7   5   0   2   3  0.23 0.21
   98 S     0   0   0  -2   0  -1  -1  -2   0   0   2  -1   2   0  -3   1   0  -2  -1   0   10   6   5   1   2   2   4   1   2   6  28   4   6   4   0  11   3   1   1   3  0.10 0.14
   99 G    -2  -3   2  -1  -5  -2  -3   6  -2  -6  -6  -2  -5  -6  -3  -2   1  -6  -6  -6    1   1   8   4   0   1   2  70   1   0   0   2   0   0   1   1   9   0   0   0  1.37 0.58
  100 V    -2  -3  -3  -5  -1  -1  -4  -5  -3   5   1  -3   0   0  -4  -4  -2  -4  -2   4    1   1   1   0   1   3   0   0   1  39  11   1   2   3   0   0   2   0   1  31  0.77 0.38
  101 E    -1   4   0   0   2   1   1  -1   1  -3  -3   2  -2  -2  -1  -1   0  -1  -2  -2    2  28   3   5   6   4   9   3   4   1   1  17   1   1   2   3   7   1   1   2  0.33 0.21
  102 N    -1   0   6   0  -2   1  -1  -1   3  -4  -4   0  -4  -4  -3   0  -1  -5  -2  -3    6   5  49   4   1   6   2   5   7   0   0   5   0   0   0   5   1   0   1   1  0.77 0.38
  103 L    -1  -4  -4  -4   0  -3  -4  -3  -4   5   1  -3   1   2  -1  -3  -2  -3   0   3    3   0   0   0   1   0   0   2   0  43  12   0   2   9   3   0   0   0   2  19  0.50 0.25
  104 L    -2  -1  -3  -4   0  -3  -3  -2  -3   0   4  -3   2   3  -4  -3   0  -2  -1   1    2   4   0   0   2   0   0   4   0   2  50   0   4  15   0   0   6   0   0  10  0.42 0.24
  105 A     3  -3  -3  -3   5  -3  -3   0  -3   1   0  -3   0  -1  -1  -1  -1  -3  -3   1   37   0   0   0  16   0   0   6   0   9   7   0   2   2   2   2   2   0   0  10  0.38 0.26
  106 L    -2  -3  -4  -4   0   0  -4  -5  -4   2   5  -4   1   0  -4  -2  -1  -3  -3   1    2   0   0   0   2   4   0   0   0   9  60   0   3   2   0   2   3   0   0   9  0.63 0.32
  107 R    -1   5  -1  -2  -4   0   1  -1   0  -3  -2   0  -1  -3  -3   0   1   1   1  -3    2  40   2   0   0   4   8   6   2   0   2   2   2   0   0   7  12   2   6   0  0.45 0.27
  108 G     0  -3  -2   2   3  -2  -2   5  -3  -3  -3  -2  -3  -3  -3   0  -2  -3  -3   0    8   1   1  11   8   1   1  46   0   1   1   1   0   1   1   8   1   0   0  10  0.58 0.22
  109 D     0   1   1   1   2   1   1   0   2  -3  -3   1  -2   1   1  -1  -2  -2   1  -3    8   8   7   8   7   7   8   8   7   0   1   8   0   7   8   1   0   0   7   0  0.16 0.15
  110 P    -1  -2  -2  -1  -1  -1  -1  -3   4  -1   0   1   0  -2   5   0  -1   0   0  -2    6   2   2   3   1   2   3   2   9   5   8   8   2   2  26   6   3   1   3   3  0.41 0.32
  111 P    -1  -1   0  -2   0   1  -2  -1   0   0  -2  -1  -1  -5   6  -1  -1  -5  -1   0    6   3   4   3   2   6   2   4   2   5   4   3   2   0  36   4   4   0   3   6  0.61 0.42
  112 R     0   0   0   0   2   0   0  -1   1   0  -1   0   1   0   0   0   0  -2   1   0    5   5   5   5   5   5   5   5   5   5   5   5   5   5   5   5   5   0   5   5  -0.00 0.06
  113 G    -1  -1   1   1  -3   0   0   2   1   0  -1  -1   0   0   0   0   0   2   0  -1    4   3   6   9   0   4   5  18   4   5   4   3   3   5   4   5   7   3   3   4  0.09 0.12
  114 E     0  -1   0   0  -4   1   1   3   0  -1  -2   0   1  -1  -1   0   0  -4  -1  -1    6   3   4   6   0   7   8  25   2   3   3   5   4   3   3   8   5   0   2   4  0.19 0.20
  115 R    -1  -1   1   3  -1   0   1   0   0  -2  -2   0   0  -1   0   0   0   0   0  -2    4   4   8  19   2   5  11   7   2   3   3   5   2   3   5   5   6   2   3   3  0.17 0.17
  116 V    -1   1   0   0   0   0   1  -1   3  -1  -2   0  -1  -1   1  -1  -1   0   2   0    5   8   5   6   2   4  10   4   9   4   4   6   1   3   6   4   4   1   8   6  0.11 0.13
  117 F    -1  -2  -1  -1  -3  -1  -1  -1  -1  -1  -2   0  -2   3   4  -1  -1   6   2  -3    4   3   2   4   1   3   5   6   1   3   3   5   1  12  19   4   5  10   7   2  0.44 0.32
  118 R     0  -1   1   3  -4   1   2   0  -1  -1  -2   0  -1   0  -1   0   0  -2  -1  -1    7   4   5  17   0   5  14   7   2   3   3   6   1   4   3   6   6   1   2   6  0.18 0.17
  119 P     3  -3  -1   0  -2  -1  -1  -2  -3  -1  -2  -1  -2  -2   3   0   0  -5  -2   1   25   1   3   5   1   2   4   3   1   4   4   3   1   2  16   7   5   0   1  11  0.32 0.28
  120 H     0   0   0   1  -2  -1   0  -1   3  -2  -2   2  -1  -1  -1   0   2  -2  -1  -1    8   5   5   8   1   2   5   4   8   3   3  15   1   2   4   8  12   1   2   5  0.17 0.18
  121 P     0  -2   0   1   0  -1   1   0  -1  -2  -3   0  -1  -3   4   2   0  -2  -4  -1    8   2   4   7   2   2   8   8   2   2   3   5   1   1  21  15   5   1   0   4  0.33 0.29
  122 E    -2  -1   1   1  -2  -1   0   2  -2   0  -2  -1  -1  -3  -2  -1  -1  -5   0   4    2   4   6   8   1   3   6  13   1   4   2   3   1   1   2   5   4   0   3  28  0.28 0.26
  123 G    -1  -2  -1   2  -2  -1  -1   4   0  -3  -4  -3  -1   4  -2   0  -3   0   2  -2    4   2   3  12   1   2   4  27   2   1   2   2   1  14   2   6   2   1   8   3  0.46 0.33
  124 F    -3  -5  -1   3  -2  -1  -1  -5   0   0   2  -3   0   5  -3  -3  -3   0   2  -2    2   0   3  17   1   3   5   0   2   4  16   2   2  27   1   2   1   1   7   3  0.61 0.40
  125 R     0   0   0   1  -1   0   0  -2   0   1   1   0   0   1   0   0   0  -3   0   1    7   5   3   9   1   3   4   2   2   8  14   6   3   7   4   5   6   0   3  10  0.03 0.06
  126 Y    -3  -1   2   2  -1  -1   0  -3   4  -2  -2  -1  -1   1  -3   1  -1   0   4  -2    1   3  10  12   2   2   5   2   9   2   5   4   1   5   1  11   3   1  18   3  0.35 0.31
  127 A     3  -1  -2   0   0  -3  -2  -2  -1   1  -2  -3   1  -4  -1   3   0  -5  -4   0   31   3   2   6   2   0   2   2   1  10   3   0   3   0   2  23   4   0   0   5  0.38 0.37
  128 A     1  -1  -1  -1   0  -1  -1  -1  -1   2   0  -1   0   0  -1   1   0   0   0   1   13   4   3   2   2   2   4   4   1  14   7   3   2   4   2  10   6   1   3  12  0.05 0.10
  129 E    -1   0   0   3  -3   1   2   0   2  -1   0   0  -2  -3  -1   0  -1  -3   0  -1    3   3   5  18   0   6  15   8   6   4  11   5   0   0   2   5   3   0   3   3  0.16 0.17
  130 L    -1   0  -2  -4   0  -1  -3   0  -3   0   4  -2   2   0  -4  -2  -1   1   0   0    3   5   2   0   2   3   0   7   0   3  49   2   5   4   0   3   2   2   3   4  0.39 0.33
  131 V     0   0   0  -2   2   1   0   0  -2   0   0   0   1   0   1   0   0  -3  -2   0    6   6   6   0   6   6   6   6   0   6   6   6   6   6   6   6   6   0   0   6  0.04 0.09
  132 A     0   1   1   0  -3   0   2  -1   1  -1  -1   0   0  -3  -1   0   1   2   0  -1    7   8   7   3   0   4  15   4   4   4   6   5   3   0   3   4  10   3   3   4  0.08 0.14
  133 L     0   0  -2  -2  -1   1  -1  -1   1   0   1  -2   1   3  -3  -1  -1   1   3  -1    7   6   2   1   1   6   3   5   4   5  15   2   4  15   1   4   4   2  10   3  0.18 0.19
  134 I     0  -2  -3  -3  -1  -4  -2   0  -5   5   1  -2   1  -1  -5  -3  -2  -5  -4   2    8   2   2   2   1   0   3   9   0  35  14   3   3   2   0   2   2   0   0  11  0.53 0.37
  135 R    -1   0   0   0   2   0   0  -1   2   0  -1   0   1   0  -3   0   0   3   1   0    5   5   5   5   5   5   5   5   5   5   5   5   5   5   0   5   5   5   5   5  0.06 0.10
  136 E     0   1   1   2  -2   2   2  -1   0  -2  -1   1   0  -3  -2   1   0  -5  -2  -3    7   7   6  11   1  10  13   4   2   2   6  10   3   1   1  10   5   0   1   1  0.19 0.22
  137 R    -2   2   2  -2  -3  -1   2  -3   1   0   1   1   5  -2  -3  -2  -2  -1  -2  -1    3  10  11   2   1   3  12   2   3   4  14   8  13   2   1   3   2   1   1   4  0.32 0.29
  138 Y     0   1   4  -3  -1   1  -1   0   3  -3  -2  -1  -1   2  -3  -2  -1   0   3  -4    7   7  18   1   1   6   3   7   6   1   5   4   1  10   2   3   4   1  11   1  0.36 0.29
  139 G    -1  -1   3   2  -3  -1   0   5  -1  -3  -4  -1  -3  -3   1  -2  -3  -2  -3  -6    4   4  13   9   1   3   5  36   1   2   2   4   1   1   7   3   2   1   1   0  0.64 0.45
  140 D    -2   0   1   3  -2  -1   2   2  -1  -3  -2  -1  -2   1  -2  -1  -1  -1  -3  -4    3   5   8  19   1   3  15  16   1   1   4   3   1   6   2   5   4   1   1   1  0.33 0.29
  141 R    -2   1   1   3  -1  -1   1   1   2  -2  -2   1  -1  -1   0  -1  -2   0   2  -1    3   8   7  15   1   2   8  11   5   3   3   7   2   2   4   4   2   1   7   4  0.17 0.17
  142 V    -4  -3  -2  -1  -6  -2  -4  -3  -6   3   1  -2   0   7  -3  -4  -2   0  -1   0    2   2   2   4   0   2   1   3   0  14  12   2   2  39   2   2   3   1   1   6  0.93 0.54
  143 S     1  -1   0   1   3   0   0   0   1  -1  -1   0   0   1  -1   1   0   0   0  -2   10   3   5   9   6   4   5   8   3   3   5   5   2   6   3  13   5   1   3   2  0.08 0.12
  144 V     0  -1  -1  -1  -3  -1  -2   0  -1   3   0  -1   1   0   0  -1   0   0   0   1    6   3   3   4   0   3   2   9   2  22   7   4   3   3   4   4   5   1   3  10  0.11 0.15
  145 G     1   0   1   1   1   0   0   2   0  -2  -1   0  -1  -1   0   0  -1  -4  -1  -2   10   4   7  10   3   4   4  17   3   2   5   6   2   2   5   8   4   0   2   2  0.12 0.13
  146 G     0  -2   0   0   2  -1   0   0  -2   0   0   0   1   1   1   0   0  -2   1   0    6   0   6   6   6   0   6   6   0   6   6   6   6   6   6   6   6   0   6   6  0.04 0.09
  147 A     3   0   0   0   0  -1   0  -1   0   1  -1   0   0  -1  -1   0   0  -4  -1  -1   24   4   4   5   2   3   4   5   2   9   5   7   2   3   3   8   6   0   2   3  0.11 0.16
  148 A     0  -5  -1   0   2   0  -1   3   1   1  -1  -1   0   1   0  -1  -1  -6   0   0    8   0   3   5   4   4   5  19   3   8   5   3   3   7   5   5   4   0   3   7  0.17 0.14
  149 Y    -1   0   0   0   2   0   0  -1   2   0  -1   0   2   1   0  -1   0   4   1  -1    5   5   5   5   5   5   5   5   5   5   5   5   5   5   5   5   5   5   5   5  0.09 0.08
  150 P     0  -1  -1  -2   3   0  -2  -1   1  -1  -3  -1  -6   0   5  -1  -1  -7   0   1    8   3   4   3   6   4   3   6   3   3   3   4   0   3  25   6   4   0   3   8  0.40 0.31
  151 E     2  -1   0   0   0  -1   2   0   0   0  -1  -1  -1  -1   0   0   1  -4  -1  -1   21   3   4   4   2   3  13   8   2   5   7   2   2   3   4   5   9   0   2   3  0.12 0.17
  152 G     1  -2  -1  -2   1  -1  -2   3  -1  -1  -1   1   0   1   1  -1  -1  -2  -1   0   10   2   3   3   3   2   2  25   2   3   7   8   2   6   6   3   4   1   2   7  0.21 0.20
  153 H    -3  -3   4  -2   2  -3  -2  -3   9  -3  -4  -3  -2  -2  -3  -2  -2  -7   2  -4    2   2  19   2   4   1   3   2  43   2   2   1   1   2   2   3   3   0   6   1  1.56 0.86
  154 P    -1  -3  -1  -2  -1  -1  -2  -4  -1  -1  -2  -3  -1  -1   7  -2  -1  -7  -1  -1    5   2   3   3   2   3   3   1   2   4   5   2   1   2  47   4   4   0   3   4  0.97 0.68
  155 E    -1  -1   3   3   0   0   4   0   0  -3  -2  -2  -1   0  -2   0  -1   0  -2  -3    5   4  11  13   2   4  22   6   2   2   4   3   2   4   2   6   4   1   1   2  0.34 0.28
  156 S     3  -1   0  -1   2  -1  -1   0   0  -2  -2  -2   0  -1  -1   2   0  -5  -1  -1   26   3   5   3   4   2   3   7   3   2   3   2   2   3   3  18   4   0   2   5  0.24 0.27
  157 E    -1   1   0   1  -6   1   2  -1   1  -2  -2   0   0  -1   2  -1   0   2   0  -1    6   8   4   7   0   5  13   5   3   3   4   6   3   3   9   5   5   3   3   4  0.11 0.16
  158 S    -2  -1   3   3   1  -1  -1   0   1  -2  -3  -1   0  -1   0   2   0   2   0  -2    3   3  13  16   3   3   4   6   3   3   3   4   3   3   5  13   5   3   3   3  0.27 0.24
  159 L    -1   1  -2  -2   0  -1  -1  -3   0   1   2  -1   1   2   1  -2  -2   2   2   0    5   9   2   3   2   3   4   3   3   6  16   4   4   7   7   3   3   2   7   6  0.15 0.13
  160 E     0  -1  -1   4  -7   2   4  -2   0  -3  -3   0  -2  -3  -2  -1  -3  -1  -2  -3    7   4   3  20   0   7  28   3   2   2   3   6   1   1   3   4   2   1   2   2  0.56 0.46
  161 A     0   0  -1   1   0   1   1  -2   1  -2   0   1  -1  -1  -1   1   0   1   0  -1    9   5   2   7   2   7  10   3   4   2   8   9   2   3   3   9   5   2   3   4  0.06 0.11
  162 D    -2   0  -1   6  -1   1   3  -3   0  -2  -3  -2  -7  -7  -4  -3  -4  -8  -1  -4    3   5   2  42   1   6  20   2   2   2   3   3   0   0   1   2   1   0   2   1  1.04 0.68
  163 L     0   0   0  -2   2   0   0  -3  -2   0  -1   0   1   1   0   0   0   3   1   0    6   6   5   0   5   5   6   0   0   6   6   6   5   5   6   6   6   5   5   6  0.05 0.14
  164 R     0   2  -1   2  -1   2   2  -2   0  -1  -1   1   0  -1  -2  -1   0   0  -1  -2    7  10   3  11   1   8  14   2   2   5   5  10   2   2   2   4   5   1   2   2  0.15 0.18
  165 H    -2   4   2  -3  -1  -1  -3  -3   4  -1  -2   1  -1   1  -6  -2  -2   4   4  -2    3  20   8   1   1   3   2   2   9   4   3   8   2   5   0   3   2   5  16   2  0.56 0.42
  166 F     0  -2   0  -2   2   1   0   0   2   0   0  -2   1   1  -3   0   0   4   1   0    6   0   6   0   6   6   6   6   6   6   6   0   6   6   0   6   6   6   6   6  0.11 0.15
  167 K    -1   1  -1  -2  -1   1   2  -3   0  -1  -2   5   1  -1  -5  -2  -2   0  -2  -1    5   7   2   2   2   5  14   2   3   4   5  33   3   3   0   2   2   2   2   4  0.48 0.34
  168 A     1   3  -1  -2  -1   1   2  -3   3  -2  -2   3  -1  -2  -2  -1  -2   1   0  -3   11  14   2   2   1   5  12   2   6   2   5  19   2   1   1   4   2   2   3   2  0.32 0.24
  169 K     1   2   0   2  -2   2   2  -1  -1  -2  -2   2  -1  -3  -1   0   1  -3  -2  -2   13  13   1  13   0  13  13   1   0   1   1  13   0   0   1   1  13   0   0   1  0.24 0.07
  170 V     0  -1  -2  -2   1   0  -1  -3   0   1   1   0   1   0  -2  -1   0   3   0   2    7   3   0   1   3   5   4   1   3   9  11   9   3   4   1   4   3   4   3  18  0.08 0.10
  171 E     0   0   1   3  -4   1   2  -2   0  -1  -2   0   1  -1   0   0  -1  -4   0  -1    6   4   6  19   0   6  16   3   3   4   3   5   4   3   4   5   3   0   3   3  0.21 0.22
  172 A     3  -1   0  -1   2   0   0  -1   0  -1  -1  -1   0   0  -3   0  -1  -3   0  -1   33   3   5   3   4   3   6   4   3   3   4   4   3   5   0   6   3   0   3   3  0.18 0.26
  173 G    -3  -1  -1  -1  -5  -4  -1   7  -5  -5  -3  -1   0  -5  -5  -2  -4  -5  -5  -5    1   3   3   3   0   0   4  69   0   0   3   4   3   0   0   3   0   0   0   1  1.41 0.58
  174 L     5  -5  -5  -5   2  -4  -4  -1  -5   1  -2  -4   0  -5  -4  -1   0  -5  -5   1   56   0   0   0   5   0   0   4   0   8   3   0   3   0   0   3   6   0   0   8  0.89 0.50
  175 D    -3   0   1   5  -1   0   1  -3   2  -3  -4   1  -2  -5  -4   1   0  -5  -3  -3    1   4   7  37   2   5   7   2   5   1   1   7   1   0   0  12   5   0   1   1  0.65 0.38
  176 F    -1  -1  -2  -2   0   0  -2  -2   0  -1  -1  -2   0   6  -4  -1  -2   2   4  -1    6   4   2   2   2   4   2   3   2   3   5   2   2  34   0   3   2   3  13   4  0.49 0.32
  177 A     2  -3  -3  -4   1  -3  -3  -2  -3   3   1  -3   1   2  -3  -1  -1  -3   0   2   19   0   0   0   3   0   0   3   0  20  13   0   3  11   0   4   3   0   3  12  0.29 0.25
  178 I     0   0  -2  -2   3   1   0  -3  -2   0   0  -1   2   1  -3   0   0   4   2   0    7   7   0   0   7   7   7   0   0   7   7   0   7   7   0   7   7   7   7   7  0.13 0.15
  179 T     0  -2  -1   0   3  -2   0  -1  -3  -2  -1  -2  -2  -3  -2   1   5  -3  -3  -2    5   0   0   6   6   0   5   4   0   0   5   1   0   0   0   9  54   0   0   1  0.55 0.30
  180 Q    -2   1   1  -2  -4   6   0  -3   1  -3  -2   1   1  -4  -3   0   0  -3  -2  -3    1   8   6   0   0  54   1   1   4   0   4   8   4   0   0   4   4   0   0   1  0.72 0.34
  181 L    -1  -3  -2  -3   0  -2  -3  -2  -1   1   2  -3   2   2   4  -1  -1   0   1   0    5   0   2   0   2   2   1   3   1   8  21   0   7   8  22   5   2   1   6   4  0.32 0.19
  182 F    -1   0  -3  -4   4  -1  -3  -2  -3   2   0  -1   0   4  -3  -2   0  -2   0   2    2   5   0   0   9   3   1   2   0  10   4   5   2  25   0   2   5   0   2  22  0.34 0.23
  183 F    -3  -3  -5  -6  -5  -3  -2  -6   0  -3  -1  -5  -1   8  -4  -5  -3   0   6  -4    2   1   0   0   0   1   4   1   2   1   4   0   1  52   1   1   2   1  23   1  1.66 0.70
  184 N    -4  -2   2   6  -2  -1   2  -3  -1  -4  -5   0  -3  -6  -5   0  -2  -6  -3  -4    1   2   8  51   1   2  11   1   2   1   1   5   1   0   0   8   2   0   1   1  1.11 0.56
  185 N     1  -2   3  -1  -2  -1  -2  -2  -1   0   0  -2   0  -2   2  -1   1  -2  -2   1   13   2  19   2   1   2   2   2   1   4   8   2   3   2  12   4  10   1   1  11  0.23 0.22
  186 A     1   1   0   4  -3   1   3  -2  -1  -3  -4   0  -2  -4  -1  -1  -1  -2  -4  -3   11   7   4  23   1   5  23   3   1   1   1   4   1   1   3   5   3   1   0   1  0.46 0.32
  187 H     1   1   0   1  -1   0   0  -1   2   0  -1   1  -1  -1  -1   0   1  -3   0   0   15   7   5   9   1   5   3   3   6   4   6   8   1   2   2   4   8   0   4   8  0.06 0.09
  188 Y    -2  -5  -5  -5  -2  -5  -5  -5  -1   2   1  -5   0   6  -3  -5  -3   1   5   0    3   0   0   0   1   0   0   1   1  11  13   0   2  32   1   1   1   2  21   6  1.02 0.49
  189 F     0   0  -2   0  -2   1   2  -2  -1   0   1   0  -1   2  -3  -1  -1  -1   2  -1    7   5   1   6   1   6  15   3   1   5  15   6   1   9   1   2   2   1   9   4  0.12 0.14
  190 G     0   4   2   2  -3   1   2  -3   1  -3  -3   1  -2  -4  -2   0  -1  -2  -2  -2    7  22  10  10   1   6  11   2   3   2   3   9   1   0   1   6   3   1   1   2  0.35 0.26
  191 F    -3  -5  -3  -6  -2  -4  -5  -4  -2  -1   1  -4  -1   7  -6  -5  -4   6   3  -2    2   0   1   0   1   1   1   1   1   3  14   1   2  48   0   1   1  10   9   2  1.43 0.63
  192 L    -1   3  -4  -4   0  -1  -2  -4  -1   1   3  -1   3  -1  -4  -3  -2  -4   0   3    4  15   1   1   2   3   3   1   1   7  24   2   8   2   0   1   1   0   4  19  0.40 0.29
  193 E    -1   1   1   4  -3   0   4  -3  -1  -4  -4   3  -3  -4  -5  -1  -2  -6  -2  -4    6   8   7  22   1   4  23   1   2   1   1  17   0   1   0   3   2   0   1   1  0.64 0.42
  194 R     1   4  -2   0  -3   1   1  -2  -1  -1  -1   2  -1  -3  -4  -2  -2  -1  -1  -3   15  24   2   6   0   5   8   3   1   4   6  14   2   1   0   2   2   1   2   1  0.35 0.30
  195 A     2  -2  -4  -6   7  -4  -4  -5  -5   2   1  -3   1  -1  -4  -3   0  -5  -2   2   17   2   1   0  24   1   1   1   0   9  15   1   3   2   1   1   5   0   2  13  0.78 0.44
  196 R     0   6  -2   0  -3   0   1  -3   0  -3  -3   2  -3  -4  -3  -2  -2  -2  -2  -2    7  44   1   5   1   3   8   2   2   2   2  10   1   1   1   3   2   1   2   3  0.81 0.47
  197 R     2   2   0   0  -5   2   2  -1   2  -3  -3   3  -3  -3  -2  -1   0  -5  -2  -3   17  10   4   5   0   7  15   4   4   1   2  16   0   1   1   5   5   0   1   1  0.34 0.27
  198 A     3   1  -1  -3  -1   0  -1  -1   1   1   0   0   0  -1  -3  -1  -1  -2   0  -1   28   8   3   1   1   4   4   4   4   8   8   6   3   3   0   4   3   0   3   4  0.17 0.18
  199 G    -3  -2   1   0  -6  -1  -1   6  -1  -4  -4  -1  -5  -3  -1  -2  -4  -3  -4  -5    2   2   6   4   0   3   4  60   2   1   2   3   0   1   3   3   1   0   1   1  1.18 0.60
  200 I    -2  -3  -4  -4   1  -4  -3  -4  -4   6   2  -2  -2   0  -2  -3  -2  -3  -3   2    3   1   1   1   2   1   2   1   0  44  16   3   0   3   2   2   2   0   1  13  0.88 0.48
  201 G    -2   1   3   2  -3  -1   1  -1   2  -5  -5   2  -3  -5   0   0   3  -6  -3  -4    2   7  11  13   0   3   7   4   5   0   1  11   1   0   5   7  19   0   1   1  0.43 0.35
  202 I     0  -3  -4  -2   3  -2  -4  -5  -6   4   1  -2   0  -3  -4  -3   0  -6  -4   4    7   2   1   2   7   2   1   1   0  23  10   3   2   1   1   1   5   0   0  32  0.71 0.43
  203 P    -4  -2  -5  -5  -7  -4  -3  -7  -1  -7  -6   0  -7  -4   8  -4  -1  -7   0  -5    1   3   1   1   0   1   2   0   2   0   1   5   0   1  74   1   3   0   3   1  2.25 1.08
  204 I    -5  -7  -7  -3  -3  -7  -7  -8  -4   7   0  -5   0   0  -7  -6  -4  -3  -4   3    1   0   0   2   0   0   0   0   0  60   9   1   2   3   0   0   1   0   1  19  1.67 0.78
  205 L    -4  -4  -7  -4  -3  -4  -4  -7   0   5   3  -5   1   1  -7  -4  -2  -3  -2   2    1   1   0   1   0   1   1   0   2  34  30   0   2   6   0   1   2   0   1  15  0.96 0.52
  206 P     3  -7  -7  -6   0  -6  -6  -1  -7   1  -2  -6  -1  -3   7  -4  -4  -3  -5   1   20   0   0   0   2   0   0   5   0   8   4   0   1   1  46   0   1   0   0  11  1.31 0.74
  207 G    -3  -3  -3  -7  -8  -7  -4   7  -7  -9  -9  -7  -8  -8  -7  -2  -3  -8  -8  -8    2   2   1   0   0   0   1  88   0   0   0   0   0   0   0   3   2   0   0   0  2.45 1.08
  208 I    -4  -7  -7  -7  -3  -6  -7  -8  -5   7   2  -7  -2  -3  -7  -6  -4  -7  -4   4    1   0   0   0   1   0   0   0   0  55  16   0   1   1   0   0   1   0   1  21  1.63 0.75
  209 M    -4  -4  -7  -7  -3  -4  -7  -4  -6   1   3  -3   9   1  -7  -5  -2   3  -2  -2    1   1   0   0   1   1   0   2   0   6  22   2  48   6   0   1   3   4   2   2  1.66 0.81
  210 P    -3  -7  -5  -7  -3  -6  -5  -7  -7  -2  -1  -6  -3  -5   8  -5  -3  -8  -7  -2    2   0   0   0   1   0   1   0   0   3   6   0   1   1  80   1   2   0   0   4  2.50 1.12
  211 V    -4  -6  -7  -7  -2  -5  -6  -7  -4   6   4  -6  -1   0   0  -5  -3  -6  -4   2    1   0   0   0   1   0   0   0   0  38  33   0   1   4   5   1   1   0   0  13  1.13 0.58
  212 T    -1   1   0  -2  -3   2  -1  -2   1  -1  -1   1  -1  -3  -1   0   3  -5  -1   1    4   7   5   2   0  12   3   2   4   3   6  10   1   1   3   5  19   0   2  12  0.20 0.23
  213 S    -3  -3   5   0  -4  -4  -4  -2  -2  -6  -7  -3  -6  -7  -6   6   1  -7  -6  -6    2   2  22   6   0   1   1   3   1   0   0   1   0   0   0  55   7   0   0   0  1.38 0.79
  214 Y     1  -2  -4  -4  -3  -3  -2  -3   0  -1   0   0  -1   3  -2  -1  -3   2   6   0   15   3   0   1   0   1   3   1   2   3  10   5   1  12   3   4   1   3  26   6  0.55 0.39
  215 R     0   5   0  -1  -6   2   0  -1  -2  -5  -5   4  -3  -5  -2   1  -2  -6  -5  -4    7  26   4   4   0   8   6   5   1   0   1  23   1   0   1   9   3   0   0   1  0.65 0.44
  216 Q    -1   1   3  -3  -4   4  -2   0   3  -2  -3   0   3  -3  -4   1  -2  -6  -3  -3    4   7  15   0   0  21   1   8   7   2   2   5   8   1   1  12   2   0   1   2  0.49 0.41
  217 S     4  -5  -6  -6  -3  -5  -6  -5  -6   3   3  -5   0   3  -6  -4  -2  -3  -1   1   34   0   0   0   0   0   0   0   0  13  24   0   2  11   0   0   3   0   2   8  0.77 0.49
  218 A    -1   3   0  -2   0   1   3  -3   0  -1   0   2   0  -4  -4  -1  -1  -5  -4  -1    4  15   4   2   2   6  22   1   2   4   9  14   3   1   0   3   2   0   0   5  0.34 0.29
  219 A    -4   6   0  -4  -7  -2  -4  -4   0  -4  -3   2  -1   5  -6  -2  -3   1   2  -4    1  38   4   1   0   1   1   1   2   1   2  10   1  21   0   3   2   2   7   1  0.99 0.59
  220 S    -2  -3  -6  -5  -6  -5  -7  -6  -6   3   3  -6   7   4  -7  -4  -2  -5  -3   0    3   1   0   1   0   0   0   0   0  17  23   0  28  18   0   1   2   0   0   5  1.21 0.63
  221 P     2  -1   1  -3   1  -1  -1  -2   4  -1  -2  -1  -2  -4   0   1   2  -5  -4   0   21   2   7   0   3   2   4   2  10   4   3   4   1   0   4  12  15   0   0   6  0.30 0.29
  222 R    -1   1   2  -1  -6   2   4  -2  -2  -5  -5   4  -4  -3  -4   0  -2  -6  -4  -4    5   7  10   3   0   7  29   2   1   0   1  23   0   1   0   7   2   0   0   1  0.69 0.47
  223 S    -2  -1  -2  -4  -3  -3  -4  -4  -2   2   3  -1   4   1  -6  -3  -2   0  -4   3    3   4   2   1   0   1   0   1   1   9  32   4  10   6   0   2   2   1   0  20  0.56 0.37
  224 A     0  -5  -1  -6   8  -4  -6  -5  -4  -3  -4  -6  -2   1   5   2   0  -7  -4  -3    9   0   4   0  28   0   0   0   0   1   1   0   1   5  24  17   7   0   0   2  1.24 0.69
  225 G    -3  -2   1  -3  -5  -2  -3   6   3  -8  -8   1  -7  -4  -6  -3  -5  -4  -4  -8    1   2   5   1   0   2   2  66   6   0   0  10   0   1   0   2   0   0   1   0  1.54 0.77
  226 R     3  -4  -4  -5   1  -4  -4  -4  -4   4   0  -4   0  -2  -5  -1   1  -6  -5   3   23   0   0   0   3   0   1   1   0  26   6   0   2   1   0   5   9   0   0  21  0.67 0.44
  227 A     0   1   0   1  -3  -1   1  -3   2  -1  -3   1  -2  -2   0   2   2  -5  -1   0    6   6   5   7   0   2  11   1   6   3   1   7   1   2   5  17  13   0   2   6  0.22 0.23
  228 S    -3  -6  -7  -7  -5  -7  -6  -7  -5   6   1  -7   0  -1  -3  -5  -4  -7  -2   5    1   0   0   0   0   0   0   0   0  41  14   0   2   2   1   0   1   0   1  35  1.37 0.66
  229 P    -7  -8  -8  -8  -9  -8  -7  -8  -8  -9  -9  -7  -9 -10   9  -7  -7 -10  -9  -9    0   0   0   0   0   0   0   0   0   0   0   0   0   0 100   0   0   0   0   0  3.74 1.49

                      K         Lambda
Standard Ungapped    0.1384     0.3213
Standard Gapped      0.0386     0.2670
PSI Ungapped         0.1261     0.3174
PSI Gapped           0.0386     0.2670
