
Last position-specific scoring matrix computed, weighted observed percentages rounded down, information per position, and relative weight of gapless real matches to pseudocounts
            A   R   N   D   C   Q   E   G   H   I   L   K   M   F   P   S   T   W   Y   V   A   R   N   D   C   Q   E   G   H   I   L   K   M   F   P   S   T   W   Y   V
    1 M    -4  -5  -5  -6  -5  -4  -5  -6  -5  -2   1  -5  10  -3  -6  -5  -4  -5  -4  -2    0   0   0   0   0   0   0   0   0   0  10   0  90   0   0   0   0   0   0   0  2.58 0.72
    2 V    -1  -4  -3  -4  -4  -3  -3   0  -4  -1  -3   0   0  -4   3   2   2  -5  -4   3    2   0   0   0   0   0   0   9   0   2   0   5   3   0  15  18  17   0   0  29  0.50 0.36
    3 I    -5  -7  -7  -7  -5  -6  -7  -8  -7   6   1  -7  -3  -4  -7  -6  -3  -7  -5   5    0   0   0   0   0   0   0   0   0  42  13   0   0   0   0   0   1   0   0  44  1.63 0.69
    4 R    -3   1  -3  -2  -3   2   0  -4   2   1  -2   3  -2  -3  -4  -3   0  -5   0   3    0   6   0   1   0   9   7   0   6   8   2  22   0   1   0   0   7   0   3  25  0.44 0.35
    5 V    -4  -6  -7  -7  -5  -6  -6  -7  -6   4   3  -6   1   1  -6  -3  -4  -6  -3   5    0   0   0   0   0   0   0   0   0  23  25   0   3   5   0   2   0   0   1  42  1.20 0.57
    6 F    -7  -7  -7  -8  -8  -7  -7  -8  -1  -6  -2  -7  -6   5  -8  -7  -7  -3   9  -4    0   0   0   0   0   0   0   0   1   0   4   0   0  22   0   0   0   0  71   1  2.83 1.11
    7 I    -3  -5  -4  -5  -1  -4  -4  -2  -3   2   0  -4   1   1  -5   1   4   0   3   2    1   0   0   0   1   0   1   4   0  13   6   0   3   5   0  10  32   1   9  12  0.58 0.43
    8 A     0  -3  -3  -5  -5  -5  -5  -4  -6  -4  -6  -4  -5  -6  -5   5   6  -2  -6  -5    7   1   1   0   0   0   0   1   0   1   0   1   0   0   0  37  50   1   0   0  1.54 0.83
    9 S    -2  -3  -2  -3  -5  -2  -3  -1  -5  -3  -1  -2  -2  -3  -2   6   3  -6  -4  -5    2   1   2   1   0   1   1   6   0   1   8   2   1   1   2  52  19   0   0   0  0.94 0.62
   10 S    -1  -4  -1  -5   0  -2  -4  -4  -5   3   2  -3   4  -1  -4   0   2  -1  -3   3    4   0   3   0   2   1   0   1   0  14  22   1  11   2   0   6  12   1   1  18  0.44 0.32
   11 S     1   2  -2  -3   4  -3  -3   1  -3  -4  -2  -2  -3  -4  -2   4   3  -6  -3  -4   11  13   2   1   8   1   1  10   0   0   4   2   1   0   2  27  17   0   1   0  0.54 0.42
   12 G     0  -4  -4  -4  -1  -4  -5   6  -4   0  -4  -3  -1  -3  -1   2  -2  -2  -6  -1    8   0   0   0   2   0   0  53   0   5   1   1   2   1   3  15   3   1   0   5  0.96 0.54
   13 F    -2  -3   4  -1  -3  -1  -2  -1  -2   2  -3  -2  -2   1  -3   2  -1  -5   0   2    1   1  25   3   0   3   1   4   0  11   1   2   1   6   1  20   4   0   3  13  0.43 0.35
   14 V    -2   5  -1  -3   2  -1  -2  -3   2  -1  -1   1   0  -2   1   0   0  -5  -2  -1    3  33   2   1   5   1   1   1   5   3   7   9   3   2   8   6   5   0   1   4  0.44 0.32
   15 A     0   1  -2   0  -3   2   3  -3   2  -3  -3   4  -4  -2  -3  -1  -1  -5  -3  -2    8   6   1   5   1   7  20   2   6   1   1  29   0   2   1   4   4   0   1   3  0.48 0.34
   16 I    -2  -5  -3  -5  -4  -3  -4  -4  -5   4  -1  -4   2  -2  -5  -2   4  -5   1   3    3   0   1   0   0   1   1   1   0  27   5   0   6   1   0   1  27   0   5  21  0.77 0.45
   17 K    -1   4  -3  -1  -2  -1  -3  -4   0  -1  -4   4  -1   3  -4  -2  -2  -1   3  -1    4  21   1   3   1   2   1   1   2   3   0  29   2  12   1   2   2   1  10   4  0.61 0.40
   18 K    -1   1  -1  -1  -5   1   3  -2   0  -4  -4   4  -2  -4  -1   1   2  -2  -1  -4    4   6   2   3   0   6  16   3   2   1   1  27   1   1   2  12  11   0   2   1  0.44 0.33
   19 K     0   4   2   3  -1   3   0  -3   3  -4  -5   2  -4  -5  -4  -2  -2  -5  -2  -5    7  20  10  19   1  11   4   1   7   1   0  13   0   0   0   2   1   0   1   0  0.61 0.38
   20 Q    -2  -4  -3  -5   8   6  -2  -5   2  -1  -4  -2  -1  -5  -5  -3   1  -5  -3  -2    3   0   1   0  31  36   1   0   5   5   1   1   1   0   0   2   9   0   1   3  1.40 0.68
   21 Q    -1   1   2   0   2   4   2  -3   0  -3  -2   0   1  -3  -4   1  -1  -4  -2  -3    5   6   9   5   5  24  12   1   2   1   3   4   5   1   0  10   4   0   1   1  0.38 0.30
   22 D    -1   5  -1   0  -2   0   1  -3   2  -4  -1   2   0  -2  -3   0  -1   0   0  -3    5  33   2   5   1   3   8   1   6   0   6  10   2   2   0   7   4   1   3   2  0.43 0.29
   23 V     1  -4  -4  -4  -3  -4  -4  -4  -4   3   2  -4   2  -1  -4  -2  -1  -4  -1   4   13   0   0   0   0   0   1   1   0  18  17   0   6   2   0   2   3   0   2  33  0.62 0.34
   24 V    -2   4  -2  -2  -2   1   1  -3   0  -1   0   2   1   1  -3  -2  -1  -3  -2   0    3  25   1   1   1   7   9   1   2   4  11  13   4   6   0   2   4   0   1   7  0.29 0.24
   25 R    -1   3   1   0  -2   2  -1  -1   0  -2  -1   0   4   0  -3   0   1  -1  -2  -2    5  15   8   5   1  10   2   4   2   1   4   4  14   4   0   7  10   1   1   2  0.22 0.22
   26 F    -2  -4  -5  -5  -1  -3  -4  -5  -4   5   3  -2   1   1  -4  -3  -1  -1  -1   1    3   0   0   0   1   1   0   0   0  40  27   3   3   6   0   2   2   1   2   8  0.69 0.38
   27 L    -4  -5  -6  -6  -4  -5  -5  -6  -5   0   6  -5   1   2  -5  -5  -4  -4  -4  -1    0   0   0   0   0   0   0   0   0   4  76   0   3   8   0   0   0   0   0   3  1.40 0.65
   28 E    -1   2   0   3  -4   2   3  -1   0  -3  -4   2  -3  -3  -3  -1   0  -1  -1  -3    5  10   4  18   0   7  21   4   2   1   0  11   0   1   0   3   6   1   2   1  0.38 0.27
   29 A     1  -2   0  -2  -3  -1  -1   3  -1  -1  -2   0  -1  -4  -3   3   1  -4  -4  -1   12   2   3   2   0   3   3  20   1   3   2   4   1   0   0  26  10   0   0   4  0.31 0.28
   30 N    -2   0   2  -1  -1  -1  -2  -4   3  -2   2   3   0   2  -4  -2  -2  -4   0  -3    2   3   9   3   2   2   2   0   8   2  21  24   2  10   0   3   2   0   3   0  0.35 0.31
   31 K    -2   3   2   0  -1   1   0   3   0  -3  -2   3   0  -4  -2  -1  -2   0  -4  -4    1  14  12   4   2   5   6  21   3   1   4  18   3   0   2   3   1   1   0   0  0.37 0.29
   32 I    -2  -2  -5  -5   0  -1  -4  -3   0   4   0  -4   1  -1  -1  -4  -1   2  -1   4    3   2   0   0   2   4   0   2   2  30   7   0   3   2   3   0   3   2   2  33  0.61 0.39
   33 E     0   0   0   2  -1   2   2  -2   1  -2  -2   1  -1  -2   1  -1  -1   1  -3  -2    7   4   5  12   2  10  15   2   4   2   3  11   2   2   7   4   3   2   0   3  0.20 0.20
   34 F     0  -2   1  -2  -2  -2  -2  -2   2   1   0  -2  -1   2   1   0  -1   5   2   0    9   0   9   0   0   0   1   1   9   9   9   0   0   9   9   9   0   8   9   9  0.18 0.13
   35 E    -3  -1   0   2  -2   2   5  -4  -1  -3  -4   1  -3  -4  -4  -2   1  -7  -3  -1    2   3   4  10   1   7  41   1   2   1   1   9   1   1   1   2   8   0   1   4  0.77 0.49
   36 E     0  -2  -3  -1  -2   0   5  -3  -2  -1  -3  -2  -1   0  -3  -2   1  -1   1   0    9   2   1   3   1   3  39   1   1   3   3   2   2   3   2   3   7   1   5   8  0.55 0.41
   37 V    -3   3  -6  -7   1  -5  -3  -7   1   5   0  -1   0  -1  -7  -4  -5  -6   1   3    2  15   0   0   2   0   2   0   4  35   7   4   2   3   0   1   0   0   4  20  0.93 0.50
   38 D    -3  -2   1   8   0  -5  -2  -6  -1  -3  -4  -5   0  -7  -6  -3  -6  -8  -2  -7    2   2   7  72   2   0   2   0   2   2   2   0   2   0   0   2   0   0   2   0  1.90 0.87
   39 I    -2  -6  -6  -6   0  -6  -6  -3  -6   6   2  -6   2  -4  -6  -5  -2  -6  -1   3    3   0   0   0   2   0   0   2   0  42  19   0   4   0   0   0   3   0   2  21  1.08 0.52
   40 T     3  -4  -1   2   0  -3  -1  -1  -1  -2  -2  -3  -1   0  -2   2   3   1  -1  -2   23   0   2  12   2   0   3   5   1   2   3   0   1   4   2  15  18   2   2   2  0.34 0.30
   41 M    -1   0   1   1   0   1   0  -1   0  -1   0   0   3  -1  -1   0   0  -3   0   0    5   5   6   7   3   7   5   4   3   3   8   4  12   3   3   5   5   0   3   7  0.05 0.14
   42 S    -2  -1   2   4   1   1   0  -1   2  -2  -3  -1  -4  -1   1   0  -1   2   0  -2    3   4  12  23   3   6   4   4   4   3   3   3   0   3   7   8   3   3   3   3  0.29 0.29
   43 E    -1   0  -1   1  -3   0   5  -2  -2  -3  -4   0  -3  -6   3   0  -1  -2  -3  -3    4   5   3   8   1   3  33   4   1   1   2   5   1   0  16   6   4   1   1   1  0.57 0.47
   44 E     0  -2   1   2  -5   1   4  -1   0  -3  -3   1  -2  -3  -1   0  -2  -1  -1  -3    9   1   8  11   0   5  28   5   2   1   3   7   1   1   3   6   2   1   2   2  0.37 0.36
   45 Q     2   0   0   0  -1   1   1  -2   1  -1   0   0   0   1  -3  -1  -1  -3   2  -1   20   6   5   5   1   6   8   3   4   3  10   5   2   7   0   4   3   0   8   3  0.12 0.18
   46 R    -3   6  -1  -2  -6   2  -2  -4   0  -5  -1   4   0  -2  -5  -2  -3   0  -5  -2    2  37   2   2   0   9   2   1   2   0   6  23   2   2   0   2   1   2   0   3  0.92 0.61
   47 Q     0   1   0   1  -2   3   3  -3  -1  -3  -3   2   1  -5  -2  -1  -1  -2  -2  -2    8   6   4   8   1  16  20   1   1   1   2  13   4   0   2   4   3   1   1   2  0.39 0.37
   48 W    -2   1  -2  -2  -2   0   4  -2   1  -2   0   1  -2   3  -4  -2  -2   3   1  -3    3   6   1   2   1   4  30   4   3   3   8   9   1  11   0   2   2   4   4   2  0.42 0.37
   49 M    -3  -6  -3  -3  -6  -2  -2  -4  -2  -1   3  -2   8  -2  -6  -3  -2   7  -2  -1    2   0   2   2   0   2   3   1   1   3  22   2  34   2   0   2   2  13   1   5  1.25 0.73
   50 Y    -3   4  -2  -3  -2   3   0  -2   0  -1  -2   2   1   2  -5  -2  -2   3   1  -2    2  23   2   1   1  13   5   3   2   3   4  12   3   7   0   2   2   4   6   3  0.45 0.36
   51 K    -1   3   0   0  -1   1   3  -2  -1  -3  -2   2   3  -2  -4  -1  -1   2  -1  -3    6  17   4   5   2   7  17   3   1   2   4  10   8   2   0   4   3   2   2   2  0.33 0.30
   52 N    -1   3   2  -1   0   1   0  -2   1  -1   0   2   1  -1  -1  -1  -1   1   0  -1    4  15  10   2   2   5   4   3   3   4   9  14   4   2   3   3   3   2   3   5  0.15 0.17
   53 V     1  -1   0  -2   1   0  -1  -1   0   0   1  -2   3   0  -4   1  -1   1  -1   0   15   2   5   2   4   4   3   4   2   4  16   2   8   3   0  11   3   2   2   7  0.12 0.16
   54 P    -1   1   2  -1   0   0  -1   2   1  -1  -2   1  -3  -1   1   0   0   1  -1  -2    4   9   9   3   2   5   4  15   3   4   5   9   0   2   7   7   4   2   2   2  0.12 0.14
   55 P     1  -1   1   1   0  -1   1   3  -1  -3  -3   1  -1  -2  -1   1   0   2  -4  -2   10   3   6   9   2   2   8  19   1   2   3   8   1   1   3  10   6   3   0   2  0.21 0.20
   56 E    -1   1   0   1   1   0   1  -1   2  -1  -2   2   0  -1  -1   0   0   2   0  -1    6   7   5   8   3   4   9   5   6   3   5  12   3   3   3   6   5   3   3   4  0.10 0.10
   57 K    -1   1   2   0   1   0  -1  -1   1  -1  -1   3   1  -1  -1   0  -1  -5   0  -1    5   8  10   6   3   4   5   6   3   3   6  15   3   3   4   7   4   0   3   4  0.13 0.12
   58 K     0   1   1   0   0   0   0   0   0   0  -2   3   0  -1   0   0   0  -3  -1  -1    8   7   6   6   2   4   4   6   3   5   4  19   2   2   4   5   6   0   2   4  0.11 0.12
   59 P    -1   0   0   0   2   0   0  -1   2   0  -1   0   2   1   0  -1   0   4   1  -1    5   5   5   5   5   5   5   5   5   5   5   5   5   5   5   5   5   5   5   5  0.09 0.08
   60 T     0   0   1   0   0   0   0   1   0  -1   0   0  -1  -1   0   1   0  -1   0   0    8   4   8   5   2   3   6  10   2   3   9   5   1   2   4  13   4   1   4   6  0.04 0.05
   61 Q     0   0   2   1  -1   0  -1   2   0  -2  -2   0  -1  -3   1   2   0  -3  -1  -1    7   5  10   6   1   3   4  16   2   2   4   5   1   1   6  15   4   0   2   4  0.14 0.11
   62 G    -1   1   0  -1  -2  -1  -1   4  -1  -2  -2   2  -2  -3   0  -1  -2  -3  -2  -1    5   8   4   4   1   3   3  33   2   2   3  13   1   1   5   4   2   0   1   5  0.36 0.21
   63 N     0   1   1  -1  -1   0  -1  -1   1   0  -1   1   1  -1   0   0   0   3   0   1    6   7   8   2   2   4   2   4   5   5   6  10   5   2   5   6   4   4   3  11  0.06 0.07
   64 P    -1   1  -1  -2  -2  -2  -2  -2  -1  -1  -1  -1   1  -1   5  -1   1  -3  -2   1    6   7   3   2   1   1   2   3   2   4   7   4   3   3  27   4   8   0   1  10  0.38 0.23
   65 L     0  -1  -1  -1  -2   0  -1  -1  -2   0   2  -1   0   0   1  -1   2   0  -1   0    5   2   2   2   0   4   4   4   0   5  27   4   2   3   6   4  16   1   1   8  0.10 0.11
   66 P     0  -3  -3  -3   0  -3  -3  -3  -3   1   2  -3   0   0   5  -1  -1  -3  -1   1    7   1   1   1   2   1   1   1   0   7  25   1   2   4  28   4   3   0   2  10  0.51 0.25
   67 P    -2  -5  -5  -5  -5  -4  -4  -1  -5  -2  -3  -4  -5  -2   8  -4  -4  -6  -5  -5    3   0   0   0   0   0   0   6   0   3   3   0   0   2  79   0   0   0   0   0  2.23 0.77
   68 Q    -1   1  -2  -3  -1   6  -1   1   1   0  -2  -1  -1  -2  -4  -2  -3  -4  -3  -1    4   7   1   0   2  46   1  11   3   7   4   2   2   2   0   1   0   0   0   5  0.70 0.43
   69 I    -2  -3  -5  -5  -3  -4  -4  -5  -4   4   3  -4   2   2  -4  -4  -2  -3   0   3    2   2   0   0   0   0   0   0   0  32  24   0   4   9   0   0   2   0   3  21  0.68 0.33
   70 F    -2   0  -4  -5  -1  -2  -4  -5   0  -1   0  -2   0   7  -5  -4  -4   0   2   1    3   6   0   0   1   1   1   1   2   3   8   2   2  53   0   1   0   1   7   8  1.03 0.43
   71 N    -1  -1   2  -2  -1   0  -1  -1  -1   2  -1   0   0   0  -3  -1  -2  -3  -1   3    2   3  13   1   1   4   3   6   2  16   4   5   2   3   0   4   0   0   2  27  0.18 0.18
   72 G    -2  -1   2   4  -2  -1   2   3   0  -4  -4   1  -1  -2  -4  -2  -3  -5  -2  -3    1   4  11  27   1   1  12  22   2   1   1  10   1   2   0   0   0   0   1   2  0.56 0.34
   73 D    -2  -3   1   4  -5  -2   1   5  -2  -5  -5  -2  -3  -4  -4  -1  -2  -5  -5  -4    2   1   6  24   0   1  11  43   1   0   1   2   1   1   0   3   3   0   0   1  0.90 0.46
   74 R    -2   2   0   2  -3   1   4  -3   1  -2  -1   1   1  -2  -3  -1   0  -1  -1  -1    1  10   3  11   1   6  28   1   3   2   5  10   4   2   0   2   5   1   2   4  0.34 0.26
   75 Y    -3  -3  -3  -5  -1  -4  -5  -4   3   0   0  -4  -3   3  -2  -3  -4   4   7   1    1   1   1   0   1   0   0   1   7   6   8   1   0  12   2   1   0   5  43  10  1.12 0.54
   76 C    -3  -1  -5  -5   5  -4  -4  -5  -3   4   2  -2   0  -1  -2  -3  -2   0  -2   2    1   4   0   0  12   0   0   0   1  31  21   3   1   2   2   1   1   1   1  16  0.63 0.34
   77 G    -2  -5  -4  -5   0  -5  -5   7  -5  -6  -6  -5  -6  -6  -5  -2  -5  -6  -6  -6    3   0   0   0   2   0   0  89   0   0   0   0   0   0   0   3   0   0   0   0  2.17 0.78
   78 D     0   0   1   0   2   1   0   0  -2   0  -1  -1  -1   0   1   0   0  -3  -2   0    7   7   7   7   6   7   7   7   0   7   7   0   0   6   7   7   7   0   0   7  0.05 0.08
   79 Y    -1  -1  -1  -1   1  -1  -3  -2   1  -1  -1  -1   1   3  -4  -1   0   5   5  -1    6   3   3   3   3   3   0   3   3   4   5   3   4  14   0   4   7   7  19   4  0.37 0.29
   80 D    -2  -2   1   5   0   0   4  -4   0  -3  -3  -1  -1  -2  -2  -2  -1  -5  -1  -2    2   2   6  31   2   4  28   0   2   2   2   4   2   2   2   2   3   0   2   3  0.68 0.48
   81 S    -1  -1  -1   4  -1   0   3  -1  -1  -2  -3   0   0  -2  -4   0   0  -5  -2  -3    4   3   1  26   1   4  24   5   1   3   2   5   3   1   0   6   5   0   2   2  0.46 0.39
   82 F    -2  -5  -5  -6   0  -5  -5  -5  -4   3   2  -5   1   6  -5  -2  -2  -3   2   2    4   0   0   0   2   0   0   0   0  15  20   0   2  30   0   3   3   0   6  14  0.81 0.45
   83 F    -1  -1  -2   2  -2   2   4  -3   0  -2  -1  -1   1   2  -4  -1  -2  -4   0   0    3   3   1  11   1   8  30   1   2   2   5   4   3   9   0   4   2   0   4   6  0.35 0.31
   84 E     0   1  -1   1  -5   2   5  -3   0  -3  -3   1  -1  -3  -4  -1  -1  -5   0  -3    7   7   2   7   0   7  38   1   2   2   3   7   2   1   0   3   4   0   3   2  0.51 0.41
   85 S     4  -2  -5  -5  -4  -3  -3  -4   0  -1   2  -4   3  -2  -5  -1  -3   4  -4  -1   43   2   0   0   0   1   1   0   2   3  23   0   6   1   0   4   1   6   0   3  0.70 0.51
   86 K    -1  -2   5   1  -2  -2   0  -2   2   0  -2  -1  -2  -2  -5  -2  -2  -5  -1   3    4   1  30   8   1   1   6   3   6   4   4   3   1   2   0   1   2   0   2  21  0.46 0.38
   87 E    -3   0  -2   1  -8   0   7  -5  -2  -7  -4  -1  -3  -7  -5  -3  -4  -7  -6  -5    2   5   2   6   0   2  73   1   1   0   2   3   1   0   0   1   1   0   0   1  1.64 0.86
   88 S    -1  -1   2   2  -1   1   1  -2  -1  -1  -2  -1   1   1  -3   1   0   0   1  -2    5   3  10  14   2   5  11   2   1   3   4   3   4   6   0  14   7   1   5   2  0.18 0.21
   89 N    -3  -3   2   3  -3  -2   0   6  -1  -7  -6  -1  -3  -6  -5  -2  -5  -2   0  -6    1   1  11  14   1   2   6  52   2   0   1   4   1   0   0   2   0   1   3   0  1.08 0.60
   90 T    -2   2   0  -1   0   1   5  -4  -1  -2  -3   2  -2  -4  -4  -1   1  -2  -2  -3    3  10   4   3   2   7  36   1   1   2   3  12   1   1   0   3  10   1   2   2  0.55 0.41
   91 V    -5  -6  -7  -7  -5  -2  -6  -7  -7   1   6  -6   0  -1  -3  -4  -5  -1  -5   1    0   0   0   0   0   2   0   0   0   6  77   0   2   2   2   1   0   1   0   7  1.53 0.73
   92 F    -1   2  -1   3  -5   1   3  -2  -1  -2  -2   1   0   1  -1  -1  -1   0   1  -2    4  10   3  17   0   4  19   3   1   2   3   9   2   6   3   3   2   1   6   2  0.27 0.23
   93 S     0  -1  -2   1  -5   3   4  -3  -1  -3  -3   2  -2  -4  -1   1  -1  -2  -4  -1    7   2   1   7   0  15  25   2   1   1   2  14   1   1   3  10   4   0   0   4  0.45 0.36
   94 F    -4  -4  -4  -7  -5  -4  -4  -7   0   0   3  -4   2   7  -4  -4  -3   4   0  -1    1   1   1   0   0   1   1   0   2   4  22   1   5  46   1   1   2   5   2   3  1.21 0.61
   95 L    -4  -6  -7  -7  -1  -6  -7  -7  -7  -1   6  -6  -1   2  -3  -6  -5  -5  -4  -1    1   0   0   0   1   0   0   0   0   3  81   0   1   8   2   0   0   0   0   2  1.71 0.78
   96 G    -3   4  -2  -2  -2   1  -1   3  -1  -6  -5   5  -5  -6  -5  -4  -4  -6  -5  -6    1  23   1   2   1   6   3  23   1   0   1  37   0   0   0   0   1   0   0   0  1.05 0.55
   97 L    -4  -2  -4  -3  -4  -2  -3   0  -5   2   5  -4   2  -1  -3  -3  -2  -4  -4   1    0   2   1   2   0   1   2   7   0  13  54   0   4   2   1   1   1   0   0   7  0.71 0.39
   98 K     0  -1   0   3  -4  -1   2  -3  -3   0  -1   1  -1  -1   2  -1   0  -4  -2   0    9   2   3  20   0   1  14   0   0   6   7   9   2   2   8   2   7   0   1   5  0.22 0.18
   99 P    -2  -1  -3   0  -6  -1   0  -2  -3  -4  -4  -2  -5  -6   7  -2   0  -6  -6  -3    3   4   1   5   0   2   6   3   1   1   1   2   0   0  62   3   5   0   0   2  1.50 0.59
  100 R     1   1   0   0  -4   0   2  -3  -3  -3  -3   1  -2  -4   4   0  -1  -5  -3  -1   11   9   5   5   0   3  12   1   0   1   1   8   1   0  25   8   3   0   1   5  0.44 0.25
  101 L    -1   0  -1   0  -4   0   0  -3  -3  -2  -1   2   0  -4   4   1  -1   1  -1   0    5   5   2   4   0   3   5   0   0   2   6  16   2   0  24   9   4   2   2   9  0.35 0.23
  102 A     2  -1  -1   0  -1  -1   1   2  -1  -3  -4   0  -3  -4   1   1   2  -4  -3  -2   19   2   2   6   1   1   9  18   1   1   0   6   0   0   8  12  13   0   0   1  0.30 0.21
  103 S     0  -1  -1  -3  -1   0   1  -2  -3  -4  -4   0  -4  -3   3   4   2  -5  -4  -3    8   2   1   0   1   4   7   1   0   0   0   5   0   1  17  39  12   0   0   1  0.63 0.37
  104 K    -2   1   0  -1  -4   1   2   0  -2  -1  -3   4  -2  -2   0   0   0  -4  -3  -2    1   7   3   2   0   4  11   6   0   4   2  40   1   2   4   5   7   0   0   1  0.40 0.25
  105 A     2  -2  -1   0  -3   0   3  -1  -2  -1  -2  -1  -2   0   1   2   0  -4  -3   0   21   0   2   5   0   3  24   3   0   4   2   1   0   5   6  15   3   0   0   7  0.25 0.20
  106 E     0   0  -1   2  -4   1   5  -1  -2  -4  -4   1  -3  -4   0   0  -1  -4  -2  -2    8   5   1   9   0   6  43   5   0   0   0   9   0   0   4   3   3   0   1   3  0.49 0.22
  107 P    -3  -4  -4  -3  -5  -3  -3  -4  -4  -5  -5  -3  -5  -6   9  -3  -3  -6  -5  -4    0   0   0   0   0   0   0   0   0   0   0   0   0   0 100   0   0   0   0   0  2.76 0.43

                      K         Lambda
Standard Ungapped    0.1344     0.3170
Standard Gapped      0.0515     0.2670
PSI Ungapped         0.1682     0.3177
PSI Gapped           0.0515     0.2670
